  300   3322
0 188
0 214
0 224
0 230
0 235
0 236
0 240
0 247
0 248
0 257
0 262
0 264
0 270
0 278
0 281
0 291
0 16
0 32
0 38
0 49
0 62
0 71
0 103
0 107
0 117
0 118
0 125
0 130
0 135
0 150
1 150
1 164
1 184
1 194
1 195
1 241
1 244
1 248
1 250
1 260
1 267
1 277
1 280
1 290
1 297
1 299
1 13
1 20
1 33
1 34
1 62
1 75
1 76
1 80
1 95
1 96
1 102
1 112
1 119
1 129
1 136
1 151
2 151
2 166
2 173
2 182
2 199
2 207
2 215
2 225
2 236
2 237
2 240
2 254
2 268
2 272
2 274
2 279
2 293
2 294
2 295
2 4
2 12
2 17
2 55
2 59
2 61
2 68
2 73
2 74
2 88
2 100
2 102
2 113
2 117
2 135
2 145
2 148
2 152
3 161
3 170
3 184
3 190
3 191
3 193
3 196
3 203
3 209
3 210
3 214
3 236
3 240
3 251
3 269
3 271
3 291
3 12
3 35
3 49
3 56
3 68
3 71
3 73
3 74
3 87
3 91
3 95
3 105
3 111
3 116
3 117
3 124
3 125
3 127
3 131
3 132
3 143
3 153
4 166
4 188
4 191
4 197
4 206
4 212
4 216
4 218
4 227
4 232
4 238
4 274
4 286
4 2
4 17
4 21
4 34
4 44
4 60
4 64
4 73
4 79
4 83
4 129
4 130
4 137
4 154
5 151
5 155
5 174
5 178
5 184
5 192
5 205
5 209
5 238
5 249
5 266
5 269
5 278
5 287
5 290
5 22
5 46
5 68
5 71
5 79
5 86
5 89
5 94
5 102
5 117
5 125
6 151
6 169
6 182
6 183
6 189
6 193
6 203
6 209
6 221
6 224
6 248
6 262
6 266
6 269
6 277
6 279
6 288
6 291
6 294
6 19
6 30
6 35
6 38
6 39
6 40
6 54
6 72
6 81
6 84
6 101
6 119
6 138
6 147
6 156
7 169
7 172
7 174
7 189
7 191
7 194
7 197
7 198
7 200
7 202
7 203
7 204
7 210
7 227
7 239
7 250
7 277
7 289
7 293
7 16
7 32
7 49
7 52
7 59
7 101
7 122
7 124
7 125
7 137
7 148
7 157
8 159
8 170
8 196
8 199
8 205
8 238
8 239
8 243
8 244
8 254
8 255
8 271
8 276
8 277
8 287
8 288
8 15
8 16
8 60
8 64
8 65
8 80
8 112
8 113
8 158
9 154
9 155
9 156
9 163
9 185
9 189
9 194
9 211
9 219
9 222
9 226
9 232
9 251
9 256
9 263
9 266
9 280
9 284
9 285
9 288
9 295
9 21
9 37
9 50
9 57
9 95
9 113
9 117
9 136
9 159
10 151
10 163
10 170
10 186
10 206
10 208
10 224
10 230
10 239
10 17
10 26
10 58
10 65
10 69
10 89
10 117
10 130
10 132
10 160
11 151
11 173
11 179
11 189
11 192
11 198
11 200
11 203
11 206
11 207
11 208
11 210
11 219
11 229
11 235
11 238
11 241
11 258
11 291
11 292
11 21
11 23
11 35
11 48
11 51
11 54
11 55
11 60
11 78
11 79
11 92
11 110
11 128
11 161
12 160
12 256
12 279
12 291
12 2
12 3
12 16
12 20
12 21
12 25
12 46
12 72
12 126
12 131
12 145
12 162
13 174
13 186
13 200
13 209
13 254
13 255
13 257
13 258
13 274
13 276
13 281
13 285
13 288
13 299
13 1
13 56
13 66
13 110
13 117
13 121
13 122
13 137
13 163
14 167
14 180
14 198
14 210
14 227
14 239
14 249
14 259
14 269
14 275
14 277
14 294
14 295
14 19
14 95
14 108
14 121
14 137
14 138
14 164
15 160
15 165
15 169
15 177
15 179
15 185
15 191
15 198
15 200
15 207
15 222
15 232
15 244
15 246
15 250
15 252
15 273
15 8
15 26
15 30
15 33
15 35
15 48
15 54
15 55
15 56
15 57
15 58
15 65
15 78
15 81
15 95
15 97
15 107
15 110
15 125
15 132
15 137
15 140
15 143
16 150
16 152
16 161
16 163
16 169
16 185
16 196
16 200
16 208
16 212
16 220
16 221
16 223
16 237
16 246
16 262
16 263
16 275
16 296
16 0
16 7
16 8
16 12
16 24
16 63
16 103
16 105
16 118
16 120
16 126
16 166
17 169
17 170
17 175
17 184
17 199
17 212
17 213
17 221
17 230
17 239
17 259
17 267
17 268
17 289
17 2
17 4
17 10
17 22
17 31
17 43
17 44
17 71
17 74
17 76
17 91
17 97
17 116
17 118
17 132
17 134
17 138
17 146
17 167
18 183
18 184
18 186
18 197
18 207
18 236
18 239
18 245
18 259
18 260
18 270
18 282
18 299
18 22
18 34
18 59
18 60
18 66
18 73
18 75
18 77
18 79
18 82
18 85
18 90
18 108
18 109
18 111
18 118
18 122
18 168
19 153
19 154
19 175
19 178
19 189
19 200
19 201
19 205
19 221
19 222
19 252
19 258
19 261
19 272
19 277
19 280
19 298
19 6
19 14
19 22
19 81
19 100
19 128
19 131
19 139
19 169
20 153
20 155
20 175
20 179
20 207
20 210
20 212
20 220
20 226
20 227
20 240
20 242
20 248
20 249
20 268
20 277
20 287
20 289
20 298
20 1
20 12
20 23
20 52
20 56
20 65
20 72
20 76
20 83
20 90
20 96
20 105
20 116
20 122
20 170
21 150
21 152
21 159
21 163
21 184
21 186
21 205
21 207
21 212
21 225
21 227
21 242
21 255
21 265
21 266
21 270
21 273
21 276
21 283
21 4
21 9
21 11
21 12
21 28
21 38
21 45
21 48
21 63
21 78
21 99
21 102
21 108
21 171
22 163
22 182
22 188
22 192
22 215
22 222
22 223
22 226
22 247
22 274
22 288
22 293
22 298
22 5
22 17
22 18
22 19
22 30
22 71
22 91
22 99
22 110
22 113
22 119
22 122
22 123
22 131
22 172
23 156
23 163
23 185
23 186
23 193
23 210
23 211
23 219
23 220
23 225
23 235
23 246
23 250
23 272
23 274
23 277
23 280
23 293
23 298
23 11
23 20
23 28
23 29
23 37
23 44
23 63
23 76
23 86
23 88
23 101
23 113
23 141
23 149
23 173
24 161
24 172
24 182
24 189
24 192
24 217
24 226
24 234
24 242
24 243
24 244
24 245
24 272
24 278
24 282
24 288
24 16
24 34
24 51
24 57
24 63
24 78
24 90
24 112
24 122
24 123
24 136
24 137
24 140
24 174
25 173
25 189
25 240
25 242
25 247
25 265
25 284
25 290
25 292
25 294
25 12
25 33
25 83
25 86
25 91
25 93
25 96
25 112
25 125
25 134
25 135
25 136
25 175
26 159
26 165
26 173
26 195
26 210
26 213
26 214
26 221
26 223
26 224
26 226
26 227
26 243
26 245
26 266
26 295
26 10
26 15
26 39
26 42
26 86
26 89
26 90
26 107
26 117
26 120
26 134
26 135
26 136
26 176
27 154
27 157
27 178
27 184
27 190
27 201
27 202
27 207
27 213
27 245
27 251
27 260
27 263
27 265
27 289
27 38
27 40
27 50
27 61
27 81
27 88
27 117
27 121
27 125
27 130
27 136
27 145
27 177
28 161
28 162
28 181
28 189
28 191
28 200
28 212
28 218
28 220
28 253
28 264
28 283
28 297
28 21
28 23
28 34
28 36
28 59
28 61
28 74
28 87
28 90
28 114
28 143
28 178
29 175
29 181
29 187
29 199
29 202
29 204
29 230
29 232
29 240
29 247
29 248
29 254
29 274
29 275
29 288
29 289
29 23
29 41
29 45
29 71
29 79
29 87
29 88
29 98
29 100
29 102
29 114
29 122
29 136
29 179
30 154
30 170
30 171
30 180
30 193
30 196
30 197
30 200
30 220
30 230
30 237
30 238
30 239
30 242
30 253
30 259
30 264
30 293
30 299
30 6
30 15
30 22
30 32
30 59
30 66
30 69
30 77
30 88
30 95
30 102
30 134
30 141
31 152
31 176
31 179
31 183
31 195
31 213
31 224
31 235
31 237
31 258
31 261
31 262
31 263
31 266
31 283
31 285
31 294
31 295
31 17
31 40
31 41
31 47
31 78
31 81
31 88
31 94
31 103
31 109
31 111
31 139
31 181
32 154
32 158
32 162
32 166
32 168
32 190
32 198
32 201
32 208
32 218
32 220
32 227
32 237
32 248
32 251
32 260
32 277
32 280
32 286
32 290
32 297
32 298
32 0
32 7
32 30
32 95
32 101
32 106
32 107
32 110
32 116
32 135
32 137
32 182
33 153
33 172
33 173
33 176
33 180
33 181
33 189
33 195
33 196
33 208
33 215
33 221
33 235
33 238
33 241
33 253
33 260
33 275
33 282
33 283
33 288
33 293
33 1
33 15
33 25
33 61
33 63
33 74
33 76
33 77
33 79
33 84
33 96
33 109
33 117
33 183
34 172
34 176
34 181
34 184
34 187
34 191
34 200
34 219
34 230
34 242
34 1
34 4
34 18
34 24
34 28
34 45
34 64
34 81
34 86
34 99
34 130
34 140
35 163
35 172
35 178
35 187
35 203
35 213
35 220
35 235
35 239
35 245
35 251
35 252
35 283
35 297
35 3
35 6
35 11
35 15
35 43
35 51
35 52
35 56
35 61
35 70
35 85
35 100
35 102
35 108
35 116
35 126
35 136
35 144
35 147
35 185
36 155
36 162
36 163
36 174
36 177
36 181
36 182
36 186
36 193
36 201
36 216
36 232
36 243
36 280
36 286
36 287
36 289
36 295
36 298
36 28
36 41
36 44
36 48
36 74
36 83
36 89
36 101
36 106
36 113
36 133
36 146
37 156
37 170
37 171
37 178
37 189
37 216
37 226
37 237
37 246
37 267
37 270
37 272
37 9
37 23
37 47
37 55
37 62
37 69
37 80
37 112
37 113
37 121
37 123
37 140
37 145
37 187
38 153
38 158
38 162
38 188
38 194
38 204
38 215
38 216
38 225
38 229
38 230
38 233
38 240
38 250
38 255
38 256
38 261
38 264
38 272
38 0
38 6
38 21
38 27
38 60
38 67
38 74
38 86
38 108
39 162
39 189
39 193
39 197
39 199
39 204
39 212
39 234
39 251
39 254
39 259
39 262
39 265
39 267
39 279
39 281
39 289
39 6
39 26
39 52
39 60
39 75
39 80
39 81
39 87
39 95
39 103
39 114
39 127
39 144
39 146
40 152
40 153
40 169
40 170
40 172
40 196
40 202
40 204
40 206
40 230
40 240
40 257
40 259
40 264
40 274
40 281
40 286
40 287
40 290
40 291
40 295
40 296
40 6
40 27
40 31
40 81
40 92
40 101
40 109
40 130
40 133
40 144
40 190
41 171
41 183
41 186
41 191
41 198
41 223
41 229
41 232
41 236
41 258
41 268
41 270
41 276
41 29
41 31
41 36
41 47
41 83
41 87
41 102
41 145
42 155
42 159
42 163
42 166
42 167
42 178
42 181
42 182
42 183
42 196
42 199
42 206
42 207
42 216
42 239
42 253
42 260
42 275
42 283
42 288
42 299
42 26
42 53
42 54
42 59
42 63
42 89
42 105
42 108
42 124
42 130
42 149
42 192
43 158
43 186
43 195
43 196
43 211
43 215
43 220
43 259
43 263
43 264
43 275
43 282
43 283
43 284
43 17
43 35
43 72
43 88
43 114
43 126
43 142
43 193
44 150
44 151
44 152
44 156
44 165
44 172
44 176
44 211
44 214
44 215
44 231
44 232
44 237
44 245
44 253
44 255
44 271
44 4
44 17
44 23
44 36
44 53
44 70
44 86
44 96
44 103
44 130
44 135
44 194
45 155
45 172
45 221
45 231
45 235
45 240
45 260
45 266
45 273
45 278
45 281
45 287
45 296
45 21
45 29
45 34
45 58
45 59
45 79
45 91
45 120
45 123
45 131
45 147
45 195
46 162
46 175
46 186
46 199
46 202
46 205
46 229
46 249
46 270
46 289
46 298
46 5
46 12
46 54
46 65
46 67
46 79
46 116
46 122
46 126
46 143
46 147
46 196
47 151
47 153
47 168
47 170
47 185
47 191
47 226
47 248
47 251
47 253
47 258
47 270
47 288
47 294
47 31
47 37
47 41
47 64
47 78
47 83
47 92
47 108
47 115
47 130
47 141
47 144
47 197
48 166
48 170
48 176
48 211
48 213
48 218
48 222
48 223
48 226
48 232
48 245
48 258
48 259
48 260
48 265
48 274
48 276
48 288
48 297
48 11
48 15
48 21
48 36
48 57
48 60
48 71
48 72
48 73
48 74
48 76
48 90
48 97
48 114
48 118
48 131
48 137
48 198
49 158
49 169
49 174
49 198
49 223
49 229
49 238
49 258
49 287
49 288
49 299
49 0
49 3
49 7
49 56
49 83
49 98
49 108
49 126
49 129
49 135
49 140
49 144
49 199
50 153
50 167
50 176
50 197
50 198
50 208
50 215
50 241
50 248
50 264
50 298
50 9
50 27
50 58
50 64
50 67
50 78
50 104
50 117
50 125
50 134
50 138
50 139
50 140
50 146
50 148
50 200
51 153
51 162
51 180
51 191
51 204
51 218
51 230
51 233
51 259
51 269
51 271
51 289
51 11
51 24
51 35
51 63
51 65
51 85
51 98
51 106
51 110
51 127
51 139
51 201
52 150
52 152
52 207
52 219
52 232
52 240
52 251
52 257
52 258
52 261
52 262
52 274
52 279
52 293
52 297
52 7
52 20
52 35
52 39
52 91
52 93
52 96
52 107
52 127
52 137
52 202
53 164
53 166
53 181
53 194
53 213
53 219
53 227
53 235
53 248
53 259
53 269
53 292
53 42
53 44
53 58
53 100
53 104
53 110
53 115
53 119
53 135
53 142
53 146
53 149
53 203
54 150
54 167
54 174
54 176
54 189
54 201
54 207
54 208
54 210
54 229
54 231
54 234
54 245
54 247
54 264
54 266
54 272
54 281
54 6
54 11
54 15
54 42
54 46
54 81
54 104
54 109
54 113
54 133
54 139
54 142
54 204
55 150
55 152
55 153
55 160
55 173
55 177
55 181
55 186
55 191
55 208
55 215
55 223
55 224
55 237
55 251
55 252
55 254
55 255
55 256
55 269
55 274
55 2
55 11
55 15
55 37
55 70
55 82
55 104
55 113
55 149
55 205
56 157
56 171
56 179
56 185
56 188
56 189
56 190
56 195
56 227
56 241
56 257
56 286
56 296
56 3
56 13
56 15
56 20
56 35
56 49
56 71
56 98
56 206
57 152
57 178
57 186
57 187
57 196
57 203
57 208
57 213
57 225
57 227
57 228
57 238
57 239
57 245
57 249
57 259
57 262
57 266
57 267
57 270
57 276
57 284
57 9
57 15
57 24
57 48
57 62
57 91
57 95
57 101
57 113
57 117
57 119
57 134
57 142
57 144
57 145
57 148
57 207
58 151
58 153
58 154
58 157
58 167
58 196
58 198
58 200
58 203
58 206
58 210
58 215
58 227
58 231
58 236
58 249
58 251
58 260
58 264
58 285
58 289
58 10
58 15
58 45
58 50
58 53
58 68
58 73
58 79
58 87
58 90
58 110
58 119
58 129
58 141
58 208
59 152
59 160
59 167
59 192
59 200
59 208
59 236
59 238
59 262
59 264
59 290
59 2
59 7
59 18
59 28
59 30
59 42
59 45
59 60
59 68
59 69
59 97
59 100
59 102
59 124
59 126
59 134
59 136
59 141
59 209
60 153
60 168
60 178
60 209
60 211
60 220
60 247
60 250
60 269
60 277
60 290
60 293
60 295
60 298
60 4
60 8
60 11
60 18
60 38
60 39
60 48
60 59
60 73
60 75
60 92
60 110
60 127
60 210
61 153
61 165
61 177
61 188
61 197
61 200
61 215
61 217
61 225
61 228
61 233
61 234
61 250
61 252
61 261
61 266
61 276
61 285
61 297
61 2
61 27
61 28
61 33
61 35
61 66
61 67
61 70
61 74
61 83
61 111
61 126
61 134
61 145
61 211
62 153
62 161
62 180
62 196
62 203
62 210
62 211
62 214
62 226
62 238
62 255
62 260
62 264
62 267
62 286
62 287
62 292
62 0
62 1
62 37
62 57
62 90
62 147
62 148
62 212
63 153
63 172
63 176
63 195
63 209
63 213
63 215
63 223
63 251
63 264
63 290
63 292
63 16
63 21
63 23
63 24
63 33
63 42
63 51
63 70
63 85
63 116
64 152
64 156
64 182
64 194
64 196
64 224
64 227
64 249
64 257
64 262
64 263
64 265
64 278
64 285
64 288
64 299
64 4
64 8
64 34
64 47
64 50
64 65
64 90
64 115
64 124
64 132
64 214
65 160
65 162
65 178
65 186
65 192
65 214
65 221
65 232
65 276
65 284
65 291
65 295
65 297
65 8
65 10
65 15
65 20
65 46
65 51
65 64
65 77
65 111
65 119
65 121
65 136
65 149
65 215
66 158
66 182
66 192
66 213
66 217
66 219
66 222
66 236
66 243
66 258
66 267
66 283
66 291
66 297
66 13
66 18
66 30
66 61
66 72
66 73
66 131
66 136
66 216
67 152
67 156
67 168
67 186
67 210
67 211
67 220
67 243
67 244
67 246
67 264
67 299
67 38
67 46
67 50
67 61
67 82
67 93
67 97
67 114
67 120
67 125
67 217
68 161
68 164
68 188
68 192
68 193
68 196
68 208
68 210
68 222
68 242
68 244
68 254
68 257
68 260
68 280
68 286
68 2
68 3
68 5
68 58
68 59
68 82
68 85
68 87
68 100
68 218
69 179
69 184
69 185
69 208
69 230
69 237
69 242
69 245
69 246
69 247
69 250
69 252
69 258
69 259
69 278
69 288
69 10
69 30
69 37
69 59
69 74
69 97
69 103
69 113
69 124
69 133
69 145
69 147
69 219
70 152
70 172
70 176
70 178
70 180
70 187
70 188
70 189
70 197
70 201
70 202
70 242
70 279
70 299
70 35
70 44
70 55
70 61
70 63
70 92
70 98
70 105
70 115
70 144
70 149
70 220
71 167
71 175
71 177
71 181
71 194
71 205
71 210
71 226
71 230
71 252
71 280
71 288
71 289
71 293
71 0
71 3
71 5
71 17
71 22
71 29
71 48
71 56
71 80
71 105
71 114
71 221
72 169
72 189
72 194
72 197
72 219
72 243
72 257
72 271
72 272
72 274
72 299
72 6
72 12
72 20
72 43
72 48
72 66
72 80
72 91
72 101
72 104
72 116
72 122
72 126
72 137
72 222
73 152
73 154
73 155
73 172
73 178
73 185
73 189
73 200
73 203
73 211
73 215
73 225
73 226
73 229
73 232
73 253
73 256
73 270
73 277
73 282
73 291
73 292
73 295
73 2
73 3
73 4
73 18
73 48
73 58
73 60
73 66
73 104
73 123
73 135
73 223
74 171
74 172
74 201
74 203
74 223
74 232
74 235
74 247
74 262
74 264
74 275
74 287
74 2
74 3
74 17
74 28
74 33
74 36
74 38
74 48
74 61
74 69
74 85
74 88
74 90
74 92
74 113
74 114
74 145
74 224
75 150
75 152
75 174
75 180
75 197
75 211
75 228
75 242
75 282
75 292
75 299
75 1
75 18
75 39
75 60
75 98
75 105
75 114
75 133
75 146
75 225
76 156
76 168
76 171
76 177
76 191
76 194
76 198
76 203
76 243
76 248
76 250
76 251
76 263
76 293
76 298
76 299
76 1
76 17
76 20
76 23
76 33
76 48
76 95
76 125
76 141
76 226
77 158
77 160
77 169
77 173
77 189
77 209
77 232
77 250
77 255
77 264
77 265
77 271
77 272
77 293
77 18
77 30
77 33
77 65
77 108
77 141
77 144
77 148
77 227
78 153
78 165
78 209
78 214
78 219
78 234
78 241
78 257
78 267
78 280
78 11
78 15
78 21
78 24
78 31
78 47
78 50
78 102
78 110
78 112
78 133
78 228
79 152
79 162
79 165
79 176
79 189
79 199
79 211
79 217
79 228
79 240
79 241
79 243
79 246
79 248
79 257
79 264
79 270
79 271
79 273
79 281
79 4
79 5
79 11
79 18
79 29
79 33
79 45
79 46
79 58
79 84
79 116
79 132
79 133
79 135
79 229
80 160
80 166
80 177
80 178
80 188
80 190
80 196
80 201
80 240
80 242
80 245
80 268
80 270
80 283
80 284
80 1
80 8
80 37
80 39
80 71
80 72
80 96
80 107
80 126
80 131
80 145
80 146
80 149
80 230
81 150
81 169
81 180
81 182
81 194
81 196
81 212
81 226
81 229
81 236
81 243
81 255
81 261
81 6
81 15
81 19
81 27
81 31
81 34
81 39
81 40
81 54
81 87
81 108
81 111
81 114
81 118
81 121
81 140
81 148
81 231
82 170
82 194
82 202
82 233
82 251
82 270
82 274
82 291
82 18
82 55
82 67
82 68
82 136
82 232
83 174
83 186
83 194
83 198
83 211
83 220
83 231
83 233
83 235
83 236
83 249
83 256
83 259
83 262
83 265
83 293
83 294
83 298
83 4
83 20
83 25
83 36
83 41
83 47
83 49
83 61
83 93
83 102
83 120
83 138
83 145
84 166
84 172
84 187
84 206
84 212
84 217
84 218
84 223
84 254
84 259
84 261
84 280
84 282
84 285
84 286
84 287
84 290
84 291
84 6
84 33
84 79
84 94
84 148
84 234
85 151
85 155
85 168
85 188
85 189
85 196
85 199
85 200
85 208
85 221
85 233
85 250
85 261
85 264
85 279
85 280
85 284
85 286
85 18
85 35
85 51
85 63
85 68
85 74
85 95
85 106
85 109
85 125
85 127
85 134
85 142
85 235
86 154
86 166
86 176
86 193
86 195
86 208
86 209
86 212
86 218
86 222
86 230
86 238
86 261
86 262
86 272
86 279
86 286
86 287
86 294
86 5
86 23
86 25
86 26
86 34
86 38
86 44
86 89
86 102
86 118
86 135
86 139
86 236
87 150
87 152
87 156
87 185
87 193
87 204
87 233
87 234
87 253
87 260
87 283
87 290
87 291
87 294
87 3
87 28
87 29
87 39
87 41
87 58
87 68
87 81
87 90
87 112
87 113
87 128
87 132
87 134
87 237
88 163
88 171
88 177
88 187
88 195
88 200
88 207
88 225
88 227
88 241
88 242
88 252
88 262
88 269
88 271
88 272
88 276
88 2
88 23
88 27
88 29
88 30
88 31
88 43
88 74
88 94
88 99
88 100
88 101
88 102
88 121
88 134
88 238
89 171
89 174
89 182
89 185
89 186
89 192
89 209
89 229
89 251
89 257
89 289
89 5
89 10
89 26
89 36
89 42
89 86
89 92
89 101
89 110
89 115
89 239
90 155
90 156
90 160
90 173
90 180
90 181
90 189
90 198
90 206
90 223
90 227
90 249
90 255
90 260
90 295
90 18
90 20
90 24
90 26
90 28
90 48
90 58
90 62
90 64
90 74
90 87
90 92
90 95
90 107
90 131
90 137
90 145
90 240
91 169
91 200
91 202
91 204
91 212
91 218
91 220
91 237
91 239
91 248
91 256
91 260
91 281
91 290
91 297
91 3
91 17
91 22
91 25
91 45
91 52
91 57
91 72
91 110
91 121
91 130
91 144
91 241
92 172
92 180
92 193
92 199
92 210
92 230
92 267
92 283
92 287
92 11
92 40
92 47
92 60
92 70
92 74
92 89
92 90
92 242
93 150
93 157
93 165
93 169
93 175
93 179
93 208
93 214
93 246
93 252
93 256
93 269
93 25
93 52
93 67
93 83
93 94
93 114
93 122
93 125
93 243
94 165
94 168
94 172
94 181
94 190
94 202
94 204
94 221
94 253
94 257
94 258
94 260
94 263
94 266
94 294
94 5
94 31
94 84
94 88
94 93
94 112
94 135
94 137
94 149
94 244
95 162
95 200
95 206
95 211
95 212
95 219
95 228
95 235
95 243
95 249
95 253
95 258
95 259
95 294
95 1
95 3
95 9
95 14
95 15
95 30
95 32
95 39
95 57
95 76
95 85
95 90
95 118
95 141
95 146
95 245
96 165
96 166
96 177
96 181
96 189
96 202
96 206
96 213
96 219
96 220
96 222
96 232
96 241
96 256
96 264
96 265
96 273
96 274
96 275
96 284
96 289
96 1
96 20
96 25
96 33
96 44
96 52
96 80
96 98
96 122
96 124
96 137
96 147
96 246
97 154
97 162
97 173
97 182
97 195
97 197
97 204
97 215
97 220
97 229
97 236
97 242
97 244
97 248
97 249
97 261
97 262
97 265
97 275
97 283
97 285
97 292
97 15
97 17
97 48
97 59
97 67
97 69
97 110
97 122
97 123
97 140
97 247
98 159
98 163
98 165
98 170
98 171
98 189
98 217
98 218
98 219
98 224
98 227
98 275
98 280
98 292
98 294
98 299
98 29
98 49
98 51
98 56
98 70
98 75
98 96
98 102
98 111
98 114
98 122
98 127
98 130
98 138
98 248
99 165
99 175
99 176
99 202
99 213
99 245
99 248
99 251
99 259
99 264
99 279
99 280
99 282
99 21
99 22
99 34
99 88
99 102
99 114
99 115
99 120
99 127
99 139
99 145
99 249
100 151
100 160
100 166
100 167
100 173
100 187
100 199
100 213
100 217
100 218
100 233
100 236
100 263
100 267
100 272
100 277
100 281
100 290
100 2
100 19
100 29
100 35
100 53
100 59
100 68
100 88
100 106
100 250
101 152
101 156
101 159
101 164
101 172
101 174
101 177
101 192
101 197
101 201
101 220
101 221
101 273
101 290
101 293
101 6
101 7
101 23
101 32
101 36
101 40
101 57
101 72
101 88
101 89
101 115
101 124
101 128
101 133
101 251
102 152
102 171
102 174
102 175
102 203
102 207
102 215
102 218
102 236
102 243
102 260
102 271
102 280
102 1
102 2
102 5
102 21
102 29
102 30
102 35
102 41
102 59
102 78
102 83
102 86
102 88
102 98
102 99
102 112
102 114
102 122
102 252
103 164
103 173
103 180
103 189
103 202
103 204
103 209
103 227
103 229
103 230
103 235
103 240
103 261
103 277
103 279
103 294
103 0
103 16
103 31
103 39
103 44
103 69
103 115
103 120
103 130
103 132
103 253
104 163
104 166
104 170
104 173
104 175
104 176
104 184
104 211
104 221
104 224
104 228
104 231
104 234
104 235
104 271
104 273
104 298
104 50
104 53
104 54
104 55
104 72
104 73
104 107
104 145
104 149
104 254
105 151
105 154
105 175
105 187
105 191
105 199
105 207
105 211
105 243
105 247
105 248
105 249
105 262
105 275
105 278
105 281
105 290
105 293
105 298
105 3
105 16
105 20
105 42
105 70
105 71
105 75
105 124
105 141
105 149
105 255
106 158
106 159
106 160
106 162
106 183
106 188
106 196
106 208
106 213
106 225
106 231
106 234
106 244
106 246
106 255
106 263
106 272
106 275
106 278
106 279
106 32
106 36
106 51
106 85
106 100
106 122
106 138
106 147
106 256
107 159
107 198
107 215
107 225
107 235
107 236
107 237
107 243
107 260
107 272
107 289
107 0
107 15
107 26
107 32
107 52
107 80
107 90
107 104
107 118
107 133
107 257
108 176
108 187
108 192
108 259
108 268
108 272
108 276
108 279
108 14
108 18
108 21
108 35
108 38
108 42
108 47
108 49
108 77
108 81
108 109
108 115
108 119
108 142
108 148
108 258
109 158
109 176
109 178
109 187
109 190
109 193
109 216
109 227
109 236
109 242
109 278
109 293
109 18
109 31
109 33
109 40
109 54
109 85
109 108
109 127
109 259
110 155
110 174
110 176
110 182
110 187
110 206
110 211
110 213
110 219
110 221
110 243
110 247
110 251
110 282
110 288
110 298
110 11
110 13
110 15
110 22
110 32
110 51
110 53
110 58
110 60
110 78
110 89
110 91
110 97
110 260
111 155
111 173
111 180
111 201
111 205
111 212
111 235
111 238
111 242
111 252
111 258
111 260
111 263
111 291
111 3
111 18
111 31
111 61
111 65
111 81
111 98
111 120
111 132
111 135
111 142
111 261
112 159
112 172
112 182
112 184
112 215
112 219
112 237
112 274
112 288
112 292
112 297
112 1
112 8
112 24
112 25
112 37
112 78
112 87
112 94
112 102
112 118
112 124
112 128
112 262
113 155
113 156
113 158
113 166
113 169
113 186
113 189
113 191
113 225
113 236
113 239
113 262
113 276
113 278
113 290
113 292
113 295
113 2
113 8
113 9
113 22
113 23
113 36
113 37
113 54
113 55
113 57
113 69
113 74
113 87
113 135
113 145
113 263
114 161
114 199
114 218
114 225
114 227
114 233
114 249
114 253
114 265
114 266
114 282
114 288
114 289
114 294
114 28
114 29
114 39
114 43
114 48
114 67
114 71
114 74
114 75
114 81
114 93
114 98
114 99
114 102
114 115
114 120
114 125
114 136
114 139
114 143
114 146
114 264
115 157
115 168
115 172
115 184
115 193
115 211
115 214
115 237
115 239
115 246
115 247
115 265
115 271
115 294
115 47
115 53
115 64
115 70
115 89
115 99
115 101
115 103
115 108
115 114
115 116
115 131
116 163
116 164
116 165
116 167
116 174
116 191
116 194
116 195
116 198
116 208
116 235
116 243
116 278
116 282
116 284
116 295
116 3
116 17
116 20
116 32
116 35
116 46
116 63
116 72
116 79
116 115
116 120
116 128
116 138
116 266
117 160
117 163
117 168
117 186
117 188
117 191
117 220
117 233
117 235
117 244
117 247
117 263
117 265
117 266
117 278
117 279
117 281
117 0
117 2
117 3
117 5
117 9
117 10
117 13
117 26
117 27
117 33
117 50
117 57
117 122
117 267
118 154
118 191
118 198
118 204
118 212
118 225
118 242
118 268
118 0
118 16
118 17
118 18
118 48
118 81
118 86
118 95
118 107
118 112
118 143
118 147
119 167
119 168
119 191
119 197
119 214
119 215
119 218
119 230
119 256
119 260
119 263
119 265
119 296
119 1
119 6
119 22
119 53
119 57
119 58
119 65
119 108
119 148
119 149
119 269
120 153
120 157
120 161
120 189
120 192
120 255
120 294
120 16
120 26
120 45
120 67
120 83
120 99
120 103
120 111
120 114
120 116
120 136
120 137
120 270
121 151
121 163
121 198
121 212
121 213
121 229
121 233
121 234
121 236
121 255
121 13
121 14
121 27
121 37
121 65
121 81
121 88
121 91
121 123
121 125
121 140
121 271
122 168
122 174
122 183
122 184
122 197
122 203
122 211
122 212
122 225
122 242
122 263
122 265
122 275
122 279
122 283
122 292
122 294
122 7
122 13
122 18
122 20
122 22
122 24
122 29
122 46
122 72
122 93
122 96
122 97
122 98
122 102
122 106
122 117
122 131
122 136
122 141
122 142
122 272
123 159
123 168
123 176
123 181
123 206
123 223
123 230
123 261
123 288
123 299
123 22
123 24
123 37
123 45
123 73
123 97
123 121
123 129
123 134
123 141
123 273
124 156
124 169
124 172
124 192
124 196
124 202
124 208
124 216
124 219
124 224
124 227
124 232
124 236
124 267
124 276
124 278
124 280
124 288
124 292
124 3
124 7
124 42
124 59
124 64
124 69
124 96
124 101
124 105
124 112
124 274
125 172
125 175
125 178
125 184
125 194
125 210
125 219
125 237
125 244
125 257
125 259
125 262
125 267
125 277
125 278
125 283
125 295
125 0
125 3
125 5
125 7
125 15
125 25
125 27
125 50
125 67
125 76
125 85
125 93
125 114
125 121
125 129
125 130
125 141
125 144
125 149
125 275
126 152
126 157
126 162
126 212
126 217
126 221
126 247
126 255
126 257
126 267
126 270
126 277
126 12
126 16
126 35
126 43
126 46
126 49
126 59
126 61
126 72
126 80
126 276
127 162
127 164
127 171
127 204
127 218
127 219
127 231
127 236
127 256
127 279
127 3
127 39
127 51
127 52
127 60
127 85
127 98
127 99
127 109
127 129
127 141
127 145
127 149
127 277
128 154
128 157
128 167
128 169
128 170
128 189
128 191
128 206
128 207
128 214
128 225
128 227
128 231
128 243
128 244
128 252
128 254
128 258
128 264
128 268
128 277
128 280
128 294
128 297
128 11
128 19
128 87
128 101
128 112
128 116
128 137
128 278
129 162
129 167
129 183
129 189
129 193
129 199
129 244
129 248
129 259
129 261
129 291
129 295
129 297
129 1
129 4
129 49
129 58
129 123
129 125
129 127
129 137
129 139
129 279
130 162
130 178
130 193
130 211
130 215
130 219
130 229
130 232
130 244
130 255
130 259
130 261
130 279
130 282
130 288
130 295
130 0
130 4
130 10
130 27
130 34
130 40
130 42
130 44
130 47
130 91
130 98
130 103
130 125
130 136
130 147
130 280
131 154
131 166
131 172
131 174
131 181
131 182
131 183
131 185
131 187
131 189
131 214
131 228
131 257
131 261
131 269
131 270
131 286
131 290
131 298
131 3
131 12
131 19
131 22
131 45
131 48
131 66
131 80
131 90
131 115
131 122
131 281
132 153
132 162
132 185
132 191
132 198
132 208
132 215
132 220
132 225
132 233
132 235
132 238
132 248
132 249
132 265
132 272
132 278
132 284
132 292
132 296
132 3
132 10
132 15
132 17
132 64
132 79
132 87
132 103
132 111
132 140
132 143
132 282
133 160
133 171
133 173
133 175
133 187
133 189
133 195
133 200
133 216
133 223
133 236
133 244
133 253
133 256
133 268
133 273
133 282
133 290
133 36
133 40
133 54
133 69
133 75
133 78
133 79
133 101
133 107
133 144
133 283
134 157
134 188
134 198
134 209
134 213
134 216
134 217
134 218
134 236
134 241
134 267
134 278
134 284
134 298
134 17
134 25
134 26
134 30
134 50
134 57
134 59
134 61
134 85
134 87
134 88
134 123
134 144
135 175
135 183
135 205
135 210
135 223
135 237
135 248
135 256
135 262
135 263
135 264
135 266
135 274
135 281
135 0
135 2
135 25
135 26
135 32
135 44
135 49
135 53
135 73
135 79
135 86
135 94
135 111
135 113
135 285
136 167
136 177
136 182
136 248
136 254
136 265
136 269
136 279
136 285
136 1
136 9
136 24
136 25
136 26
136 27
136 29
136 35
136 59
136 65
136 66
136 82
136 114
136 120
136 122
136 130
136 147
136 149
136 286
137 153
137 174
137 180
137 198
137 202
137 223
137 228
137 238
137 242
137 254
137 266
137 268
137 269
137 275
137 291
137 4
137 7
137 13
137 14
137 15
137 24
137 32
137 48
137 52
137 72
137 90
137 94
137 96
137 120
137 128
137 129
137 147
137 287
138 166
138 167
138 168
138 186
138 188
138 193
138 209
138 244
138 249
138 255
138 262
138 268
138 276
138 287
138 288
138 292
138 6
138 14
138 17
138 50
138 83
138 98
138 106
138 116
138 139
139 169
139 181
139 193
139 214
139 248
139 257
139 266
139 279
139 288
139 290
139 19
139 31
139 50
139 51
139 54
139 86
139 99
139 114
139 129
139 138
139 149
139 289
140 151
140 169
140 175
140 179
140 195
140 197
140 202
140 214
140 229
140 241
140 269
140 297
140 15
140 24
140 34
140 37
140 49
140 50
140 81
140 97
140 121
140 132
140 146
140 290
141 152
141 154
141 155
141 175
141 192
141 195
141 203
141 206
141 211
141 216
141 240
141 243
141 245
141 277
141 286
141 292
141 293
141 23
141 30
141 47
141 58
141 59
141 76
141 77
141 95
141 105
141 122
141 123
141 125
141 127
141 145
141 291
142 155
142 189
142 197
142 205
142 217
142 220
142 241
142 268
142 269
142 272
142 43
142 53
142 54
142 57
142 85
142 108
142 111
142 122
142 147
142 292
143 152
143 161
143 164
143 168
143 170
143 181
143 204
143 218
143 221
143 230
143 232
143 233
143 235
143 241
143 260
143 263
143 268
143 269
143 284
143 287
143 291
143 294
143 3
143 15
143 28
143 46
143 114
143 118
143 132
143 293
144 156
144 168
144 170
144 177
144 178
144 211
144 212
144 214
144 217
144 221
144 235
144 255
144 263
144 265
144 281
144 35
144 39
144 40
144 47
144 49
144 57
144 70
144 77
144 91
144 125
144 133
144 134
144 294
145 150
145 157
145 164
145 170
145 172
145 173
145 176
145 183
145 227
145 248
145 249
145 251
145 260
145 261
145 269
145 288
145 2
145 12
145 27
145 37
145 41
145 57
145 61
145 69
145 74
145 80
145 83
145 90
145 99
145 104
145 113
145 127
145 141
145 295
146 151
146 160
146 163
146 164
146 168
146 181
146 204
146 214
146 222
146 273
146 275
146 299
146 17
146 36
146 39
146 50
146 53
146 75
146 80
146 95
146 114
146 140
146 296
147 153
147 157
147 185
147 201
147 207
147 211
147 226
147 238
147 272
147 275
147 282
147 283
147 295
147 6
147 35
147 45
147 46
147 62
147 69
147 96
147 106
147 118
147 130
147 136
147 137
147 142
147 297
148 152
148 164
148 168
148 206
148 208
148 219
148 224
148 236
148 238
148 239
148 240
148 248
148 256
148 270
148 277
148 280
148 293
148 294
148 297
148 2
148 7
148 50
148 57
148 62
148 77
148 81
148 84
148 108
148 119
148 298
149 157
149 171
149 177
149 184
149 191
149 198
149 204
149 212
149 214
149 229
149 246
149 251
149 262
149 273
149 280
149 291
149 292
149 297
149 23
149 42
149 53
149 55
149 65
149 70
149 80
149 94
149 104
149 105
149 119
149 125
149 127
149 136
149 139
149 299
150 1
150 16
150 21
150 44
150 52
150 54
150 55
150 75
150 81
150 87
150 93
150 145
150 0
151 2
151 5
151 6
151 10
151 11
151 44
151 47
151 58
151 85
151 100
151 105
151 121
151 140
151 146
151 1
152 16
152 21
152 31
152 40
152 44
152 52
152 55
152 57
152 59
152 64
152 67
152 70
152 73
152 75
152 79
152 87
152 101
152 102
152 126
152 141
152 143
152 148
152 2
153 19
153 20
153 33
153 38
153 40
153 47
153 50
153 51
153 55
153 58
153 60
153 61
153 62
153 63
153 78
153 120
153 132
153 137
153 147
153 3
154 9
154 19
154 27
154 30
154 32
154 58
154 73
154 86
154 97
154 105
154 118
154 128
154 131
154 141
154 4
155 5
155 9
155 20
155 36
155 42
155 45
155 73
155 85
155 90
155 110
155 111
155 113
155 141
155 142
156 9
156 23
156 37
156 44
156 64
156 67
156 76
156 87
156 90
156 101
156 113
156 124
156 144
156 6
157 27
157 56
157 58
157 93
157 115
157 120
157 126
157 128
157 134
157 145
157 147
157 149
157 7
158 32
158 38
158 43
158 49
158 66
158 77
158 106
158 109
158 113
158 8
159 8
159 21
159 26
159 42
159 98
159 101
159 106
159 107
159 112
159 123
159 9
160 12
160 15
160 55
160 59
160 65
160 77
160 80
160 90
160 100
160 106
160 117
160 133
160 146
160 10
161 3
161 16
161 24
161 28
161 62
161 68
161 114
161 120
161 143
161 11
162 28
162 32
162 36
162 38
162 39
162 46
162 51
162 65
162 79
162 95
162 97
162 106
162 126
162 127
162 129
162 130
162 132
162 12
163 9
163 10
163 16
163 21
163 22
163 23
163 35
163 36
163 42
163 88
163 98
163 104
163 116
163 117
163 121
163 146
163 13
164 1
164 53
164 68
164 101
164 103
164 116
164 127
164 143
164 145
164 146
164 148
164 14
165 15
165 26
165 44
165 61
165 78
165 79
165 93
165 94
165 96
165 98
165 99
165 116
166 2
166 4
166 32
166 42
166 48
166 53
166 80
166 84
166 86
166 96
166 100
166 104
166 113
166 131
166 138
166 16
167 14
167 42
167 50
167 54
167 58
167 59
167 71
167 100
167 116
167 119
167 128
167 129
167 136
167 138
167 17
168 32
168 47
168 60
168 67
168 76
168 85
168 94
168 115
168 117
168 119
168 122
168 123
168 138
168 143
168 144
168 146
168 148
168 18
169 6
169 7
169 15
169 16
169 17
169 40
169 49
169 72
169 77
169 81
169 91
169 93
169 113
169 124
169 128
169 139
169 140
169 19
170 3
170 8
170 10
170 17
170 30
170 37
170 40
170 47
170 48
170 82
170 98
170 104
170 128
170 143
170 144
170 145
170 20
171 30
171 37
171 41
171 56
171 74
171 76
171 88
171 89
171 98
171 102
171 127
171 133
171 149
171 21
172 7
172 24
172 33
172 34
172 35
172 40
172 44
172 45
172 63
172 70
172 73
172 74
172 84
172 92
172 94
172 101
172 112
172 115
172 124
172 125
172 131
172 145
172 22
173 2
173 11
173 25
173 26
173 33
173 55
173 77
173 90
173 97
173 100
173 103
173 104
173 111
173 133
173 145
173 23
174 5
174 7
174 13
174 36
174 49
174 54
174 75
174 83
174 89
174 101
174 102
174 110
174 116
174 122
174 131
174 137
174 24
175 17
175 19
175 20
175 29
175 46
175 71
175 93
175 99
175 102
175 104
175 105
175 125
175 133
175 135
175 140
175 141
175 25
176 31
176 33
176 34
176 44
176 48
176 50
176 54
176 63
176 70
176 79
176 86
176 99
176 104
176 108
176 109
176 110
176 123
176 145
176 26
177 15
177 36
177 55
177 61
177 71
177 76
177 80
177 88
177 96
177 101
177 136
177 144
177 149
177 27
178 5
178 19
178 27
178 35
178 37
178 42
178 57
178 60
178 65
178 70
178 73
178 80
178 109
178 125
178 130
178 144
178 28
179 11
179 15
179 20
179 31
179 56
179 69
179 93
179 140
179 29
180 14
180 30
180 33
180 51
180 62
180 70
180 75
180 81
180 90
180 92
180 103
180 111
180 137
181 28
181 29
181 33
181 34
181 36
181 42
181 53
181 55
181 71
181 90
181 94
181 96
181 123
181 131
181 139
181 143
181 146
181 31
182 2
182 6
182 22
182 24
182 36
182 42
182 64
182 66
182 81
182 89
182 97
182 110
182 112
182 131
182 136
182 32
183 6
183 18
183 31
183 41
183 42
183 106
183 122
183 129
183 131
183 135
183 145
183 33
184 1
184 3
184 5
184 17
184 18
184 21
184 27
184 34
184 69
184 104
184 112
184 115
184 122
184 125
184 149
185 9
185 15
185 16
185 23
185 47
185 56
185 69
185 73
185 87
185 89
185 131
185 132
185 147
185 35
186 10
186 13
186 18
186 21
186 23
186 36
186 41
186 43
186 46
186 55
186 57
186 65
186 67
186 83
186 89
186 113
186 117
186 138
187 29
187 34
187 35
187 57
187 70
187 84
187 88
187 100
187 105
187 108
187 109
187 110
187 131
187 133
187 37
188 0
188 4
188 22
188 38
188 56
188 61
188 68
188 70
188 80
188 85
188 106
188 117
188 134
188 138
189 6
189 7
189 9
189 11
189 19
189 24
189 25
189 28
189 33
189 37
189 39
189 54
189 56
189 70
189 72
189 73
189 77
189 79
189 85
189 90
189 96
189 98
189 103
189 113
189 120
189 128
189 129
189 131
189 133
189 142
190 3
190 27
190 32
190 56
190 80
190 94
190 109
190 40
191 3
191 4
191 7
191 15
191 28
191 34
191 41
191 47
191 51
191 55
191 76
191 105
191 113
191 116
191 117
191 118
191 119
191 128
191 132
191 149
192 5
192 11
192 22
192 24
192 59
192 65
192 66
192 68
192 89
192 101
192 108
192 120
192 124
192 141
192 42
193 3
193 6
193 23
193 30
193 36
193 39
193 68
193 86
193 87
193 92
193 109
193 115
193 129
193 130
193 138
193 139
193 43
194 1
194 7
194 9
194 38
194 53
194 64
194 71
194 72
194 76
194 81
194 82
194 83
194 116
194 125
194 44
195 1
195 26
195 31
195 33
195 43
195 56
195 63
195 86
195 88
195 97
195 116
195 133
195 140
195 141
195 45
196 3
196 8
196 16
196 30
196 33
196 40
196 42
196 43
196 57
196 58
196 62
196 64
196 68
196 80
196 81
196 85
196 106
196 124
196 46
197 4
197 7
197 18
197 30
197 39
197 50
197 61
197 70
197 72
197 75
197 97
197 101
197 119
197 122
197 140
197 142
197 47
198 7
198 11
198 14
198 15
198 32
198 41
198 49
198 50
198 58
198 76
198 83
198 90
198 107
198 116
198 118
198 121
198 132
198 134
198 137
198 149
198 48
199 2
199 8
199 17
199 29
199 39
199 42
199 46
199 79
199 85
199 92
199 100
199 105
199 114
199 129
199 49
200 7
200 11
200 13
200 15
200 16
200 19
200 28
200 30
200 34
200 58
200 59
200 61
200 73
200 85
200 88
200 91
200 95
200 133
200 50
201 19
201 27
201 32
201 36
201 54
201 70
201 74
201 80
201 101
201 111
201 147
201 51
202 7
202 27
202 29
202 40
202 46
202 70
202 82
202 91
202 94
202 96
202 99
202 103
202 124
202 137
202 140
202 52
203 3
203 6
203 7
203 11
203 35
203 57
203 58
203 62
203 73
203 74
203 76
203 102
203 122
203 141
203 53
204 7
204 29
204 38
204 39
204 40
204 51
204 87
204 91
204 94
204 97
204 103
204 118
204 127
204 143
204 146
204 149
204 54
205 5
205 8
205 19
205 21
205 46
205 71
205 111
205 135
205 142
205 55
206 4
206 10
206 11
206 40
206 42
206 58
206 84
206 90
206 95
206 96
206 110
206 123
206 128
206 141
206 148
206 56
207 2
207 11
207 15
207 18
207 20
207 21
207 27
207 42
207 52
207 54
207 88
207 102
207 105
207 128
207 147
207 57
208 10
208 11
208 16
208 32
208 33
208 50
208 54
208 55
208 57
208 59
208 68
208 69
208 85
208 86
208 93
208 106
208 116
208 124
208 132
208 148
208 58
209 3
209 5
209 6
209 13
209 60
209 63
209 77
209 78
209 86
209 89
209 103
209 134
209 138
209 59
210 3
210 7
210 11
210 14
210 20
210 23
210 26
210 54
210 58
210 62
210 67
210 68
210 71
210 92
210 125
210 135
210 60
211 9
211 23
211 43
211 44
211 48
211 60
211 62
211 67
211 73
211 75
211 79
211 83
211 95
211 104
211 105
211 110
211 115
211 122
211 130
211 141
211 144
211 147
211 61
212 4
212 16
212 17
212 20
212 21
212 28
212 39
212 81
212 84
212 86
212 91
212 95
212 111
212 118
212 121
212 122
212 126
212 144
212 149
212 62
213 17
213 26
213 27
213 31
213 35
213 48
213 53
213 57
213 63
213 66
213 96
213 99
213 100
213 106
213 110
213 121
213 134
214 0
214 3
214 26
214 44
214 62
214 65
214 78
214 93
214 115
214 119
214 128
214 131
214 139
214 140
214 144
214 146
214 149
214 64
215 2
215 22
215 33
215 38
215 43
215 44
215 50
215 55
215 58
215 61
215 63
215 73
215 97
215 102
215 107
215 112
215 119
215 130
215 132
215 65
216 4
216 36
216 37
216 38
216 42
216 109
216 124
216 133
216 134
216 141
216 66
217 24
217 61
217 66
217 79
217 84
217 98
217 100
217 126
217 134
217 142
217 144
217 67
218 4
218 28
218 32
218 48
218 51
218 84
218 86
218 91
218 98
218 100
218 102
218 114
218 119
218 127
218 134
218 143
218 68
219 9
219 11
219 23
219 34
219 52
219 53
219 66
219 72
219 78
219 95
219 96
219 98
219 110
219 112
219 124
219 125
219 127
219 130
219 148
219 69
220 16
220 20
220 23
220 28
220 30
220 32
220 35
220 43
220 60
220 67
220 83
220 91
220 96
220 97
220 101
220 117
220 132
220 142
220 70
221 6
221 16
221 17
221 19
221 26
221 33
221 45
221 65
221 85
221 94
221 101
221 104
221 110
221 126
221 143
221 144
221 71
222 9
222 15
222 19
222 22
222 48
222 66
222 68
222 86
222 96
222 146
222 72
223 16
223 22
223 26
223 41
223 48
223 49
223 55
223 63
223 74
223 84
223 90
223 123
223 133
223 135
223 137
223 73
224 0
224 6
224 10
224 26
224 31
224 55
224 64
224 98
224 104
224 124
224 148
224 74
225 2
225 21
225 23
225 38
225 57
225 61
225 73
225 88
225 106
225 107
225 113
225 114
225 118
225 122
225 128
225 132
225 75
226 9
226 20
226 22
226 24
226 26
226 37
226 47
226 48
226 62
226 71
226 73
226 81
226 147
226 76
227 4
227 7
227 14
227 20
227 21
227 26
227 32
227 53
227 56
227 57
227 58
227 64
227 88
227 90
227 98
227 103
227 109
227 114
227 124
227 128
227 145
227 77
228 57
228 61
228 75
228 79
228 95
228 104
228 131
228 137
228 78
229 11
229 38
229 41
229 46
229 49
229 54
229 73
229 81
229 89
229 97
229 103
229 121
229 130
229 140
229 149
229 79
230 0
230 10
230 17
230 29
230 30
230 34
230 38
230 40
230 51
230 69
230 71
230 86
230 92
230 103
230 119
230 123
230 143
230 80
231 44
231 45
231 54
231 58
231 83
231 104
231 106
231 127
231 128
231 81
232 4
232 9
232 15
232 29
232 36
232 41
232 44
232 48
232 52
232 65
232 73
232 74
232 77
232 96
232 124
232 130
232 143
232 82
233 38
233 51
233 61
233 82
233 83
233 85
233 87
233 100
233 114
233 117
233 121
233 132
233 143
234 24
234 39
234 54
234 61
234 78
234 87
234 104
234 106
234 121
234 84
235 0
235 11
235 23
235 31
235 33
235 35
235 45
235 53
235 74
235 83
235 95
235 103
235 104
235 107
235 111
235 116
235 117
235 132
235 143
235 144
235 85
236 0
236 2
236 3
236 18
236 41
236 58
236 59
236 66
236 81
236 83
236 97
236 100
236 102
236 107
236 109
236 113
236 121
236 124
236 127
236 133
236 134
236 148
236 86
237 2
237 16
237 30
237 31
237 32
237 37
237 44
237 55
237 69
237 91
237 107
237 112
237 115
237 125
237 135
237 87
238 4
238 5
238 8
238 11
238 30
238 33
238 49
238 57
238 59
238 62
238 86
238 111
238 132
238 137
238 147
238 148
238 88
239 7
239 8
239 10
239 14
239 17
239 18
239 30
239 35
239 42
239 57
239 91
239 113
239 115
239 148
239 89
240 0
240 2
240 3
240 20
240 25
240 29
240 38
240 40
240 45
240 52
240 79
240 80
240 103
240 141
240 148
240 90
241 1
241 11
241 33
241 50
241 56
241 78
241 79
241 88
241 96
241 134
241 140
241 142
241 143
241 91
242 20
242 21
242 24
242 25
242 30
242 34
242 68
242 69
242 70
242 75
242 80
242 88
242 97
242 109
242 111
242 118
242 122
242 137
242 92
243 8
243 24
243 26
243 36
243 66
243 67
243 72
243 76
243 79
243 81
243 95
243 102
243 105
243 107
243 110
243 116
243 128
243 141
243 93
244 1
244 8
244 15
244 24
244 67
244 68
244 97
244 106
244 117
244 125
244 128
244 129
244 130
244 133
244 138
244 94
245 18
245 24
245 26
245 27
245 35
245 44
245 48
245 54
245 57
245 69
245 80
245 99
245 141
245 95
246 15
246 16
246 23
246 37
246 67
246 69
246 79
246 93
246 106
246 115
246 149
246 96
247 0
247 22
247 25
247 29
247 54
247 60
247 69
247 74
247 105
247 110
247 115
247 117
247 126
247 97
248 0
248 1
248 6
248 20
248 29
248 32
248 47
248 50
248 53
248 76
248 79
248 91
248 97
248 99
248 105
248 129
248 132
248 135
248 136
248 139
248 145
248 148
248 98
249 5
249 14
249 20
249 46
249 57
249 58
249 64
249 83
249 90
249 95
249 97
249 105
249 114
249 132
249 138
249 145
249 99
250 1
250 7
250 15
250 23
250 38
250 60
250 61
250 69
250 76
250 77
250 85
250 100
251 3
251 9
251 27
251 32
251 35
251 39
251 47
251 52
251 55
251 58
251 63
251 76
251 82
251 89
251 99
251 110
251 145
251 149
251 101
252 15
252 19
252 35
252 55
252 61
252 69
252 71
252 88
252 93
252 111
252 128
252 102
253 28
253 30
253 33
253 42
253 44
253 47
253 73
253 87
253 94
253 95
253 114
253 133
253 103
254 2
254 8
254 13
254 29
254 39
254 55
254 68
254 84
254 128
254 136
254 137
254 104
255 8
255 13
255 21
255 38
255 44
255 55
255 62
255 77
255 81
255 90
255 106
255 120
255 121
255 126
255 130
255 138
255 144
255 105
256 9
256 12
256 38
256 55
256 73
256 83
256 91
256 93
256 96
256 119
256 127
256 133
256 135
256 148
256 106
257 0
257 13
257 40
257 52
257 56
257 64
257 68
257 72
257 78
257 79
257 89
257 94
257 125
257 126
257 131
257 139
257 107
258 11
258 13
258 19
258 31
258 41
258 47
258 48
258 49
258 52
258 66
258 69
258 94
258 95
258 111
258 128
258 108
259 14
259 17
259 18
259 30
259 39
259 40
259 43
259 48
259 51
259 53
259 57
259 69
259 83
259 84
259 95
259 99
259 108
259 125
259 129
259 130
259 109
260 1
260 18
260 27
260 32
260 33
260 42
260 45
260 48
260 58
260 62
260 68
260 87
260 90
260 91
260 94
260 102
260 107
260 111
260 119
260 143
260 145
260 110
261 19
261 31
261 38
261 52
261 61
261 81
261 84
261 85
261 86
261 97
261 103
261 123
261 129
261 130
261 131
261 145
261 111
262 0
262 6
262 16
262 31
262 39
262 52
262 57
262 59
262 64
262 74
262 83
262 86
262 88
262 97
262 105
262 113
262 125
262 135
262 138
262 149
262 112
263 9
263 16
263 27
263 31
263 43
263 64
263 76
263 94
263 100
263 106
263 111
263 117
263 119
263 122
263 135
263 143
263 144
263 113
264 0
264 28
264 30
264 38
264 40
264 43
264 50
264 54
264 58
264 59
264 62
264 63
264 67
264 74
264 77
264 79
264 85
264 96
264 99
264 128
264 135
264 114
265 21
265 25
265 27
265 39
265 48
265 64
265 77
265 83
265 96
265 97
265 114
265 115
265 117
265 119
265 122
265 132
265 136
265 144
266 5
266 6
266 9
266 21
266 26
266 31
266 45
266 54
266 57
266 61
266 94
266 114
266 117
266 135
266 137
266 139
266 116
267 1
267 17
267 37
267 39
267 57
267 62
267 66
267 78
267 92
267 100
267 124
267 125
267 126
267 134
267 117
268 2
268 17
268 20
268 41
268 80
268 108
268 118
268 128
268 133
268 137
268 138
268 142
268 143
269 3
269 5
269 6
269 14
269 51
269 53
269 55
269 60
269 88
269 93
269 131
269 136
269 137
269 140
269 142
269 143
269 145
269 119
270 0
270 18
270 21
270 37
270 41
270 46
270 47
270 57
270 73
270 79
270 80
270 82
270 126
270 131
270 148
270 120
271 3
271 8
271 44
271 51
271 72
271 77
271 79
271 88
271 102
271 104
271 115
271 121
272 2
272 19
272 23
272 24
272 37
272 38
272 54
272 72
272 77
272 86
272 88
272 100
272 106
272 107
272 108
272 132
272 142
272 147
272 122
273 15
273 21
273 45
273 79
273 96
273 101
273 104
273 133
273 146
273 149
273 123
274 2
274 4
274 13
274 22
274 23
274 29
274 40
274 48
274 52
274 55
274 72
274 82
274 96
274 112
274 135
274 124
275 14
275 16
275 29
275 33
275 42
275 43
275 74
275 96
275 97
275 98
275 105
275 106
275 122
275 137
275 146
275 147
275 125
276 8
276 13
276 21
276 41
276 48
276 57
276 61
276 65
276 88
276 108
276 113
276 124
276 138
276 126
277 1
277 6
277 7
277 8
277 14
277 19
277 20
277 23
277 32
277 60
277 73
277 100
277 103
277 125
277 126
277 128
277 141
277 148
277 127
278 0
278 5
278 24
278 45
278 64
278 69
278 105
278 106
278 109
278 113
278 116
278 117
278 124
278 125
278 132
278 134
278 128
279 2
279 6
279 12
279 39
279 52
279 70
279 85
279 86
279 99
279 103
279 106
279 108
279 117
279 122
279 127
279 130
279 136
279 139
279 129
280 1
280 9
280 19
280 23
280 32
280 36
280 68
280 71
280 78
280 84
280 85
280 98
280 99
280 102
280 124
280 128
280 148
280 149
280 130
281 0
281 13
281 39
281 40
281 45
281 54
281 79
281 91
281 100
281 105
281 117
281 135
281 144
281 131
282 18
282 24
282 33
282 43
282 73
282 75
282 84
282 99
282 110
282 114
282 116
282 130
282 133
282 147
282 132
283 21
283 28
283 31
283 33
283 35
283 42
283 43
283 66
283 80
283 87
283 92
283 97
283 122
283 125
283 147
283 133
284 9
284 25
284 43
284 57
284 65
284 80
284 85
284 96
284 116
284 132
284 134
284 143
285 9
285 13
285 31
285 58
285 61
285 64
285 84
285 97
285 136
285 135
286 4
286 32
286 36
286 40
286 56
286 62
286 68
286 84
286 85
286 86
286 131
286 141
286 136
287 5
287 8
287 20
287 36
287 40
287 45
287 49
287 62
287 74
287 84
287 86
287 92
287 138
287 143
287 137
288 6
288 8
288 9
288 13
288 22
288 24
288 29
288 33
288 42
288 47
288 48
288 49
288 64
288 69
288 71
288 110
288 112
288 114
288 123
288 124
288 130
288 138
288 139
288 145
289 7
289 17
289 20
289 27
289 29
289 36
289 39
289 46
289 51
289 58
289 71
289 89
289 96
289 107
289 114
289 139
290 1
290 5
290 25
290 32
290 40
290 59
290 60
290 63
290 84
290 87
290 91
290 100
290 101
290 105
290 113
290 131
290 133
290 139
290 140
291 0
291 3
291 6
291 11
291 12
291 40
291 65
291 66
291 73
291 82
291 84
291 87
291 111
291 129
291 137
291 143
291 149
291 141
292 11
292 25
292 53
292 62
292 63
292 73
292 75
292 97
292 98
292 112
292 113
292 122
292 124
292 132
292 138
292 141
292 149
292 142
293 2
293 7
293 22
293 23
293 30
293 33
293 52
293 60
293 71
293 76
293 77
293 83
293 101
293 105
293 109
293 141
293 148
293 143
294 2
294 6
294 14
294 25
294 31
294 47
294 83
294 86
294 87
294 94
294 95
294 98
294 103
294 114
294 115
294 120
294 122
294 128
294 143
294 148
294 144
295 2
295 9
295 14
295 26
295 31
295 36
295 40
295 60
295 65
295 73
295 90
295 113
295 116
295 125
295 129
295 130
295 147
295 145
296 16
296 40
296 45
296 56
296 119
296 132
296 146
297 1
297 28
297 32
297 35
297 48
297 52
297 61
297 65
297 66
297 91
297 112
297 128
297 129
297 140
297 148
297 149
297 147
298 19
298 20
298 22
298 23
298 32
298 36
298 46
298 50
298 60
298 76
298 83
298 104
298 105
298 110
298 131
298 134
298 148
299 1
299 13
299 18
299 30
299 42
299 49
299 64
299 67
299 70
299 72
299 75
299 76
299 98
299 123
299 146
299 149
