  400   1590
0 205
0 227
0 325
0 375
0 8
0 47
0 78
0 129
0 200
1 300
1 314
1 326
1 32
1 101
1 146
1 201
2 248
2 324
2 352
2 355
2 385
2 64
2 81
2 87
2 89
2 134
2 174
2 202
3 252
3 261
3 271
3 301
3 313
3 335
3 37
3 43
3 66
3 102
3 126
3 130
3 146
3 203
4 228
4 270
4 283
4 36
4 59
4 74
4 116
4 154
4 204
5 239
5 258
5 280
5 339
5 366
5 13
5 34
5 67
5 125
5 146
5 155
5 173
5 187
5 205
6 269
6 32
6 33
6 96
6 125
6 143
6 150
6 153
6 185
6 187
6 206
7 243
7 319
7 393
7 72
7 87
7 104
7 133
7 151
7 173
7 207
8 200
8 291
8 309
8 0
8 18
8 52
8 54
8 107
8 150
8 152
8 154
8 181
8 187
8 208
9 245
9 399
9 29
9 164
9 165
9 199
9 209
10 272
10 326
10 363
10 368
10 29
10 85
10 150
10 187
10 210
11 210
11 343
11 26
11 70
11 71
11 109
11 123
11 135
11 142
11 211
12 218
12 219
12 372
12 384
12 19
12 29
12 78
12 86
12 121
12 159
12 212
13 219
13 261
13 267
13 287
13 349
13 394
13 5
13 18
13 22
13 44
13 45
13 62
13 66
13 95
13 110
13 169
13 190
13 213
14 239
14 265
14 273
14 307
14 344
14 362
14 373
14 56
14 114
14 167
14 168
14 171
14 176
14 214
15 340
15 380
15 399
15 17
15 31
15 87
15 99
15 215
16 280
16 290
16 348
16 390
16 111
16 143
16 153
16 181
16 184
16 190
16 216
17 210
17 238
17 241
17 244
17 253
17 271
17 293
17 319
17 330
17 336
17 15
17 60
17 132
17 217
18 229
18 286
18 321
18 331
18 8
18 13
18 46
18 81
18 100
18 104
18 149
18 173
18 179
18 218
19 362
19 12
19 30
19 87
19 110
19 142
19 174
19 219
20 212
20 229
20 267
20 295
20 29
20 60
20 114
20 131
20 167
20 220
21 222
21 231
21 288
21 345
21 373
21 376
21 50
21 55
21 63
21 88
21 108
21 158
21 169
21 187
21 192
21 199
21 221
22 205
22 246
22 274
22 295
22 13
22 61
22 90
22 93
22 152
22 161
22 166
22 222
23 211
23 250
23 76
23 113
23 116
23 184
23 196
23 223
24 338
24 359
24 374
24 387
24 393
24 25
24 83
24 93
24 95
24 131
24 140
24 167
24 176
24 189
24 224
25 216
25 294
25 308
25 332
25 24
25 52
25 92
25 129
25 225
26 222
26 274
26 288
26 316
26 318
26 319
26 333
26 371
26 11
26 31
26 55
26 70
26 121
26 163
26 174
26 199
26 226
27 284
27 49
27 74
27 105
27 127
27 165
27 179
27 227
28 259
28 283
28 293
28 296
28 303
28 358
28 360
28 376
28 32
28 75
28 84
28 140
28 228
29 382
29 9
29 10
29 12
29 20
29 33
29 48
29 74
29 95
29 115
29 148
29 157
29 229
30 386
30 245
30 19
30 88
30 110
30 230
31 217
31 280
31 358
31 368
31 15
31 26
31 37
31 83
31 105
31 139
31 143
31 164
31 177
31 231
32 294
32 385
32 1
32 6
32 28
32 47
32 182
32 232
33 253
33 282
33 314
33 336
33 342
33 345
33 6
33 29
33 84
33 107
33 115
33 139
33 141
33 186
33 233
34 261
34 281
34 285
34 314
34 371
34 5
34 44
34 65
34 76
34 77
34 90
34 108
34 109
34 155
34 234
35 208
35 353
35 388
35 86
35 110
35 171
35 235
36 212
36 229
36 278
36 360
36 384
36 4
36 94
36 110
36 120
36 132
36 172
36 236
37 236
37 271
37 329
37 333
37 338
37 366
37 368
37 3
37 31
37 55
37 97
37 170
37 237
38 289
38 82
38 85
38 144
38 170
38 238
39 218
39 51
39 63
39 64
39 115
39 127
39 161
39 167
39 173
39 239
40 273
40 383
40 395
40 398
40 77
40 108
40 123
40 132
40 141
40 150
40 159
40 165
40 240
41 209
41 219
41 278
41 308
41 375
41 106
41 241
42 284
42 298
42 324
42 334
42 351
42 93
42 140
42 185
42 242
43 240
43 259
43 265
43 297
43 299
43 322
43 334
43 377
43 3
43 141
43 148
43 160
43 243
44 210
44 275
44 289
44 297
44 316
44 326
44 396
44 13
44 34
44 93
44 105
44 137
44 138
44 244
45 289
45 13
45 67
45 77
45 84
45 90
45 158
45 173
45 179
45 195
45 245
46 209
46 272
46 375
46 18
46 78
46 82
46 93
46 99
46 100
46 181
46 246
47 267
47 311
47 349
47 356
47 0
47 32
47 50
47 70
47 121
47 129
47 179
47 180
47 247
48 234
48 284
48 343
48 29
48 50
48 64
48 121
48 248
49 277
49 398
49 27
49 136
49 171
49 249
50 236
50 261
50 291
50 314
50 359
50 364
50 21
50 47
50 48
50 80
50 101
50 139
50 177
50 189
50 250
51 222
51 236
51 341
51 350
51 39
51 89
51 118
51 159
51 251
52 205
52 251
52 284
52 8
52 25
52 82
52 102
52 110
52 122
52 146
52 169
52 252
53 291
53 360
53 89
53 137
53 253
54 260
54 360
54 8
54 84
54 129
54 153
54 158
54 193
54 254
55 232
55 311
55 341
55 351
55 377
55 21
55 26
55 37
55 61
55 255
56 263
56 346
56 14
56 74
56 90
56 131
56 193
56 256
57 241
57 63
57 73
57 77
57 89
57 101
57 150
57 183
57 257
58 255
58 359
58 360
58 144
58 151
58 258
59 203
59 290
59 302
59 369
59 4
59 89
59 93
59 140
59 189
59 259
60 240
60 295
60 303
60 331
60 17
60 20
60 93
60 108
60 260
61 257
61 295
61 328
61 338
61 22
61 55
61 71
61 140
61 168
61 186
61 261
62 208
62 294
62 13
62 70
62 140
62 150
62 162
62 172
62 187
62 262
63 202
63 238
63 277
63 281
63 282
63 327
63 343
63 349
63 21
63 39
63 57
63 116
63 121
63 185
63 263
64 223
64 322
64 394
64 2
64 39
64 48
64 117
64 264
65 301
65 333
65 34
65 71
65 92
65 122
65 129
65 160
65 176
65 196
65 265
66 294
66 322
66 398
66 3
66 13
66 161
66 266
67 227
67 286
67 288
67 324
67 332
67 344
67 5
67 45
67 77
67 103
67 132
67 160
67 267
68 297
68 337
68 342
68 346
68 355
68 98
68 169
68 170
68 268
69 210
69 318
69 368
69 372
69 85
69 96
69 143
69 269
70 206
70 246
70 262
70 274
70 380
70 382
70 11
70 26
70 47
70 62
70 97
70 99
70 125
70 127
70 128
70 157
70 170
70 186
70 270
71 217
71 255
71 256
71 343
71 377
71 382
71 11
71 61
71 65
71 122
71 157
71 185
71 271
72 251
72 257
72 333
72 392
72 7
72 89
72 126
72 272
73 261
73 317
73 361
73 57
73 87
73 96
73 133
73 150
73 273
74 300
74 4
74 27
74 29
74 56
74 101
74 107
74 111
74 138
74 144
74 180
74 274
75 328
75 28
75 79
75 120
75 275
76 314
76 342
76 23
76 34
76 107
76 122
76 164
76 176
76 276
77 257
77 361
77 34
77 40
77 45
77 57
77 67
77 157
77 277
78 232
78 271
78 366
78 0
78 12
78 46
78 85
78 108
78 109
78 131
78 177
78 186
78 278
79 234
79 247
79 288
79 75
79 142
79 183
79 279
80 263
80 395
80 50
80 127
80 182
80 186
80 280
81 244
81 281
81 333
81 390
81 399
81 2
81 18
81 107
81 140
81 158
82 223
82 253
82 349
82 365
82 376
82 38
82 46
82 52
82 92
82 136
82 138
82 146
82 282
83 219
83 255
83 257
83 301
83 318
83 385
83 24
83 31
83 134
83 135
83 283
84 329
84 350
84 379
84 380
84 28
84 33
84 45
84 54
84 95
84 158
84 163
84 168
84 183
84 284
85 229
85 256
85 330
85 345
85 349
85 10
85 38
85 69
85 78
85 90
85 93
85 97
85 114
85 129
85 148
85 193
85 285
86 208
86 221
86 230
86 254
86 281
86 321
86 360
86 373
86 12
86 35
86 88
86 108
86 152
86 194
86 286
87 205
87 256
87 366
87 392
87 2
87 7
87 15
87 19
87 73
87 135
87 287
88 208
88 313
88 324
88 371
88 21
88 30
88 86
88 192
88 288
89 215
89 291
89 319
89 348
89 2
89 51
89 53
89 57
89 59
89 72
89 182
89 289
90 243
90 272
90 369
90 22
90 34
90 45
90 56
90 85
90 104
90 161
90 165
90 185
90 290
91 230
91 314
91 336
91 361
91 372
91 105
91 110
91 291
92 253
92 338
92 25
92 65
92 82
92 138
92 140
92 147
92 184
92 191
92 292
93 202
93 214
93 231
93 235
93 268
93 284
93 285
93 291
93 338
93 22
93 24
93 42
93 44
93 46
93 59
93 60
93 85
93 94
93 111
93 175
93 293
94 208
94 253
94 294
94 330
94 36
94 93
94 167
95 204
95 250
95 302
95 315
95 327
95 13
95 24
95 29
95 84
95 100
95 129
95 152
95 174
95 295
96 398
96 6
96 69
96 73
96 141
96 164
96 180
96 296
97 220
97 267
97 304
97 356
97 37
97 70
97 85
97 125
97 179
97 192
97 297
98 260
98 284
98 302
98 372
98 68
98 159
98 188
98 298
99 262
99 277
99 376
99 15
99 46
99 70
99 184
99 198
99 299
100 307
100 340
100 345
100 18
100 46
100 95
100 131
100 187
100 190
100 196
100 300
101 277
101 369
101 1
101 50
101 57
101 74
101 126
101 165
101 176
101 193
101 196
101 301
102 313
102 379
102 3
102 52
102 153
102 181
102 182
102 302
103 216
103 225
103 276
103 303
103 67
104 208
104 217
104 320
104 7
104 18
104 90
104 154
104 155
104 178
104 304
105 273
105 374
105 27
105 31
105 44
105 91
105 198
105 305
106 213
106 291
106 364
106 41
106 170
106 176
106 306
107 267
107 278
107 284
107 294
107 364
107 8
107 33
107 74
107 76
107 81
107 307
108 399
108 386
108 21
108 34
108 40
108 60
108 78
108 86
108 154
108 308
109 226
109 241
109 248
109 276
109 283
109 300
109 380
109 11
109 34
109 78
109 166
109 197
109 309
110 209
110 223
110 243
110 287
110 308
110 332
110 345
110 13
110 19
110 30
110 35
110 36
110 52
110 91
110 148
110 173
110 310
111 215
111 223
111 276
111 302
111 308
111 317
111 338
111 16
111 74
111 93
111 311
112 245
112 399
112 123
112 151
112 154
112 180
112 312
113 213
113 307
113 345
113 368
113 373
113 398
113 23
113 158
113 313
114 294
114 384
114 14
114 20
114 85
114 119
114 138
114 188
114 314
115 204
115 271
115 380
115 29
115 33
115 39
115 116
115 181
115 315
116 234
116 255
116 260
116 300
116 314
116 320
116 376
116 4
116 23
116 63
116 115
116 125
116 183
116 192
116 316
117 206
117 260
117 292
117 298
117 326
117 329
117 370
117 64
117 135
117 194
117 317
118 210
118 243
118 51
118 132
118 169
118 318
119 211
119 227
119 237
119 280
119 333
119 355
119 114
119 121
119 140
119 169
119 319
120 210
120 295
120 351
120 36
120 75
120 137
120 143
120 154
120 320
121 259
121 319
121 325
121 345
121 12
121 26
121 47
121 48
121 63
121 119
121 154
121 182
121 185
121 198
121 321
122 277
122 358
122 391
122 52
122 65
122 71
122 76
122 131
122 161
122 175
122 322
123 240
123 297
123 301
123 377
123 392
123 11
123 40
123 112
123 323
124 201
124 237
124 294
124 297
124 314
124 387
124 150
124 151
124 324
125 233
125 243
125 270
125 279
125 292
125 363
125 5
125 6
125 70
125 97
125 116
125 151
125 191
125 198
125 325
126 287
126 3
126 72
126 101
126 127
126 175
126 190
126 194
126 326
127 306
127 361
127 27
127 39
127 70
127 80
127 126
127 160
127 327
128 221
128 256
128 284
128 308
128 70
128 155
128 189
128 192
128 328
129 202
129 269
129 288
129 347
129 352
129 380
129 0
129 25
129 47
129 54
129 65
129 85
129 95
129 151
129 155
129 164
129 329
130 256
130 326
130 335
130 355
130 3
130 176
130 181
130 191
130 330
131 220
131 270
131 283
131 298
131 365
131 20
131 24
131 56
131 78
131 100
131 122
131 142
131 331
132 206
132 248
132 252
132 285
132 367
132 376
132 17
132 36
132 40
132 67
132 118
132 145
132 194
132 332
133 285
133 304
133 372
133 7
133 73
133 157
133 189
133 333
134 299
134 350
134 397
134 2
134 83
134 142
134 149
134 156
134 334
135 257
135 377
135 11
135 83
135 87
135 117
135 136
135 174
135 335
136 238
136 261
136 268
136 303
136 49
136 82
136 135
136 187
136 336
137 260
137 284
137 290
137 44
137 53
137 120
137 145
137 156
137 196
137 337
138 264
138 284
138 309
138 337
138 340
138 349
138 361
138 367
138 44
138 74
138 82
138 92
138 114
138 153
138 338
139 233
139 256
139 318
139 334
139 352
139 396
139 31
139 33
139 50
139 339
140 249
140 339
140 24
140 28
140 42
140 59
140 61
140 62
140 81
140 92
140 119
140 184
140 340
141 207
141 244
141 247
141 257
141 264
141 316
141 381
141 33
141 40
141 43
141 96
141 160
141 163
141 173
141 175
141 196
141 341
142 226
142 265
142 340
142 376
142 11
142 19
142 79
142 131
142 134
142 172
142 342
143 289
143 303
143 323
143 331
143 6
143 16
143 31
143 69
143 120
143 185
143 192
143 198
143 199
143 343
144 205
144 265
144 289
144 299
144 313
144 316
144 364
144 375
144 377
144 38
144 58
144 74
144 148
144 344
145 272
145 316
145 362
145 376
145 381
145 132
145 137
145 153
145 165
145 173
145 345
146 276
146 288
146 321
146 327
146 395
146 1
146 3
146 5
146 52
146 82
146 196
146 346
147 294
147 320
147 334
147 344
147 382
147 92
147 199
147 347
148 251
148 335
148 361
148 29
148 43
148 85
148 110
148 144
148 348
149 328
149 18
149 134
149 349
150 301
150 324
150 360
150 377
150 378
150 6
150 8
150 10
150 40
150 57
150 62
150 73
150 124
150 169
150 350
151 223
151 260
151 276
151 317
151 354
151 370
151 374
151 377
151 391
151 399
151 7
151 58
151 112
151 124
151 125
151 129
151 162
151 351
152 266
152 268
152 327
152 330
152 359
152 8
152 22
152 86
152 95
152 158
152 177
152 352
153 216
153 301
153 331
153 6
153 16
153 54
153 102
153 138
153 145
153 353
154 336
154 353
154 365
154 384
154 4
154 8
154 104
154 108
154 112
154 120
154 121
154 156
154 354
155 237
155 324
155 331
155 5
155 34
155 104
155 128
155 129
155 182
155 185
155 199
155 355
156 213
156 264
156 312
156 340
156 343
156 134
156 137
156 154
156 167
156 356
157 289
157 294
157 388
157 29
157 70
157 71
157 77
157 133
157 357
158 209
158 283
158 344
158 358
158 21
158 45
158 54
158 81
158 84
158 113
158 152
158 164
159 224
159 261
159 314
159 324
159 343
159 12
159 40
159 51
159 98
159 162
159 185
159 359
160 227
160 248
160 258
160 392
160 43
160 65
160 67
160 127
160 141
160 164
160 177
160 194
160 360
161 280
161 290
161 337
161 22
161 39
161 66
161 90
161 122
161 172
161 188
161 361
162 208
162 219
162 282
162 322
162 62
162 151
162 159
162 173
162 362
163 290
163 308
163 310
163 328
163 357
163 26
163 84
163 141
163 363
164 298
164 315
164 325
164 361
164 9
164 31
164 76
164 96
164 129
164 158
164 160
164 364
165 229
165 268
165 289
165 307
165 365
165 392
165 9
165 27
165 40
165 90
165 101
165 145
165 171
166 252
166 269
166 320
166 339
166 22
166 109
166 187
166 192
166 366
167 386
167 245
167 14
167 20
167 24
167 39
167 94
167 156
167 177
167 183
167 195
167 367
168 399
168 386
168 14
168 61
168 84
168 368
169 208
169 377
169 13
169 21
169 52
169 68
169 118
169 119
169 150
169 369
170 211
170 241
170 263
170 308
170 360
170 383
170 37
170 38
170 68
170 70
170 106
170 181
170 185
170 196
170 370
171 217
171 257
171 316
171 333
171 360
171 361
171 393
171 14
171 35
171 49
171 165
171 174
171 185
171 371
172 216
172 244
172 247
172 262
172 303
172 326
172 366
172 36
172 62
172 142
172 161
172 198
172 372
173 268
173 276
173 320
173 336
173 366
173 376
173 5
173 7
173 18
173 39
173 45
173 110
173 141
173 145
173 162
173 373
174 242
174 277
174 282
174 305
174 2
174 19
174 26
174 95
174 135
174 171
174 183
174 374
175 283
175 299
175 345
175 360
175 93
175 122
175 126
175 141
175 375
176 235
176 246
176 14
176 24
176 65
176 76
176 101
176 106
176 130
176 376
177 209
177 275
177 280
177 350
177 31
177 50
177 78
177 152
177 160
177 167
177 377
178 243
178 266
178 341
178 356
178 366
178 388
178 104
178 378
179 272
179 298
179 299
179 312
179 390
179 18
179 27
179 45
179 47
179 97
179 379
180 263
180 318
180 378
180 47
180 74
180 96
180 112
180 380
181 207
181 343
181 365
181 389
181 8
181 16
181 46
181 102
181 115
181 130
181 170
181 196
181 381
182 206
182 225
182 302
182 374
182 399
182 32
182 80
182 89
182 102
182 121
182 155
182 382
183 251
183 266
183 275
183 334
183 57
183 79
183 84
183 116
183 167
183 174
183 383
184 296
184 329
184 379
184 16
184 23
184 92
184 99
184 140
184 384
185 271
185 312
185 393
185 6
185 42
185 63
185 71
185 90
185 121
185 143
185 155
185 159
185 170
185 171
185 385
186 215
186 247
186 33
186 61
186 70
186 78
186 80
186 197
186 386
187 246
187 338
187 5
187 6
187 8
187 10
187 21
187 62
187 100
187 136
187 166
187 387
188 200
188 203
188 209
188 258
188 264
188 274
188 308
188 346
188 98
188 114
188 161
188 388
189 350
189 380
189 387
189 24
189 50
189 59
189 128
189 133
189 193
189 389
190 242
190 346
190 357
190 385
190 388
190 13
190 16
190 100
190 126
190 390
191 221
191 311
191 334
191 377
191 92
191 125
191 130
191 391
192 219
192 284
192 21
192 88
192 97
192 116
192 128
192 143
192 166
192 392
193 211
193 314
193 315
193 372
193 388
193 54
193 56
193 85
193 101
193 189
193 393
194 328
194 336
194 86
194 117
194 126
194 132
194 160
194 394
195 233
195 289
195 290
195 362
195 45
195 167
195 395
196 236
196 263
196 348
196 372
196 378
196 23
196 65
196 100
196 101
196 137
196 141
196 146
196 170
196 181
196 396
197 238
197 239
197 258
197 329
197 345
197 379
197 109
197 186
197 397
198 307
198 99
198 105
198 121
198 125
198 143
198 172
198 398
199 206
199 212
199 217
199 311
199 343
199 364
199 9
199 21
199 26
199 143
199 147
199 155
199 399
200 8
200 188
200 0
201 124
201 1
202 63
202 93
202 129
202 2
203 59
203 188
203 3
204 95
204 115
204 4
205 0
205 22
205 52
205 87
205 144
205 5
206 70
206 117
206 132
206 182
206 199
206 6
207 141
207 181
207 7
208 35
208 62
208 86
208 88
208 94
208 104
208 162
208 169
208 8
209 41
209 46
209 110
209 158
209 177
209 188
209 9
210 11
210 17
210 44
210 69
210 118
210 120
210 10
211 23
211 119
211 170
211 193
211 11
212 20
212 36
212 199
212 12
213 106
213 113
213 156
213 13
214 93
214 14
215 89
215 111
215 186
215 15
216 25
216 103
216 153
216 172
216 16
217 31
217 71
217 104
217 171
217 199
217 17
218 12
218 39
218 18
219 12
219 13
219 41
219 83
219 162
219 192
219 19
220 97
220 131
220 20
221 86
221 128
221 191
221 21
222 21
222 26
222 51
222 22
223 64
223 82
223 110
223 111
223 151
223 23
224 159
224 24
225 103
225 182
225 25
226 109
226 142
226 26
227 0
227 67
227 119
227 160
227 27
228 4
228 28
229 18
229 20
229 36
229 85
229 165
229 29
230 86
230 91
230 30
231 21
231 93
231 31
232 55
232 78
232 32
233 125
233 139
233 195
233 33
234 48
234 79
234 116
234 34
235 93
235 176
235 35
236 37
236 50
236 51
236 196
236 36
237 119
237 124
237 155
237 37
238 17
238 63
238 136
238 197
238 38
239 5
239 14
239 197
239 39
240 43
240 60
240 123
240 40
241 17
241 57
241 109
241 170
241 41
242 174
242 190
242 42
243 7
243 90
243 110
243 118
243 125
243 178
243 43
244 17
244 81
244 141
244 172
244 44
245 9
245 30
245 112
245 167
245 45
246 22
246 70
246 176
246 187
246 46
247 79
247 141
247 172
247 186
247 47
248 2
248 109
248 132
248 160
248 48
249 140
249 49
250 23
250 95
250 50
251 52
251 72
251 148
251 183
251 51
252 3
252 132
252 166
252 52
253 17
253 33
253 82
253 92
253 94
253 53
254 86
254 54
255 58
255 71
255 83
255 116
255 55
256 71
256 85
256 87
256 128
256 130
256 139
256 56
257 61
257 72
257 77
257 83
257 135
257 141
257 171
257 57
258 5
258 160
258 188
258 197
258 58
259 28
259 43
259 121
259 59
260 54
260 98
260 116
260 117
260 137
260 151
260 60
261 3
261 13
261 34
261 50
261 73
261 136
261 159
261 61
262 70
262 99
262 172
262 62
263 56
263 80
263 170
263 180
263 196
263 63
264 138
264 141
264 156
264 188
264 64
265 14
265 43
265 142
265 144
265 65
266 152
266 178
266 183
266 66
267 13
267 20
267 47
267 97
267 107
267 67
268 93
268 136
268 152
268 165
268 173
268 68
269 6
269 129
269 166
269 69
270 4
270 125
270 131
270 70
271 3
271 17
271 37
271 78
271 115
271 185
271 71
272 10
272 46
272 90
272 145
272 179
272 72
273 14
273 40
273 105
273 73
274 22
274 26
274 70
274 188
274 74
275 44
275 177
275 183
275 75
276 103
276 109
276 111
276 146
276 151
276 173
276 76
277 49
277 63
277 99
277 101
277 122
277 174
277 77
278 36
278 41
278 107
278 78
279 125
279 79
280 5
280 16
280 31
280 119
280 161
280 177
280 80
281 34
281 63
281 81
281 86
282 33
282 63
282 162
282 174
282 82
283 4
283 28
283 109
283 131
283 158
283 175
283 83
284 27
284 42
284 48
284 52
284 93
284 98
284 107
284 128
284 137
284 138
284 192
284 84
285 34
285 93
285 132
285 133
285 85
286 18
286 67
286 86
287 13
287 110
287 126
287 87
288 21
288 26
288 67
288 79
288 129
288 146
288 88
289 38
289 44
289 45
289 143
289 144
289 157
289 165
289 195
289 89
290 16
290 59
290 137
290 161
290 163
290 195
290 90
291 8
291 50
291 53
291 89
291 93
291 106
291 91
292 117
292 125
292 92
293 17
293 28
293 93
294 25
294 32
294 62
294 66
294 94
294 107
294 114
294 124
294 147
294 157
295 20
295 22
295 60
295 61
295 120
295 95
296 28
296 184
296 96
297 43
297 44
297 68
297 123
297 124
297 97
298 42
298 117
298 131
298 164
298 179
298 98
299 43
299 134
299 144
299 175
299 179
299 99
300 1
300 74
300 109
300 116
300 100
301 3
301 65
301 83
301 123
301 150
301 153
301 101
302 59
302 95
302 98
302 111
302 182
302 102
303 28
303 60
303 103
303 136
303 143
303 172
304 97
304 133
304 104
305 174
305 105
306 127
306 106
307 14
307 100
307 113
307 165
307 198
307 107
308 25
308 41
308 110
308 111
308 128
308 163
308 170
308 188
308 108
309 8
309 138
309 109
310 163
310 110
311 47
311 55
311 191
311 199
311 111
312 156
312 179
312 185
312 112
313 3
313 88
313 102
313 144
313 113
314 1
314 33
314 34
314 50
314 76
314 91
314 116
314 124
314 159
314 193
314 114
315 95
315 164
315 193
315 115
316 26
316 44
316 141
316 144
316 145
316 171
316 116
317 73
317 111
317 151
317 117
318 26
318 69
318 83
318 139
318 180
318 118
319 7
319 17
319 26
319 89
319 121
319 119
320 104
320 116
320 147
320 166
320 173
320 120
321 18
321 86
321 146
321 121
322 43
322 64
322 66
322 162
322 122
323 143
323 123
324 2
324 42
324 67
324 88
324 150
324 155
324 159
324 124
325 0
325 121
325 164
325 125
326 1
326 10
326 44
326 117
326 130
326 172
326 126
327 63
327 95
327 146
327 152
327 127
328 61
328 75
328 149
328 163
328 194
328 128
329 37
329 84
329 117
329 184
329 197
329 129
330 17
330 85
330 94
330 152
330 130
331 18
331 60
331 143
331 153
331 155
331 131
332 25
332 67
332 110
332 132
333 26
333 37
333 65
333 72
333 81
333 119
333 171
333 133
334 42
334 43
334 139
334 147
334 183
334 191
334 134
335 3
335 130
335 148
335 135
336 17
336 33
336 91
336 154
336 173
336 194
336 136
337 68
337 138
337 161
337 137
338 24
338 37
338 61
338 92
338 93
338 111
338 187
338 138
339 5
339 140
339 166
339 139
340 15
340 100
340 138
340 142
340 156
340 140
341 51
341 55
341 178
341 141
342 33
342 68
342 76
342 142
343 11
343 48
343 63
343 71
343 156
343 159
343 181
343 199
343 143
344 14
344 67
344 147
344 158
344 144
345 21
345 33
345 85
345 100
345 110
345 113
345 121
345 175
345 197
345 145
346 56
346 68
346 188
346 190
346 146
347 129
347 147
348 16
348 89
348 196
348 148
349 13
349 47
349 63
349 82
349 85
349 138
349 149
350 51
350 84
350 134
350 177
350 189
350 150
351 42
351 55
351 120
351 151
352 2
352 129
352 139
352 152
353 35
353 154
353 153
354 151
354 154
355 2
355 68
355 119
355 130
355 155
356 47
356 97
356 178
356 156
357 163
357 190
357 157
358 28
358 31
358 122
358 158
359 24
359 50
359 58
359 152
359 159
360 28
360 36
360 53
360 54
360 58
360 86
360 150
360 170
360 171
360 175
360 160
361 73
361 77
361 91
361 127
361 138
361 148
361 164
361 171
361 161
362 14
362 19
362 145
362 195
362 162
363 10
363 125
363 163
364 50
364 106
364 107
364 144
364 199
364 164
365 82
365 131
365 154
365 165
365 181
366 5
366 37
366 78
366 87
366 172
366 173
366 178
366 166
367 132
367 138
367 167
368 10
368 31
368 37
368 69
368 113
368 168
369 59
369 90
369 101
369 169
370 117
370 151
370 170
371 26
371 34
371 88
371 171
372 12
372 69
372 91
372 98
372 133
372 193
372 196
372 172
373 14
373 21
373 86
373 113
373 173
374 24
374 105
374 151
374 182
374 174
375 0
375 41
375 46
375 144
375 175
376 21
376 28
376 82
376 99
376 116
376 132
376 142
376 145
376 173
376 176
377 43
377 55
377 71
377 123
377 135
377 144
377 150
377 151
377 169
377 191
377 177
378 150
378 180
378 196
378 178
379 84
379 102
379 184
379 197
379 179
380 15
380 70
380 84
380 109
380 115
380 129
380 189
380 180
381 141
381 145
381 181
382 29
382 70
382 71
382 147
382 182
383 40
383 170
383 183
384 12
384 36
384 114
384 154
384 184
385 2
385 32
385 83
385 190
385 185
386 30
386 108
386 167
386 168
386 186
387 24
387 124
387 189
387 187
388 35
388 157
388 178
388 190
388 193
388 188
389 181
389 189
390 16
390 81
390 179
390 190
391 122
391 151
391 191
392 72
392 87
392 123
392 160
392 165
392 192
393 7
393 24
393 171
393 185
393 193
394 13
394 64
394 194
395 40
395 80
395 146
395 195
396 44
396 139
396 196
397 134
397 197
398 40
398 49
398 66
398 96
398 113
398 198
399 9
399 15
399 81
399 108
399 112
399 151
399 168
399 182
399 199
