  300   1645
0 210
0 269
0 278
0 286
0 1
0 4
0 7
0 17
0 25
0 38
0 39
0 45
0 48
0 52
0 60
0 73
0 76
0 77
0 133
0 147
0 150
1 184
1 189
1 272
1 285
1 0
1 7
1 19
1 25
1 59
1 100
1 103
1 112
1 130
1 140
1 143
1 148
1 151
2 226
2 265
2 290
2 18
2 23
2 27
2 35
2 37
2 40
2 51
2 56
2 67
2 79
2 81
2 90
2 104
2 105
2 122
2 129
2 132
2 134
2 135
2 149
2 152
3 216
3 224
3 249
3 14
3 17
3 20
3 22
3 29
3 39
3 55
3 60
3 74
3 107
3 115
3 133
3 153
4 159
4 171
4 237
4 272
4 0
4 8
4 12
4 21
4 34
4 44
4 69
4 70
4 74
4 81
4 85
4 95
4 113
4 116
4 123
4 126
4 135
4 139
4 154
5 196
5 210
5 242
5 243
5 247
5 273
5 293
5 21
5 56
5 76
5 96
5 102
5 129
5 134
5 141
5 155
6 165
6 179
6 181
6 279
6 25
6 55
6 72
6 74
6 75
6 97
6 99
6 107
6 119
6 156
7 154
7 167
7 168
7 188
7 201
7 215
7 252
7 255
7 295
7 0
7 1
7 15
7 24
7 54
7 65
7 70
7 74
7 124
7 131
7 157
8 155
8 168
8 235
8 259
8 294
8 4
8 17
8 35
8 64
8 80
8 88
8 110
8 117
8 119
8 138
8 145
8 158
9 217
9 238
9 240
9 269
9 35
9 37
9 65
9 100
9 111
9 116
9 133
9 149
9 159
10 222
10 227
10 53
10 63
10 82
10 87
10 133
10 135
10 148
10 149
10 160
11 174
11 216
11 267
11 293
11 12
11 18
11 29
11 30
11 50
11 52
11 64
11 93
11 106
11 118
11 128
11 130
11 161
12 210
12 279
12 4
12 11
12 38
12 66
12 94
12 97
12 149
12 162
13 191
13 197
13 283
13 285
13 54
13 58
13 78
13 82
13 84
13 86
13 87
13 98
13 104
13 112
13 113
13 121
13 142
13 163
14 221
14 239
14 248
14 3
14 34
14 40
14 42
14 55
14 61
14 63
14 64
14 83
14 102
14 145
14 164
15 153
15 158
15 163
15 179
15 220
15 234
15 240
15 258
15 291
15 7
15 30
15 37
15 74
15 83
15 84
15 141
15 143
15 144
15 165
16 169
16 195
16 205
16 211
16 265
16 274
16 289
16 295
16 54
16 59
16 66
16 83
16 89
16 91
16 117
16 122
16 127
16 134
16 166
17 152
17 155
17 187
17 284
17 0
17 3
17 8
17 32
17 51
17 54
17 57
17 66
17 80
17 87
17 102
17 121
17 135
17 145
17 148
17 167
18 156
18 226
18 256
18 279
18 299
18 180
18 2
18 11
18 19
18 21
18 23
18 31
18 43
18 57
18 131
18 140
18 146
18 168
19 194
19 1
19 18
19 46
19 54
19 61
19 71
19 100
19 104
19 109
19 120
19 139
19 142
19 169
20 265
20 3
20 38
20 51
20 89
20 99
20 123
20 170
21 157
21 175
21 4
21 5
21 18
21 56
21 92
21 96
21 117
21 125
21 171
22 154
22 161
22 203
22 252
22 267
22 3
22 24
22 41
22 44
22 51
22 55
22 64
22 68
22 100
22 109
22 110
22 135
22 137
22 141
22 172
23 151
23 177
23 182
23 192
23 201
23 205
23 2
23 18
23 28
23 71
23 83
23 84
23 85
23 87
23 90
23 97
23 99
23 122
23 127
23 135
23 173
24 230
24 7
24 22
24 41
24 50
24 57
24 95
24 98
24 110
24 120
24 130
24 140
24 174
25 159
25 174
25 194
25 221
25 237
25 249
25 273
25 0
25 1
25 6
25 31
25 85
25 86
25 94
25 102
25 104
25 128
25 132
25 175
26 153
26 160
26 165
26 177
26 202
26 252
26 253
26 262
26 268
26 282
26 293
26 38
26 45
26 54
26 120
26 135
26 144
26 176
27 194
27 233
27 246
27 255
27 2
27 52
27 92
27 99
27 114
27 177
28 179
28 23
28 29
28 36
28 40
28 79
28 116
28 178
29 160
29 218
29 3
29 11
29 28
29 33
29 59
29 95
29 102
29 108
29 110
29 128
29 133
29 144
29 179
30 160
30 202
30 210
30 215
30 235
30 237
30 247
30 11
30 15
30 61
30 88
30 95
30 98
30 104
30 108
30 123
30 126
30 131
30 180
31 192
31 210
31 223
31 18
31 25
31 48
31 80
31 82
31 83
31 96
31 103
31 133
31 181
32 161
32 173
32 190
32 268
32 288
32 290
32 17
32 34
32 48
32 78
32 104
32 129
32 140
32 182
33 252
33 272
33 296
33 29
33 34
33 38
33 61
33 62
33 65
33 82
33 97
33 101
33 109
33 111
33 183
34 171
34 203
34 204
34 217
34 224
34 240
34 280
34 4
34 14
34 32
34 33
34 60
34 83
34 124
34 134
34 139
34 145
34 184
35 184
35 208
35 220
35 232
35 251
35 280
35 2
35 8
35 9
35 52
35 54
35 56
35 97
35 104
35 119
35 148
35 185
36 153
36 184
36 198
36 233
36 248
36 265
36 28
36 38
36 44
36 56
36 59
36 71
36 77
36 102
36 107
36 110
36 115
36 119
36 135
36 148
36 186
37 166
37 170
37 178
37 184
37 245
37 260
37 280
37 2
37 9
37 15
37 51
37 84
37 90
37 121
37 128
37 145
37 187
38 206
38 251
38 293
38 0
38 12
38 20
38 26
38 33
38 36
38 39
38 73
38 85
38 110
38 116
38 188
39 176
39 208
39 236
39 0
39 3
39 38
39 49
39 59
39 65
39 70
39 81
39 110
39 121
39 131
39 143
39 144
39 145
39 146
39 189
40 176
40 284
40 285
40 293
40 294
40 2
40 14
40 28
40 53
40 63
40 69
40 92
40 96
40 103
40 107
40 139
40 146
40 147
40 190
41 169
41 181
41 193
41 244
41 265
41 289
41 22
41 24
41 45
41 53
41 71
41 82
41 89
41 90
41 91
41 97
41 101
41 102
41 108
41 120
41 134
41 144
41 191
42 163
42 236
42 14
42 69
42 73
42 110
42 112
42 113
42 192
43 200
43 246
43 256
43 288
43 293
43 18
43 46
43 65
43 85
43 99
43 193
44 169
44 183
44 210
44 214
44 260
44 4
44 22
44 36
44 79
44 86
44 91
44 93
44 101
44 194
45 220
45 239
45 242
45 248
45 0
45 26
45 41
45 61
45 75
45 86
45 107
45 112
45 123
45 195
46 223
46 233
46 299
46 19
46 43
46 71
46 75
46 104
46 115
46 124
46 126
46 144
46 145
46 196
47 184
47 203
47 254
47 267
47 52
47 56
47 84
47 95
47 111
47 113
47 117
47 121
47 128
47 135
47 197
48 154
48 162
48 165
48 218
48 248
48 267
48 277
48 0
48 31
48 32
48 51
48 93
48 107
48 119
48 137
48 198
49 151
49 272
49 281
49 39
49 77
49 95
49 103
49 114
49 119
49 122
49 199
50 187
50 299
50 11
50 24
50 81
50 86
50 106
50 121
50 124
50 144
50 200
51 164
51 198
51 238
51 2
51 17
51 20
51 22
51 37
51 48
51 55
51 70
51 76
51 81
51 95
51 138
51 143
51 147
51 201
52 198
52 0
52 11
52 27
52 35
52 47
52 56
52 83
52 114
52 202
53 173
53 10
53 40
53 41
53 58
53 88
53 90
53 99
53 203
54 158
54 178
54 181
54 228
54 239
54 254
54 288
54 293
54 7
54 13
54 16
54 17
54 19
54 26
54 35
54 61
54 97
54 124
54 126
54 127
54 139
54 204
55 237
55 289
55 3
55 6
55 14
55 22
55 51
55 56
55 60
55 72
55 82
55 106
55 113
55 142
55 147
55 205
56 211
56 231
56 247
56 273
56 275
56 2
56 5
56 21
56 35
56 36
56 47
56 52
56 55
56 67
56 72
56 75
56 90
56 93
56 115
56 133
56 146
56 147
56 206
57 164
57 165
57 198
57 210
57 229
57 239
57 254
57 285
57 290
57 17
57 18
57 24
57 73
57 76
57 105
57 123
57 207
58 159
58 161
58 162
58 197
58 251
58 264
58 294
58 299
58 13
58 53
58 69
58 73
58 84
58 86
58 89
58 97
58 137
58 208
59 181
59 221
59 232
59 241
59 271
59 273
59 287
59 1
59 16
59 29
59 36
59 39
59 62
59 63
59 77
59 111
59 119
59 130
59 209
60 161
60 209
60 238
60 239
60 245
60 246
60 274
60 286
60 296
60 0
60 3
60 34
60 55
60 97
60 100
60 103
60 108
60 114
60 124
60 131
60 210
61 168
61 172
61 178
61 183
61 194
61 202
61 208
61 223
61 281
61 14
61 19
61 30
61 33
61 45
61 54
61 68
61 85
61 91
61 94
61 103
61 141
61 211
62 192
62 218
62 261
62 263
62 271
62 33
62 59
62 67
62 72
62 90
62 99
62 108
62 135
62 141
62 212
63 169
63 177
63 195
63 202
63 204
63 222
63 283
63 10
63 14
63 40
63 59
63 103
63 120
63 140
63 148
63 213
64 151
64 198
64 212
64 230
64 235
64 260
64 264
64 274
64 8
64 11
64 14
64 22
64 68
64 80
64 107
64 135
64 138
64 142
64 147
64 214
65 151
65 165
65 240
65 267
65 282
65 7
65 9
65 33
65 39
65 43
65 70
65 130
65 215
66 163
66 173
66 264
66 12
66 16
66 17
66 68
66 72
66 82
66 86
66 107
66 108
66 135
66 149
66 216
67 152
67 211
67 229
67 246
67 262
67 2
67 56
67 62
67 83
67 90
67 93
67 106
67 111
67 139
67 217
68 183
68 222
68 270
68 279
68 297
68 22
68 61
68 64
68 66
68 78
68 109
68 138
68 218
69 163
69 264
69 275
69 4
69 40
69 42
69 58
69 81
69 83
69 85
69 99
69 119
69 144
69 219
70 153
70 186
70 201
70 206
70 4
70 7
70 39
70 51
70 65
70 73
70 76
70 78
70 90
70 98
70 103
70 122
70 130
70 141
70 220
71 156
71 161
71 185
71 190
71 248
71 19
71 23
71 36
71 41
71 46
71 85
71 104
71 105
71 221
72 166
72 174
72 245
72 258
72 276
72 279
72 292
72 295
72 6
72 55
72 56
72 62
72 66
72 129
72 138
72 222
73 150
73 165
73 206
73 250
73 0
73 38
73 42
73 57
73 58
73 70
73 86
73 94
73 114
73 223
74 212
74 219
74 222
74 233
74 236
74 275
74 281
74 3
74 4
74 6
74 7
74 15
74 79
74 100
74 122
74 134
74 142
74 224
75 209
75 241
75 6
75 45
75 46
75 56
75 124
75 128
75 147
75 225
76 206
76 208
76 226
76 269
76 276
76 295
76 297
76 0
76 5
76 51
76 57
76 70
76 79
76 101
76 112
76 114
76 123
76 136
76 137
77 153
77 175
77 178
77 210
77 239
77 243
77 268
77 273
77 295
77 0
77 36
77 49
77 59
77 80
77 83
77 86
77 122
77 227
78 239
78 259
78 263
78 270
78 13
78 32
78 68
78 70
78 149
78 228
79 166
79 252
79 270
79 2
79 28
79 44
79 74
79 76
79 99
79 116
79 121
79 132
79 135
79 143
79 229
80 168
80 262
80 8
80 17
80 31
80 64
80 77
80 102
80 123
80 140
80 142
80 230
81 173
81 185
81 187
81 211
81 259
81 278
81 2
81 4
81 39
81 50
81 51
81 69
81 98
81 114
81 146
81 231
82 158
82 193
82 199
82 225
82 231
82 265
82 10
82 13
82 31
82 33
82 41
82 55
82 66
82 105
82 130
82 137
82 232
83 166
83 200
83 220
83 230
83 232
83 236
83 250
83 274
83 14
83 15
83 16
83 23
83 31
83 34
83 52
83 67
83 69
83 77
83 94
83 104
83 117
83 127
83 131
83 132
83 233
84 206
84 212
84 213
84 232
84 13
84 15
84 23
84 37
84 47
84 58
84 85
84 91
84 116
84 143
84 145
84 234
85 150
85 196
85 200
85 214
85 220
85 232
85 262
85 276
85 291
85 4
85 23
85 25
85 38
85 43
85 61
85 69
85 71
85 84
85 90
85 98
85 103
85 106
85 107
85 125
85 129
85 135
85 235
86 181
86 191
86 205
86 213
86 268
86 276
86 13
86 25
86 44
86 45
86 50
86 58
86 66
86 73
86 77
86 98
86 119
86 128
86 135
86 142
86 236
87 169
87 178
87 185
87 238
87 243
87 292
87 10
87 13
87 17
87 23
87 133
87 144
87 146
87 237
88 156
88 195
88 229
88 8
88 30
88 53
88 95
88 111
88 114
88 121
88 131
88 134
88 149
88 238
89 214
89 232
89 243
89 264
89 282
89 16
89 20
89 41
89 58
89 108
89 113
89 125
89 137
89 141
89 239
90 153
90 229
90 283
90 2
90 23
90 37
90 41
90 53
90 56
90 62
90 67
90 70
90 85
90 105
90 109
90 142
90 149
90 240
91 166
91 207
91 249
91 263
91 16
91 41
91 44
91 61
91 84
91 96
91 112
91 115
91 117
91 122
91 123
91 126
91 241
92 178
92 228
92 248
92 264
92 272
92 274
92 289
92 21
92 27
92 40
92 97
92 104
92 111
92 127
92 242
93 215
93 287
93 11
93 44
93 48
93 56
93 67
93 98
93 101
93 115
93 133
93 148
93 243
94 161
94 166
94 189
94 192
94 194
94 197
94 231
94 12
94 25
94 61
94 73
94 83
94 104
94 244
95 159
95 188
95 198
95 200
95 239
95 249
95 250
95 258
95 287
95 293
95 4
95 24
95 29
95 30
95 47
95 49
95 51
95 88
95 104
95 122
95 129
95 141
95 245
96 151
96 195
96 214
96 235
96 238
96 242
96 245
96 5
96 21
96 31
96 40
96 91
96 104
96 124
96 136
96 138
96 147
96 246
97 217
97 254
97 256
97 273
97 6
97 12
97 23
97 33
97 35
97 41
97 54
97 58
97 60
97 92
97 109
97 247
98 154
98 280
98 13
98 24
98 30
98 70
98 81
98 85
98 86
98 93
98 104
98 248
99 185
99 206
99 265
99 289
99 291
99 295
99 6
99 20
99 23
99 27
99 43
99 53
99 62
99 69
99 79
99 119
99 133
99 249
100 150
100 248
100 263
100 277
100 1
100 9
100 19
100 22
100 60
100 74
100 103
100 104
100 127
100 134
100 250
101 168
101 174
101 204
101 280
101 33
101 41
101 44
101 76
101 93
101 111
101 113
101 133
101 139
101 145
101 251
102 173
102 206
102 218
102 263
102 5
102 14
102 17
102 25
102 29
102 36
102 41
102 80
102 118
102 131
102 252
103 152
103 177
103 191
103 273
103 278
103 1
103 31
103 40
103 49
103 60
103 61
103 63
103 70
103 85
103 100
103 111
103 122
103 130
103 133
103 253
104 174
104 188
104 210
104 242
104 268
104 276
104 283
104 2
104 13
104 19
104 25
104 30
104 32
104 35
104 46
104 71
104 83
104 92
104 94
104 95
104 96
104 98
104 100
104 128
104 135
104 137
104 142
104 254
105 203
105 236
105 265
105 285
105 298
105 2
105 57
105 71
105 82
105 90
105 107
105 113
105 114
105 126
105 255
106 177
106 194
106 196
106 200
106 211
106 240
106 11
106 50
106 55
106 67
106 85
106 108
106 118
106 256
107 260
107 277
107 3
107 6
107 36
107 40
107 45
107 48
107 64
107 66
107 85
107 105
107 113
107 120
107 125
107 141
107 257
108 167
108 204
108 213
108 243
108 250
108 260
108 289
108 29
108 30
108 41
108 60
108 62
108 66
108 89
108 106
108 109
108 113
108 125
108 258
109 189
109 19
109 22
109 33
109 68
109 90
109 97
109 108
109 119
109 133
109 148
109 259
110 183
110 208
110 223
110 239
110 285
110 8
110 22
110 24
110 29
110 36
110 38
110 39
110 42
110 117
110 118
110 132
110 134
110 260
111 218
111 9
111 33
111 47
111 59
111 67
111 88
111 92
111 101
111 103
111 119
111 131
111 145
111 261
112 186
112 196
112 245
112 269
112 294
112 1
112 13
112 42
112 45
112 76
112 91
112 124
112 138
112 143
112 262
113 167
113 4
113 13
113 42
113 47
113 55
113 89
113 101
113 105
113 107
113 108
113 123
113 137
113 145
113 263
114 172
114 198
114 200
114 203
114 270
114 272
114 27
114 49
114 52
114 60
114 73
114 76
114 81
114 88
114 105
114 117
114 120
114 122
114 147
114 264
115 172
115 192
115 248
115 252
115 254
115 3
115 36
115 46
115 56
115 91
115 93
115 265
116 156
116 248
116 279
116 4
116 9
116 28
116 38
116 79
116 84
116 149
116 266
117 170
117 183
117 205
117 262
117 278
117 287
117 8
117 16
117 21
117 47
117 83
117 91
117 110
117 114
117 119
117 134
117 137
117 146
117 267
118 175
118 187
118 197
118 218
118 268
118 11
118 102
118 106
118 110
118 121
118 127
119 150
119 211
119 227
119 238
119 246
119 254
119 6
119 8
119 35
119 36
119 48
119 49
119 59
119 69
119 86
119 99
119 109
119 111
119 117
119 269
120 183
120 291
120 297
120 19
120 24
120 26
120 41
120 63
120 107
120 114
120 135
120 270
121 164
121 202
121 237
121 240
121 246
121 258
121 281
121 282
121 13
121 17
121 37
121 39
121 47
121 50
121 79
121 88
121 118
121 124
121 126
121 130
121 140
121 271
122 183
122 2
122 16
122 23
122 49
122 70
122 74
122 77
122 91
122 95
122 103
122 114
122 140
122 272
123 185
123 195
123 209
123 275
123 4
123 20
123 30
123 45
123 57
123 76
123 80
123 91
123 113
123 128
123 133
123 273
124 168
124 245
124 250
124 267
124 273
124 280
124 282
124 7
124 34
124 46
124 50
124 54
124 60
124 75
124 96
124 112
124 121
124 274
125 165
125 268
125 289
125 21
125 85
125 89
125 107
125 108
125 130
125 149
125 275
126 175
126 282
126 4
126 30
126 46
126 54
126 91
126 105
126 121
126 129
126 142
126 276
127 167
127 197
127 228
127 276
127 291
127 16
127 23
127 54
127 83
127 92
127 100
127 118
127 277
128 182
128 254
128 270
128 291
128 11
128 25
128 29
128 37
128 47
128 75
128 86
128 104
128 123
128 148
128 278
129 169
129 177
129 183
129 240
129 266
129 2
129 5
129 32
129 72
129 85
129 95
129 126
129 140
129 279
130 158
130 218
130 245
130 1
130 11
130 24
130 59
130 65
130 70
130 82
130 103
130 121
130 125
130 145
130 280
131 237
131 7
131 18
131 30
131 39
131 60
131 83
131 88
131 102
131 111
131 281
132 156
132 164
132 188
132 206
132 228
132 2
132 25
132 79
132 83
132 110
132 137
132 282
133 162
133 169
133 177
133 197
133 200
133 297
133 0
133 3
133 9
133 10
133 29
133 31
133 56
133 87
133 93
133 99
133 101
133 103
133 109
133 123
133 145
133 283
134 192
134 218
134 220
134 222
134 243
134 257
134 283
134 295
134 2
134 5
134 16
134 34
134 41
134 74
134 88
134 100
134 110
134 117
134 149
134 284
135 167
135 198
135 212
135 220
135 294
135 2
135 4
135 10
135 17
135 22
135 23
135 26
135 36
135 47
135 62
135 64
135 66
135 79
135 85
135 86
135 104
135 120
135 285
136 189
136 198
136 236
136 250
136 268
136 296
136 76
136 96
136 138
136 145
136 286
137 193
137 225
137 256
137 264
137 282
137 22
137 48
137 58
137 76
137 82
137 89
137 104
137 113
137 117
137 132
137 138
137 143
137 287
138 158
138 179
138 216
138 242
138 262
138 299
138 8
138 51
138 64
138 68
138 72
138 96
138 112
138 136
138 137
138 140
138 147
138 288
139 150
139 221
139 232
139 275
139 281
139 4
139 19
139 34
139 40
139 54
139 67
139 101
139 140
139 143
139 145
139 289
140 219
140 1
140 18
140 24
140 32
140 63
140 80
140 121
140 122
140 129
140 138
140 139
140 290
141 186
141 195
141 244
141 277
141 278
141 292
141 5
141 15
141 22
141 61
141 62
141 70
141 89
141 95
141 107
141 142
141 291
142 163
142 198
142 207
142 236
142 255
142 264
142 270
142 296
142 13
142 19
142 55
142 64
142 74
142 80
142 86
142 90
142 104
142 126
142 141
142 143
142 292
143 188
143 207
143 213
143 229
143 236
143 276
143 1
143 15
143 39
143 51
143 79
143 84
143 112
143 137
143 139
143 142
143 293
144 223
144 250
144 15
144 26
144 29
144 39
144 41
144 46
144 50
144 69
144 87
144 294
145 150
145 226
145 238
145 279
145 298
145 8
145 14
145 17
145 34
145 37
145 39
145 46
145 84
145 101
145 111
145 113
145 130
145 133
145 136
145 139
145 148
145 295
146 157
146 160
146 169
146 173
146 243
146 18
146 39
146 40
146 56
146 81
146 87
146 117
146 296
147 193
147 194
147 195
147 199
147 295
147 0
147 40
147 51
147 55
147 56
147 64
147 75
147 96
147 114
147 138
147 297
148 193
148 215
148 240
148 262
148 273
148 1
148 10
148 17
148 35
148 36
148 63
148 93
148 109
148 128
148 145
148 298
149 162
149 169
149 219
149 246
149 255
149 267
149 2
149 9
149 10
149 12
149 66
149 78
149 88
149 90
149 116
149 125
149 134
149 299
150 73
150 85
150 100
150 119
150 139
150 145
150 0
151 23
151 49
151 64
151 65
151 96
151 1
152 17
152 67
152 103
152 2
153 15
153 26
153 36
153 70
153 77
153 90
153 3
154 7
154 22
154 48
154 98
154 4
155 8
155 17
155 5
156 18
156 71
156 88
156 116
156 132
156 6
157 21
157 146
157 7
158 15
158 54
158 82
158 130
158 138
158 8
159 4
159 25
159 58
159 95
159 9
160 26
160 29
160 30
160 146
160 10
161 22
161 32
161 58
161 60
161 71
161 94
161 11
162 48
162 58
162 133
162 149
162 12
163 15
163 42
163 66
163 69
163 142
163 13
164 51
164 57
164 121
164 132
164 14
165 6
165 26
165 48
165 57
165 65
165 73
165 125
165 15
166 37
166 72
166 79
166 83
166 91
166 94
166 16
167 7
167 108
167 113
167 127
167 135
167 17
168 7
168 8
168 61
168 80
168 101
168 124
168 18
169 16
169 41
169 44
169 63
169 87
169 129
169 133
169 146
169 149
169 19
170 37
170 117
170 20
171 4
171 34
171 21
172 61
172 114
172 115
172 22
173 32
173 53
173 66
173 81
173 102
173 146
173 23
174 11
174 25
174 72
174 101
174 104
174 24
175 21
175 77
175 118
175 126
175 25
176 39
176 40
176 26
177 23
177 26
177 63
177 103
177 106
177 129
177 133
177 27
178 37
178 54
178 61
178 77
178 87
178 92
178 28
179 6
179 15
179 28
179 138
179 29
180 18
180 30
181 6
181 41
181 54
181 59
181 86
181 31
182 23
182 128
182 32
183 44
183 61
183 68
183 110
183 117
183 120
183 122
183 129
183 33
184 1
184 35
184 36
184 37
184 47
184 34
185 71
185 81
185 87
185 99
185 123
185 35
186 70
186 112
186 141
186 36
187 17
187 50
187 81
187 118
187 37
188 7
188 95
188 104
188 132
188 143
188 38
189 1
189 94
189 109
189 136
189 39
190 32
190 71
190 40
191 13
191 86
191 103
191 41
192 23
192 31
192 62
192 94
192 115
192 134
192 42
193 41
193 82
193 137
193 147
193 148
193 43
194 19
194 25
194 27
194 61
194 94
194 106
194 147
194 44
195 16
195 63
195 88
195 96
195 123
195 141
195 147
195 45
196 5
196 85
196 106
196 112
196 46
197 13
197 58
197 94
197 118
197 127
197 133
197 47
198 36
198 51
198 52
198 57
198 64
198 95
198 114
198 135
198 136
198 142
198 48
199 82
199 147
199 49
200 43
200 83
200 85
200 95
200 106
200 114
200 133
200 50
201 7
201 23
201 70
201 51
202 26
202 30
202 61
202 63
202 121
202 52
203 22
203 34
203 47
203 105
203 114
203 53
204 34
204 63
204 101
204 108
204 54
205 16
205 23
205 86
205 117
205 55
206 38
206 70
206 73
206 76
206 84
206 99
206 102
206 132
206 56
207 91
207 142
207 143
207 57
208 35
208 39
208 61
208 76
208 110
208 58
209 60
209 75
209 123
209 59
210 0
210 5
210 12
210 30
210 31
210 44
210 57
210 77
210 104
210 60
211 16
211 56
211 67
211 81
211 106
211 119
211 61
212 64
212 74
212 84
212 135
212 62
213 84
213 86
213 108
213 143
213 63
214 44
214 85
214 89
214 96
214 64
215 7
215 30
215 93
215 148
215 65
216 3
216 11
216 138
216 66
217 9
217 34
217 97
217 67
218 29
218 48
218 62
218 102
218 111
218 118
218 130
218 134
218 68
219 74
219 140
219 149
219 69
220 15
220 35
220 45
220 83
220 85
220 134
220 135
220 70
221 14
221 25
221 59
221 139
221 71
222 10
222 63
222 68
222 74
222 134
222 72
223 31
223 46
223 61
223 110
223 144
223 73
224 3
224 34
224 74
225 82
225 137
225 75
226 2
226 18
226 76
226 145
227 10
227 119
227 77
228 54
228 92
228 127
228 132
228 78
229 57
229 67
229 88
229 90
229 143
229 79
230 24
230 64
230 83
230 80
231 56
231 82
231 94
231 81
232 35
232 59
232 83
232 84
232 85
232 89
232 139
232 82
233 27
233 36
233 46
233 74
233 83
234 15
234 84
235 8
235 30
235 64
235 96
235 85
236 39
236 42
236 74
236 83
236 105
236 136
236 142
236 143
236 86
237 4
237 25
237 30
237 55
237 121
237 131
237 87
238 9
238 51
238 60
238 87
238 96
238 119
238 145
238 88
239 14
239 45
239 54
239 57
239 60
239 77
239 78
239 95
239 110
239 89
240 9
240 15
240 34
240 65
240 106
240 121
240 129
240 148
240 90
241 59
241 75
241 91
242 5
242 45
242 96
242 104
242 138
242 92
243 5
243 77
243 87
243 89
243 108
243 134
243 146
243 93
244 41
244 141
244 94
245 37
245 60
245 72
245 96
245 112
245 124
245 130
245 95
246 27
246 43
246 60
246 67
246 119
246 121
246 149
246 96
247 5
247 30
247 56
247 97
248 14
248 36
248 45
248 48
248 71
248 92
248 100
248 115
248 116
248 98
249 3
249 25
249 91
249 95
249 99
250 73
250 83
250 95
250 108
250 124
250 136
250 144
250 100
251 35
251 38
251 58
251 101
252 7
252 22
252 26
252 33
252 79
252 115
252 102
253 26
253 103
254 47
254 54
254 57
254 97
254 115
254 119
254 128
254 104
255 7
255 27
255 142
255 149
255 105
256 18
256 43
256 97
256 137
256 106
257 134
257 107
258 15
258 72
258 95
258 121
258 108
259 8
259 78
259 81
259 109
260 37
260 44
260 64
260 107
260 108
260 110
261 62
261 111
262 26
262 67
262 80
262 85
262 117
262 138
262 148
262 112
263 62
263 78
263 91
263 100
263 102
263 113
264 58
264 64
264 66
264 69
264 89
264 92
264 137
264 142
264 114
265 2
265 16
265 20
265 36
265 41
265 82
265 99
265 105
265 115
266 129
266 116
267 11
267 22
267 47
267 48
267 65
267 124
267 149
267 117
268 26
268 32
268 77
268 86
268 104
268 118
268 125
268 136
269 0
269 9
269 76
269 112
269 119
270 68
270 78
270 79
270 114
270 128
270 142
270 120
271 59
271 62
271 121
272 1
272 4
272 33
272 49
272 92
272 114
272 122
273 5
273 25
273 56
273 59
273 77
273 97
273 103
273 124
273 148
273 123
274 16
274 60
274 64
274 83
274 92
274 124
275 56
275 69
275 74
275 123
275 139
275 125
276 72
276 76
276 85
276 86
276 104
276 127
276 143
276 126
277 48
277 100
277 107
277 141
277 127
278 0
278 81
278 103
278 117
278 141
278 128
279 6
279 12
279 18
279 68
279 72
279 116
279 145
279 129
280 34
280 35
280 37
280 98
280 101
280 124
280 130
281 49
281 61
281 74
281 121
281 139
281 131
282 26
282 65
282 89
282 121
282 124
282 126
282 137
282 132
283 13
283 63
283 90
283 104
283 134
283 133
284 17
284 40
284 134
285 1
285 13
285 40
285 57
285 105
285 110
285 135
286 0
286 60
286 136
287 59
287 93
287 95
287 117
287 137
288 32
288 43
288 54
288 138
289 16
289 41
289 55
289 92
289 99
289 108
289 125
289 139
290 2
290 32
290 57
290 140
291 15
291 85
291 99
291 120
291 127
291 128
291 141
292 72
292 87
292 141
292 142
293 5
293 11
293 26
293 38
293 40
293 43
293 54
293 95
293 143
294 8
294 40
294 58
294 112
294 135
294 144
295 7
295 16
295 72
295 76
295 77
295 99
295 134
295 147
295 145
296 33
296 60
296 136
296 142
296 146
297 68
297 76
297 120
297 133
297 147
298 105
298 145
298 148
299 18
299 46
299 50
299 58
299 138
299 149
