  300   1832
0 210
0 269
0 278
0 286
0 9
0 10
0 16
0 19
0 21
0 34
0 52
0 68
0 85
0 91
0 103
0 105
0 117
0 123
0 140
0 146
0 150
1 184
1 189
1 272
1 285
1 4
1 5
1 14
1 16
1 23
1 24
1 31
1 45
1 52
1 63
1 64
1 81
1 82
1 83
1 84
1 91
1 97
1 111
1 143
1 151
2 226
2 265
2 290
2 8
2 13
2 19
2 30
2 64
2 65
2 79
2 82
2 90
2 116
2 128
2 129
2 149
2 152
3 216
3 224
3 249
3 9
3 17
3 21
3 53
3 87
3 102
3 131
3 136
3 137
3 153
4 159
4 171
4 237
4 272
4 1
4 18
4 44
4 56
4 62
4 66
4 87
4 89
4 94
4 95
4 100
4 102
4 128
4 131
4 135
4 154
5 196
5 210
5 242
5 243
5 247
5 273
5 293
5 1
5 9
5 10
5 12
5 13
5 21
5 39
5 41
5 58
5 65
5 73
5 107
5 131
5 139
5 140
5 155
6 165
6 179
6 181
6 279
6 21
6 47
6 57
6 59
6 61
6 72
6 94
6 100
6 102
6 114
6 138
6 144
6 156
7 154
7 167
7 168
7 188
7 201
7 215
7 252
7 255
7 295
7 40
7 44
7 45
7 50
7 86
7 87
7 97
7 102
7 105
7 113
7 119
7 124
7 125
7 135
7 157
8 155
8 168
8 235
8 259
8 294
8 2
8 16
8 30
8 50
8 64
8 71
8 75
8 96
8 103
8 106
8 123
8 147
8 158
9 217
9 238
9 240
9 269
9 0
9 3
9 5
9 38
9 40
9 60
9 84
9 91
9 104
9 106
9 126
9 128
9 130
9 159
10 222
10 227
10 0
10 5
10 39
10 48
10 54
10 56
10 98
10 101
10 103
10 104
10 105
10 146
10 160
11 174
11 216
11 267
11 293
11 32
11 57
11 68
11 100
11 105
11 108
11 109
11 121
11 125
11 127
11 138
11 161
12 210
12 279
12 5
12 32
12 37
12 41
12 65
12 89
12 102
12 115
12 132
12 148
12 149
12 162
13 191
13 197
13 283
13 285
13 2
13 5
13 14
13 16
13 27
13 28
13 39
13 41
13 44
13 57
13 67
13 74
13 83
13 84
13 95
13 98
13 105
13 115
13 118
13 125
13 128
13 134
13 138
13 149
13 163
14 221
14 239
14 248
14 1
14 13
14 17
14 21
14 53
14 57
14 63
14 87
14 90
14 110
14 117
14 129
14 132
14 135
14 141
14 146
14 164
15 153
15 158
15 163
15 179
15 220
15 234
15 240
15 258
15 291
15 19
15 28
15 32
15 57
15 86
15 107
15 119
15 125
15 130
15 147
15 165
16 169
16 195
16 205
16 211
16 265
16 274
16 289
16 295
16 0
16 1
16 8
16 13
16 26
16 28
16 33
16 35
16 42
16 44
16 92
16 99
16 140
16 166
17 152
17 155
17 187
17 284
17 3
17 14
17 30
17 34
17 46
17 66
17 75
17 86
17 124
17 133
17 135
17 138
17 142
17 144
17 167
18 156
18 226
18 256
18 279
18 299
18 180
18 4
18 19
18 25
18 32
18 52
18 54
18 61
18 72
18 107
18 116
18 122
18 131
18 133
18 136
18 138
18 168
19 194
19 0
19 2
19 15
19 18
19 28
19 50
19 52
19 54
19 65
19 75
19 114
19 124
19 169
20 265
20 30
20 56
20 104
20 110
20 118
20 121
20 132
20 170
21 157
21 175
21 0
21 3
21 5
21 6
21 14
21 31
21 53
21 57
21 75
21 76
21 81
21 84
21 104
21 108
21 118
21 120
21 131
21 136
21 137
21 171
22 154
22 161
22 203
22 252
22 267
22 23
22 24
22 29
22 43
22 86
22 95
22 102
22 122
22 123
22 126
22 143
22 172
23 151
23 177
23 182
23 192
23 201
23 205
23 1
23 22
23 28
23 33
23 41
23 80
23 84
23 90
23 97
23 98
23 99
23 107
23 112
23 115
23 173
24 230
24 1
24 22
24 28
24 38
24 43
24 47
24 54
24 55
24 73
24 77
24 82
24 83
24 85
24 91
24 97
24 110
24 113
24 124
24 129
24 130
24 145
24 146
24 147
24 174
25 159
25 174
25 194
25 221
25 237
25 249
25 273
25 18
25 68
25 93
25 105
25 115
25 133
25 135
25 136
25 175
26 153
26 160
26 165
26 177
26 202
26 252
26 253
26 262
26 268
26 282
26 293
26 16
26 37
26 51
26 52
26 72
26 76
26 83
26 86
26 87
26 88
26 91
26 92
26 97
26 105
26 116
26 127
26 139
26 148
26 176
27 194
27 233
27 246
27 255
27 13
27 42
27 55
27 56
27 57
27 61
27 79
27 83
27 91
27 125
27 138
27 177
28 179
28 13
28 15
28 16
28 19
28 23
28 24
28 35
28 39
28 41
28 46
28 54
28 60
28 65
28 73
28 111
28 121
28 122
28 148
28 178
29 160
29 218
29 22
29 62
29 88
29 99
29 109
29 113
29 114
29 137
29 145
29 179
30 160
30 202
30 210
30 215
30 235
30 237
30 247
30 2
30 8
30 17
30 20
30 33
30 41
30 65
30 67
30 126
30 142
30 180
31 192
31 210
31 223
31 1
31 21
31 34
31 38
31 51
31 67
31 78
31 79
31 100
31 118
31 128
31 137
31 181
32 161
32 173
32 190
32 268
32 288
32 290
32 11
32 12
32 15
32 18
32 40
32 41
32 45
32 50
32 86
32 94
32 98
32 105
32 113
32 124
32 182
33 252
33 272
33 296
33 16
33 23
33 30
33 38
33 43
33 44
33 71
33 78
33 88
33 92
33 95
33 113
33 117
33 118
33 143
33 147
33 183
34 171
34 203
34 204
34 217
34 224
34 240
34 280
34 0
34 17
34 31
34 72
34 113
34 124
34 136
34 184
35 184
35 208
35 220
35 232
35 251
35 280
35 16
35 28
35 37
35 51
35 55
35 84
35 95
35 100
35 106
35 110
35 132
35 137
35 139
35 185
36 153
36 184
36 198
36 233
36 248
36 265
36 37
36 52
36 55
36 57
36 73
36 86
36 88
36 96
36 131
36 148
36 186
37 166
37 170
37 178
37 184
37 245
37 260
37 280
37 12
37 26
37 35
37 36
37 40
37 45
37 49
37 68
37 83
37 84
37 87
37 89
37 103
37 117
37 120
37 130
37 187
38 206
38 251
38 293
38 9
38 24
38 31
38 33
38 72
38 85
38 89
38 109
38 122
38 136
38 188
39 176
39 208
39 236
39 5
39 10
39 13
39 28
39 47
39 55
39 57
39 59
39 62
39 75
39 76
39 77
39 80
39 82
39 85
39 106
39 116
39 189
40 176
40 284
40 285
40 293
40 294
40 7
40 9
40 32
40 37
40 50
40 64
40 67
40 88
40 89
40 94
40 109
40 134
40 190
41 169
41 181
41 193
41 244
41 265
41 289
41 5
41 12
41 13
41 23
41 28
41 30
41 32
41 47
41 48
41 63
41 94
41 100
41 109
41 113
41 122
41 127
41 128
41 191
42 163
42 236
42 16
42 27
42 47
42 59
42 70
42 76
42 79
42 80
42 88
42 96
42 104
42 122
42 123
42 145
42 192
43 200
43 246
43 256
43 288
43 293
43 22
43 24
43 33
43 58
43 71
43 72
43 73
43 106
43 139
43 193
44 169
44 183
44 210
44 214
44 260
44 4
44 7
44 13
44 16
44 33
44 63
44 72
44 76
44 89
44 101
44 110
44 119
44 149
44 194
45 220
45 239
45 242
45 248
45 1
45 7
45 32
45 37
45 54
45 58
45 96
45 110
45 118
45 141
45 143
45 195
46 223
46 233
46 299
46 17
46 28
46 58
46 73
46 79
46 83
46 90
46 108
46 125
46 132
46 196
47 184
47 203
47 254
47 267
47 6
47 24
47 39
47 41
47 42
47 57
47 93
47 97
47 111
47 117
47 136
47 197
48 154
48 162
48 165
48 218
48 248
48 267
48 277
48 10
48 41
48 49
48 68
48 87
48 107
48 110
48 116
48 138
48 143
48 146
48 198
49 151
49 272
49 281
49 37
49 48
49 72
49 83
49 94
49 122
49 126
49 131
49 137
49 145
49 147
49 199
50 187
50 299
50 7
50 8
50 19
50 32
50 40
50 72
50 88
50 112
50 113
50 121
50 122
50 133
50 137
50 139
50 200
51 164
51 198
51 238
51 26
51 31
51 35
51 59
51 60
51 79
51 89
51 98
51 119
51 127
51 128
51 131
51 139
51 201
52 198
52 0
52 1
52 18
52 19
52 26
52 36
52 67
52 76
52 80
52 123
52 128
52 144
52 146
52 148
52 202
53 173
53 3
53 14
53 21
53 54
53 70
53 87
53 106
53 114
53 119
53 139
53 203
54 158
54 178
54 181
54 228
54 239
54 254
54 288
54 293
54 10
54 18
54 19
54 24
54 28
54 45
54 53
54 60
54 61
54 66
54 102
54 112
54 204
55 237
55 289
55 24
55 27
55 35
55 36
55 39
55 65
55 66
55 76
55 83
55 97
55 108
55 109
55 114
55 117
55 205
56 211
56 231
56 247
56 273
56 275
56 4
56 10
56 20
56 27
56 83
56 88
56 100
56 126
56 142
56 148
56 206
57 164
57 165
57 198
57 210
57 229
57 239
57 254
57 285
57 290
57 6
57 11
57 13
57 14
57 15
57 21
57 27
57 36
57 39
57 47
57 69
57 75
57 101
57 104
57 124
57 144
57 207
58 159
58 161
58 162
58 197
58 251
58 264
58 294
58 299
58 5
58 43
58 45
58 46
58 59
58 66
58 71
58 74
58 75
58 105
58 106
58 107
58 128
58 132
58 208
59 181
59 221
59 232
59 241
59 271
59 273
59 287
59 6
59 39
59 42
59 51
59 58
59 69
59 90
59 110
59 118
59 140
59 209
60 161
60 209
60 238
60 239
60 245
60 246
60 274
60 286
60 296
60 9
60 28
60 51
60 54
60 85
60 118
60 120
60 129
60 130
60 139
60 141
60 210
61 168
61 172
61 178
61 183
61 194
61 202
61 208
61 223
61 281
61 6
61 18
61 27
61 54
61 64
61 75
61 85
61 97
61 109
61 110
61 124
61 131
61 144
61 149
61 211
62 192
62 218
62 261
62 263
62 271
62 4
62 29
62 39
62 81
62 105
62 112
62 113
62 117
62 130
62 212
63 169
63 177
63 195
63 202
63 204
63 222
63 283
63 1
63 14
63 41
63 44
63 81
63 85
63 99
63 117
63 125
63 137
63 213
64 151
64 198
64 212
64 230
64 235
64 260
64 264
64 274
64 1
64 2
64 8
64 40
64 61
64 66
64 95
64 103
64 106
64 120
64 128
64 133
64 134
64 137
64 139
64 145
64 214
65 151
65 165
65 240
65 267
65 282
65 2
65 5
65 12
65 19
65 28
65 30
65 55
65 69
65 88
65 92
65 112
65 123
65 125
65 132
65 138
65 147
65 149
65 215
66 163
66 173
66 264
66 4
66 17
66 54
66 55
66 58
66 64
66 75
66 78
66 89
66 101
66 123
66 128
66 216
67 152
67 211
67 229
67 246
67 262
67 13
67 30
67 31
67 40
67 52
67 68
67 70
67 100
67 135
67 146
67 217
68 183
68 222
68 270
68 279
68 297
68 0
68 11
68 25
68 37
68 48
68 67
68 73
68 108
68 112
68 124
68 218
69 163
69 264
69 275
69 57
69 59
69 65
69 70
69 75
69 79
69 80
69 91
69 107
69 117
69 124
69 140
69 141
69 219
70 153
70 186
70 201
70 206
70 42
70 53
70 67
70 69
70 74
70 101
70 131
70 220
71 156
71 161
71 185
71 190
71 248
71 8
71 33
71 43
71 58
71 75
71 89
71 97
71 105
71 110
71 111
71 120
71 221
72 166
72 174
72 245
72 258
72 276
72 279
72 292
72 295
72 6
72 18
72 26
72 34
72 38
72 43
72 44
72 49
72 50
72 74
72 90
72 103
72 104
72 131
72 137
72 141
72 149
72 222
73 150
73 165
73 206
73 250
73 5
73 24
73 28
73 36
73 43
73 46
73 68
73 86
73 94
73 95
73 104
73 109
73 114
73 117
73 125
73 130
73 136
73 138
73 223
74 212
74 219
74 222
74 233
74 236
74 275
74 281
74 13
74 58
74 70
74 72
74 89
74 92
74 93
74 111
74 112
74 113
74 123
74 130
74 145
74 224
75 209
75 241
75 8
75 17
75 19
75 21
75 39
75 57
75 58
75 61
75 66
75 69
75 71
75 92
75 97
75 100
75 129
75 135
75 139
75 225
76 206
76 208
76 226
76 269
76 276
76 295
76 297
76 21
76 26
76 39
76 42
76 44
76 52
76 55
76 92
76 126
76 127
76 130
77 153
77 175
77 178
77 210
77 239
77 243
77 268
77 273
77 295
77 24
77 39
77 91
77 99
77 104
77 112
77 113
77 146
77 227
78 239
78 259
78 263
78 270
78 31
78 33
78 66
78 93
78 94
78 96
78 111
78 129
78 135
78 144
78 147
78 228
79 166
79 252
79 270
79 2
79 27
79 31
79 42
79 46
79 51
79 69
79 94
79 99
79 101
79 108
79 138
79 229
80 168
80 262
80 23
80 39
80 42
80 52
80 69
80 86
80 94
80 104
80 119
80 133
80 134
80 140
80 149
80 230
81 173
81 185
81 187
81 211
81 259
81 278
81 1
81 21
81 62
81 63
81 85
81 102
81 111
81 146
81 149
81 231
82 158
82 193
82 199
82 225
82 231
82 265
82 1
82 2
82 24
82 39
82 99
82 105
82 128
82 131
82 232
83 166
83 200
83 220
83 230
83 232
83 236
83 250
83 274
83 1
83 13
83 24
83 26
83 27
83 37
83 46
83 49
83 55
83 56
83 100
83 107
83 108
83 124
83 134
83 233
84 206
84 212
84 213
84 232
84 1
84 9
84 13
84 21
84 23
84 35
84 37
84 107
84 114
84 125
84 133
84 137
84 145
84 234
85 150
85 196
85 200
85 214
85 220
85 232
85 262
85 276
85 291
85 0
85 24
85 38
85 39
85 60
85 61
85 63
85 81
85 98
85 102
85 103
85 114
85 118
85 130
85 131
85 139
85 235
86 181
86 191
86 205
86 213
86 268
86 276
86 7
86 15
86 17
86 22
86 26
86 32
86 36
86 73
86 80
86 100
86 128
86 131
86 132
86 138
86 236
87 169
87 178
87 185
87 238
87 243
87 292
87 3
87 4
87 7
87 14
87 26
87 37
87 48
87 53
87 91
87 109
87 237
88 156
88 195
88 229
88 26
88 29
88 33
88 36
88 40
88 42
88 50
88 56
88 65
88 91
88 112
88 123
88 133
88 238
89 214
89 232
89 243
89 264
89 282
89 4
89 12
89 37
89 38
89 40
89 44
89 51
89 66
89 71
89 74
89 95
89 131
89 137
89 239
90 153
90 229
90 283
90 2
90 14
90 23
90 46
90 59
90 72
90 92
90 100
90 103
90 105
90 111
90 134
90 136
90 144
90 240
91 166
91 207
91 249
91 263
91 0
91 1
91 9
91 24
91 26
91 27
91 69
91 77
91 87
91 88
91 100
91 109
91 114
91 127
91 140
91 143
91 241
92 178
92 228
92 248
92 264
92 272
92 274
92 289
92 16
92 26
92 33
92 65
92 74
92 75
92 76
92 90
92 97
92 98
92 111
92 141
92 242
93 215
93 287
93 25
93 47
93 74
93 78
93 122
93 146
93 148
93 243
94 161
94 166
94 189
94 192
94 194
94 197
94 231
94 4
94 6
94 32
94 40
94 41
94 49
94 73
94 78
94 79
94 80
94 100
94 107
94 124
94 136
94 244
95 159
95 188
95 198
95 200
95 239
95 249
95 250
95 258
95 287
95 293
95 4
95 13
95 22
95 33
95 35
95 64
95 73
95 89
95 97
95 101
95 112
95 116
95 118
95 146
95 149
95 245
96 151
96 195
96 214
96 235
96 238
96 242
96 245
96 8
96 36
96 42
96 45
96 78
96 103
96 112
96 246
97 217
97 254
97 256
97 273
97 1
97 7
97 23
97 24
97 26
97 47
97 55
97 61
97 71
97 75
97 92
97 95
97 102
97 133
97 138
97 145
97 148
97 247
98 154
98 280
98 10
98 13
98 23
98 32
98 51
98 85
98 92
98 102
98 121
98 134
98 248
99 185
99 206
99 265
99 289
99 291
99 295
99 16
99 23
99 29
99 63
99 77
99 79
99 82
99 107
99 113
99 114
99 138
99 249
100 150
100 248
100 263
100 277
100 4
100 6
100 11
100 31
100 35
100 41
100 56
100 67
100 75
100 83
100 86
100 90
100 91
100 94
100 102
100 111
100 116
100 125
100 148
100 250
101 168
101 174
101 204
101 280
101 10
101 44
101 57
101 66
101 70
101 79
101 95
101 103
101 104
101 127
101 132
101 133
101 139
101 142
101 143
101 251
102 173
102 206
102 218
102 263
102 3
102 4
102 6
102 7
102 12
102 22
102 54
102 81
102 85
102 97
102 98
102 100
102 106
102 252
103 152
103 177
103 191
103 273
103 278
103 0
103 8
103 10
103 37
103 64
103 72
103 85
103 90
103 96
103 101
103 111
103 117
103 253
104 174
104 188
104 210
104 242
104 268
104 276
104 283
104 9
104 10
104 20
104 21
104 42
104 57
104 72
104 73
104 77
104 80
104 101
104 122
104 124
104 126
104 141
104 147
104 254
105 203
105 236
105 265
105 285
105 298
105 0
105 7
105 10
105 11
105 13
105 25
105 26
105 32
105 58
105 62
105 71
105 82
105 90
105 107
105 125
105 137
105 140
105 148
105 255
106 177
106 194
106 196
106 200
106 211
106 240
106 8
106 9
106 35
106 39
106 43
106 53
106 58
106 64
106 102
106 113
106 117
106 118
106 123
106 138
106 147
106 256
107 260
107 277
107 5
107 15
107 18
107 23
107 48
107 58
107 69
107 83
107 84
107 94
107 99
107 105
107 114
107 257
108 167
108 204
108 213
108 243
108 250
108 260
108 289
108 11
108 21
108 46
108 55
108 68
108 79
108 83
108 114
108 127
108 142
108 258
109 189
109 11
109 29
109 38
109 40
109 41
109 55
109 61
109 73
109 87
109 91
109 117
109 118
109 129
109 134
109 141
109 259
110 183
110 208
110 223
110 239
110 285
110 14
110 20
110 24
110 35
110 44
110 45
110 48
110 59
110 61
110 71
110 118
110 123
110 135
110 144
110 260
111 218
111 1
111 28
111 47
111 71
111 74
111 78
111 81
111 90
111 92
111 100
111 103
111 118
111 119
111 125
111 129
111 141
111 142
111 261
112 186
112 196
112 245
112 269
112 294
112 23
112 50
112 54
112 62
112 65
112 68
112 74
112 77
112 88
112 95
112 96
112 114
112 122
112 262
113 167
113 7
113 24
113 29
113 32
113 33
113 34
113 41
113 50
113 62
113 74
113 77
113 99
113 106
113 114
113 135
113 142
113 263
114 172
114 198
114 200
114 203
114 270
114 272
114 6
114 19
114 29
114 53
114 55
114 73
114 84
114 85
114 91
114 99
114 107
114 108
114 112
114 113
114 116
114 122
114 139
114 141
114 264
115 172
115 192
115 248
115 252
115 254
115 12
115 13
115 23
115 25
115 126
115 129
115 265
116 156
116 248
116 279
116 2
116 18
116 26
116 39
116 48
116 95
116 100
116 114
116 122
116 266
117 170
117 183
117 205
117 262
117 278
117 287
117 0
117 14
117 33
117 37
117 47
117 55
117 62
117 63
117 69
117 73
117 103
117 106
117 109
117 120
117 134
117 144
117 145
117 267
118 175
118 187
118 197
118 218
118 268
118 13
118 20
118 21
118 31
118 33
118 45
118 59
118 60
118 85
118 95
118 106
118 109
118 110
118 111
118 133
118 146
119 150
119 211
119 227
119 238
119 246
119 254
119 7
119 15
119 44
119 51
119 53
119 80
119 111
119 145
119 147
119 269
120 183
120 291
120 297
120 21
120 37
120 60
120 64
120 71
120 117
120 121
120 125
120 128
120 270
121 164
121 202
121 237
121 240
121 246
121 258
121 281
121 282
121 11
121 20
121 28
121 50
121 98
121 120
121 136
121 140
121 141
121 149
121 271
122 183
122 18
122 22
122 28
122 38
122 41
122 42
122 49
122 50
122 93
122 104
122 112
122 114
122 116
122 138
122 139
122 272
123 185
123 195
123 209
123 275
123 0
123 8
123 22
123 42
123 52
123 65
123 66
123 74
123 88
123 106
123 110
123 273
124 168
124 245
124 250
124 267
124 273
124 280
124 282
124 7
124 17
124 19
124 24
124 32
124 34
124 57
124 61
124 68
124 69
124 83
124 94
124 104
124 127
124 145
124 274
125 165
125 268
125 289
125 7
125 11
125 13
125 15
125 27
125 46
125 63
125 65
125 73
125 84
125 100
125 105
125 111
125 120
125 128
125 130
125 275
126 175
126 282
126 9
126 22
126 30
126 49
126 56
126 76
126 104
126 115
126 133
126 276
127 167
127 197
127 228
127 276
127 291
127 11
127 26
127 41
127 51
127 76
127 91
127 101
127 108
127 124
127 129
127 131
127 145
127 277
128 182
128 254
128 270
128 291
128 2
128 4
128 9
128 13
128 31
128 41
128 51
128 52
128 58
128 64
128 66
128 82
128 86
128 120
128 125
128 138
128 145
128 278
129 169
129 177
129 183
129 240
129 266
129 2
129 14
129 24
129 60
129 75
129 78
129 109
129 111
129 115
129 127
129 145
129 279
130 158
130 218
130 245
130 9
130 15
130 24
130 37
130 60
130 62
130 73
130 74
130 76
130 85
130 125
130 140
130 280
131 237
131 3
131 4
131 5
131 18
131 21
131 36
131 49
131 51
131 61
131 70
131 72
131 82
131 85
131 86
131 89
131 127
131 133
131 281
132 156
132 164
132 188
132 206
132 228
132 12
132 14
132 20
132 35
132 46
132 58
132 65
132 86
132 101
132 142
132 145
132 282
133 162
133 169
133 177
133 197
133 200
133 297
133 17
133 18
133 25
133 50
133 64
133 80
133 84
133 88
133 97
133 101
133 118
133 126
133 131
133 142
133 283
134 192
134 218
134 220
134 222
134 243
134 257
134 283
134 295
134 13
134 40
134 64
134 80
134 83
134 90
134 98
134 109
134 117
134 284
135 167
135 198
135 212
135 220
135 294
135 4
135 7
135 14
135 17
135 25
135 67
135 75
135 78
135 110
135 113
135 141
135 144
135 285
136 189
136 198
136 236
136 250
136 268
136 296
136 3
136 18
136 21
136 25
136 34
136 38
136 47
136 73
136 90
136 94
136 121
136 141
136 286
137 193
137 225
137 256
137 264
137 282
137 3
137 21
137 29
137 31
137 35
137 49
137 50
137 63
137 64
137 72
137 84
137 89
137 105
137 148
137 287
138 158
138 179
138 216
138 242
138 262
138 299
138 6
138 11
138 13
138 17
138 18
138 27
138 48
138 65
138 73
138 79
138 86
138 97
138 99
138 106
138 122
138 128
138 288
139 150
139 221
139 232
139 275
139 281
139 5
139 26
139 35
139 43
139 50
139 51
139 53
139 60
139 64
139 75
139 85
139 101
139 114
139 122
139 289
140 219
140 0
140 5
140 16
140 59
140 69
140 80
140 91
140 105
140 121
140 130
140 290
141 186
141 195
141 244
141 277
141 278
141 292
141 14
141 45
141 60
141 69
141 72
141 92
141 104
141 109
141 111
141 114
141 121
141 135
141 136
141 143
141 291
142 163
142 198
142 207
142 236
142 255
142 264
142 270
142 296
142 17
142 30
142 56
142 101
142 108
142 111
142 113
142 132
142 133
142 144
142 146
142 292
143 188
143 207
143 213
143 229
143 236
143 276
143 1
143 22
143 33
143 45
143 48
143 91
143 101
143 141
143 293
144 223
144 250
144 6
144 17
144 52
144 57
144 61
144 78
144 90
144 110
144 117
144 135
144 142
144 294
145 150
145 226
145 238
145 279
145 298
145 24
145 29
145 42
145 49
145 64
145 74
145 84
145 97
145 117
145 119
145 124
145 127
145 128
145 129
145 132
145 295
146 157
146 160
146 169
146 173
146 243
146 0
146 10
146 14
146 24
146 48
146 52
146 67
146 77
146 81
146 93
146 95
146 118
146 142
146 296
147 193
147 194
147 195
147 199
147 295
147 8
147 15
147 24
147 33
147 49
147 65
147 78
147 104
147 106
147 119
147 297
148 193
148 215
148 240
148 262
148 273
148 12
148 26
148 28
148 36
148 52
148 56
148 93
148 97
148 100
148 105
148 137
148 298
149 162
149 169
149 219
149 246
149 255
149 267
149 2
149 12
149 13
149 44
149 61
149 65
149 72
149 80
149 81
149 95
149 121
149 299
150 73
150 85
150 100
150 119
150 139
150 145
150 0
151 23
151 49
151 64
151 65
151 96
151 1
152 17
152 67
152 103
152 2
153 15
153 26
153 36
153 70
153 77
153 90
153 3
154 7
154 22
154 48
154 98
154 4
155 8
155 17
155 5
156 18
156 71
156 88
156 116
156 132
156 6
157 21
157 146
157 7
158 15
158 54
158 82
158 130
158 138
158 8
159 4
159 25
159 58
159 95
159 9
160 26
160 29
160 30
160 146
160 10
161 22
161 32
161 58
161 60
161 71
161 94
161 11
162 48
162 58
162 133
162 149
162 12
163 15
163 42
163 66
163 69
163 142
163 13
164 51
164 57
164 121
164 132
164 14
165 6
165 26
165 48
165 57
165 65
165 73
165 125
165 15
166 37
166 72
166 79
166 83
166 91
166 94
166 16
167 7
167 108
167 113
167 127
167 135
167 17
168 7
168 8
168 61
168 80
168 101
168 124
168 18
169 16
169 41
169 44
169 63
169 87
169 129
169 133
169 146
169 149
169 19
170 37
170 117
170 20
171 4
171 34
171 21
172 61
172 114
172 115
172 22
173 32
173 53
173 66
173 81
173 102
173 146
173 23
174 11
174 25
174 72
174 101
174 104
174 24
175 21
175 77
175 118
175 126
175 25
176 39
176 40
176 26
177 23
177 26
177 63
177 103
177 106
177 129
177 133
177 27
178 37
178 54
178 61
178 77
178 87
178 92
178 28
179 6
179 15
179 28
179 138
179 29
180 18
180 30
181 6
181 41
181 54
181 59
181 86
181 31
182 23
182 128
182 32
183 44
183 61
183 68
183 110
183 117
183 120
183 122
183 129
183 33
184 1
184 35
184 36
184 37
184 47
184 34
185 71
185 81
185 87
185 99
185 123
185 35
186 70
186 112
186 141
186 36
187 17
187 50
187 81
187 118
187 37
188 7
188 95
188 104
188 132
188 143
188 38
189 1
189 94
189 109
189 136
189 39
190 32
190 71
190 40
191 13
191 86
191 103
191 41
192 23
192 31
192 62
192 94
192 115
192 134
192 42
193 41
193 82
193 137
193 147
193 148
193 43
194 19
194 25
194 27
194 61
194 94
194 106
194 147
194 44
195 16
195 63
195 88
195 96
195 123
195 141
195 147
195 45
196 5
196 85
196 106
196 112
196 46
197 13
197 58
197 94
197 118
197 127
197 133
197 47
198 36
198 51
198 52
198 57
198 64
198 95
198 114
198 135
198 136
198 142
198 48
199 82
199 147
199 49
200 43
200 83
200 85
200 95
200 106
200 114
200 133
200 50
201 7
201 23
201 70
201 51
202 26
202 30
202 61
202 63
202 121
202 52
203 22
203 34
203 47
203 105
203 114
203 53
204 34
204 63
204 101
204 108
204 54
205 16
205 23
205 86
205 117
205 55
206 38
206 70
206 73
206 76
206 84
206 99
206 102
206 132
206 56
207 91
207 142
207 143
207 57
208 35
208 39
208 61
208 76
208 110
208 58
209 60
209 75
209 123
209 59
210 0
210 5
210 12
210 30
210 31
210 44
210 57
210 77
210 104
210 60
211 16
211 56
211 67
211 81
211 106
211 119
211 61
212 64
212 74
212 84
212 135
212 62
213 84
213 86
213 108
213 143
213 63
214 44
214 85
214 89
214 96
214 64
215 7
215 30
215 93
215 148
215 65
216 3
216 11
216 138
216 66
217 9
217 34
217 97
217 67
218 29
218 48
218 62
218 102
218 111
218 118
218 130
218 134
218 68
219 74
219 140
219 149
219 69
220 15
220 35
220 45
220 83
220 85
220 134
220 135
220 70
221 14
221 25
221 59
221 139
221 71
222 10
222 63
222 68
222 74
222 134
222 72
223 31
223 46
223 61
223 110
223 144
223 73
224 3
224 34
224 74
225 82
225 137
225 75
226 2
226 18
226 76
226 145
227 10
227 119
227 77
228 54
228 92
228 127
228 132
228 78
229 57
229 67
229 88
229 90
229 143
229 79
230 24
230 64
230 83
230 80
231 56
231 82
231 94
231 81
232 35
232 59
232 83
232 84
232 85
232 89
232 139
232 82
233 27
233 36
233 46
233 74
233 83
234 15
234 84
235 8
235 30
235 64
235 96
235 85
236 39
236 42
236 74
236 83
236 105
236 136
236 142
236 143
236 86
237 4
237 25
237 30
237 55
237 121
237 131
237 87
238 9
238 51
238 60
238 87
238 96
238 119
238 145
238 88
239 14
239 45
239 54
239 57
239 60
239 77
239 78
239 95
239 110
239 89
240 9
240 15
240 34
240 65
240 106
240 121
240 129
240 148
240 90
241 59
241 75
241 91
242 5
242 45
242 96
242 104
242 138
242 92
243 5
243 77
243 87
243 89
243 108
243 134
243 146
243 93
244 41
244 141
244 94
245 37
245 60
245 72
245 96
245 112
245 124
245 130
245 95
246 27
246 43
246 60
246 67
246 119
246 121
246 149
246 96
247 5
247 30
247 56
247 97
248 14
248 36
248 45
248 48
248 71
248 92
248 100
248 115
248 116
248 98
249 3
249 25
249 91
249 95
249 99
250 73
250 83
250 95
250 108
250 124
250 136
250 144
250 100
251 35
251 38
251 58
251 101
252 7
252 22
252 26
252 33
252 79
252 115
252 102
253 26
253 103
254 47
254 54
254 57
254 97
254 115
254 119
254 128
254 104
255 7
255 27
255 142
255 149
255 105
256 18
256 43
256 97
256 137
256 106
257 134
257 107
258 15
258 72
258 95
258 121
258 108
259 8
259 78
259 81
259 109
260 37
260 44
260 64
260 107
260 108
260 110
261 62
261 111
262 26
262 67
262 80
262 85
262 117
262 138
262 148
262 112
263 62
263 78
263 91
263 100
263 102
263 113
264 58
264 64
264 66
264 69
264 89
264 92
264 137
264 142
264 114
265 2
265 16
265 20
265 36
265 41
265 82
265 99
265 105
265 115
266 129
266 116
267 11
267 22
267 47
267 48
267 65
267 124
267 149
267 117
268 26
268 32
268 77
268 86
268 104
268 118
268 125
268 136
269 0
269 9
269 76
269 112
269 119
270 68
270 78
270 79
270 114
270 128
270 142
270 120
271 59
271 62
271 121
272 1
272 4
272 33
272 49
272 92
272 114
272 122
273 5
273 25
273 56
273 59
273 77
273 97
273 103
273 124
273 148
273 123
274 16
274 60
274 64
274 83
274 92
274 124
275 56
275 69
275 74
275 123
275 139
275 125
276 72
276 76
276 85
276 86
276 104
276 127
276 143
276 126
277 48
277 100
277 107
277 141
277 127
278 0
278 81
278 103
278 117
278 141
278 128
279 6
279 12
279 18
279 68
279 72
279 116
279 145
279 129
280 34
280 35
280 37
280 98
280 101
280 124
280 130
281 49
281 61
281 74
281 121
281 139
281 131
282 26
282 65
282 89
282 121
282 124
282 126
282 137
282 132
283 13
283 63
283 90
283 104
283 134
283 133
284 17
284 40
284 134
285 1
285 13
285 40
285 57
285 105
285 110
285 135
286 0
286 60
286 136
287 59
287 93
287 95
287 117
287 137
288 32
288 43
288 54
288 138
289 16
289 41
289 55
289 92
289 99
289 108
289 125
289 139
290 2
290 32
290 57
290 140
291 15
291 85
291 99
291 120
291 127
291 128
291 141
292 72
292 87
292 141
292 142
293 5
293 11
293 26
293 38
293 40
293 43
293 54
293 95
293 143
294 8
294 40
294 58
294 112
294 135
294 144
295 7
295 16
295 72
295 76
295 77
295 99
295 134
295 147
295 145
296 33
296 60
296 136
296 142
296 146
297 68
297 76
297 120
297 133
297 147
298 105
298 145
298 148
299 18
299 46
299 50
299 58
299 138
299 149
