  500   5609
0 252
0 263
0 269
0 306
0 311
0 341
0 349
0 352
0 365
0 366
0 370
0 425
0 436
0 450
0 470
0 474
0 3
0 28
0 45
0 66
0 146
0 223
0 250
1 275
1 296
1 311
1 333
1 345
1 398
1 430
1 459
1 489
1 496
1 31
1 37
1 97
1 149
1 186
1 219
1 251
2 294
2 298
2 305
2 309
2 321
2 326
2 340
2 356
2 448
2 464
2 497
2 20
2 54
2 84
2 119
2 151
2 157
2 191
2 252
3 251
3 253
3 258
3 260
3 262
3 294
3 324
3 328
3 339
3 342
3 349
3 414
3 440
3 443
3 446
3 489
3 0
3 26
3 73
3 118
3 133
3 139
3 154
3 173
3 229
4 250
4 265
4 273
4 291
4 303
4 312
4 326
4 328
4 364
4 371
4 382
4 406
4 431
4 442
4 481
4 486
4 18
4 50
4 63
4 117
4 156
4 199
4 218
4 241
4 254
5 268
5 276
5 302
5 309
5 320
5 367
5 368
5 378
5 379
5 408
5 425
5 457
5 463
5 465
5 474
5 492
5 12
5 23
5 216
5 238
5 255
6 265
6 267
6 361
6 363
6 381
6 387
6 390
6 404
6 410
6 415
6 420
6 438
6 453
6 461
6 480
6 16
6 44
6 51
6 55
6 64
6 120
6 124
6 142
6 153
6 211
6 256
7 280
7 297
7 303
7 308
7 311
7 318
7 320
7 326
7 361
7 373
7 391
7 392
7 397
7 413
7 430
7 433
7 456
7 471
7 492
7 8
7 12
7 54
7 74
7 81
7 100
7 147
7 167
7 186
7 230
7 243
7 257
8 260
8 279
8 307
8 316
8 336
8 365
8 440
8 448
8 455
8 481
8 7
8 41
8 62
8 74
8 100
8 159
8 211
8 258
9 284
9 290
9 297
9 307
9 334
9 338
9 348
9 385
9 395
9 414
9 437
9 440
9 467
9 469
9 496
9 28
9 113
9 120
9 134
9 139
9 145
9 157
9 221
9 237
9 259
10 278
10 308
10 314
10 330
10 340
10 349
10 353
10 357
10 359
10 365
10 377
10 380
10 383
10 384
10 406
10 407
10 428
10 429
10 435
10 447
10 455
10 459
10 490
10 493
10 57
10 88
10 92
10 111
10 156
10 260
11 250
11 254
11 255
11 275
11 299
11 316
11 325
11 326
11 336
11 340
11 368
11 370
11 386
11 387
11 403
11 407
11 408
11 414
11 415
11 426
11 435
11 451
11 466
11 468
11 485
11 490
11 495
11 34
11 40
11 48
11 57
11 108
11 146
11 221
11 261
12 257
12 262
12 263
12 264
12 266
12 303
12 305
12 311
12 320
12 332
12 347
12 358
12 364
12 366
12 375
12 378
12 386
12 401
12 433
12 457
12 490
12 492
12 493
12 5
12 7
12 15
12 55
12 82
12 97
12 99
12 116
12 144
12 147
12 217
12 232
13 264
13 269
13 286
13 307
13 312
13 314
13 340
13 341
13 355
13 379
13 380
13 384
13 395
13 405
13 432
13 433
13 438
13 474
13 475
13 479
13 489
13 43
13 107
13 128
13 148
13 167
13 208
13 240
13 263
14 263
14 286
14 337
14 364
14 372
14 386
14 394
14 397
14 444
14 463
14 471
14 476
14 488
14 93
14 163
14 189
14 247
14 264
15 272
15 298
15 317
15 335
15 345
15 358
15 373
15 381
15 388
15 454
15 461
15 469
15 478
15 483
15 12
15 65
15 75
15 76
15 80
15 179
15 236
15 265
16 260
16 271
16 273
16 319
16 330
16 339
16 344
16 354
16 372
16 380
16 383
16 384
16 390
16 393
16 422
16 436
16 440
16 448
16 455
16 465
16 467
16 492
16 495
16 498
16 6
16 37
16 82
16 89
16 159
16 172
16 176
16 266
17 259
17 266
17 283
17 285
17 298
17 304
17 318
17 348
17 365
17 373
17 374
17 394
17 407
17 408
17 445
17 474
17 491
17 499
17 18
17 53
17 72
17 95
17 111
17 180
17 267
18 251
18 283
18 290
18 295
18 307
18 324
18 336
18 376
18 383
18 388
18 403
18 416
18 419
18 468
18 477
18 484
18 4
18 17
18 31
18 64
18 65
18 79
18 121
18 204
18 268
19 256
19 263
19 284
19 293
19 295
19 305
19 318
19 328
19 335
19 362
19 370
19 389
19 407
19 429
19 448
19 486
19 494
19 23
19 103
19 112
19 179
19 216
19 269
20 250
20 274
20 279
20 283
20 299
20 300
20 334
20 345
20 359
20 374
20 387
20 402
20 423
20 440
20 450
20 451
20 459
20 482
20 493
20 495
20 2
20 24
20 46
20 58
20 108
20 127
20 160
20 162
20 196
20 270
21 258
21 266
21 268
21 271
21 276
21 334
21 335
21 338
21 342
21 350
21 362
21 394
21 417
21 433
21 438
21 445
21 449
21 450
21 460
21 464
21 478
21 479
21 496
21 59
21 63
21 65
21 99
21 139
21 143
21 209
21 237
22 256
22 258
22 278
22 297
22 302
22 315
22 331
22 355
22 369
22 370
22 382
22 418
22 427
22 436
22 437
22 494
22 70
22 81
22 94
22 136
22 272
23 251
23 255
23 262
23 264
23 269
23 273
23 292
23 298
23 304
23 310
23 321
23 370
23 380
23 404
23 408
23 411
23 416
23 439
23 443
23 454
23 460
23 462
23 497
23 5
23 19
23 30
23 37
23 47
23 159
23 203
23 231
24 265
24 274
24 300
24 302
24 308
24 321
24 323
24 328
24 332
24 334
24 337
24 422
24 434
24 453
24 467
24 493
24 20
24 43
24 46
24 103
24 129
24 131
24 186
25 271
25 284
25 301
25 321
25 379
25 407
25 414
25 441
25 466
25 472
25 492
25 78
25 79
25 141
25 179
25 186
25 199
25 201
25 208
25 233
25 275
26 270
26 288
26 290
26 338
26 388
26 396
26 424
26 426
26 430
26 445
26 495
26 3
26 96
26 176
26 216
26 276
27 253
27 262
27 302
27 336
27 354
27 365
27 390
27 452
27 460
27 462
27 484
27 59
27 87
27 155
27 175
27 207
27 212
27 277
28 269
28 302
28 308
28 325
28 346
28 349
28 358
28 390
28 422
28 435
28 460
28 471
28 493
28 0
28 9
28 104
28 114
28 160
28 190
28 202
28 224
28 278
29 263
29 284
29 337
29 389
29 405
29 419
29 437
29 462
29 489
29 494
29 497
29 42
29 53
29 65
29 125
29 126
29 134
29 139
29 185
29 249
29 279
30 262
30 276
30 277
30 282
30 303
30 308
30 319
30 320
30 325
30 350
30 351
30 354
30 363
30 365
30 367
30 389
30 401
30 405
30 432
30 441
30 449
30 471
30 492
30 23
30 49
30 108
30 235
30 280
31 263
31 291
31 304
31 314
31 329
31 330
31 338
31 355
31 366
31 368
31 369
31 376
31 390
31 398
31 409
31 426
31 430
31 442
31 446
31 477
31 489
31 1
31 18
31 73
31 114
31 193
31 203
31 235
31 281
32 260
32 269
32 273
32 279
32 286
32 306
32 340
32 372
32 373
32 378
32 386
32 387
32 404
32 423
32 425
32 430
32 441
32 479
32 486
32 499
32 50
32 55
32 78
32 81
32 91
32 139
32 152
32 178
32 282
33 255
33 262
33 265
33 310
33 322
33 371
33 400
33 405
33 408
33 417
33 455
33 477
33 483
33 487
33 488
33 48
33 84
33 100
33 107
33 126
33 146
33 213
33 248
33 283
34 272
34 273
34 305
34 334
34 337
34 347
34 366
34 367
34 389
34 390
34 402
34 422
34 429
34 458
34 473
34 474
34 11
34 60
34 73
34 93
34 97
34 228
34 284
35 256
35 260
35 268
35 275
35 294
35 296
35 297
35 331
35 341
35 355
35 380
35 397
35 406
35 410
35 413
35 421
35 424
35 428
35 436
35 450
35 453
35 459
35 467
35 472
35 492
35 46
35 60
35 62
35 82
35 166
35 196
35 215
35 242
35 285
36 253
36 258
36 288
36 297
36 330
36 346
36 376
36 392
36 399
36 406
36 424
36 460
36 466
36 43
36 85
36 171
36 238
36 286
37 272
37 282
37 293
37 298
37 303
37 310
37 313
37 344
37 352
37 354
37 359
37 365
37 367
37 371
37 377
37 397
37 401
37 412
37 431
37 463
37 467
37 497
37 499
37 1
37 16
37 23
37 105
37 106
37 166
37 168
37 212
37 222
37 228
37 287
38 251
38 259
38 264
38 270
38 272
38 276
38 334
38 345
38 353
38 378
38 450
38 455
38 462
38 478
38 481
38 483
38 486
38 69
38 78
38 125
38 136
38 137
38 161
38 175
38 176
38 223
38 225
38 227
38 288
39 254
39 263
39 273
39 276
39 277
39 279
39 357
39 364
39 385
39 396
39 431
39 457
39 468
39 471
39 475
39 54
39 55
39 104
39 162
39 289
40 273
40 294
40 300
40 309
40 329
40 330
40 336
40 341
40 367
40 376
40 384
40 399
40 414
40 418
40 422
40 446
40 452
40 457
40 461
40 473
40 489
40 11
40 43
40 72
40 90
40 118
40 164
40 176
40 205
40 215
40 218
40 231
40 243
40 246
40 290
41 310
41 324
41 337
41 339
41 344
41 358
41 366
41 375
41 394
41 409
41 411
41 412
41 413
41 431
41 452
41 455
41 466
41 485
41 488
41 491
41 8
41 128
41 133
41 139
41 175
41 182
41 207
41 241
41 291
42 270
42 274
42 316
42 326
42 330
42 344
42 347
42 353
42 364
42 370
42 378
42 386
42 395
42 452
42 455
42 469
42 470
42 29
42 125
42 191
42 246
42 292
43 250
43 258
43 297
43 325
43 326
43 343
43 364
43 378
43 401
43 410
43 432
43 441
43 450
43 458
43 466
43 482
43 489
43 13
43 24
43 36
43 40
43 87
43 136
43 159
43 192
43 237
43 293
44 251
44 267
44 272
44 277
44 290
44 294
44 310
44 335
44 338
44 340
44 367
44 372
44 389
44 429
44 480
44 487
44 6
44 58
44 82
44 88
44 142
44 164
44 167
44 224
44 249
45 261
45 275
45 282
45 294
45 300
45 305
45 306
45 311
45 329
45 332
45 336
45 365
45 376
45 397
45 404
45 409
45 437
45 474
45 481
45 485
45 0
45 78
45 99
45 100
45 150
45 174
45 235
45 249
45 295
46 287
46 342
46 355
46 430
46 432
46 442
46 454
46 472
46 20
46 24
46 35
46 75
46 93
46 108
46 113
46 115
46 123
46 219
46 296
47 251
47 257
47 265
47 272
47 299
47 301
47 325
47 333
47 393
47 394
47 408
47 437
47 440
47 465
47 468
47 469
47 487
47 23
47 136
47 137
47 149
47 193
47 233
47 297
48 254
48 282
48 286
48 298
48 299
48 307
48 309
48 316
48 318
48 320
48 342
48 354
48 381
48 384
48 385
48 396
48 407
48 410
48 413
48 418
48 430
48 465
48 11
48 33
48 58
48 151
48 184
48 197
48 243
49 262
49 326
49 336
49 343
49 352
49 379
49 410
49 424
49 454
49 464
49 468
49 30
49 69
49 116
49 118
49 123
49 130
49 160
49 176
49 194
49 211
49 299
50 289
50 295
50 303
50 322
50 327
50 329
50 360
50 363
50 364
50 370
50 372
50 393
50 421
50 427
50 463
50 495
50 4
50 32
50 55
50 60
50 80
50 99
50 117
50 199
50 300
51 253
51 266
51 274
51 277
51 294
51 313
51 315
51 323
51 337
51 377
51 391
51 396
51 404
51 412
51 421
51 427
51 428
51 437
51 439
51 444
51 461
51 472
51 480
51 6
51 78
51 135
51 139
51 146
51 198
51 226
51 237
51 242
51 301
52 264
52 282
52 287
52 291
52 317
52 330
52 332
52 349
52 354
52 371
52 383
52 398
52 414
52 451
52 468
52 469
52 490
52 61
52 72
52 104
52 110
52 149
52 184
52 236
52 302
53 259
53 266
53 311
53 319
53 337
53 382
53 383
53 396
53 418
53 475
53 495
53 17
53 29
53 92
53 119
53 136
53 167
53 196
53 214
53 220
53 238
53 243
53 303
54 250
54 262
54 275
54 287
54 300
54 308
54 310
54 321
54 342
54 344
54 351
54 353
54 355
54 366
54 368
54 383
54 389
54 411
54 437
54 457
54 497
54 498
54 2
54 7
54 39
54 127
54 138
54 140
54 165
54 187
54 198
54 240
54 304
55 256
55 264
55 267
55 280
55 284
55 287
55 335
55 348
55 364
55 367
55 369
55 410
55 413
55 423
55 431
55 447
55 458
55 465
55 469
55 476
55 480
55 498
55 6
55 12
55 32
55 39
55 50
55 59
55 91
55 149
55 195
55 243
55 305
56 270
56 285
56 313
56 316
56 359
56 361
56 362
56 382
56 440
56 441
56 449
56 457
56 459
56 464
56 468
56 470
56 483
56 58
56 68
56 72
56 106
56 123
56 187
56 223
56 306
57 255
57 265
57 278
57 289
57 297
57 306
57 332
57 333
57 334
57 337
57 387
57 398
57 403
57 427
57 428
57 438
57 444
57 451
57 453
57 457
57 470
57 494
57 10
57 11
57 72
57 111
57 307
58 250
58 290
58 295
58 301
58 323
58 333
58 336
58 363
58 370
58 374
58 385
58 389
58 399
58 401
58 445
58 461
58 462
58 469
58 20
58 44
58 48
58 56
58 113
58 114
58 188
58 235
58 308
59 275
59 280
59 302
59 308
59 383
59 424
59 425
59 435
59 449
59 461
59 469
59 481
59 484
59 486
59 21
59 27
59 55
59 78
59 135
59 159
59 180
59 182
59 206
59 219
59 225
59 231
59 309
60 257
60 258
60 293
60 300
60 370
60 373
60 375
60 379
60 389
60 422
60 424
60 428
60 433
60 440
60 445
60 449
60 452
60 454
60 455
60 479
60 34
60 35
60 50
60 74
60 75
60 86
60 95
60 310
61 253
61 303
61 310
61 339
61 343
61 344
61 366
61 386
61 399
61 418
61 430
61 432
61 452
61 463
61 468
61 481
61 486
61 52
61 95
61 98
61 106
61 113
61 121
61 153
61 154
61 171
61 311
62 280
62 293
62 315
62 329
62 337
62 382
62 392
62 424
62 426
62 432
62 433
62 440
62 455
62 470
62 491
62 8
62 35
62 96
62 108
62 168
62 177
62 219
62 312
63 253
63 258
63 260
63 267
63 280
63 282
63 299
63 333
63 380
63 427
63 428
63 435
63 436
63 444
63 458
63 480
63 485
63 491
63 4
63 21
63 78
63 85
63 99
63 212
63 313
64 310
64 316
64 327
64 329
64 393
64 406
64 413
64 418
64 445
64 448
64 450
64 462
64 468
64 479
64 491
64 6
64 18
64 88
64 90
64 104
64 124
64 141
64 165
64 183
64 217
64 314
65 257
65 258
65 264
65 291
65 292
65 324
65 340
65 368
65 371
65 376
65 380
65 387
65 388
65 389
65 393
65 401
65 407
65 418
65 437
65 499
65 15
65 18
65 21
65 29
65 108
65 144
65 153
65 155
65 192
65 201
65 212
65 247
65 249
65 315
66 286
66 296
66 299
66 306
66 358
66 360
66 367
66 382
66 415
66 417
66 418
66 434
66 435
66 456
66 477
66 497
66 0
66 87
66 169
66 180
66 239
66 244
66 316
67 271
67 272
67 277
67 283
67 301
67 313
67 317
67 356
67 373
67 383
67 390
67 408
67 411
67 428
67 442
67 455
67 465
67 478
67 482
67 495
67 83
67 124
67 132
67 181
67 184
67 213
67 224
67 246
68 253
68 276
68 277
68 281
68 294
68 295
68 314
68 319
68 342
68 367
68 383
68 390
68 400
68 406
68 418
68 419
68 420
68 430
68 433
68 447
68 484
68 56
68 117
68 135
68 208
68 224
68 318
69 251
69 257
69 261
69 271
69 272
69 301
69 362
69 379
69 383
69 412
69 434
69 455
69 499
69 38
69 49
69 97
69 100
69 122
69 159
69 173
69 206
69 209
69 216
69 227
69 229
69 319
70 258
70 259
70 273
70 277
70 279
70 282
70 304
70 309
70 315
70 317
70 337
70 346
70 372
70 393
70 435
70 457
70 481
70 485
70 491
70 22
70 73
70 122
70 123
70 170
70 183
70 194
70 320
71 275
71 280
71 328
71 340
71 349
71 351
71 371
71 379
71 394
71 396
71 428
71 442
71 456
71 459
71 485
71 496
71 99
71 103
71 157
71 166
71 173
71 194
71 321
72 292
72 307
72 318
72 361
72 373
72 391
72 392
72 413
72 417
72 420
72 445
72 462
72 470
72 471
72 482
72 17
72 40
72 52
72 56
72 57
72 84
72 127
72 164
72 172
72 231
72 232
72 322
73 250
73 253
73 259
73 282
73 289
73 305
73 306
73 325
73 326
73 333
73 339
73 343
73 345
73 364
73 379
73 398
73 408
73 430
73 432
73 463
73 464
73 480
73 3
73 31
73 34
73 70
73 83
73 86
73 146
73 150
73 164
73 323
74 252
74 286
74 303
74 310
74 319
74 341
74 351
74 367
74 394
74 403
74 405
74 406
74 420
74 421
74 430
74 432
74 447
74 470
74 474
74 7
74 8
74 60
74 85
74 116
74 155
74 169
74 191
74 196
74 212
74 324
75 254
75 267
75 299
75 326
75 333
75 352
75 368
75 394
75 413
75 436
75 439
75 441
75 454
75 455
75 478
75 479
75 489
75 15
75 46
75 60
75 83
75 142
75 162
75 204
75 212
75 247
75 325
76 253
76 270
76 271
76 280
76 305
76 326
76 328
76 350
76 358
76 362
76 369
76 373
76 380
76 382
76 399
76 427
76 434
76 437
76 439
76 440
76 466
76 472
76 476
76 489
76 15
76 85
76 94
76 158
76 169
76 192
76 209
76 224
77 263
77 267
77 273
77 288
77 306
77 328
77 358
77 388
77 409
77 427
77 456
77 471
77 479
77 82
77 89
77 97
77 104
77 138
77 228
77 233
77 327
78 263
78 293
78 294
78 310
78 316
78 378
78 398
78 413
78 422
78 428
78 432
78 490
78 25
78 32
78 38
78 45
78 51
78 59
78 63
78 89
78 127
78 133
78 134
78 226
78 239
78 244
78 328
79 251
79 272
79 299
79 305
79 338
79 347
79 389
79 397
79 407
79 415
79 490
79 18
79 25
79 121
79 181
79 219
79 234
79 329
80 255
80 278
80 287
80 293
80 296
80 299
80 307
80 314
80 326
80 344
80 377
80 381
80 383
80 438
80 457
80 479
80 15
80 50
80 182
80 217
80 227
80 330
81 256
81 325
81 332
81 370
81 378
81 387
81 406
81 414
81 417
81 425
81 445
81 475
81 7
81 22
81 32
81 94
81 147
81 164
81 222
81 227
81 331
82 257
82 286
82 305
82 338
82 362
82 364
82 373
82 417
82 432
82 468
82 469
82 470
82 483
82 485
82 487
82 12
82 16
82 35
82 44
82 77
82 170
82 200
82 240
82 332
83 272
83 274
83 278
83 296
83 334
83 346
83 366
83 391
83 402
83 404
83 415
83 430
83 432
83 456
83 457
83 471
83 67
83 73
83 75
83 96
83 117
83 118
83 143
83 175
83 196
83 200
83 333
84 260
84 272
84 280
84 315
84 339
84 356
84 359
84 385
84 397
84 449
84 454
84 456
84 459
84 475
84 476
84 481
84 492
84 494
84 2
84 33
84 72
84 184
84 201
84 205
84 334
85 268
85 307
85 315
85 317
85 347
85 357
85 360
85 362
85 371
85 378
85 445
85 453
85 456
85 465
85 498
85 36
85 63
85 74
85 76
85 87
85 191
85 230
85 231
85 249
85 335
86 287
86 295
86 372
86 377
86 409
86 414
86 417
86 434
86 490
86 60
86 73
86 150
86 159
86 181
86 185
86 212
86 237
86 240
86 243
86 248
86 336
87 251
87 300
87 304
87 385
87 393
87 405
87 414
87 435
87 444
87 456
87 471
87 477
87 480
87 488
87 492
87 27
87 43
87 66
87 85
87 104
87 115
87 174
87 185
87 198
87 337
88 250
88 256
88 269
88 274
88 275
88 284
88 289
88 293
88 302
88 309
88 318
88 322
88 329
88 332
88 346
88 347
88 348
88 359
88 368
88 382
88 385
88 401
88 428
88 434
88 438
88 445
88 10
88 44
88 64
88 146
88 181
88 187
88 338
89 296
89 315
89 333
89 362
89 373
89 389
89 390
89 401
89 404
89 407
89 413
89 417
89 429
89 430
89 468
89 472
89 491
89 492
89 16
89 77
89 78
89 117
89 133
89 152
89 156
89 163
89 164
89 242
89 339
90 272
90 274
90 281
90 322
90 333
90 337
90 371
90 373
90 405
90 416
90 442
90 466
90 482
90 40
90 64
90 99
90 101
90 165
90 177
90 194
90 200
90 210
90 216
90 340
91 253
91 272
91 286
91 303
91 312
91 327
91 337
91 360
91 405
91 429
91 431
91 432
91 434
91 471
91 32
91 55
91 168
91 172
91 228
91 341
92 288
92 313
92 322
92 327
92 338
92 350
92 358
92 373
92 395
92 400
92 404
92 406
92 430
92 444
92 458
92 468
92 496
92 10
92 53
92 98
92 122
92 133
92 157
92 176
92 177
92 220
92 238
92 342
93 260
93 270
93 278
93 284
93 294
93 338
93 340
93 346
93 362
93 364
93 365
93 366
93 374
93 375
93 394
93 399
93 403
93 408
93 414
93 419
93 432
93 440
93 451
93 457
93 476
93 494
93 14
93 34
93 46
93 103
93 149
93 166
93 212
93 217
93 343
94 252
94 257
94 272
94 275
94 279
94 282
94 285
94 295
94 300
94 303
94 330
94 333
94 338
94 415
94 422
94 423
94 431
94 440
94 470
94 471
94 479
94 22
94 76
94 81
94 125
94 134
94 141
94 150
94 153
94 156
94 186
94 189
94 226
94 238
94 344
95 268
95 270
95 319
95 340
95 341
95 376
95 405
95 440
95 443
95 459
95 17
95 60
95 61
95 105
95 122
95 132
95 167
95 172
95 180
95 194
95 345
96 257
96 262
96 280
96 286
96 287
96 296
96 299
96 301
96 331
96 352
96 373
96 385
96 388
96 400
96 406
96 428
96 433
96 476
96 484
96 495
96 26
96 62
96 83
96 346
97 250
97 259
97 323
97 335
97 351
97 353
97 356
97 393
97 400
97 413
97 420
97 422
97 452
97 498
97 1
97 12
97 34
97 69
97 77
97 120
97 134
97 161
97 236
97 347
98 257
98 269
98 295
98 298
98 308
98 316
98 327
98 342
98 347
98 359
98 364
98 371
98 373
98 376
98 392
98 408
98 425
98 432
98 437
98 447
98 451
98 459
98 465
98 488
98 61
98 92
98 131
98 161
98 180
98 210
98 348
99 262
99 274
99 283
99 292
99 304
99 316
99 332
99 341
99 345
99 351
99 355
99 356
99 365
99 368
99 398
99 437
99 456
99 470
99 498
99 12
99 21
99 45
99 50
99 63
99 71
99 90
99 101
99 113
99 115
99 141
99 145
99 183
99 246
99 349
100 253
100 264
100 267
100 269
100 275
100 292
100 309
100 341
100 375
100 377
100 392
100 404
100 426
100 428
100 436
100 471
100 480
100 486
100 7
100 8
100 33
100 45
100 69
100 208
100 216
100 350
101 264
101 310
101 324
101 327
101 349
101 351
101 357
101 366
101 377
101 379
101 383
101 398
101 399
101 404
101 425
101 443
101 445
101 461
101 471
101 496
101 498
101 90
101 99
101 128
101 141
101 148
101 179
101 187
101 196
101 208
101 239
101 241
102 256
102 318
102 396
102 408
102 415
102 438
102 476
102 491
102 496
102 132
102 174
102 211
102 241
102 352
103 254
103 259
103 266
103 270
103 272
103 280
103 285
103 312
103 338
103 368
103 393
103 408
103 410
103 431
103 432
103 445
103 470
103 484
103 497
103 19
103 24
103 71
103 93
103 127
103 209
103 353
104 261
104 269
104 276
104 278
104 286
104 288
104 341
104 350
104 393
104 397
104 410
104 420
104 423
104 429
104 430
104 431
104 432
104 436
104 437
104 445
104 479
104 481
104 28
104 39
104 52
104 64
104 77
104 87
104 124
104 130
104 240
104 354
105 256
105 257
105 263
105 267
105 279
105 284
105 287
105 326
105 348
105 353
105 382
105 390
105 395
105 417
105 425
105 428
105 439
105 440
105 454
105 460
105 476
105 37
105 95
105 174
105 191
105 192
105 199
105 355
106 260
106 279
106 285
106 286
106 297
106 311
106 327
106 349
106 362
106 387
106 388
106 402
106 417
106 423
106 427
106 439
106 450
106 465
106 478
106 482
106 37
106 56
106 61
106 135
106 172
106 178
106 184
106 216
106 356
107 254
107 266
107 268
107 272
107 284
107 305
107 312
107 322
107 352
107 359
107 369
107 387
107 399
107 409
107 413
107 417
107 420
107 428
107 435
107 457
107 468
107 469
107 478
107 13
107 33
107 132
107 179
107 222
107 232
107 237
107 357
108 255
108 275
108 285
108 289
108 297
108 301
108 307
108 315
108 329
108 336
108 354
108 355
108 364
108 390
108 407
108 413
108 454
108 477
108 478
108 480
108 11
108 20
108 30
108 46
108 62
108 65
108 140
108 185
108 206
108 241
108 249
108 358
109 250
109 277
109 287
109 296
109 301
109 317
109 318
109 327
109 337
109 338
109 339
109 358
109 381
109 425
109 427
109 441
109 474
109 482
109 487
109 494
109 222
109 235
109 359
110 287
110 295
110 306
110 332
110 384
110 411
110 439
110 442
110 450
110 454
110 455
110 488
110 52
110 118
110 166
110 248
110 360
111 260
111 277
111 280
111 285
111 297
111 312
111 347
111 364
111 367
111 371
111 372
111 374
111 407
111 412
111 420
111 433
111 447
111 468
111 484
111 490
111 496
111 10
111 17
111 57
111 124
111 144
111 146
111 169
111 198
111 206
111 227
111 361
112 286
112 292
112 293
112 296
112 301
112 319
112 333
112 334
112 340
112 366
112 370
112 375
112 377
112 378
112 381
112 402
112 422
112 434
112 436
112 445
112 468
112 469
112 487
112 19
112 175
112 179
112 205
112 227
112 235
112 249
112 362
113 250
113 264
113 269
113 285
113 295
113 306
113 314
113 315
113 321
113 323
113 326
113 332
113 360
113 372
113 381
113 398
113 414
113 424
113 435
113 449
113 466
113 475
113 491
113 494
113 9
113 46
113 58
113 61
113 99
113 146
113 149
113 155
113 178
113 363
114 252
114 259
114 285
114 297
114 299
114 306
114 307
114 350
114 356
114 357
114 360
114 383
114 386
114 401
114 405
114 409
114 416
114 438
114 439
114 443
114 447
114 460
114 470
114 477
114 479
114 28
114 31
114 58
114 151
114 188
114 191
114 222
114 229
114 235
114 364
115 277
115 312
115 314
115 342
115 343
115 359
115 360
115 379
115 382
115 383
115 397
115 411
115 423
115 452
115 453
115 458
115 465
115 469
115 475
115 477
115 488
115 46
115 87
115 99
115 123
115 134
115 200
115 207
115 249
115 365
116 283
116 285
116 294
116 357
116 366
116 373
116 395
116 405
116 406
116 410
116 431
116 464
116 471
116 472
116 474
116 12
116 49
116 74
117 268
117 273
117 279
117 285
117 302
117 310
117 321
117 350
117 376
117 380
117 411
117 421
117 422
117 433
117 447
117 457
117 459
117 497
117 4
117 50
117 68
117 83
117 89
117 203
117 211
117 239
117 242
117 367
118 275
118 291
118 301
118 359
118 362
118 370
118 374
118 381
118 386
118 387
118 390
118 398
118 404
118 409
118 420
118 466
118 492
118 3
118 40
118 49
118 83
118 110
118 155
118 162
118 213
118 243
118 368
119 256
119 257
119 266
119 277
119 291
119 323
119 330
119 360
119 394
119 429
119 444
119 448
119 452
119 463
119 468
119 469
119 471
119 473
119 474
119 489
119 491
119 2
119 53
119 122
119 127
119 142
119 159
119 183
119 203
119 217
119 369
120 283
120 290
120 308
120 313
120 331
120 333
120 335
120 343
120 370
120 375
120 396
120 412
120 423
120 443
120 469
120 484
120 490
120 495
120 6
120 9
120 97
120 130
120 172
120 230
120 249
121 253
121 292
121 294
121 300
121 334
121 342
121 369
121 381
121 397
121 406
121 410
121 417
121 420
121 425
121 436
121 438
121 453
121 18
121 61
121 79
121 123
121 135
121 161
121 194
121 215
121 371
122 259
122 267
122 292
122 298
122 331
122 357
122 358
122 383
122 394
122 395
122 413
122 425
122 434
122 451
122 492
122 69
122 70
122 92
122 95
122 119
122 372
123 260
123 266
123 285
123 359
123 435
123 442
123 446
123 447
123 452
123 471
123 46
123 49
123 56
123 70
123 115
123 121
123 130
123 183
123 373
124 253
124 254
124 260
124 282
124 285
124 291
124 295
124 316
124 322
124 323
124 326
124 341
124 344
124 347
124 350
124 361
124 373
124 397
124 439
124 464
124 487
124 492
124 6
124 64
124 67
124 104
124 111
124 157
124 204
124 211
124 212
124 244
124 249
124 374
125 266
125 269
125 272
125 314
125 342
125 345
125 368
125 374
125 379
125 397
125 406
125 410
125 427
125 446
125 459
125 465
125 475
125 489
125 492
125 29
125 38
125 42
125 94
125 134
125 214
125 375
126 250
126 255
126 264
126 268
126 269
126 278
126 311
126 322
126 360
126 380
126 435
126 462
126 464
126 467
126 489
126 29
126 33
126 144
126 170
126 216
126 233
126 376
127 268
127 276
127 279
127 311
127 361
127 405
127 406
127 425
127 427
127 435
127 436
127 442
127 451
127 474
127 483
127 497
127 20
127 54
127 72
127 78
127 103
127 119
127 137
127 177
127 231
127 377
128 264
128 268
128 270
128 278
128 301
128 323
128 348
128 366
128 380
128 397
128 398
128 399
128 401
128 417
128 418
128 427
128 437
128 455
128 457
128 475
128 13
128 41
128 101
128 141
128 233
128 241
128 378
129 263
129 277
129 315
129 321
129 328
129 344
129 347
129 356
129 362
129 364
129 379
129 409
129 424
129 432
129 436
129 437
129 456
129 461
129 467
129 472
129 480
129 488
129 493
129 496
129 499
129 24
129 144
129 249
130 262
130 324
130 353
130 358
130 363
130 364
130 371
130 377
130 401
130 403
130 409
130 418
130 460
130 461
130 481
130 483
130 49
130 104
130 120
130 123
130 380
131 255
131 258
131 372
131 376
131 380
131 388
131 394
131 395
131 400
131 438
131 454
131 462
131 480
131 496
131 24
131 98
131 138
131 167
131 186
131 188
131 236
131 248
131 381
132 271
132 303
132 317
132 329
132 342
132 364
132 380
132 402
132 430
132 464
132 67
132 95
132 102
132 107
132 133
132 140
132 159
132 162
132 179
132 382
133 258
133 259
133 261
133 282
133 287
133 315
133 318
133 323
133 329
133 340
133 341
133 355
133 359
133 361
133 363
133 377
133 390
133 411
133 445
133 482
133 485
133 3
133 41
133 78
133 89
133 92
133 132
133 183
133 220
133 224
133 229
133 383
134 260
134 263
134 284
134 309
134 349
134 358
134 361
134 369
134 372
134 383
134 409
134 411
134 414
134 416
134 422
134 429
134 452
134 479
134 490
134 494
134 9
134 29
134 78
134 94
134 97
134 115
134 125
134 149
134 177
134 235
134 243
134 384
135 262
135 272
135 297
135 321
135 341
135 342
135 351
135 386
135 394
135 402
135 410
135 412
135 437
135 450
135 460
135 469
135 471
135 476
135 487
135 492
135 51
135 59
135 68
135 106
135 121
135 142
135 155
135 173
135 218
135 231
135 385
136 259
136 266
136 335
136 346
136 348
136 349
136 358
136 387
136 400
136 422
136 476
136 483
136 498
136 22
136 38
136 43
136 47
136 53
136 144
136 163
136 215
136 218
136 234
136 241
136 244
136 386
137 262
137 265
137 284
137 294
137 297
137 298
137 316
137 327
137 331
137 332
137 355
137 369
137 381
137 398
137 418
137 421
137 440
137 493
137 497
137 38
137 47
137 127
137 387
138 252
138 281
138 327
138 328
138 347
138 351
138 364
138 420
138 444
138 479
138 485
138 54
138 77
138 131
138 156
138 180
138 234
138 244
138 388
139 300
139 302
139 312
139 323
139 329
139 343
139 388
139 389
139 402
139 404
139 412
139 416
139 461
139 470
139 475
139 495
139 3
139 9
139 21
139 29
139 32
139 41
139 51
139 143
139 158
139 233
140 277
140 280
140 289
140 300
140 302
140 358
140 365
140 378
140 380
140 383
140 388
140 404
140 406
140 424
140 432
140 435
140 448
140 455
140 466
140 477
140 483
140 485
140 54
140 108
140 132
140 143
140 163
140 165
140 166
140 390
141 283
141 284
141 288
141 290
141 299
141 304
141 379
141 381
141 382
141 402
141 426
141 428
141 437
141 450
141 481
141 492
141 498
141 25
141 64
141 94
141 99
141 101
141 128
141 152
141 175
141 199
141 391
142 275
142 283
142 285
142 308
142 314
142 322
142 353
142 356
142 369
142 372
142 374
142 385
142 392
142 400
142 409
142 441
142 451
142 459
142 496
142 6
142 44
142 75
142 119
142 135
142 148
142 191
142 234
142 235
143 250
143 254
143 259
143 260
143 263
143 265
143 269
143 291
143 331
143 335
143 338
143 372
143 374
143 378
143 390
143 394
143 453
143 473
143 482
143 495
143 21
143 83
143 139
143 140
143 172
143 210
143 238
143 393
144 252
144 260
144 267
144 268
144 282
144 286
144 287
144 314
144 320
144 332
144 366
144 371
144 379
144 389
144 393
144 407
144 428
144 441
144 476
144 485
144 12
144 65
144 111
144 126
144 129
144 136
144 156
144 159
144 167
144 212
144 226
144 243
144 394
145 253
145 259
145 276
145 283
145 303
145 313
145 324
145 350
145 354
145 357
145 368
145 398
145 400
145 413
145 427
145 437
145 449
145 465
145 467
145 492
145 9
145 99
145 196
145 215
145 237
145 395
146 252
146 253
146 266
146 269
146 273
146 282
146 294
146 307
146 326
146 328
146 341
146 346
146 349
146 359
146 402
146 449
146 460
146 475
146 492
146 493
146 0
146 11
146 33
146 51
146 73
146 88
146 111
146 113
146 164
146 396
147 263
147 274
147 276
147 283
147 292
147 294
147 329
147 336
147 402
147 419
147 420
147 423
147 429
147 448
147 7
147 12
147 81
147 153
147 157
147 196
147 230
147 243
147 397
148 259
148 261
148 273
148 282
148 317
148 327
148 328
148 367
148 382
148 405
148 410
148 411
148 414
148 419
148 443
148 465
148 466
148 13
148 101
148 142
148 195
148 241
148 398
149 254
149 258
149 283
149 305
149 312
149 319
149 347
149 348
149 349
149 384
149 393
149 395
149 439
149 445
149 488
149 1
149 47
149 52
149 55
149 93
149 113
149 134
149 152
149 399
150 268
150 272
150 280
150 282
150 285
150 289
150 291
150 293
150 304
150 349
150 396
150 415
150 418
150 422
150 446
150 449
150 464
150 465
150 468
150 469
150 476
150 487
150 45
150 73
150 86
150 94
150 245
150 400
151 253
151 262
151 329
151 365
151 381
151 390
151 424
151 436
151 459
151 465
151 475
151 488
151 2
151 48
151 114
151 181
151 227
151 401
152 261
152 267
152 284
152 304
152 307
152 341
152 357
152 359
152 373
152 383
152 407
152 412
152 441
152 32
152 89
152 141
152 149
152 402
153 259
153 262
153 267
153 279
153 301
153 304
153 314
153 319
153 328
153 333
153 337
153 349
153 403
153 413
153 431
153 451
153 463
153 486
153 6
153 61
153 65
153 94
153 147
153 160
153 165
153 235
153 249
154 251
154 267
154 317
154 321
154 322
154 327
154 328
154 369
154 375
154 407
154 411
154 422
154 445
154 447
154 474
154 493
154 3
154 61
154 404
155 250
155 256
155 270
155 283
155 306
155 367
155 378
155 380
155 390
155 412
155 416
155 445
155 448
155 482
155 497
155 499
155 27
155 65
155 74
155 113
155 118
155 135
155 175
155 215
155 217
155 230
155 405
156 270
156 281
156 284
156 288
156 291
156 292
156 298
156 312
156 322
156 326
156 338
156 355
156 357
156 366
156 369
156 380
156 382
156 388
156 396
156 402
156 404
156 409
156 426
156 429
156 448
156 477
156 491
156 494
156 498
156 4
156 10
156 89
156 94
156 138
156 144
156 168
156 195
156 233
156 243
156 406
157 257
157 260
157 277
157 328
157 336
157 345
157 361
157 369
157 394
157 419
157 443
157 451
157 452
157 458
157 469
157 479
157 480
157 487
157 492
157 2
157 9
157 71
157 92
157 124
157 147
157 407
158 305
158 321
158 369
158 393
158 399
158 430
158 447
158 469
158 472
158 480
158 487
158 76
158 139
158 182
158 190
158 201
158 220
158 408
159 261
159 262
159 294
159 300
159 319
159 338
159 346
159 348
159 356
159 357
159 366
159 434
159 437
159 441
159 460
159 462
159 465
159 468
159 470
159 478
159 492
159 8
159 16
159 23
159 43
159 59
159 69
159 86
159 119
159 132
159 144
159 203
159 409
160 286
160 295
160 308
160 314
160 328
160 360
160 362
160 397
160 423
160 437
160 478
160 493
160 497
160 20
160 28
160 49
160 153
160 210
160 215
160 410
161 263
161 266
161 285
161 315
161 340
161 357
161 369
161 410
161 412
161 422
161 427
161 445
161 464
161 467
161 38
161 97
161 98
161 121
161 174
161 195
161 411
162 260
162 284
162 295
162 302
162 354
162 384
162 388
162 413
162 417
162 432
162 442
162 443
162 467
162 470
162 473
162 480
162 492
162 20
162 39
162 75
162 118
162 132
162 171
162 218
162 236
162 237
162 412
163 256
163 258
163 261
163 273
163 278
163 287
163 293
163 330
163 334
163 345
163 351
163 362
163 365
163 379
163 411
163 422
163 434
163 435
163 441
163 451
163 454
163 461
163 469
163 485
163 486
163 494
163 14
163 89
163 136
163 140
163 199
163 244
163 413
164 267
164 271
164 299
164 304
164 325
164 337
164 345
164 358
164 366
164 390
164 412
164 422
164 433
164 473
164 490
164 40
164 44
164 72
164 73
164 81
164 89
164 146
164 414
165 260
165 264
165 273
165 280
165 282
165 309
165 311
165 318
165 341
165 351
165 353
165 364
165 397
165 411
165 414
165 418
165 426
165 430
165 432
165 437
165 441
165 481
165 482
165 54
165 64
165 90
165 140
165 153
165 216
165 223
165 415
166 256
166 269
166 272
166 313
166 324
166 360
166 362
166 393
166 416
166 440
166 454
166 460
166 472
166 489
166 490
166 35
166 37
166 71
166 93
166 110
166 140
166 169
166 172
166 187
167 289
167 317
167 319
167 320
167 360
167 362
167 376
167 384
167 392
167 403
167 431
167 432
167 434
167 454
167 468
167 484
167 7
167 13
167 44
167 53
167 95
167 131
167 144
167 191
167 223
167 417
168 260
168 264
168 291
168 293
168 307
168 342
168 353
168 355
168 357
168 381
168 384
168 407
168 422
168 423
168 424
168 458
168 495
168 37
168 62
168 91
168 156
168 180
168 188
168 242
168 418
169 265
169 266
169 288
169 304
169 328
169 337
169 344
169 364
169 425
169 433
169 441
169 460
169 461
169 473
169 476
169 66
169 74
169 76
169 111
169 166
169 179
169 243
169 419
170 256
170 261
170 265
170 274
170 276
170 306
170 308
170 320
170 333
170 337
170 345
170 351
170 352
170 366
170 375
170 376
170 388
170 389
170 401
170 404
170 406
170 417
170 422
170 426
170 443
170 453
170 464
170 477
170 479
170 497
170 499
170 70
170 82
170 126
170 221
170 233
170 420
171 256
171 272
171 296
171 302
171 308
171 310
171 320
171 335
171 352
171 357
171 373
171 387
171 389
171 402
171 408
171 444
171 478
171 480
171 484
171 497
171 36
171 61
171 162
171 175
171 421
172 261
172 272
172 286
172 289
172 292
172 298
172 304
172 314
172 329
172 336
172 342
172 343
172 357
172 377
172 383
172 402
172 424
172 425
172 444
172 453
172 456
172 457
172 472
172 476
172 487
172 490
172 491
172 16
172 72
172 91
172 95
172 106
172 120
172 143
172 166
172 214
172 422
173 263
173 299
173 301
173 309
173 343
173 364
173 370
173 379
173 381
173 390
173 440
173 443
173 474
173 480
173 498
173 3
173 69
173 71
173 135
173 229
173 235
173 247
173 423
174 277
174 281
174 305
174 306
174 323
174 338
174 346
174 365
174 371
174 390
174 422
174 428
174 45
174 87
174 102
174 105
174 161
174 231
174 424
175 254
175 291
175 296
175 324
175 332
175 340
175 347
175 353
175 357
175 359
175 398
175 417
175 444
175 446
175 448
175 492
175 27
175 38
175 41
175 83
175 112
175 141
175 155
175 171
175 229
175 425
176 251
176 255
176 263
176 271
176 277
176 287
176 289
176 290
176 315
176 317
176 333
176 349
176 362
176 363
176 388
176 401
176 409
176 415
176 428
176 431
176 447
176 454
176 461
176 468
176 473
176 16
176 26
176 38
176 40
176 49
176 92
176 237
176 241
176 247
176 426
177 256
177 270
177 272
177 273
177 280
177 283
177 290
177 298
177 310
177 315
177 320
177 325
177 333
177 353
177 354
177 356
177 390
177 391
177 395
177 399
177 401
177 411
177 420
177 424
177 450
177 461
177 462
177 62
177 90
177 92
177 127
177 134
177 208
177 242
177 427
178 252
178 270
178 271
178 272
178 284
178 303
178 307
178 310
178 318
178 320
178 324
178 335
178 345
178 350
178 353
178 375
178 391
178 393
178 400
178 407
178 413
178 432
178 455
178 469
178 480
178 32
178 106
178 113
178 195
178 223
178 243
178 428
179 264
179 271
179 272
179 275
179 281
179 286
179 295
179 298
179 307
179 319
179 325
179 328
179 339
179 367
179 392
179 413
179 417
179 425
179 427
179 461
179 465
179 473
179 477
179 15
179 19
179 25
179 101
179 107
179 112
179 132
179 169
179 204
179 207
179 229
179 232
179 429
180 259
180 278
180 301
180 309
180 313
180 326
180 330
180 341
180 356
180 393
180 398
180 400
180 408
180 419
180 435
180 484
180 487
180 17
180 59
180 66
180 95
180 98
180 138
180 168
180 249
180 430
181 255
181 258
181 263
181 287
181 296
181 304
181 305
181 308
181 315
181 321
181 359
181 370
181 372
181 374
181 406
181 409
181 410
181 422
181 431
181 456
181 481
181 490
181 67
181 79
181 86
181 88
181 151
181 184
181 199
181 235
181 249
182 259
182 263
182 266
182 267
182 278
182 319
182 334
182 361
182 362
182 384
182 411
182 430
182 443
182 453
182 458
182 469
182 41
182 59
182 80
182 158
182 213
182 432
183 254
183 264
183 286
183 292
183 357
183 381
183 401
183 402
183 415
183 431
183 440
183 449
183 463
183 476
183 492
183 493
183 494
183 495
183 64
183 70
183 99
183 119
183 123
183 133
183 195
183 236
183 238
183 433
184 253
184 265
184 278
184 323
184 327
184 329
184 332
184 343
184 361
184 416
184 420
184 434
184 449
184 48
184 52
184 67
184 84
184 106
184 181
184 191
184 206
184 231
185 280
185 283
185 293
185 294
185 295
185 309
185 313
185 317
185 318
185 368
185 421
185 427
185 444
185 467
185 29
185 86
185 87
185 108
185 214
185 227
185 232
185 435
186 258
186 285
186 310
186 340
186 346
186 352
186 354
186 360
186 362
186 376
186 420
186 441
186 453
186 485
186 486
186 488
186 495
186 499
186 1
186 7
186 24
186 25
186 94
186 131
186 436
187 256
187 264
187 267
187 268
187 274
187 282
187 284
187 294
187 311
187 327
187 331
187 347
187 355
187 374
187 376
187 392
187 396
187 398
187 439
187 442
187 471
187 487
187 491
187 54
187 56
187 88
187 101
187 166
187 192
187 241
187 243
187 437
188 275
188 293
188 299
188 372
188 412
188 420
188 427
188 463
188 481
188 492
188 495
188 58
188 114
188 131
188 168
188 196
188 438
189 257
189 261
189 336
189 370
189 374
189 385
189 418
189 441
189 471
189 474
189 497
189 14
189 94
189 217
189 232
189 439
190 252
190 255
190 261
190 264
190 270
190 275
190 294
190 313
190 357
190 398
190 455
190 461
190 467
190 28
190 158
190 197
190 216
190 440
191 267
191 282
191 285
191 287
191 308
191 320
191 322
191 334
191 344
191 361
191 380
191 382
191 419
191 428
191 460
191 486
191 2
191 42
191 74
191 85
191 105
191 114
191 142
191 167
191 184
191 194
191 205
191 223
191 245
191 441
192 262
192 265
192 298
192 309
192 319
192 331
192 340
192 343
192 371
192 378
192 386
192 407
192 429
192 444
192 458
192 474
192 43
192 65
192 76
192 105
192 187
192 201
192 219
192 234
192 442
193 256
193 261
193 275
193 284
193 299
193 317
193 321
193 324
193 333
193 337
193 340
193 342
193 379
193 385
193 391
193 394
193 409
193 438
193 442
193 474
193 477
193 494
193 31
193 47
193 227
193 248
193 443
194 277
194 301
194 336
194 340
194 377
194 392
194 394
194 404
194 440
194 475
194 483
194 496
194 49
194 70
194 71
194 90
194 95
194 121
194 191
194 248
194 444
195 270
195 298
195 316
195 323
195 335
195 344
195 346
195 350
195 354
195 360
195 377
195 402
195 408
195 425
195 448
195 453
195 469
195 55
195 148
195 156
195 161
195 178
195 183
195 212
195 239
195 241
195 445
196 266
196 268
196 269
196 298
196 306
196 312
196 335
196 338
196 348
196 356
196 357
196 397
196 418
196 453
196 478
196 484
196 20
196 35
196 53
196 74
196 83
196 101
196 145
196 147
196 188
196 206
196 227
196 244
196 446
197 250
197 260
197 270
197 292
197 300
197 326
197 337
197 342
197 347
197 351
197 353
197 365
197 369
197 384
197 406
197 414
197 453
197 481
197 484
197 494
197 48
197 190
197 237
197 447
198 251
198 253
198 272
198 287
198 305
198 314
198 324
198 332
198 337
198 340
198 341
198 347
198 354
198 403
198 410
198 411
198 422
198 445
198 456
198 457
198 462
198 51
198 54
198 87
198 111
198 448
199 264
199 273
199 291
199 292
199 306
199 316
199 326
199 344
199 347
199 357
199 367
199 368
199 401
199 405
199 414
199 424
199 437
199 446
199 466
199 491
199 4
199 25
199 50
199 105
199 141
199 163
199 181
199 205
199 240
199 449
200 255
200 267
200 279
200 281
200 310
200 328
200 378
200 413
200 425
200 434
200 441
200 461
200 465
200 477
200 479
200 490
200 82
200 83
200 90
200 115
200 450
201 250
201 275
201 303
201 321
201 335
201 343
201 364
201 365
201 411
201 432
201 437
201 443
201 469
201 473
201 488
201 489
201 25
201 65
201 84
201 158
201 192
201 451
202 282
202 291
202 293
202 356
202 363
202 374
202 403
202 462
202 484
202 486
202 491
202 494
202 496
202 28
202 452
203 252
203 270
203 276
203 293
203 304
203 305
203 306
203 325
203 332
203 333
203 335
203 344
203 358
203 359
203 361
203 395
203 396
203 401
203 402
203 436
203 438
203 439
203 442
203 444
203 451
203 464
203 479
203 482
203 492
203 494
203 495
203 23
203 31
203 117
203 119
203 159
203 453
204 270
204 282
204 300
204 338
204 348
204 371
204 374
204 375
204 437
204 441
204 453
204 454
204 474
204 18
204 75
204 124
204 179
205 264
205 313
205 314
205 326
205 336
205 345
205 361
205 364
205 375
205 376
205 380
205 404
205 407
205 419
205 425
205 438
205 453
205 456
205 470
205 497
205 498
205 40
205 84
205 112
205 191
205 199
205 240
205 455
206 284
206 297
206 312
206 363
206 391
206 409
206 414
206 425
206 443
206 454
206 468
206 469
206 495
206 59
206 69
206 108
206 111
206 184
206 196
206 207
206 228
206 233
206 239
206 456
207 255
207 287
207 300
207 302
207 382
207 406
207 413
207 423
207 431
207 446
207 448
207 451
207 463
207 475
207 487
207 488
207 489
207 27
207 41
207 115
207 179
207 206
207 232
207 237
207 457
208 265
208 266
208 310
208 314
208 370
208 379
208 383
208 392
208 400
208 406
208 412
208 432
208 433
208 441
208 452
208 461
208 463
208 478
208 13
208 25
208 68
208 100
208 101
208 177
208 458
209 253
209 259
209 273
209 284
209 286
209 292
209 300
209 301
209 304
209 320
209 332
209 343
209 358
209 375
209 382
209 396
209 397
209 433
209 437
209 484
209 487
209 493
209 494
209 495
209 21
209 69
209 76
209 103
209 221
209 248
209 459
210 268
210 282
210 286
210 327
210 353
210 375
210 378
210 417
210 422
210 440
210 446
210 461
210 462
210 469
210 479
210 483
210 484
210 499
210 90
210 98
210 143
210 160
210 460
211 274
211 280
211 299
211 315
211 346
211 390
211 450
211 483
211 496
211 6
211 8
211 49
211 102
211 117
211 124
211 230
211 249
211 461
212 255
212 306
212 317
212 325
212 339
212 383
212 405
212 424
212 452
212 467
212 492
212 499
212 27
212 37
212 63
212 65
212 74
212 75
212 86
212 93
212 124
212 144
212 195
212 231
212 462
213 277
213 282
213 288
213 298
213 305
213 324
213 329
213 381
213 409
213 432
213 445
213 455
213 470
213 493
213 496
213 33
213 67
213 118
213 182
213 218
213 228
213 463
214 265
214 283
214 299
214 341
214 347
214 349
214 357
214 362
214 364
214 377
214 378
214 400
214 434
214 442
214 470
214 473
214 477
214 489
214 498
214 53
214 125
214 172
214 185
214 236
214 464
215 253
215 288
215 292
215 301
215 302
215 318
215 324
215 333
215 338
215 344
215 365
215 390
215 400
215 414
215 423
215 426
215 446
215 474
215 491
215 35
215 40
215 121
215 136
215 145
215 155
215 160
215 246
215 465
216 257
216 261
216 268
216 278
216 280
216 297
216 303
216 308
216 328
216 336
216 341
216 386
216 396
216 416
216 439
216 462
216 476
216 493
216 5
216 19
216 26
216 69
216 90
216 100
216 106
216 126
216 165
216 190
216 229
216 466
217 260
217 284
217 327
217 329
217 334
217 343
217 348
217 354
217 360
217 363
217 389
217 401
217 413
217 440
217 444
217 454
217 485
217 491
217 12
217 64
217 80
217 93
217 119
217 155
217 189
217 224
217 467
218 254
218 256
218 305
218 401
218 407
218 411
218 416
218 437
218 464
218 470
218 482
218 4
218 40
218 135
218 136
218 162
218 213
218 468
219 256
219 267
219 268
219 286
219 301
219 311
219 326
219 351
219 363
219 392
219 393
219 395
219 454
219 469
219 482
219 496
219 498
219 1
219 46
219 59
219 62
219 79
219 192
219 222
220 265
220 273
220 309
220 313
220 321
220 347
220 358
220 364
220 378
220 414
220 419
220 420
220 440
220 452
220 480
220 494
220 53
220 92
220 133
220 158
220 470
221 261
221 302
221 317
221 320
221 323
221 334
221 335
221 371
221 380
221 406
221 419
221 424
221 431
221 433
221 448
221 459
221 462
221 464
221 478
221 487
221 490
221 494
221 9
221 11
221 170
221 209
221 471
222 274
222 288
222 289
222 290
222 297
222 339
222 343
222 349
222 350
222 408
222 409
222 418
222 443
222 455
222 456
222 457
222 459
222 467
222 474
222 485
222 495
222 37
222 81
222 107
222 109
222 114
222 219
222 236
222 472
223 261
223 266
223 279
223 323
223 333
223 348
223 372
223 374
223 383
223 385
223 414
223 423
223 448
223 465
223 473
223 0
223 38
223 56
223 165
223 167
223 178
223 191
223 224
224 266
224 301
224 359
224 371
224 377
224 393
224 397
224 444
224 461
224 479
224 483
224 28
224 44
224 67
224 68
224 76
224 133
224 217
224 223
224 235
224 474
225 251
225 257
225 280
225 281
225 289
225 294
225 298
225 300
225 306
225 340
225 370
225 376
225 381
225 389
225 415
225 417
225 420
225 430
225 465
225 475
225 38
225 59
225 244
226 250
226 261
226 284
226 298
226 304
226 310
226 326
226 333
226 334
226 343
226 360
226 364
226 382
226 386
226 389
226 392
226 405
226 414
226 421
226 442
226 445
226 469
226 51
226 78
226 94
226 144
226 476
227 252
227 293
227 314
227 323
227 335
227 358
227 368
227 392
227 408
227 419
227 427
227 438
227 454
227 493
227 38
227 69
227 80
227 81
227 111
227 112
227 151
227 185
227 193
227 196
227 477
228 257
228 286
228 296
228 299
228 300
228 302
228 305
228 320
228 330
228 338
228 339
228 349
228 357
228 359
228 363
228 375
228 388
228 394
228 401
228 404
228 415
228 421
228 426
228 428
228 468
228 469
228 476
228 479
228 34
228 37
228 77
228 91
228 206
228 213
228 237
228 478
229 254
229 283
229 286
229 289
229 293
229 326
229 334
229 383
229 393
229 412
229 438
229 441
229 443
229 456
229 481
229 3
229 69
229 114
229 133
229 173
229 175
229 179
229 216
229 479
230 251
230 256
230 262
230 265
230 272
230 274
230 288
230 305
230 306
230 315
230 334
230 335
230 338
230 355
230 386
230 398
230 407
230 438
230 456
230 463
230 493
230 7
230 85
230 120
230 147
230 155
230 211
230 234
230 239
230 480
231 250
231 257
231 275
231 283
231 300
231 317
231 331
231 339
231 347
231 359
231 386
231 399
231 406
231 415
231 421
231 429
231 447
231 455
231 475
231 491
231 494
231 23
231 40
231 59
231 72
231 85
231 127
231 135
231 174
231 184
231 212
231 481
232 255
232 270
232 279
232 295
232 313
232 315
232 318
232 320
232 344
232 391
232 392
232 403
232 417
232 421
232 428
232 454
232 463
232 479
232 480
232 487
232 494
232 12
232 72
232 107
232 179
232 185
232 189
232 207
232 241
232 249
232 482
233 253
233 262
233 276
233 284
233 299
233 301
233 332
233 333
233 334
233 378
233 383
233 384
233 398
233 423
233 453
233 455
233 463
233 468
233 470
233 472
233 484
233 497
233 25
233 47
233 77
233 126
233 128
233 139
233 156
233 170
233 206
233 483
234 262
234 272
234 277
234 295
234 298
234 309
234 316
234 317
234 322
234 323
234 325
234 332
234 363
234 378
234 386
234 426
234 461
234 467
234 489
234 79
234 136
234 138
234 142
234 192
234 230
234 235
234 484
235 257
235 269
235 290
235 293
235 305
235 334
235 357
235 367
235 418
235 425
235 454
235 458
235 470
235 480
235 482
235 498
235 30
235 31
235 45
235 58
235 109
235 112
235 114
235 134
235 142
235 153
235 173
235 181
235 224
235 234
235 247
235 485
236 259
236 270
236 278
236 305
236 318
236 319
236 351
236 352
236 367
236 378
236 392
236 405
236 422
236 428
236 431
236 441
236 462
236 470
236 477
236 486
236 489
236 493
236 15
236 52
236 97
236 131
236 162
236 183
236 214
236 222
236 246
237 274
237 281
237 301
237 309
237 310
237 329
237 336
237 343
237 380
237 387
237 393
237 397
237 411
237 437
237 445
237 453
237 464
237 475
237 489
237 494
237 9
237 21
237 43
237 51
237 86
237 107
237 145
237 162
237 176
237 197
237 207
237 228
237 487
238 257
238 270
238 271
238 274
238 280
238 283
238 331
238 333
238 338
238 350
238 376
238 386
238 401
238 409
238 411
238 414
238 462
238 5
238 36
238 53
238 92
238 94
238 143
238 183
238 488
239 252
239 278
239 280
239 311
239 312
239 326
239 328
239 387
239 397
239 398
239 403
239 404
239 409
239 423
239 430
239 457
239 498
239 66
239 78
239 101
239 117
239 195
239 206
239 230
239 241
239 244
239 489
240 259
240 260
240 284
240 321
240 339
240 340
240 345
240 356
240 375
240 378
240 392
240 406
240 409
240 419
240 424
240 427
240 435
240 444
240 463
240 479
240 482
240 489
240 495
240 13
240 54
240 82
240 86
240 104
240 199
240 205
240 490
241 252
241 257
241 259
241 260
241 263
241 268
241 281
241 306
241 334
241 337
241 368
241 369
241 382
241 393
241 397
241 421
241 426
241 431
241 453
241 473
241 477
241 481
241 494
241 4
241 41
241 101
241 102
241 108
241 128
241 136
241 148
241 176
241 187
241 195
241 232
241 239
241 491
242 255
242 261
242 277
242 285
242 308
242 341
242 375
242 382
242 403
242 417
242 432
242 472
242 482
242 494
242 35
242 51
242 89
242 117
242 168
242 177
242 492
243 250
243 295
243 319
243 323
243 330
243 341
243 367
243 382
243 386
243 392
243 412
243 432
243 468
243 476
243 492
243 7
243 40
243 48
243 53
243 55
243 86
243 118
243 134
243 144
243 147
243 156
243 169
243 178
243 187
243 493
244 260
244 262
244 298
244 300
244 302
244 311
244 316
244 360
244 369
244 370
244 384
244 394
244 446
244 448
244 453
244 483
244 487
244 496
244 66
244 78
244 124
244 136
244 138
244 163
244 196
244 225
244 239
244 248
244 494
245 265
245 287
245 292
245 306
245 375
245 389
245 413
245 422
245 426
245 435
245 440
245 445
245 461
245 498
245 150
245 191
245 495
246 261
246 276
246 279
246 297
246 314
246 343
246 383
246 390
246 431
246 432
246 446
246 40
246 42
246 67
246 99
246 215
246 236
246 496
247 250
247 255
247 258
247 259
247 281
247 285
247 286
247 294
247 326
247 329
247 337
247 382
247 393
247 398
247 401
247 420
247 436
247 442
247 459
247 485
247 495
247 14
247 65
247 75
247 173
247 176
247 235
247 497
248 251
248 258
248 275
248 296
248 298
248 306
248 308
248 341
248 348
248 373
248 380
248 383
248 421
248 430
248 446
248 448
248 450
248 459
248 462
248 472
248 473
248 497
248 33
248 86
248 110
248 131
248 193
248 194
248 209
248 244
248 498
249 274
249 293
249 309
249 310
249 330
249 335
249 370
249 393
249 401
249 405
249 416
249 440
249 443
249 450
249 454
249 471
249 29
249 44
249 45
249 65
249 85
249 108
249 112
249 115
249 120
249 124
249 129
249 153
249 180
249 181
249 211
249 232
249 499
250 4
250 11
250 20
250 43
250 54
250 58
250 73
250 88
250 97
250 109
250 113
250 126
250 143
250 155
250 197
250 201
250 226
250 231
250 243
250 247
250 0
251 3
251 18
251 23
251 38
251 44
251 47
251 69
251 79
251 87
251 154
251 176
251 198
251 225
251 230
251 248
251 1
252 0
252 74
252 94
252 114
252 138
252 144
252 146
252 178
252 190
252 203
252 227
252 239
252 241
252 2
253 3
253 27
253 36
253 51
253 61
253 63
253 68
253 73
253 76
253 91
253 100
253 121
253 124
253 145
253 146
253 151
253 184
253 198
253 209
253 215
253 233
254 11
254 39
254 48
254 75
254 103
254 107
254 124
254 143
254 149
254 175
254 183
254 218
254 229
254 4
255 11
255 23
255 33
255 57
255 80
255 108
255 126
255 131
255 176
255 181
255 190
255 200
255 207
255 212
255 232
255 242
255 247
255 5
256 19
256 22
256 35
256 55
256 81
256 88
256 102
256 105
256 119
256 155
256 163
256 166
256 170
256 171
256 177
256 187
256 193
256 218
256 219
256 230
256 6
257 12
257 47
257 60
257 65
257 69
257 82
257 94
257 96
257 98
257 105
257 119
257 157
257 189
257 216
257 225
257 228
257 231
257 235
257 238
257 241
257 7
258 3
258 21
258 22
258 36
258 43
258 60
258 63
258 65
258 70
258 131
258 133
258 149
258 163
258 181
258 186
258 247
258 248
258 8
259 17
259 38
259 53
259 70
259 73
259 97
259 103
259 114
259 122
259 133
259 136
259 143
259 145
259 148
259 153
259 180
259 182
259 209
259 236
259 240
259 241
259 247
259 9
260 3
260 8
260 16
260 32
260 35
260 63
260 84
260 93
260 106
260 111
260 123
260 124
260 134
260 143
260 144
260 157
260 162
260 165
260 168
260 197
260 217
260 240
260 241
260 244
260 10
261 45
261 69
261 104
261 133
261 148
261 152
261 159
261 163
261 170
261 172
261 189
261 190
261 193
261 216
261 221
261 223
261 226
261 242
261 246
261 11
262 3
262 12
262 23
262 27
262 30
262 33
262 49
262 54
262 96
262 99
262 130
262 135
262 137
262 151
262 153
262 159
262 192
262 230
262 233
262 234
262 244
263 0
263 12
263 14
263 19
263 29
263 31
263 39
263 77
263 78
263 105
263 129
263 134
263 143
263 147
263 161
263 173
263 176
263 181
263 182
263 241
263 13
264 12
264 13
264 23
264 38
264 52
264 55
264 65
264 100
264 101
264 113
264 126
264 128
264 165
264 168
264 179
264 183
264 187
264 190
264 199
264 205
264 14
265 4
265 6
265 24
265 33
265 47
265 57
265 137
265 143
265 169
265 170
265 184
265 192
265 208
265 214
265 220
265 230
265 245
265 15
266 12
266 17
266 21
266 51
266 53
266 103
266 107
266 119
266 123
266 125
266 136
266 146
266 161
266 169
266 182
266 196
266 208
266 223
266 224
266 16
267 6
267 44
267 55
267 63
267 75
267 77
267 100
267 105
267 122
267 144
267 152
267 153
267 154
267 164
267 182
267 187
267 191
267 200
267 219
267 17
268 5
268 21
268 35
268 85
268 95
268 107
268 117
268 126
268 127
268 128
268 144
268 150
268 187
268 196
268 210
268 216
268 219
268 241
268 18
269 0
269 13
269 23
269 28
269 32
269 88
269 98
269 100
269 104
269 113
269 125
269 126
269 143
269 146
269 166
269 196
269 235
269 19
270 26
270 38
270 42
270 56
270 76
270 93
270 95
270 103
270 128
270 155
270 156
270 177
270 178
270 190
270 195
270 197
270 203
270 204
270 232
270 236
270 238
270 20
271 16
271 21
271 25
271 67
271 69
271 76
271 132
271 164
271 176
271 178
271 179
271 238
272 15
272 34
272 37
272 38
272 44
272 47
272 67
272 69
272 79
272 83
272 84
272 90
272 91
272 94
272 103
272 107
272 125
272 135
272 150
272 166
272 171
272 172
272 177
272 178
272 179
272 198
272 230
272 234
272 22
273 4
273 16
273 23
273 32
273 34
273 39
273 40
273 70
273 77
273 117
273 146
273 148
273 163
273 165
273 177
273 199
273 209
273 220
274 20
274 24
274 42
274 51
274 83
274 88
274 90
274 99
274 147
274 170
274 187
274 211
274 222
274 230
274 237
274 238
274 249
275 1
275 11
275 35
275 45
275 54
275 59
275 71
275 88
275 94
275 100
275 108
275 118
275 142
275 179
275 188
275 190
275 193
275 201
275 231
275 248
275 25
276 5
276 21
276 30
276 38
276 39
276 68
276 104
276 127
276 145
276 147
276 170
276 203
276 233
276 246
276 26
277 30
277 39
277 44
277 51
277 67
277 68
277 70
277 109
277 111
277 115
277 119
277 129
277 140
277 157
277 174
277 176
277 194
277 213
277 234
277 242
277 27
278 10
278 22
278 57
278 80
278 83
278 93
278 104
278 126
278 128
278 163
278 180
278 182
278 184
278 216
278 236
278 239
278 28
279 8
279 20
279 32
279 39
279 70
279 94
279 105
279 106
279 117
279 127
279 153
279 200
279 223
279 232
279 246
279 29
280 7
280 55
280 59
280 62
280 63
280 71
280 76
280 84
280 96
280 103
280 111
280 140
280 150
280 165
280 177
280 185
280 211
280 216
280 225
280 238
280 239
280 30
281 68
281 90
281 138
281 156
281 174
281 179
281 200
281 225
281 237
281 241
281 247
281 31
282 30
282 37
282 45
282 48
282 52
282 63
282 70
282 73
282 94
282 124
282 133
282 144
282 146
282 148
282 150
282 165
282 187
282 191
282 202
282 204
282 210
282 213
282 32
283 17
283 18
283 20
283 67
283 99
283 116
283 120
283 141
283 142
283 145
283 147
283 149
283 155
283 177
283 185
283 214
283 229
283 231
283 238
283 33
284 9
284 19
284 25
284 29
284 55
284 88
284 93
284 105
284 107
284 134
284 137
284 141
284 152
284 156
284 162
284 178
284 187
284 193
284 206
284 209
284 217
284 226
284 233
284 240
284 34
285 17
285 56
285 94
285 103
285 106
285 108
285 111
285 113
285 114
285 116
285 117
285 123
285 124
285 142
285 150
285 161
285 186
285 191
285 242
285 247
285 35
286 13
286 14
286 32
286 48
286 66
286 74
286 82
286 91
286 96
286 104
286 106
286 112
286 144
286 160
286 172
286 179
286 183
286 209
286 210
286 219
286 228
286 229
286 247
286 36
287 46
287 52
287 54
287 55
287 80
287 86
287 96
287 105
287 109
287 110
287 133
287 144
287 163
287 176
287 181
287 191
287 198
287 207
287 245
287 37
288 26
288 36
288 77
288 92
288 104
288 141
288 156
288 169
288 213
288 215
288 222
288 230
288 38
289 50
289 57
289 73
289 88
289 108
289 140
289 150
289 167
289 172
289 176
289 222
289 225
289 229
289 39
290 9
290 18
290 26
290 44
290 58
290 120
290 141
290 176
290 177
290 222
290 235
290 40
291 4
291 31
291 52
291 65
291 118
291 119
291 124
291 143
291 150
291 156
291 168
291 175
291 199
291 202
291 41
292 23
292 65
292 72
292 99
292 100
292 112
292 121
292 122
292 147
292 156
292 172
292 183
292 197
292 199
292 209
292 215
292 245
292 42
293 19
293 37
293 60
293 62
293 78
293 80
293 88
293 112
293 150
293 163
293 168
293 185
293 188
293 202
293 203
293 227
293 229
293 235
293 249
293 43
294 2
294 3
294 35
294 40
294 44
294 45
294 51
294 68
294 78
294 93
294 116
294 121
294 137
294 146
294 147
294 159
294 185
294 187
294 190
294 225
294 247
295 18
295 19
295 50
295 58
295 68
295 86
295 94
295 98
295 110
295 113
295 124
295 160
295 162
295 179
295 185
295 232
295 234
295 243
295 45
296 1
296 35
296 66
296 80
296 83
296 89
296 96
296 109
296 112
296 171
296 175
296 181
296 228
296 248
296 46
297 7
297 9
297 22
297 35
297 36
297 43
297 57
297 106
297 108
297 111
297 114
297 135
297 137
297 206
297 216
297 222
297 246
297 47
298 2
298 15
298 17
298 23
298 37
298 48
298 98
298 122
298 137
298 156
298 172
298 177
298 179
298 192
298 195
298 196
298 213
298 225
298 226
298 234
298 244
298 248
299 11
299 20
299 47
299 48
299 63
299 66
299 75
299 79
299 80
299 96
299 114
299 141
299 164
299 173
299 188
299 193
299 211
299 214
299 228
299 233
299 49
300 20
300 24
300 40
300 45
300 54
300 60
300 87
300 94
300 121
300 139
300 140
300 159
300 197
300 204
300 207
300 209
300 225
300 228
300 231
300 244
300 50
301 25
301 47
301 58
301 67
301 69
301 96
301 108
301 109
301 112
301 118
301 128
301 153
301 173
301 180
301 194
301 209
301 215
301 219
301 224
301 233
301 237
301 51
302 5
302 22
302 24
302 27
302 28
302 59
302 88
302 117
302 139
302 140
302 162
302 171
302 207
302 215
302 221
302 228
302 244
302 52
303 4
303 7
303 12
303 30
303 37
303 50
303 61
303 74
303 91
303 94
303 132
303 145
303 178
303 201
303 216
303 53
304 17
304 23
304 31
304 70
304 87
304 99
304 141
304 150
304 152
304 153
304 164
304 169
304 172
304 181
304 203
304 209
304 226
304 54
305 2
305 12
305 19
305 34
305 45
305 73
305 76
305 79
305 82
305 107
305 149
305 158
305 174
305 181
305 198
305 203
305 213
305 218
305 228
305 230
305 235
305 236
305 55
306 0
306 32
306 45
306 57
306 66
306 73
306 77
306 110
306 113
306 114
306 155
306 170
306 174
306 196
306 199
306 203
306 212
306 225
306 230
306 241
306 245
306 248
306 56
307 8
307 9
307 13
307 18
307 48
307 72
307 80
307 85
307 108
307 114
307 146
307 152
307 168
307 178
307 179
307 57
308 7
308 10
308 24
308 28
308 30
308 54
308 59
308 98
308 120
308 142
308 160
308 170
308 171
308 181
308 191
308 216
308 242
308 248
308 58
309 2
309 5
309 40
309 48
309 70
309 88
309 100
309 134
309 165
309 173
309 180
309 185
309 192
309 220
309 234
309 237
309 249
309 59
310 23
310 33
310 37
310 41
310 44
310 54
310 61
310 64
310 74
310 78
310 101
310 117
310 171
310 177
310 178
310 186
310 200
310 208
310 226
310 237
310 249
310 60
311 0
311 1
311 7
311 12
311 45
311 53
311 106
311 126
311 127
311 165
311 187
311 219
311 239
311 244
311 61
312 4
312 13
312 91
312 103
312 107
312 111
312 115
312 139
312 149
312 156
312 196
312 206
312 239
312 62
313 37
313 51
313 56
313 67
313 92
313 120
313 145
313 166
313 180
313 185
313 190
313 205
313 220
313 232
313 63
314 10
314 13
314 31
314 68
314 80
314 113
314 115
314 125
314 142
314 144
314 153
314 160
314 172
314 198
314 205
314 208
314 227
314 246
314 64
315 22
315 51
315 62
315 70
315 84
315 85
315 89
315 108
315 113
315 129
315 133
315 161
315 176
315 177
315 181
315 211
315 230
315 232
315 65
316 8
316 11
316 42
316 48
316 56
316 64
316 78
316 98
316 99
316 124
316 137
316 195
316 199
316 234
316 244
316 66
317 15
317 52
317 67
317 70
317 85
317 109
317 132
317 148
317 154
317 167
317 176
317 185
317 193
317 212
317 221
317 231
317 234
318 7
318 17
318 19
318 48
318 72
318 88
318 102
318 109
318 133
318 165
318 178
318 185
318 215
318 232
318 236
318 68
319 16
319 30
319 53
319 68
319 74
319 95
319 112
319 149
319 153
319 159
319 167
319 179
319 182
319 192
319 236
319 243
319 69
320 5
320 7
320 12
320 30
320 48
320 144
320 167
320 170
320 171
320 177
320 178
320 191
320 209
320 221
320 228
320 232
320 70
321 2
321 23
321 24
321 25
321 54
321 113
321 117
321 129
321 135
321 154
321 158
321 181
321 193
321 201
321 220
321 240
321 71
322 33
322 50
322 88
322 90
322 92
322 107
322 124
322 126
322 142
322 154
322 156
322 191
322 234
322 72
323 24
323 51
323 58
323 97
323 113
323 119
323 124
323 128
323 133
323 139
323 174
323 184
323 195
323 221
323 223
323 227
323 234
323 243
323 73
324 3
324 18
324 41
324 65
324 101
324 130
324 145
324 166
324 175
324 178
324 193
324 198
324 213
324 215
324 74
325 11
325 28
325 30
325 43
325 47
325 73
325 81
325 164
325 177
325 179
325 203
325 212
325 234
325 75
326 2
326 4
326 7
326 11
326 42
326 43
326 49
326 73
326 75
326 76
326 80
326 105
326 113
326 124
326 146
326 156
326 180
326 197
326 199
326 205
326 219
326 226
326 229
326 239
326 247
327 50
327 64
327 91
327 92
327 98
327 101
327 106
327 109
327 137
327 138
327 148
327 154
327 184
327 187
327 210
327 217
327 77
328 3
328 4
328 19
328 24
328 71
328 76
328 77
328 129
328 138
328 146
328 148
328 153
328 154
328 157
328 160
328 169
328 179
328 200
328 216
328 239
328 78
329 31
329 40
329 45
329 50
329 62
329 64
329 88
329 108
329 132
329 133
329 139
329 147
329 151
329 172
329 184
329 213
329 217
329 237
329 247
329 79
330 10
330 16
330 31
330 36
330 40
330 42
330 52
330 94
330 119
330 163
330 180
330 228
330 243
330 249
330 80
331 22
331 35
331 96
331 120
331 122
331 137
331 143
331 187
331 192
331 231
331 238
331 81
332 12
332 24
332 45
332 52
332 57
332 81
332 88
332 99
332 110
332 113
332 137
332 144
332 175
332 184
332 198
332 203
332 209
332 233
332 234
332 82
333 1
333 47
333 57
333 58
333 63
333 73
333 75
333 89
333 90
333 94
333 112
333 120
333 153
333 170
333 176
333 177
333 193
333 203
333 215
333 223
333 226
333 233
333 238
333 83
334 9
334 20
334 21
334 24
334 34
334 38
334 57
334 83
334 112
334 121
334 163
334 182
334 191
334 217
334 221
334 226
334 229
334 230
334 233
334 235
334 241
334 84
335 15
335 19
335 21
335 44
335 55
335 97
335 120
335 136
335 143
335 171
335 178
335 195
335 196
335 201
335 203
335 221
335 227
335 230
335 249
335 85
336 8
336 11
336 18
336 27
336 40
336 45
336 49
336 58
336 108
336 147
336 157
336 172
336 189
336 194
336 205
336 216
336 237
336 86
337 14
337 24
337 29
337 34
337 41
337 51
337 53
337 57
337 62
337 70
337 90
337 91
337 109
337 153
337 164
337 169
337 170
337 193
337 197
337 198
337 241
337 247
337 87
338 9
338 21
338 26
338 31
338 44
338 79
338 82
338 92
338 93
338 94
338 103
338 109
338 143
338 156
338 159
338 174
338 196
338 204
338 215
338 228
338 230
338 238
338 88
339 3
339 16
339 41
339 61
339 73
339 84
339 109
339 179
339 212
339 222
339 228
339 231
339 240
339 89
340 2
340 10
340 11
340 13
340 32
340 44
340 65
340 71
340 93
340 95
340 112
340 133
340 161
340 175
340 186
340 192
340 193
340 194
340 198
340 225
340 240
340 90
341 0
341 13
341 35
341 40
341 74
341 95
341 99
341 100
341 104
341 124
341 133
341 135
341 146
341 152
341 165
341 180
341 198
341 214
341 216
341 242
341 243
341 248
341 91
342 3
342 21
342 46
342 48
342 54
342 68
342 98
342 115
342 121
342 125
342 132
342 135
342 168
342 172
342 193
342 197
342 92
343 43
343 49
343 61
343 73
343 115
343 120
343 139
343 172
343 173
343 184
343 192
343 201
343 209
343 217
343 222
343 226
343 237
343 246
343 93
344 16
344 37
344 41
344 42
344 54
344 61
344 80
344 124
344 129
344 169
344 191
344 195
344 199
344 203
344 215
344 232
344 94
345 1
345 15
345 20
345 38
345 73
345 99
345 125
345 157
345 163
345 164
345 170
345 178
345 205
345 240
345 95
346 28
346 36
346 70
346 83
346 88
346 93
346 136
346 146
346 159
346 174
346 186
346 195
346 211
346 96
347 12
347 34
347 42
347 79
347 85
347 88
347 98
347 111
347 124
347 129
347 138
347 149
347 175
347 187
347 197
347 198
347 199
347 214
347 220
347 231
347 97
348 9
348 17
348 55
348 88
348 105
348 128
348 136
348 149
348 159
348 196
348 204
348 217
348 223
348 248
348 98
349 0
349 3
349 10
349 28
349 52
349 71
349 101
349 106
349 134
349 136
349 146
349 149
349 150
349 153
349 176
349 214
349 222
349 228
349 99
350 21
350 30
350 76
350 92
350 104
350 114
350 117
350 124
350 145
350 178
350 195
350 222
350 238
350 100
351 30
351 54
351 71
351 74
351 97
351 99
351 101
351 135
351 138
351 163
351 165
351 170
351 197
351 219
351 236
352 0
352 37
352 49
352 75
352 96
352 107
352 170
352 171
352 186
352 236
352 102
353 10
353 38
353 42
353 54
353 97
353 105
353 130
353 142
353 165
353 168
353 175
353 177
353 178
353 197
353 210
353 103
354 16
354 27
354 30
354 37
354 48
354 52
354 108
354 145
354 162
354 177
354 186
354 195
354 198
354 217
354 104
355 13
355 22
355 31
355 35
355 46
355 54
355 99
355 108
355 133
355 137
355 156
355 168
355 187
355 230
355 105
356 2
356 67
356 84
356 97
356 99
356 114
356 129
356 142
356 159
356 177
356 180
356 196
356 202
356 240
356 106
357 10
357 39
357 85
357 101
357 114
357 116
357 122
357 145
357 152
357 156
357 159
357 161
357 168
357 171
357 172
357 175
357 183
357 190
357 196
357 199
357 214
357 228
357 235
357 107
358 12
358 15
358 28
358 41
358 66
358 76
358 77
358 92
358 109
358 122
358 130
358 134
358 136
358 140
358 164
358 203
358 209
358 220
358 227
358 108
359 10
359 20
359 37
359 56
359 84
359 88
359 98
359 107
359 115
359 118
359 123
359 133
359 146
359 152
359 175
359 181
359 203
359 224
359 228
359 231
359 109
360 50
360 66
360 85
360 91
360 113
360 114
360 115
360 119
360 126
360 160
360 166
360 167
360 186
360 195
360 217
360 226
360 244
360 110
361 6
361 7
361 56
361 72
361 124
361 127
361 133
361 134
361 157
361 182
361 184
361 191
361 203
361 205
361 111
362 19
362 21
362 56
362 69
362 76
362 82
362 85
362 89
362 93
362 106
362 118
362 129
362 160
362 163
362 166
362 167
362 176
362 182
362 186
362 214
362 112
363 6
363 30
363 50
363 58
363 130
363 133
363 176
363 202
363 206
363 217
363 219
363 228
363 234
363 113
364 4
364 12
364 14
364 39
364 42
364 43
364 50
364 55
364 73
364 82
364 93
364 98
364 108
364 111
364 129
364 130
364 132
364 138
364 165
364 169
364 173
364 201
364 205
364 214
364 220
364 226
364 114
365 0
365 8
365 10
365 17
365 27
365 30
365 37
365 45
365 93
365 99
365 140
365 151
365 163
365 174
365 197
365 201
365 215
365 115
366 0
366 12
366 31
366 34
366 41
366 54
366 61
366 83
366 93
366 101
366 112
366 116
366 128
366 144
366 156
366 159
366 164
366 170
367 5
367 30
367 34
367 37
367 40
367 44
367 55
367 66
367 68
367 74
367 111
367 148
367 155
367 179
367 199
367 235
367 236
367 243
367 117
368 5
368 11
368 31
368 54
368 65
368 75
368 88
368 99
368 103
368 125
368 145
368 185
368 199
368 227
368 241
368 118
369 22
369 31
369 55
369 76
369 107
369 121
369 134
369 137
369 142
369 154
369 156
369 157
369 158
369 161
369 197
369 241
369 244
369 119
370 0
370 11
370 19
370 22
370 23
370 42
370 50
370 58
370 60
370 81
370 112
370 118
370 120
370 173
370 181
370 189
370 208
370 225
370 244
370 249
371 4
371 33
371 37
371 52
371 65
371 71
371 85
371 90
371 98
371 111
371 130
371 144
371 174
371 192
371 204
371 221
371 224
371 121
372 14
372 16
372 32
372 44
372 50
372 70
372 86
372 111
372 113
372 131
372 134
372 142
372 143
372 181
372 188
372 223
372 122
373 7
373 15
373 17
373 32
373 60
373 67
373 72
373 76
373 82
373 89
373 90
373 92
373 96
373 98
373 116
373 124
373 152
373 171
373 248
373 123
374 17
374 20
374 58
374 93
374 111
374 118
374 125
374 142
374 143
374 181
374 187
374 189
374 202
374 204
374 223
374 124
375 12
375 41
375 60
375 93
375 100
375 112
375 120
375 154
375 170
375 178
375 204
375 205
375 209
375 210
375 228
375 240
375 242
375 245
375 125
376 18
376 31
376 36
376 40
376 45
376 65
376 95
376 98
376 117
376 131
376 167
376 170
376 186
376 187
376 205
376 225
376 238
376 126
377 10
377 37
377 51
377 80
377 86
377 100
377 101
377 112
377 130
377 133
377 172
377 194
377 195
377 214
377 224
377 127
378 5
378 12
378 32
378 38
378 42
378 43
378 78
378 81
378 85
378 112
378 140
378 143
378 155
378 192
378 200
378 210
378 214
378 220
378 233
378 234
378 236
378 240
378 128
379 5
379 13
379 25
379 49
379 60
379 69
379 71
379 73
379 101
379 115
379 125
379 129
379 141
379 144
379 163
379 173
379 193
379 208
380 10
380 13
380 16
380 23
380 35
380 63
380 65
380 76
380 117
380 126
380 128
380 131
380 132
380 140
380 155
380 156
380 191
380 205
380 221
380 237
380 248
380 130
381 6
381 15
381 48
381 80
381 109
381 112
381 113
381 118
381 121
381 137
381 141
381 151
381 168
381 173
381 183
381 213
381 225
381 131
382 4
382 22
382 53
382 56
382 62
382 66
382 76
382 88
382 105
382 115
382 141
382 148
382 156
382 191
382 207
382 209
382 226
382 241
382 242
382 243
382 247
382 132
383 10
383 16
383 18
383 52
383 53
383 54
383 59
383 67
383 68
383 69
383 80
383 101
383 114
383 115
383 122
383 134
383 140
383 152
383 172
383 208
383 212
383 223
383 229
383 233
383 246
383 248
383 133
384 10
384 13
384 16
384 40
384 48
384 110
384 149
384 162
384 167
384 168
384 182
384 197
384 233
384 244
384 134
385 9
385 39
385 48
385 58
385 84
385 87
385 88
385 96
385 142
385 189
385 193
385 223
385 135
386 11
386 12
386 14
386 32
386 42
386 61
386 114
386 118
386 135
386 192
386 216
386 226
386 230
386 231
386 234
386 238
386 243
386 136
387 6
387 11
387 20
387 32
387 57
387 65
387 81
387 106
387 107
387 118
387 136
387 171
387 237
387 239
387 137
388 15
388 18
388 26
388 65
388 77
388 96
388 106
388 131
388 139
388 140
388 156
388 162
388 170
388 176
388 228
388 138
389 19
389 29
389 30
389 34
389 44
389 54
389 58
389 60
389 65
389 79
389 89
389 139
389 144
389 170
389 171
389 217
389 225
389 226
389 245
390 6
390 16
390 27
390 28
390 31
390 34
390 67
390 68
390 89
390 105
390 108
390 118
390 133
390 143
390 151
390 155
390 164
390 173
390 174
390 177
390 211
390 215
390 246
390 140
391 7
391 51
391 72
391 83
391 177
391 178
391 193
391 206
391 232
391 141
392 7
392 36
392 62
392 72
392 98
392 100
392 142
392 167
392 179
392 187
392 194
392 208
392 219
392 226
392 227
392 232
392 236
392 240
392 243
393 16
393 47
393 50
393 64
393 65
393 70
393 87
393 97
393 103
393 104
393 144
393 149
393 158
393 166
393 178
393 180
393 219
393 224
393 229
393 237
393 241
393 247
393 249
393 143
394 14
394 17
394 21
394 41
394 47
394 71
394 74
394 75
394 93
394 119
394 122
394 131
394 135
394 143
394 157
394 193
394 194
394 228
394 244
394 144
395 9
395 13
395 42
395 92
395 105
395 116
395 122
395 131
395 149
395 177
395 203
395 219
395 145
396 26
396 39
396 48
396 51
396 53
396 71
396 102
396 120
396 150
396 156
396 187
396 203
396 209
396 216
396 146
397 7
397 14
397 35
397 37
397 45
397 79
397 84
397 104
397 115
397 121
397 124
397 125
397 128
397 160
397 165
397 196
397 209
397 224
397 237
397 239
397 241
397 147
398 1
398 31
398 52
398 57
398 73
398 78
398 99
398 101
398 113
398 118
398 128
398 137
398 145
398 175
398 180
398 187
398 190
398 230
398 233
398 239
398 247
398 148
399 36
399 40
399 58
399 61
399 76
399 93
399 101
399 107
399 128
399 158
399 177
399 231
399 149
400 33
400 68
400 92
400 96
400 97
400 131
400 136
400 142
400 145
400 178
400 180
400 208
400 214
400 215
400 150
401 12
401 30
401 37
401 43
401 58
401 65
401 88
401 89
401 114
401 128
401 130
401 170
401 176
401 177
401 183
401 199
401 203
401 217
401 218
401 228
401 238
401 247
401 249
401 151
402 20
402 34
402 83
402 106
402 112
402 132
402 135
402 139
402 141
402 146
402 147
402 156
402 171
402 172
402 183
402 195
402 203
402 152
403 11
403 18
403 57
403 74
403 93
403 130
403 153
403 167
403 198
403 202
403 232
403 239
403 242
404 6
404 23
404 32
404 45
404 51
404 83
404 89
404 92
404 100
404 101
404 118
404 139
404 140
404 156
404 170
404 194
404 205
404 228
404 239
404 154
405 13
405 29
405 30
405 33
405 74
405 87
405 90
405 91
405 95
405 114
405 116
405 127
405 148
405 199
405 212
405 226
405 236
405 249
405 155
406 4
406 10
406 35
406 36
406 64
406 68
406 74
406 81
406 92
406 96
406 116
406 121
406 125
406 127
406 140
406 170
406 181
406 197
406 207
406 208
406 221
406 231
406 240
406 156
407 10
407 11
407 17
407 19
407 25
407 48
407 65
407 79
407 89
407 108
407 111
407 144
407 152
407 154
407 168
407 178
407 192
407 205
407 218
407 230
407 157
408 5
408 11
408 17
408 23
408 33
408 47
408 67
408 73
408 93
408 98
408 102
408 103
408 171
408 180
408 195
408 222
408 227
408 158
409 31
409 41
409 45
409 77
409 86
409 107
409 114
409 118
409 129
409 130
409 134
409 142
409 156
409 176
409 181
409 193
409 206
409 213
409 222
409 238
409 239
409 240
409 159
410 6
410 35
410 43
410 48
410 49
410 55
410 103
410 104
410 116
410 121
410 125
410 135
410 148
410 161
410 181
410 198
410 160
411 23
411 41
411 54
411 67
411 110
411 115
411 117
411 133
411 134
411 148
411 154
411 163
411 165
411 177
411 182
411 198
411 201
411 218
411 237
411 238
411 161
412 37
412 41
412 51
412 69
412 111
412 120
412 135
412 139
412 152
412 155
412 161
412 164
412 188
412 208
412 229
412 243
412 162
413 7
413 35
413 41
413 48
413 55
413 64
413 72
413 75
413 78
413 89
413 97
413 107
413 108
413 122
413 145
413 153
413 162
413 178
413 179
413 200
413 207
413 217
413 245
413 163
414 3
414 9
414 11
414 25
414 40
414 52
414 81
414 86
414 87
414 93
414 113
414 134
414 148
414 165
414 197
414 199
414 206
414 215
414 220
414 223
414 226
414 238
414 164
415 6
415 11
415 66
415 79
415 83
415 94
415 102
415 150
415 176
415 183
415 225
415 228
415 231
415 165
416 18
416 23
416 90
416 114
416 134
416 139
416 155
416 166
416 184
416 216
416 218
416 249
417 21
417 33
417 66
417 72
417 81
417 82
417 86
417 89
417 105
417 106
417 107
417 121
417 128
417 162
417 170
417 175
417 179
417 210
417 225
417 232
417 242
417 167
418 22
418 40
418 48
418 53
418 61
418 64
418 65
418 66
418 68
418 128
418 130
418 137
418 150
418 165
418 189
418 196
418 222
418 235
418 168
419 18
419 29
419 68
419 93
419 147
419 148
419 157
419 180
419 191
419 205
419 220
419 221
419 227
419 240
419 169
420 6
420 68
420 72
420 74
420 97
420 104
420 107
420 111
420 118
420 121
420 138
420 147
420 177
420 184
420 186
420 188
420 220
420 225
420 247
420 170
421 35
421 50
421 51
421 74
421 117
421 137
421 185
421 226
421 228
421 231
421 232
421 241
421 248
421 171
422 16
422 24
422 28
422 34
422 40
422 60
422 78
422 94
422 97
422 112
422 117
422 134
422 136
422 150
422 154
422 161
422 163
422 164
422 168
422 170
422 174
422 181
422 198
422 210
422 236
422 245
422 172
423 20
423 32
423 55
423 94
423 104
423 106
423 115
423 120
423 147
423 160
423 168
423 207
423 215
423 223
423 233
423 239
423 173
424 26
424 35
424 36
424 49
424 59
424 60
424 62
424 113
424 129
424 140
424 151
424 168
424 172
424 177
424 199
424 212
424 221
424 240
424 174
425 0
425 5
425 32
425 59
425 81
425 98
425 101
425 105
425 109
425 121
425 122
425 127
425 169
425 172
425 179
425 195
425 200
425 205
425 206
425 235
425 175
426 11
426 26
426 31
426 62
426 100
426 141
426 156
426 165
426 170
426 215
426 228
426 234
426 241
426 245
426 176
427 22
427 50
427 51
427 57
427 63
427 76
427 77
427 106
427 109
427 125
427 127
427 128
427 145
427 161
427 179
427 185
427 188
427 227
427 240
427 177
428 10
428 35
428 51
428 57
428 60
428 63
428 67
428 71
428 78
428 88
428 96
428 100
428 105
428 107
428 141
428 144
428 174
428 176
428 191
428 228
428 232
428 236
428 178
429 10
429 19
429 34
429 44
429 89
429 91
429 104
429 119
429 134
429 147
429 156
429 192
429 231
429 179
430 1
430 7
430 26
430 31
430 32
430 46
430 48
430 61
430 68
430 73
430 74
430 83
430 89
430 92
430 104
430 132
430 158
430 165
430 182
430 225
430 239
430 248
430 180
431 4
431 37
431 39
431 41
431 55
431 91
431 94
431 103
431 104
431 116
431 153
431 167
431 176
431 181
431 183
431 207
431 221
431 236
431 241
431 246
432 13
432 30
432 43
432 46
432 61
432 62
432 73
432 74
432 78
432 82
432 83
432 91
432 93
432 98
432 103
432 104
432 129
432 140
432 162
432 165
432 167
432 178
432 201
432 208
432 213
432 242
432 243
432 246
432 182
433 7
433 12
433 13
433 21
433 60
433 62
433 68
433 96
433 111
433 117
433 164
433 169
433 208
433 209
433 221
433 183
434 24
434 66
434 69
434 76
434 86
434 88
434 91
434 112
434 122
434 159
434 163
434 167
434 184
434 200
434 214
435 10
435 11
435 28
435 59
435 63
435 66
435 70
435 87
435 107
435 113
435 123
435 126
435 127
435 140
435 163
435 180
435 240
435 245
435 185
436 0
436 16
436 22
436 35
436 63
436 75
436 100
436 104
436 112
436 121
436 127
436 129
436 151
436 203
436 247
436 186
437 9
437 22
437 29
437 45
437 47
437 51
437 54
437 65
437 76
437 98
437 99
437 104
437 128
437 129
437 135
437 141
437 145
437 159
437 160
437 165
437 199
437 201
437 204
437 209
437 218
437 237
437 187
438 6
438 13
438 21
438 57
438 80
438 88
438 102
438 114
438 121
438 131
438 193
438 203
438 205
438 227
438 229
438 230
438 188
439 23
439 51
439 75
439 76
439 105
439 106
439 110
439 114
439 124
439 149
439 187
439 203
439 216
439 189
440 3
440 8
440 9
440 16
440 20
440 47
440 56
440 60
440 62
440 76
440 93
440 94
440 95
440 105
440 137
440 166
440 173
440 183
440 194
440 210
440 217
440 220
440 245
440 249
440 190
441 25
441 30
441 32
441 43
441 56
441 75
441 109
441 142
441 144
441 152
441 159
441 163
441 165
441 169
441 186
441 189
441 200
441 204
441 208
441 229
441 236
441 191
442 4
442 31
442 46
442 67
442 71
442 90
442 110
442 123
442 127
442 162
442 187
442 193
442 203
442 214
442 226
442 247
442 192
443 3
443 23
443 95
443 101
443 114
443 120
443 148
443 157
443 162
443 170
443 173
443 182
443 201
443 206
443 222
443 229
443 249
443 193
444 14
444 51
444 57
444 63
444 87
444 92
444 119
444 138
444 171
444 172
444 175
444 185
444 192
444 203
444 217
444 224
444 240
444 194
445 17
445 21
445 26
445 58
445 60
445 64
445 72
445 81
445 85
445 88
445 101
445 103
445 104
445 112
445 133
445 149
445 154
445 155
445 161
445 198
445 213
445 226
445 237
445 245
445 195
446 3
446 31
446 40
446 123
446 125
446 150
446 175
446 199
446 207
446 210
446 215
446 244
446 246
446 248
446 196
447 10
447 55
447 68
447 74
447 98
447 111
447 114
447 117
447 123
447 154
447 158
447 176
447 231
447 197
448 2
448 8
448 16
448 19
448 64
448 119
448 140
448 147
448 155
448 156
448 175
448 195
448 207
448 221
448 223
448 244
448 248
448 198
449 21
449 30
449 56
449 59
449 60
449 84
449 113
449 145
449 146
449 150
449 183
449 184
449 199
450 0
450 20
450 21
450 35
450 38
450 43
450 64
450 106
450 110
450 135
450 141
450 177
450 211
450 248
450 249
450 200
451 11
451 20
451 52
451 57
451 93
451 98
451 122
451 127
451 142
451 153
451 157
451 163
451 203
451 207
451 201
452 27
452 40
452 41
452 42
452 60
452 61
452 97
452 115
452 119
452 123
452 134
452 157
452 208
452 212
452 220
452 202
453 6
453 24
453 35
453 57
453 85
453 115
453 121
453 143
453 170
453 172
453 182
453 186
453 195
453 196
453 197
453 204
453 205
453 233
453 237
453 241
453 244
453 203
454 15
454 23
454 46
454 49
454 60
454 75
454 84
454 105
454 108
454 110
454 131
454 163
454 166
454 167
454 176
454 204
454 206
454 217
454 219
454 227
454 232
454 235
454 249
455 8
455 10
455 16
455 33
455 38
455 41
455 42
455 60
455 62
455 67
455 69
455 75
455 110
455 128
455 140
455 178
455 190
455 213
455 222
455 231
455 233
455 205
456 7
456 66
456 71
456 77
456 83
456 84
456 85
456 87
456 99
456 129
456 172
456 181
456 198
456 205
456 222
456 229
456 230
456 206
457 5
457 12
457 39
457 40
457 54
457 56
457 57
457 70
457 80
457 83
457 93
457 107
457 117
457 128
457 172
457 198
457 222
457 239
457 207
458 34
458 43
458 55
458 63
458 92
458 115
458 157
458 168
458 182
458 192
458 235
458 208
459 1
459 10
459 20
459 35
459 56
459 71
459 84
459 95
459 98
459 117
459 125
459 142
459 151
459 221
459 222
459 247
459 248
459 209
460 21
460 23
460 27
460 28
460 36
460 105
460 114
460 130
460 135
460 146
460 159
460 166
460 169
460 191
460 210
461 6
461 15
461 40
461 51
461 58
461 59
461 101
461 129
461 130
461 139
461 163
461 169
461 176
461 177
461 179
461 190
461 200
461 208
461 210
461 224
461 234
461 245
461 211
462 23
462 27
462 29
462 38
462 58
462 64
462 72
462 126
462 131
462 159
462 177
462 198
462 202
462 210
462 216
462 221
462 236
462 238
462 248
462 212
463 5
463 14
463 37
463 50
463 61
463 73
463 119
463 153
463 183
463 188
463 207
463 208
463 230
463 232
463 233
463 240
463 213
464 2
464 21
464 49
464 56
464 73
464 116
464 124
464 126
464 132
464 150
464 161
464 170
464 203
464 218
464 221
464 237
464 214
465 5
465 16
465 47
465 48
465 55
465 67
465 85
465 98
465 106
465 115
465 125
465 145
465 148
465 150
465 151
465 159
465 179
465 200
465 223
465 225
465 215
466 11
466 25
466 36
466 41
466 43
466 76
466 90
466 113
466 118
466 140
466 148
466 199
466 216
467 9
467 16
467 24
467 35
467 37
467 126
467 129
467 145
467 161
467 162
467 185
467 190
467 212
467 222
467 234
467 217
468 11
468 18
468 39
468 47
468 49
468 52
468 56
468 61
468 64
468 82
468 89
468 92
468 107
468 111
468 112
468 119
468 150
468 159
468 167
468 176
468 206
468 228
468 233
468 243
468 218
469 9
469 15
469 42
469 47
469 52
469 55
469 58
469 59
469 82
469 107
469 112
469 115
469 119
469 120
469 135
469 150
469 157
469 158
469 163
469 178
469 182
469 195
469 201
469 206
469 210
469 219
469 226
469 228
470 0
470 42
470 56
470 57
470 62
470 72
470 74
470 82
470 94
470 99
470 103
470 114
470 139
470 159
470 162
470 205
470 213
470 214
470 218
470 233
470 235
470 236
470 220
471 7
471 14
471 28
471 30
471 39
471 72
471 77
471 83
471 87
471 91
471 94
471 100
471 101
471 116
471 119
471 123
471 135
471 187
471 189
471 249
471 221
472 25
472 35
472 46
472 51
472 76
472 89
472 116
472 129
472 158
472 166
472 172
472 233
472 242
472 248
472 222
473 34
473 40
473 119
473 143
473 162
473 164
473 169
473 176
473 179
473 201
473 214
473 223
473 241
473 248
474 0
474 5
474 13
474 17
474 34
474 45
474 74
474 109
474 116
474 119
474 127
474 154
474 173
474 189
474 192
474 193
474 204
474 215
474 222
474 224
475 13
475 39
475 53
475 81
475 84
475 113
475 115
475 125
475 128
475 139
475 146
475 151
475 194
475 207
475 225
475 231
475 237
476 14
476 55
476 76
476 84
476 93
476 96
476 102
476 105
476 135
476 136
476 144
476 150
476 169
476 172
476 183
476 216
476 228
476 243
476 226
477 18
477 31
477 33
477 66
477 87
477 108
477 114
477 115
477 140
477 156
477 170
477 179
477 193
477 200
477 214
477 236
477 241
477 227
478 15
478 21
478 38
478 67
478 75
478 106
478 107
478 108
478 159
478 160
478 171
478 196
478 208
478 221
478 228
479 13
479 21
479 32
479 60
479 64
479 75
479 77
479 80
479 94
479 104
479 114
479 134
479 138
479 157
479 170
479 200
479 203
479 210
479 224
479 228
479 232
479 240
479 229
480 6
480 44
480 51
480 55
480 63
480 73
480 87
480 100
480 108
480 129
480 131
480 157
480 158
480 162
480 171
480 173
480 178
480 220
480 232
480 235
480 230
481 4
481 8
481 38
481 45
481 59
481 61
481 70
481 84
481 104
481 130
481 141
481 165
481 181
481 188
481 197
481 229
481 241
481 231
482 20
482 43
482 67
482 72
482 90
482 106
482 109
482 133
482 143
482 155
482 165
482 203
482 218
482 219
482 235
482 240
482 242
482 232
483 15
483 33
483 38
483 56
483 82
483 127
483 130
483 136
483 140
483 194
483 210
483 211
483 224
483 244
483 233
484 18
484 27
484 59
484 68
484 96
484 103
484 111
484 120
484 167
484 171
484 180
484 196
484 197
484 202
484 209
484 210
484 233
484 234
485 11
485 41
485 45
485 63
485 70
485 71
485 82
485 133
485 138
485 140
485 144
485 163
485 186
485 217
485 222
485 247
485 235
486 4
486 19
486 32
486 38
486 59
486 61
486 100
486 153
486 163
486 186
486 191
486 202
486 236
487 33
487 44
487 47
487 82
487 109
487 112
487 124
487 135
487 150
487 157
487 158
487 172
487 180
487 187
487 207
487 209
487 221
487 232
487 244
487 237
488 14
488 33
488 41
488 87
488 98
488 110
488 115
488 129
488 149
488 151
488 186
488 201
488 207
488 238
489 1
489 3
489 13
489 29
489 31
489 40
489 43
489 75
489 76
489 119
489 125
489 126
489 166
489 201
489 207
489 214
489 234
489 236
489 237
489 240
489 239
490 10
490 11
490 12
490 52
490 78
490 79
490 86
490 111
490 120
490 134
490 164
490 166
490 172
490 181
490 200
490 221
490 240
491 17
491 41
491 62
491 63
491 64
491 70
491 89
491 102
491 113
491 119
491 156
491 172
491 187
491 199
491 202
491 215
491 217
491 231
491 241
492 5
492 7
492 12
492 16
492 25
492 30
492 35
492 84
492 87
492 89
492 118
492 122
492 124
492 125
492 135
492 141
492 145
492 146
492 157
492 159
492 162
492 175
492 183
492 188
492 203
492 212
492 243
492 242
493 10
493 12
493 20
493 24
493 28
493 129
493 137
493 146
493 154
493 160
493 183
493 209
493 213
493 216
493 227
493 230
493 236
493 243
494 19
494 22
494 29
494 57
494 84
494 93
494 109
494 113
494 134
494 156
494 163
494 183
494 193
494 197
494 202
494 203
494 209
494 220
494 221
494 231
494 232
494 237
494 241
494 242
494 244
495 11
495 16
495 20
495 26
495 50
495 53
495 67
495 96
495 120
495 139
495 143
495 168
495 183
495 186
495 188
495 203
495 206
495 209
495 222
495 240
495 247
495 245
496 1
496 9
496 21
496 71
496 92
496 101
496 102
496 111
496 129
496 131
496 142
496 194
496 202
496 211
496 213
496 219
496 244
496 246
497 2
497 23
497 29
497 37
497 54
497 66
497 103
497 117
497 127
497 137
497 155
497 160
497 170
497 171
497 189
497 205
497 233
497 248
497 247
498 16
498 54
498 55
498 85
498 97
498 99
498 101
498 136
498 141
498 156
498 173
498 205
498 214
498 219
498 235
498 239
498 245
498 248
499 17
499 32
499 37
499 65
499 69
499 129
499 155
499 170
499 186
499 210
499 212
499 249
