  200   1077
0 121
0 147
0 173
0 3
0 8
0 44
0 46
0 72
0 77
0 83
0 85
0 95
0 99
0 100
1 113
1 122
1 133
1 185
1 190
1 191
1 2
1 16
1 29
1 46
1 59
1 66
1 76
1 84
1 101
2 120
2 143
2 147
2 152
2 173
2 179
2 1
2 10
2 12
2 48
2 76
2 78
2 102
3 101
3 147
3 158
3 175
3 178
3 185
3 192
3 0
3 12
3 24
3 42
3 55
3 56
3 61
3 66
3 68
3 94
3 97
3 103
4 100
4 101
4 107
4 137
4 157
4 22
4 27
4 43
4 49
4 77
4 79
4 88
4 104
5 100
5 106
5 109
5 117
5 121
5 124
5 135
5 180
5 190
5 24
5 28
5 36
5 43
5 59
5 65
5 80
5 95
5 105
6 153
6 155
6 183
6 186
6 10
6 13
6 23
6 31
6 44
6 50
6 51
6 52
6 54
6 61
6 64
6 79
6 106
7 105
7 106
7 112
7 135
7 137
7 157
7 185
7 26
7 58
7 73
7 78
7 82
7 91
7 107
8 111
8 184
8 0
8 15
8 16
8 18
8 24
8 58
8 83
8 85
8 108
9 105
9 151
9 175
9 191
9 34
9 59
9 77
9 79
9 80
9 81
9 85
9 109
10 111
10 114
10 156
10 183
10 184
10 2
10 6
10 12
10 34
10 39
10 47
10 54
10 57
10 64
10 81
10 110
11 103
11 104
11 108
11 118
11 122
11 129
11 166
11 172
11 23
11 59
11 66
11 74
11 111
12 117
12 127
12 134
12 136
12 165
12 168
12 175
12 190
12 196
12 199
12 2
12 3
12 10
12 20
12 25
12 28
12 50
12 79
12 97
12 112
13 143
13 175
13 188
13 199
13 6
13 17
13 22
13 38
13 40
13 88
13 89
13 91
13 113
14 101
14 117
14 171
14 193
14 195
14 15
14 17
14 33
14 47
14 51
14 61
14 83
14 99
14 114
15 144
15 150
15 161
15 172
15 175
15 8
15 14
15 19
15 23
15 36
15 69
15 90
15 115
16 111
16 155
16 169
16 1
16 8
16 17
16 20
16 24
16 27
16 54
16 56
16 61
16 67
16 71
16 76
16 93
16 98
16 116
17 109
17 118
17 123
17 139
17 165
17 166
17 192
17 194
17 199
17 13
17 14
17 16
17 21
17 48
17 49
17 59
17 60
17 77
17 80
17 86
17 94
17 117
18 134
18 145
18 153
18 158
18 8
18 21
18 28
18 45
18 54
18 118
19 118
19 124
19 15
19 34
19 36
19 88
19 119
20 106
20 108
20 141
20 145
20 147
20 149
20 12
20 16
20 30
20 44
20 47
20 64
20 80
20 81
20 85
20 92
20 120
21 108
21 178
21 192
21 198
21 17
21 18
21 26
21 27
21 36
21 49
21 55
21 58
21 64
21 80
21 121
22 101
22 116
22 152
22 159
22 197
22 4
22 13
22 31
22 68
22 71
22 81
22 82
22 86
22 88
22 89
22 91
22 122
23 109
23 130
23 133
23 161
23 167
23 179
23 6
23 11
23 15
23 44
23 48
23 59
23 66
23 68
23 73
23 92
23 95
23 123
24 113
24 133
24 138
24 144
24 148
24 159
24 164
24 169
24 172
24 187
24 3
24 5
24 8
24 16
24 30
24 42
24 49
24 63
24 68
24 95
24 124
25 113
25 129
25 177
25 190
25 193
25 12
25 51
25 52
25 84
25 89
25 92
25 125
26 100
26 112
26 132
26 134
26 167
26 7
26 21
26 35
26 48
26 52
26 54
26 76
26 81
26 92
26 97
26 126
27 127
27 131
27 139
27 146
27 148
27 152
27 176
27 182
27 190
27 4
27 16
27 21
27 34
27 69
27 71
27 73
27 78
27 79
27 94
27 95
27 97
28 107
28 130
28 133
28 167
28 193
28 194
28 196
28 5
28 12
28 18
28 38
28 57
28 128
29 118
29 128
29 166
29 168
29 169
29 179
29 185
29 1
29 47
29 129
30 113
30 130
30 142
30 157
30 159
30 182
30 190
30 20
30 24
30 44
30 45
30 53
30 91
31 114
31 119
31 129
31 132
31 140
31 153
31 163
31 190
31 6
31 22
31 56
31 60
31 79
31 131
32 121
32 164
32 180
32 35
32 74
32 91
32 96
32 132
33 122
33 142
33 147
33 175
33 176
33 178
33 196
33 14
33 49
33 54
33 57
33 73
33 95
33 133
34 111
34 120
34 152
34 163
34 9
34 10
34 19
34 27
34 61
34 73
34 83
34 134
35 164
35 192
35 26
35 32
35 48
35 52
35 64
35 71
35 75
35 135
36 104
36 110
36 115
36 137
36 5
36 15
36 19
36 21
36 38
36 50
36 52
36 73
36 75
36 78
36 136
37 100
37 128
37 130
37 136
37 157
37 161
37 171
37 191
37 64
37 75
37 99
37 137
38 113
38 127
38 128
38 142
38 147
38 164
38 184
38 192
38 195
38 13
38 28
38 36
38 40
38 56
38 65
38 91
38 138
39 133
39 149
39 156
39 165
39 171
39 176
39 178
39 181
39 10
39 48
39 53
39 55
39 75
39 139
40 169
40 192
40 13
40 38
40 54
40 61
40 69
40 76
40 94
40 140
41 102
41 110
41 115
41 149
41 151
41 158
41 190
41 47
41 61
41 73
41 75
41 78
41 87
41 90
41 93
41 95
41 141
42 128
42 152
42 171
42 177
42 3
42 24
42 55
42 67
42 72
42 82
42 142
43 115
43 119
43 148
43 4
43 5
43 51
43 72
43 80
43 93
43 143
44 101
44 113
44 132
44 133
44 154
44 171
44 177
44 182
44 0
44 6
44 20
44 23
44 30
44 50
44 84
44 144
45 161
45 177
45 178
45 18
45 30
45 54
45 55
45 65
45 74
45 75
45 79
45 94
45 145
46 105
46 120
46 130
46 148
46 177
46 0
46 1
46 69
46 78
46 82
46 92
46 93
46 146
47 112
47 129
47 176
47 10
47 14
47 20
47 29
47 41
47 72
47 87
47 90
47 94
47 147
48 114
48 184
48 2
48 17
48 23
48 26
48 35
48 39
48 53
48 55
48 72
48 84
48 88
48 98
48 148
49 119
49 124
49 4
49 17
49 21
49 24
49 33
49 50
49 57
49 60
49 88
49 91
49 149
50 124
50 130
50 136
50 158
50 180
50 184
50 6
50 12
50 36
50 44
50 49
50 52
50 57
50 69
50 99
50 150
51 116
51 118
51 131
51 145
51 156
51 166
51 191
51 6
51 14
51 25
51 43
51 53
51 64
51 79
51 94
51 151
52 107
52 116
52 139
52 140
52 164
52 168
52 171
52 172
52 177
52 187
52 196
52 6
52 25
52 26
52 35
52 36
52 50
52 64
52 66
52 73
52 89
52 90
52 152
53 130
53 193
53 198
53 30
53 39
53 48
53 51
53 58
53 63
53 72
53 83
53 88
53 153
54 103
54 104
54 119
54 127
54 169
54 188
54 6
54 10
54 16
54 18
54 26
54 33
54 40
54 45
54 85
54 87
54 154
55 124
55 128
55 129
55 138
55 145
55 151
55 153
55 160
55 197
55 3
55 21
55 39
55 42
55 45
55 48
55 61
55 73
55 74
55 75
55 83
55 85
55 155
56 100
56 101
56 102
56 115
56 124
56 126
56 130
56 158
56 178
56 188
56 3
56 16
56 31
56 38
56 68
56 74
56 80
56 83
56 84
56 156
57 110
57 121
57 131
57 142
57 169
57 187
57 10
57 28
57 33
57 49
57 50
57 74
57 83
57 99
57 157
58 148
58 155
58 166
58 170
58 172
58 191
58 192
58 7
58 8
58 21
58 53
58 61
58 64
58 67
58 86
58 96
58 158
59 112
59 132
59 149
59 150
59 158
59 166
59 181
59 185
59 187
59 1
59 5
59 9
59 11
59 17
59 23
59 61
59 72
59 79
59 84
59 159
60 100
60 101
60 125
60 137
60 143
60 144
60 166
60 177
60 192
60 17
60 31
60 49
60 70
60 71
60 72
60 90
60 95
60 160
61 105
61 132
61 160
61 163
61 164
61 168
61 3
61 6
61 14
61 16
61 34
61 40
61 41
61 55
61 58
61 59
61 64
61 65
61 161
62 108
62 119
62 128
62 150
62 164
62 199
62 72
62 92
62 162
63 107
63 109
63 137
63 138
63 182
63 197
63 24
63 53
63 87
63 90
63 95
63 163
64 138
64 170
64 174
64 177
64 6
64 10
64 20
64 21
64 35
64 37
64 51
64 52
64 58
64 61
64 75
64 79
64 83
64 90
64 164
65 140
65 153
65 189
65 5
65 38
65 45
65 61
65 87
65 90
65 93
65 94
65 98
65 165
66 144
66 150
66 162
66 176
66 178
66 188
66 191
66 1
66 3
66 11
66 23
66 52
66 76
66 93
66 94
66 95
66 166
67 111
67 112
67 124
67 131
67 151
67 154
67 159
67 164
67 192
67 16
67 42
67 58
67 167
68 105
68 126
68 191
68 3
68 22
68 23
68 24
68 56
68 71
68 83
68 88
68 168
69 124
69 131
69 141
69 153
69 155
69 177
69 183
69 186
69 199
69 15
69 27
69 40
69 46
69 50
69 85
69 87
69 88
69 169
70 104
70 118
70 155
70 161
70 162
70 175
70 60
70 74
70 170
71 101
71 126
71 147
71 148
71 159
71 184
71 195
71 16
71 22
71 27
71 35
71 60
71 68
71 88
71 171
72 104
72 116
72 165
72 166
72 169
72 177
72 0
72 42
72 43
72 47
72 48
72 53
72 59
72 60
72 62
72 76
72 83
72 88
72 96
72 172
73 105
73 106
73 146
73 159
73 175
73 184
73 7
73 23
73 27
73 33
73 34
73 36
73 41
73 52
73 55
73 173
74 128
74 133
74 158
74 11
74 32
74 45
74 55
74 56
74 57
74 70
74 174
75 130
75 169
75 185
75 35
75 36
75 37
75 39
75 41
75 45
75 55
75 64
75 76
75 82
75 175
76 110
76 144
76 148
76 178
76 188
76 1
76 2
76 16
76 26
76 40
76 66
76 72
76 75
76 176
77 117
77 119
77 124
77 174
77 0
77 4
77 9
77 17
77 80
77 87
77 95
77 177
78 135
78 159
78 163
78 169
78 171
78 179
78 183
78 2
78 7
78 27
78 36
78 41
78 46
78 83
78 96
78 178
79 126
79 159
79 170
79 173
79 198
79 4
79 6
79 9
79 12
79 27
79 31
79 45
79 51
79 59
79 64
79 92
79 179
80 100
80 106
80 111
80 118
80 124
80 131
80 167
80 179
80 5
80 9
80 17
80 20
80 21
80 43
80 56
80 77
80 180
81 104
81 116
81 131
81 134
81 140
81 141
81 176
81 193
81 199
81 9
81 10
81 20
81 22
81 26
81 93
81 95
81 96
81 98
81 181
82 108
82 163
82 164
82 171
82 178
82 180
82 188
82 7
82 22
82 42
82 46
82 75
82 182
83 141
83 145
83 149
83 0
83 8
83 14
83 34
83 53
83 55
83 56
83 57
83 64
83 68
83 72
83 78
83 183
84 136
84 150
84 166
84 182
84 191
84 1
84 25
84 44
84 48
84 56
84 59
84 184
85 123
85 125
85 131
85 144
85 185
85 191
85 0
85 8
85 9
85 20
85 54
85 55
85 69
86 101
86 103
86 113
86 123
86 132
86 142
86 188
86 189
86 199
86 17
86 22
86 58
86 91
86 186
87 107
87 125
87 131
87 139
87 152
87 160
87 166
87 191
87 41
87 47
87 54
87 63
87 65
87 69
87 77
87 187
88 105
88 138
88 140
88 177
88 185
88 4
88 13
88 19
88 22
88 48
88 49
88 53
88 68
88 69
88 71
88 72
88 92
88 188
89 107
89 108
89 137
89 154
89 182
89 192
89 13
89 22
89 25
89 52
89 189
90 117
90 121
90 154
90 165
90 15
90 41
90 47
90 52
90 60
90 63
90 64
90 65
90 190
91 102
91 106
91 116
91 157
91 172
91 177
91 192
91 7
91 13
91 22
91 30
91 32
91 38
91 49
91 86
91 191
92 108
92 110
92 124
92 134
92 137
92 139
92 146
92 20
92 23
92 25
92 26
92 46
92 62
92 79
92 88
92 97
92 192
93 136
93 171
93 188
93 16
93 41
93 43
93 46
93 65
93 66
93 81
93 193
94 121
94 142
94 150
94 176
94 190
94 3
94 17
94 27
94 40
94 45
94 47
94 51
94 65
94 66
94 194
95 114
95 119
95 128
95 136
95 182
95 184
95 0
95 5
95 23
95 24
95 27
95 33
95 41
95 60
95 63
95 66
95 77
95 81
95 195
96 109
96 118
96 121
96 126
96 155
96 32
96 58
96 72
96 78
96 81
96 97
96 196
97 102
97 149
97 154
97 160
97 165
97 171
97 175
97 186
97 197
97 3
97 12
97 26
97 27
97 92
97 96
98 103
98 105
98 106
98 112
98 156
98 179
98 16
98 48
98 65
98 81
98 198
99 112
99 147
99 154
99 155
99 163
99 174
99 0
99 14
99 37
99 50
99 57
99 199
100 4
100 5
100 26
100 37
100 56
100 60
100 80
100 0
101 3
101 4
101 14
101 22
101 44
101 56
101 60
101 71
101 86
101 1
102 41
102 56
102 91
102 97
102 2
103 11
103 54
103 86
103 98
103 3
104 11
104 36
104 54
104 70
104 72
104 81
104 4
105 7
105 9
105 46
105 61
105 68
105 73
105 88
105 98
105 5
106 5
106 7
106 20
106 73
106 80
106 91
106 98
106 6
107 4
107 28
107 52
107 63
107 87
107 89
107 7
108 11
108 20
108 21
108 62
108 82
108 89
108 92
108 8
109 5
109 17
109 23
109 63
109 96
109 9
110 36
110 41
110 57
110 76
110 92
110 10
111 8
111 10
111 16
111 34
111 67
111 80
111 11
112 7
112 26
112 47
112 59
112 67
112 98
112 99
112 12
113 1
113 24
113 25
113 30
113 38
113 44
113 86
113 13
114 10
114 31
114 48
114 95
114 14
115 36
115 41
115 43
115 56
115 15
116 22
116 51
116 52
116 72
116 81
116 91
116 16
117 5
117 12
117 14
117 77
117 90
117 17
118 11
118 17
118 19
118 29
118 51
118 70
118 80
118 96
118 18
119 31
119 43
119 49
119 54
119 62
119 77
119 95
119 19
120 2
120 34
120 46
120 20
121 0
121 5
121 32
121 57
121 90
121 94
121 96
121 21
122 1
122 11
122 33
122 22
123 17
123 85
123 86
123 23
124 5
124 19
124 49
124 50
124 55
124 56
124 67
124 69
124 77
124 80
124 92
124 24
125 60
125 85
125 87
125 25
126 56
126 68
126 71
126 79
126 96
126 26
127 12
127 27
127 38
127 54
128 29
128 37
128 38
128 42
128 55
128 62
128 74
128 95
128 28
129 11
129 25
129 31
129 47
129 55
129 29
130 23
130 28
130 30
130 37
130 46
130 50
130 53
130 56
130 75
131 27
131 51
131 57
131 67
131 69
131 80
131 81
131 85
131 87
131 31
132 26
132 31
132 44
132 59
132 61
132 86
132 32
133 1
133 23
133 24
133 28
133 39
133 44
133 74
133 33
134 12
134 18
134 26
134 81
134 92
134 34
135 5
135 7
135 78
135 35
136 12
136 37
136 50
136 84
136 93
136 95
136 36
137 4
137 7
137 36
137 60
137 63
137 89
137 92
137 37
138 24
138 55
138 63
138 64
138 88
138 38
139 17
139 27
139 52
139 87
139 92
139 39
140 31
140 52
140 65
140 81
140 88
140 40
141 20
141 69
141 81
141 83
141 41
142 30
142 33
142 38
142 57
142 86
142 94
142 42
143 2
143 13
143 60
143 43
144 15
144 24
144 60
144 66
144 76
144 85
144 44
145 18
145 20
145 51
145 55
145 83
145 45
146 27
146 73
146 92
146 46
147 0
147 2
147 3
147 20
147 33
147 38
147 71
147 99
147 47
148 24
148 27
148 43
148 46
148 58
148 71
148 76
148 48
149 20
149 39
149 41
149 59
149 83
149 97
149 49
150 15
150 59
150 62
150 66
150 84
150 94
150 50
151 9
151 41
151 55
151 67
151 51
152 2
152 22
152 27
152 34
152 42
152 87
152 52
153 6
153 18
153 31
153 55
153 65
153 69
153 53
154 44
154 67
154 89
154 90
154 97
154 99
154 54
155 6
155 16
155 58
155 69
155 70
155 96
155 99
155 55
156 10
156 39
156 51
156 98
156 56
157 4
157 7
157 30
157 37
157 91
157 57
158 3
158 18
158 41
158 50
158 56
158 59
158 74
158 58
159 22
159 24
159 30
159 67
159 71
159 73
159 78
159 79
159 59
160 55
160 61
160 87
160 97
160 60
161 15
161 23
161 37
161 45
161 70
161 61
162 66
162 70
162 62
163 31
163 34
163 61
163 78
163 82
163 99
163 63
164 24
164 32
164 35
164 38
164 52
164 61
164 62
164 67
164 82
164 64
165 12
165 17
165 39
165 72
165 90
165 97
165 65
166 11
166 17
166 29
166 51
166 58
166 59
166 60
166 72
166 84
166 87
166 66
167 23
167 26
167 28
167 80
167 67
168 12
168 29
168 52
168 61
168 68
169 16
169 24
169 29
169 40
169 54
169 57
169 72
169 75
169 78
169 69
170 58
170 64
170 79
170 70
171 14
171 37
171 39
171 42
171 44
171 52
171 78
171 82
171 93
171 97
171 71
172 11
172 15
172 24
172 52
172 58
172 91
172 72
173 0
173 2
173 79
173 73
174 64
174 77
174 99
174 74
175 3
175 9
175 12
175 13
175 15
175 33
175 70
175 73
175 97
175 75
176 27
176 33
176 39
176 47
176 66
176 81
176 94
176 76
177 25
177 42
177 44
177 45
177 46
177 52
177 60
177 64
177 69
177 72
177 88
177 91
177 77
178 3
178 21
178 33
178 39
178 45
178 56
178 66
178 76
178 82
178 78
179 2
179 23
179 29
179 78
179 80
179 98
179 79
180 5
180 32
180 50
180 82
180 80
181 39
181 59
181 81
182 27
182 30
182 44
182 63
182 84
182 89
182 95
182 82
183 6
183 10
183 69
183 78
183 83
184 8
184 10
184 38
184 48
184 50
184 71
184 73
184 95
184 84
185 1
185 3
185 7
185 29
185 59
185 75
185 85
185 88
186 6
186 69
186 97
186 86
187 24
187 52
187 57
187 59
187 87
188 13
188 54
188 56
188 66
188 76
188 82
188 86
188 93
188 88
189 65
189 86
189 89
190 1
190 5
190 12
190 25
190 27
190 30
190 31
190 41
190 94
190 90
191 1
191 9
191 37
191 51
191 58
191 66
191 68
191 84
191 85
191 87
191 91
192 3
192 17
192 21
192 35
192 38
192 40
192 58
192 60
192 67
192 89
192 91
192 92
193 14
193 25
193 28
193 53
193 81
193 93
194 17
194 28
194 94
195 14
195 38
195 71
195 95
196 12
196 28
196 33
196 52
196 96
197 22
197 55
197 63
197 97
198 21
198 53
198 79
198 98
199 12
199 13
199 17
199 62
199 69
199 81
199 86
199 99
