  100   923
0 52
0 53
0 1
0 3
0 4
0 5
0 7
0 8
0 9
0 10
0 11
0 12
0 13
0 14
0 15
0 16
0 17
0 18
0 19
0 20
0 21
0 22
0 24
0 25
0 26
0 27
0 28
0 29
0 33
0 34
0 35
0 36
0 37
0 38
0 39
0 41
0 42
0 43
0 44
0 45
0 46
0 48
0 49
0 50
1 55
1 62
1 0
1 3
1 4
1 8
1 11
1 12
1 13
1 15
1 16
1 19
1 20
1 21
1 22
1 23
1 24
1 26
1 27
1 28
1 29
1 31
1 32
1 34
1 36
1 38
1 40
1 44
1 45
1 46
1 49
1 51
2 60
2 65
2 94
2 4
2 5
2 8
2 10
2 11
2 13
2 14
2 18
2 19
2 20
2 25
2 27
2 28
2 30
2 31
2 32
2 33
2 36
2 39
2 40
2 41
2 43
2 48
2 52
3 92
3 0
3 1
3 4
3 5
3 6
3 7
3 8
3 9
3 10
3 13
3 14
3 16
3 19
3 20
3 21
3 22
3 23
3 24
3 25
3 26
3 27
3 28
3 29
3 33
3 37
3 40
3 43
3 45
3 46
3 48
3 49
3 53
4 50
4 51
4 60
4 95
4 97
4 98
4 0
4 1
4 2
4 3
4 5
4 6
4 8
4 10
4 11
4 14
4 15
4 16
4 17
4 20
4 21
4 22
4 25
4 27
4 28
4 29
4 31
4 33
4 34
4 37
4 39
4 40
4 41
4 42
4 43
4 44
4 45
4 47
4 54
5 86
5 0
5 2
5 3
5 4
5 7
5 8
5 10
5 12
5 14
5 16
5 20
5 22
5 24
5 25
5 26
5 27
5 28
5 29
5 30
5 31
5 32
5 33
5 35
5 37
5 38
5 40
5 41
5 42
5 43
5 44
5 45
5 46
5 47
5 48
5 55
6 78
6 81
6 3
6 4
6 8
6 9
6 10
6 12
6 13
6 16
6 19
6 20
6 22
6 23
6 25
6 26
6 27
6 28
6 29
6 30
6 31
6 33
6 36
6 37
6 39
6 40
6 41
6 42
6 43
6 44
6 49
6 56
7 65
7 74
7 80
7 90
7 0
7 3
7 5
7 9
7 10
7 12
7 13
7 15
7 16
7 17
7 18
7 21
7 23
7 24
7 25
7 26
7 30
7 31
7 33
7 37
7 41
7 43
7 45
7 46
7 47
7 48
7 49
7 57
8 60
8 66
8 0
8 1
8 2
8 3
8 4
8 5
8 6
8 9
8 11
8 12
8 15
8 17
8 19
8 20
8 21
8 22
8 23
8 25
8 26
8 28
8 29
8 31
8 32
8 33
8 37
8 42
8 44
8 45
8 47
8 58
9 85
9 94
9 0
9 3
9 6
9 7
9 8
9 11
9 12
9 14
9 17
9 18
9 19
9 20
9 22
9 23
9 25
9 27
9 28
9 29
9 31
9 32
9 34
9 35
9 36
9 37
9 40
9 43
9 44
9 46
9 47
9 48
9 49
9 59
10 52
10 63
10 66
10 72
10 75
10 0
10 2
10 3
10 4
10 5
10 6
10 7
10 12
10 13
10 15
10 16
10 17
10 19
10 20
10 23
10 24
10 25
10 26
10 28
10 29
10 30
10 31
10 32
10 33
10 34
10 35
10 36
10 37
10 39
10 40
10 42
10 43
10 44
10 45
10 46
10 49
10 60
11 62
11 63
11 0
11 1
11 2
11 4
11 8
11 9
11 12
11 15
11 17
11 18
11 20
11 21
11 23
11 25
11 26
11 28
11 29
11 30
11 31
11 34
11 36
11 38
11 39
11 40
11 41
11 42
11 43
11 45
11 46
11 47
11 48
11 49
11 61
12 79
12 82
12 0
12 1
12 5
12 6
12 7
12 8
12 9
12 10
12 11
12 14
12 15
12 16
12 17
12 18
12 20
12 21
12 22
12 23
12 24
12 27
12 28
12 29
12 31
12 32
12 34
12 35
12 37
12 38
12 39
12 40
12 42
12 43
12 45
12 46
12 62
13 60
13 69
13 71
13 0
13 1
13 2
13 3
13 6
13 7
13 10
13 17
13 21
13 23
13 24
13 27
13 28
13 30
13 32
13 33
13 34
13 35
13 36
13 38
13 39
13 40
13 42
13 45
13 46
13 47
13 49
13 63
14 84
14 85
14 0
14 2
14 3
14 4
14 5
14 9
14 12
14 16
14 17
14 20
14 21
14 23
14 24
14 26
14 27
14 28
14 33
14 36
14 37
14 39
14 40
14 44
14 47
14 49
14 64
15 76
15 67
15 0
15 1
15 4
15 7
15 8
15 10
15 11
15 12
15 16
15 18
15 19
15 21
15 22
15 23
15 24
15 26
15 29
15 31
15 32
15 34
15 35
15 36
15 41
15 42
15 43
15 45
15 47
15 65
16 87
16 90
16 92
16 0
16 1
16 3
16 4
16 5
16 6
16 7
16 10
16 12
16 14
16 15
16 17
16 18
16 19
16 21
16 23
16 24
16 27
16 29
16 30
16 32
16 33
16 34
16 35
16 39
16 42
16 43
16 45
16 46
16 47
16 66
17 53
17 90
17 96
17 0
17 4
17 7
17 8
17 9
17 10
17 11
17 12
17 13
17 14
17 16
17 18
17 20
17 23
17 25
17 28
17 29
17 30
17 31
17 33
17 34
17 36
17 41
17 42
17 45
17 48
17 67
18 55
18 63
18 0
18 2
18 7
18 9
18 11
18 12
18 15
18 16
18 17
18 19
18 20
18 21
18 26
18 27
18 29
18 32
18 37
18 38
18 39
18 40
18 43
18 44
18 45
18 47
18 48
18 68
19 77
19 78
19 82
19 90
19 0
19 1
19 2
19 3
19 6
19 8
19 9
19 10
19 15
19 16
19 18
19 21
19 22
19 24
19 27
19 31
19 33
19 35
19 36
19 38
19 40
19 43
19 44
19 46
19 47
19 48
19 49
19 69
20 70
20 77
20 92
20 0
20 1
20 2
20 3
20 4
20 5
20 6
20 8
20 9
20 10
20 11
20 12
20 14
20 17
20 18
20 21
20 22
20 24
20 25
20 26
20 27
20 29
20 30
20 31
20 35
20 36
20 38
20 39
20 40
20 41
20 42
20 43
20 44
20 45
20 46
20 47
20 48
21 93
21 0
21 1
21 3
21 4
21 7
21 8
21 11
21 12
21 13
21 14
21 15
21 16
21 18
21 19
21 20
21 23
21 25
21 27
21 28
21 30
21 33
21 36
21 37
21 38
21 39
21 42
21 44
21 46
21 49
21 71
22 62
22 68
22 0
22 1
22 3
22 4
22 5
22 6
22 8
22 9
22 12
22 15
22 19
22 20
22 23
22 25
22 27
22 28
22 29
22 33
22 34
22 36
22 37
22 38
22 39
22 40
22 41
22 42
22 43
22 44
22 46
22 48
22 72
23 72
23 1
23 3
23 6
23 7
23 8
23 9
23 10
23 11
23 12
23 13
23 14
23 15
23 16
23 17
23 21
23 22
23 24
23 26
23 31
23 32
23 34
23 36
23 37
23 38
23 39
23 42
23 43
23 45
23 46
23 48
23 49
23 73
24 51
24 53
24 60
24 80
24 0
24 1
24 3
24 5
24 7
24 10
24 12
24 13
24 14
24 15
24 16
24 19
24 20
24 23
24 25
24 26
24 27
24 31
24 32
24 33
24 34
24 35
24 37
24 38
24 40
24 43
24 46
24 47
24 48
24 74
25 50
25 58
25 61
25 83
25 0
25 2
25 3
25 4
25 5
25 6
25 7
25 8
25 9
25 10
25 11
25 17
25 20
25 21
25 22
25 24
25 26
25 27
25 28
25 29
25 34
25 35
25 37
25 38
25 41
25 44
25 45
25 47
25 48
25 49
25 75
26 86
26 76
26 56
26 54
26 0
26 1
26 3
26 5
26 6
26 7
26 8
26 10
26 11
26 14
26 15
26 18
26 20
26 23
26 24
26 25
26 29
26 32
26 33
26 35
26 36
26 40
26 41
26 42
26 43
26 44
26 45
26 46
26 48
26 49
27 59
27 88
27 98
27 0
27 1
27 2
27 3
27 4
27 5
27 6
27 9
27 12
27 13
27 14
27 16
27 18
27 19
27 20
27 21
27 22
27 24
27 25
27 28
27 29
27 30
27 32
27 33
27 35
27 36
27 39
27 40
27 46
27 77
28 70
28 82
28 94
28 0
28 1
28 2
28 3
28 4
28 5
28 6
28 8
28 9
28 10
28 11
28 12
28 13
28 14
28 17
28 21
28 22
28 25
28 27
28 29
28 30
28 31
28 34
28 36
28 37
28 38
28 39
28 40
28 41
28 45
28 46
28 47
28 48
28 49
28 78
29 58
29 60
29 69
29 80
29 0
29 1
29 3
29 4
29 5
29 6
29 8
29 9
29 10
29 11
29 12
29 15
29 16
29 17
29 18
29 20
29 22
29 25
29 26
29 27
29 28
29 30
29 33
29 34
29 35
29 37
29 39
29 41
29 46
29 79
30 91
30 86
30 57
30 56
30 2
30 5
30 6
30 7
30 10
30 11
30 13
30 16
30 17
30 20
30 21
30 27
30 28
30 29
30 31
30 32
30 33
30 34
30 35
30 36
30 37
30 38
30 40
30 41
30 43
30 46
30 48
30 49
30 80
31 88
31 92
31 98
31 1
31 2
31 4
31 5
31 6
31 7
31 8
31 9
31 10
31 11
31 12
31 15
31 17
31 19
31 20
31 23
31 24
31 28
31 30
31 32
31 34
31 36
31 38
31 39
31 40
31 41
31 42
31 43
31 47
31 48
31 81
32 77
32 93
32 95
32 1
32 2
32 5
32 8
32 9
32 10
32 12
32 13
32 15
32 16
32 18
32 23
32 24
32 26
32 27
32 30
32 31
32 33
32 34
32 35
32 38
32 40
32 41
32 45
32 46
32 48
32 82
33 55
33 58
33 0
33 2
33 3
33 4
33 5
33 6
33 7
33 8
33 10
33 13
33 14
33 16
33 17
33 19
33 21
33 22
33 24
33 26
33 27
33 29
33 30
33 32
33 34
33 35
33 36
33 40
33 43
33 45
33 46
33 47
33 83
34 61
34 92
34 96
34 0
34 1
34 4
34 9
34 10
34 11
34 12
34 13
34 15
34 16
34 17
34 22
34 23
34 24
34 25
34 28
34 29
34 30
34 31
34 32
34 33
34 37
34 39
34 40
34 41
34 42
34 44
34 45
34 47
34 49
34 84
35 53
35 0
35 5
35 9
35 10
35 12
35 13
35 15
35 16
35 19
35 20
35 24
35 25
35 26
35 27
35 29
35 30
35 32
35 33
35 36
35 37
35 39
35 40
35 44
35 46
35 47
35 49
35 85
36 64
36 68
36 73
36 75
36 0
36 1
36 2
36 6
36 9
36 10
36 11
36 13
36 14
36 15
36 17
36 19
36 20
36 21
36 22
36 23
36 26
36 27
36 28
36 30
36 31
36 33
36 35
36 37
36 39
36 40
36 41
36 42
36 43
36 46
36 47
36 49
36 86
37 69
37 92
37 0
37 3
37 4
37 5
37 6
37 7
37 8
37 9
37 10
37 12
37 14
37 18
37 21
37 22
37 23
37 24
37 25
37 28
37 29
37 30
37 34
37 35
37 36
37 38
37 39
37 40
37 41
37 46
37 47
37 48
37 87
38 64
38 88
38 0
38 1
38 5
38 11
38 12
38 13
38 18
38 19
38 20
38 21
38 22
38 23
38 24
38 25
38 28
38 30
38 31
38 32
38 37
38 40
38 44
38 47
38 48
38 49
39 75
39 83
39 0
39 2
39 4
39 6
39 10
39 11
39 12
39 13
39 14
39 16
39 18
39 20
39 21
39 22
39 23
39 27
39 28
39 29
39 31
39 34
39 35
39 36
39 37
39 40
39 41
39 42
39 43
39 45
39 46
39 48
39 49
39 89
40 72
40 78
40 89
40 94
40 1
40 2
40 3
40 4
40 5
40 6
40 9
40 10
40 11
40 12
40 13
40 14
40 18
40 19
40 20
40 22
40 24
40 26
40 27
40 28
40 30
40 31
40 32
40 33
40 34
40 35
40 36
40 37
40 38
40 39
40 41
40 42
40 47
40 48
40 90
41 88
41 90
41 99
41 0
41 2
41 4
41 5
41 6
41 7
41 11
41 15
41 17
41 20
41 22
41 25
41 26
41 28
41 29
41 30
41 31
41 32
41 34
41 36
41 37
41 39
41 40
41 43
41 44
41 45
41 46
41 47
41 48
41 49
41 91
42 89
42 90
42 0
42 4
42 5
42 6
42 8
42 10
42 11
42 12
42 13
42 15
42 16
42 17
42 20
42 21
42 22
42 23
42 26
42 31
42 34
42 36
42 39
42 40
42 45
42 48
42 49
42 92
43 51
43 55
43 0
43 2
43 3
43 4
43 5
43 6
43 7
43 9
43 10
43 11
43 12
43 15
43 16
43 18
43 19
43 20
43 22
43 23
43 24
43 26
43 30
43 31
43 33
43 36
43 39
43 41
43 44
43 45
43 93
44 99
44 91
44 67
44 57
44 0
44 1
44 4
44 5
44 6
44 8
44 9
44 10
44 14
44 18
44 19
44 20
44 21
44 22
44 25
44 26
44 34
44 35
44 38
44 41
44 43
44 45
44 46
44 47
44 49
44 94
45 63
45 0
45 1
45 3
45 4
45 5
45 7
45 8
45 10
45 11
45 12
45 13
45 15
45 16
45 17
45 18
45 20
45 23
45 25
45 26
45 28
45 32
45 33
45 34
45 39
45 41
45 42
45 43
45 44
45 46
45 47
45 48
45 95
46 63
46 72
46 0
46 1
46 3
46 5
46 7
46 9
46 10
46 11
46 12
46 13
46 16
46 19
46 20
46 21
46 22
46 23
46 24
46 26
46 27
46 28
46 29
46 30
46 32
46 33
46 35
46 36
46 37
46 39
46 41
46 44
46 45
46 96
47 53
47 55
47 90
47 97
47 99
47 4
47 5
47 7
47 8
47 9
47 11
47 13
47 14
47 15
47 16
47 18
47 19
47 20
47 24
47 25
47 28
47 31
47 33
47 34
47 35
47 36
47 37
47 38
47 40
47 41
47 44
47 45
47 48
47 49
48 58
48 66
48 74
48 84
48 98
48 0
48 2
48 3
48 5
48 7
48 9
48 11
48 17
48 18
48 19
48 20
48 22
48 23
48 24
48 25
48 26
48 28
48 30
48 31
48 32
48 37
48 38
48 39
48 40
48 41
48 42
48 45
48 47
48 49
49 62
49 65
49 68
49 0
49 1
49 3
49 6
49 7
49 9
49 10
49 11
49 13
49 14
49 19
49 21
49 23
49 25
49 26
49 28
49 30
49 34
49 35
49 36
49 38
49 39
49 41
49 42
49 44
49 47
49 48
49 99
50 4
50 25
50 0
51 4
51 24
51 43
51 1
52 0
52 10
52 2
53 0
53 17
53 24
53 35
53 47
53 3
54 26
54 4
55 1
55 18
55 33
55 43
55 47
55 5
56 26
56 30
56 6
57 30
57 44
57 7
58 25
58 29
58 33
58 48
58 8
59 27
59 9
60 2
60 4
60 8
60 13
60 24
60 29
60 10
61 25
61 34
61 11
62 1
62 11
62 22
62 49
62 12
63 10
63 11
63 18
63 45
63 46
63 13
64 36
64 38
64 14
65 2
65 7
65 49
65 15
66 8
66 10
66 48
66 16
67 15
67 44
67 17
68 22
68 36
68 49
68 18
69 13
69 29
69 37
69 19
70 20
70 28
71 13
71 21
72 10
72 23
72 40
72 46
72 22
73 36
73 23
74 7
74 48
74 24
75 10
75 36
75 39
75 25
76 15
76 26
77 19
77 20
77 32
77 27
78 6
78 19
78 40
78 28
79 12
79 29
80 7
80 24
80 29
80 30
81 6
81 31
82 12
82 19
82 28
82 32
83 25
83 39
83 33
84 14
84 48
84 34
85 9
85 14
85 35
86 5
86 26
86 30
86 36
87 16
87 37
88 27
88 31
88 38
88 41
89 40
89 42
89 39
90 7
90 16
90 17
90 19
90 41
90 42
90 47
90 40
91 30
91 44
91 41
92 3
92 16
92 20
92 31
92 34
92 37
92 42
93 21
93 32
93 43
94 2
94 9
94 28
94 40
94 44
95 4
95 32
95 45
96 17
96 34
96 46
97 4
97 47
98 4
98 27
98 31
98 48
99 41
99 44
99 47
99 49
