  100   1147
0 57
0 58
0 61
0 68
0 69
0 72
0 73
0 76
0 84
0 2
0 4
0 6
0 7
0 9
0 10
0 14
0 15
0 16
0 17
0 18
0 19
0 20
0 22
0 23
0 27
0 28
0 29
0 30
0 31
0 32
0 33
0 35
0 37
0 38
0 39
0 40
0 41
0 49
0 50
1 55
1 70
1 96
1 98
1 99
1 2
1 4
1 7
1 8
1 11
1 12
1 14
1 16
1 17
1 18
1 19
1 26
1 27
1 28
1 30
1 31
1 32
1 34
1 36
1 37
1 38
1 39
1 40
1 41
1 42
1 43
1 44
1 45
1 48
1 51
2 50
2 58
2 60
2 64
2 66
2 68
2 71
2 73
2 80
2 84
2 90
2 91
2 0
2 1
2 3
2 5
2 6
2 7
2 9
2 10
2 12
2 16
2 17
2 19
2 20
2 21
2 23
2 28
2 32
2 33
2 34
2 35
2 36
2 38
2 42
2 44
2 45
2 46
2 47
2 48
2 52
3 50
3 52
3 56
3 62
3 63
3 73
3 74
3 87
3 94
3 2
3 4
3 10
3 11
3 12
3 13
3 17
3 19
3 20
3 21
3 27
3 28
3 30
3 31
3 36
3 37
3 38
3 40
3 41
3 44
3 48
3 53
4 52
4 55
4 59
4 61
4 72
4 74
4 81
4 87
4 90
4 0
4 1
4 3
4 5
4 6
4 7
4 8
4 13
4 18
4 20
4 24
4 25
4 26
4 28
4 30
4 31
4 32
4 34
4 37
4 38
4 39
4 40
4 44
4 45
4 46
4 47
4 49
4 54
5 59
5 64
5 65
5 68
5 79
5 82
5 84
5 92
5 95
5 98
5 2
5 4
5 6
5 7
5 9
5 10
5 11
5 13
5 14
5 15
5 20
5 24
5 25
5 27
5 28
5 29
5 30
5 31
5 32
5 33
5 37
5 39
5 42
5 43
5 45
5 48
5 55
6 62
6 77
6 82
6 91
6 93
6 95
6 0
6 2
6 4
6 5
6 12
6 15
6 17
6 20
6 21
6 24
6 31
6 32
6 33
6 34
6 38
6 39
6 40
6 41
6 47
6 56
7 52
7 56
7 58
7 64
7 67
7 69
7 75
7 84
7 86
7 87
7 91
7 94
7 98
7 0
7 1
7 2
7 4
7 5
7 10
7 11
7 12
7 16
7 20
7 21
7 22
7 23
7 24
7 25
7 26
7 27
7 28
7 32
7 33
7 34
7 35
7 36
7 37
7 41
7 46
7 49
7 57
8 51
8 56
8 58
8 59
8 68
8 69
8 70
8 71
8 75
8 77
8 82
8 88
8 89
8 90
8 94
8 1
8 4
8 9
8 10
8 15
8 16
8 18
8 21
8 22
8 25
8 27
8 29
8 30
8 35
8 36
8 37
8 42
8 44
8 46
8 49
9 55
9 58
9 66
9 70
9 74
9 77
9 87
9 0
9 2
9 5
9 8
9 10
9 12
9 13
9 17
9 18
9 20
9 21
9 22
9 24
9 25
9 26
9 28
9 29
9 31
9 35
9 37
9 38
9 42
9 44
9 45
9 46
9 47
9 48
9 49
9 59
10 52
10 61
10 64
10 66
10 67
10 70
10 85
10 88
10 95
10 96
10 97
10 0
10 2
10 3
10 5
10 7
10 8
10 9
10 11
10 16
10 17
10 18
10 19
10 20
10 21
10 22
10 23
10 27
10 28
10 29
10 31
10 32
10 34
10 35
10 36
10 37
10 39
10 40
10 47
10 60
11 54
11 59
11 60
11 61
11 64
11 67
11 75
11 85
11 97
11 1
11 3
11 5
11 7
11 10
11 15
11 19
11 23
11 26
11 28
11 29
11 30
11 33
11 37
11 38
11 42
11 44
11 45
11 48
12 56
12 60
12 64
12 67
12 68
12 71
12 80
12 81
12 83
12 86
12 87
12 92
12 94
12 96
12 1
12 2
12 3
12 6
12 7
12 9
12 15
12 16
12 19
12 23
12 25
12 28
12 32
12 35
12 36
12 37
12 38
12 39
12 41
12 42
12 43
12 44
12 46
12 47
12 48
12 49
12 62
13 52
13 57
13 58
13 63
13 70
13 72
13 73
13 77
13 81
13 82
13 92
13 97
13 3
13 4
13 5
13 9
13 22
13 23
13 29
13 31
13 33
13 34
13 36
13 37
13 38
13 39
13 40
13 42
13 43
13 44
13 45
13 47
13 48
14 60
14 64
14 71
14 72
14 75
14 76
14 78
14 89
14 94
14 0
14 1
14 5
14 15
14 17
14 20
14 22
14 26
14 28
14 29
14 31
14 34
14 35
14 36
14 37
14 39
14 45
14 47
14 48
15 56
15 57
15 61
15 64
15 65
15 71
15 74
15 82
15 83
15 86
15 87
15 90
15 92
15 94
15 95
15 97
15 98
15 0
15 5
15 6
15 8
15 11
15 12
15 14
15 16
15 19
15 20
15 23
15 24
15 26
15 27
15 31
15 33
15 34
15 37
15 42
15 43
15 45
16 53
16 56
16 73
16 74
16 78
16 82
16 84
16 87
16 89
16 90
16 96
16 0
16 1
16 2
16 7
16 8
16 10
16 12
16 15
16 19
16 20
16 23
16 25
16 28
16 32
16 37
16 40
16 42
16 43
16 44
16 48
16 66
17 52
17 58
17 60
17 61
17 63
17 66
17 69
17 71
17 77
17 78
17 90
17 0
17 1
17 2
17 3
17 6
17 9
17 10
17 14
17 19
17 22
17 24
17 26
17 27
17 29
17 30
17 31
17 33
17 37
17 38
17 40
17 41
17 42
17 45
17 46
17 48
17 67
18 50
18 60
18 61
18 67
18 69
18 70
18 78
18 83
18 87
18 94
18 98
18 0
18 1
18 4
18 8
18 9
18 10
18 23
18 25
18 26
18 29
18 30
18 32
18 33
18 34
18 35
18 37
18 38
18 39
18 40
18 43
18 44
18 45
18 46
18 47
18 48
18 68
19 51
19 54
19 56
19 57
19 58
19 59
19 63
19 77
19 86
19 90
19 93
19 94
19 0
19 1
19 2
19 3
19 10
19 11
19 12
19 15
19 16
19 17
19 20
19 23
19 29
19 32
19 35
19 37
19 38
19 40
19 48
19 69
20 50
20 53
20 55
20 58
20 69
20 77
20 78
20 80
20 83
20 87
20 96
20 97
20 99
20 0
20 2
20 3
20 4
20 5
20 6
20 7
20 9
20 10
20 14
20 15
20 16
20 19
20 21
20 23
20 25
20 28
20 30
20 33
20 38
20 39
20 41
20 43
20 44
20 45
20 48
20 70
21 50
21 51
21 55
21 66
21 68
21 70
21 72
21 79
21 84
21 89
21 91
21 92
21 99
21 2
21 3
21 6
21 7
21 8
21 9
21 10
21 20
21 23
21 26
21 28
21 30
21 31
21 34
21 35
21 36
21 37
21 38
21 39
21 40
21 43
21 45
21 46
21 71
22 53
22 54
22 56
22 60
22 66
22 76
22 77
22 80
22 82
22 86
22 90
22 96
22 97
22 0
22 7
22 8
22 9
22 10
22 13
22 14
22 17
22 23
22 24
22 26
22 28
22 29
22 30
22 33
22 34
22 35
22 36
22 41
22 42
22 43
22 46
22 48
22 49
22 72
23 50
23 53
23 57
23 70
23 75
23 87
23 88
23 92
23 94
23 0
23 2
23 7
23 10
23 11
23 12
23 13
23 15
23 16
23 18
23 19
23 20
23 21
23 22
23 26
23 27
23 31
23 33
23 34
23 40
23 42
23 44
23 47
23 48
23 49
23 73
24 57
24 60
24 62
24 64
24 65
24 66
24 67
24 75
24 85
24 4
24 5
24 6
24 7
24 9
24 15
24 17
24 22
24 25
24 27
24 29
24 30
24 31
24 34
24 45
24 46
24 49
24 74
25 54
25 63
25 80
25 90
25 97
25 99
25 4
25 5
25 7
25 8
25 9
25 12
25 16
25 18
25 20
25 24
25 30
25 32
25 34
25 35
25 36
25 41
25 42
25 46
25 47
25 75
26 51
26 52
26 66
26 73
26 77
26 84
26 88
26 91
26 1
26 4
26 7
26 9
26 11
26 14
26 15
26 17
26 18
26 21
26 22
26 23
26 28
26 29
26 30
26 31
26 34
26 35
26 36
26 39
26 40
26 42
26 43
26 44
26 46
26 49
26 76
27 55
27 60
27 61
27 74
27 99
27 0
27 1
27 3
27 5
27 7
27 8
27 10
27 15
27 17
27 23
27 24
27 28
27 29
27 32
27 35
27 37
27 39
27 40
27 41
27 43
27 44
27 47
27 77
28 55
28 70
28 74
28 75
28 80
28 81
28 82
28 89
28 90
28 0
28 1
28 2
28 3
28 4
28 5
28 7
28 9
28 10
28 11
28 12
28 14
28 16
28 20
28 21
28 22
28 26
28 27
28 29
28 30
28 33
28 35
28 36
28 38
28 39
28 44
28 45
28 47
28 48
28 49
28 78
29 52
29 66
29 67
29 74
29 76
29 82
29 86
29 87
29 98
29 0
29 5
29 8
29 9
29 10
29 11
29 13
29 14
29 17
29 18
29 19
29 22
29 24
29 26
29 27
29 28
29 31
29 36
29 37
29 38
29 42
29 44
29 46
29 47
29 79
30 53
30 58
30 62
30 64
30 66
30 67
30 70
30 73
30 74
30 75
30 79
30 80
30 85
30 93
30 98
30 0
30 1
30 3
30 4
30 5
30 8
30 11
30 17
30 18
30 20
30 21
30 22
30 24
30 25
30 26
30 28
30 35
30 36
30 39
30 46
30 49
31 50
31 58
31 69
31 75
31 77
31 79
31 81
31 83
31 84
31 88
31 92
31 94
31 0
31 1
31 3
31 4
31 5
31 6
31 9
31 10
31 13
31 14
31 15
31 17
31 21
31 23
31 24
31 26
31 29
31 40
31 42
31 43
31 44
31 48
31 49
32 55
32 58
32 82
32 87
32 91
32 96
32 0
32 1
32 2
32 4
32 5
32 6
32 7
32 10
32 12
32 16
32 18
32 19
32 25
32 27
32 33
32 35
32 41
32 43
32 44
32 47
32 49
33 50
33 59
33 62
33 70
33 85
33 89
33 92
33 93
33 95
33 96
33 0
33 2
33 5
33 6
33 7
33 11
33 13
33 15
33 17
33 18
33 20
33 22
33 23
33 28
33 32
33 36
33 37
33 38
33 40
33 43
33 46
33 48
33 83
34 54
34 56
34 70
34 71
34 78
34 94
34 99
34 1
34 2
34 4
34 6
34 7
34 10
34 13
34 14
34 15
34 18
34 21
34 22
34 23
34 24
34 25
34 26
34 35
34 36
34 37
34 38
34 39
34 41
34 45
34 46
34 47
34 84
35 67
35 68
35 72
35 74
35 77
35 80
35 93
35 98
35 0
35 2
35 7
35 8
35 9
35 10
35 12
35 14
35 18
35 19
35 21
35 22
35 25
35 26
35 27
35 28
35 30
35 32
35 34
35 36
35 37
35 38
35 40
35 41
35 43
35 45
35 48
35 85
36 62
36 64
36 66
36 67
36 71
36 86
36 88
36 89
36 91
36 94
36 1
36 2
36 3
36 7
36 8
36 10
36 12
36 13
36 14
36 21
36 22
36 25
36 26
36 28
36 29
36 30
36 33
36 34
36 35
36 37
36 38
36 39
36 41
36 42
36 43
36 44
37 50
37 51
37 55
37 56
37 57
37 59
37 70
37 72
37 76
37 85
37 87
37 88
37 97
37 0
37 1
37 3
37 4
37 5
37 7
37 8
37 9
37 10
37 11
37 12
37 13
37 14
37 15
37 16
37 17
37 18
37 19
37 21
37 27
37 29
37 33
37 34
37 35
37 36
37 39
37 40
37 43
37 46
37 47
37 48
38 55
38 56
38 60
38 64
38 70
38 80
38 81
38 83
38 84
38 86
38 91
38 97
38 0
38 1
38 2
38 3
38 4
38 6
38 9
38 11
38 12
38 13
38 17
38 18
38 19
38 20
38 21
38 28
38 29
38 33
38 34
38 35
38 36
38 40
38 44
38 45
38 47
38 88
39 66
39 73
39 76
39 78
39 85
39 94
39 0
39 1
39 4
39 5
39 6
39 10
39 12
39 13
39 14
39 18
39 20
39 21
39 26
39 27
39 28
39 30
39 34
39 36
39 37
39 43
39 44
39 45
39 46
39 48
39 89
40 51
40 52
40 73
40 81
40 91
40 92
40 93
40 95
40 0
40 1
40 3
40 4
40 6
40 10
40 13
40 16
40 17
40 18
40 19
40 21
40 23
40 26
40 27
40 31
40 33
40 35
40 37
40 38
40 45
40 47
40 90
41 52
41 69
41 71
41 92
41 93
41 97
41 98
41 0
41 1
41 3
41 6
41 7
41 12
41 17
41 20
41 22
41 25
41 27
41 32
41 34
41 35
41 36
41 42
41 43
41 44
41 46
41 47
41 48
41 49
41 91
42 53
42 55
42 56
42 57
42 66
42 67
42 74
42 81
42 89
42 1
42 2
42 5
42 8
42 9
42 11
42 12
42 13
42 15
42 16
42 17
42 22
42 23
42 25
42 26
42 29
42 31
42 36
42 41
42 43
42 47
42 49
42 92
43 50
43 51
43 54
43 56
43 65
43 69
43 70
43 72
43 73
43 77
43 79
43 93
43 95
43 98
43 1
43 5
43 12
43 13
43 15
43 16
43 18
43 20
43 21
43 22
43 26
43 27
43 31
43 32
43 33
43 35
43 36
43 37
43 39
43 41
43 42
43 44
43 46
43 48
44 51
44 54
44 55
44 58
44 70
44 76
44 79
44 81
44 83
44 1
44 2
44 3
44 4
44 8
44 9
44 11
44 12
44 13
44 16
44 18
44 20
44 23
44 26
44 27
44 28
44 29
44 31
44 32
44 36
44 38
44 39
44 41
44 43
44 46
44 48
44 49
44 94
45 56
45 64
45 65
45 68
45 79
45 87
45 88
45 94
45 99
45 1
45 2
45 4
45 5
45 9
45 11
45 13
45 14
45 15
45 17
45 18
45 20
45 21
45 24
45 28
45 34
45 35
45 38
45 39
45 40
45 46
45 48
45 95
46 52
46 53
46 54
46 66
46 67
46 69
46 86
46 87
46 92
46 95
46 96
46 98
46 99
46 2
46 4
46 7
46 8
46 9
46 12
46 17
46 18
46 21
46 22
46 24
46 25
46 26
46 29
46 30
46 33
46 34
46 37
46 39
46 41
46 43
46 44
46 45
46 47
46 48
47 52
47 53
47 54
47 58
47 60
47 67
47 69
47 73
47 76
47 77
47 86
47 93
47 99
47 2
47 4
47 6
47 9
47 10
47 12
47 13
47 14
47 18
47 23
47 25
47 27
47 28
47 29
47 32
47 34
47 37
47 38
47 40
47 41
47 42
47 46
47 48
47 49
47 97
48 53
48 54
48 59
48 60
48 64
48 69
48 77
48 85
48 86
48 89
48 99
48 1
48 2
48 3
48 5
48 9
48 11
48 12
48 13
48 14
48 16
48 17
48 18
48 19
48 20
48 22
48 23
48 28
48 31
48 33
48 35
48 37
48 39
48 41
48 43
48 44
48 45
48 46
48 47
48 49
48 98
49 51
49 56
49 57
49 58
49 62
49 67
49 70
49 72
49 80
49 85
49 86
49 91
49 92
49 97
49 0
49 4
49 7
49 8
49 9
49 12
49 22
49 23
49 24
49 26
49 28
49 30
49 31
49 32
49 41
49 42
49 44
49 47
49 48
49 99
50 2
50 3
50 18
50 20
50 21
50 23
50 31
50 33
50 37
50 43
50 0
51 8
51 19
51 21
51 26
51 37
51 40
51 43
51 44
51 49
51 1
52 3
52 4
52 7
52 10
52 13
52 17
52 26
52 29
52 40
52 41
52 46
52 47
52 2
53 16
53 20
53 22
53 23
53 30
53 42
53 46
53 47
53 48
53 3
54 11
54 19
54 22
54 25
54 34
54 43
54 44
54 46
54 47
54 48
54 4
55 1
55 4
55 9
55 20
55 21
55 27
55 28
55 32
55 37
55 38
55 42
55 44
55 5
56 3
56 7
56 8
56 12
56 15
56 16
56 19
56 22
56 34
56 37
56 38
56 42
56 43
56 45
56 49
56 6
57 0
57 13
57 15
57 19
57 23
57 24
57 37
57 42
57 49
57 7
58 0
58 2
58 7
58 8
58 9
58 13
58 17
58 19
58 20
58 30
58 31
58 32
58 44
58 47
58 49
59 4
59 5
59 8
59 11
59 19
59 33
59 37
59 48
59 9
60 2
60 11
60 12
60 14
60 17
60 18
60 22
60 24
60 27
60 38
60 47
60 48
60 10
61 0
61 4
61 10
61 11
61 15
61 17
61 18
61 27
62 3
62 6
62 24
62 30
62 33
62 36
62 49
62 12
63 3
63 13
63 17
63 19
63 25
64 2
64 5
64 7
64 10
64 11
64 12
64 14
64 15
64 24
64 30
64 36
64 38
64 45
64 48
65 5
65 15
65 24
65 43
65 45
66 2
66 9
66 10
66 17
66 21
66 22
66 24
66 26
66 29
66 30
66 36
66 39
66 42
66 46
66 16
67 7
67 10
67 11
67 12
67 18
67 24
67 29
67 30
67 35
67 36
67 42
67 46
67 47
67 49
67 17
68 0
68 2
68 5
68 8
68 12
68 21
68 35
68 45
68 18
69 0
69 7
69 8
69 17
69 18
69 20
69 31
69 41
69 43
69 46
69 47
69 48
69 19
70 1
70 8
70 9
70 10
70 13
70 18
70 21
70 23
70 28
70 30
70 33
70 34
70 37
70 38
70 43
70 44
70 49
70 20
71 2
71 8
71 12
71 14
71 15
71 17
71 34
71 36
71 41
71 21
72 0
72 4
72 13
72 14
72 21
72 35
72 37
72 43
72 49
72 22
73 0
73 2
73 3
73 13
73 16
73 26
73 30
73 39
73 40
73 43
73 47
73 23
74 3
74 4
74 9
74 15
74 16
74 27
74 28
74 29
74 30
74 35
74 42
74 24
75 7
75 8
75 11
75 14
75 23
75 24
75 28
75 30
75 31
75 25
76 0
76 14
76 22
76 29
76 37
76 39
76 44
76 47
76 26
77 6
77 8
77 9
77 13
77 17
77 19
77 20
77 22
77 26
77 31
77 35
77 43
77 47
77 48
77 27
78 14
78 16
78 17
78 18
78 20
78 34
78 39
78 28
79 5
79 21
79 30
79 31
79 43
79 44
79 45
79 29
80 2
80 12
80 20
80 22
80 25
80 28
80 30
80 35
80 38
80 49
81 4
81 12
81 13
81 28
81 31
81 38
81 40
81 42
81 44
82 5
82 6
82 8
82 13
82 15
82 16
82 22
82 28
82 29
82 32
83 12
83 15
83 18
83 20
83 31
83 38
83 44
83 33
84 0
84 2
84 5
84 7
84 16
84 21
84 26
84 31
84 38
84 34
85 10
85 11
85 24
85 30
85 33
85 37
85 39
85 48
85 49
85 35
86 7
86 12
86 15
86 19
86 22
86 29
86 36
86 38
86 46
86 47
86 48
86 49
87 3
87 4
87 7
87 9
87 12
87 15
87 16
87 18
87 20
87 23
87 29
87 32
87 37
87 45
87 46
88 8
88 10
88 23
88 26
88 31
88 36
88 37
88 45
88 38
89 8
89 14
89 16
89 21
89 28
89 33
89 36
89 42
89 48
89 39
90 2
90 4
90 8
90 15
90 16
90 17
90 19
90 22
90 25
90 28
90 40
91 2
91 6
91 7
91 21
91 26
91 32
91 36
91 38
91 40
91 49
91 41
92 5
92 12
92 13
92 15
92 21
92 23
92 31
92 33
92 40
92 41
92 46
92 49
92 42
93 6
93 19
93 30
93 33
93 35
93 40
93 41
93 43
93 47
94 3
94 7
94 8
94 12
94 14
94 15
94 18
94 19
94 23
94 31
94 34
94 36
94 39
94 45
94 44
95 5
95 6
95 10
95 15
95 33
95 40
95 43
95 46
95 45
96 1
96 10
96 12
96 16
96 20
96 22
96 32
96 33
96 46
97 10
97 11
97 13
97 15
97 20
97 22
97 25
97 37
97 38
97 41
97 49
97 47
98 1
98 5
98 7
98 15
98 18
98 29
98 30
98 35
98 41
98 43
98 46
98 48
99 1
99 20
99 21
99 25
99 27
99 34
99 45
99 46
99 47
99 48
99 49
