  300   2894
0 167
0 195
0 196
0 234
0 235
0 247
0 248
0 257
0 279
0 283
0 293
0 298
0 1
0 4
0 7
0 17
0 25
0 38
0 39
0 45
0 48
0 52
0 60
0 73
0 76
0 77
0 133
0 147
0 150
1 163
1 172
1 195
1 200
1 214
1 254
1 267
1 279
1 287
1 298
1 0
1 7
1 19
1 25
1 59
1 100
1 103
1 112
1 130
1 140
1 143
1 148
1 151
2 156
2 177
2 188
2 191
2 198
2 210
2 224
2 225
2 239
2 243
2 256
2 277
2 283
2 297
2 18
2 23
2 27
2 35
2 37
2 40
2 51
2 56
2 67
2 79
2 81
2 90
2 104
2 105
2 122
2 129
2 132
2 134
2 135
2 149
2 152
3 154
3 157
3 170
3 180
3 202
3 215
3 224
3 234
3 240
3 255
3 290
3 14
3 17
3 20
3 22
3 29
3 39
3 55
3 60
3 74
3 107
3 115
3 133
3 153
4 151
4 160
4 176
4 181
4 183
4 193
4 247
4 249
4 259
4 286
4 290
4 0
4 8
4 12
4 21
4 34
4 44
4 69
4 70
4 74
4 81
4 85
4 95
4 113
4 116
4 123
4 126
4 135
4 139
4 154
5 150
5 170
5 175
5 176
5 189
5 193
5 197
5 227
5 229
5 238
5 246
5 265
5 281
5 287
5 288
5 292
5 298
5 21
5 56
5 76
5 96
5 102
5 129
5 134
5 141
5 155
6 151
6 163
6 173
6 178
6 191
6 247
6 255
6 278
6 294
6 299
6 25
6 55
6 72
6 74
6 75
6 97
6 99
6 107
6 119
6 156
7 168
7 181
7 189
7 200
7 208
7 227
7 250
7 253
7 279
7 286
7 288
7 294
7 0
7 1
7 15
7 24
7 54
7 65
7 70
7 74
7 124
7 131
7 157
8 171
8 199
8 200
8 208
8 217
8 224
8 225
8 247
8 257
8 266
8 285
8 289
8 291
8 297
8 4
8 17
8 35
8 64
8 80
8 88
8 110
8 117
8 119
8 138
8 145
8 158
9 153
9 162
9 184
9 194
9 195
9 233
9 244
9 245
9 256
9 258
9 263
9 277
9 280
9 289
9 35
9 37
9 65
9 100
9 111
9 116
9 133
9 149
9 159
10 154
10 173
10 180
10 210
10 218
10 225
10 233
10 253
10 255
10 256
10 257
10 272
10 53
10 63
10 82
10 87
10 133
10 135
10 148
10 149
10 160
11 150
11 158
11 166
11 173
11 210
11 216
11 217
11 218
11 225
11 227
11 233
11 246
11 278
11 289
11 12
11 18
11 29
11 30
11 50
11 52
11 64
11 93
11 106
11 118
11 128
11 130
11 161
12 156
12 166
12 169
12 177
12 230
12 231
12 241
12 245
12 260
12 271
12 280
12 287
12 4
12 11
12 38
12 66
12 94
12 97
12 149
12 162
13 155
13 159
13 163
13 187
13 192
13 204
13 208
13 218
13 223
13 253
13 254
13 259
13 268
13 273
13 275
13 286
13 292
13 293
13 54
13 58
13 78
13 82
13 84
13 86
13 87
13 98
13 104
13 112
13 113
13 121
13 142
14 150
14 163
14 168
14 169
14 178
14 181
14 185
14 204
14 206
14 211
14 253
14 280
14 294
14 3
14 34
14 40
14 42
14 55
14 61
14 63
14 64
14 83
14 102
14 145
14 164
15 152
15 166
15 185
15 188
15 201
15 210
15 221
15 225
15 232
15 258
15 262
15 268
15 272
15 275
15 283
15 7
15 30
15 37
15 74
15 83
15 84
15 141
15 143
15 144
15 165
16 153
16 155
16 159
16 176
16 186
16 222
16 224
16 239
16 257
16 270
16 289
16 54
16 59
16 66
16 83
16 89
16 91
16 117
16 122
16 127
16 134
16 166
17 172
17 198
17 201
17 210
17 213
17 231
17 287
17 288
17 289
17 291
17 294
17 0
17 3
17 8
17 32
17 51
17 54
17 57
17 66
17 80
17 87
17 102
17 121
17 135
17 145
17 148
17 167
18 155
18 165
18 168
18 186
18 187
18 188
18 198
18 209
18 210
18 216
18 219
18 228
18 247
18 250
18 267
18 269
18 273
18 274
18 297
18 2
18 11
18 19
18 21
18 23
18 31
18 43
18 57
18 131
18 140
18 146
19 150
19 157
19 168
19 174
19 190
19 207
19 209
19 235
19 236
19 238
19 299
19 1
19 18
19 46
19 54
19 61
19 71
19 100
19 104
19 109
19 120
19 139
19 142
19 169
20 155
20 160
20 196
20 220
20 227
20 236
20 254
20 257
20 283
20 284
20 3
20 38
20 51
20 89
20 99
20 123
20 170
21 164
21 186
21 204
21 212
21 238
21 243
21 262
21 269
21 4
21 5
21 18
21 56
21 92
21 96
21 117
21 125
21 171
22 158
22 159
22 160
22 165
22 171
22 189
22 200
22 201
22 214
22 216
22 249
22 262
22 271
22 294
22 299
22 3
22 24
22 41
22 44
22 51
22 55
22 64
22 68
22 100
22 109
22 110
22 135
22 137
22 141
22 172
23 150
23 157
23 164
23 175
23 178
23 181
23 193
23 207
23 219
23 220
23 243
23 278
23 280
23 284
23 285
23 289
23 2
23 18
23 28
23 71
23 83
23 84
23 85
23 87
23 90
23 97
23 99
23 122
23 127
23 135
23 173
24 171
24 173
24 186
24 192
24 219
24 227
24 231
24 232
24 251
24 254
24 273
24 276
24 284
24 7
24 22
24 41
24 50
24 57
24 95
24 98
24 110
24 120
24 130
24 140
24 174
25 171
25 174
25 181
25 188
25 206
25 213
25 214
25 224
25 231
25 236
25 243
25 246
25 253
25 260
25 261
25 275
25 283
25 289
25 293
25 297
25 0
25 1
25 6
25 31
25 85
25 86
25 94
25 102
25 104
25 128
25 132
25 175
26 155
26 160
26 166
26 173
26 174
26 180
26 181
26 198
26 200
26 204
26 214
26 215
26 220
26 225
26 227
26 240
26 263
26 270
26 271
26 281
26 286
26 289
26 292
26 38
26 45
26 54
26 120
26 135
26 144
26 176
27 153
27 156
27 157
27 170
27 175
27 181
27 193
27 201
27 213
27 242
27 245
27 253
27 262
27 273
27 276
27 277
27 281
27 295
27 2
27 52
27 92
27 99
27 114
27 177
28 155
28 156
28 195
28 201
28 208
28 219
28 221
28 224
28 235
28 236
28 259
28 284
28 287
28 289
28 23
28 29
28 36
28 40
28 79
28 116
28 178
29 160
29 168
29 186
29 187
29 192
29 193
29 194
29 196
29 199
29 231
29 233
29 246
29 272
29 275
29 278
29 290
29 295
29 298
29 3
29 11
29 28
29 33
29 59
29 95
29 102
29 108
29 110
29 128
29 133
29 144
29 179
30 157
30 162
30 175
30 177
30 184
30 185
30 188
30 193
30 219
30 243
30 257
30 258
30 278
30 280
30 298
30 11
30 15
30 61
30 88
30 95
30 98
30 104
30 108
30 123
30 126
30 131
30 180
31 150
31 151
31 187
31 193
31 207
31 217
31 223
31 240
31 247
31 251
31 254
31 270
31 285
31 291
31 18
31 25
31 48
31 80
31 82
31 83
31 96
31 103
31 133
31 181
32 159
32 163
32 169
32 196
32 201
32 211
32 223
32 226
32 266
32 17
32 34
32 48
32 78
32 104
32 129
32 140
32 182
33 173
33 180
33 215
33 246
33 289
33 29
33 34
33 38
33 61
33 62
33 65
33 82
33 97
33 101
33 109
33 111
33 183
34 164
34 178
34 179
34 192
34 211
34 212
34 213
34 235
34 248
34 259
34 260
34 284
34 4
34 14
34 32
34 33
34 60
34 83
34 124
34 134
34 139
34 145
34 184
35 157
35 176
35 185
35 187
35 192
35 210
35 234
35 244
35 253
35 266
35 297
35 298
35 2
35 8
35 9
35 52
35 54
35 56
35 97
35 104
35 119
35 148
36 151
36 153
36 155
36 163
36 180
36 186
36 202
36 204
36 224
36 232
36 234
36 235
36 252
36 286
36 293
36 294
36 299
36 28
36 38
36 44
36 56
36 59
36 71
36 77
36 102
36 107
36 110
36 115
36 119
36 135
36 148
37 154
37 156
37 187
37 194
37 211
37 225
37 243
37 262
37 281
37 296
37 298
37 2
37 9
37 15
37 51
37 84
37 90
37 121
37 128
37 145
38 153
38 155
38 204
38 211
38 260
38 282
38 289
38 0
38 12
38 20
38 26
38 33
38 36
38 39
38 73
38 85
38 110
38 116
38 188
39 177
39 188
39 213
39 217
39 233
39 245
39 255
39 260
39 281
39 282
39 0
39 3
39 38
39 49
39 59
39 65
39 70
39 81
39 110
39 121
39 131
39 143
39 144
39 145
39 146
39 189
40 172
40 175
40 207
40 209
40 246
40 296
40 2
40 14
40 28
40 53
40 63
40 69
40 92
40 96
40 103
40 107
40 139
40 146
40 147
40 190
41 171
41 172
41 178
41 197
41 198
41 200
41 202
41 216
41 235
41 260
41 271
41 273
41 277
41 22
41 24
41 45
41 53
41 71
41 82
41 89
41 90
41 91
41 97
41 101
41 102
41 108
41 120
41 134
41 144
41 191
42 171
42 180
42 213
42 228
42 247
42 263
42 267
42 271
42 14
42 69
42 73
42 110
42 112
42 113
42 192
43 150
43 151
43 165
43 166
43 167
43 184
43 185
43 189
43 203
43 226
43 227
43 276
43 280
43 18
43 46
43 65
43 85
43 99
43 193
44 159
44 179
44 196
44 202
44 216
44 225
44 235
44 242
44 271
44 287
44 294
44 297
44 299
44 4
44 22
44 36
44 79
44 86
44 91
44 93
44 101
44 194
45 160
45 162
45 170
45 174
45 182
45 196
45 198
45 201
45 211
45 212
45 213
45 218
45 246
45 247
45 262
45 263
45 272
45 286
45 292
45 299
45 0
45 26
45 41
45 61
45 75
45 86
45 107
45 112
45 123
45 195
46 152
46 160
46 174
46 175
46 176
46 179
46 183
46 190
46 191
46 201
46 206
46 213
46 224
46 226
46 227
46 233
46 236
46 237
46 250
46 261
46 281
46 282
46 284
46 295
46 19
46 43
46 71
46 75
46 104
46 115
46 124
46 126
46 144
46 145
46 196
47 150
47 173
47 191
47 210
47 213
47 250
47 257
47 264
47 282
47 52
47 56
47 84
47 95
47 111
47 113
47 117
47 121
47 128
47 135
47 197
48 151
48 152
48 153
48 161
48 175
48 177
48 194
48 218
48 222
48 246
48 262
48 269
48 274
48 275
48 281
48 291
48 296
48 0
48 31
48 32
48 51
48 93
48 107
48 119
48 137
48 198
49 151
49 153
49 190
49 211
49 234
49 235
49 237
49 238
49 254
49 256
49 272
49 39
49 77
49 95
49 103
49 114
49 119
49 122
49 199
50 167
50 183
50 185
50 192
50 197
50 230
50 235
50 242
50 250
50 258
50 281
50 286
50 11
50 24
50 81
50 86
50 106
50 121
50 124
50 144
50 200
51 158
51 168
51 179
51 191
51 193
51 196
51 209
51 227
51 235
51 239
51 256
51 261
51 286
51 288
51 298
51 2
51 17
51 20
51 22
51 37
51 48
51 55
51 70
51 76
51 81
51 95
51 138
51 143
51 147
51 201
52 173
52 179
52 188
52 190
52 214
52 225
52 228
52 248
52 255
52 271
52 278
52 292
52 0
52 11
52 27
52 35
52 47
52 56
52 83
52 114
52 202
53 152
53 160
53 166
53 184
53 187
53 210
53 211
53 218
53 223
53 228
53 249
53 296
53 10
53 40
53 41
53 58
53 88
53 90
53 99
53 203
54 154
54 167
54 181
54 202
54 207
54 211
54 215
54 219
54 229
54 237
54 255
54 269
54 279
54 285
54 291
54 7
54 13
54 16
54 17
54 19
54 26
54 35
54 61
54 97
54 124
54 126
54 127
54 139
54 204
55 158
55 179
55 193
55 194
55 200
55 202
55 205
55 218
55 219
55 232
55 253
55 265
55 277
55 279
55 3
55 6
55 14
55 22
55 51
55 56
55 60
55 72
55 82
55 106
55 113
55 142
55 147
56 156
56 177
56 189
56 200
56 205
56 208
56 209
56 216
56 230
56 254
56 273
56 275
56 293
56 294
56 297
56 2
56 5
56 21
56 35
56 36
56 47
56 52
56 55
56 67
56 72
56 75
56 90
56 93
56 115
56 133
56 146
56 147
56 206
57 165
57 175
57 176
57 178
57 213
57 219
57 223
57 225
57 233
57 240
57 251
57 254
57 257
57 273
57 281
57 17
57 18
57 24
57 73
57 76
57 105
57 123
57 207
58 150
58 160
58 169
58 193
58 205
58 245
58 253
58 260
58 282
58 13
58 53
58 69
58 73
58 84
58 86
58 89
58 97
58 137
58 208
59 152
59 166
59 180
59 192
59 226
59 229
59 251
59 274
59 279
59 284
59 285
59 296
59 297
59 1
59 16
59 29
59 36
59 39
59 62
59 63
59 77
59 111
59 119
59 130
59 209
60 162
60 167
60 178
60 190
60 199
60 249
60 251
60 254
60 255
60 264
60 276
60 281
60 0
60 3
60 34
60 55
60 97
60 100
60 103
60 108
60 114
60 124
60 131
60 210
61 173
61 176
61 196
61 211
61 219
61 248
61 266
61 299
61 14
61 19
61 30
61 33
61 45
61 54
61 68
61 85
61 91
61 94
61 103
61 141
62 156
62 157
62 162
62 168
62 184
62 211
62 225
62 226
62 232
62 245
62 288
62 33
62 59
62 67
62 72
62 90
62 99
62 108
62 135
62 141
62 212
63 157
63 161
63 173
63 177
63 187
63 195
63 196
63 200
63 202
63 206
63 239
63 253
63 254
63 265
63 296
63 10
63 14
63 40
63 59
63 103
63 120
63 140
63 148
63 213
64 171
64 175
64 187
64 189
64 197
64 204
64 206
64 213
64 216
64 220
64 239
64 260
64 262
64 269
64 273
64 275
64 279
64 290
64 293
64 8
64 11
64 14
64 22
64 68
64 80
64 107
64 135
64 138
64 142
64 147
64 214
65 153
65 156
65 158
65 162
65 170
65 173
65 178
65 215
65 217
65 227
65 240
65 251
65 263
65 266
65 274
65 277
65 279
65 282
65 284
65 291
65 294
65 7
65 9
65 33
65 39
65 43
65 70
65 130
66 151
66 161
66 176
66 193
66 210
66 229
66 236
66 243
66 246
66 259
66 263
66 265
66 271
66 282
66 284
66 292
66 293
66 299
66 12
66 16
66 17
66 68
66 72
66 82
66 86
66 107
66 108
66 135
66 149
66 216
67 153
67 165
67 181
67 182
67 214
67 217
67 234
67 244
67 248
67 249
67 257
67 258
67 285
67 293
67 295
67 2
67 56
67 62
67 83
67 90
67 93
67 106
67 111
67 139
68 152
68 158
68 161
68 168
68 175
68 182
68 191
68 193
68 203
68 206
68 238
68 245
68 246
68 247
68 259
68 281
68 294
68 22
68 61
68 64
68 66
68 78
68 109
68 138
68 218
69 167
69 196
69 211
69 229
69 238
69 239
69 242
69 243
69 256
69 271
69 285
69 4
69 40
69 42
69 58
69 81
69 83
69 85
69 99
69 119
69 144
69 219
70 163
70 169
70 173
70 185
70 191
70 201
70 204
70 242
70 250
70 253
70 258
70 263
70 270
70 277
70 4
70 7
70 39
70 51
70 65
70 73
70 76
70 78
70 90
70 98
70 103
70 122
70 130
70 141
70 220
71 157
71 168
71 182
71 190
71 198
71 207
71 209
71 215
71 219
71 221
71 224
71 283
71 19
71 23
71 36
71 41
71 46
71 85
71 104
71 105
72 163
72 164
72 187
72 199
72 201
72 222
72 242
72 253
72 270
72 276
72 296
72 6
72 55
72 56
72 62
72 66
72 129
72 138
73 160
73 179
73 182
73 183
73 190
73 206
73 211
73 225
73 0
73 38
73 42
73 57
73 58
73 70
73 86
73 94
73 114
73 223
74 150
74 153
74 155
74 162
74 171
74 173
74 176
74 217
74 233
74 237
74 260
74 265
74 274
74 281
74 298
74 3
74 4
74 6
74 7
74 15
74 79
74 100
74 122
74 134
74 142
74 224
75 160
75 163
75 187
75 196
75 213
75 230
75 234
75 258
75 261
75 291
75 6
75 45
75 46
75 56
75 124
75 128
75 147
75 225
76 164
76 168
76 180
76 191
76 198
76 201
76 227
76 232
76 248
76 259
76 276
76 279
76 281
76 284
76 0
76 5
76 51
76 57
76 70
76 79
76 101
76 112
76 114
76 123
76 136
76 137
76 226
77 163
77 178
77 196
77 211
77 213
77 231
77 232
77 244
77 249
77 257
77 266
77 272
77 273
77 275
77 297
77 0
77 36
77 49
77 59
77 80
77 83
77 86
77 122
77 227
78 150
78 175
78 186
78 192
78 203
78 206
78 211
78 227
78 233
78 238
78 266
78 279
78 13
78 32
78 68
78 70
78 149
78 228
79 153
79 157
79 166
79 180
79 188
79 189
79 203
79 222
79 227
79 238
79 257
79 260
79 274
79 277
79 279
79 284
79 286
79 2
79 28
79 44
79 74
79 76
79 99
79 116
79 121
79 132
79 135
79 143
79 229
80 158
80 168
80 187
80 193
80 200
80 209
80 247
80 259
80 266
80 278
80 299
80 8
80 17
80 31
80 64
80 77
80 102
80 123
80 140
80 142
80 230
81 160
81 166
81 169
81 199
81 200
81 201
81 210
81 227
81 233
81 253
81 264
81 270
81 274
81 284
81 294
81 2
81 4
81 39
81 50
81 51
81 69
81 98
81 114
81 146
81 231
82 152
82 153
82 161
82 166
82 181
82 182
82 203
82 210
82 212
82 213
82 225
82 239
82 262
82 282
82 293
82 296
82 10
82 13
82 31
82 33
82 41
82 55
82 66
82 105
82 130
82 137
82 232
83 163
83 170
83 184
83 190
83 198
83 211
83 214
83 232
83 246
83 253
83 272
83 274
83 14
83 15
83 16
83 23
83 31
83 34
83 52
83 67
83 69
83 77
83 94
83 104
83 117
83 127
83 131
83 132
83 233
84 173
84 174
84 197
84 198
84 206
84 210
84 213
84 215
84 234
84 237
84 246
84 273
84 285
84 286
84 289
84 293
84 13
84 15
84 23
84 37
84 47
84 58
84 85
84 91
84 116
84 143
84 145
85 180
85 186
85 189
85 201
85 203
85 212
85 221
85 256
85 258
85 261
85 265
85 281
85 293
85 298
85 4
85 23
85 25
85 38
85 43
85 61
85 69
85 71
85 84
85 90
85 98
85 103
85 106
85 107
85 125
85 129
85 135
85 235
86 156
86 170
86 177
86 185
86 188
86 196
86 210
86 250
86 297
86 13
86 25
86 44
86 45
86 50
86 58
86 66
86 73
86 77
86 98
86 119
86 128
86 135
86 142
86 236
87 151
87 154
87 165
87 176
87 179
87 199
87 201
87 210
87 230
87 236
87 261
87 276
87 298
87 10
87 13
87 17
87 23
87 133
87 144
87 146
87 237
88 153
88 175
88 189
88 192
88 204
88 228
88 290
88 299
88 8
88 30
88 53
88 95
88 111
88 114
88 121
88 131
88 134
88 149
88 238
89 150
89 209
89 230
89 280
89 284
89 16
89 20
89 41
89 58
89 108
89 113
89 125
89 137
89 141
89 239
90 159
90 163
90 217
90 224
90 226
90 247
90 251
90 258
90 265
90 271
90 281
90 2
90 23
90 37
90 41
90 53
90 56
90 62
90 67
90 70
90 85
90 105
90 109
90 142
90 149
90 240
91 168
91 203
91 211
91 228
91 241
91 242
91 268
91 275
91 16
91 41
91 44
91 61
91 84
91 96
91 112
91 115
91 117
91 122
91 123
91 126
92 160
92 165
92 188
92 194
92 198
92 204
92 219
92 228
92 231
92 236
92 254
92 21
92 27
92 40
92 97
92 104
92 111
92 127
92 242
93 153
93 161
93 174
93 189
93 203
93 204
93 210
93 226
93 229
93 236
93 244
93 249
93 254
93 256
93 11
93 44
93 48
93 56
93 67
93 98
93 101
93 115
93 133
93 148
93 243
94 178
94 189
94 193
94 198
94 205
94 206
94 211
94 212
94 220
94 225
94 228
94 229
94 233
94 234
94 235
94 244
94 246
94 271
94 278
94 293
94 12
94 25
94 61
94 73
94 83
94 104
95 161
95 163
95 164
95 194
95 213
95 217
95 222
95 224
95 229
95 235
95 241
95 275
95 278
95 4
95 24
95 29
95 30
95 47
95 49
95 51
95 88
95 104
95 122
95 129
95 141
95 245
96 156
96 181
96 199
96 201
96 213
96 214
96 218
96 254
96 262
96 264
96 266
96 282
96 285
96 5
96 21
96 31
96 40
96 91
96 104
96 124
96 136
96 138
96 147
96 246
97 157
97 178
97 189
97 190
97 227
97 233
97 236
97 254
97 273
97 274
97 287
97 294
97 6
97 12
97 23
97 33
97 35
97 41
97 54
97 58
97 60
97 92
97 109
97 247
98 154
98 158
98 168
98 177
98 190
98 193
98 199
98 209
98 212
98 213
98 218
98 221
98 224
98 227
98 228
98 230
98 272
98 279
98 295
98 296
98 13
98 24
98 30
98 70
98 81
98 85
98 86
98 93
98 104
98 248
99 158
99 161
99 162
99 163
99 176
99 209
99 213
99 214
99 224
99 252
99 257
99 258
99 264
99 266
99 274
99 275
99 276
99 280
99 286
99 287
99 6
99 20
99 23
99 27
99 43
99 53
99 62
99 69
99 79
99 119
99 133
99 249
100 171
100 179
100 187
100 195
100 203
100 218
100 219
100 235
100 250
100 254
100 283
100 287
100 292
100 1
100 9
100 19
100 22
100 60
100 74
100 103
100 104
100 127
100 134
101 153
101 180
101 185
101 232
101 234
101 235
101 250
101 285
101 33
101 41
101 44
101 76
101 93
101 111
101 113
101 133
101 139
101 145
101 251
102 160
102 178
102 192
102 200
102 201
102 202
102 230
102 236
102 237
102 245
102 247
102 248
102 251
102 253
102 265
102 266
102 277
102 292
102 296
102 5
102 14
102 17
102 25
102 29
102 36
102 41
102 80
102 118
102 131
102 252
103 151
103 162
103 164
103 170
103 173
103 185
103 194
103 196
103 236
103 242
103 248
103 249
103 256
103 263
103 266
103 273
103 281
103 283
103 291
103 299
103 1
103 31
103 40
103 49
103 60
103 61
103 63
103 70
103 85
103 100
103 111
103 122
103 130
103 133
103 253
104 185
104 190
104 193
104 217
104 229
104 250
104 267
104 274
104 287
104 295
104 2
104 13
104 19
104 25
104 30
104 32
104 35
104 46
104 71
104 83
104 92
104 94
104 95
104 96
104 98
104 100
104 128
104 135
104 137
104 142
104 254
105 159
105 167
105 183
105 190
105 191
105 194
105 210
105 227
105 246
105 248
105 249
105 286
105 294
105 2
105 57
105 71
105 82
105 90
105 107
105 113
105 114
105 126
105 255
106 162
106 169
106 179
106 199
106 206
106 215
106 229
106 245
106 247
106 248
106 249
106 260
106 264
106 272
106 276
106 11
106 50
106 55
106 67
106 85
106 108
106 118
106 256
107 161
107 162
107 163
107 176
107 187
107 220
107 225
107 231
107 233
107 258
107 267
107 273
107 281
107 289
107 291
107 295
107 3
107 6
107 36
107 40
107 45
107 48
107 64
107 66
107 85
107 105
107 113
107 120
107 125
107 141
107 257
108 162
108 177
108 197
108 200
108 239
108 253
108 261
108 267
108 271
108 283
108 286
108 288
108 291
108 29
108 30
108 41
108 60
108 62
108 66
108 89
108 106
108 109
108 113
108 125
108 258
109 223
109 230
109 231
109 237
109 244
109 247
109 248
109 253
109 287
109 288
109 292
109 294
109 19
109 22
109 33
109 68
109 90
109 97
109 108
109 119
109 133
109 148
109 259
110 163
110 164
110 175
110 181
110 213
110 219
110 231
110 233
110 269
110 279
110 8
110 22
110 24
110 29
110 36
110 38
110 39
110 42
110 117
110 118
110 132
110 134
110 260
111 174
111 189
111 205
111 209
111 222
111 228
111 229
111 245
111 260
111 271
111 277
111 278
111 279
111 292
111 9
111 33
111 47
111 59
111 67
111 88
111 92
111 101
111 103
111 119
111 131
111 145
111 261
112 151
112 159
112 177
112 183
112 188
112 190
112 194
112 197
112 213
112 231
112 240
112 242
112 1
112 13
112 42
112 45
112 76
112 91
112 124
112 138
112 143
112 262
113 156
113 158
113 159
113 168
113 172
113 176
113 208
113 212
113 228
113 238
113 250
113 265
113 274
113 276
113 4
113 13
113 42
113 47
113 55
113 89
113 101
113 105
113 107
113 108
113 123
113 137
113 145
113 263
114 200
114 202
114 218
114 231
114 236
114 256
114 274
114 294
114 298
114 27
114 49
114 52
114 60
114 73
114 76
114 81
114 88
114 105
114 117
114 120
114 122
114 147
114 264
115 150
115 171
115 179
115 190
115 207
115 223
115 242
115 243
115 244
115 246
115 283
115 297
115 3
115 36
115 46
115 56
115 91
115 93
115 265
116 198
116 230
116 239
116 253
116 257
116 267
116 269
116 4
116 9
116 28
116 38
116 79
116 84
116 149
116 266
117 155
117 160
117 194
117 207
117 223
117 252
117 256
117 274
117 290
117 8
117 16
117 21
117 47
117 83
117 91
117 110
117 114
117 119
117 134
117 137
117 146
117 267
118 173
118 185
118 193
118 218
118 220
118 225
118 234
118 239
118 258
118 267
118 269
118 270
118 286
118 11
118 102
118 106
118 110
118 121
118 127
118 268
119 168
119 179
119 221
119 223
119 255
119 261
119 262
119 264
119 271
119 272
119 276
119 278
119 287
119 6
119 8
119 35
119 36
119 48
119 49
119 59
119 69
119 86
119 99
119 109
119 111
119 117
119 269
120 165
120 166
120 167
120 168
120 169
120 193
120 209
120 214
120 242
120 264
120 269
120 274
120 277
120 19
120 24
120 26
120 41
120 63
120 107
120 114
120 135
120 270
121 169
121 171
121 192
121 203
121 209
121 226
121 260
121 268
121 281
121 13
121 17
121 37
121 39
121 47
121 50
121 79
121 88
121 118
121 124
121 126
121 130
121 140
121 271
122 150
122 168
122 192
122 196
122 205
122 210
122 211
122 219
122 220
122 223
122 228
122 232
122 235
122 247
122 252
122 265
122 266
122 268
122 275
122 2
122 16
122 23
122 49
122 70
122 74
122 77
122 91
122 95
122 103
122 114
122 140
122 272
123 150
123 160
123 168
123 196
123 199
123 205
123 248
123 249
123 256
123 266
123 274
123 4
123 20
123 30
123 45
123 57
123 76
123 80
123 91
123 113
123 128
123 133
123 273
124 163
124 172
124 174
124 182
124 197
124 226
124 227
124 262
124 267
124 270
124 278
124 286
124 293
124 298
124 7
124 34
124 46
124 50
124 54
124 60
124 75
124 96
124 112
124 121
124 274
125 151
125 161
125 172
125 178
125 191
125 211
125 218
125 229
125 245
125 246
125 249
125 254
125 256
125 258
125 279
125 284
125 286
125 287
125 289
125 292
125 21
125 85
125 89
125 107
125 108
125 130
125 149
125 275
126 164
126 165
126 167
126 174
126 190
126 193
126 207
126 224
126 226
126 236
126 237
126 243
126 250
126 252
126 255
126 256
126 4
126 30
126 46
126 54
126 91
126 105
126 121
126 129
126 142
126 276
127 156
127 178
127 226
127 241
127 246
127 256
127 257
127 258
127 260
127 271
127 293
127 298
127 16
127 23
127 54
127 83
127 92
127 100
127 118
127 277
128 178
128 185
128 186
128 187
128 196
128 208
128 209
128 230
128 235
128 250
128 252
128 263
128 268
128 284
128 11
128 25
128 29
128 37
128 47
128 75
128 86
128 104
128 123
128 148
128 278
129 184
129 200
129 215
129 227
129 233
129 264
129 273
129 275
129 278
129 293
129 2
129 5
129 32
129 72
129 85
129 95
129 126
129 140
129 279
130 170
130 178
130 191
130 192
130 195
130 200
130 215
130 216
130 222
130 223
130 225
130 237
130 260
130 261
130 266
130 284
130 1
130 11
130 24
130 59
130 65
130 70
130 82
130 103
130 121
130 125
130 145
130 280
131 153
131 193
131 205
131 220
131 228
131 253
131 261
131 262
131 270
131 271
131 299
131 7
131 18
131 30
131 39
131 60
131 83
131 88
131 102
131 111
131 281
132 150
132 151
132 153
132 163
132 168
132 174
132 176
132 179
132 187
132 202
132 204
132 205
132 206
132 212
132 220
132 227
132 244
132 248
132 265
132 270
132 286
132 288
132 294
132 298
132 2
132 25
132 79
132 83
132 110
132 137
132 282
133 155
133 163
133 177
133 180
133 186
133 197
133 206
133 213
133 239
133 243
133 253
133 278
133 288
133 0
133 3
133 9
133 10
133 29
133 31
133 56
133 87
133 93
133 99
133 101
133 103
133 109
133 123
133 145
133 283
134 150
134 153
134 165
134 178
134 215
134 223
134 226
134 235
134 263
134 266
134 284
134 287
134 2
134 5
134 16
134 34
134 41
134 74
134 88
134 100
134 110
134 117
134 149
135 168
135 178
135 185
135 190
135 244
135 259
135 282
135 2
135 4
135 10
135 17
135 22
135 23
135 26
135 36
135 47
135 62
135 64
135 66
135 79
135 85
135 86
135 104
135 120
135 285
136 171
136 186
136 188
136 195
136 198
136 227
136 231
136 235
136 236
136 242
136 250
136 257
136 260
136 273
136 275
136 289
136 76
136 96
136 138
136 145
136 286
137 153
137 156
137 160
137 179
137 193
137 200
137 217
137 218
137 223
137 229
137 240
137 246
137 263
137 276
137 289
137 22
137 48
137 58
137 76
137 82
137 89
137 104
137 113
137 117
137 132
137 138
137 143
137 287
138 150
138 164
138 166
138 178
138 182
138 191
138 196
138 211
138 263
138 264
138 267
138 8
138 51
138 64
138 68
138 72
138 96
138 112
138 136
138 137
138 140
138 147
138 288
139 155
139 162
139 184
139 189
139 222
139 233
139 241
139 243
139 256
139 266
139 277
139 284
139 294
139 296
139 4
139 19
139 34
139 40
139 54
139 67
139 101
139 140
139 143
139 145
139 289
140 169
140 185
140 188
140 201
140 213
140 216
140 220
140 235
140 243
140 255
140 265
140 297
140 1
140 18
140 24
140 32
140 63
140 80
140 121
140 122
140 129
140 138
140 139
140 290
141 165
141 182
141 184
141 188
141 196
141 228
141 242
141 250
141 260
141 5
141 15
141 22
141 61
141 62
141 70
141 89
141 95
141 107
141 142
141 291
142 155
142 157
142 162
142 163
142 174
142 180
142 209
142 214
142 259
142 268
142 273
142 279
142 285
142 292
142 13
142 19
142 55
142 64
142 74
142 80
142 86
142 90
142 104
142 126
142 141
142 143
143 163
143 178
143 190
143 212
143 234
143 242
143 251
143 266
143 284
143 288
143 1
143 15
143 39
143 51
143 79
143 84
143 112
143 137
143 139
143 142
143 293
144 160
144 161
144 164
144 170
144 177
144 200
144 202
144 204
144 221
144 224
144 274
144 15
144 26
144 29
144 39
144 41
144 46
144 50
144 69
144 87
144 294
145 160
145 161
145 175
145 194
145 216
145 222
145 223
145 225
145 232
145 248
145 262
145 269
145 275
145 293
145 294
145 8
145 14
145 17
145 34
145 37
145 39
145 46
145 84
145 101
145 111
145 113
145 130
145 133
145 136
145 139
145 148
145 295
146 163
146 179
146 186
146 238
146 265
146 278
146 18
146 39
146 40
146 56
146 81
146 87
146 117
146 296
147 164
147 179
147 194
147 206
147 209
147 212
147 214
147 224
147 227
147 231
147 244
147 271
147 279
147 0
147 40
147 51
147 55
147 56
147 64
147 75
147 96
147 114
147 138
147 297
148 150
148 163
148 165
148 167
148 177
148 205
148 211
148 213
148 259
148 271
148 274
148 1
148 10
148 17
148 35
148 36
148 63
148 93
148 109
148 128
148 145
148 298
149 150
149 165
149 169
149 187
149 196
149 197
149 208
149 217
149 222
149 223
149 236
149 239
149 240
149 245
149 259
149 265
149 266
149 272
149 280
149 287
149 290
149 292
149 297
149 2
149 9
149 10
149 12
149 66
149 78
149 88
149 90
149 116
149 125
149 134
149 299
150 5
150 11
150 14
150 19
150 23
150 31
150 43
150 47
150 58
150 74
150 78
150 89
150 115
150 122
150 123
150 132
150 134
150 138
150 148
150 149
150 0
151 4
151 6
151 31
151 36
151 43
151 48
151 49
151 66
151 87
151 103
151 112
151 125
151 132
151 1
152 15
152 46
152 48
152 53
152 59
152 68
152 82
152 2
153 9
153 16
153 27
153 36
153 38
153 48
153 49
153 65
153 67
153 74
153 79
153 82
153 88
153 93
153 101
153 131
153 132
153 134
153 137
153 3
154 3
154 10
154 37
154 54
154 87
154 98
154 4
155 13
155 16
155 18
155 20
155 26
155 28
155 36
155 38
155 74
155 117
155 133
155 139
155 142
155 5
156 2
156 12
156 27
156 28
156 37
156 56
156 62
156 65
156 86
156 96
156 113
156 127
156 137
156 6
157 3
157 19
157 23
157 27
157 30
157 35
157 62
157 63
157 71
157 79
157 97
157 142
157 7
158 11
158 22
158 51
158 55
158 65
158 68
158 80
158 98
158 99
158 113
158 8
159 13
159 16
159 22
159 32
159 44
159 90
159 105
159 112
159 113
159 9
160 4
160 20
160 22
160 26
160 29
160 45
160 46
160 53
160 58
160 73
160 75
160 81
160 92
160 102
160 117
160 123
160 137
160 144
160 145
160 10
161 48
161 63
161 66
161 68
161 82
161 93
161 95
161 99
161 107
161 125
161 144
161 145
161 11
162 9
162 30
162 45
162 60
162 62
162 65
162 74
162 99
162 103
162 106
162 107
162 108
162 139
162 142
162 12
163 1
163 6
163 13
163 14
163 32
163 36
163 70
163 72
163 75
163 77
163 83
163 90
163 95
163 99
163 107
163 110
163 124
163 132
163 133
163 142
163 143
163 146
163 148
164 21
164 23
164 34
164 72
164 76
164 95
164 103
164 110
164 126
164 138
164 144
164 147
164 14
165 18
165 22
165 43
165 57
165 67
165 87
165 92
165 120
165 126
165 134
165 141
165 148
165 149
165 15
166 11
166 12
166 15
166 26
166 43
166 53
166 59
166 79
166 81
166 82
166 120
166 138
166 16
167 0
167 43
167 50
167 54
167 60
167 69
167 105
167 120
167 126
167 148
167 17
168 7
168 14
168 18
168 19
168 29
168 51
168 62
168 68
168 71
168 76
168 80
168 91
168 98
168 113
168 119
168 120
168 122
168 123
168 132
168 135
169 12
169 14
169 32
169 58
169 70
169 81
169 106
169 120
169 121
169 140
169 149
169 19
170 3
170 5
170 27
170 45
170 65
170 83
170 86
170 103
170 130
170 144
170 20
171 8
171 22
171 24
171 25
171 41
171 42
171 64
171 74
171 100
171 115
171 121
171 136
171 21
172 1
172 17
172 40
172 41
172 113
172 124
172 125
172 22
173 6
173 10
173 11
173 24
173 26
173 33
173 47
173 52
173 61
173 63
173 65
173 70
173 74
173 84
173 103
173 118
173 23
174 19
174 25
174 26
174 45
174 46
174 84
174 93
174 111
174 124
174 126
174 132
174 142
174 24
175 5
175 23
175 27
175 30
175 40
175 46
175 48
175 57
175 64
175 68
175 78
175 88
175 110
175 145
175 25
176 4
176 5
176 16
176 35
176 46
176 57
176 61
176 66
176 74
176 87
176 99
176 107
176 113
176 132
176 26
177 2
177 12
177 30
177 39
177 48
177 56
177 63
177 86
177 98
177 108
177 112
177 133
177 144
177 148
177 27
178 6
178 14
178 23
178 34
178 41
178 57
178 60
178 65
178 77
178 94
178 97
178 102
178 125
178 127
178 128
178 130
178 134
178 135
178 138
178 143
178 28
179 34
179 44
179 46
179 51
179 52
179 55
179 73
179 87
179 100
179 106
179 115
179 119
179 132
179 137
179 146
179 147
179 29
180 3
180 10
180 26
180 33
180 36
180 42
180 59
180 76
180 79
180 85
180 101
180 133
180 142
180 30
181 4
181 7
181 14
181 23
181 25
181 26
181 27
181 54
181 67
181 82
181 96
181 110
181 31
182 45
182 67
182 68
182 71
182 73
182 82
182 124
182 138
182 141
182 32
183 4
183 46
183 50
183 73
183 105
183 112
183 33
184 9
184 30
184 43
184 53
184 62
184 83
184 129
184 139
184 141
184 34
185 14
185 15
185 30
185 35
185 43
185 50
185 70
185 86
185 101
185 103
185 104
185 118
185 128
185 135
185 140
186 16
186 18
186 21
186 24
186 29
186 36
186 78
186 85
186 128
186 133
186 136
186 146
187 13
187 18
187 29
187 31
187 35
187 37
187 53
187 63
187 64
187 72
187 75
187 80
187 100
187 107
187 128
187 132
187 149
188 2
188 15
188 18
188 25
188 30
188 39
188 52
188 79
188 86
188 92
188 112
188 136
188 140
188 141
188 38
189 5
189 7
189 22
189 43
189 56
189 64
189 79
189 85
189 88
189 93
189 94
189 97
189 111
189 139
189 39
190 19
190 46
190 49
190 52
190 60
190 71
190 73
190 83
190 97
190 98
190 104
190 105
190 112
190 115
190 126
190 135
190 143
190 40
191 2
191 6
191 46
191 47
191 51
191 68
191 70
191 76
191 105
191 125
191 130
191 138
191 41
192 13
192 24
192 29
192 34
192 35
192 50
192 59
192 78
192 88
192 102
192 121
192 122
192 130
192 42
193 4
193 5
193 23
193 27
193 29
193 30
193 31
193 51
193 55
193 58
193 66
193 68
193 80
193 94
193 98
193 104
193 118
193 120
193 126
193 131
193 137
193 43
194 9
194 29
194 37
194 48
194 55
194 92
194 95
194 103
194 105
194 112
194 117
194 145
194 147
194 44
195 0
195 1
195 9
195 28
195 63
195 100
195 130
195 136
195 45
196 0
196 20
196 29
196 32
196 44
196 45
196 51
196 61
196 63
196 69
196 75
196 77
196 86
196 103
196 122
196 123
196 128
196 138
196 141
196 149
196 46
197 5
197 41
197 50
197 64
197 84
197 108
197 112
197 124
197 133
197 149
197 47
198 2
198 17
198 18
198 26
198 41
198 45
198 71
198 76
198 83
198 84
198 92
198 94
198 116
198 136
198 48
199 8
199 29
199 60
199 72
199 81
199 87
199 96
199 98
199 106
199 123
199 49
200 1
200 7
200 8
200 22
200 26
200 41
200 55
200 56
200 63
200 80
200 81
200 102
200 108
200 114
200 129
200 130
200 137
200 144
200 50
201 15
201 17
201 22
201 27
201 28
201 32
201 45
201 46
201 70
201 72
201 76
201 81
201 85
201 87
201 96
201 102
201 140
201 51
202 3
202 36
202 41
202 44
202 54
202 55
202 63
202 102
202 114
202 132
202 144
202 52
203 43
203 68
203 78
203 79
203 82
203 85
203 91
203 93
203 100
203 121
203 53
204 13
204 14
204 21
204 26
204 36
204 38
204 64
204 70
204 88
204 92
204 93
204 132
204 144
204 54
205 55
205 56
205 58
205 94
205 111
205 122
205 123
205 131
205 132
205 148
206 14
206 25
206 46
206 63
206 64
206 68
206 73
206 78
206 84
206 94
206 106
206 132
206 133
206 147
206 56
207 19
207 23
207 31
207 40
207 54
207 71
207 115
207 117
207 126
207 57
208 7
208 8
208 13
208 28
208 56
208 113
208 128
208 149
208 58
209 18
209 19
209 40
209 51
209 56
209 71
209 80
209 89
209 98
209 99
209 111
209 120
209 121
209 128
209 142
209 147
209 59
210 2
210 10
210 11
210 15
210 17
210 18
210 35
210 47
210 53
210 66
210 81
210 82
210 84
210 86
210 87
210 93
210 105
210 122
210 60
211 14
211 32
211 34
211 37
211 38
211 45
211 49
211 53
211 54
211 61
211 62
211 69
211 73
211 77
211 78
211 83
211 91
211 94
211 122
211 125
211 138
211 148
212 21
212 34
212 45
212 82
212 85
212 94
212 98
212 113
212 132
212 143
212 147
212 62
213 17
213 25
213 27
213 34
213 39
213 42
213 45
213 46
213 47
213 57
213 64
213 75
213 77
213 82
213 84
213 95
213 96
213 98
213 99
213 110
213 112
213 133
213 140
213 148
213 63
214 1
214 22
214 25
214 26
214 52
214 67
214 83
214 96
214 99
214 120
214 142
214 147
214 64
215 3
215 26
215 33
215 54
215 65
215 71
215 84
215 106
215 129
215 130
215 134
216 11
216 18
216 22
216 41
216 44
216 56
216 64
216 130
216 140
216 145
216 66
217 8
217 11
217 31
217 39
217 65
217 67
217 74
217 90
217 95
217 104
217 137
217 149
218 10
218 11
218 13
218 45
218 48
218 53
218 55
218 96
218 98
218 100
218 114
218 118
218 125
218 137
218 68
219 18
219 23
219 24
219 28
219 30
219 54
219 55
219 57
219 61
219 71
219 92
219 100
219 110
219 122
219 69
220 20
220 23
220 26
220 64
220 94
220 107
220 118
220 122
220 131
220 132
220 140
220 70
221 15
221 28
221 71
221 85
221 98
221 119
221 144
222 16
222 48
222 72
222 79
222 95
222 111
222 130
222 139
222 145
222 149
223 13
223 31
223 32
223 53
223 57
223 109
223 115
223 117
223 119
223 122
223 130
223 134
223 137
223 145
223 149
223 73
224 2
224 3
224 8
224 16
224 25
224 28
224 36
224 46
224 71
224 90
224 95
224 98
224 99
224 126
224 144
224 147
224 74
225 2
225 8
225 10
225 11
225 15
225 26
225 37
225 44
225 52
225 57
225 62
225 73
225 82
225 94
225 107
225 118
225 130
225 145
225 75
226 32
226 43
226 46
226 59
226 62
226 90
226 93
226 121
226 124
226 126
226 127
226 134
226 76
227 5
227 7
227 11
227 20
227 24
227 26
227 43
227 46
227 51
227 65
227 76
227 78
227 79
227 81
227 97
227 98
227 105
227 124
227 129
227 132
227 136
227 147
227 77
228 18
228 42
228 52
228 53
228 88
228 91
228 92
228 94
228 98
228 111
228 113
228 122
228 131
228 141
228 78
229 5
229 54
229 59
229 66
229 69
229 93
229 94
229 95
229 104
229 106
229 111
229 125
229 137
229 79
230 12
230 50
230 56
230 75
230 87
230 89
230 98
230 102
230 109
230 116
230 128
230 80
231 12
231 17
231 24
231 25
231 29
231 77
231 92
231 107
231 109
231 110
231 112
231 114
231 136
231 147
231 81
232 15
232 24
232 36
232 55
232 62
232 76
232 77
232 83
232 101
232 122
232 145
232 82
233 9
233 10
233 11
233 29
233 39
233 46
233 57
233 74
233 78
233 81
233 94
233 97
233 107
233 110
233 129
233 139
233 83
234 0
234 3
234 35
234 36
234 49
234 67
234 75
234 84
234 94
234 101
234 118
234 143
235 0
235 19
235 28
235 34
235 36
235 41
235 44
235 49
235 50
235 51
235 94
235 95
235 100
235 101
235 122
235 128
235 134
235 136
235 140
235 85
236 19
236 20
236 25
236 28
236 46
236 66
236 87
236 92
236 93
236 97
236 102
236 103
236 114
236 126
236 136
236 149
236 86
237 46
237 49
237 54
237 74
237 84
237 102
237 109
237 126
237 130
237 87
238 5
238 19
238 21
238 49
238 68
238 69
238 78
238 79
238 113
238 146
238 88
239 2
239 16
239 51
239 63
239 64
239 69
239 82
239 108
239 116
239 118
239 133
239 149
239 89
240 3
240 26
240 31
240 57
240 65
240 112
240 137
240 149
240 90
241 12
241 91
241 95
241 127
241 139
242 27
242 44
242 50
242 69
242 70
242 72
242 91
242 103
242 112
242 115
242 120
242 136
242 141
242 143
242 92
243 2
243 21
243 23
243 25
243 30
243 37
243 66
243 69
243 115
243 126
243 133
243 139
243 140
243 93
244 9
244 35
244 67
244 77
244 93
244 94
244 109
244 115
244 132
244 135
244 147
245 9
245 12
245 27
245 39
245 58
245 62
245 68
245 102
245 106
245 111
245 125
245 149
245 95
246 5
246 11
246 25
246 29
246 33
246 40
246 45
246 48
246 66
246 68
246 83
246 84
246 94
246 105
246 115
246 125
246 127
246 137
246 96
247 0
247 4
247 6
247 8
247 18
247 31
247 42
247 45
247 68
247 80
247 90
247 102
247 106
247 109
247 122
247 97
248 0
248 34
248 52
248 61
248 67
248 76
248 102
248 103
248 105
248 106
248 109
248 123
248 132
248 145
248 98
249 4
249 22
249 53
249 60
249 67
249 77
249 93
249 103
249 105
249 106
249 123
249 125
249 99
250 7
250 18
250 46
250 47
250 50
250 70
250 86
250 100
250 101
250 104
250 113
250 126
250 128
250 136
250 141
251 24
251 31
251 57
251 59
251 60
251 65
251 90
251 102
251 143
251 101
252 36
252 99
252 117
252 122
252 126
252 128
252 102
253 7
253 10
253 13
253 14
253 25
253 27
253 35
253 55
253 58
253 63
253 70
253 72
253 81
253 83
253 102
253 108
253 109
253 116
253 131
253 133
253 103
254 1
254 13
254 20
254 24
254 31
254 49
254 56
254 57
254 60
254 63
254 92
254 93
254 96
254 97
254 100
254 125
254 104
255 3
255 6
255 10
255 39
255 52
255 54
255 60
255 119
255 126
255 140
255 105
256 2
256 9
256 10
256 49
256 51
256 69
256 85
256 93
256 103
256 114
256 117
256 123
256 125
256 126
256 127
256 139
256 106
257 0
257 8
257 10
257 16
257 20
257 30
257 47
257 57
257 67
257 77
257 79
257 99
257 116
257 127
257 136
257 107
258 9
258 15
258 30
258 50
258 67
258 70
258 75
258 85
258 90
258 99
258 107
258 118
258 125
258 127
258 108
259 4
259 13
259 28
259 34
259 66
259 68
259 76
259 80
259 135
259 142
259 148
259 149
259 109
260 12
260 25
260 34
260 38
260 39
260 41
260 58
260 64
260 74
260 79
260 106
260 111
260 121
260 127
260 130
260 136
260 141
260 110
261 25
261 46
261 51
261 75
261 85
261 87
261 108
261 119
261 130
261 131
261 111
262 15
262 21
262 22
262 27
262 37
262 45
262 48
262 64
262 82
262 96
262 119
262 124
262 131
262 145
262 112
263 9
263 26
263 42
263 45
263 65
263 66
263 70
263 103
263 128
263 134
263 137
263 138
263 113
264 47
264 60
264 81
264 96
264 99
264 106
264 119
264 120
264 129
264 138
264 114
265 5
265 55
265 63
265 66
265 74
265 85
265 90
265 102
265 113
265 122
265 132
265 140
265 146
265 149
265 115
266 8
266 32
266 35
266 61
266 65
266 77
266 78
266 80
266 96
266 99
266 102
266 103
266 122
266 123
266 130
266 134
266 139
266 143
266 149
266 116
267 1
267 18
267 42
267 104
267 107
267 108
267 116
267 118
267 124
267 138
267 117
268 13
268 15
268 91
268 121
268 122
268 128
268 142
268 118
269 18
269 21
269 48
269 54
269 64
269 110
269 116
269 118
269 120
269 145
269 119
270 16
270 26
270 31
270 70
270 72
270 81
270 118
270 124
270 131
270 132
270 120
271 12
271 22
271 26
271 41
271 42
271 44
271 52
271 66
271 69
271 90
271 94
271 108
271 111
271 119
271 127
271 131
271 147
271 148
271 121
272 10
272 15
272 29
272 45
272 49
272 77
272 83
272 98
272 106
272 119
272 149
272 122
273 13
273 18
273 24
273 27
273 41
273 56
273 57
273 64
273 77
273 84
273 97
273 103
273 107
273 129
273 136
273 142
273 123
274 18
274 48
274 59
274 65
274 74
274 79
274 81
274 83
274 97
274 99
274 104
274 113
274 114
274 117
274 120
274 123
274 144
274 148
274 124
275 13
275 15
275 25
275 29
275 48
275 56
275 64
275 77
275 91
275 95
275 99
275 122
275 129
275 136
275 145
275 125
276 24
276 27
276 43
276 60
276 72
276 76
276 87
276 99
276 106
276 113
276 119
276 137
276 126
277 2
277 9
277 27
277 41
277 55
277 65
277 70
277 79
277 102
277 111
277 120
277 139
277 127
278 6
278 11
278 23
278 29
278 30
278 52
278 80
278 94
278 95
278 111
278 119
278 124
278 129
278 133
278 146
278 128
279 0
279 1
279 7
279 54
279 55
279 59
279 64
279 65
279 76
279 78
279 79
279 98
279 110
279 111
279 125
279 142
279 147
279 129
280 9
280 12
280 14
280 23
280 30
280 43
280 89
280 99
280 149
280 130
281 5
281 26
281 27
281 37
281 39
281 46
281 48
281 50
281 57
281 60
281 68
281 74
281 76
281 85
281 90
281 103
281 107
281 121
281 131
282 38
282 39
282 46
282 47
282 58
282 65
282 66
282 82
282 96
282 135
282 132
283 0
283 2
283 15
283 20
283 25
283 71
283 100
283 103
283 108
283 115
283 133
284 20
284 23
284 24
284 28
284 34
284 46
284 59
284 65
284 66
284 76
284 79
284 81
284 89
284 125
284 128
284 130
284 134
284 139
284 143
285 8
285 23
285 31
285 54
285 59
285 67
285 69
285 84
285 96
285 101
285 142
285 135
286 4
286 7
286 13
286 26
286 36
286 45
286 50
286 51
286 79
286 84
286 99
286 105
286 108
286 118
286 124
286 125
286 132
286 136
287 1
287 5
287 12
287 17
287 28
287 44
287 97
287 99
287 100
287 104
287 109
287 119
287 125
287 134
287 149
287 137
288 5
288 7
288 17
288 51
288 62
288 108
288 109
288 132
288 133
288 143
288 138
289 8
289 9
289 11
289 16
289 17
289 23
289 25
289 26
289 28
289 33
289 38
289 84
289 107
289 125
289 136
289 137
289 139
290 3
290 4
290 29
290 64
290 88
290 117
290 149
290 140
291 8
291 17
291 31
291 48
291 54
291 65
291 75
291 103
291 107
291 108
291 141
292 5
292 13
292 26
292 45
292 52
292 66
292 100
292 102
292 109
292 111
292 125
292 142
292 149
293 0
293 13
293 25
293 36
293 56
293 64
293 66
293 67
293 82
293 84
293 85
293 94
293 124
293 127
293 129
293 145
293 143
294 6
294 7
294 14
294 17
294 22
294 36
294 44
294 56
294 65
294 68
294 81
294 97
294 105
294 109
294 114
294 132
294 139
294 145
294 144
295 27
295 29
295 46
295 67
295 98
295 104
295 107
295 145
296 37
296 40
296 48
296 53
296 59
296 63
296 72
296 82
296 98
296 102
296 139
296 146
297 2
297 8
297 18
297 25
297 35
297 44
297 56
297 59
297 77
297 86
297 115
297 140
297 149
297 147
298 0
298 1
298 5
298 29
298 30
298 35
298 37
298 51
298 74
298 85
298 87
298 114
298 124
298 127
298 132
298 148
299 6
299 19
299 22
299 36
299 44
299 45
299 61
299 66
299 80
299 88
299 103
299 131
299 149
