  200   556
0 149
0 148
0 53
0 57
0 76
0 100
1 150
1 149
1 7
1 15
1 55
1 56
1 64
1 85
1 101
2 152
2 150
2 27
2 35
2 57
2 74
2 97
2 102
3 153
3 152
3 85
3 92
3 103
4 189
4 13
4 87
4 91
4 104
5 121
5 9
5 65
5 76
5 89
5 105
6 160
6 37
6 45
6 50
6 82
6 83
6 106
7 101
7 142
7 155
7 1
7 25
7 72
7 107
8 154
8 153
8 31
8 46
8 67
8 76
8 108
9 118
9 5
9 37
9 52
9 69
9 84
9 109
10 170
10 17
10 45
10 110
11 178
11 33
11 47
11 51
11 62
11 79
11 97
11 111
12 157
12 154
12 23
12 27
12 74
12 79
12 112
13 175
13 4
13 15
13 23
13 32
13 35
13 37
13 51
13 113
14 158
14 157
14 44
14 56
14 61
14 114
15 189
15 1
15 13
15 18
15 91
15 115
16 193
16 27
16 46
16 49
16 75
16 89
16 116
17 119
17 10
17 55
17 117
18 159
18 158
18 15
18 22
18 30
18 47
18 58
18 69
18 90
18 118
19 168
19 198
19 36
19 45
19 56
19 63
19 76
19 92
19 119
20 182
20 65
20 120
21 156
21 58
21 98
21 121
22 160
22 159
22 18
22 31
22 42
22 46
22 69
22 84
22 122
23 161
23 160
23 12
23 13
23 34
23 42
23 46
23 53
23 56
23 60
23 82
23 89
23 123
24 152
24 25
24 61
24 99
24 124
25 162
25 161
25 7
25 24
25 39
25 40
25 45
25 81
25 89
25 94
25 125
26 120
26 136
26 36
26 51
26 65
26 66
26 126
27 152
27 2
27 12
27 16
27 51
27 69
27 127
28 107
28 30
28 64
28 83
28 99
28 128
29 128
29 45
29 72
29 93
29 129
30 163
30 162
30 18
30 28
30 70
30 75
30 81
30 130
31 124
31 8
31 22
31 64
31 67
31 97
31 131
32 164
32 163
32 13
32 74
32 83
32 88
32 132
33 165
33 164
33 103
33 102
33 11
33 40
33 43
33 92
33 133
34 139
34 172
34 180
34 23
34 68
34 76
34 81
34 85
34 86
34 97
34 134
35 167
35 165
35 104
35 103
35 2
35 13
35 65
35 72
35 82
35 135
36 126
36 137
36 169
36 19
36 26
36 50
36 72
36 97
36 136
37 169
37 167
37 106
37 104
37 6
37 9
37 13
37 73
37 76
37 99
37 137
38 127
38 52
38 138
39 158
39 25
39 58
39 66
39 139
40 124
40 192
40 25
40 33
40 47
40 60
40 67
40 90
40 92
40 98
40 140
41 124
41 145
41 44
41 47
41 55
41 67
41 96
41 141
42 170
42 169
42 108
42 106
42 22
42 23
42 80
42 93
42 97
42 142
43 134
43 33
43 61
43 73
43 74
43 92
43 99
43 143
44 124
44 14
44 41
44 72
44 73
44 78
44 144
45 165
45 6
45 10
45 19
45 25
45 29
45 54
45 68
45 145
46 124
46 172
46 187
46 8
46 16
46 22
46 23
46 146
47 131
47 11
47 18
47 40
47 41
47 52
47 88
47 147
48 173
48 170
48 109
48 108
48 51
48 148
49 111
49 16
49 56
49 76
49 149
50 174
50 173
50 111
50 109
50 6
50 36
50 56
50 57
50 77
50 150
51 105
51 11
51 13
51 26
51 27
51 48
51 95
51 151
52 125
52 9
52 38
52 47
52 65
52 89
52 152
53 175
53 174
53 112
53 111
53 0
53 23
53 62
53 81
53 153
54 100
54 135
54 141
54 45
54 154
55 179
55 1
55 17
55 41
55 62
55 71
55 83
55 155
56 176
56 175
56 114
56 112
56 1
56 14
56 19
56 23
56 49
56 50
56 68
56 72
56 95
56 98
56 156
57 177
57 176
57 115
57 114
57 0
57 2
57 50
57 73
57 157
58 168
58 18
58 21
58 39
58 76
58 93
58 158
59 178
59 177
59 116
59 115
59 95
59 159
60 164
60 23
60 40
60 82
60 93
60 160
61 151
61 193
61 14
61 24
61 43
61 66
61 67
61 88
61 99
61 161
62 105
62 107
62 181
62 11
62 53
62 55
62 73
62 75
62 96
62 162
63 155
63 171
63 180
63 19
63 85
63 163
64 179
64 178
64 117
64 116
64 1
64 28
64 31
64 93
64 164
65 181
65 179
65 118
65 117
65 5
65 20
65 26
65 35
65 52
65 165
66 182
66 181
66 121
66 118
66 26
66 39
66 61
66 93
66 166
67 183
67 182
67 122
67 121
67 8
67 31
67 40
67 41
67 61
67 99
67 167
68 184
68 183
68 123
68 122
68 34
68 45
68 56
68 75
68 83
68 168
69 185
69 184
69 125
69 123
69 9
69 18
69 22
69 27
69 99
69 169
70 186
70 185
70 127
70 125
70 30
70 74
70 91
70 170
71 157
71 55
71 88
71 171
72 100
72 147
72 7
72 29
72 35
72 36
72 44
72 56
72 76
72 172
73 188
73 186
73 128
73 127
73 37
73 43
73 44
73 57
73 62
73 173
74 111
74 2
74 12
74 32
74 43
74 70
74 99
74 174
75 189
75 188
75 130
75 128
75 16
75 30
75 62
75 68
75 76
75 95
75 175
76 135
76 0
76 5
76 8
76 19
76 34
76 37
76 49
76 58
76 72
76 75
76 82
76 176
77 190
77 189
77 131
77 130
77 50
77 177
78 110
78 118
78 44
78 80
78 95
78 178
79 162
79 11
79 12
79 88
79 91
79 179
80 150
80 42
80 78
80 180
81 191
81 190
81 133
81 131
81 25
81 30
81 34
81 53
81 99
81 181
82 119
82 153
82 6
82 23
82 35
82 60
82 76
82 182
83 166
83 173
83 6
83 28
83 32
83 55
83 68
83 86
83 87
83 183
84 192
84 191
84 134
84 133
84 9
84 22
84 184
85 107
85 132
85 1
85 3
85 34
85 63
85 185
86 193
86 192
86 138
86 134
86 34
86 83
86 90
86 91
86 186
87 194
87 193
87 140
87 138
87 4
87 83
87 187
88 129
88 168
88 32
88 47
88 61
88 71
88 79
88 91
88 188
89 195
89 194
89 143
89 140
89 5
89 16
89 23
89 25
89 52
89 91
89 189
90 126
90 156
90 18
90 40
90 86
90 190
91 196
91 195
91 144
91 143
91 4
91 15
91 70
91 79
91 86
91 88
91 89
91 191
92 136
92 194
92 3
92 19
92 33
92 40
92 43
92 192
93 173
93 29
93 42
93 58
93 60
93 64
93 66
93 97
93 193
94 143
94 25
94 194
95 189
95 51
95 56
95 59
95 75
95 78
95 195
96 113
96 137
96 41
96 62
96 196
97 197
97 196
97 146
97 144
97 2
97 11
97 31
97 34
97 36
97 42
97 93
98 198
98 197
98 147
98 146
98 21
98 40
98 56
99 199
99 198
99 148
99 147
99 24
99 28
99 37
99 43
99 61
99 67
99 69
99 74
99 81
100 54
100 72
100 0
101 7
101 1
102 33
102 2
103 33
103 35
103 3
104 35
104 37
104 4
105 51
105 62
105 5
106 37
106 42
106 6
107 28
107 62
107 85
107 7
108 42
108 48
108 8
109 48
109 50
109 9
110 78
110 10
111 49
111 50
111 53
111 74
111 11
112 53
112 56
112 12
113 96
113 13
114 56
114 57
114 14
115 57
115 59
115 15
116 59
116 64
116 16
117 64
117 65
117 17
118 9
118 65
118 66
118 78
118 18
119 17
119 82
119 19
120 26
120 20
121 5
121 66
121 67
121 21
122 67
122 68
122 22
123 68
123 69
123 23
124 31
124 40
124 41
124 44
124 46
124 24
125 52
125 69
125 70
125 25
126 36
126 90
126 26
127 38
127 70
127 73
127 27
128 29
128 73
128 75
128 28
129 88
129 29
130 75
130 77
130 30
131 47
131 77
131 81
131 31
132 85
132 32
133 81
133 84
133 33
134 43
134 84
134 86
134 34
135 54
135 76
135 35
136 26
136 92
136 36
137 36
137 96
137 37
138 86
138 87
138 38
139 34
139 39
140 87
140 89
140 40
141 54
141 41
142 7
142 42
143 89
143 91
143 94
143 43
144 91
144 97
144 44
145 41
145 45
146 97
146 98
146 46
147 72
147 98
147 99
147 47
148 0
148 99
148 48
149 0
149 1
149 49
150 1
150 2
150 80
150 50
151 61
151 51
152 2
152 3
152 24
152 27
152 52
153 3
153 8
153 82
153 53
154 8
154 12
154 54
155 7
155 63
155 55
156 21
156 90
156 56
157 12
157 14
157 71
157 57
158 14
158 18
158 39
158 58
159 18
159 22
159 59
160 6
160 22
160 23
160 60
161 23
161 25
161 61
162 25
162 30
162 79
162 62
163 30
163 32
163 63
164 32
164 33
164 60
164 64
165 33
165 35
165 45
165 65
166 83
166 66
167 35
167 37
167 67
168 19
168 58
168 88
168 68
169 36
169 37
169 42
169 69
170 10
170 42
170 48
170 70
171 63
171 71
172 34
172 46
172 72
173 48
173 50
173 83
173 93
173 73
174 50
174 53
174 74
175 13
175 53
175 56
175 75
176 56
176 57
176 76
177 57
177 59
177 77
178 11
178 59
178 64
178 78
179 55
179 64
179 65
179 79
180 34
180 63
180 80
181 62
181 65
181 66
181 81
182 20
182 66
182 67
182 82
183 67
183 68
183 83
184 68
184 69
184 84
185 69
185 70
185 85
186 70
186 73
186 86
187 46
187 87
188 73
188 75
188 88
189 4
189 15
189 75
189 77
189 95
189 89
190 77
190 81
190 90
191 81
191 84
191 91
192 40
192 84
192 86
192 92
193 16
193 61
193 86
193 87
193 93
194 87
194 89
194 92
194 94
195 89
195 91
195 95
196 91
196 97
196 96
197 97
197 98
198 19
198 98
198 99
199 99
