  500   3109
0 349
0 404
0 414
0 427
0 6
0 24
0 28
0 33
0 47
0 68
0 73
0 85
0 109
0 110
0 114
0 135
0 156
0 179
0 181
0 185
0 196
0 206
0 220
0 250
1 489
1 3
1 8
1 50
1 53
1 125
1 130
1 173
1 180
1 200
1 205
1 212
1 244
1 251
2 301
2 389
2 7
2 11
2 12
2 13
2 19
2 27
2 33
2 36
2 66
2 83
2 99
2 101
2 105
2 106
2 111
2 124
2 132
2 153
2 164
2 186
2 187
2 225
2 229
2 252
3 395
3 386
3 290
3 252
3 1
3 16
3 45
3 66
3 67
3 86
3 114
3 115
3 117
3 127
3 130
3 153
3 154
3 173
3 174
3 193
3 202
3 205
3 220
3 234
3 243
3 244
3 253
4 289
4 425
4 17
4 92
4 97
4 98
4 110
4 111
4 115
4 116
4 122
4 132
4 148
4 159
4 188
4 218
4 241
4 254
5 259
5 351
5 381
5 455
5 25
5 26
5 29
5 40
5 62
5 73
5 84
5 92
5 97
5 98
5 105
5 115
5 147
5 151
5 168
5 195
5 221
5 223
5 241
5 255
6 265
6 267
6 456
6 0
6 45
6 48
6 53
6 74
6 92
6 108
6 118
6 130
6 131
6 153
6 162
6 164
6 168
6 196
6 233
6 256
7 250
7 264
7 376
7 2
7 9
7 31
7 59
7 74
7 87
7 100
7 117
7 130
7 149
7 172
7 188
7 199
7 203
7 210
7 232
7 243
7 257
8 299
8 1
8 11
8 14
8 20
8 25
8 30
8 33
8 40
8 44
8 46
8 63
8 75
8 134
8 152
8 159
8 169
8 229
8 239
8 241
8 248
8 258
9 272
9 358
9 385
9 7
9 32
9 38
9 58
9 66
9 67
9 69
9 71
9 72
9 73
9 79
9 89
9 92
9 103
9 136
9 152
9 156
9 161
9 173
9 176
9 188
9 199
9 212
9 218
9 259
10 272
10 318
10 324
10 67
10 94
10 131
10 151
10 159
10 162
10 167
10 171
10 175
10 193
10 204
10 248
10 260
11 428
11 395
11 296
11 290
11 2
11 8
11 80
11 97
11 150
11 156
11 172
11 209
11 214
11 216
11 238
11 248
11 261
12 319
12 426
12 2
12 38
12 39
12 41
12 71
12 79
12 86
12 117
12 126
12 131
12 138
12 141
12 144
12 166
12 196
12 201
12 226
12 236
12 238
12 240
12 262
13 253
13 257
13 2
13 19
13 26
13 30
13 45
13 47
13 62
13 63
13 69
13 80
13 91
13 96
13 105
13 140
13 152
13 164
13 166
13 176
13 187
13 194
13 227
13 230
13 248
13 263
14 274
14 383
14 440
14 8
14 82
14 107
14 149
14 150
14 156
14 161
14 166
14 167
14 192
14 199
14 241
14 244
14 264
15 402
15 23
15 26
15 27
15 32
15 39
15 54
15 56
15 72
15 90
15 93
15 95
15 102
15 129
15 132
15 174
15 177
15 193
15 198
15 226
15 233
15 265
16 321
16 3
16 26
16 72
16 82
16 88
16 98
16 106
16 107
16 113
16 134
16 139
16 154
16 157
16 161
16 164
16 171
16 201
16 207
16 211
16 219
16 246
16 266
17 348
17 436
17 454
17 477
17 4
17 104
17 112
17 125
17 127
17 165
17 166
17 193
17 195
17 196
17 197
17 199
17 211
17 247
17 267
18 281
18 292
18 352
18 408
18 417
18 35
18 42
18 43
18 79
18 81
18 85
18 102
18 103
18 108
18 109
18 110
18 131
18 134
18 144
18 171
18 198
18 226
18 241
18 268
19 262
19 339
19 2
19 13
19 21
19 33
19 57
19 82
19 91
19 92
19 106
19 130
19 143
19 155
19 162
19 182
19 192
19 196
19 201
19 229
19 234
19 247
19 269
20 322
20 443
20 455
20 8
20 22
20 38
20 46
20 60
20 96
20 114
20 135
20 144
20 150
20 172
20 180
20 183
20 210
20 228
20 234
20 242
20 270
21 485
21 19
21 26
21 32
21 45
21 58
21 59
21 82
21 106
21 120
21 154
21 160
21 176
21 188
21 196
21 197
21 199
21 234
21 239
21 249
21 271
22 300
22 20
22 32
22 33
22 50
22 57
22 58
22 65
22 79
22 116
22 130
22 134
22 136
22 138
22 166
22 168
22 188
22 199
22 215
22 241
22 272
23 352
23 376
23 439
23 15
23 33
23 70
23 98
23 120
23 136
23 140
23 141
23 143
23 150
23 155
23 165
23 189
23 193
23 234
23 236
23 247
23 273
24 264
24 407
24 0
24 34
24 77
24 79
24 84
24 92
24 96
24 106
24 114
24 125
24 127
24 135
24 150
24 154
24 168
24 170
24 175
24 188
24 209
24 243
24 274
25 473
25 5
25 8
25 42
25 49
25 69
25 100
25 101
25 143
25 145
25 170
25 199
25 209
25 214
25 217
25 275
26 304
26 368
26 444
26 499
26 5
26 13
26 15
26 16
26 21
26 45
26 76
26 99
26 103
26 111
26 120
26 141
26 168
26 174
26 204
26 211
26 228
26 276
27 277
27 280
27 402
27 436
27 2
27 15
27 60
27 69
27 80
27 82
27 100
27 108
27 109
27 144
27 165
27 179
27 187
27 196
27 197
27 230
28 393
28 432
28 0
28 42
28 101
28 103
28 126
28 133
28 148
28 163
28 187
28 190
28 201
28 209
28 216
28 218
28 221
28 223
28 233
28 237
28 278
29 275
29 411
29 5
29 42
29 59
29 78
29 91
29 110
29 114
29 121
29 123
29 129
29 172
29 190
29 192
29 195
29 225
29 245
29 248
29 279
30 391
30 8
30 13
30 34
30 48
30 74
30 94
30 95
30 96
30 105
30 115
30 144
30 147
30 177
30 185
30 186
30 211
30 216
30 234
30 245
30 280
31 332
31 350
31 419
31 424
31 441
31 494
31 7
31 35
31 38
31 74
31 105
31 109
31 113
31 132
31 135
31 136
31 144
31 152
31 162
31 174
31 186
31 187
31 233
31 244
31 245
31 281
32 429
32 428
32 300
32 296
32 9
32 15
32 21
32 22
32 37
32 75
32 85
32 87
32 105
32 112
32 157
32 160
32 172
32 173
32 174
32 209
32 238
32 246
32 282
33 337
33 352
33 385
33 422
33 476
33 0
33 2
33 8
33 19
33 22
33 23
33 47
33 55
33 89
33 94
33 96
33 145
33 195
33 196
33 211
33 223
33 228
33 238
33 246
33 283
34 256
34 267
34 408
34 24
34 30
34 41
34 45
34 50
34 62
34 81
34 88
34 92
34 111
34 130
34 149
34 155
34 160
34 169
34 170
34 182
34 207
34 216
34 236
34 237
34 284
35 284
35 337
35 18
35 31
35 41
35 74
35 92
35 121
35 170
35 187
35 199
35 202
35 207
35 219
35 230
35 233
35 249
35 285
36 315
36 317
36 394
36 436
36 2
36 39
36 49
36 50
36 52
36 71
36 93
36 114
36 128
36 147
36 170
36 181
36 187
36 200
36 205
36 209
36 219
36 286
37 250
37 312
37 437
37 454
37 467
37 32
37 39
37 55
37 62
37 104
37 108
37 109
37 122
37 137
37 150
37 170
37 172
37 194
37 212
37 216
37 241
37 287
38 281
38 289
38 435
38 499
38 9
38 12
38 20
38 31
38 64
38 67
38 94
38 97
38 107
38 117
38 147
38 157
38 162
38 167
38 176
38 212
38 218
38 220
38 288
39 423
39 495
39 12
39 15
39 36
39 37
39 47
39 52
39 68
39 72
39 87
39 94
39 100
39 112
39 117
39 122
39 123
39 129
39 138
39 179
39 204
39 210
39 219
39 221
39 226
39 233
39 289
40 322
40 363
40 5
40 8
40 55
40 56
40 63
40 111
40 123
40 124
40 129
40 136
40 156
40 159
40 164
40 183
40 186
40 221
40 232
40 242
40 245
40 290
41 312
41 361
41 493
41 12
41 34
41 35
41 55
41 60
41 61
41 63
41 76
41 80
41 99
41 146
41 168
41 175
41 182
41 188
41 196
41 216
41 219
41 225
41 239
41 291
42 393
42 405
42 18
42 25
42 28
42 29
42 45
42 52
42 56
42 74
42 79
42 93
42 99
42 116
42 120
42 154
42 155
42 165
42 204
42 229
42 235
42 243
42 292
43 335
43 426
43 18
43 46
43 63
43 74
43 76
43 86
43 92
43 96
43 99
43 124
43 143
43 149
43 155
43 159
43 193
43 195
43 204
43 212
43 220
43 237
43 293
44 421
44 8
44 73
44 91
44 94
44 110
44 114
44 118
44 125
44 127
44 147
44 201
44 213
44 215
44 242
44 294
45 317
45 408
45 3
45 6
45 13
45 21
45 26
45 34
45 42
45 46
45 48
45 59
45 65
45 80
45 116
45 119
45 135
45 169
45 170
45 172
45 180
45 181
45 194
45 204
45 213
45 295
46 278
46 321
46 353
46 399
46 417
46 8
46 20
46 43
46 45
46 61
46 80
46 81
46 92
46 104
46 108
46 146
46 155
46 159
46 167
46 186
46 194
46 195
46 201
46 205
46 231
46 234
46 239
46 243
46 296
47 413
47 478
47 495
47 0
47 13
47 33
47 39
47 48
47 62
47 69
47 78
47 94
47 119
47 179
47 185
47 219
47 221
47 248
47 297
48 260
48 268
48 287
48 314
48 327
48 344
48 405
48 6
48 30
48 45
48 47
48 57
48 58
48 61
48 72
48 76
48 80
48 92
48 106
48 112
48 141
48 147
48 148
48 179
48 190
48 229
48 235
48 237
48 298
49 276
49 317
49 25
49 36
49 83
49 90
49 91
49 103
49 113
49 131
49 169
49 192
49 238
49 299
50 431
50 429
50 308
50 300
50 1
50 22
50 34
50 36
50 59
50 66
50 91
50 107
50 110
50 115
50 172
50 179
50 194
50 219
51 447
51 62
51 70
51 91
51 138
51 157
51 161
51 178
51 241
51 301
52 315
52 376
52 414
52 485
52 36
52 39
52 42
52 71
52 83
52 107
52 109
52 117
52 149
52 161
52 172
52 177
52 187
52 209
52 211
52 212
52 213
52 225
52 226
52 234
52 239
52 240
52 302
53 292
53 319
53 352
53 398
53 404
53 444
53 1
53 6
53 57
53 80
53 83
53 84
53 95
53 119
53 135
53 151
53 201
53 204
53 216
53 236
53 247
53 303
54 448
54 431
54 309
54 308
54 15
54 67
54 73
54 82
54 91
54 95
54 120
54 135
54 138
54 147
54 176
54 195
54 226
54 304
55 268
55 355
55 393
55 465
55 33
55 37
55 40
55 41
55 92
55 119
55 130
55 136
55 149
55 154
55 187
55 222
55 224
55 226
55 236
55 248
55 305
56 340
56 352
56 385
56 15
56 40
56 42
56 65
56 97
56 104
56 113
56 117
56 121
56 125
56 141
56 152
56 186
56 194
56 210
56 241
56 243
56 306
57 256
57 327
57 401
57 19
57 22
57 48
57 53
57 60
57 61
57 67
57 80
57 83
57 87
57 91
57 123
57 141
57 147
57 160
57 193
57 199
57 201
57 242
57 307
58 378
58 9
58 21
58 22
58 48
58 61
58 71
58 107
58 113
58 123
58 126
58 159
58 168
58 178
58 180
58 188
58 193
58 202
58 210
58 212
58 223
58 240
58 243
58 308
59 260
59 364
59 383
59 471
59 7
59 21
59 29
59 45
59 50
59 85
59 87
59 97
59 106
59 140
59 147
59 157
59 219
59 247
59 309
60 451
60 448
60 311
60 309
60 20
60 27
60 41
60 57
60 84
60 93
60 127
60 128
60 129
60 141
60 151
60 210
60 230
60 237
60 310
61 273
61 377
61 41
61 46
61 48
61 57
61 58
61 63
61 74
61 82
61 91
61 93
61 100
61 104
61 106
61 113
61 129
61 141
61 149
61 163
61 175
61 177
61 185
61 189
61 195
61 204
61 311
62 310
62 350
62 5
62 13
62 34
62 37
62 47
62 51
62 65
62 70
62 74
62 91
62 108
62 121
62 126
62 137
62 154
62 160
62 163
62 166
62 169
62 189
62 195
62 197
62 210
62 217
62 312
63 258
63 324
63 8
63 13
63 40
63 41
63 43
63 61
63 76
63 81
63 87
63 107
63 119
63 132
63 135
63 148
63 153
63 187
63 198
63 211
63 237
63 243
63 245
63 313
64 298
64 306
64 333
64 38
64 73
64 123
64 125
64 179
64 196
64 203
64 206
64 229
64 230
64 314
65 452
65 451
65 323
65 311
65 22
65 45
65 56
65 62
65 67
65 113
65 161
65 165
65 168
65 193
65 198
65 315
66 326
66 2
66 3
66 9
66 50
66 77
66 93
66 95
66 119
66 127
66 156
66 179
66 203
66 205
66 207
66 228
66 233
66 316
67 332
67 397
67 421
67 3
67 9
67 10
67 38
67 54
67 57
67 65
67 69
67 110
67 114
67 124
67 143
67 163
67 168
67 174
67 205
67 211
67 225
67 226
67 237
67 241
67 317
68 476
68 0
68 39
68 77
68 78
68 122
68 124
68 126
68 149
68 165
68 173
68 181
68 182
68 211
68 244
68 318
69 306
69 412
69 468
69 9
69 13
69 25
69 27
69 47
69 67
69 119
69 132
69 140
69 142
69 162
69 169
69 319
70 359
70 416
70 23
70 51
70 62
70 85
70 89
70 102
70 113
70 158
70 167
70 182
70 198
70 234
70 320
71 320
71 364
71 399
71 433
71 450
71 454
71 460
71 9
71 12
71 36
71 52
71 58
71 103
71 141
71 155
71 172
71 183
71 200
71 203
71 232
71 241
71 321
72 325
72 9
72 15
72 16
72 39
72 48
72 73
72 81
72 97
72 116
72 138
72 186
72 189
72 198
72 210
72 216
72 233
72 322
73 284
73 359
73 477
73 0
73 5
73 9
73 44
73 54
73 64
73 72
73 84
73 90
73 102
73 112
73 125
73 172
73 196
73 198
73 210
73 217
73 323
74 253
74 307
74 387
74 401
74 427
74 474
74 6
74 7
74 30
74 31
74 35
74 42
74 43
74 61
74 62
74 76
74 104
74 122
74 138
74 139
74 149
74 159
74 188
74 191
74 199
74 217
74 230
74 232
74 247
74 249
74 324
75 453
75 452
75 339
75 323
75 8
75 32
75 77
75 102
75 112
75 131
75 133
75 136
75 148
75 170
75 178
75 200
75 213
75 242
75 325
76 306
76 408
76 412
76 459
76 26
76 41
76 43
76 48
76 63
76 74
76 77
76 88
76 95
76 105
76 115
76 117
76 131
76 132
76 142
76 146
76 170
76 172
76 191
76 197
76 206
76 326
77 284
77 24
77 66
77 68
77 75
77 76
77 94
77 112
77 122
77 167
77 172
77 180
77 202
77 218
77 235
77 327
78 336
78 393
78 29
78 47
78 68
78 79
78 101
78 107
78 110
78 166
78 183
78 199
78 238
78 244
78 246
78 328
79 258
79 328
79 414
79 9
79 12
79 18
79 22
79 24
79 42
79 78
79 96
79 98
79 106
79 110
79 117
79 120
79 133
79 135
79 163
79 199
79 206
79 244
79 248
79 329
80 431
80 11
80 13
80 27
80 41
80 45
80 46
80 48
80 53
80 57
80 124
80 126
80 139
80 173
80 183
80 197
80 221
80 222
80 249
80 330
81 254
81 255
81 315
81 332
81 391
81 18
81 34
81 46
81 63
81 72
81 84
81 90
81 109
81 112
81 131
81 135
81 138
81 151
81 170
81 171
81 193
81 198
81 200
81 213
81 222
81 241
81 331
82 433
82 434
82 14
82 16
82 19
82 21
82 27
82 54
82 61
82 89
82 133
82 151
82 168
82 175
82 181
82 188
82 191
82 196
82 200
82 214
82 223
82 244
82 332
83 414
83 2
83 49
83 52
83 53
83 57
83 130
83 135
83 148
83 176
83 191
83 207
83 240
83 243
83 333
84 382
84 478
84 5
84 24
84 53
84 60
84 73
84 81
84 92
84 123
84 124
84 128
84 169
84 184
84 190
84 237
84 334
85 298
85 404
85 0
85 18
85 32
85 59
85 70
85 102
85 111
85 125
85 129
85 171
85 213
85 225
85 241
85 335
86 257
86 3
86 12
86 43
86 87
86 95
86 121
86 125
86 136
86 137
86 139
86 148
86 152
86 156
86 177
86 194
86 223
86 336
87 361
87 460
87 7
87 32
87 39
87 57
87 59
87 63
87 86
87 104
87 113
87 146
87 153
87 162
87 174
87 176
87 191
87 192
87 200
87 216
87 229
87 337
88 318
88 406
88 16
88 34
88 76
88 103
88 109
88 120
88 121
88 170
88 177
88 212
88 216
88 338
89 287
89 313
89 397
89 9
89 33
89 70
89 82
89 100
89 115
89 124
89 130
89 134
89 138
89 179
89 192
89 207
89 213
89 214
89 339
90 280
90 357
90 368
90 398
90 399
90 468
90 15
90 49
90 73
90 81
90 94
90 99
90 128
90 131
90 156
90 175
90 206
90 220
90 221
90 225
90 229
90 234
90 245
90 340
91 359
91 420
91 442
91 460
91 13
91 19
91 29
91 44
91 49
91 50
91 51
91 54
91 57
91 61
91 62
91 101
91 106
91 111
91 150
91 160
91 173
91 187
91 194
91 202
91 213
91 234
91 341
92 283
92 4
92 5
92 6
92 9
92 19
92 24
92 34
92 35
92 43
92 46
92 48
92 55
92 84
92 94
92 102
92 116
92 123
92 133
92 160
92 165
92 167
92 179
92 181
92 201
92 221
92 244
92 342
93 478
93 15
93 36
93 42
93 60
93 61
93 66
93 95
93 129
93 151
93 155
93 160
93 163
93 191
93 193
93 200
93 202
93 217
93 343
94 477
94 10
94 30
94 33
94 38
94 39
94 44
94 47
94 77
94 90
94 92
94 135
94 164
94 172
94 192
94 199
94 204
94 206
94 215
94 216
94 220
94 223
94 227
94 241
94 344
95 384
95 417
95 418
95 426
95 15
95 30
95 53
95 54
95 66
95 76
95 86
95 93
95 103
95 107
95 109
95 119
95 136
95 169
95 175
95 184
95 199
95 219
95 220
95 228
95 242
95 345
96 417
96 419
96 13
96 20
96 24
96 30
96 33
96 43
96 79
96 98
96 113
96 115
96 122
96 123
96 164
96 168
96 176
96 182
96 187
96 200
96 205
96 225
96 233
96 238
96 241
96 244
96 346
97 345
97 4
97 5
97 11
97 38
97 56
97 59
97 72
97 105
97 136
97 144
97 146
97 150
97 151
97 157
97 161
97 211
97 215
97 217
97 224
97 249
97 347
98 465
98 4
98 5
98 16
98 23
98 79
98 96
98 99
98 120
98 132
98 144
98 153
98 172
98 194
98 214
98 239
98 244
98 348
99 335
99 419
99 433
99 2
99 26
99 41
99 42
99 43
99 90
99 98
99 102
99 111
99 126
99 133
99 236
99 349
100 359
100 363
100 482
100 7
100 25
100 27
100 39
100 61
100 89
100 110
100 114
100 159
100 164
100 185
100 196
100 205
100 227
100 230
100 235
100 245
100 350
101 416
101 462
101 2
101 25
101 28
101 78
101 91
101 111
101 113
101 122
101 138
101 160
101 189
101 205
101 207
101 213
101 220
101 351
102 314
102 370
102 401
102 442
102 15
102 18
102 70
102 73
102 75
102 85
102 92
102 99
102 114
102 127
102 144
102 159
102 181
102 193
102 212
102 352
103 313
103 462
103 9
103 18
103 26
103 28
103 49
103 71
103 88
103 95
103 104
103 114
103 121
103 124
103 138
103 152
103 165
103 176
103 191
103 201
103 217
103 233
103 234
103 353
104 279
104 372
104 438
104 488
104 17
104 37
104 46
104 56
104 61
104 74
104 87
104 103
104 161
104 184
104 192
104 195
104 198
104 205
104 231
104 234
104 247
104 354
105 283
105 303
105 2
105 5
105 13
105 30
105 31
105 32
105 76
105 97
105 125
105 148
105 151
105 157
105 163
105 171
105 190
105 227
105 237
105 242
105 355
106 269
106 298
106 350
106 2
106 16
106 19
106 21
106 24
106 48
106 59
106 61
106 79
106 91
106 114
106 134
106 174
106 180
106 181
106 183
106 191
106 229
106 356
107 338
107 483
107 487
107 14
107 16
107 38
107 50
107 52
107 58
107 63
107 78
107 95
107 109
107 129
107 171
107 172
107 186
107 188
107 193
107 218
107 220
107 357
108 317
108 6
108 18
108 27
108 37
108 46
108 62
108 118
108 134
108 358
109 267
109 0
109 18
109 27
109 31
109 37
109 52
109 81
109 88
109 95
109 107
109 114
109 130
109 158
109 161
109 173
109 176
109 180
109 206
109 223
109 224
109 249
109 359
110 298
110 444
110 0
110 4
110 18
110 29
110 44
110 50
110 67
110 78
110 79
110 100
110 143
110 175
110 184
110 201
110 202
110 207
110 210
110 211
110 231
110 235
110 239
110 244
110 249
110 360
111 288
111 2
111 4
111 26
111 34
111 40
111 85
111 91
111 99
111 101
111 129
111 130
111 147
111 164
111 176
111 181
111 211
111 361
112 475
112 17
112 32
112 39
112 48
112 73
112 75
112 77
112 81
112 128
112 138
112 144
112 158
112 165
112 167
112 241
112 245
112 362
113 255
113 267
113 407
113 444
113 16
113 31
113 49
113 56
113 58
113 61
113 65
113 70
113 87
113 96
113 101
113 119
113 121
113 157
113 164
113 178
113 183
113 195
113 208
113 214
113 240
113 363
114 380
114 0
114 3
114 20
114 24
114 29
114 36
114 44
114 67
114 100
114 102
114 103
114 106
114 109
114 135
114 137
114 154
114 156
114 178
114 186
114 190
114 192
114 198
114 217
114 233
114 238
114 247
114 249
114 364
115 305
115 436
115 454
115 3
115 4
115 5
115 30
115 50
115 76
115 89
115 96
115 131
115 134
115 146
115 189
115 200
115 209
115 229
115 230
115 241
115 245
115 246
115 365
116 356
116 391
116 411
116 4
116 22
116 42
116 45
116 72
116 92
116 126
116 131
116 132
116 136
116 146
116 189
116 205
116 366
117 460
117 461
117 3
117 7
117 12
117 38
117 39
117 52
117 56
117 76
117 79
117 178
117 367
118 319
118 447
118 6
118 44
118 108
118 124
118 129
118 141
118 150
118 161
118 167
118 224
118 228
118 368
119 316
119 45
119 47
119 53
119 55
119 63
119 66
119 69
119 95
119 113
119 122
119 134
119 139
119 145
119 161
119 164
119 173
119 174
119 187
119 206
119 207
119 247
119 369
120 285
120 469
120 21
120 23
120 26
120 42
120 54
120 79
120 88
120 98
120 123
120 127
120 129
120 136
120 146
120 162
120 187
120 188
120 221
120 226
120 234
120 370
121 281
121 420
121 466
121 29
121 35
121 56
121 62
121 86
121 88
121 103
121 113
121 122
121 126
121 131
121 159
121 186
121 187
121 190
121 191
121 209
121 215
121 241
121 371
122 299
122 416
122 4
122 37
122 39
122 68
122 74
122 77
122 96
122 101
122 119
122 121
122 129
122 134
122 155
122 169
122 173
122 174
122 175
122 183
122 197
122 211
122 245
122 246
122 372
123 381
123 29
123 39
123 40
123 57
123 58
123 64
123 84
123 92
123 96
123 120
123 142
123 146
123 175
123 179
123 191
123 193
123 214
123 221
123 246
123 373
124 281
124 330
124 405
124 454
124 2
124 40
124 43
124 67
124 68
124 80
124 84
124 89
124 103
124 118
124 127
124 154
124 165
124 203
124 205
124 216
124 221
124 374
125 250
125 375
125 1
125 17
125 24
125 44
125 56
125 64
125 73
125 85
125 86
125 105
125 151
125 152
125 156
125 177
125 193
125 207
125 218
125 220
125 239
126 333
126 12
126 28
126 58
126 62
126 68
126 80
126 99
126 116
126 121
126 133
126 134
126 156
126 171
126 173
126 174
126 190
126 211
126 220
126 246
126 376
127 275
127 293
127 299
127 358
127 390
127 462
127 3
127 17
127 24
127 44
127 60
127 66
127 102
127 120
127 124
127 164
127 168
127 172
127 192
127 206
127 216
127 224
127 244
127 377
128 331
128 430
128 456
128 36
128 60
128 84
128 90
128 112
128 137
128 148
128 212
128 225
128 231
128 249
128 378
129 400
129 15
129 29
129 39
129 40
129 60
129 61
129 85
129 93
129 107
129 111
129 118
129 120
129 122
129 215
129 217
129 245
129 248
129 379
130 467
130 1
130 3
130 6
130 7
130 19
130 22
130 34
130 55
130 83
130 89
130 109
130 111
130 137
130 153
130 177
130 184
130 228
130 380
131 266
131 359
131 391
131 6
131 10
131 12
131 18
131 49
131 75
131 76
131 81
131 90
131 115
131 116
131 121
131 161
131 175
131 176
131 228
131 242
131 381
132 345
132 424
132 2
132 4
132 15
132 31
132 63
132 69
132 76
132 98
132 116
132 181
132 189
132 191
132 194
132 219
132 222
132 232
132 382
133 458
133 453
133 341
133 339
133 28
133 75
133 79
133 82
133 92
133 99
133 126
133 154
133 162
133 164
133 172
133 182
133 202
133 204
133 220
133 241
133 245
133 383
134 463
134 458
134 343
134 341
134 8
134 16
134 18
134 22
134 89
134 106
134 108
134 115
134 119
134 122
134 126
134 135
134 141
134 145
134 148
134 174
134 181
134 201
134 205
134 210
134 239
134 384
135 314
135 347
135 0
135 20
135 24
135 31
135 45
135 53
135 54
135 63
135 79
135 81
135 83
135 94
135 114
135 134
135 141
135 152
135 175
135 182
135 205
135 228
135 385
136 410
136 419
136 9
136 22
136 23
136 31
136 40
136 55
136 75
136 86
136 95
136 97
136 116
136 120
136 164
136 165
136 174
136 180
136 183
136 197
136 204
136 206
136 225
136 246
136 386
137 485
137 37
137 62
137 86
137 114
137 128
137 130
137 143
137 149
137 168
137 170
137 172
137 184
137 200
137 202
137 227
137 240
137 387
138 277
138 317
138 412
138 12
138 22
138 39
138 51
138 54
138 72
138 74
138 81
138 89
138 101
138 103
138 112
138 152
138 173
138 180
138 183
138 189
138 190
138 206
138 209
138 213
138 388
139 251
139 302
139 474
139 16
139 74
139 80
139 86
139 119
139 143
139 152
139 156
139 163
139 170
139 174
139 195
139 198
139 213
139 218
139 225
139 229
139 236
139 243
139 389
140 301
140 417
140 13
140 23
140 59
140 69
140 144
140 150
140 170
140 172
140 203
140 242
140 390
141 430
141 12
141 23
141 26
141 48
141 56
141 57
141 60
141 61
141 71
141 118
141 134
141 135
141 148
141 175
141 176
141 179
141 187
141 191
141 235
141 242
141 391
142 288
142 430
142 69
142 76
142 123
142 144
142 150
142 200
142 221
142 222
142 225
142 239
142 392
143 279
143 350
143 381
143 19
143 23
143 25
143 43
143 67
143 110
143 137
143 139
143 150
143 152
143 166
143 192
143 193
143 195
143 213
143 214
143 222
143 241
143 243
143 393
144 301
144 314
144 315
144 441
144 495
144 12
144 18
144 20
144 27
144 30
144 31
144 97
144 98
144 102
144 112
144 140
144 142
144 148
144 174
144 214
144 229
144 240
144 249
144 394
145 468
145 495
145 25
145 33
145 119
145 134
145 149
145 152
145 209
145 211
145 245
145 395
146 470
146 463
146 346
146 343
146 41
146 46
146 76
146 87
146 97
146 115
146 116
146 120
146 123
146 149
146 158
146 161
146 188
146 194
146 241
146 242
146 247
146 396
147 367
147 396
147 443
147 5
147 30
147 36
147 38
147 44
147 48
147 54
147 57
147 59
147 111
147 171
147 212
147 235
147 242
147 397
148 472
148 470
148 365
148 346
148 4
148 28
148 48
148 63
148 75
148 83
148 86
148 105
148 128
148 134
148 141
148 144
148 157
148 158
148 174
148 176
148 243
148 247
148 248
148 249
148 398
149 479
149 472
149 373
149 365
149 7
149 14
149 34
149 43
149 52
149 55
149 61
149 68
149 74
149 137
149 145
149 146
149 162
149 232
149 399
150 473
150 477
150 11
150 14
150 20
150 23
150 24
150 37
150 91
150 97
150 118
150 140
150 142
150 143
150 167
150 177
150 199
150 215
150 222
150 240
150 400
151 291
151 362
151 443
151 459
151 5
151 10
151 53
151 60
151 81
151 82
151 93
151 97
151 105
151 125
151 153
151 158
151 160
151 164
151 184
151 218
151 243
151 247
151 401
152 268
152 281
152 371
152 473
152 8
152 9
152 13
152 31
152 56
152 86
152 103
152 125
152 135
152 138
152 139
152 143
152 145
152 154
152 164
152 175
152 177
152 223
152 240
152 248
152 402
153 315
153 369
153 392
153 480
153 2
153 3
153 6
153 63
153 87
153 98
153 130
153 151
153 206
153 207
153 210
153 211
153 213
153 226
153 403
154 259
154 490
154 3
154 16
154 21
154 24
154 42
154 55
154 62
154 114
154 124
154 133
154 152
154 170
154 194
154 200
154 205
154 207
154 212
154 226
154 228
154 241
154 404
155 335
155 370
155 374
155 19
155 23
155 34
155 42
155 43
155 46
155 71
155 93
155 122
155 192
155 216
155 246
155 405
156 481
156 479
156 377
156 373
156 0
156 9
156 11
156 14
156 40
156 66
156 86
156 90
156 114
156 125
156 126
156 139
156 175
156 176
156 195
156 197
156 210
156 406
157 256
157 269
157 301
157 322
157 326
157 432
157 496
157 16
157 32
157 38
157 51
157 59
157 97
157 105
157 113
157 148
157 159
157 170
157 173
157 181
157 217
157 221
157 225
157 235
157 407
158 360
158 474
158 70
158 109
158 112
158 146
158 148
158 151
158 207
158 217
158 234
158 241
158 408
159 303
159 410
159 4
159 8
159 10
159 40
159 43
159 46
159 58
159 74
159 100
159 102
159 121
159 157
159 170
159 209
159 216
159 226
159 235
159 240
159 409
160 467
160 21
160 32
160 34
160 57
160 62
160 91
160 92
160 93
160 101
160 151
160 176
160 179
160 182
160 185
160 191
160 224
160 225
160 234
160 238
160 410
161 269
161 336
161 375
161 388
161 454
161 9
161 14
161 16
161 51
161 52
161 65
161 97
161 104
161 109
161 118
161 119
161 131
161 146
161 165
161 176
161 209
161 211
161 224
161 411
162 435
162 465
162 488
162 6
162 10
162 19
162 31
162 38
162 69
162 87
162 120
162 133
162 149
162 177
162 230
162 231
162 244
162 412
163 273
163 28
163 61
163 62
163 67
163 79
163 93
163 105
163 139
163 168
163 172
163 185
163 189
163 195
163 208
163 235
163 242
163 247
163 413
164 334
164 465
164 477
164 2
164 6
164 13
164 16
164 40
164 94
164 96
164 100
164 111
164 113
164 119
164 127
164 133
164 136
164 151
164 152
164 186
164 193
164 194
164 205
164 209
164 240
164 241
164 414
165 481
165 17
165 23
165 27
165 42
165 65
165 68
165 92
165 103
165 112
165 124
165 136
165 161
165 195
165 197
165 202
165 208
165 210
165 240
165 415
166 269
166 282
166 490
166 12
166 13
166 14
166 17
166 22
166 62
166 78
166 143
166 187
166 219
166 229
166 416
167 329
167 347
167 476
167 10
167 14
167 38
167 46
167 70
167 77
167 92
167 112
167 118
167 150
167 178
167 224
167 234
167 417
168 482
168 5
168 6
168 22
168 24
168 26
168 41
168 58
168 65
168 67
168 82
168 96
168 127
168 137
168 163
168 177
168 181
168 189
168 200
168 201
168 214
168 215
168 221
168 242
168 418
169 269
169 271
169 294
169 329
169 8
169 34
169 45
169 49
169 62
169 69
169 84
169 95
169 122
169 174
169 196
169 419
170 281
170 422
170 439
170 483
170 24
170 25
170 34
170 35
170 36
170 37
170 45
170 75
170 76
170 81
170 88
170 137
170 139
170 140
170 154
170 157
170 159
170 186
170 204
170 205
170 210
170 242
170 247
170 420
171 294
171 326
171 379
171 10
171 16
171 18
171 81
171 85
171 105
171 107
171 126
171 147
171 172
171 183
171 190
171 208
171 421
172 263
172 7
172 11
172 20
172 29
172 32
172 37
172 45
172 50
172 52
172 71
172 73
172 76
172 77
172 94
172 98
172 107
172 127
172 133
172 137
172 140
172 163
172 171
172 182
172 184
172 186
172 215
172 222
172 231
172 244
172 247
172 249
172 422
173 310
173 364
173 449
173 465
173 484
173 1
173 3
173 9
173 32
173 68
173 80
173 91
173 109
173 119
173 122
173 126
173 138
173 157
173 184
173 218
173 223
173 225
173 229
173 244
173 246
173 423
174 349
174 425
174 446
174 3
174 15
174 26
174 31
174 32
174 67
174 87
174 106
174 119
174 122
174 126
174 134
174 136
174 139
174 144
174 148
174 169
174 178
174 181
174 219
174 244
174 424
175 270
175 281
175 402
175 449
175 10
175 24
175 41
175 61
175 82
175 90
175 95
175 110
175 122
175 123
175 131
175 135
175 141
175 152
175 156
175 180
175 181
175 188
175 195
175 207
175 211
175 223
175 234
175 425
176 302
176 337
176 358
176 414
176 9
176 13
176 21
176 38
176 54
176 83
176 87
176 96
176 103
176 109
176 111
176 131
176 141
176 148
176 156
176 160
176 161
176 193
176 219
176 233
176 235
176 243
176 426
177 254
177 351
177 487
177 15
177 30
177 52
177 61
177 86
177 88
177 125
177 130
177 150
177 152
177 162
177 168
177 178
177 202
177 210
177 231
177 248
177 427
178 284
178 310
178 419
178 422
178 495
178 51
178 58
178 75
178 113
178 114
178 117
178 167
178 174
178 177
178 181
178 228
178 428
179 253
179 276
179 405
179 487
179 0
179 27
179 39
179 47
179 48
179 50
179 64
179 66
179 89
179 92
179 123
179 141
179 160
179 182
179 204
179 220
179 429
180 352
180 439
180 1
180 20
180 45
180 58
180 77
180 106
180 109
180 136
180 138
180 175
180 198
180 199
180 206
180 231
180 232
180 430
181 381
181 397
181 412
181 462
181 488
181 499
181 0
181 36
181 45
181 68
181 82
181 92
181 102
181 106
181 111
181 132
181 134
181 157
181 168
181 174
181 175
181 178
181 192
181 198
181 207
181 214
181 224
181 230
181 247
181 431
182 286
182 294
182 338
182 19
182 34
182 41
182 68
182 70
182 96
182 133
182 135
182 160
182 172
182 179
182 186
182 221
182 241
182 247
182 432
183 386
183 20
183 40
183 71
183 78
183 80
183 106
183 113
183 122
183 136
183 138
183 171
183 185
183 191
183 216
183 234
183 236
183 433
184 486
184 481
184 378
184 377
184 84
184 95
184 104
184 110
184 130
184 137
184 151
184 172
184 173
184 234
184 247
184 434
185 260
185 283
185 489
185 0
185 30
185 47
185 61
185 100
185 160
185 163
185 183
185 207
185 218
185 435
186 309
186 2
186 30
186 31
186 40
186 46
186 56
186 72
186 107
186 114
186 121
186 164
186 170
186 172
186 182
186 210
186 247
186 436
187 393
187 2
187 13
187 27
187 28
187 31
187 35
187 36
187 52
187 55
187 63
187 91
187 96
187 119
187 120
187 121
187 141
187 166
187 202
187 225
187 233
187 237
187 243
187 437
188 271
188 275
188 313
188 383
188 465
188 4
188 7
188 9
188 21
188 22
188 24
188 41
188 58
188 74
188 82
188 107
188 120
188 146
188 175
188 191
188 214
188 219
188 226
188 231
188 235
188 240
188 242
188 243
188 438
189 353
189 447
189 474
189 23
189 61
189 62
189 72
189 101
189 115
189 116
189 132
189 138
189 163
189 168
189 218
189 225
189 439
190 323
190 28
190 29
190 48
190 84
190 105
190 114
190 121
190 126
190 138
190 171
190 208
190 226
190 239
190 247
190 440
191 261
191 336
191 358
191 74
191 76
191 82
191 83
191 87
191 93
191 103
191 106
191 121
191 123
191 132
191 141
191 160
191 183
191 188
191 202
191 204
191 239
191 441
192 283
192 305
192 366
192 14
192 19
192 29
192 49
192 87
192 89
192 94
192 104
192 114
192 127
192 143
192 155
192 181
192 209
192 229
192 233
192 237
192 442
193 313
193 367
193 382
193 3
193 10
193 15
193 17
193 23
193 43
193 57
193 58
193 65
193 81
193 93
193 102
193 107
193 123
193 125
193 143
193 164
193 176
193 214
193 246
193 443
194 315
194 356
194 496
194 13
194 37
194 45
194 46
194 50
194 56
194 86
194 91
194 98
194 132
194 146
194 154
194 164
194 205
194 206
194 218
194 229
194 233
194 444
195 413
195 445
195 461
195 466
195 5
195 17
195 29
195 33
195 43
195 46
195 54
195 61
195 62
195 104
195 113
195 139
195 143
195 156
195 163
195 165
195 175
195 198
195 225
195 237
195 243
196 397
196 398
196 0
196 6
196 12
196 17
196 19
196 21
196 27
196 33
196 41
196 64
196 73
196 82
196 100
196 169
196 199
196 201
196 229
196 241
196 446
197 276
197 301
197 423
197 496
197 17
197 21
197 27
197 62
197 76
197 80
197 122
197 136
197 156
197 165
197 213
197 222
197 239
197 247
197 447
198 263
198 275
198 302
198 351
198 424
198 492
198 15
198 18
198 63
198 65
198 70
198 72
198 73
198 81
198 104
198 114
198 139
198 180
198 181
198 195
198 203
198 223
198 448
199 250
199 337
199 457
199 7
199 9
199 14
199 17
199 21
199 22
199 25
199 35
199 57
199 74
199 78
199 79
199 94
199 95
199 150
199 180
199 196
199 203
199 216
199 225
199 232
199 247
199 449
200 253
200 282
200 402
200 404
200 1
200 36
200 71
200 75
200 81
200 82
200 87
200 93
200 96
200 115
200 137
200 142
200 154
200 168
200 203
200 206
200 222
200 248
200 450
201 384
201 12
201 16
201 19
201 28
201 44
201 46
201 53
201 57
201 92
201 103
201 110
201 134
201 168
201 196
201 214
201 218
201 242
201 451
202 323
202 3
202 35
202 58
202 77
202 91
202 93
202 110
202 133
202 137
202 165
202 177
202 187
202 191
202 452
203 267
203 297
203 364
203 495
203 7
203 64
203 66
203 71
203 124
203 140
203 198
203 199
203 200
203 206
203 214
203 219
203 231
203 453
204 253
204 265
204 357
204 362
204 370
204 461
204 492
204 10
204 26
204 39
204 42
204 43
204 45
204 53
204 61
204 94
204 133
204 136
204 170
204 179
204 191
204 210
204 224
204 232
204 454
205 331
205 436
205 1
205 3
205 36
205 46
205 66
205 67
205 96
205 100
205 101
205 104
205 116
205 124
205 134
205 135
205 154
205 164
205 170
205 194
205 209
205 231
205 232
205 455
206 383
206 425
206 496
206 0
206 64
206 76
206 79
206 90
206 94
206 109
206 119
206 127
206 136
206 138
206 153
206 180
206 194
206 200
206 203
206 216
206 217
206 219
206 242
206 456
207 354
207 438
207 16
207 34
207 35
207 66
207 83
207 89
207 101
207 110
207 119
207 125
207 153
207 154
207 158
207 175
207 181
207 185
207 221
207 223
207 227
207 240
207 457
208 485
208 113
208 163
208 165
208 171
208 190
208 221
208 235
208 245
208 458
209 491
209 486
209 380
209 378
209 11
209 24
209 25
209 28
209 32
209 36
209 52
209 115
209 121
209 138
209 145
209 159
209 161
209 164
209 192
209 205
209 215
209 459
210 334
210 342
210 410
210 420
210 7
210 20
210 39
210 56
210 58
210 60
210 62
210 72
210 73
210 110
210 134
210 153
210 156
210 165
210 170
210 177
210 186
210 204
210 217
210 239
210 460
211 492
211 16
211 17
211 26
211 30
211 33
211 52
211 63
211 67
211 68
211 97
211 110
211 111
211 122
211 126
211 145
211 153
211 161
211 175
211 248
211 461
212 294
212 295
212 353
212 1
212 9
212 37
212 38
212 43
212 52
212 58
212 88
212 102
212 128
212 147
212 154
212 214
212 230
212 246
212 462
213 398
213 409
213 461
213 465
213 44
213 45
213 52
213 75
213 81
213 85
213 89
213 91
213 101
213 138
213 139
213 143
213 153
213 197
213 221
213 238
213 241
213 249
213 463
214 359
214 459
214 460
214 11
214 25
214 82
214 89
214 98
214 113
214 123
214 143
214 144
214 168
214 181
214 188
214 193
214 201
214 203
214 212
214 220
214 232
214 233
214 238
214 239
214 464
215 253
215 317
215 367
215 460
215 22
215 44
215 94
215 97
215 121
215 129
215 150
215 168
215 172
215 209
215 225
215 230
215 241
215 242
215 465
216 256
216 418
216 433
216 11
216 28
216 30
216 34
216 37
216 41
216 53
216 72
216 87
216 88
216 94
216 124
216 127
216 155
216 159
216 183
216 199
216 206
216 466
217 374
217 399
217 497
217 25
217 62
217 73
217 74
217 93
217 97
217 103
217 114
217 129
217 157
217 158
217 206
217 210
217 225
217 235
217 246
217 248
217 467
218 385
218 4
218 9
218 28
218 38
218 77
218 107
218 125
218 139
218 151
218 173
218 185
218 189
218 194
218 201
218 227
218 239
218 468
219 370
219 403
219 411
219 16
219 35
219 36
219 39
219 41
219 47
219 50
219 59
219 95
219 132
219 166
219 174
219 176
219 188
219 203
219 206
219 225
219 469
220 437
220 467
220 0
220 3
220 38
220 43
220 90
220 94
220 95
220 101
220 107
220 125
220 126
220 133
220 179
220 214
220 236
220 470
221 415
221 475
221 5
221 28
221 39
221 40
221 47
221 80
221 90
221 92
221 120
221 123
221 124
221 142
221 157
221 168
221 182
221 207
221 208
221 213
221 245
221 471
222 254
222 303
222 371
222 434
222 55
222 80
222 81
222 132
222 142
222 143
222 150
222 172
222 197
222 200
222 239
222 472
223 465
223 5
223 28
223 33
223 58
223 82
223 86
223 94
223 109
223 152
223 173
223 175
223 198
223 207
223 234
223 245
223 473
224 318
224 464
224 55
224 97
224 109
224 118
224 127
224 160
224 161
224 167
224 181
224 204
224 225
224 232
224 241
224 243
224 248
224 474
225 255
225 283
225 412
225 435
225 485
225 2
225 29
225 41
225 52
225 67
225 85
225 90
225 96
225 128
225 136
225 139
225 142
225 157
225 160
225 173
225 187
225 189
225 195
225 199
225 215
225 217
225 219
225 224
225 240
225 475
226 277
226 12
226 15
226 18
226 39
226 52
226 54
226 55
226 67
226 120
226 153
226 154
226 159
226 188
226 190
226 476
227 439
227 457
227 471
227 475
227 482
227 13
227 94
227 100
227 105
227 137
227 207
227 218
227 477
228 415
228 438
228 20
228 26
228 33
228 66
228 95
228 118
228 130
228 131
228 135
228 154
228 178
228 478
229 295
229 459
229 2
229 8
229 19
229 42
229 48
229 64
229 87
229 90
229 106
229 115
229 139
229 144
229 166
229 173
229 192
229 194
229 196
229 247
229 249
229 479
230 499
230 491
230 386
230 380
230 13
230 27
230 35
230 60
230 64
230 74
230 100
230 115
230 162
230 181
230 212
230 215
230 242
230 480
231 311
231 46
231 104
231 110
231 128
231 162
231 172
231 177
231 180
231 188
231 203
231 205
231 246
231 481
232 281
232 450
232 7
232 40
232 71
232 74
232 132
232 149
232 180
232 199
232 204
232 205
232 214
232 224
232 237
232 482
233 356
233 360
233 488
233 498
233 6
233 15
233 28
233 31
233 35
233 39
233 66
233 72
233 96
233 103
233 114
233 176
233 187
233 192
233 194
233 214
233 237
233 239
233 483
234 289
234 325
234 345
234 434
234 487
234 3
234 19
234 20
234 21
234 23
234 30
234 46
234 52
234 70
234 90
234 91
234 103
234 104
234 120
234 158
234 160
234 167
234 175
234 183
234 184
234 223
234 247
234 484
235 274
235 324
235 356
235 487
235 42
235 48
235 77
235 100
235 110
235 141
235 147
235 157
235 159
235 163
235 176
235 188
235 208
235 217
235 246
235 485
236 256
236 446
236 12
236 23
236 34
236 53
236 55
236 99
236 139
236 183
236 220
236 245
236 486
237 475
237 28
237 34
237 43
237 48
237 60
237 63
237 67
237 84
237 105
237 187
237 192
237 195
237 232
237 233
237 247
237 487
238 299
238 482
238 484
238 11
238 12
238 32
238 33
238 49
238 78
238 96
238 114
238 160
238 213
238 214
238 488
239 293
239 400
239 454
239 8
239 21
239 41
239 46
239 52
239 98
239 110
239 125
239 134
239 142
239 190
239 191
239 197
239 210
239 214
239 218
239 222
239 233
239 245
239 489
240 268
240 283
240 348
240 414
240 438
240 485
240 12
240 52
240 58
240 83
240 113
240 137
240 144
240 150
240 152
240 159
240 164
240 165
240 188
240 207
240 225
240 490
241 335
241 4
241 5
241 8
241 14
241 18
241 22
241 37
241 51
241 56
241 67
241 71
241 81
241 85
241 94
241 96
241 112
241 115
241 121
241 133
241 143
241 146
241 154
241 158
241 164
241 182
241 196
241 213
241 215
241 224
241 246
241 491
242 284
242 417
242 20
242 40
242 44
242 57
242 75
242 95
242 105
242 131
242 140
242 141
242 146
242 147
242 163
242 168
242 170
242 188
242 201
242 206
242 215
242 230
242 247
242 492
243 286
243 305
243 350
243 394
243 417
243 3
243 7
243 24
243 42
243 46
243 56
243 58
243 63
243 83
243 139
243 143
243 148
243 151
243 176
243 187
243 188
243 195
243 224
243 244
243 493
244 362
244 1
244 3
244 14
244 31
244 68
244 78
244 79
244 82
244 92
244 96
244 98
244 110
244 127
244 162
244 172
244 173
244 174
244 243
244 494
245 285
245 320
245 471
245 475
245 29
245 30
245 31
245 40
245 63
245 90
245 100
245 112
245 115
245 122
245 129
245 133
245 145
245 208
245 221
245 223
245 236
245 239
245 495
246 251
246 289
246 16
246 32
246 33
246 78
246 115
246 122
246 123
246 126
246 136
246 155
246 173
246 193
246 212
246 217
246 231
246 235
246 241
246 496
247 316
247 371
247 17
247 19
247 23
247 53
247 59
247 74
247 104
247 114
247 119
247 146
247 148
247 151
247 163
247 170
247 172
247 181
247 182
247 184
247 186
247 190
247 197
247 199
247 229
247 234
247 237
247 242
247 497
248 265
248 366
248 376
248 383
248 459
248 8
248 10
248 11
248 13
248 29
248 47
248 55
248 79
248 129
248 148
248 152
248 177
248 200
248 211
248 217
248 224
248 498
249 334
249 439
249 488
249 21
249 35
249 74
249 80
249 97
249 109
249 110
249 114
249 128
249 144
249 148
249 172
249 213
249 229
249 499
250 7
250 37
250 125
250 199
250 0
251 139
251 246
251 1
252 3
252 2
253 13
253 74
253 179
253 200
253 204
253 215
253 3
254 81
254 177
254 222
254 4
255 81
255 113
255 225
255 5
256 34
256 57
256 157
256 216
256 236
256 6
257 13
257 86
257 7
258 63
258 79
258 8
259 5
259 154
259 9
260 48
260 59
260 185
260 10
261 191
261 11
262 19
262 12
263 172
263 198
263 13
264 7
264 24
264 14
265 6
265 204
265 248
265 15
266 131
266 16
267 6
267 34
267 109
267 113
267 203
267 17
268 48
268 55
268 152
268 240
268 18
269 106
269 157
269 161
269 166
269 169
269 19
270 175
270 20
271 169
271 188
271 21
272 9
272 10
272 22
273 61
273 163
273 23
274 14
274 235
274 24
275 29
275 127
275 188
275 198
275 25
276 49
276 179
276 197
276 26
277 27
277 138
277 226
278 46
278 28
279 104
279 143
279 29
280 27
280 90
280 30
281 18
281 38
281 121
281 124
281 152
281 170
281 175
281 232
281 31
282 166
282 200
282 32
283 92
283 105
283 185
283 192
283 225
283 240
283 33
284 35
284 73
284 77
284 178
284 242
284 34
285 120
285 245
285 35
286 182
286 243
286 36
287 48
287 89
287 37
288 111
288 142
288 38
289 4
289 38
289 234
289 246
289 39
290 3
290 11
290 40
291 151
291 41
292 18
292 53
292 42
293 127
293 239
293 43
294 169
294 171
294 182
294 212
294 44
295 212
295 229
295 45
296 11
296 32
296 46
297 203
297 47
298 64
298 85
298 106
298 110
298 48
299 8
299 122
299 127
299 238
299 49
300 22
300 32
300 50
301 2
301 140
301 144
301 157
301 197
301 51
302 139
302 176
302 198
302 52
303 105
303 159
303 222
303 53
304 26
304 54
305 115
305 192
305 243
305 55
306 64
306 69
306 76
306 56
307 74
307 57
308 50
308 54
308 58
309 54
309 60
309 186
309 59
310 62
310 173
310 178
310 60
311 60
311 65
311 231
311 61
312 37
312 41
312 62
313 89
313 103
313 188
313 193
313 63
314 48
314 102
314 135
314 144
314 64
315 36
315 52
315 81
315 144
315 153
315 194
315 65
316 119
316 247
316 66
317 36
317 45
317 49
317 108
317 138
317 215
317 67
318 10
318 88
318 224
318 68
319 12
319 53
319 118
319 69
320 71
320 245
320 70
321 16
321 46
321 71
322 20
322 40
322 157
322 72
323 65
323 75
323 190
323 202
323 73
324 10
324 63
324 235
324 74
325 72
325 234
325 75
326 66
326 157
326 171
326 76
327 48
327 57
327 77
328 79
328 78
329 167
329 169
329 79
330 124
330 80
331 128
331 205
331 81
332 31
332 67
332 81
332 82
333 64
333 126
333 83
334 164
334 210
334 249
334 84
335 43
335 99
335 155
335 241
335 85
336 78
336 161
336 191
336 86
337 33
337 35
337 176
337 199
337 87
338 107
338 182
338 88
339 19
339 75
339 133
339 89
340 56
340 90
341 133
341 134
341 91
342 210
342 92
343 134
343 146
343 93
344 48
344 94
345 97
345 132
345 234
345 95
346 146
346 148
346 96
347 135
347 167
347 97
348 17
348 240
348 98
349 0
349 174
349 99
350 31
350 62
350 106
350 143
350 243
350 100
351 5
351 177
351 198
351 101
352 18
352 23
352 33
352 53
352 56
352 180
352 102
353 46
353 189
353 212
353 103
354 207
354 104
355 55
355 105
356 116
356 194
356 233
356 235
356 106
357 90
357 204
357 107
358 9
358 127
358 176
358 191
358 108
359 70
359 73
359 91
359 100
359 131
359 214
359 109
360 158
360 233
360 110
361 41
361 87
361 111
362 151
362 204
362 244
362 112
363 40
363 100
363 113
364 59
364 71
364 173
364 203
364 114
365 148
365 149
365 115
366 192
366 248
366 116
367 147
367 193
367 215
367 117
368 26
368 90
368 118
369 153
369 119
370 102
370 155
370 204
370 219
370 120
371 152
371 222
371 247
371 121
372 104
372 122
373 149
373 156
373 123
374 155
374 217
374 124
375 125
375 161
376 7
376 23
376 52
376 248
376 126
377 61
377 156
377 184
377 127
378 58
378 184
378 209
378 128
379 171
379 129
380 114
380 209
380 230
380 130
381 5
381 123
381 143
381 181
381 131
382 84
382 193
382 132
383 14
383 59
383 188
383 206
383 248
383 133
384 95
384 201
384 134
385 9
385 33
385 56
385 218
385 135
386 3
386 183
386 230
386 136
387 74
387 137
388 161
388 138
389 2
389 139
390 127
390 140
391 30
391 81
391 116
391 131
391 141
392 153
392 142
393 28
393 42
393 55
393 78
393 187
393 143
394 36
394 243
394 144
395 3
395 11
395 145
396 147
396 146
397 67
397 89
397 181
397 196
397 147
398 53
398 90
398 196
398 213
398 148
399 46
399 71
399 90
399 217
399 149
400 129
400 239
400 150
401 57
401 74
401 102
401 151
402 15
402 27
402 175
402 200
402 152
403 219
403 153
404 0
404 53
404 85
404 200
404 154
405 42
405 48
405 124
405 179
405 155
406 88
406 156
407 24
407 113
407 157
408 18
408 34
408 45
408 76
408 158
409 213
409 159
410 136
410 159
410 210
410 160
411 29
411 116
411 219
411 161
412 69
412 76
412 138
412 181
412 225
412 162
413 47
413 195
413 163
414 0
414 52
414 79
414 83
414 176
414 240
414 164
415 221
415 228
415 165
416 70
416 101
416 122
416 166
417 18
417 46
417 95
417 96
417 140
417 242
417 243
417 167
418 95
418 216
418 168
419 31
419 96
419 99
419 136
419 178
419 169
420 91
420 121
420 210
420 170
421 44
421 67
421 171
422 33
422 170
422 178
422 172
423 39
423 197
423 173
424 31
424 132
424 198
424 174
425 4
425 174
425 206
425 175
426 12
426 43
426 95
426 176
427 0
427 74
427 177
428 11
428 32
428 178
429 32
429 50
429 179
430 128
430 141
430 142
430 180
431 50
431 54
431 80
431 181
432 28
432 157
432 182
433 71
433 82
433 99
433 216
433 183
434 82
434 222
434 234
434 184
435 38
435 162
435 225
435 185
436 17
436 27
436 36
436 115
436 205
436 186
437 37
437 220
437 187
438 104
438 207
438 228
438 240
438 188
439 23
439 170
439 180
439 227
439 249
439 189
440 14
440 190
441 31
441 144
441 191
442 91
442 102
442 192
443 20
443 147
443 151
443 193
444 26
444 53
444 110
444 113
444 194
445 195
446 174
446 236
446 196
447 51
447 118
447 189
447 197
448 54
448 60
448 198
449 173
449 175
449 199
450 71
450 232
450 200
451 60
451 65
451 201
452 65
452 75
452 202
453 75
453 133
453 203
454 17
454 37
454 71
454 115
454 124
454 161
454 239
454 204
455 5
455 20
455 205
456 6
456 128
456 206
457 199
457 227
457 207
458 133
458 134
458 208
459 76
459 151
459 214
459 229
459 248
459 209
460 71
460 87
460 91
460 117
460 214
460 215
460 210
461 117
461 195
461 204
461 213
461 211
462 101
462 103
462 127
462 181
462 212
463 134
463 146
463 213
464 224
464 214
465 55
465 98
465 162
465 164
465 173
465 188
465 213
465 223
465 215
466 121
466 195
466 216
467 37
467 130
467 160
467 220
467 217
468 69
468 90
468 145
468 218
469 120
469 219
470 146
470 148
470 220
471 59
471 227
471 245
471 221
472 148
472 149
472 222
473 25
473 150
473 152
473 223
474 74
474 139
474 158
474 189
474 224
475 112
475 221
475 227
475 237
475 245
475 225
476 33
476 68
476 167
476 226
477 17
477 73
477 94
477 150
477 164
477 227
478 47
478 84
478 93
478 228
479 149
479 156
479 229
480 153
480 230
481 156
481 165
481 184
481 231
482 100
482 168
482 227
482 238
482 232
483 107
483 170
483 233
484 173
484 238
484 234
485 21
485 52
485 137
485 208
485 225
485 240
485 235
486 184
486 209
486 236
487 107
487 177
487 179
487 234
487 235
487 237
488 104
488 162
488 181
488 233
488 249
488 238
489 1
489 185
489 239
490 154
490 166
490 240
491 209
491 230
491 241
492 198
492 204
492 211
492 242
493 41
493 243
494 31
494 244
495 39
495 47
495 144
495 145
495 178
495 203
495 245
496 157
496 194
496 197
496 206
496 246
497 217
497 247
498 233
498 248
499 26
499 38
499 181
499 230
499 249
