  200   1160
0 128
0 133
0 144
0 169
0 177
0 3
0 8
0 44
0 46
0 72
0 77
0 83
0 85
0 95
0 99
0 100
1 110
1 112
1 155
1 2
1 16
1 29
1 46
1 59
1 66
1 76
1 84
1 101
2 105
2 106
2 108
2 121
2 161
2 179
2 191
2 1
2 10
2 12
2 48
2 76
2 78
2 102
3 105
3 120
3 125
3 139
3 145
3 149
3 166
3 182
3 198
3 0
3 12
3 24
3 42
3 55
3 56
3 61
3 66
3 68
3 94
3 97
3 103
4 100
4 111
4 122
4 148
4 149
4 163
4 171
4 174
4 176
4 183
4 186
4 193
4 198
4 22
4 27
4 43
4 49
4 77
4 79
4 88
4 104
5 112
5 114
5 116
5 123
5 136
5 151
5 156
5 158
5 24
5 28
5 36
5 43
5 59
5 65
5 80
5 95
5 105
6 179
6 180
6 10
6 13
6 23
6 31
6 44
6 50
6 51
6 52
6 54
6 61
6 64
6 79
6 106
7 104
7 112
7 119
7 134
7 138
7 168
7 190
7 26
7 58
7 73
7 78
7 82
7 91
7 107
8 116
8 123
8 143
8 149
8 150
8 153
8 191
8 0
8 15
8 16
8 18
8 24
8 58
8 83
8 85
8 108
9 101
9 134
9 155
9 181
9 189
9 194
9 199
9 34
9 59
9 77
9 79
9 80
9 81
9 85
9 109
10 116
10 128
10 140
10 148
10 181
10 183
10 2
10 6
10 12
10 34
10 39
10 47
10 54
10 57
10 64
10 81
10 110
11 128
11 132
11 140
11 154
11 166
11 172
11 177
11 23
11 59
11 66
11 74
11 111
12 126
12 183
12 194
12 2
12 3
12 10
12 20
12 25
12 28
12 50
12 79
12 97
12 112
13 104
13 105
13 123
13 150
13 6
13 17
13 22
13 38
13 40
13 88
13 89
13 91
13 113
14 104
14 109
14 111
14 127
14 137
14 140
14 143
14 163
14 185
14 189
14 15
14 17
14 33
14 47
14 51
14 61
14 83
14 99
14 114
15 102
15 108
15 130
15 140
15 155
15 159
15 160
15 174
15 181
15 8
15 14
15 19
15 23
15 36
15 69
15 90
15 115
16 184
16 1
16 8
16 17
16 20
16 24
16 27
16 54
16 56
16 61
16 67
16 71
16 76
16 93
16 98
16 116
17 115
17 120
17 141
17 177
17 190
17 13
17 14
17 16
17 21
17 48
17 49
17 59
17 60
17 77
17 80
17 86
17 94
17 117
18 109
18 121
18 148
18 152
18 155
18 169
18 195
18 8
18 21
18 28
18 45
18 54
18 118
19 100
19 105
19 118
19 119
19 177
19 188
19 189
19 190
19 192
19 15
19 34
19 36
19 88
20 102
20 116
20 127
20 129
20 154
20 155
20 158
20 167
20 185
20 12
20 16
20 30
20 44
20 47
20 64
20 80
20 81
20 85
20 92
20 120
21 112
21 124
21 129
21 165
21 174
21 198
21 17
21 18
21 26
21 27
21 36
21 49
21 55
21 58
21 64
21 80
21 121
22 103
22 107
22 124
22 125
22 127
22 128
22 149
22 4
22 13
22 31
22 68
22 71
22 81
22 82
22 86
22 88
22 89
22 91
22 122
23 114
23 129
23 132
23 161
23 174
23 180
23 184
23 192
23 6
23 11
23 15
23 44
23 48
23 59
23 66
23 68
23 73
23 92
23 95
23 123
24 118
24 134
24 148
24 149
24 160
24 175
24 3
24 5
24 8
24 16
24 30
24 42
24 49
24 63
24 68
24 95
24 124
25 104
25 109
25 123
25 132
25 134
25 138
25 140
25 172
25 179
25 198
25 12
25 51
25 52
25 84
25 89
25 92
25 125
26 119
26 159
26 193
26 7
26 21
26 35
26 48
26 52
26 54
26 76
26 81
26 92
26 97
26 126
27 102
27 108
27 119
27 122
27 146
27 147
27 173
27 199
27 4
27 16
27 21
27 34
27 69
27 71
27 73
27 78
27 79
27 94
27 95
27 97
27 127
28 100
28 104
28 115
28 124
28 125
28 159
28 176
28 186
28 5
28 12
28 18
28 38
28 57
28 128
29 127
29 142
29 143
29 144
29 148
29 165
29 173
29 186
29 196
29 1
29 47
29 129
30 109
30 130
30 131
30 141
30 145
30 155
30 174
30 20
30 24
30 44
30 45
30 53
30 91
31 101
31 117
31 120
31 121
31 132
31 140
31 141
31 165
31 175
31 180
31 188
31 6
31 22
31 56
31 60
31 79
31 131
32 109
32 117
32 118
32 142
32 144
32 160
32 175
32 176
32 190
32 35
32 74
32 91
32 96
32 132
33 128
33 131
33 184
33 193
33 14
33 49
33 54
33 57
33 73
33 95
33 133
34 109
34 116
34 123
34 127
34 147
34 163
34 186
34 9
34 10
34 19
34 27
34 61
34 73
34 83
34 134
35 119
35 146
35 161
35 171
35 189
35 195
35 26
35 32
35 48
35 52
35 64
35 71
35 75
35 135
36 187
36 5
36 15
36 19
36 21
36 38
36 50
36 52
36 73
36 75
36 78
36 136
37 101
37 138
37 153
37 174
37 193
37 196
37 64
37 75
37 99
37 137
38 125
38 131
38 136
38 137
38 139
38 157
38 196
38 198
38 13
38 28
38 36
38 40
38 56
38 65
38 91
38 138
39 103
39 106
39 115
39 120
39 121
39 161
39 169
39 10
39 48
39 53
39 55
39 75
39 139
40 105
40 128
40 139
40 169
40 174
40 13
40 38
40 54
40 61
40 69
40 76
40 94
40 140
41 148
41 164
41 171
41 183
41 184
41 188
41 47
41 61
41 73
41 75
41 78
41 87
41 90
41 93
41 95
41 141
42 108
42 117
42 124
42 140
42 160
42 183
42 196
42 3
42 24
42 55
42 67
42 72
42 82
42 142
43 108
43 112
43 113
43 134
43 150
43 156
43 162
43 165
43 177
43 4
43 5
43 51
43 72
43 80
43 93
43 143
44 126
44 127
44 171
44 191
44 0
44 6
44 20
44 23
44 30
44 50
44 84
44 144
45 143
45 148
45 154
45 162
45 192
45 196
45 18
45 30
45 54
45 55
45 65
45 74
45 75
45 79
45 94
45 145
46 101
46 116
46 137
46 153
46 172
46 178
46 192
46 0
46 1
46 69
46 78
46 82
46 92
46 93
46 146
47 104
47 110
47 113
47 117
47 132
47 135
47 138
47 162
47 181
47 10
47 14
47 20
47 29
47 41
47 72
47 87
47 90
47 94
47 147
48 118
48 143
48 147
48 163
48 172
48 184
48 2
48 17
48 23
48 26
48 35
48 39
48 53
48 55
48 72
48 84
48 88
48 98
48 148
49 131
49 137
49 138
49 164
49 166
49 172
49 174
49 182
49 4
49 17
49 21
49 24
49 33
49 50
49 57
49 60
49 88
49 91
49 149
50 116
50 121
50 131
50 145
50 186
50 191
50 6
50 12
50 36
50 44
50 49
50 52
50 57
50 69
50 99
50 150
51 108
51 116
51 132
51 140
51 141
51 6
51 14
51 25
51 43
51 53
51 64
51 79
51 94
51 151
52 135
52 162
52 168
52 177
52 188
52 6
52 25
52 26
52 35
52 36
52 50
52 64
52 66
52 73
52 89
52 90
52 152
53 107
53 116
53 136
53 154
53 162
53 177
53 179
53 30
53 39
53 48
53 51
53 58
53 63
53 72
53 83
53 88
53 153
54 108
54 109
54 120
54 122
54 124
54 154
54 162
54 173
54 183
54 6
54 10
54 16
54 18
54 26
54 33
54 40
54 45
54 85
54 87
55 174
55 181
55 185
55 3
55 21
55 39
55 42
55 45
55 48
55 61
55 73
55 74
55 75
55 83
55 85
55 155
56 112
56 119
56 124
56 146
56 177
56 3
56 16
56 31
56 38
56 68
56 74
56 80
56 83
56 84
56 156
57 120
57 150
57 161
57 10
57 28
57 33
57 49
57 50
57 74
57 83
57 99
57 157
58 101
58 123
58 127
58 137
58 149
58 7
58 8
58 21
58 53
58 61
58 64
58 67
58 86
58 96
58 158
59 121
59 123
59 156
59 160
59 168
59 185
59 198
59 1
59 5
59 9
59 11
59 17
59 23
59 61
59 72
59 79
59 84
59 159
60 116
60 142
60 159
60 178
60 179
60 192
60 17
60 31
60 49
60 70
60 71
60 72
60 90
60 95
60 160
61 120
61 123
61 158
61 161
61 166
61 174
61 198
61 3
61 6
61 14
61 16
61 34
61 40
61 41
61 55
61 58
61 59
61 64
61 65
62 144
62 160
62 176
62 72
62 92
62 162
63 123
63 124
63 132
63 161
63 178
63 185
63 24
63 53
63 87
63 90
63 95
63 163
64 127
64 134
64 6
64 10
64 20
64 21
64 35
64 37
64 51
64 52
64 58
64 61
64 75
64 79
64 83
64 90
64 164
65 116
65 130
65 132
65 139
65 140
65 159
65 165
65 171
65 184
65 5
65 38
65 45
65 61
65 87
65 90
65 93
65 94
65 98
66 112
66 135
66 139
66 145
66 181
66 1
66 3
66 11
66 23
66 52
66 76
66 93
66 94
66 95
66 166
67 136
67 141
67 146
67 153
67 162
67 163
67 186
67 197
67 16
67 42
67 58
67 167
68 103
68 128
68 135
68 152
68 181
68 3
68 22
68 23
68 24
68 56
68 71
68 83
68 88
68 168
69 143
69 154
69 15
69 27
69 40
69 46
69 50
69 85
69 87
69 88
69 169
70 114
70 128
70 176
70 188
70 191
70 194
70 60
70 74
70 170
71 107
71 120
71 124
71 126
71 140
71 142
71 158
71 171
71 184
71 191
71 194
71 16
71 22
71 27
71 35
71 60
71 68
71 88
72 117
72 121
72 130
72 131
72 132
72 149
72 152
72 161
72 169
72 0
72 42
72 43
72 47
72 48
72 53
72 59
72 60
72 62
72 76
72 83
72 88
72 96
72 172
73 117
73 131
73 149
73 164
73 187
73 7
73 23
73 27
73 33
73 34
73 36
73 41
73 52
73 55
73 173
74 102
74 114
74 115
74 119
74 120
74 141
74 144
74 147
74 150
74 156
74 160
74 165
74 179
74 182
74 192
74 11
74 32
74 45
74 55
74 56
74 57
74 70
74 174
75 120
75 137
75 139
75 154
75 157
75 182
75 35
75 36
75 37
75 39
75 41
75 45
75 55
75 64
75 76
75 82
75 175
76 123
76 124
76 171
76 178
76 185
76 190
76 1
76 2
76 16
76 26
76 40
76 66
76 72
76 75
76 176
77 102
77 113
77 124
77 136
77 155
77 157
77 175
77 187
77 198
77 0
77 4
77 9
77 17
77 80
77 87
77 95
77 177
78 101
78 112
78 135
78 149
78 161
78 176
78 190
78 2
78 7
78 27
78 36
78 41
78 46
78 83
78 96
78 178
79 107
79 114
79 115
79 120
79 131
79 154
79 161
79 162
79 163
79 169
79 4
79 6
79 9
79 12
79 27
79 31
79 45
79 51
79 59
79 64
79 92
79 179
80 112
80 124
80 125
80 137
80 150
80 152
80 163
80 167
80 186
80 187
80 190
80 5
80 9
80 17
80 20
80 21
80 43
80 56
80 77
80 180
81 104
81 112
81 133
81 147
81 148
81 192
81 9
81 10
81 20
81 22
81 26
81 93
81 95
81 96
81 98
81 181
82 110
82 113
82 133
82 135
82 138
82 156
82 186
82 7
82 22
82 42
82 46
82 75
82 182
83 122
83 125
83 131
83 132
83 151
83 164
83 189
83 194
83 0
83 8
83 14
83 34
83 53
83 55
83 56
83 57
83 64
83 68
83 72
83 78
83 183
84 146
84 147
84 171
84 183
84 191
84 1
84 25
84 44
84 48
84 56
84 59
84 184
85 101
85 144
85 146
85 0
85 8
85 9
85 20
85 54
85 55
85 69
85 185
86 111
86 124
86 131
86 132
86 145
86 147
86 154
86 181
86 183
86 17
86 22
86 58
86 91
86 186
87 102
87 133
87 142
87 158
87 159
87 41
87 47
87 54
87 63
87 65
87 69
87 77
87 187
88 100
88 132
88 144
88 159
88 169
88 189
88 4
88 13
88 19
88 22
88 48
88 49
88 53
88 68
88 69
88 71
88 72
88 92
88 188
89 103
89 105
89 108
89 109
89 122
89 129
89 137
89 163
89 167
89 190
89 191
89 13
89 22
89 25
89 52
89 189
90 112
90 138
90 143
90 173
90 176
90 15
90 41
90 47
90 52
90 60
90 63
90 64
90 65
90 190
91 102
91 122
91 155
91 173
91 189
91 196
91 7
91 13
91 22
91 30
91 32
91 38
91 49
91 86
91 191
92 105
92 115
92 160
92 169
92 181
92 20
92 23
92 25
92 26
92 46
92 62
92 79
92 88
92 97
92 192
93 115
93 116
93 118
93 121
93 122
93 127
93 152
93 156
93 185
93 194
93 195
93 16
93 41
93 43
93 46
93 65
93 66
93 81
93 193
94 103
94 108
94 132
94 156
94 166
94 169
94 170
94 178
94 3
94 17
94 27
94 40
94 45
94 47
94 51
94 65
94 66
94 194
95 103
95 122
95 136
95 137
95 150
95 165
95 173
95 195
95 0
95 5
95 23
95 24
95 27
95 33
95 41
95 60
95 63
95 66
95 77
95 81
96 102
96 107
96 130
96 32
96 58
96 72
96 78
96 81
96 97
96 196
97 107
97 131
97 133
97 146
97 150
97 165
97 171
97 179
97 189
97 3
97 12
97 26
97 27
97 92
97 96
97 197
98 100
98 115
98 124
98 130
98 140
98 157
98 158
98 170
98 184
98 16
98 48
98 65
98 81
98 198
99 118
99 121
99 127
99 133
99 148
99 169
99 0
99 14
99 37
99 50
99 57
99 199
100 4
100 19
100 28
100 88
100 98
100 0
101 9
101 31
101 37
101 46
101 58
101 78
101 85
101 1
102 15
102 20
102 27
102 74
102 77
102 87
102 91
102 96
102 2
103 22
103 39
103 68
103 89
103 94
103 95
103 3
104 7
104 13
104 14
104 25
104 28
104 47
104 81
104 4
105 2
105 3
105 13
105 19
105 40
105 89
105 92
105 5
106 2
106 39
106 6
107 22
107 53
107 71
107 79
107 96
107 97
107 7
108 2
108 15
108 27
108 42
108 43
108 51
108 54
108 89
108 94
108 8
109 14
109 18
109 25
109 30
109 32
109 34
109 54
109 89
109 9
110 1
110 47
110 82
110 10
111 4
111 14
111 86
111 11
112 1
112 5
112 7
112 21
112 43
112 56
112 66
112 78
112 80
112 81
112 90
112 12
113 43
113 47
113 77
113 82
113 13
114 5
114 23
114 70
114 74
114 79
114 14
115 17
115 28
115 39
115 74
115 79
115 92
115 93
115 98
115 15
116 5
116 8
116 10
116 20
116 34
116 46
116 50
116 51
116 53
116 60
116 65
116 93
116 16
117 31
117 32
117 42
117 47
117 72
117 73
117 17
118 19
118 24
118 32
118 48
118 93
118 99
118 18
119 7
119 19
119 26
119 27
119 35
119 56
119 74
120 3
120 17
120 31
120 39
120 54
120 57
120 61
120 71
120 74
120 75
120 79
120 20
121 2
121 18
121 31
121 39
121 50
121 59
121 72
121 93
121 99
121 21
122 4
122 27
122 54
122 83
122 89
122 91
122 93
122 95
122 22
123 5
123 8
123 13
123 25
123 34
123 58
123 59
123 61
123 63
123 76
123 23
124 21
124 22
124 28
124 42
124 54
124 56
124 63
124 71
124 76
124 77
124 80
124 86
124 98
124 24
125 3
125 22
125 28
125 38
125 80
125 83
125 25
126 12
126 44
126 71
126 26
127 14
127 20
127 22
127 29
127 34
127 44
127 58
127 64
127 93
127 99
127 27
128 0
128 10
128 11
128 22
128 33
128 40
128 68
128 70
128 28
129 20
129 21
129 23
129 89
129 29
130 15
130 30
130 65
130 72
130 96
130 98
131 30
131 33
131 38
131 49
131 50
131 72
131 73
131 79
131 83
131 86
131 97
131 31
132 11
132 23
132 25
132 31
132 47
132 51
132 63
132 65
132 72
132 83
132 86
132 88
132 94
132 32
133 0
133 81
133 82
133 87
133 97
133 99
133 33
134 7
134 9
134 24
134 25
134 43
134 64
134 34
135 47
135 52
135 66
135 68
135 78
135 82
135 35
136 5
136 38
136 53
136 67
136 77
136 95
136 36
137 14
137 38
137 46
137 49
137 58
137 75
137 80
137 89
137 95
137 37
138 7
138 25
138 37
138 47
138 49
138 82
138 90
138 38
139 3
139 38
139 40
139 65
139 66
139 75
139 39
140 10
140 11
140 14
140 15
140 25
140 31
140 42
140 51
140 65
140 71
140 98
140 40
141 17
141 30
141 31
141 51
141 67
141 74
141 41
142 29
142 32
142 60
142 71
142 87
142 42
143 8
143 14
143 29
143 45
143 48
143 69
143 90
143 43
144 0
144 29
144 32
144 62
144 74
144 85
144 88
144 44
145 3
145 30
145 50
145 66
145 86
145 45
146 27
146 35
146 56
146 67
146 84
146 85
146 97
146 46
147 27
147 34
147 48
147 74
147 81
147 84
147 86
147 47
148 4
148 10
148 18
148 24
148 29
148 41
148 45
148 81
148 99
148 48
149 3
149 4
149 8
149 22
149 24
149 58
149 72
149 73
149 78
149 49
150 8
150 13
150 43
150 57
150 74
150 80
150 95
150 97
150 50
151 5
151 83
151 51
152 18
152 68
152 72
152 80
152 93
152 52
153 8
153 37
153 46
153 67
153 53
154 11
154 20
154 45
154 53
154 54
154 69
154 75
154 79
154 86
155 1
155 9
155 15
155 18
155 20
155 30
155 77
155 91
155 55
156 5
156 43
156 59
156 74
156 82
156 93
156 94
156 56
157 38
157 75
157 77
157 98
157 57
158 5
158 20
158 61
158 71
158 87
158 98
158 58
159 15
159 26
159 28
159 60
159 65
159 87
159 88
159 59
160 15
160 24
160 32
160 42
160 59
160 62
160 74
160 92
160 60
161 2
161 23
161 35
161 39
161 57
161 61
161 63
161 72
161 78
161 79
162 43
162 45
162 47
162 52
162 53
162 54
162 67
162 79
162 62
163 4
163 14
163 34
163 48
163 67
163 79
163 80
163 89
163 63
164 41
164 49
164 73
164 83
164 64
165 21
165 29
165 31
165 43
165 65
165 74
165 95
165 97
166 3
166 11
166 49
166 61
166 94
166 66
167 20
167 80
167 89
167 67
168 7
168 52
168 59
168 68
169 0
169 18
169 39
169 40
169 72
169 79
169 88
169 92
169 94
169 99
169 69
170 94
170 98
170 70
171 4
171 35
171 41
171 44
171 65
171 71
171 76
171 84
171 97
172 11
172 25
172 46
172 48
172 49
172 72
173 27
173 29
173 54
173 90
173 91
173 95
173 73
174 4
174 15
174 21
174 23
174 30
174 37
174 40
174 49
174 55
174 61
174 74
175 24
175 31
175 32
175 77
175 75
176 4
176 28
176 32
176 62
176 70
176 78
176 90
176 76
177 0
177 11
177 17
177 19
177 43
177 52
177 53
177 56
177 77
178 46
178 60
178 63
178 76
178 94
178 78
179 2
179 6
179 25
179 53
179 60
179 74
179 97
179 79
180 6
180 23
180 31
180 80
181 9
181 10
181 15
181 47
181 55
181 66
181 68
181 86
181 92
181 81
182 3
182 49
182 74
182 75
182 82
183 4
183 10
183 12
183 41
183 42
183 54
183 84
183 86
183 83
184 16
184 23
184 33
184 41
184 48
184 65
184 71
184 98
184 84
185 14
185 20
185 55
185 59
185 63
185 76
185 93
185 85
186 4
186 28
186 29
186 34
186 50
186 67
186 80
186 82
186 86
187 36
187 73
187 77
187 80
187 87
188 19
188 31
188 41
188 52
188 70
188 88
189 9
189 14
189 19
189 35
189 83
189 88
189 91
189 97
189 89
190 7
190 17
190 19
190 32
190 76
190 78
190 80
190 89
190 90
191 2
191 8
191 44
191 50
191 70
191 71
191 84
191 89
191 91
192 19
192 23
192 45
192 46
192 60
192 74
192 81
192 92
193 4
193 26
193 33
193 37
193 93
194 9
194 12
194 70
194 71
194 83
194 93
194 94
195 18
195 35
195 93
195 95
196 29
196 37
196 38
196 42
196 45
196 91
196 96
197 67
197 97
198 3
198 4
198 21
198 25
198 38
198 59
198 61
198 77
198 98
199 9
199 27
199 99
