  200   819
0 104
0 130
0 134
0 148
0 152
0 181
0 198
0 3
0 8
0 44
0 46
0 72
0 77
0 83
0 85
0 95
0 99
0 100
1 131
1 139
1 163
1 173
1 184
1 2
1 16
1 29
1 46
1 59
1 66
1 76
1 84
1 101
2 117
2 148
2 154
2 1
2 10
2 12
2 48
2 76
2 78
2 102
3 145
3 166
3 195
3 0
3 12
3 24
3 42
3 55
3 56
3 61
3 66
3 68
3 94
3 97
3 103
4 101
4 150
4 22
4 27
4 43
4 49
4 77
4 79
4 88
4 104
5 103
5 138
5 153
5 184
5 24
5 28
5 36
5 43
5 59
5 65
5 80
5 95
5 105
6 167
6 186
6 10
6 13
6 23
6 31
6 44
6 50
6 51
6 52
6 54
6 61
6 64
6 79
6 106
7 109
7 118
7 125
7 26
7 58
7 73
7 78
7 82
7 91
7 107
8 125
8 165
8 166
8 190
8 0
8 15
8 16
8 18
8 24
8 58
8 83
8 85
8 108
9 126
9 157
9 175
9 34
9 59
9 77
9 79
9 80
9 81
9 85
9 109
10 159
10 2
10 6
10 12
10 34
10 39
10 47
10 54
10 57
10 64
10 81
10 110
11 121
11 146
11 150
11 169
11 187
11 23
11 59
11 66
11 74
11 111
12 110
12 125
12 141
12 161
12 170
12 2
12 3
12 10
12 20
12 25
12 28
12 50
12 79
12 97
12 112
13 104
13 129
13 160
13 162
13 6
13 17
13 22
13 38
13 40
13 88
13 89
13 91
13 113
14 143
14 15
14 17
14 33
14 47
14 51
14 61
14 83
14 99
14 114
15 103
15 122
15 138
15 144
15 156
15 8
15 14
15 19
15 23
15 36
15 69
15 90
15 115
16 154
16 157
16 164
16 195
16 1
16 8
16 17
16 20
16 24
16 27
16 54
16 56
16 61
16 67
16 71
16 76
16 93
16 98
16 116
17 112
17 148
17 155
17 182
17 192
17 13
17 14
17 16
17 21
17 48
17 49
17 59
17 60
17 77
17 80
17 86
17 94
17 117
18 105
18 111
18 169
18 8
18 21
18 28
18 45
18 54
18 118
19 104
19 15
19 34
19 36
19 88
19 119
20 161
20 12
20 16
20 30
20 44
20 47
20 64
20 80
20 81
20 85
20 92
20 120
21 103
21 149
21 155
21 162
21 17
21 18
21 26
21 27
21 36
21 49
21 55
21 58
21 64
21 80
21 121
22 126
22 143
22 159
22 170
22 196
22 4
22 13
22 31
22 68
22 71
22 81
22 82
22 86
22 88
22 89
22 91
22 122
23 197
23 147
23 6
23 11
23 15
23 44
23 48
23 59
23 66
23 68
23 73
23 92
23 95
23 123
24 120
24 125
24 145
24 188
24 3
24 5
24 8
24 16
24 30
24 42
24 49
24 63
24 68
24 95
24 124
25 110
25 150
25 12
25 51
25 52
25 84
25 89
25 92
25 125
26 115
26 129
26 7
26 21
26 35
26 48
26 52
26 54
26 76
26 81
26 92
26 97
26 126
27 176
27 184
27 186
27 195
27 4
27 16
27 21
27 34
27 69
27 71
27 73
27 78
27 79
27 94
27 95
27 97
27 127
28 128
28 175
28 5
28 12
28 18
28 38
28 57
29 123
29 130
29 162
29 186
29 194
29 1
29 47
29 129
30 137
30 138
30 139
30 20
30 24
30 44
30 45
30 53
30 91
30 130
31 122
31 6
31 22
31 56
31 60
31 79
31 131
32 106
32 35
32 74
32 91
32 96
32 132
33 112
33 122
33 158
33 179
33 14
33 49
33 54
33 57
33 73
33 95
33 133
34 132
34 149
34 168
34 9
34 10
34 19
34 27
34 61
34 73
34 83
34 134
35 120
35 154
35 161
35 26
35 32
35 48
35 52
35 64
35 71
35 75
35 135
36 116
36 120
36 169
36 5
36 15
36 19
36 21
36 38
36 50
36 52
36 73
36 75
36 78
36 136
37 170
37 64
37 75
37 99
37 137
38 148
38 156
38 181
38 13
38 28
38 36
38 40
38 56
38 65
38 91
38 138
39 186
39 10
39 48
39 53
39 55
39 75
39 139
40 117
40 118
40 126
40 150
40 164
40 186
40 13
40 38
40 54
40 61
40 69
40 76
40 94
40 140
41 122
41 125
41 166
41 193
41 47
41 61
41 73
41 75
41 78
41 87
41 90
41 93
41 95
41 141
42 172
42 199
42 3
42 24
42 55
42 67
42 72
42 82
42 142
43 175
43 195
43 4
43 5
43 51
43 72
43 80
43 93
43 143
44 107
44 149
44 167
44 187
44 0
44 6
44 20
44 23
44 30
44 50
44 84
44 144
45 113
45 125
45 186
45 190
45 18
45 30
45 54
45 55
45 65
45 74
45 75
45 79
45 94
45 145
46 139
46 156
46 166
46 183
46 0
46 1
46 69
46 78
46 82
46 92
46 93
46 146
47 112
47 146
47 182
47 192
47 10
47 14
47 20
47 29
47 41
47 72
47 87
47 90
47 94
47 147
48 107
48 110
48 113
48 156
48 173
48 179
48 185
48 2
48 17
48 23
48 26
48 35
48 39
48 53
48 55
48 72
48 84
48 88
48 98
48 148
49 123
49 160
49 196
49 4
49 17
49 21
49 24
49 33
49 50
49 57
49 60
49 88
49 91
49 149
50 114
50 115
50 131
50 138
50 166
50 6
50 12
50 36
50 44
50 49
50 52
50 57
50 69
50 99
50 150
51 104
51 108
51 123
51 125
51 130
51 152
51 166
51 168
51 192
51 6
51 14
51 25
51 43
51 53
51 64
51 79
51 94
51 151
52 129
52 168
52 6
52 25
52 26
52 35
52 36
52 50
52 64
52 66
52 73
52 89
52 90
52 152
53 122
53 155
53 165
53 30
53 39
53 48
53 51
53 58
53 63
53 72
53 83
53 88
53 153
54 164
54 6
54 10
54 16
54 18
54 26
54 33
54 40
54 45
54 85
54 87
54 154
55 100
55 116
55 167
55 3
55 21
55 39
55 42
55 45
55 48
55 61
55 73
55 74
55 75
55 83
55 85
55 155
56 120
56 139
56 146
56 153
56 198
56 3
56 16
56 31
56 38
56 68
56 74
56 80
56 83
56 84
56 156
57 133
57 10
57 28
57 33
57 49
57 50
57 74
57 83
57 99
57 157
58 122
58 151
58 170
58 195
58 7
58 8
58 21
58 53
58 61
58 64
58 67
58 86
58 96
58 158
59 106
59 116
59 125
59 144
59 159
59 180
59 198
59 1
59 5
59 9
59 11
59 17
59 23
59 61
59 72
59 79
59 84
60 121
60 189
60 17
60 31
60 49
60 70
60 71
60 72
60 90
60 95
60 160
61 113
61 127
61 142
61 155
61 171
61 174
61 194
61 3
61 6
61 14
61 16
61 34
61 40
61 41
61 55
61 58
61 59
61 64
61 65
61 161
62 156
62 72
62 92
62 162
63 130
63 186
63 24
63 53
63 87
63 90
63 95
63 163
64 166
64 6
64 10
64 20
64 21
64 35
64 37
64 51
64 52
64 58
64 61
64 75
64 79
64 83
64 90
64 164
65 119
65 182
65 189
65 5
65 38
65 45
65 61
65 87
65 90
65 93
65 94
65 98
65 165
66 133
66 155
66 1
66 3
66 11
66 23
66 52
66 76
66 93
66 94
66 95
66 166
67 100
67 107
67 114
67 148
67 184
67 199
67 16
67 42
67 58
67 167
68 122
68 123
68 3
68 22
68 23
68 24
68 56
68 71
68 83
68 88
68 168
69 133
69 15
69 27
69 40
69 46
69 50
69 85
69 87
69 88
69 169
70 104
70 122
70 151
70 60
70 74
70 170
71 153
71 16
71 22
71 27
71 35
71 60
71 68
71 88
71 171
72 100
72 108
72 120
72 140
72 150
72 179
72 0
72 42
72 43
72 47
72 48
72 53
72 59
72 60
72 62
72 76
72 83
72 88
72 96
72 172
73 117
73 7
73 23
73 27
73 33
73 34
73 36
73 41
73 52
73 55
73 173
74 110
74 121
74 153
74 174
74 181
74 184
74 11
74 32
74 45
74 55
74 56
74 57
74 70
75 100
75 35
75 36
75 37
75 39
75 41
75 45
75 55
75 64
75 76
75 82
75 175
76 124
76 149
76 157
76 174
76 192
76 1
76 2
76 16
76 26
76 40
76 66
76 72
76 75
76 176
77 121
77 141
77 180
77 0
77 4
77 9
77 17
77 80
77 87
77 95
77 177
78 124
78 128
78 139
78 162
78 187
78 2
78 7
78 27
78 36
78 41
78 46
78 83
78 96
78 178
79 177
79 182
79 4
79 6
79 9
79 12
79 27
79 31
79 45
79 51
79 59
79 64
79 92
79 179
80 103
80 178
80 191
80 5
80 9
80 17
80 20
80 21
80 43
80 56
80 77
80 180
81 102
81 149
81 170
81 9
81 10
81 20
81 22
81 26
81 93
81 95
81 96
81 98
81 181
82 130
82 168
82 7
82 22
82 42
82 46
82 75
82 182
83 160
83 166
83 172
83 181
83 0
83 8
83 14
83 34
83 53
83 55
83 56
83 57
83 64
83 68
83 72
83 78
83 183
84 150
84 173
84 187
84 1
84 25
84 44
84 48
84 56
84 59
84 184
85 116
85 122
85 149
85 192
85 0
85 8
85 9
85 20
85 54
85 55
85 69
85 185
86 111
86 171
86 196
86 199
86 17
86 22
86 58
86 91
86 186
87 161
87 184
87 41
87 47
87 54
87 63
87 65
87 69
87 77
87 187
88 110
88 183
88 192
88 4
88 13
88 19
88 22
88 48
88 49
88 53
88 68
88 69
88 71
88 72
88 92
88 188
89 175
89 13
89 22
89 25
89 52
89 189
90 199
90 197
90 147
90 136
90 15
90 41
90 47
90 52
90 60
90 63
90 64
90 65
90 190
91 140
91 195
91 7
91 13
91 22
91 30
91 32
91 38
91 49
91 86
91 191
92 121
92 133
92 158
92 162
92 169
92 20
92 23
92 25
92 26
92 46
92 62
92 79
92 88
92 97
92 192
93 109
93 142
93 143
93 167
93 16
93 41
93 43
93 46
93 65
93 66
93 81
93 193
94 113
94 127
94 174
94 190
94 3
94 17
94 27
94 40
94 45
94 47
94 51
94 65
94 66
94 194
95 152
95 183
95 0
95 5
95 23
95 24
95 27
95 33
95 41
95 60
95 63
95 66
95 77
95 81
95 195
96 101
96 135
96 32
96 58
96 72
96 78
96 81
96 97
96 196
97 191
97 198
97 3
97 12
97 26
97 27
97 92
97 96
97 197
98 107
98 182
98 184
98 16
98 48
98 65
98 81
98 198
99 104
99 179
99 191
99 0
99 14
99 37
99 50
99 57
99 199
100 55
100 67
100 72
100 75
100 0
101 4
101 96
101 1
102 81
102 2
103 5
103 15
103 21
103 80
103 3
104 0
104 13
104 19
104 51
104 70
104 99
104 4
105 18
105 5
106 32
106 59
106 6
107 44
107 48
107 67
107 98
107 7
108 51
108 72
108 8
109 7
109 93
109 9
110 12
110 25
110 48
110 74
110 88
110 10
111 18
111 86
111 11
112 17
112 33
112 47
112 12
113 45
113 48
113 61
113 94
113 13
114 50
114 67
114 14
115 26
115 50
115 15
116 36
116 55
116 59
116 85
116 16
117 2
117 40
117 73
117 17
118 7
118 40
118 18
119 65
119 19
120 24
120 35
120 36
120 56
120 72
120 20
121 11
121 60
121 74
121 77
121 92
121 21
122 15
122 31
122 33
122 41
122 53
122 58
122 68
122 70
122 85
122 22
123 29
123 49
123 51
123 68
123 23
124 76
124 78
124 24
125 7
125 8
125 12
125 24
125 41
125 45
125 51
125 59
125 25
126 9
126 22
126 40
126 26
127 61
127 94
127 27
128 28
128 78
129 13
129 26
129 52
129 29
130 0
130 29
130 51
130 63
130 82
130 30
131 1
131 50
131 31
132 34
132 32
133 57
133 66
133 69
133 92
133 33
134 0
134 34
135 96
135 35
136 90
136 36
137 30
137 37
138 5
138 15
138 30
138 50
138 38
139 1
139 30
139 46
139 56
139 78
139 39
140 72
140 91
140 40
141 12
141 77
141 41
142 61
142 93
142 42
143 14
143 22
143 93
143 43
144 15
144 59
144 44
145 3
145 24
145 45
146 11
146 47
146 56
146 46
147 23
147 90
147 47
148 0
148 2
148 17
148 38
148 67
148 48
149 21
149 34
149 44
149 76
149 81
149 85
149 49
150 4
150 11
150 25
150 40
150 72
150 84
150 50
151 58
151 70
151 51
152 0
152 51
152 95
152 52
153 5
153 56
153 71
153 74
153 53
154 2
154 16
154 35
154 54
155 17
155 21
155 53
155 61
155 66
155 55
156 15
156 38
156 46
156 48
156 62
156 56
157 9
157 16
157 76
157 57
158 33
158 92
158 58
159 10
159 22
159 59
160 13
160 49
160 83
160 60
161 12
161 20
161 35
161 87
161 61
162 13
162 21
162 29
162 78
162 92
162 62
163 1
163 63
164 16
164 40
164 54
164 64
165 8
165 53
165 65
166 3
166 8
166 41
166 46
166 50
166 51
166 64
166 83
166 66
167 6
167 44
167 55
167 93
167 67
168 34
168 51
168 52
168 82
168 68
169 11
169 18
169 36
169 92
169 69
170 12
170 22
170 37
170 58
170 81
170 70
171 61
171 86
171 71
172 42
172 83
172 72
173 1
173 48
173 84
173 73
174 61
174 74
174 76
174 94
175 9
175 28
175 43
175 89
175 75
176 27
176 76
177 79
177 77
178 80
178 78
179 33
179 48
179 72
179 99
179 79
180 59
180 77
180 80
181 0
181 38
181 74
181 83
181 81
182 17
182 47
182 65
182 79
182 98
182 82
183 46
183 88
183 95
183 83
184 1
184 5
184 27
184 67
184 74
184 87
184 98
184 84
185 48
185 85
186 6
186 27
186 29
186 39
186 40
186 45
186 63
186 86
187 11
187 44
187 78
187 84
187 87
188 24
188 88
189 60
189 65
189 89
190 8
190 45
190 94
190 90
191 80
191 97
191 99
191 91
192 17
192 47
192 51
192 76
192 85
192 88
192 92
193 41
193 93
194 29
194 61
194 94
195 3
195 16
195 27
195 43
195 58
195 91
195 95
196 22
196 49
196 86
196 96
197 23
197 90
197 97
198 0
198 56
198 59
198 97
198 98
199 42
199 67
199 86
199 90
199 99
