  400   2189
0 205
0 227
0 325
0 375
0 14
0 15
0 40
0 58
0 69
0 71
0 88
0 104
0 105
0 129
0 130
0 137
0 147
0 148
0 149
0 157
0 185
0 186
0 187
0 200
1 300
1 314
1 326
1 4
1 38
1 72
1 92
1 93
1 101
1 109
1 117
1 141
1 144
1 149
1 151
1 172
1 175
1 178
1 182
1 188
1 201
2 248
2 324
2 352
2 355
2 385
2 33
2 34
2 42
2 45
2 66
2 74
2 80
2 81
2 146
2 173
2 180
2 197
2 202
3 252
3 261
3 271
3 301
3 313
3 335
3 62
3 66
3 111
3 137
3 147
3 148
3 149
3 155
3 170
3 193
3 197
3 198
3 203
4 228
4 270
4 283
4 1
4 6
4 27
4 65
4 77
4 91
4 94
4 132
4 136
4 142
4 143
4 144
4 146
4 192
4 204
5 239
5 258
5 280
5 339
5 366
5 8
5 40
5 43
5 50
5 60
5 61
5 63
5 79
5 80
5 92
5 102
5 135
5 145
5 205
6 269
6 4
6 18
6 26
6 32
6 66
6 67
6 68
6 72
6 79
6 83
6 92
6 112
6 119
6 131
6 158
6 161
6 168
6 179
6 206
7 243
7 319
7 393
7 12
7 20
7 50
7 57
7 77
7 115
7 127
7 136
7 164
7 167
7 188
7 197
7 207
8 200
8 291
8 309
8 5
8 21
8 52
8 61
8 70
8 105
8 153
8 180
8 185
8 208
9 245
9 399
9 63
9 67
9 92
9 93
9 134
9 138
9 150
9 159
9 165
9 168
9 197
9 209
10 272
10 326
10 363
10 368
10 26
10 39
10 45
10 53
10 74
10 83
10 86
10 104
10 127
10 133
10 138
10 144
10 153
10 158
10 176
10 177
10 198
10 210
11 210
11 343
11 51
11 65
11 74
11 124
11 164
11 194
11 196
11 211
12 218
12 219
12 372
12 384
12 7
12 35
12 47
12 131
12 137
12 143
12 186
12 188
12 212
13 219
13 261
13 267
13 287
13 349
13 394
13 15
13 18
13 20
13 59
13 73
13 90
13 93
13 133
13 170
13 184
13 188
13 213
14 239
14 265
14 273
14 307
14 344
14 362
14 373
14 0
14 26
14 35
14 42
14 49
14 54
14 58
14 76
14 93
14 103
14 107
14 127
14 132
14 144
14 148
14 161
14 164
14 174
14 187
14 192
14 197
14 214
15 340
15 380
15 399
15 0
15 13
15 42
15 55
15 80
15 90
15 113
15 143
15 163
15 174
15 189
15 215
16 280
16 290
16 348
16 390
16 56
16 86
16 104
16 148
16 170
16 174
16 193
16 216
17 210
17 238
17 241
17 244
17 253
17 271
17 293
17 319
17 330
17 336
17 37
17 55
17 73
17 97
17 108
17 123
17 135
17 217
18 229
18 286
18 321
18 331
18 6
18 13
18 21
18 36
18 38
18 43
18 47
18 89
18 97
18 118
18 119
18 122
18 129
18 148
18 154
18 169
18 191
18 193
18 218
19 362
19 29
19 44
19 56
19 58
19 77
19 89
19 93
19 96
19 103
19 135
19 149
19 176
19 185
19 219
20 212
20 229
20 267
20 295
20 7
20 13
20 41
20 55
20 64
20 76
20 97
20 115
20 138
20 143
20 220
21 222
21 231
21 288
21 345
21 373
21 376
21 8
21 18
21 38
21 46
21 58
21 69
21 86
21 88
21 98
21 112
21 117
21 143
21 150
21 156
21 166
21 221
22 205
22 246
22 274
22 295
22 37
22 56
22 61
22 93
22 100
22 121
22 122
22 124
22 173
22 180
22 222
23 211
23 250
23 31
23 60
23 90
23 101
23 104
23 111
23 175
23 176
23 180
23 191
23 223
24 338
24 359
24 374
24 387
24 393
24 49
24 77
24 80
24 98
24 100
24 110
24 132
24 137
24 146
24 173
24 224
25 216
25 294
25 308
25 332
25 26
25 72
25 80
25 93
25 128
25 131
25 133
25 152
25 182
25 192
25 194
25 196
25 225
26 222
26 274
26 288
26 316
26 318
26 319
26 333
26 371
26 6
26 10
26 14
26 25
26 47
26 50
26 58
26 59
26 60
26 71
26 107
26 108
26 164
26 177
26 226
27 284
27 4
27 29
27 50
27 52
27 59
27 69
27 75
27 79
27 117
27 141
27 148
27 154
27 189
27 227
28 259
28 283
28 293
28 296
28 303
28 358
28 360
28 376
28 55
28 94
28 118
28 122
28 138
28 140
28 146
28 149
28 156
28 178
28 228
29 382
29 19
29 27
29 33
29 41
29 48
29 67
29 139
29 145
29 153
29 155
29 177
29 229
30 386
30 245
30 37
30 45
30 63
30 81
30 110
30 122
30 154
30 173
30 182
30 185
30 191
30 230
31 217
31 280
31 358
31 368
31 23
31 35
31 108
31 125
31 147
31 166
31 175
31 231
32 294
32 385
32 6
32 43
32 84
32 85
32 102
32 110
32 128
32 144
32 186
32 189
32 197
32 232
33 253
33 282
33 314
33 336
33 342
33 345
33 2
33 29
33 50
33 58
33 62
33 64
33 70
33 75
33 110
33 124
33 149
33 159
33 160
33 169
33 171
33 180
33 188
33 199
33 233
34 261
34 281
34 285
34 314
34 371
34 2
34 37
34 101
34 103
34 166
34 171
34 179
34 195
34 197
34 234
35 208
35 353
35 388
35 12
35 14
35 31
35 40
35 46
35 52
35 75
35 94
35 104
35 106
35 132
35 134
35 135
35 137
35 188
35 235
36 212
36 229
36 278
36 360
36 384
36 18
36 55
36 56
36 91
36 118
36 126
36 128
36 137
36 165
36 186
36 236
37 236
37 271
37 329
37 333
37 338
37 366
37 368
37 17
37 22
37 30
37 34
37 38
37 42
37 46
37 65
37 80
37 126
37 134
37 140
37 160
37 237
38 289
38 1
38 18
38 21
38 37
38 49
38 74
38 86
38 105
38 106
38 124
38 128
38 146
38 153
38 238
39 218
39 10
39 45
39 71
39 87
39 95
39 104
39 137
39 169
39 239
40 273
40 383
40 395
40 398
40 0
40 5
40 35
40 59
40 143
40 150
40 196
40 199
40 240
41 209
41 219
41 278
41 308
41 375
41 20
41 29
41 47
41 79
41 82
41 95
41 106
41 130
41 162
41 189
41 241
42 284
42 298
42 324
42 334
42 351
42 2
42 14
42 15
42 37
42 44
42 51
42 58
42 69
42 79
42 80
42 97
42 115
42 136
42 155
42 242
43 240
43 259
43 265
43 297
43 299
43 322
43 334
43 377
43 5
43 18
43 32
43 56
43 68
43 84
43 90
43 95
43 116
43 133
43 139
43 144
43 147
43 158
43 170
43 243
44 210
44 275
44 289
44 297
44 316
44 326
44 396
44 19
44 42
44 81
44 154
44 191
44 244
45 289
45 2
45 10
45 30
45 39
45 47
45 85
45 117
45 126
45 156
45 161
45 245
46 209
46 272
46 375
46 21
46 35
46 37
46 49
46 71
46 77
46 97
46 104
46 134
46 140
46 152
46 172
46 246
47 267
47 311
47 349
47 356
47 12
47 18
47 26
47 41
47 45
47 48
47 61
47 93
47 124
47 190
47 191
47 197
47 247
48 234
48 284
48 343
48 29
48 47
48 75
48 81
48 85
48 126
48 128
48 132
48 136
48 143
48 179
48 180
48 187
48 198
48 248
49 277
49 398
49 14
49 24
49 38
49 46
49 125
49 157
49 249
50 236
50 261
50 291
50 314
50 359
50 364
50 5
50 7
50 26
50 27
50 33
50 57
50 78
50 79
50 91
50 131
50 171
50 178
50 183
50 193
50 250
51 222
51 236
51 341
51 350
51 11
51 42
51 138
51 153
51 167
51 178
51 186
51 251
52 205
52 251
52 284
52 8
52 27
52 35
52 53
52 86
52 95
52 110
52 111
52 116
52 252
53 291
53 360
53 10
53 52
53 77
53 121
53 126
53 150
53 156
53 181
53 253
54 260
54 360
54 14
54 64
54 67
54 75
54 117
54 119
54 128
54 145
54 157
54 171
54 180
54 254
55 232
55 311
55 341
55 351
55 377
55 15
55 17
55 20
55 28
55 36
55 88
55 108
55 114
55 115
55 117
55 129
55 137
55 144
55 167
55 172
55 180
55 255
56 263
56 346
56 16
56 19
56 22
56 36
56 43
56 60
56 98
56 110
56 126
56 129
56 164
56 169
56 256
57 241
57 7
57 50
57 82
57 107
57 151
57 190
57 257
58 255
58 359
58 360
58 0
58 14
58 19
58 21
58 26
58 33
58 42
58 76
58 78
58 103
58 125
58 128
58 130
58 166
58 184
58 198
58 258
59 203
59 290
59 302
59 369
59 13
59 26
59 27
59 40
59 65
59 69
59 76
59 101
59 108
59 113
59 127
59 148
59 192
59 259
60 240
60 295
60 303
60 331
60 5
60 23
60 26
60 56
60 99
60 115
60 136
60 138
60 170
60 181
60 260
61 257
61 295
61 328
61 338
61 5
61 8
61 22
61 47
61 78
61 87
61 91
61 102
61 113
61 129
61 147
61 161
61 165
61 182
61 261
62 208
62 294
62 3
62 33
62 65
62 69
62 92
62 113
62 121
62 122
62 141
62 144
62 157
62 262
63 202
63 238
63 277
63 281
63 282
63 327
63 343
63 349
63 5
63 9
63 30
63 65
63 67
63 74
63 90
63 114
63 129
63 152
63 153
63 155
63 161
63 178
63 184
63 263
64 223
64 322
64 394
64 20
64 33
64 54
64 124
64 127
64 182
64 198
64 264
65 301
65 333
65 4
65 11
65 37
65 59
65 62
65 63
65 117
65 118
65 127
65 143
65 150
65 158
65 161
65 171
65 265
66 294
66 322
66 398
66 2
66 3
66 6
66 73
66 101
66 102
66 105
66 133
66 152
66 153
66 162
66 171
66 183
66 266
67 227
67 286
67 288
67 324
67 332
67 344
67 6
67 9
67 29
67 54
67 63
67 71
67 81
67 90
67 102
67 106
67 122
67 132
67 138
67 139
67 176
67 267
68 297
68 337
68 342
68 346
68 355
68 6
68 43
68 91
68 97
68 119
68 120
68 170
68 198
68 268
69 210
69 318
69 368
69 372
69 0
69 21
69 27
69 42
69 59
69 62
69 70
69 73
69 81
69 100
69 105
69 159
69 163
69 180
69 269
70 206
70 246
70 262
70 274
70 380
70 382
70 8
70 33
70 69
70 76
70 78
70 105
70 109
70 110
70 121
70 123
70 162
70 175
70 176
70 190
70 193
70 270
71 217
71 255
71 256
71 343
71 377
71 382
71 0
71 26
71 39
71 46
71 67
71 96
71 103
71 105
71 111
71 125
71 158
71 163
71 174
71 181
71 271
72 251
72 257
72 333
72 392
72 1
72 6
72 25
72 74
72 82
72 85
72 92
72 116
72 119
72 137
72 167
72 172
72 187
72 272
73 261
73 317
73 361
73 13
73 17
73 66
73 69
73 75
73 112
73 142
73 158
73 182
73 273
74 300
74 2
74 10
74 11
74 38
74 63
74 72
74 89
74 111
74 128
74 139
74 142
74 146
74 154
74 156
74 167
74 170
74 172
74 173
74 182
74 186
74 274
75 328
75 27
75 33
75 35
75 48
75 54
75 73
75 105
75 127
75 144
75 158
75 173
75 186
75 275
76 314
76 342
76 14
76 20
76 58
76 59
76 70
76 100
76 117
76 139
76 141
76 181
76 276
77 257
77 361
77 4
77 7
77 19
77 24
77 46
77 53
77 103
77 113
77 135
77 156
77 181
77 277
78 232
78 271
78 366
78 50
78 58
78 61
78 70
78 92
78 120
78 127
78 134
78 159
78 174
78 178
78 192
78 278
79 234
79 247
79 288
79 5
79 6
79 27
79 41
79 42
79 50
79 97
79 107
79 141
79 160
79 173
79 186
79 187
79 279
80 263
80 395
80 2
80 5
80 15
80 24
80 25
80 37
80 42
80 92
80 99
80 119
80 135
80 145
80 154
80 280
81 244
81 281
81 333
81 390
81 399
81 2
81 30
81 44
81 48
81 67
81 69
81 105
81 106
81 109
81 112
81 126
81 128
81 163
81 169
81 195
82 223
82 253
82 349
82 365
82 376
82 41
82 57
82 72
82 87
82 98
82 130
82 132
82 148
82 180
82 181
82 282
83 219
83 255
83 257
83 301
83 318
83 385
83 6
83 10
83 102
83 103
83 117
83 119
83 122
83 133
83 140
83 141
83 152
83 283
84 329
84 350
84 379
84 380
84 32
84 43
84 113
84 121
84 122
84 161
84 167
84 284
85 229
85 256
85 330
85 345
85 349
85 32
85 45
85 48
85 72
85 93
85 108
85 129
85 137
85 155
85 160
85 165
85 168
85 285
86 208
86 221
86 230
86 254
86 281
86 321
86 360
86 373
86 10
86 16
86 21
86 38
86 52
86 126
86 137
86 150
86 155
86 190
86 197
86 286
87 205
87 256
87 366
87 392
87 39
87 61
87 82
87 113
87 148
87 157
87 179
87 287
88 208
88 313
88 324
88 371
88 0
88 21
88 55
88 118
88 122
88 135
88 137
88 145
88 181
88 185
88 288
89 215
89 291
89 319
89 348
89 18
89 19
89 74
89 133
89 143
89 153
89 155
89 184
89 198
89 289
90 243
90 272
90 369
90 13
90 15
90 23
90 43
90 63
90 67
90 109
90 110
90 121
90 187
90 190
90 199
90 290
91 230
91 314
91 336
91 361
91 372
91 4
91 36
91 50
91 61
91 68
91 105
91 118
91 135
91 175
91 184
91 196
91 197
91 291
92 253
92 338
92 1
92 5
92 6
92 9
92 62
92 72
92 78
92 80
92 117
92 132
92 143
92 146
92 151
92 182
92 196
92 292
93 202
93 214
93 231
93 235
93 268
93 284
93 285
93 291
93 338
93 1
93 9
93 13
93 14
93 19
93 22
93 25
93 47
93 85
93 109
93 124
93 137
93 140
93 153
93 173
93 188
93 293
94 208
94 253
94 294
94 330
94 4
94 28
94 35
94 114
94 116
94 124
94 128
94 139
94 142
94 143
94 162
94 168
94 169
94 174
94 180
95 204
95 250
95 302
95 315
95 327
95 39
95 41
95 43
95 52
95 109
95 141
95 156
95 295
96 398
96 19
96 71
96 103
96 143
96 147
96 157
96 159
96 168
96 296
97 220
97 267
97 304
97 356
97 17
97 18
97 20
97 42
97 46
97 68
97 79
97 130
97 167
97 172
97 173
97 190
97 297
98 260
98 284
98 302
98 372
98 21
98 24
98 56
98 82
98 147
98 153
98 171
98 182
98 189
98 298
99 262
99 277
99 376
99 60
99 80
99 107
99 115
99 137
99 156
99 181
99 192
99 299
100 307
100 340
100 345
100 22
100 24
100 69
100 76
100 123
100 126
100 148
100 177
100 191
100 300
101 277
101 369
101 1
101 23
101 34
101 59
101 66
101 109
101 122
101 128
101 145
101 168
101 169
101 301
102 313
102 379
102 5
102 32
102 61
102 66
102 67
102 83
102 128
102 135
102 159
102 188
102 302
103 216
103 225
103 276
103 303
103 14
103 19
103 34
103 58
103 71
103 77
103 83
103 96
103 121
103 122
103 126
103 142
103 155
103 161
103 168
103 192
104 208
104 217
104 320
104 0
104 10
104 16
104 23
104 35
104 39
104 46
104 114
104 128
104 131
104 137
104 148
104 171
104 197
104 198
104 304
105 273
105 374
105 0
105 8
105 38
105 66
105 69
105 70
105 71
105 75
105 81
105 91
105 147
105 157
105 174
105 182
105 191
105 305
106 213
106 291
106 364
106 35
106 38
106 41
106 67
106 81
106 114
106 139
106 156
106 157
106 170
106 189
106 306
107 267
107 278
107 284
107 294
107 364
107 14
107 26
107 57
107 79
107 99
107 127
107 154
107 158
107 166
107 180
107 307
108 399
108 386
108 17
108 26
108 31
108 55
108 59
108 85
108 110
108 112
108 149
108 166
108 197
108 308
109 226
109 241
109 248
109 276
109 283
109 300
109 380
109 1
109 70
109 81
109 90
109 93
109 95
109 101
109 140
109 178
109 187
109 189
109 309
110 209
110 223
110 243
110 287
110 308
110 332
110 345
110 24
110 30
110 32
110 33
110 52
110 56
110 70
110 90
110 108
110 115
110 138
110 166
110 181
110 310
111 215
111 223
111 276
111 302
111 308
111 317
111 338
111 3
111 23
111 52
111 71
111 74
111 124
111 125
111 155
111 162
111 169
111 182
111 311
112 245
112 399
112 6
112 21
112 73
112 81
112 108
112 148
112 154
112 166
112 198
112 312
113 213
113 307
113 345
113 368
113 373
113 398
113 15
113 59
113 61
113 62
113 77
113 84
113 87
113 144
113 183
113 190
113 313
114 294
114 384
114 55
114 63
114 94
114 104
114 106
114 115
114 157
114 168
114 179
114 314
115 204
115 271
115 380
115 7
115 20
115 42
115 55
115 60
115 99
115 110
115 114
115 132
115 160
115 175
115 185
115 315
116 234
116 255
116 260
116 300
116 314
116 320
116 376
116 43
116 52
116 72
116 94
116 135
116 141
116 142
116 167
116 316
117 206
117 260
117 292
117 298
117 326
117 329
117 370
117 1
117 21
117 27
117 45
117 54
117 55
117 65
117 76
117 83
117 92
117 121
117 135
117 140
117 317
118 210
118 243
118 18
118 28
118 36
118 65
118 88
118 91
118 123
118 127
118 152
118 164
118 167
118 170
118 185
118 318
119 211
119 227
119 237
119 280
119 333
119 355
119 6
119 18
119 54
119 68
119 72
119 80
119 83
119 125
119 140
119 319
120 210
120 295
120 351
120 68
120 78
120 138
120 165
120 167
120 177
120 320
121 259
121 319
121 325
121 345
121 22
121 53
121 62
121 70
121 84
121 90
121 103
121 117
121 125
121 131
121 138
121 140
121 174
121 191
121 193
121 321
122 277
122 358
122 391
122 18
122 22
122 28
122 30
122 62
122 67
122 83
122 84
122 88
122 101
122 103
122 132
122 146
122 151
122 322
123 240
123 297
123 301
123 377
123 392
123 17
123 70
123 100
123 118
123 127
123 198
123 323
124 201
124 237
124 294
124 297
124 314
124 387
124 11
124 22
124 33
124 38
124 47
124 64
124 93
124 94
124 111
124 126
124 131
124 139
124 141
124 324
125 233
125 243
125 270
125 279
125 292
125 363
125 31
125 49
125 58
125 71
125 111
125 119
125 121
125 153
125 185
125 325
126 287
126 36
126 37
126 45
126 48
126 53
126 56
126 81
126 86
126 100
126 103
126 124
126 136
126 137
126 143
126 158
126 169
126 326
127 306
127 361
127 7
127 10
127 14
127 59
127 64
127 65
127 75
127 78
127 107
127 118
127 123
127 138
127 139
127 141
127 152
127 167
127 181
127 185
127 193
127 327
128 221
128 256
128 284
128 308
128 25
128 32
128 36
128 38
128 48
128 54
128 58
128 74
128 81
128 94
128 101
128 102
128 104
128 164
128 169
128 183
128 190
128 328
129 202
129 269
129 288
129 347
129 352
129 380
129 0
129 18
129 55
129 56
129 61
129 63
129 85
129 134
129 329
130 256
130 326
130 335
130 355
130 0
130 41
130 58
130 82
130 97
130 155
130 159
130 184
130 330
131 220
131 270
131 283
131 298
131 365
131 6
131 12
131 25
131 50
131 104
131 121
131 124
131 143
131 165
131 171
131 187
131 188
131 331
132 206
132 248
132 252
132 285
132 367
132 376
132 4
132 14
132 24
132 35
132 48
132 67
132 82
132 92
132 115
132 122
132 139
132 147
132 162
132 166
132 168
132 176
132 189
132 192
132 332
133 285
133 304
133 372
133 10
133 13
133 25
133 43
133 66
133 83
133 89
133 135
133 157
133 168
133 170
133 175
133 188
133 190
133 333
134 299
134 350
134 397
134 9
134 35
134 37
134 46
134 78
134 129
134 138
134 173
134 334
135 257
135 377
135 5
135 17
135 19
135 35
135 77
135 80
135 88
135 91
135 102
135 116
135 117
135 133
135 139
135 158
135 175
135 199
135 335
136 238
136 261
136 268
136 303
136 4
136 7
136 42
136 48
136 60
136 126
136 178
136 336
137 260
137 284
137 290
137 0
137 3
137 12
137 24
137 35
137 36
137 39
137 55
137 72
137 85
137 86
137 88
137 93
137 99
137 104
137 126
137 154
137 167
137 190
137 337
138 264
138 284
138 309
138 337
138 340
138 349
138 361
138 367
138 9
138 10
138 20
138 28
138 51
138 60
138 67
138 110
138 120
138 121
138 127
138 134
138 168
138 191
138 338
139 233
139 256
139 318
139 334
139 352
139 396
139 29
139 43
139 67
139 74
139 76
139 94
139 106
139 124
139 127
139 132
139 135
139 147
139 148
139 165
139 178
139 193
139 196
139 339
140 249
140 339
140 28
140 37
140 46
140 83
140 93
140 109
140 117
140 119
140 121
140 159
140 340
141 207
141 244
141 247
141 257
141 264
141 316
141 381
141 1
141 27
141 62
141 76
141 79
141 83
141 95
141 116
141 124
141 127
141 146
141 154
141 183
141 341
142 226
142 265
142 340
142 376
142 4
142 73
142 74
142 94
142 103
142 116
142 144
142 171
142 190
142 342
143 289
143 303
143 323
143 331
143 4
143 12
143 15
143 20
143 21
143 40
143 48
143 65
143 89
143 92
143 94
143 96
143 126
143 131
143 162
143 163
143 192
143 343
144 205
144 265
144 289
144 299
144 313
144 316
144 364
144 375
144 377
144 1
144 4
144 10
144 14
144 32
144 43
144 55
144 62
144 75
144 113
144 142
144 183
144 344
145 272
145 316
145 362
145 376
145 381
145 5
145 29
145 54
145 80
145 88
145 101
145 159
145 191
145 197
145 345
146 276
146 288
146 321
146 327
146 395
146 2
146 4
146 24
146 28
146 38
146 74
146 92
146 122
146 141
146 346
147 294
147 320
147 334
147 344
147 382
147 0
147 3
147 31
147 43
147 61
147 96
147 98
147 105
147 132
147 139
147 155
147 175
147 190
147 196
147 199
147 347
148 251
148 335
148 361
148 0
148 3
148 14
148 16
148 18
148 27
148 59
148 82
148 87
148 100
148 104
148 112
148 139
148 149
148 153
148 160
148 162
148 171
148 348
149 328
149 0
149 1
149 3
149 19
149 28
149 33
149 108
149 148
149 154
149 173
149 349
150 301
150 324
150 360
150 377
150 378
150 9
150 21
150 40
150 53
150 65
150 86
150 154
150 180
150 350
151 223
151 260
151 276
151 317
151 354
151 370
151 374
151 377
151 391
151 399
151 1
151 57
151 92
151 122
151 165
151 169
151 171
151 199
151 351
152 266
152 268
152 327
152 330
152 359
152 25
152 46
152 63
152 66
152 83
152 118
152 127
152 158
152 185
152 352
153 216
153 301
153 331
153 8
153 10
153 29
153 38
153 51
153 63
153 66
153 89
153 93
153 98
153 125
153 148
153 191
153 194
153 353
154 336
154 353
154 365
154 384
154 18
154 27
154 30
154 44
154 74
154 80
154 107
154 112
154 137
154 141
154 149
154 150
154 160
154 185
154 190
154 354
155 237
155 324
155 331
155 3
155 29
155 42
155 63
155 85
155 86
155 89
155 103
155 111
155 130
155 147
155 157
155 175
155 197
155 355
156 213
156 264
156 312
156 340
156 343
156 21
156 28
156 45
156 53
156 74
156 77
156 95
156 99
156 106
156 171
156 174
156 356
157 289
157 294
157 388
157 0
157 49
157 54
157 62
157 87
157 96
157 105
157 106
157 114
157 133
157 155
157 159
157 188
157 357
158 209
158 283
158 344
158 358
158 6
158 10
158 43
158 65
158 71
158 73
158 75
158 107
158 126
158 135
158 152
158 169
158 181
158 191
159 224
159 261
159 314
159 324
159 343
159 9
159 33
159 69
159 78
159 96
159 102
159 130
159 140
159 145
159 157
159 177
159 359
160 227
160 248
160 258
160 392
160 33
160 37
160 79
160 85
160 115
160 148
160 154
160 171
160 179
160 195
160 198
160 360
161 280
161 290
161 337
161 6
161 14
161 45
161 61
161 63
161 65
161 84
161 103
161 169
161 172
161 186
161 199
161 361
162 208
162 219
162 282
162 322
162 41
162 66
162 70
162 94
162 111
162 132
162 143
162 148
162 173
162 187
162 362
163 290
163 308
163 310
163 328
163 357
163 15
163 69
163 71
163 81
163 143
163 164
163 182
163 363
164 298
164 315
164 325
164 361
164 7
164 11
164 14
164 26
164 56
164 118
164 128
164 163
164 193
164 364
165 229
165 268
165 289
165 307
165 365
165 392
165 9
165 36
165 61
165 85
165 120
165 131
165 139
165 151
165 175
166 252
166 269
166 320
166 339
166 21
166 31
166 34
166 58
166 107
166 108
166 110
166 112
166 132
166 366
167 386
167 245
167 7
167 51
167 55
167 72
167 74
167 84
167 97
167 116
167 118
167 120
167 127
167 137
167 177
167 188
167 367
168 399
168 386
168 6
168 9
168 85
168 94
168 96
168 101
168 103
168 114
168 132
168 133
168 138
168 173
168 184
168 193
168 368
169 208
169 377
169 18
169 33
169 39
169 56
169 81
169 94
169 101
169 111
169 126
169 128
169 151
169 158
169 161
169 176
169 178
169 182
169 183
169 185
169 187
169 189
169 369
170 211
170 241
170 263
170 308
170 360
170 383
170 3
170 13
170 16
170 43
170 60
170 68
170 74
170 106
170 118
170 133
170 173
170 179
170 181
170 182
170 184
170 370
171 217
171 257
171 316
171 333
171 360
171 361
171 393
171 33
171 34
171 50
171 54
171 65
171 66
171 98
171 104
171 131
171 142
171 148
171 151
171 156
171 160
171 177
171 371
172 216
172 244
172 247
172 262
172 303
172 326
172 366
172 1
172 46
172 55
172 72
172 74
172 97
172 161
172 178
172 183
172 196
172 372
173 268
173 276
173 320
173 336
173 366
173 376
173 2
173 22
173 24
173 30
173 74
173 75
173 79
173 93
173 97
173 134
173 149
173 162
173 168
173 170
173 193
173 373
174 242
174 277
174 282
174 305
174 14
174 15
174 16
174 71
174 78
174 94
174 105
174 121
174 156
174 192
174 374
175 283
175 299
175 345
175 360
175 1
175 23
175 31
175 70
175 91
175 115
175 133
175 135
175 147
175 155
175 165
175 375
176 235
176 246
176 10
176 19
176 23
176 67
176 70
176 132
176 169
176 185
176 188
176 196
176 376
177 209
177 275
177 280
177 350
177 10
177 26
177 29
177 100
177 120
177 159
177 167
177 171
177 185
177 377
178 243
178 266
178 341
178 356
178 366
178 388
178 1
178 28
178 50
178 51
178 63
178 78
178 109
178 136
178 139
178 169
178 172
178 378
179 272
179 298
179 299
179 312
179 390
179 6
179 34
179 48
179 87
179 114
179 160
179 170
179 194
179 379
180 263
180 318
180 378
180 2
180 8
180 22
180 23
180 33
180 48
180 54
180 55
180 69
180 82
180 94
180 107
180 150
180 186
180 190
180 380
181 207
181 343
181 365
181 389
181 53
181 60
181 71
181 76
181 77
181 82
181 88
181 99
181 110
181 127
181 158
181 170
181 189
181 381
182 206
182 225
182 302
182 374
182 399
182 1
182 25
182 30
182 61
182 64
182 73
182 74
182 92
182 98
182 105
182 111
182 163
182 169
182 170
182 185
182 382
183 251
183 266
183 275
183 334
183 50
183 66
183 113
183 128
183 141
183 144
183 169
183 172
183 185
183 194
183 383
184 296
184 329
184 379
184 13
184 58
184 63
184 89
184 91
184 130
184 168
184 170
184 192
184 384
185 271
185 312
185 393
185 0
185 8
185 19
185 30
185 88
185 115
185 118
185 125
185 127
185 152
185 154
185 169
185 176
185 177
185 182
185 183
185 190
185 191
185 194
185 385
186 215
186 247
186 0
186 12
186 32
186 36
186 51
186 74
186 75
186 79
186 161
186 180
186 196
186 386
187 246
187 338
187 0
187 14
187 48
187 72
187 79
187 90
187 109
187 131
187 162
187 169
187 191
187 387
188 200
188 203
188 209
188 258
188 264
188 274
188 308
188 346
188 1
188 7
188 12
188 13
188 33
188 35
188 93
188 102
188 131
188 133
188 157
188 167
188 176
188 190
188 196
188 388
189 350
189 380
189 387
189 15
189 27
189 32
189 41
189 98
189 106
189 109
189 132
189 169
189 181
189 198
189 389
190 242
190 346
190 357
190 385
190 388
190 47
190 57
190 70
190 86
190 90
190 97
190 113
190 128
190 133
190 137
190 142
190 147
190 154
190 180
190 185
190 188
190 194
190 390
191 221
191 311
191 334
191 377
191 18
191 23
191 30
191 44
191 47
191 100
191 105
191 121
191 138
191 145
191 153
191 158
191 185
191 187
191 391
192 219
192 284
192 4
192 14
192 25
192 59
192 78
192 99
192 103
192 132
192 143
192 174
192 184
192 392
193 211
193 314
193 315
193 372
193 388
193 3
193 16
193 18
193 50
193 70
193 121
193 127
193 139
193 164
193 168
193 173
193 393
194 328
194 336
194 11
194 25
194 153
194 179
194 183
194 185
194 190
194 394
195 233
195 289
195 290
195 362
195 34
195 81
195 160
195 395
196 236
196 263
196 348
196 372
196 378
196 11
196 25
196 40
196 91
196 92
196 139
196 147
196 172
196 176
196 186
196 188
196 396
197 238
197 239
197 258
197 329
197 345
197 379
197 2
197 3
197 7
197 9
197 14
197 32
197 34
197 47
197 86
197 91
197 104
197 108
197 145
197 155
197 397
198 307
198 3
198 10
198 48
198 58
198 64
198 68
198 89
198 104
198 112
198 123
198 160
198 189
198 398
199 206
199 212
199 217
199 311
199 343
199 364
199 33
199 40
199 90
199 135
199 147
199 151
199 161
199 399
200 8
200 188
200 0
201 124
201 1
202 63
202 93
202 129
202 2
203 59
203 188
203 3
204 95
204 115
204 4
205 0
205 22
205 52
205 87
205 144
205 5
206 70
206 117
206 132
206 182
206 199
206 6
207 141
207 181
207 7
208 35
208 62
208 86
208 88
208 94
208 104
208 162
208 169
208 8
209 41
209 46
209 110
209 158
209 177
209 188
209 9
210 11
210 17
210 44
210 69
210 118
210 120
210 10
211 23
211 119
211 170
211 193
211 11
212 20
212 36
212 199
212 12
213 106
213 113
213 156
213 13
214 93
214 14
215 89
215 111
215 186
215 15
216 25
216 103
216 153
216 172
216 16
217 31
217 71
217 104
217 171
217 199
217 17
218 12
218 39
218 18
219 12
219 13
219 41
219 83
219 162
219 192
219 19
220 97
220 131
220 20
221 86
221 128
221 191
221 21
222 21
222 26
222 51
222 22
223 64
223 82
223 110
223 111
223 151
223 23
224 159
224 24
225 103
225 182
225 25
226 109
226 142
226 26
227 0
227 67
227 119
227 160
227 27
228 4
228 28
229 18
229 20
229 36
229 85
229 165
229 29
230 86
230 91
230 30
231 21
231 93
231 31
232 55
232 78
232 32
233 125
233 139
233 195
233 33
234 48
234 79
234 116
234 34
235 93
235 176
235 35
236 37
236 50
236 51
236 196
236 36
237 119
237 124
237 155
237 37
238 17
238 63
238 136
238 197
238 38
239 5
239 14
239 197
239 39
240 43
240 60
240 123
240 40
241 17
241 57
241 109
241 170
241 41
242 174
242 190
242 42
243 7
243 90
243 110
243 118
243 125
243 178
243 43
244 17
244 81
244 141
244 172
244 44
245 9
245 30
245 112
245 167
245 45
246 22
246 70
246 176
246 187
246 46
247 79
247 141
247 172
247 186
247 47
248 2
248 109
248 132
248 160
248 48
249 140
249 49
250 23
250 95
250 50
251 52
251 72
251 148
251 183
251 51
252 3
252 132
252 166
252 52
253 17
253 33
253 82
253 92
253 94
253 53
254 86
254 54
255 58
255 71
255 83
255 116
255 55
256 71
256 85
256 87
256 128
256 130
256 139
256 56
257 61
257 72
257 77
257 83
257 135
257 141
257 171
257 57
258 5
258 160
258 188
258 197
258 58
259 28
259 43
259 121
259 59
260 54
260 98
260 116
260 117
260 137
260 151
260 60
261 3
261 13
261 34
261 50
261 73
261 136
261 159
261 61
262 70
262 99
262 172
262 62
263 56
263 80
263 170
263 180
263 196
263 63
264 138
264 141
264 156
264 188
264 64
265 14
265 43
265 142
265 144
265 65
266 152
266 178
266 183
266 66
267 13
267 20
267 47
267 97
267 107
267 67
268 93
268 136
268 152
268 165
268 173
268 68
269 6
269 129
269 166
269 69
270 4
270 125
270 131
270 70
271 3
271 17
271 37
271 78
271 115
271 185
271 71
272 10
272 46
272 90
272 145
272 179
272 72
273 14
273 40
273 105
273 73
274 22
274 26
274 70
274 188
274 74
275 44
275 177
275 183
275 75
276 103
276 109
276 111
276 146
276 151
276 173
276 76
277 49
277 63
277 99
277 101
277 122
277 174
277 77
278 36
278 41
278 107
278 78
279 125
279 79
280 5
280 16
280 31
280 119
280 161
280 177
280 80
281 34
281 63
281 81
281 86
282 33
282 63
282 162
282 174
282 82
283 4
283 28
283 109
283 131
283 158
283 175
283 83
284 27
284 42
284 48
284 52
284 93
284 98
284 107
284 128
284 137
284 138
284 192
284 84
285 34
285 93
285 132
285 133
285 85
286 18
286 67
286 86
287 13
287 110
287 126
287 87
288 21
288 26
288 67
288 79
288 129
288 146
288 88
289 38
289 44
289 45
289 143
289 144
289 157
289 165
289 195
289 89
290 16
290 59
290 137
290 161
290 163
290 195
290 90
291 8
291 50
291 53
291 89
291 93
291 106
291 91
292 117
292 125
292 92
293 17
293 28
293 93
294 25
294 32
294 62
294 66
294 94
294 107
294 114
294 124
294 147
294 157
295 20
295 22
295 60
295 61
295 120
295 95
296 28
296 184
296 96
297 43
297 44
297 68
297 123
297 124
297 97
298 42
298 117
298 131
298 164
298 179
298 98
299 43
299 134
299 144
299 175
299 179
299 99
300 1
300 74
300 109
300 116
300 100
301 3
301 65
301 83
301 123
301 150
301 153
301 101
302 59
302 95
302 98
302 111
302 182
302 102
303 28
303 60
303 103
303 136
303 143
303 172
304 97
304 133
304 104
305 174
305 105
306 127
306 106
307 14
307 100
307 113
307 165
307 198
307 107
308 25
308 41
308 110
308 111
308 128
308 163
308 170
308 188
308 108
309 8
309 138
309 109
310 163
310 110
311 47
311 55
311 191
311 199
311 111
312 156
312 179
312 185
312 112
313 3
313 88
313 102
313 144
313 113
314 1
314 33
314 34
314 50
314 76
314 91
314 116
314 124
314 159
314 193
314 114
315 95
315 164
315 193
315 115
316 26
316 44
316 141
316 144
316 145
316 171
316 116
317 73
317 111
317 151
317 117
318 26
318 69
318 83
318 139
318 180
318 118
319 7
319 17
319 26
319 89
319 121
319 119
320 104
320 116
320 147
320 166
320 173
320 120
321 18
321 86
321 146
321 121
322 43
322 64
322 66
322 162
322 122
323 143
323 123
324 2
324 42
324 67
324 88
324 150
324 155
324 159
324 124
325 0
325 121
325 164
325 125
326 1
326 10
326 44
326 117
326 130
326 172
326 126
327 63
327 95
327 146
327 152
327 127
328 61
328 75
328 149
328 163
328 194
328 128
329 37
329 84
329 117
329 184
329 197
329 129
330 17
330 85
330 94
330 152
330 130
331 18
331 60
331 143
331 153
331 155
331 131
332 25
332 67
332 110
332 132
333 26
333 37
333 65
333 72
333 81
333 119
333 171
333 133
334 42
334 43
334 139
334 147
334 183
334 191
334 134
335 3
335 130
335 148
335 135
336 17
336 33
336 91
336 154
336 173
336 194
336 136
337 68
337 138
337 161
337 137
338 24
338 37
338 61
338 92
338 93
338 111
338 187
338 138
339 5
339 140
339 166
339 139
340 15
340 100
340 138
340 142
340 156
340 140
341 51
341 55
341 178
341 141
342 33
342 68
342 76
342 142
343 11
343 48
343 63
343 71
343 156
343 159
343 181
343 199
343 143
344 14
344 67
344 147
344 158
344 144
345 21
345 33
345 85
345 100
345 110
345 113
345 121
345 175
345 197
345 145
346 56
346 68
346 188
346 190
346 146
347 129
347 147
348 16
348 89
348 196
348 148
349 13
349 47
349 63
349 82
349 85
349 138
349 149
350 51
350 84
350 134
350 177
350 189
350 150
351 42
351 55
351 120
351 151
352 2
352 129
352 139
352 152
353 35
353 154
353 153
354 151
354 154
355 2
355 68
355 119
355 130
355 155
356 47
356 97
356 178
356 156
357 163
357 190
357 157
358 28
358 31
358 122
358 158
359 24
359 50
359 58
359 152
359 159
360 28
360 36
360 53
360 54
360 58
360 86
360 150
360 170
360 171
360 175
360 160
361 73
361 77
361 91
361 127
361 138
361 148
361 164
361 171
361 161
362 14
362 19
362 145
362 195
362 162
363 10
363 125
363 163
364 50
364 106
364 107
364 144
364 199
364 164
365 82
365 131
365 154
365 165
365 181
366 5
366 37
366 78
366 87
366 172
366 173
366 178
366 166
367 132
367 138
367 167
368 10
368 31
368 37
368 69
368 113
368 168
369 59
369 90
369 101
369 169
370 117
370 151
370 170
371 26
371 34
371 88
371 171
372 12
372 69
372 91
372 98
372 133
372 193
372 196
372 172
373 14
373 21
373 86
373 113
373 173
374 24
374 105
374 151
374 182
374 174
375 0
375 41
375 46
375 144
375 175
376 21
376 28
376 82
376 99
376 116
376 132
376 142
376 145
376 173
376 176
377 43
377 55
377 71
377 123
377 135
377 144
377 150
377 151
377 169
377 191
377 177
378 150
378 180
378 196
378 178
379 84
379 102
379 184
379 197
379 179
380 15
380 70
380 84
380 109
380 115
380 129
380 189
380 180
381 141
381 145
381 181
382 29
382 70
382 71
382 147
382 182
383 40
383 170
383 183
384 12
384 36
384 114
384 154
384 184
385 2
385 32
385 83
385 190
385 185
386 30
386 108
386 167
386 168
386 186
387 24
387 124
387 189
387 187
388 35
388 157
388 178
388 190
388 193
388 188
389 181
389 189
390 16
390 81
390 179
390 190
391 122
391 151
391 191
392 72
392 87
392 123
392 160
392 165
392 192
393 7
393 24
393 171
393 185
393 193
394 13
394 64
394 194
395 40
395 80
395 146
395 195
396 44
396 139
396 196
397 134
397 197
398 40
398 49
398 66
398 96
398 113
398 198
399 9
399 15
399 81
399 108
399 112
399 151
399 168
399 182
399 199
