  100   830
0 71
0 72
0 75
0 99
0 82
0 2
0 4
0 6
0 7
0 9
0 10
0 14
0 15
0 16
0 17
0 18
0 19
0 20
0 22
0 23
0 27
0 28
0 29
0 30
0 31
0 32
0 33
0 35
0 37
0 38
0 39
0 40
0 41
0 49
0 50
1 58
1 62
1 87
1 2
1 4
1 7
1 8
1 11
1 12
1 14
1 16
1 17
1 18
1 19
1 26
1 27
1 28
1 30
1 31
1 32
1 34
1 36
1 37
1 38
1 39
1 40
1 41
1 42
1 43
1 44
1 45
1 48
1 51
2 61
2 84
2 0
2 1
2 3
2 5
2 6
2 7
2 9
2 10
2 12
2 16
2 17
2 19
2 20
2 21
2 23
2 28
2 32
2 33
2 34
2 35
2 36
2 38
2 42
2 44
2 45
2 46
2 47
2 48
2 52
3 52
3 59
3 70
3 76
3 91
3 2
3 4
3 10
3 11
3 12
3 13
3 17
3 19
3 20
3 21
3 27
3 28
3 30
3 31
3 36
3 37
3 38
3 40
3 41
3 44
3 48
3 53
4 55
4 64
4 74
4 81
4 0
4 1
4 3
4 5
4 6
4 7
4 8
4 13
4 18
4 20
4 24
4 25
4 26
4 28
4 30
4 31
4 32
4 34
4 37
4 38
4 39
4 40
4 44
4 45
4 46
4 47
4 49
4 54
5 67
5 93
5 94
5 2
5 4
5 6
5 7
5 9
5 10
5 11
5 13
5 14
5 15
5 20
5 24
5 25
5 27
5 28
5 29
5 30
5 31
5 32
5 33
5 37
5 39
5 42
5 43
5 45
5 48
5 55
6 50
6 65
6 72
6 79
6 86
6 0
6 2
6 4
6 5
6 12
6 15
6 17
6 20
6 21
6 24
6 31
6 32
6 33
6 34
6 38
6 39
6 40
6 41
6 47
6 56
7 56
7 60
7 77
7 78
7 87
7 99
7 0
7 1
7 2
7 4
7 5
7 10
7 11
7 12
7 16
7 20
7 21
7 22
7 23
7 24
7 25
7 26
7 27
7 28
7 32
7 33
7 34
7 35
7 36
7 37
7 41
7 46
7 49
7 57
8 78
8 83
8 1
8 4
8 9
8 10
8 15
8 16
8 18
8 21
8 22
8 25
8 27
8 29
8 30
8 35
8 36
8 37
8 42
8 44
8 46
8 49
8 58
9 57
9 84
9 91
9 0
9 2
9 5
9 8
9 10
9 12
9 13
9 17
9 18
9 20
9 21
9 22
9 24
9 25
9 26
9 28
9 29
9 31
9 35
9 37
9 38
9 42
9 44
9 45
9 46
9 47
9 48
9 49
9 59
10 51
10 57
10 74
10 83
10 96
10 0
10 2
10 3
10 5
10 7
10 8
10 9
10 11
10 16
10 17
10 18
10 19
10 20
10 21
10 22
10 23
10 27
10 28
10 29
10 31
10 32
10 34
10 35
10 36
10 37
10 39
10 40
10 47
10 60
11 52
11 55
11 73
11 1
11 3
11 5
11 7
11 10
11 15
11 19
11 23
11 26
11 28
11 29
11 30
11 33
11 37
11 38
11 42
11 44
11 45
11 48
11 61
12 84
12 88
12 1
12 2
12 3
12 6
12 7
12 9
12 15
12 16
12 19
12 23
12 25
12 28
12 32
12 35
12 36
12 37
12 38
12 39
12 41
12 42
12 43
12 44
12 46
12 47
12 48
12 49
12 62
13 54
13 83
13 86
13 3
13 4
13 5
13 9
13 22
13 23
13 29
13 31
13 33
13 34
13 36
13 37
13 38
13 39
13 40
13 42
13 43
13 44
13 45
13 47
13 48
13 63
14 53
14 54
14 58
14 85
14 93
14 98
14 0
14 1
14 5
14 15
14 17
14 20
14 22
14 26
14 28
14 29
14 31
14 34
14 35
14 36
14 37
14 39
14 45
14 47
14 48
14 64
15 62
15 92
15 0
15 5
15 6
15 8
15 11
15 12
15 14
15 16
15 19
15 20
15 23
15 24
15 26
15 27
15 31
15 33
15 34
15 37
15 42
15 43
15 45
15 65
16 51
16 65
16 84
16 89
16 0
16 1
16 2
16 7
16 8
16 10
16 12
16 15
16 19
16 20
16 23
16 25
16 28
16 32
16 37
16 40
16 42
16 43
16 44
16 48
16 66
17 52
17 58
17 68
17 71
17 97
17 0
17 1
17 2
17 3
17 6
17 9
17 10
17 14
17 19
17 22
17 24
17 26
17 27
17 29
17 30
17 31
17 33
17 37
17 38
17 40
17 41
17 42
17 45
17 46
17 48
17 67
18 62
18 76
18 83
18 87
18 0
18 1
18 4
18 8
18 9
18 10
18 23
18 25
18 26
18 29
18 30
18 32
18 33
18 34
18 35
18 37
18 38
18 39
18 40
18 43
18 44
18 45
18 46
18 47
18 48
18 68
19 66
19 68
19 79
19 89
19 91
19 94
19 96
19 0
19 1
19 2
19 3
19 10
19 11
19 12
19 15
19 16
19 17
19 20
19 23
19 29
19 32
19 35
19 37
19 38
19 40
19 48
19 69
20 56
20 85
20 0
20 2
20 3
20 4
20 5
20 6
20 7
20 9
20 10
20 14
20 15
20 16
20 19
20 21
20 23
20 25
20 28
20 30
20 33
20 38
20 39
20 41
20 43
20 44
20 45
20 48
20 70
21 68
21 71
21 98
21 2
21 3
21 6
21 7
21 8
21 9
21 10
21 20
21 23
21 26
21 28
21 30
21 31
21 34
21 35
21 36
21 37
21 38
21 39
21 40
21 43
21 45
21 46
22 64
22 90
22 0
22 7
22 8
22 9
22 10
22 13
22 14
22 17
22 23
22 24
22 26
22 28
22 29
22 30
22 33
22 34
22 35
22 36
22 41
22 42
22 43
22 46
22 48
22 49
22 72
23 56
23 69
23 77
23 83
23 0
23 2
23 7
23 10
23 11
23 12
23 13
23 15
23 16
23 18
23 19
23 20
23 21
23 22
23 26
23 27
23 31
23 33
23 34
23 40
23 42
23 44
23 47
23 48
23 49
23 73
24 54
24 69
24 92
24 4
24 5
24 6
24 7
24 9
24 15
24 17
24 22
24 25
24 27
24 29
24 30
24 31
24 34
24 45
24 46
24 49
24 74
25 57
25 62
25 79
25 83
25 88
25 4
25 5
25 7
25 8
25 9
25 12
25 16
25 18
25 20
25 24
25 30
25 32
25 34
25 35
25 36
25 41
25 42
25 46
25 47
25 75
26 51
26 52
26 89
26 1
26 4
26 7
26 9
26 11
26 14
26 15
26 17
26 18
26 21
26 22
26 23
26 28
26 29
26 30
26 31
26 34
26 35
26 36
26 39
26 40
26 42
26 43
26 44
26 46
26 49
26 76
27 64
27 89
27 99
27 0
27 1
27 3
27 5
27 7
27 8
27 10
27 15
27 17
27 23
27 24
27 28
27 29
27 32
27 35
27 37
27 39
27 40
27 41
27 43
27 44
27 47
27 77
28 63
28 91
28 0
28 1
28 2
28 3
28 4
28 5
28 7
28 9
28 10
28 11
28 12
28 14
28 16
28 20
28 21
28 22
28 26
28 27
28 29
28 30
28 33
28 35
28 36
28 38
28 39
28 44
28 45
28 47
28 48
28 49
28 78
29 50
29 51
29 53
29 55
29 57
29 74
29 92
29 0
29 5
29 8
29 9
29 10
29 11
29 13
29 14
29 17
29 18
29 19
29 22
29 24
29 26
29 27
29 28
29 31
29 36
29 37
29 38
29 42
29 44
29 46
29 47
29 79
30 65
30 80
30 89
30 0
30 1
30 3
30 4
30 5
30 8
30 11
30 17
30 18
30 20
30 21
30 22
30 24
30 25
30 26
30 28
30 35
30 36
30 39
30 46
30 49
31 53
31 95
31 0
31 1
31 3
31 4
31 5
31 6
31 9
31 10
31 13
31 14
31 15
31 17
31 21
31 23
31 24
31 26
31 29
31 40
31 42
31 43
31 44
31 48
31 49
31 81
32 55
32 58
32 77
32 0
32 1
32 2
32 4
32 5
32 6
32 7
32 10
32 12
32 16
32 18
32 19
32 25
32 27
32 33
32 35
32 41
32 43
32 44
32 47
32 49
32 82
33 56
33 69
33 0
33 2
33 5
33 6
33 7
33 11
33 13
33 15
33 17
33 18
33 20
33 22
33 23
33 28
33 32
33 36
33 37
33 38
33 40
33 43
33 46
33 48
33 83
34 51
34 53
34 58
34 64
34 86
34 1
34 2
34 4
34 6
34 7
34 10
34 13
34 14
34 15
34 18
34 21
34 22
34 23
34 24
34 25
34 26
34 35
34 36
34 37
34 38
34 39
34 41
34 45
34 46
34 47
34 84
35 53
35 55
35 57
35 66
35 87
35 91
35 98
35 0
35 2
35 7
35 8
35 9
35 10
35 12
35 14
35 18
35 19
35 21
35 22
35 25
35 26
35 27
35 28
35 30
35 32
35 34
35 36
35 37
35 38
35 40
35 41
35 43
35 45
35 48
35 85
36 50
36 69
36 75
36 1
36 2
36 3
36 7
36 8
36 10
36 12
36 13
36 14
36 21
36 22
36 25
36 26
36 28
36 29
36 30
36 33
36 34
36 35
36 37
36 38
36 39
36 41
36 42
36 43
36 44
36 86
37 70
37 96
37 0
37 1
37 3
37 4
37 5
37 7
37 8
37 9
37 10
37 11
37 12
37 13
37 14
37 15
37 16
37 17
37 18
37 19
37 21
37 27
37 29
37 33
37 34
37 35
37 36
37 39
37 40
37 43
37 46
37 47
37 48
37 87
38 62
38 71
38 0
38 1
38 2
38 3
38 4
38 6
38 9
38 11
38 12
38 13
38 17
38 18
38 19
38 20
38 21
38 28
38 29
38 33
38 34
38 35
38 36
38 40
38 44
38 45
38 47
38 88
39 55
39 67
39 69
39 80
39 85
39 92
39 93
39 96
39 0
39 1
39 4
39 5
39 6
39 10
39 12
39 13
39 14
39 18
39 20
39 21
39 26
39 27
39 28
39 30
39 34
39 36
39 37
39 43
39 44
39 45
39 46
39 48
39 89
40 58
40 60
40 69
40 85
40 98
40 0
40 1
40 3
40 4
40 6
40 10
40 13
40 16
40 17
40 18
40 19
40 21
40 23
40 26
40 27
40 31
40 33
40 35
40 37
40 38
40 45
40 47
40 90
41 55
41 69
41 91
41 95
41 0
41 1
41 3
41 6
41 7
41 12
41 17
41 20
41 22
41 25
41 27
41 32
41 34
41 35
41 36
41 42
41 43
41 44
41 46
41 47
41 48
41 49
42 61
42 71
42 87
42 1
42 2
42 5
42 8
42 9
42 11
42 12
42 13
42 15
42 16
42 17
42 22
42 23
42 25
42 26
42 29
42 31
42 36
42 41
42 43
42 47
42 49
42 92
43 59
43 74
43 76
43 80
43 95
43 1
43 5
43 12
43 13
43 15
43 16
43 18
43 20
43 21
43 22
43 26
43 27
43 31
43 32
43 33
43 35
43 36
43 37
43 39
43 41
43 42
43 44
43 46
43 48
43 93
44 62
44 1
44 2
44 3
44 4
44 8
44 9
44 11
44 12
44 13
44 16
44 18
44 20
44 23
44 26
44 27
44 28
44 29
44 31
44 32
44 36
44 38
44 39
44 41
44 43
44 46
44 48
44 49
44 94
45 54
45 65
45 66
45 86
45 91
45 94
45 1
45 2
45 4
45 5
45 9
45 11
45 13
45 14
45 15
45 17
45 18
45 20
45 21
45 24
45 28
45 34
45 35
45 38
45 39
45 40
45 46
45 48
45 95
46 66
46 71
46 86
46 98
46 2
46 4
46 7
46 8
46 9
46 12
46 17
46 18
46 21
46 22
46 24
46 25
46 26
46 29
46 30
46 33
46 34
46 37
46 39
46 41
46 43
46 44
46 45
46 47
46 48
46 96
47 76
47 2
47 4
47 6
47 9
47 10
47 12
47 13
47 14
47 18
47 23
47 25
47 27
47 28
47 29
47 32
47 34
47 37
47 38
47 40
47 41
47 42
47 46
47 48
47 49
47 97
48 58
48 59
48 66
48 72
48 81
48 96
48 1
48 2
48 3
48 5
48 9
48 11
48 12
48 13
48 14
48 16
48 17
48 18
48 19
48 20
48 22
48 23
48 28
48 31
48 33
48 35
48 37
48 39
48 41
48 43
48 44
48 45
48 46
48 47
48 49
48 98
49 55
49 0
49 4
49 7
49 8
49 9
49 12
49 22
49 23
49 24
49 26
49 28
49 30
49 31
49 32
49 41
49 42
49 44
49 47
49 48
49 99
50 6
50 29
50 36
50 0
51 10
51 16
51 26
51 29
51 34
51 1
52 3
52 11
52 17
52 26
52 2
53 14
53 29
53 31
53 34
53 35
53 3
54 13
54 14
54 24
54 45
54 4
55 4
55 11
55 29
55 32
55 35
55 39
55 41
55 49
55 5
56 7
56 20
56 23
56 33
56 6
57 9
57 10
57 25
57 29
57 35
57 7
58 1
58 14
58 17
58 32
58 34
58 40
58 48
58 8
59 3
59 43
59 48
59 9
60 7
60 40
60 10
61 2
61 42
61 11
62 1
62 15
62 18
62 25
62 38
62 44
62 12
63 28
63 13
64 4
64 22
64 27
64 34
64 14
65 6
65 16
65 30
65 45
65 15
66 19
66 35
66 45
66 46
66 48
66 16
67 5
67 39
67 17
68 17
68 19
68 21
68 18
69 23
69 24
69 33
69 36
69 39
69 40
69 41
69 19
70 3
70 37
70 20
71 0
71 17
71 21
71 38
71 42
71 46
72 0
72 6
72 48
72 22
73 11
73 23
74 4
74 10
74 29
74 43
74 24
75 0
75 36
75 25
76 3
76 18
76 43
76 47
76 26
77 7
77 23
77 32
77 27
78 7
78 8
78 28
79 6
79 19
79 25
79 29
80 30
80 39
80 43
81 4
81 48
81 31
82 0
82 32
83 8
83 10
83 13
83 18
83 23
83 25
83 33
84 2
84 9
84 12
84 16
84 34
85 14
85 20
85 39
85 40
85 35
86 6
86 13
86 34
86 45
86 46
86 36
87 1
87 7
87 18
87 35
87 42
87 37
88 12
88 25
88 38
89 16
89 19
89 26
89 27
89 30
89 39
90 22
90 40
91 3
91 9
91 19
91 28
91 35
91 41
91 45
92 15
92 24
92 29
92 39
92 42
93 5
93 14
93 39
93 43
94 5
94 19
94 45
94 44
95 31
95 41
95 43
95 45
96 10
96 19
96 37
96 39
96 48
96 46
97 17
97 47
98 14
98 21
98 35
98 40
98 46
98 48
99 0
99 7
99 27
99 49
