  200   5466
0 100
0 107
0 108
0 109
0 127
0 137
0 138
0 142
0 143
0 150
0 154
0 159
0 160
0 167
0 168
0 170
0 177
0 180
0 182
0 188
0 1
0 3
0 4
0 5
0 6
0 7
0 8
0 11
0 12
0 13
0 14
0 15
0 16
0 17
0 18
0 19
0 20
0 21
0 22
0 23
0 24
0 25
0 26
0 27
0 31
0 32
0 33
0 37
0 38
0 39
0 40
0 41
0 42
0 43
0 44
0 45
0 47
0 48
0 49
0 51
0 52
0 55
0 56
0 57
0 58
0 60
0 61
0 64
0 65
0 66
0 67
0 68
0 69
0 71
0 72
0 73
0 75
0 76
0 78
0 79
0 80
0 81
0 83
0 84
0 85
0 86
0 88
0 91
0 93
0 94
0 95
0 96
0 97
0 98
0 99
1 100
1 104
1 107
1 109
1 110
1 118
1 119
1 127
1 128
1 135
1 142
1 145
1 149
1 153
1 157
1 160
1 168
1 171
1 172
1 174
1 186
1 187
1 199
1 0
1 2
1 3
1 4
1 6
1 7
1 8
1 9
1 10
1 12
1 13
1 14
1 15
1 16
1 17
1 18
1 20
1 21
1 22
1 23
1 24
1 25
1 26
1 27
1 29
1 31
1 32
1 34
1 36
1 39
1 40
1 42
1 43
1 44
1 45
1 46
1 47
1 50
1 52
1 53
1 54
1 56
1 57
1 58
1 59
1 60
1 62
1 63
1 64
1 65
1 67
1 68
1 69
1 70
1 72
1 73
1 76
1 78
1 80
1 81
1 82
1 83
1 84
1 85
1 86
1 88
1 89
1 91
1 92
1 93
1 96
1 97
1 101
2 114
2 116
2 117
2 127
2 130
2 131
2 138
2 139
2 145
2 147
2 152
2 155
2 160
2 162
2 163
2 166
2 176
2 183
2 193
2 197
2 199
2 1
2 3
2 4
2 5
2 6
2 9
2 10
2 11
2 12
2 13
2 14
2 15
2 16
2 17
2 18
2 20
2 23
2 25
2 28
2 29
2 30
2 33
2 34
2 35
2 36
2 39
2 40
2 43
2 44
2 45
2 46
2 47
2 48
2 50
2 52
2 53
2 55
2 56
2 57
2 60
2 61
2 62
2 63
2 66
2 68
2 69
2 70
2 72
2 73
2 74
2 76
2 77
2 78
2 79
2 80
2 84
2 85
2 87
2 88
2 92
2 93
2 94
2 95
2 97
2 98
2 102
3 101
3 103
3 109
3 115
3 116
3 123
3 127
3 129
3 132
3 140
3 142
3 147
3 148
3 149
3 162
3 170
3 172
3 175
3 176
3 177
3 178
3 181
3 182
3 183
3 189
3 0
3 1
3 2
3 4
3 5
3 7
3 8
3 9
3 10
3 11
3 12
3 13
3 14
3 15
3 16
3 18
3 19
3 20
3 21
3 25
3 26
3 27
3 28
3 29
3 30
3 31
3 32
3 33
3 35
3 36
3 37
3 39
3 40
3 42
3 43
3 46
3 47
3 50
3 51
3 52
3 54
3 57
3 59
3 61
3 62
3 63
3 66
3 67
3 70
3 71
3 73
3 75
3 77
3 78
3 79
3 84
3 86
3 87
3 88
3 89
3 90
3 91
3 92
3 93
3 94
3 95
3 96
3 97
3 98
3 99
4 108
4 118
4 123
4 127
4 129
4 132
4 145
4 151
4 154
4 158
4 161
4 162
4 167
4 169
4 171
4 176
4 178
4 199
4 0
4 1
4 2
4 3
4 6
4 7
4 8
4 9
4 10
4 11
4 12
4 13
4 14
4 15
4 18
4 20
4 23
4 24
4 25
4 26
4 31
4 32
4 36
4 37
4 38
4 39
4 40
4 41
4 42
4 44
4 46
4 47
4 48
4 49
4 50
4 51
4 52
4 54
4 57
4 58
4 59
4 60
4 61
4 62
4 63
4 64
4 65
4 66
4 67
4 69
4 70
4 71
4 72
4 73
4 74
4 76
4 79
4 80
4 81
4 83
4 84
4 85
4 87
4 88
4 92
4 93
4 94
4 95
4 104
5 105
5 109
5 111
5 114
5 116
5 130
5 132
5 138
5 145
5 146
5 147
5 150
5 153
5 156
5 159
5 162
5 164
5 165
5 172
5 177
5 182
5 186
5 187
5 188
5 189
5 192
5 198
5 0
5 2
5 3
5 6
5 7
5 9
5 11
5 12
5 13
5 15
5 16
5 17
5 18
5 19
5 22
5 23
5 25
5 26
5 27
5 29
5 31
5 32
5 34
5 35
5 36
5 37
5 38
5 39
5 41
5 42
5 44
5 45
5 46
5 47
5 48
5 49
5 51
5 52
5 53
5 54
5 55
5 56
5 57
5 58
5 59
5 61
5 62
5 63
5 65
5 67
5 68
5 69
5 70
5 71
5 72
5 74
5 76
5 77
5 78
5 79
5 80
5 81
5 84
5 85
5 86
5 89
5 90
5 91
5 92
5 93
5 94
5 96
5 97
5 98
5 99
6 100
6 101
6 102
6 103
6 104
6 105
6 111
6 116
6 119
6 122
6 123
6 127
6 131
6 133
6 142
6 146
6 150
6 152
6 168
6 171
6 173
6 182
6 183
6 184
6 187
6 192
6 197
6 199
6 0
6 1
6 2
6 4
6 5
6 9
6 11
6 13
6 14
6 15
6 16
6 17
6 18
6 19
6 22
6 24
6 27
6 29
6 30
6 31
6 32
6 33
6 35
6 38
6 41
6 42
6 45
6 48
6 50
6 51
6 53
6 54
6 57
6 59
6 60
6 62
6 63
6 64
6 65
6 67
6 69
6 70
6 71
6 72
6 75
6 79
6 80
6 82
6 83
6 86
6 87
6 88
6 89
6 90
6 91
6 92
6 94
6 95
6 96
6 97
6 99
6 106
7 102
7 108
7 109
7 111
7 112
7 121
7 125
7 126
7 129
7 137
7 139
7 147
7 153
7 154
7 159
7 166
7 173
7 178
7 180
7 186
7 0
7 1
7 3
7 4
7 5
7 8
7 9
7 11
7 12
7 16
7 17
7 18
7 19
7 20
7 21
7 24
7 25
7 27
7 28
7 29
7 30
7 33
7 35
7 36
7 37
7 40
7 41
7 42
7 43
7 44
7 47
7 48
7 49
7 50
7 52
7 54
7 55
7 56
7 58
7 59
7 60
7 61
7 62
7 63
7 64
7 66
7 67
7 69
7 70
7 71
7 72
7 74
7 75
7 76
7 77
7 79
7 80
7 83
7 84
7 85
7 86
7 87
7 88
7 89
7 90
7 92
7 93
7 94
7 97
7 107
8 100
8 109
8 117
8 129
8 134
8 140
8 149
8 161
8 165
8 168
8 174
8 175
8 178
8 184
8 185
8 191
8 199
8 0
8 1
8 3
8 4
8 7
8 9
8 10
8 11
8 13
8 14
8 15
8 16
8 17
8 18
8 22
8 23
8 24
8 25
8 28
8 30
8 31
8 32
8 33
8 34
8 36
8 37
8 38
8 39
8 40
8 41
8 42
8 44
8 45
8 46
8 47
8 48
8 49
8 50
8 51
8 54
8 55
8 57
8 58
8 59
8 62
8 64
8 65
8 66
8 67
8 68
8 69
8 71
8 73
8 76
8 78
8 79
8 80
8 81
8 83
8 85
8 86
8 87
8 88
8 89
8 91
8 92
8 93
8 97
8 98
8 108
9 104
9 108
9 110
9 116
9 117
9 124
9 126
9 129
9 134
9 136
9 137
9 139
9 143
9 146
9 150
9 152
9 159
9 169
9 181
9 197
9 1
9 2
9 3
9 4
9 5
9 6
9 7
9 8
9 10
9 11
9 13
9 17
9 22
9 23
9 24
9 26
9 27
9 28
9 29
9 31
9 32
9 33
9 34
9 36
9 39
9 40
9 41
9 43
9 44
9 46
9 47
9 50
9 51
9 53
9 54
9 55
9 56
9 59
9 60
9 61
9 64
9 66
9 68
9 69
9 70
9 71
9 74
9 76
9 77
9 79
9 80
9 81
9 82
9 83
9 84
9 85
9 87
9 88
9 90
9 91
9 92
9 94
9 96
9 97
9 109
10 100
10 106
10 112
10 121
10 122
10 126
10 131
10 135
10 138
10 142
10 149
10 154
10 156
10 157
10 159
10 160
10 161
10 175
10 178
10 186
10 192
10 1
10 2
10 3
10 4
10 8
10 9
10 11
10 12
10 13
10 14
10 17
10 18
10 20
10 21
10 22
10 23
10 25
10 26
10 27
10 28
10 29
10 30
10 31
10 32
10 33
10 34
10 35
10 37
10 38
10 39
10 41
10 42
10 43
10 44
10 46
10 47
10 48
10 49
10 50
10 51
10 52
10 54
10 55
10 56
10 57
10 58
10 59
10 60
10 61
10 62
10 64
10 66
10 67
10 68
10 69
10 71
10 72
10 73
10 74
10 76
10 78
10 79
10 80
10 82
10 83
10 85
10 86
10 87
10 88
10 89
10 92
10 93
10 94
10 95
10 96
10 98
10 110
11 116
11 119
11 125
11 126
11 142
11 148
11 166
11 167
11 171
11 185
11 186
11 195
11 198
11 0
11 2
11 3
11 4
11 5
11 6
11 7
11 8
11 9
11 10
11 12
11 13
11 14
11 15
11 16
11 18
11 21
11 22
11 23
11 24
11 25
11 26
11 28
11 29
11 30
11 31
11 32
11 34
11 35
11 36
11 37
11 38
11 39
11 41
11 42
11 43
11 44
11 46
11 47
11 49
11 52
11 53
11 55
11 56
11 58
11 60
11 61
11 64
11 65
11 70
11 71
11 73
11 74
11 76
11 77
11 78
11 81
11 82
11 83
11 84
11 85
11 86
11 87
11 88
11 90
11 92
11 94
11 95
11 96
11 97
11 98
11 111
12 104
12 117
12 121
12 124
12 128
12 133
12 134
12 138
12 142
12 146
12 148
12 154
12 159
12 176
12 179
12 180
12 181
12 186
12 189
12 196
12 0
12 1
12 2
12 3
12 4
12 5
12 7
12 10
12 11
12 13
12 14
12 15
12 16
12 19
12 20
12 21
12 22
12 26
12 27
12 28
12 32
12 36
12 37
12 38
12 39
12 44
12 45
12 46
12 48
12 49
12 50
12 51
12 52
12 55
12 56
12 57
12 58
12 59
12 60
12 61
12 62
12 63
12 65
12 66
12 67
12 68
12 70
12 71
12 73
12 74
12 76
12 77
12 78
12 79
12 80
12 81
12 82
12 83
12 84
12 86
12 87
12 88
12 89
12 90
12 91
12 92
12 93
12 94
12 95
12 96
12 97
12 112
13 102
13 110
13 111
13 117
13 122
13 124
13 125
13 129
13 131
13 132
13 134
13 135
13 138
13 141
13 145
13 149
13 156
13 157
13 167
13 168
13 178
13 196
13 197
13 0
13 1
13 2
13 3
13 4
13 5
13 6
13 8
13 9
13 10
13 11
13 12
13 14
13 18
13 23
13 24
13 25
13 26
13 28
13 30
13 31
13 32
13 33
13 34
13 35
13 36
13 39
13 40
13 42
13 43
13 45
13 46
13 47
13 48
13 49
13 53
13 54
13 56
13 62
13 63
13 64
13 66
13 67
13 70
13 74
13 75
13 76
13 78
13 81
13 83
13 86
13 87
13 88
13 89
13 91
13 94
13 95
13 98
13 99
13 113
14 103
14 105
14 118
14 124
14 131
14 148
14 150
14 153
14 155
14 157
14 160
14 165
14 166
14 176
14 180
14 0
14 1
14 2
14 3
14 4
14 6
14 8
14 10
14 11
14 12
14 13
14 18
14 19
14 20
14 21
14 22
14 23
14 24
14 25
14 29
14 31
14 32
14 33
14 34
14 35
14 37
14 40
14 41
14 42
14 45
14 47
14 48
14 50
14 51
14 52
14 55
14 57
14 58
14 59
14 61
14 62
14 63
14 65
14 66
14 67
14 68
14 69
14 70
14 71
14 74
14 75
14 76
14 77
14 78
14 79
14 80
14 81
14 83
14 84
14 85
14 87
14 88
14 89
14 90
14 92
14 93
14 95
14 96
14 98
14 99
14 114
15 100
15 105
15 107
15 108
15 111
15 119
15 121
15 133
15 136
15 141
15 147
15 148
15 152
15 153
15 158
15 159
15 162
15 167
15 173
15 175
15 177
15 179
15 180
15 181
15 192
15 193
15 0
15 1
15 2
15 3
15 4
15 5
15 6
15 8
15 11
15 12
15 17
15 18
15 19
15 20
15 22
15 24
15 25
15 26
15 27
15 29
15 30
15 31
15 32
15 33
15 34
15 35
15 36
15 37
15 38
15 39
15 40
15 41
15 42
15 43
15 45
15 48
15 54
15 55
15 56
15 59
15 62
15 63
15 64
15 65
15 66
15 69
15 70
15 72
15 74
15 75
15 76
15 78
15 80
15 81
15 82
15 83
15 84
15 85
15 87
15 88
15 90
15 91
15 92
15 94
15 95
15 96
15 97
15 98
15 115
16 103
16 111
16 115
16 121
16 125
16 131
16 136
16 139
16 142
16 147
16 149
16 153
16 157
16 165
16 168
16 174
16 176
16 180
16 183
16 184
16 188
16 193
16 195
16 196
16 197
16 198
16 199
16 0
16 1
16 2
16 3
16 5
16 6
16 7
16 8
16 11
16 12
16 17
16 18
16 19
16 20
16 21
16 22
16 24
16 26
16 27
16 28
16 29
16 30
16 31
16 32
16 33
16 34
16 36
16 37
16 38
16 40
16 41
16 42
16 43
16 44
16 45
16 46
16 47
16 48
16 49
16 51
16 52
16 54
16 55
16 56
16 58
16 59
16 60
16 61
16 62
16 63
16 64
16 65
16 66
16 67
16 68
16 69
16 72
16 73
16 74
16 75
16 76
16 77
16 79
16 80
16 81
16 83
16 85
16 86
16 87
16 88
16 89
16 90
16 91
16 92
16 98
16 116
17 103
17 106
17 114
17 121
17 124
17 129
17 141
17 146
17 151
17 155
17 163
17 165
17 166
17 167
17 173
17 177
17 178
17 180
17 184
17 190
17 0
17 1
17 2
17 5
17 6
17 7
17 8
17 9
17 10
17 15
17 16
17 19
17 20
17 21
17 22
17 23
17 24
17 25
17 26
17 27
17 29
17 31
17 32
17 33
17 34
17 35
17 36
17 37
17 39
17 40
17 43
17 46
17 47
17 48
17 49
17 51
17 52
17 53
17 55
17 56
17 57
17 58
17 60
17 63
17 64
17 65
17 66
17 67
17 68
17 69
17 71
17 72
17 75
17 76
17 78
17 79
17 80
17 81
17 83
17 84
17 85
17 86
17 87
17 88
17 89
17 90
17 93
17 94
17 95
17 96
17 98
17 99
17 117
18 107
18 109
18 112
18 119
18 126
18 134
18 136
18 138
18 148
18 149
18 151
18 168
18 171
18 180
18 191
18 194
18 199
18 0
18 1
18 2
18 3
18 4
18 5
18 6
18 7
18 8
18 10
18 11
18 13
18 14
18 15
18 16
18 19
18 21
18 22
18 23
18 24
18 25
18 26
18 27
18 28
18 29
18 31
18 32
18 33
18 35
18 37
18 39
18 40
18 42
18 43
18 45
18 48
18 49
18 50
18 51
18 52
18 54
18 55
18 56
18 57
18 59
18 60
18 61
18 62
18 63
18 64
18 66
18 68
18 69
18 70
18 72
18 74
18 75
18 76
18 77
18 78
18 80
18 81
18 83
18 84
18 85
18 86
18 87
18 90
18 91
18 92
18 94
18 95
18 96
18 97
18 98
18 99
18 118
19 101
19 113
19 117
19 120
19 124
19 136
19 137
19 142
19 148
19 156
19 172
19 176
19 181
19 182
19 187
19 194
19 196
19 197
19 199
19 0
19 3
19 5
19 6
19 7
19 12
19 14
19 15
19 16
19 17
19 18
19 21
19 23
19 24
19 25
19 26
19 27
19 28
19 32
19 33
19 36
19 38
19 39
19 40
19 41
19 42
19 43
19 44
19 45
19 48
19 49
19 50
19 51
19 52
19 53
19 54
19 55
19 56
19 57
19 58
19 59
19 61
19 62
19 63
19 64
19 65
19 66
19 70
19 72
19 73
19 74
19 75
19 77
19 78
19 79
19 80
19 81
19 82
19 84
19 85
19 86
19 90
19 92
19 93
19 95
19 96
19 98
19 99
19 119
20 106
20 112
20 120
20 122
20 134
20 140
20 141
20 143
20 146
20 148
20 151
20 156
20 175
20 184
20 190
20 196
20 198
20 0
20 1
20 2
20 3
20 4
20 7
20 10
20 12
20 14
20 15
20 16
20 17
20 22
20 27
20 28
20 30
20 31
20 32
20 34
20 36
20 38
20 39
20 40
20 41
20 42
20 43
20 45
20 46
20 47
20 49
20 51
20 52
20 54
20 55
20 57
20 58
20 59
20 61
20 62
20 65
20 68
20 69
20 71
20 72
20 73
20 75
20 79
20 80
20 81
20 82
20 84
20 85
20 88
20 91
20 95
20 96
20 97
20 98
20 99
21 104
21 112
21 114
21 128
21 144
21 146
21 148
21 154
21 163
21 164
21 169
21 171
21 177
21 181
21 192
21 195
21 0
21 1
21 3
21 7
21 10
21 11
21 12
21 14
21 16
21 17
21 18
21 19
21 23
21 24
21 25
21 27
21 28
21 30
21 31
21 33
21 34
21 35
21 36
21 37
21 38
21 41
21 42
21 43
21 44
21 45
21 47
21 48
21 49
21 50
21 51
21 52
21 53
21 54
21 55
21 57
21 58
21 59
21 60
21 61
21 62
21 65
21 68
21 70
21 73
21 75
21 77
21 80
21 81
21 82
21 84
21 86
21 87
21 88
21 89
21 90
21 91
21 92
21 93
21 94
21 95
21 97
21 98
21 121
22 101
22 106
22 113
22 122
22 128
22 133
22 149
22 150
22 164
22 167
22 180
22 184
22 189
22 192
22 195
22 0
22 1
22 5
22 6
22 8
22 9
22 10
22 11
22 12
22 14
22 15
22 16
22 17
22 18
22 20
22 23
22 25
22 26
22 28
22 30
22 31
22 32
22 33
22 35
22 36
22 37
22 38
22 39
22 40
22 43
22 44
22 48
22 49
22 53
22 57
22 59
22 61
22 62
22 64
22 65
22 68
22 69
22 70
22 71
22 72
22 73
22 74
22 75
22 76
22 78
22 80
22 84
22 85
22 87
22 88
22 89
22 90
22 92
22 97
22 98
22 99
23 103
23 112
23 118
23 124
23 127
23 135
23 139
23 143
23 148
23 149
23 153
23 157
23 171
23 172
23 184
23 188
23 189
23 197
23 0
23 1
23 2
23 4
23 5
23 8
23 9
23 10
23 11
23 13
23 14
23 17
23 18
23 19
23 21
23 22
23 24
23 27
23 28
23 29
23 30
23 31
23 32
23 33
23 34
23 35
23 36
23 37
23 38
23 39
23 40
23 41
23 42
23 44
23 45
23 46
23 47
23 48
23 53
23 54
23 55
23 56
23 57
23 59
23 60
23 61
23 63
23 64
23 65
23 66
23 67
23 68
23 74
23 76
23 77
23 79
23 80
23 81
23 82
23 83
23 85
23 86
23 87
23 90
23 92
23 93
23 95
23 96
23 97
23 99
23 123
24 103
24 106
24 107
24 114
24 121
24 134
24 137
24 138
24 140
24 143
24 162
24 163
24 166
24 171
24 174
24 178
24 179
24 186
24 189
24 198
24 199
24 0
24 1
24 4
24 6
24 7
24 8
24 9
24 11
24 13
24 14
24 15
24 16
24 17
24 18
24 19
24 21
24 23
24 25
24 26
24 28
24 29
24 30
24 31
24 34
24 35
24 39
24 40
24 41
24 42
24 44
24 45
24 47
24 50
24 51
24 52
24 53
24 55
24 56
24 57
24 58
24 60
24 62
24 63
24 65
24 66
24 68
24 72
24 73
24 74
24 75
24 76
24 78
24 80
24 81
24 85
24 86
24 87
24 88
24 90
24 91
24 93
24 94
24 95
24 97
24 98
24 99
24 124
25 101
25 102
25 108
25 117
25 119
25 133
25 141
25 143
25 144
25 153
25 166
25 182
25 183
25 190
25 192
25 195
25 199
25 0
25 1
25 2
25 3
25 4
25 5
25 7
25 8
25 10
25 11
25 13
25 14
25 15
25 17
25 18
25 19
25 21
25 22
25 24
25 26
25 31
25 32
25 34
25 35
25 36
25 37
25 39
25 40
25 41
25 44
25 46
25 48
25 49
25 50
25 55
25 57
25 58
25 59
25 60
25 61
25 62
25 63
25 64
25 67
25 69
25 70
25 71
25 72
25 73
25 74
25 75
25 77
25 78
25 79
25 81
25 82
25 83
25 84
25 89
25 90
25 91
25 92
25 94
25 96
25 97
25 98
25 99
25 125
26 100
26 101
26 112
26 113
26 118
26 119
26 121
26 125
26 140
26 142
26 149
26 160
26 161
26 162
26 164
26 174
26 175
26 177
26 180
26 185
26 187
26 194
26 0
26 1
26 3
26 4
26 5
26 9
26 10
26 11
26 12
26 13
26 15
26 16
26 17
26 18
26 19
26 22
26 24
26 25
26 27
26 29
26 30
26 31
26 32
26 33
26 34
26 38
26 39
26 40
26 42
26 45
26 46
26 48
26 49
26 53
26 54
26 55
26 56
26 57
26 58
26 59
26 60
26 61
26 62
26 64
26 65
26 66
26 67
26 68
26 69
26 70
26 72
26 73
26 74
26 75
26 76
26 77
26 78
26 79
26 80
26 81
26 83
26 84
26 85
26 86
26 88
26 89
26 94
26 96
26 97
26 98
26 99
26 126
27 102
27 107
27 114
27 118
27 119
27 125
27 129
27 134
27 136
27 147
27 161
27 163
27 179
27 183
27 184
27 190
27 195
27 0
27 1
27 3
27 5
27 6
27 7
27 9
27 10
27 12
27 15
27 16
27 17
27 18
27 19
27 20
27 21
27 23
27 26
27 29
27 31
27 32
27 34
27 35
27 36
27 37
27 38
27 39
27 40
27 41
27 42
27 43
27 44
27 45
27 47
27 48
27 49
27 51
27 52
27 53
27 54
27 56
27 57
27 58
27 59
27 61
27 62
27 63
27 64
27 66
27 67
27 68
27 70
27 72
27 73
27 75
27 76
27 79
27 80
27 81
27 82
27 83
27 86
27 87
27 88
27 89
27 90
27 91
27 94
27 96
27 97
27 98
27 99
27 127
28 101
28 107
28 108
28 113
28 122
28 125
28 128
28 133
28 139
28 140
28 146
28 149
28 150
28 154
28 157
28 160
28 178
28 188
28 189
28 192
28 194
28 2
28 3
28 7
28 8
28 9
28 10
28 11
28 12
28 13
28 16
28 18
28 19
28 20
28 21
28 22
28 23
28 24
28 31
28 32
28 33
28 34
28 35
28 36
28 37
28 38
28 40
28 42
28 45
28 46
28 47
28 49
28 50
28 52
28 55
28 59
28 62
28 64
28 65
28 66
28 68
28 69
28 70
28 72
28 73
28 75
28 76
28 77
28 78
28 79
28 81
28 82
28 83
28 84
28 85
28 86
28 87
28 88
28 90
28 92
28 93
28 94
28 95
28 96
28 98
28 99
29 100
29 103
29 105
29 111
29 114
29 122
29 128
29 135
29 137
29 140
29 143
29 145
29 149
29 153
29 161
29 168
29 173
29 182
29 186
29 192
29 193
29 195
29 196
29 197
29 1
29 2
29 3
29 5
29 6
29 7
29 9
29 10
29 11
29 14
29 15
29 16
29 17
29 18
29 23
29 24
29 26
29 27
29 30
29 31
29 32
29 33
29 34
29 36
29 37
29 38
29 41
29 42
29 43
29 44
29 45
29 46
29 47
29 48
29 49
29 50
29 51
29 52
29 53
29 54
29 55
29 56
29 58
29 59
29 60
29 61
29 63
29 64
29 65
29 66
29 67
29 68
29 69
29 70
29 71
29 72
29 73
29 75
29 76
29 77
29 78
29 79
29 80
29 81
29 83
29 84
29 86
29 87
29 89
29 91
29 94
29 96
29 97
29 98
29 99
29 129
30 114
30 119
30 138
30 139
30 141
30 145
30 146
30 155
30 162
30 164
30 171
30 178
30 189
30 198
30 199
30 2
30 3
30 6
30 7
30 8
30 10
30 11
30 13
30 15
30 16
30 20
30 21
30 22
30 23
30 24
30 26
30 29
30 32
30 34
30 35
30 38
30 39
30 41
30 46
30 47
30 48
30 49
30 50
30 51
30 53
30 54
30 56
30 57
30 58
30 59
30 60
30 61
30 63
30 64
30 65
30 66
30 67
30 68
30 69
30 70
30 71
30 72
30 73
30 75
30 78
30 83
30 84
30 87
30 88
30 89
30 90
30 91
30 92
30 93
30 94
30 95
30 98
30 99
30 130
31 106
31 115
31 116
31 118
31 128
31 139
31 140
31 149
31 153
31 155
31 157
31 164
31 165
31 171
31 173
31 174
31 177
31 181
31 184
31 191
31 192
31 194
31 195
31 196
31 0
31 1
31 3
31 4
31 5
31 6
31 8
31 9
31 10
31 11
31 13
31 14
31 15
31 16
31 17
31 18
31 20
31 21
31 22
31 23
31 24
31 25
31 26
31 27
31 28
31 29
31 32
31 33
31 34
31 35
31 36
31 38
31 39
31 40
31 41
31 42
31 43
31 44
31 45
31 46
31 48
31 49
31 52
31 53
31 54
31 55
31 57
31 59
31 60
31 62
31 64
31 66
31 67
31 68
31 69
31 70
31 74
31 75
31 76
31 79
31 80
31 81
31 82
31 83
31 84
31 85
31 86
31 89
31 90
31 91
31 92
31 93
31 95
31 97
31 98
31 99
31 131
32 104
32 106
32 110
32 120
32 123
32 131
32 137
32 138
32 147
32 153
32 163
32 164
32 172
32 180
32 185
32 186
32 194
32 0
32 1
32 3
32 4
32 5
32 6
32 8
32 9
32 10
32 11
32 12
32 13
32 14
32 15
32 16
32 17
32 18
32 19
32 20
32 22
32 23
32 25
32 26
32 27
32 28
32 29
32 30
32 31
32 33
32 34
32 37
32 38
32 39
32 40
32 41
32 42
32 43
32 44
32 45
32 46
32 49
32 50
32 52
32 53
32 54
32 55
32 56
32 57
32 58
32 59
32 60
32 61
32 63
32 64
32 65
32 68
32 69
32 70
32 72
32 73
32 74
32 75
32 80
32 81
32 82
32 83
32 84
32 85
32 86
32 87
32 90
32 91
32 93
32 94
32 95
32 97
32 98
32 99
32 132
33 102
33 104
33 105
33 123
33 130
33 140
33 148
33 160
33 164
33 165
33 166
33 174
33 178
33 181
33 184
33 191
33 196
33 0
33 2
33 3
33 6
33 7
33 8
33 9
33 10
33 13
33 14
33 15
33 16
33 17
33 18
33 19
33 21
33 22
33 23
33 26
33 28
33 29
33 31
33 32
33 34
33 35
33 36
33 38
33 39
33 40
33 41
33 42
33 44
33 46
33 48
33 51
33 52
33 53
33 54
33 55
33 56
33 57
33 59
33 60
33 61
33 62
33 63
33 65
33 66
33 67
33 68
33 69
33 70
33 71
33 72
33 73
33 74
33 75
33 77
33 78
33 79
33 81
33 82
33 83
33 84
33 85
33 86
33 87
33 88
33 89
33 90
33 92
33 93
33 95
33 97
33 133
34 100
34 107
34 110
34 111
34 116
34 117
34 122
34 126
34 127
34 128
34 129
34 131
34 140
34 146
34 151
34 156
34 165
34 176
34 183
34 190
34 194
34 195
34 197
34 1
34 2
34 5
34 8
34 9
34 10
34 11
34 13
34 14
34 15
34 16
34 17
34 20
34 21
34 23
34 24
34 25
34 26
34 27
34 28
34 29
34 30
34 31
34 32
34 33
34 35
34 37
34 38
34 40
34 41
34 42
34 43
34 44
34 45
34 47
34 48
34 49
34 50
34 51
34 53
34 54
34 56
34 58
34 59
34 60
34 61
34 62
34 63
34 65
34 66
34 67
34 68
34 69
34 70
34 71
34 72
34 77
34 78
34 80
34 83
34 85
34 86
34 87
34 88
34 89
34 90
34 92
34 93
34 95
34 96
34 98
34 134
35 118
35 128
35 132
35 134
35 136
35 146
35 153
35 154
35 156
35 157
35 158
35 161
35 162
35 167
35 174
35 176
35 183
35 185
35 192
35 194
35 2
35 3
35 5
35 6
35 7
35 10
35 11
35 13
35 14
35 15
35 17
35 18
35 21
35 22
35 23
35 24
35 25
35 27
35 28
35 30
35 31
35 33
35 34
35 36
35 39
35 40
35 42
35 43
35 44
35 45
35 48
35 49
35 50
35 51
35 52
35 53
35 56
35 57
35 58
35 59
35 60
35 61
35 62
35 63
35 64
35 65
35 66
35 67
35 70
35 71
35 73
35 74
35 76
35 77
35 78
35 79
35 81
35 83
35 84
35 85
35 86
35 87
35 89
35 90
35 91
35 92
35 93
35 94
35 95
35 96
35 97
35 98
35 135
36 106
36 117
36 119
36 124
36 125
36 128
36 130
36 142
36 148
36 149
36 161
36 163
36 172
36 174
36 178
36 179
36 187
36 190
36 1
36 2
36 3
36 4
36 5
36 7
36 8
36 9
36 11
36 12
36 13
36 15
36 16
36 17
36 19
36 20
36 21
36 22
36 23
36 25
36 27
36 28
36 29
36 31
36 33
36 35
36 38
36 40
36 42
36 44
36 45
36 48
36 49
36 50
36 57
36 59
36 60
36 61
36 62
36 64
36 65
36 66
36 67
36 71
36 72
36 73
36 74
36 75
36 77
36 80
36 81
36 82
36 83
36 86
36 87
36 88
36 90
36 93
36 94
36 95
36 98
36 99
36 136
37 108
37 122
37 124
37 132
37 133
37 143
37 148
37 156
37 168
37 171
37 172
37 173
37 181
37 183
37 184
37 186
37 190
37 191
37 193
37 194
37 0
37 3
37 4
37 5
37 7
37 8
37 10
37 11
37 12
37 14
37 15
37 16
37 17
37 18
37 21
37 22
37 23
37 25
37 27
37 28
37 29
37 32
37 34
37 38
37 43
37 45
37 46
37 47
37 48
37 49
37 51
37 52
37 53
37 54
37 57
37 58
37 59
37 62
37 66
37 67
37 68
37 69
37 70
37 71
37 73
37 74
37 75
37 77
37 78
37 80
37 81
37 82
37 83
37 84
37 85
37 86
37 87
37 88
37 89
37 90
37 93
37 94
37 96
37 97
37 98
37 99
37 137
38 101
38 108
38 115
38 122
38 125
38 129
38 135
38 136
38 143
38 145
38 154
38 161
38 168
38 169
38 173
38 174
38 181
38 185
38 186
38 0
38 4
38 5
38 6
38 8
38 10
38 11
38 12
38 15
38 16
38 19
38 20
38 21
38 22
38 23
38 26
38 27
38 28
38 29
38 30
38 31
38 32
38 33
38 34
38 36
38 37
38 39
38 40
38 41
38 42
38 43
38 44
38 45
38 47
38 50
38 51
38 52
38 54
38 55
38 56
38 58
38 60
38 62
38 65
38 66
38 68
38 69
38 70
38 71
38 72
38 73
38 74
38 76
38 77
38 78
38 80
38 82
38 83
38 84
38 85
38 86
38 90
38 91
38 92
38 93
38 97
38 99
38 138
39 102
39 111
39 118
39 120
39 138
39 143
39 144
39 147
39 149
39 150
39 156
39 157
39 159
39 164
39 170
39 179
39 187
39 190
39 191
39 192
39 0
39 1
39 2
39 3
39 4
39 5
39 8
39 9
39 10
39 11
39 12
39 13
39 15
39 17
39 18
39 19
39 20
39 22
39 23
39 24
39 25
39 26
39 27
39 30
39 31
39 32
39 33
39 35
39 38
39 41
39 43
39 44
39 46
39 47
39 48
39 49
39 50
39 51
39 52
39 53
39 54
39 55
39 57
39 58
39 59
39 61
39 62
39 65
39 68
39 69
39 70
39 72
39 73
39 76
39 77
39 78
39 79
39 80
39 81
39 82
39 86
39 87
39 88
39 89
39 90
39 91
39 92
39 95
39 97
39 139
40 114
40 119
40 120
40 123
40 125
40 135
40 141
40 150
40 154
40 156
40 163
40 171
40 174
40 185
40 188
40 192
40 0
40 1
40 2
40 3
40 4
40 7
40 8
40 9
40 13
40 14
40 15
40 16
40 17
40 18
40 19
40 20
40 22
40 23
40 24
40 25
40 26
40 27
40 28
40 31
40 32
40 33
40 34
40 35
40 36
40 38
40 41
40 42
40 44
40 46
40 47
40 48
40 50
40 52
40 53
40 54
40 55
40 56
40 57
40 58
40 59
40 61
40 63
40 64
40 65
40 66
40 67
40 69
40 70
40 71
40 72
40 76
40 77
40 78
40 79
40 80
40 81
40 82
40 83
40 84
40 85
40 87
40 90
40 93
40 94
40 95
40 96
40 140
41 106
41 112
41 115
41 117
41 118
41 131
41 137
41 149
41 161
41 167
41 179
41 181
41 182
41 184
41 192
41 193
41 0
41 4
41 5
41 6
41 7
41 8
41 9
41 10
41 11
41 14
41 15
41 16
41 19
41 20
41 21
41 23
41 24
41 25
41 27
41 29
41 30
41 31
41 32
41 33
41 34
41 38
41 39
41 40
41 42
41 43
41 46
41 47
41 49
41 50
41 51
41 52
41 53
41 54
41 55
41 56
41 59
41 60
41 62
41 63
41 64
41 65
41 66
41 67
41 68
41 69
41 70
41 71
41 73
41 74
41 75
41 77
41 78
41 79
41 81
41 82
41 83
41 85
41 86
41 88
41 90
41 91
41 92
41 94
41 95
41 96
41 97
41 141
42 124
42 129
42 137
42 150
42 157
42 160
42 161
42 168
42 195
42 0
42 1
42 3
42 4
42 5
42 6
42 7
42 8
42 10
42 11
42 13
42 14
42 15
42 16
42 18
42 19
42 20
42 21
42 23
42 24
42 26
42 27
42 28
42 29
42 31
42 32
42 33
42 34
42 35
42 36
42 38
42 40
42 41
42 43
42 44
42 45
42 47
42 48
42 49
42 50
42 51
42 52
42 57
42 58
42 59
42 60
42 63
42 64
42 65
42 66
42 67
42 70
42 71
42 72
42 73
42 74
42 77
42 78
42 79
42 80
42 82
42 83
42 84
42 86
42 87
42 89
42 90
42 93
42 94
42 95
42 96
42 97
42 142
43 103
43 117
43 125
43 126
43 127
43 136
43 140
43 155
43 158
43 165
43 166
43 170
43 178
43 181
43 182
43 193
43 196
43 0
43 1
43 2
43 3
43 7
43 9
43 10
43 11
43 13
43 15
43 16
43 17
43 18
43 19
43 20
43 21
43 22
43 27
43 29
43 31
43 32
43 34
43 35
43 37
43 38
43 39
43 41
43 42
43 44
43 47
43 48
43 49
43 52
43 53
43 54
43 55
43 57
43 58
43 59
43 60
43 61
43 62
43 66
43 68
43 69
43 70
43 71
43 72
43 73
43 74
43 75
43 77
43 78
43 80
43 81
43 84
43 85
43 86
43 88
43 89
43 90
43 91
43 93
43 94
43 95
43 96
43 97
43 98
43 99
43 143
44 106
44 110
44 111
44 113
44 123
44 125
44 129
44 132
44 139
44 140
44 143
44 144
44 151
44 152
44 171
44 173
44 174
44 177
44 182
44 189
44 193
44 0
44 1
44 2
44 4
44 5
44 7
44 8
44 9
44 10
44 11
44 12
44 16
44 19
44 21
44 22
44 23
44 24
44 25
44 27
44 29
44 31
44 32
44 33
44 34
44 35
44 36
44 38
44 39
44 40
44 42
44 43
44 46
44 47
44 49
44 50
44 51
44 52
44 53
44 54
44 55
44 56
44 57
44 58
44 59
44 60
44 61
44 62
44 67
44 68
44 69
44 70
44 72
44 74
44 76
44 77
44 78
44 79
44 80
44 81
44 82
44 83
44 85
44 86
44 87
44 88
44 89
44 91
44 92
44 93
44 94
44 95
44 96
44 97
44 98
44 99
45 100
45 109
45 111
45 115
45 125
45 128
45 129
45 150
45 153
45 156
45 157
45 160
45 167
45 169
45 171
45 190
45 197
45 0
45 1
45 2
45 5
45 6
45 8
45 12
45 13
45 14
45 15
45 16
45 18
45 19
45 20
45 21
45 23
45 24
45 26
45 27
45 28
45 29
45 31
45 32
45 34
45 35
45 36
45 37
45 38
45 42
45 46
45 47
45 48
45 49
45 51
45 52
45 54
45 56
45 57
45 58
45 60
45 61
45 63
45 65
45 66
45 69
45 70
45 71
45 73
45 74
45 75
45 76
45 77
45 78
45 79
45 80
45 84
45 85
45 87
45 88
45 89
45 92
45 95
45 96
45 97
45 98
45 99
45 145
46 103
46 107
46 108
46 110
46 117
46 134
46 136
46 142
46 145
46 148
46 149
46 157
46 158
46 163
46 165
46 168
46 171
46 173
46 176
46 179
46 180
46 181
46 184
46 187
46 193
46 196
46 198
46 1
46 2
46 3
46 4
46 5
46 8
46 9
46 10
46 11
46 12
46 13
46 16
46 17
46 20
46 23
46 25
46 26
46 28
46 29
46 30
46 31
46 32
46 33
46 37
46 39
46 40
46 41
46 44
46 45
46 47
46 49
46 52
46 53
46 56
46 57
46 59
46 60
46 61
46 62
46 64
46 66
46 67
46 70
46 72
46 73
46 74
46 75
46 76
46 79
46 81
46 82
46 83
46 84
46 85
46 89
46 92
46 93
46 94
46 98
46 146
47 110
47 114
47 122
47 128
47 129
47 130
47 133
47 135
47 138
47 141
47 145
47 147
47 148
47 151
47 153
47 156
47 157
47 160
47 162
47 184
47 191
47 192
47 195
47 0
47 1
47 2
47 3
47 4
47 5
47 7
47 8
47 9
47 10
47 11
47 13
47 14
47 16
47 17
47 20
47 21
47 23
47 24
47 27
47 28
47 29
47 30
47 34
47 37
47 38
47 39
47 40
47 41
47 42
47 43
47 44
47 45
47 46
47 48
47 49
47 50
47 52
47 53
47 54
47 55
47 57
47 58
47 59
47 60
47 61
47 62
47 66
47 67
47 70
47 71
47 73
47 74
47 75
47 76
47 77
47 78
47 79
47 81
47 83
47 84
47 87
47 89
47 90
47 91
47 92
47 93
47 94
47 95
47 96
47 97
47 99
48 106
48 107
48 108
48 114
48 115
48 116
48 122
48 132
48 133
48 148
48 153
48 156
48 157
48 164
48 168
48 179
48 180
48 182
48 184
48 187
48 191
48 196
48 0
48 2
48 4
48 5
48 6
48 7
48 8
48 10
48 12
48 13
48 14
48 15
48 16
48 17
48 18
48 19
48 21
48 22
48 23
48 25
48 26
48 27
48 29
48 30
48 31
48 33
48 34
48 35
48 36
48 37
48 39
48 40
48 42
48 43
48 45
48 47
48 51
48 52
48 53
48 57
48 58
48 59
48 60
48 61
48 63
48 66
48 67
48 68
48 69
48 70
48 71
48 72
48 74
48 76
48 77
48 78
48 81
48 82
48 83
48 84
48 85
48 87
48 88
48 89
48 90
48 92
48 93
48 94
48 95
48 96
48 97
48 99
49 104
49 107
49 111
49 128
49 129
49 136
49 137
49 139
49 147
49 148
49 149
49 153
49 159
49 162
49 165
49 168
49 169
49 171
49 179
49 181
49 188
49 193
49 194
49 196
49 0
49 4
49 5
49 7
49 8
49 10
49 11
49 12
49 13
49 16
49 17
49 18
49 19
49 20
49 21
49 22
49 25
49 26
49 27
49 28
49 29
49 30
49 31
49 32
49 34
49 35
49 36
49 37
49 39
49 41
49 42
49 43
49 44
49 45
49 46
49 47
49 51
49 52
49 53
49 54
49 55
49 56
49 58
49 59
49 60
49 61
49 62
49 65
49 69
49 72
49 73
49 74
49 75
49 76
49 78
49 80
49 84
49 85
49 86
49 87
49 90
49 91
49 92
49 93
49 94
49 95
49 99
50 103
50 104
50 107
50 122
50 123
50 135
50 139
50 140
50 142
50 156
50 158
50 169
50 174
50 176
50 178
50 182
50 195
50 196
50 1
50 2
50 3
50 4
50 6
50 7
50 8
50 9
50 10
50 12
50 14
50 18
50 19
50 21
50 24
50 25
50 28
50 29
50 30
50 32
50 34
50 35
50 36
50 38
50 39
50 40
50 41
50 42
50 44
50 47
50 51
50 53
50 54
50 55
50 56
50 57
50 58
50 59
50 60
50 62
50 63
50 64
50 66
50 67
50 68
50 69
50 72
50 73
50 74
50 75
50 76
50 77
50 78
50 79
50 82
50 83
50 84
50 85
50 87
50 88
50 89
50 90
50 92
50 93
50 94
50 96
50 97
50 150
51 115
51 119
51 121
51 124
51 125
51 127
51 132
51 137
51 140
51 142
51 143
51 146
51 150
51 159
51 162
51 163
51 168
51 170
51 172
51 179
51 194
51 197
51 198
51 0
51 3
51 4
51 5
51 6
51 8
51 9
51 10
51 12
51 14
51 16
51 17
51 18
51 19
51 20
51 21
51 24
51 27
51 29
51 30
51 33
51 34
51 35
51 37
51 38
51 39
51 41
51 42
51 44
51 45
51 48
51 49
51 50
51 52
51 54
51 55
51 57
51 59
51 60
51 61
51 62
51 63
51 65
51 66
51 67
51 68
51 69
51 70
51 73
51 74
51 75
51 76
51 79
51 80
51 81
51 82
51 83
51 84
51 86
51 87
51 88
51 89
51 90
51 92
51 93
51 95
51 96
51 99
51 151
52 101
52 102
52 125
52 128
52 136
52 139
52 142
52 144
52 145
52 154
52 162
52 171
52 181
52 182
52 187
52 188
52 193
52 0
52 1
52 2
52 3
52 4
52 5
52 7
52 10
52 11
52 12
52 14
52 16
52 17
52 18
52 19
52 20
52 21
52 24
52 27
52 28
52 29
52 31
52 32
52 33
52 35
52 37
52 38
52 39
52 40
52 41
52 42
52 43
52 44
52 45
52 46
52 47
52 48
52 49
52 51
52 53
52 54
52 56
52 57
52 58
52 59
52 61
52 62
52 63
52 64
52 65
52 67
52 69
52 70
52 71
52 72
52 73
52 74
52 75
52 76
52 77
52 78
52 79
52 80
52 81
52 83
52 85
52 86
52 88
52 89
52 90
52 91
52 92
52 93
52 94
52 95
52 96
52 98
52 152
53 101
53 108
53 111
53 112
53 128
53 132
53 141
53 142
53 144
53 145
53 152
53 155
53 164
53 168
53 171
53 176
53 182
53 193
53 1
53 2
53 5
53 6
53 9
53 11
53 13
53 17
53 19
53 21
53 22
53 23
53 24
53 26
53 27
53 29
53 30
53 31
53 32
53 33
53 34
53 35
53 37
53 39
53 40
53 41
53 43
53 44
53 46
53 47
53 48
53 49
53 50
53 52
53 57
53 60
53 63
53 65
53 66
53 67
53 69
53 71
53 72
53 73
53 74
53 77
53 78
53 79
53 81
53 84
53 85
53 88
53 89
53 90
53 91
53 92
53 93
53 97
53 98
53 99
53 153
54 102
54 110
54 112
54 117
54 121
54 124
54 129
54 131
54 134
54 135
54 137
54 151
54 153
54 155
54 165
54 169
54 171
54 172
54 186
54 187
54 188
54 195
54 199
54 1
54 3
54 4
54 5
54 6
54 7
54 8
54 9
54 10
54 13
54 15
54 16
54 18
54 19
54 20
54 21
54 23
54 26
54 27
54 29
54 30
54 31
54 32
54 33
54 34
54 37
54 38
54 39
54 40
54 41
54 43
54 44
54 45
54 47
54 49
54 50
54 51
54 52
54 55
54 56
54 58
54 60
54 61
54 62
54 64
54 65
54 66
54 67
54 68
54 69
54 71
54 72
54 73
54 74
54 75
54 76
54 77
54 78
54 80
54 82
54 84
54 85
54 86
54 87
54 88
54 89
54 90
54 91
54 93
54 94
54 95
54 96
54 97
54 154
55 105
55 108
55 112
55 129
55 131
55 133
55 134
55 136
55 142
55 145
55 147
55 154
55 157
55 158
55 166
55 170
55 171
55 174
55 178
55 180
55 181
55 182
55 192
55 0
55 2
55 5
55 7
55 8
55 9
55 10
55 11
55 12
55 14
55 15
55 16
55 17
55 18
55 19
55 20
55 21
55 23
55 24
55 25
55 26
55 28
55 29
55 31
55 32
55 33
55 38
55 39
55 40
55 41
55 43
55 44
55 47
55 49
55 50
55 51
55 54
55 56
55 58
55 59
55 60
55 61
55 62
55 63
55 64
55 65
55 66
55 68
55 69
55 70
55 71
55 72
55 73
55 74
55 78
55 79
55 80
55 83
55 86
55 87
55 88
55 89
55 90
55 91
55 92
55 93
55 94
55 95
55 96
55 97
55 98
55 99
55 155
56 105
56 107
56 108
56 111
56 119
56 121
56 122
56 137
56 140
56 158
56 160
56 164
56 168
56 169
56 181
56 189
56 190
56 191
56 199
56 0
56 1
56 2
56 5
56 7
56 9
56 10
56 11
56 12
56 13
56 15
56 16
56 17
56 18
56 19
56 23
56 24
56 26
56 27
56 29
56 30
56 32
56 33
56 34
56 35
56 38
56 40
56 41
56 44
56 45
56 46
56 49
56 50
56 52
56 54
56 55
56 57
56 58
56 59
56 60
56 62
56 63
56 64
56 65
56 66
56 67
56 69
56 70
56 71
56 76
56 77
56 78
56 79
56 80
56 81
56 82
56 83
56 84
56 85
56 86
56 87
56 89
56 90
56 91
56 93
56 94
56 95
56 96
56 98
56 99
56 156
57 100
57 111
57 118
57 122
57 125
57 128
57 133
57 139
57 140
57 144
57 150
57 154
57 155
57 157
57 165
57 190
57 198
57 0
57 1
57 2
57 3
57 4
57 5
57 6
57 8
57 10
57 12
57 14
57 17
57 18
57 19
57 20
57 21
57 22
57 23
57 24
57 25
57 26
57 27
57 30
57 31
57 32
57 33
57 35
57 36
57 37
57 39
57 40
57 42
57 43
57 44
57 45
57 46
57 47
57 48
57 50
57 51
57 52
57 53
57 56
57 58
57 59
57 63
57 64
57 65
57 67
57 69
57 70
57 71
57 72
57 75
57 76
57 79
57 82
57 83
57 85
57 86
57 87
57 88
57 89
57 90
57 92
57 95
57 97
57 99
58 100
58 108
58 115
58 135
58 138
58 150
58 155
58 160
58 162
58 169
58 171
58 173
58 178
58 184
58 188
58 191
58 195
58 198
58 0
58 1
58 4
58 5
58 7
58 8
58 10
58 11
58 12
58 14
58 16
58 17
58 19
58 20
58 21
58 24
58 25
58 26
58 27
58 29
58 30
58 32
58 34
58 35
58 37
58 38
58 39
58 40
58 42
58 43
58 44
58 45
58 47
58 48
58 49
58 50
58 52
58 54
58 55
58 56
58 57
58 59
58 60
58 61
58 63
58 67
58 71
58 72
58 73
58 75
58 76
58 77
58 78
58 79
58 81
58 82
58 83
58 84
58 85
58 86
58 87
58 88
58 89
58 90
58 92
58 94
58 95
58 98
58 99
58 158
59 102
59 107
59 109
59 118
59 122
59 123
59 124
59 127
59 151
59 156
59 160
59 191
59 195
59 198
59 1
59 3
59 4
59 5
59 6
59 7
59 8
59 9
59 10
59 12
59 14
59 15
59 16
59 18
59 19
59 20
59 21
59 22
59 23
59 25
59 26
59 27
59 28
59 29
59 30
59 31
59 32
59 33
59 34
59 35
59 36
59 37
59 39
59 40
59 41
59 42
59 43
59 44
59 46
59 47
59 48
59 49
59 50
59 51
59 52
59 55
59 56
59 57
59 58
59 60
59 63
59 64
59 65
59 67
59 68
59 69
59 70
59 72
59 73
59 75
59 77
59 78
59 79
59 80
59 81
59 82
59 83
59 84
59 85
59 86
59 89
59 90
59 94
59 97
59 98
59 159
60 109
60 113
60 115
60 121
60 122
60 127
60 133
60 135
60 136
60 139
60 144
60 146
60 148
60 154
60 162
60 178
60 183
60 188
60 190
60 0
60 1
60 2
60 4
60 6
60 7
60 9
60 10
60 11
60 12
60 16
60 17
60 18
60 21
60 23
60 24
60 25
60 26
60 29
60 30
60 31
60 32
60 33
60 34
60 35
60 36
60 38
60 41
60 42
60 43
60 44
60 45
60 46
60 47
60 48
60 49
60 50
60 51
60 53
60 54
60 55
60 56
60 58
60 59
60 62
60 63
60 64
60 65
60 66
60 67
60 70
60 71
60 73
60 74
60 75
60 77
60 78
60 79
60 81
60 82
60 83
60 84
60 85
60 87
60 88
60 90
60 91
60 92
60 93
60 94
60 96
60 97
60 98
60 160
61 101
61 103
61 108
61 112
61 118
61 128
61 130
61 135
61 139
61 144
61 154
61 163
61 168
61 175
61 187
61 188
61 190
61 197
61 0
61 2
61 3
61 4
61 5
61 7
61 9
61 10
61 11
61 12
61 14
61 16
61 18
61 19
61 20
61 21
61 22
61 23
61 25
61 26
61 27
61 29
61 30
61 32
61 33
61 34
61 35
61 36
61 39
61 40
61 43
61 44
61 45
61 46
61 47
61 48
61 49
61 51
61 52
61 54
61 55
61 58
61 64
61 65
61 69
61 70
61 71
61 73
61 74
61 75
61 77
61 78
61 79
61 80
61 81
61 82
61 85
61 86
61 87
61 88
61 89
61 90
61 91
61 93
61 94
61 96
61 97
61 98
61 161
62 107
62 109
62 111
62 115
62 118
62 123
62 125
62 133
62 136
62 138
62 141
62 151
62 156
62 157
62 164
62 167
62 171
62 172
62 179
62 183
62 185
62 186
62 188
62 193
62 194
62 1
62 2
62 3
62 4
62 5
62 6
62 7
62 8
62 10
62 12
62 13
62 14
62 15
62 16
62 18
62 19
62 20
62 21
62 22
62 24
62 25
62 26
62 27
62 28
62 31
62 33
62 34
62 35
62 36
62 37
62 38
62 39
62 41
62 43
62 44
62 46
62 47
62 49
62 50
62 51
62 52
62 54
62 55
62 56
62 60
62 63
62 64
62 65
62 66
62 67
62 68
62 69
62 71
62 73
62 74
62 75
62 77
62 78
62 79
62 80
62 81
62 82
62 84
62 85
62 86
62 87
62 88
62 89
62 90
62 91
62 92
62 93
62 94
62 95
62 96
62 98
62 99
62 162
63 100
63 102
63 103
63 107
63 109
63 113
63 115
63 116
63 120
63 130
63 131
63 133
63 134
63 136
63 140
63 156
63 166
63 179
63 186
63 198
63 1
63 2
63 3
63 4
63 5
63 6
63 7
63 12
63 13
63 14
63 15
63 16
63 17
63 18
63 19
63 23
63 24
63 25
63 27
63 29
63 30
63 32
63 33
63 34
63 35
63 40
63 41
63 42
63 45
63 48
63 50
63 51
63 52
63 53
63 55
63 56
63 57
63 58
63 59
63 60
63 62
63 66
63 67
63 72
63 75
63 77
63 80
63 81
63 82
63 83
63 84
63 85
63 87
63 89
63 90
63 92
63 93
63 94
63 96
63 98
63 163
64 117
64 124
64 126
64 129
64 148
64 151
64 155
64 158
64 168
64 189
64 192
64 196
64 0
64 1
64 4
64 6
64 7
64 8
64 9
64 10
64 11
64 13
64 15
64 16
64 17
64 18
64 19
64 22
64 23
64 25
64 26
64 27
64 28
64 29
64 30
64 31
64 32
64 35
64 36
64 40
64 41
64 42
64 46
64 50
64 52
64 54
64 55
64 56
64 57
64 59
64 60
64 61
64 62
64 66
64 67
64 68
64 69
64 74
64 76
64 78
64 79
64 80
64 83
64 84
64 85
64 86
64 87
64 88
64 89
64 91
64 93
64 95
64 96
64 98
64 164
65 101
65 102
65 106
65 112
65 116
65 119
65 129
65 136
65 138
65 144
65 145
65 151
65 156
65 158
65 159
65 162
65 163
65 168
65 170
65 173
65 178
65 190
65 194
65 0
65 1
65 4
65 5
65 6
65 8
65 11
65 12
65 14
65 15
65 16
65 17
65 19
65 20
65 21
65 22
65 23
65 24
65 26
65 28
65 29
65 30
65 32
65 33
65 34
65 35
65 36
65 38
65 39
65 40
65 41
65 42
65 45
65 49
65 51
65 52
65 53
65 54
65 55
65 56
65 57
65 59
65 60
65 61
65 62
65 67
65 71
65 72
65 73
65 74
65 75
65 77
65 78
65 79
65 80
65 82
65 85
65 86
65 87
65 88
65 89
65 93
65 94
65 96
65 98
65 99
65 165
66 100
66 106
66 114
66 119
66 129
66 138
66 142
66 143
66 149
66 152
66 163
66 165
66 174
66 176
66 181
66 182
66 185
66 188
66 192
66 193
66 196
66 197
66 0
66 2
66 3
66 4
66 7
66 8
66 9
66 10
66 12
66 13
66 14
66 15
66 16
66 17
66 18
66 19
66 23
66 24
66 26
66 27
66 28
66 29
66 30
66 31
66 33
66 34
66 35
66 36
66 37
66 38
66 40
66 41
66 42
66 43
66 45
66 46
66 47
66 48
66 50
66 51
66 53
66 54
66 55
66 56
66 60
66 62
66 63
66 64
66 69
66 71
66 74
66 75
66 76
66 77
66 80
66 81
66 82
66 83
66 85
66 89
66 90
66 92
66 94
66 95
66 99
66 166
67 104
67 111
67 113
67 115
67 136
67 147
67 149
67 157
67 160
67 164
67 167
67 187
67 0
67 1
67 3
67 4
67 5
67 6
67 7
67 8
67 10
67 12
67 13
67 14
67 16
67 17
67 23
67 25
67 26
67 27
67 29
67 30
67 31
67 33
67 34
67 35
67 36
67 37
67 40
67 41
67 42
67 44
67 46
67 47
67 48
67 50
67 51
67 52
67 53
67 54
67 56
67 57
67 58
67 59
67 60
67 62
67 63
67 64
67 65
67 69
67 70
67 71
67 72
67 73
67 76
67 77
67 78
67 79
67 80
67 82
67 83
67 84
67 86
67 87
67 88
67 90
67 91
67 94
67 95
67 98
67 99
68 105
68 117
68 121
68 128
68 129
68 136
68 140
68 166
68 169
68 171
68 182
68 199
68 0
68 1
68 2
68 5
68 8
68 9
68 10
68 12
68 14
68 16
68 17
68 18
68 20
68 21
68 22
68 23
68 24
68 26
68 27
68 28
68 29
68 30
68 31
68 32
68 33
68 34
68 37
68 38
68 39
68 41
68 43
68 44
68 48
68 50
68 51
68 54
68 55
68 59
68 62
68 64
68 69
68 70
68 72
68 73
68 74
68 75
68 76
68 77
68 78
68 79
68 80
68 81
68 82
68 84
68 85
68 87
68 88
68 90
68 91
68 92
68 93
68 94
68 95
68 96
68 97
68 98
68 168
69 103
69 109
69 110
69 113
69 115
69 119
69 120
69 144
69 145
69 152
69 153
69 166
69 171
69 173
69 198
69 0
69 1
69 2
69 4
69 5
69 6
69 7
69 8
69 9
69 10
69 14
69 15
69 16
69 17
69 18
69 20
69 22
69 25
69 26
69 28
69 29
69 30
69 31
69 32
69 33
69 34
69 37
69 38
69 39
69 40
69 41
69 43
69 44
69 45
69 48
69 49
69 50
69 51
69 52
69 53
69 54
69 55
69 56
69 57
69 59
69 61
69 62
69 64
69 66
69 67
69 68
69 71
69 74
69 76
69 78
69 79
69 80
69 81
69 85
69 86
69 87
69 89
69 92
69 93
69 94
69 95
69 96
69 169
70 102
70 107
70 116
70 123
70 129
70 131
70 132
70 140
70 144
70 145
70 148
70 150
70 154
70 157
70 160
70 168
70 169
70 174
70 175
70 177
70 1
70 2
70 3
70 4
70 5
70 6
70 7
70 9
70 11
70 12
70 13
70 14
70 15
70 18
70 19
70 21
70 22
70 25
70 26
70 27
70 28
70 29
70 30
70 31
70 32
70 33
70 34
70 35
70 37
70 38
70 39
70 40
70 41
70 42
70 43
70 44
70 45
70 46
70 47
70 48
70 51
70 52
70 55
70 56
70 57
70 59
70 60
70 61
70 67
70 68
70 71
70 72
70 75
70 76
70 77
70 78
70 81
70 82
70 83
70 84
70 85
70 90
70 91
70 94
70 96
70 98
70 99
70 170
71 102
71 104
71 119
71 122
71 126
71 127
71 130
71 133
71 136
71 139
71 144
71 145
71 150
71 155
71 156
71 167
71 172
71 184
71 187
71 188
71 193
71 194
71 197
71 0
71 3
71 4
71 5
71 6
71 7
71 8
71 9
71 10
71 11
71 12
71 14
71 17
71 20
71 22
71 25
71 29
71 30
71 33
71 34
71 35
71 36
71 37
71 38
71 40
71 41
71 42
71 43
71 45
71 47
71 48
71 52
71 53
71 54
71 55
71 56
71 57
71 58
71 60
71 61
71 62
71 65
71 66
71 67
71 69
71 70
71 72
71 73
71 74
71 75
71 77
71 78
71 79
71 81
71 82
71 83
71 85
71 86
71 87
71 90
71 91
71 92
71 93
71 94
71 95
71 96
71 97
71 98
71 99
71 171
72 102
72 105
72 106
72 110
72 113
72 124
72 127
72 131
72 138
72 140
72 142
72 147
72 148
72 155
72 158
72 161
72 174
72 177
72 180
72 182
72 183
72 186
72 191
72 193
72 195
72 0
72 1
72 2
72 4
72 5
72 6
72 7
72 10
72 15
72 16
72 17
72 18
72 19
72 20
72 22
72 24
72 25
72 26
72 27
72 28
72 29
72 30
72 32
72 33
72 34
72 36
72 38
72 39
72 40
72 42
72 43
72 44
72 46
72 48
72 49
72 50
72 52
72 53
72 54
72 55
72 57
72 58
72 59
72 63
72 65
72 67
72 68
72 70
72 71
72 73
72 74
72 76
72 77
72 78
72 79
72 80
72 81
72 83
72 84
72 86
72 87
72 90
72 91
72 95
72 96
72 97
72 98
72 172
73 102
73 104
73 108
73 121
73 126
73 131
73 133
73 134
73 137
73 139
73 149
73 150
73 155
73 161
73 162
73 173
73 175
73 194
73 195
73 0
73 1
73 2
73 3
73 4
73 8
73 10
73 11
73 12
73 16
73 19
73 20
73 21
73 22
73 24
73 25
73 26
73 27
73 28
73 29
73 30
73 32
73 33
73 35
73 36
73 37
73 38
73 39
73 41
73 42
73 43
73 45
73 46
73 47
73 49
73 50
73 51
73 52
73 53
73 54
73 55
73 58
73 59
73 60
73 61
73 62
73 65
73 67
73 68
73 71
73 72
73 74
73 75
73 76
73 77
73 79
73 81
73 82
73 83
73 85
73 87
73 88
73 89
73 92
73 93
73 95
73 96
73 97
74 107
74 121
74 125
74 129
74 131
74 139
74 150
74 153
74 155
74 158
74 162
74 173
74 183
74 186
74 195
74 2
74 4
74 5
74 7
74 9
74 10
74 11
74 12
74 13
74 14
74 15
74 16
74 18
74 19
74 22
74 23
74 24
74 25
74 26
74 31
74 32
74 33
74 35
74 36
74 37
74 38
74 41
74 42
74 43
74 44
74 45
74 46
74 47
74 48
74 49
74 50
74 51
74 52
74 53
74 54
74 55
74 60
74 61
74 62
74 64
74 65
74 66
74 68
74 69
74 71
74 72
74 73
74 75
74 77
74 78
74 79
74 80
74 81
74 83
74 85
74 87
74 89
74 92
74 94
74 95
74 98
74 99
74 174
75 102
75 104
75 106
75 110
75 117
75 119
75 123
75 126
75 129
75 131
75 133
75 134
75 149
75 160
75 168
75 173
75 178
75 192
75 195
75 199
75 0
75 3
75 6
75 7
75 13
75 14
75 15
75 16
75 17
75 18
75 19
75 20
75 21
75 22
75 24
75 25
75 26
75 27
75 28
75 29
75 30
75 31
75 32
75 33
75 36
75 37
75 41
75 43
75 45
75 46
75 47
75 49
75 50
75 51
75 52
75 54
75 57
75 58
75 59
75 60
75 61
75 62
75 63
75 65
75 66
75 68
75 70
75 71
75 73
75 74
75 76
75 78
75 79
75 80
75 81
75 82
75 84
75 85
75 86
75 87
75 89
75 90
75 91
75 92
75 97
75 98
75 99
75 175
76 100
76 116
76 118
76 133
76 142
76 144
76 149
76 150
76 156
76 157
76 161
76 163
76 167
76 172
76 183
76 187
76 191
76 197
76 0
76 1
76 2
76 4
76 5
76 7
76 8
76 9
76 10
76 11
76 12
76 13
76 14
76 15
76 16
76 17
76 18
76 22
76 23
76 24
76 26
76 27
76 28
76 29
76 31
76 35
76 38
76 39
76 40
76 44
76 45
76 46
76 47
76 48
76 49
76 50
76 51
76 52
76 54
76 56
76 57
76 58
76 64
76 66
76 67
76 68
76 69
76 70
76 72
76 73
76 75
76 77
76 78
76 79
76 81
76 83
76 85
76 86
76 88
76 89
76 91
76 93
76 94
76 95
76 97
76 98
76 99
76 176
77 101
77 102
77 112
77 114
77 118
77 127
77 134
77 150
77 153
77 161
77 162
77 164
77 172
77 180
77 188
77 189
77 190
77 194
77 199
77 2
77 3
77 5
77 7
77 9
77 11
77 12
77 14
77 16
77 18
77 19
77 21
77 23
77 25
77 26
77 28
77 29
77 33
77 34
77 35
77 36
77 37
77 38
77 39
77 40
77 41
77 42
77 43
77 44
77 45
77 47
77 48
77 50
77 52
77 53
77 54
77 56
77 58
77 59
77 60
77 61
77 62
77 63
77 65
77 66
77 67
77 68
77 70
77 71
77 72
77 73
77 74
77 76
77 78
77 79
77 80
77 81
77 82
77 84
77 87
77 88
77 89
77 90
77 92
77 93
77 98
77 177
78 108
78 120
78 122
78 128
78 130
78 138
78 141
78 142
78 144
78 153
78 155
78 161
78 168
78 170
78 172
78 187
78 198
78 0
78 1
78 2
78 3
78 5
78 8
78 10
78 11
78 12
78 13
78 14
78 15
78 17
78 18
78 19
78 22
78 24
78 25
78 26
78 28
78 29
78 30
78 33
78 34
78 35
78 37
78 38
78 39
78 40
78 41
78 42
78 43
78 44
78 45
78 47
78 48
78 49
78 50
78 52
78 53
78 54
78 55
78 56
78 58
78 59
78 60
78 61
78 62
78 64
78 65
78 67
78 68
78 69
78 70
78 71
78 72
78 74
78 75
78 76
78 77
78 79
78 80
78 82
78 83
78 84
78 85
78 86
78 88
78 89
78 90
78 91
78 92
78 93
78 95
78 98
78 99
78 178
79 100
79 111
79 113
79 122
79 126
79 137
79 142
79 143
79 144
79 145
79 148
79 149
79 153
79 159
79 160
79 163
79 165
79 169
79 172
79 175
79 184
79 189
79 0
79 2
79 3
79 4
79 5
79 6
79 7
79 8
79 9
79 10
79 12
79 14
79 16
79 17
79 19
79 20
79 23
79 25
79 26
79 27
79 28
79 29
79 31
79 33
79 35
79 39
79 40
79 41
79 42
79 44
79 45
79 46
79 47
79 50
79 51
79 52
79 53
79 55
79 56
79 57
79 58
79 59
79 60
79 61
79 62
79 64
79 65
79 67
79 68
79 69
79 71
79 72
79 73
79 74
79 75
79 76
79 77
79 78
79 80
79 82
79 83
79 84
79 85
79 86
79 89
79 90
79 91
79 92
79 94
79 97
79 98
79 99
79 179
80 101
80 102
80 106
80 113
80 115
80 134
80 150
80 151
80 170
80 174
80 175
80 186
80 195
80 196
80 197
80 199
80 0
80 1
80 2
80 4
80 5
80 6
80 7
80 8
80 9
80 10
80 12
80 14
80 15
80 16
80 17
80 18
80 19
80 20
80 21
80 22
80 23
80 24
80 26
80 27
80 29
80 31
80 32
80 34
80 36
80 37
80 38
80 39
80 40
80 42
80 43
80 44
80 45
80 49
80 51
80 52
80 54
80 55
80 56
80 59
80 61
80 62
80 63
80 64
80 65
80 66
80 67
80 68
80 69
80 72
80 74
80 75
80 77
80 78
80 79
80 81
80 82
80 85
80 86
80 87
80 88
80 89
80 90
80 91
80 93
80 94
80 96
80 97
80 98
80 99
80 180
81 100
81 112
81 116
81 119
81 125
81 131
81 135
81 141
81 145
81 148
81 149
81 153
81 155
81 164
81 168
81 169
81 185
81 188
81 190
81 191
81 198
81 0
81 1
81 4
81 5
81 8
81 9
81 11
81 12
81 13
81 14
81 15
81 16
81 17
81 18
81 19
81 20
81 21
81 23
81 24
81 25
81 26
81 27
81 28
81 29
81 31
81 32
81 33
81 35
81 36
81 37
81 39
81 40
81 41
81 43
81 44
81 46
81 47
81 48
81 51
81 52
81 53
81 56
81 58
81 59
81 60
81 61
81 62
81 63
81 66
81 68
81 69
81 70
81 71
81 72
81 73
81 74
81 75
81 76
81 77
81 80
81 82
81 83
81 84
81 85
81 87
81 91
81 92
81 95
81 97
81 181
82 103
82 106
82 112
82 115
82 117
82 121
82 122
82 128
82 131
82 135
82 136
82 140
82 145
82 148
82 155
82 156
82 157
82 163
82 164
82 168
82 172
82 173
82 177
82 178
82 190
82 195
82 197
82 1
82 6
82 9
82 10
82 11
82 12
82 15
82 19
82 20
82 21
82 23
82 25
82 27
82 28
82 31
82 32
82 33
82 36
82 37
82 38
82 39
82 40
82 41
82 42
82 44
82 46
82 48
82 50
82 51
82 54
82 56
82 57
82 58
82 59
82 60
82 61
82 62
82 63
82 65
82 66
82 67
82 68
82 70
82 71
82 73
82 75
82 77
82 78
82 79
82 80
82 81
82 85
82 86
82 87
82 88
82 89
82 90
82 91
82 92
82 93
82 94
82 95
82 96
82 98
82 99
82 182
83 105
83 106
83 107
83 109
83 114
83 115
83 120
83 121
83 125
83 131
83 135
83 138
83 139
83 147
83 148
83 151
83 153
83 163
83 165
83 172
83 178
83 186
83 192
83 196
83 0
83 1
83 4
83 6
83 7
83 8
83 9
83 10
83 11
83 12
83 13
83 14
83 15
83 16
83 17
83 18
83 23
83 25
83 26
83 27
83 28
83 29
83 30
83 31
83 32
83 33
83 34
83 35
83 36
83 37
83 38
83 40
83 41
83 42
83 44
83 46
83 47
83 48
83 50
83 51
83 52
83 55
83 56
83 57
83 58
83 59
83 60
83 63
83 64
83 66
83 67
83 70
83 71
83 72
83 73
83 74
83 76
83 78
83 79
83 81
83 84
83 85
83 86
83 87
83 88
83 89
83 93
83 94
83 96
83 98
83 99
83 183
84 104
84 110
84 121
84 134
84 135
84 157
84 162
84 165
84 167
84 169
84 172
84 173
84 174
84 178
84 181
84 183
84 190
84 195
84 0
84 1
84 2
84 3
84 4
84 5
84 7
84 9
84 11
84 12
84 14
84 15
84 17
84 18
84 19
84 20
84 21
84 22
84 25
84 26
84 28
84 29
84 30
84 31
84 32
84 33
84 35
84 37
84 38
84 40
84 42
84 43
84 45
84 46
84 47
84 48
84 49
84 50
84 51
84 53
84 54
84 56
84 58
84 59
84 60
84 62
84 63
84 64
84 67
84 68
84 70
84 72
84 75
84 77
84 78
84 79
84 81
84 83
84 85
84 86
84 87
84 89
84 90
84 95
84 96
84 184
85 118
85 120
85 122
85 125
85 133
85 134
85 143
85 156
85 158
85 160
85 169
85 177
85 181
85 183
85 0
85 1
85 2
85 4
85 5
85 7
85 8
85 9
85 10
85 11
85 14
85 15
85 16
85 17
85 18
85 19
85 20
85 22
85 23
85 24
85 26
85 28
85 31
85 32
85 33
85 34
85 35
85 37
85 38
85 40
85 41
85 43
85 44
85 45
85 46
85 48
85 49
85 50
85 52
85 53
85 54
85 56
85 57
85 58
85 59
85 60
85 61
85 62
85 63
85 64
85 65
85 66
85 68
85 69
85 70
85 71
85 73
85 74
85 75
85 76
85 78
85 79
85 80
85 81
85 82
85 83
85 84
85 86
85 87
85 88
85 92
85 94
85 95
85 97
85 98
85 99
85 185
86 102
86 105
86 107
86 111
86 115
86 131
86 135
86 139
86 168
86 169
86 172
86 173
86 176
86 183
86 186
86 190
86 198
86 0
86 1
86 3
86 5
86 6
86 7
86 8
86 10
86 11
86 12
86 13
86 16
86 17
86 18
86 19
86 21
86 23
86 24
86 26
86 27
86 28
86 29
86 31
86 32
86 33
86 34
86 35
86 36
86 37
86 38
86 39
86 41
86 42
86 43
86 44
86 49
86 51
86 52
86 54
86 55
86 56
86 57
86 58
86 59
86 61
86 62
86 64
86 65
86 67
86 69
86 71
86 72
86 75
86 76
86 78
86 79
86 80
86 82
86 83
86 84
86 85
86 87
86 92
86 93
86 94
86 95
86 96
86 97
86 98
87 108
87 109
87 115
87 128
87 138
87 153
87 157
87 158
87 164
87 179
87 180
87 197
87 199
87 2
87 3
87 4
87 6
87 7
87 8
87 9
87 10
87 11
87 12
87 13
87 14
87 15
87 16
87 17
87 18
87 21
87 22
87 23
87 24
87 27
87 28
87 29
87 30
87 32
87 33
87 34
87 35
87 36
87 37
87 39
87 40
87 42
87 44
87 45
87 47
87 48
87 49
87 50
87 51
87 54
87 55
87 56
87 57
87 58
87 60
87 61
87 62
87 63
87 64
87 65
87 67
87 68
87 69
87 71
87 72
87 73
87 74
87 75
87 77
87 80
87 81
87 82
87 83
87 84
87 85
87 86
87 89
87 91
87 92
87 93
87 96
87 98
87 99
87 187
88 100
88 114
88 116
88 118
88 119
88 124
88 135
88 136
88 140
88 143
88 149
88 150
88 165
88 191
88 198
88 199
88 0
88 1
88 2
88 3
88 4
88 6
88 7
88 8
88 9
88 10
88 11
88 12
88 13
88 14
88 15
88 16
88 17
88 20
88 21
88 22
88 24
88 26
88 27
88 28
88 30
88 33
88 34
88 36
88 37
88 39
88 41
88 43
88 44
88 45
88 48
88 50
88 51
88 52
88 53
88 54
88 55
88 57
88 58
88 60
88 61
88 62
88 64
88 65
88 67
88 68
88 73
88 76
88 77
88 78
88 80
88 82
88 83
88 85
88 89
88 91
88 92
88 93
88 96
88 99
88 188
89 114
89 120
89 122
89 126
89 135
89 136
89 138
89 139
89 147
89 149
89 150
89 173
89 175
89 176
89 181
89 190
89 192
89 193
89 196
89 198
89 1
89 3
89 5
89 6
89 7
89 8
89 10
89 12
89 13
89 14
89 16
89 17
89 21
89 22
89 25
89 26
89 27
89 29
89 30
89 31
89 33
89 34
89 35
89 37
89 39
89 42
89 43
89 44
89 45
89 46
89 47
89 48
89 50
89 51
89 52
89 53
89 54
89 55
89 56
89 57
89 58
89 59
89 61
89 62
89 63
89 64
89 65
89 66
89 69
89 73
89 74
89 75
89 76
89 77
89 78
89 79
89 80
89 82
89 83
89 84
89 87
89 88
89 90
89 91
89 93
89 95
89 96
89 97
89 189
90 103
90 106
90 115
90 125
90 126
90 127
90 129
90 136
90 143
90 145
90 146
90 147
90 168
90 175
90 177
90 180
90 185
90 189
90 191
90 194
90 3
90 5
90 6
90 7
90 9
90 11
90 12
90 14
90 15
90 16
90 17
90 18
90 19
90 21
90 22
90 23
90 24
90 25
90 27
90 28
90 30
90 31
90 32
90 33
90 34
90 35
90 36
90 37
90 38
90 39
90 40
90 41
90 42
90 43
90 47
90 48
90 49
90 50
90 51
90 52
90 53
90 54
90 55
90 56
90 57
90 58
90 59
90 60
90 61
90 62
90 63
90 66
90 67
90 68
90 70
90 71
90 72
90 75
90 77
90 78
90 79
90 80
90 82
90 84
90 89
90 92
90 93
90 94
90 95
90 96
90 97
90 99
90 190
91 101
91 102
91 106
91 108
91 112
91 114
91 125
91 133
91 136
91 138
91 140
91 142
91 144
91 147
91 148
91 153
91 154
91 155
91 163
91 174
91 178
91 180
91 182
91 184
91 189
91 190
91 0
91 1
91 3
91 5
91 6
91 8
91 9
91 12
91 13
91 15
91 16
91 18
91 20
91 21
91 24
91 25
91 27
91 29
91 30
91 31
91 32
91 35
91 38
91 39
91 41
91 43
91 44
91 47
91 49
91 52
91 53
91 54
91 55
91 56
91 60
91 61
91 62
91 64
91 67
91 68
91 70
91 71
91 72
91 75
91 76
91 78
91 79
91 80
91 81
91 82
91 87
91 88
91 89
91 92
91 93
91 94
91 96
91 97
91 98
91 191
92 103
92 108
92 114
92 115
92 119
92 123
92 128
92 129
92 136
92 138
92 149
92 151
92 154
92 171
92 173
92 177
92 178
92 181
92 185
92 189
92 191
92 1
92 2
92 3
92 4
92 5
92 6
92 7
92 8
92 9
92 10
92 11
92 12
92 14
92 15
92 16
92 18
92 19
92 21
92 22
92 23
92 25
92 28
92 30
92 31
92 33
92 34
92 35
92 38
92 39
92 41
92 44
92 45
92 46
92 47
92 48
92 49
92 50
92 51
92 52
92 53
92 55
92 57
92 58
92 60
92 62
92 63
92 66
92 68
92 69
92 71
92 73
92 74
92 75
92 77
92 78
92 79
92 81
92 82
92 85
92 86
92 87
92 88
92 90
92 91
92 96
92 97
92 98
92 99
92 192
93 106
93 117
93 124
93 131
93 139
93 140
93 142
93 161
93 165
93 170
93 173
93 174
93 177
93 180
93 186
93 187
93 194
93 195
93 198
93 0
93 1
93 2
93 3
93 4
93 5
93 7
93 8
93 10
93 12
93 14
93 17
93 19
93 21
93 23
93 24
93 28
93 30
93 31
93 32
93 33
93 34
93 35
93 36
93 37
93 38
93 40
93 42
93 43
93 44
93 46
93 47
93 48
93 49
93 50
93 51
93 52
93 53
93 54
93 55
93 56
93 60
93 61
93 62
93 63
93 64
93 65
93 68
93 69
93 71
93 73
93 76
93 77
93 78
93 80
93 82
93 83
93 86
93 87
93 88
93 89
93 90
93 91
93 95
93 97
93 98
93 99
93 193
94 101
94 102
94 105
94 115
94 123
94 126
94 128
94 129
94 133
94 139
94 141
94 142
94 147
94 156
94 162
94 164
94 168
94 171
94 180
94 193
94 0
94 2
94 3
94 4
94 5
94 6
94 7
94 9
94 10
94 11
94 12
94 13
94 15
94 17
94 18
94 21
94 24
94 25
94 26
94 27
94 28
94 29
94 30
94 32
94 35
94 36
94 37
94 40
94 41
94 42
94 43
94 44
94 46
94 47
94 48
94 49
94 50
94 52
94 54
94 55
94 56
94 58
94 59
94 60
94 61
94 62
94 63
94 65
94 66
94 67
94 68
94 69
94 70
94 71
94 74
94 76
94 79
94 80
94 82
94 83
94 85
94 86
94 90
94 91
94 95
94 96
94 97
94 98
94 194
95 105
95 111
95 117
95 120
95 121
95 123
95 124
95 127
95 133
95 134
95 137
95 138
95 145
95 153
95 163
95 168
95 170
95 175
95 178
95 179
95 180
95 183
95 0
95 2
95 3
95 4
95 6
95 10
95 11
95 12
95 13
95 14
95 15
95 17
95 18
95 19
95 20
95 21
95 23
95 24
95 28
95 30
95 31
95 32
95 33
95 34
95 35
95 36
95 39
95 40
95 41
95 42
95 43
95 44
95 45
95 47
95 48
95 49
95 51
95 52
95 54
95 55
95 56
95 57
95 58
95 62
95 64
95 66
95 67
95 68
95 69
95 71
95 72
95 73
95 74
95 76
95 78
95 81
95 82
95 84
95 85
95 86
95 89
95 90
95 93
95 94
95 97
95 99
95 195
96 101
96 112
96 122
96 129
96 132
96 136
96 141
96 147
96 151
96 158
96 170
96 171
96 172
96 177
96 179
96 184
96 193
96 197
96 198
96 0
96 1
96 3
96 5
96 6
96 9
96 10
96 11
96 12
96 14
96 15
96 17
96 18
96 19
96 20
96 23
96 25
96 26
96 27
96 28
96 29
96 34
96 35
96 37
96 40
96 41
96 42
96 43
96 44
96 45
96 47
96 48
96 50
96 51
96 52
96 54
96 55
96 56
96 60
96 61
96 62
96 63
96 64
96 65
96 68
96 69
96 70
96 71
96 72
96 73
96 80
96 82
96 83
96 84
96 86
96 87
96 88
96 89
96 90
96 91
96 92
96 94
96 97
96 98
96 99
96 196
97 100
97 103
97 105
97 115
97 120
97 123
97 127
97 143
97 147
97 150
97 155
97 156
97 166
97 167
97 172
97 176
97 188
97 190
97 192
97 196
97 0
97 1
97 2
97 3
97 5
97 6
97 7
97 8
97 9
97 11
97 12
97 15
97 18
97 20
97 21
97 22
97 23
97 24
97 25
97 26
97 27
97 29
97 31
97 32
97 33
97 35
97 37
97 38
97 39
97 41
97 42
97 43
97 44
97 45
97 47
97 48
97 50
97 53
97 54
97 55
97 57
97 59
97 60
97 61
97 68
97 71
97 72
97 73
97 75
97 76
97 79
97 80
97 81
97 85
97 86
97 89
97 90
97 91
97 92
97 93
97 94
97 95
97 96
97 98
97 197
98 105
98 106
98 109
98 115
98 120
98 132
98 136
98 147
98 163
98 170
98 180
98 187
98 191
98 195
98 199
98 0
98 2
98 3
98 5
98 8
98 10
98 11
98 13
98 14
98 15
98 16
98 17
98 18
98 19
98 20
98 21
98 22
98 24
98 25
98 26
98 27
98 28
98 29
98 30
98 31
98 32
98 34
98 35
98 36
98 37
98 43
98 44
98 45
98 46
98 52
98 53
98 55
98 56
98 58
98 59
98 60
98 61
98 62
98 63
98 64
98 65
98 67
98 68
98 70
98 71
98 72
98 74
98 75
98 76
98 77
98 78
98 79
98 80
98 82
98 83
98 85
98 86
98 87
98 91
98 92
98 93
98 94
98 96
98 97
98 99
98 198
99 100
99 103
99 106
99 110
99 125
99 128
99 132
99 144
99 149
99 154
99 166
99 170
99 182
99 183
99 184
99 193
99 194
99 198
99 199
99 0
99 3
99 5
99 6
99 13
99 14
99 17
99 18
99 19
99 20
99 22
99 23
99 24
99 25
99 26
99 27
99 28
99 29
99 30
99 31
99 32
99 36
99 37
99 38
99 43
99 44
99 45
99 47
99 48
99 49
99 51
99 53
99 55
99 56
99 57
99 58
99 62
99 65
99 66
99 67
99 70
99 71
99 74
99 75
99 76
99 78
99 79
99 80
99 82
99 83
99 85
99 87
99 88
99 90
99 92
99 93
99 95
99 96
99 98
100 0
100 1
100 6
100 8
100 10
100 15
100 26
100 29
100 34
100 45
100 57
100 58
100 63
100 66
100 76
100 79
100 81
100 88
100 97
100 99
101 3
101 6
101 19
101 22
101 25
101 26
101 28
101 38
101 52
101 53
101 61
101 65
101 77
101 80
101 91
101 94
101 96
101 1
102 6
102 7
102 13
102 25
102 27
102 33
102 39
102 52
102 54
102 59
102 63
102 65
102 70
102 71
102 72
102 73
102 75
102 77
102 80
102 86
102 91
102 94
102 2
103 3
103 6
103 14
103 16
103 17
103 23
103 24
103 29
103 43
103 46
103 50
103 61
103 63
103 69
103 82
103 90
103 92
103 97
103 99
104 1
104 6
104 9
104 12
104 21
104 32
104 33
104 49
104 50
104 67
104 71
104 73
104 75
104 84
104 4
105 5
105 6
105 14
105 15
105 29
105 33
105 55
105 56
105 68
105 72
105 83
105 86
105 94
105 95
105 97
105 98
106 10
106 17
106 20
106 22
106 24
106 31
106 32
106 36
106 41
106 44
106 48
106 65
106 66
106 72
106 75
106 80
106 82
106 83
106 90
106 91
106 93
106 98
106 99
106 6
107 0
107 1
107 15
107 18
107 24
107 27
107 28
107 34
107 46
107 48
107 49
107 50
107 56
107 59
107 62
107 63
107 70
107 74
107 83
107 86
107 7
108 0
108 4
108 7
108 9
108 15
108 25
108 28
108 37
108 38
108 46
108 48
108 53
108 55
108 56
108 58
108 61
108 73
108 78
108 87
108 91
108 92
108 8
109 0
109 1
109 3
109 5
109 7
109 8
109 18
109 45
109 59
109 60
109 62
109 63
109 69
109 83
109 87
109 98
109 9
110 1
110 9
110 13
110 32
110 34
110 44
110 46
110 47
110 54
110 69
110 72
110 75
110 84
110 99
110 10
111 5
111 6
111 7
111 13
111 15
111 16
111 29
111 34
111 39
111 44
111 45
111 49
111 53
111 56
111 57
111 62
111 67
111 79
111 86
111 95
111 11
112 7
112 10
112 18
112 20
112 21
112 23
112 26
112 41
112 53
112 54
112 55
112 61
112 65
112 77
112 81
112 82
112 91
112 96
112 12
113 19
113 22
113 26
113 28
113 44
113 60
113 63
113 67
113 69
113 72
113 79
113 80
113 13
114 2
114 5
114 17
114 21
114 24
114 27
114 29
114 30
114 40
114 47
114 48
114 66
114 77
114 83
114 88
114 89
114 91
114 92
114 14
115 3
115 16
115 31
115 38
115 41
115 45
115 48
115 51
115 58
115 60
115 62
115 63
115 67
115 69
115 80
115 82
115 83
115 86
115 87
115 90
115 92
115 94
115 97
115 98
115 15
116 2
116 3
116 5
116 6
116 9
116 11
116 31
116 34
116 48
116 63
116 65
116 70
116 76
116 81
116 88
116 16
117 2
117 8
117 9
117 12
117 13
117 19
117 25
117 34
117 36
117 41
117 43
117 46
117 54
117 64
117 68
117 75
117 82
117 93
117 95
117 17
118 1
118 4
118 14
118 23
118 26
118 27
118 31
118 35
118 39
118 41
118 57
118 59
118 61
118 62
118 76
118 77
118 85
118 88
118 18
119 1
119 6
119 11
119 15
119 18
119 25
119 26
119 27
119 30
119 36
119 40
119 51
119 56
119 65
119 66
119 69
119 71
119 75
119 81
119 88
119 92
119 19
120 19
120 20
120 32
120 39
120 40
120 63
120 69
120 78
120 83
120 85
120 89
120 95
120 97
120 98
121 7
121 10
121 12
121 15
121 16
121 17
121 24
121 26
121 51
121 54
121 56
121 60
121 68
121 73
121 74
121 82
121 83
121 84
121 95
121 21
122 6
122 10
122 13
122 20
122 22
122 28
122 29
122 34
122 37
122 38
122 47
122 48
122 50
122 56
122 57
122 59
122 60
122 71
122 78
122 79
122 82
122 85
122 89
122 96
123 3
123 4
123 6
123 32
123 33
123 40
123 44
123 50
123 59
123 62
123 70
123 75
123 92
123 94
123 95
123 97
123 23
124 9
124 12
124 13
124 14
124 17
124 19
124 23
124 36
124 37
124 42
124 51
124 54
124 59
124 64
124 72
124 88
124 93
124 95
124 24
125 7
125 11
125 13
125 16
125 26
125 27
125 28
125 36
125 38
125 40
125 43
125 44
125 45
125 51
125 52
125 57
125 62
125 74
125 81
125 83
125 85
125 90
125 91
125 99
125 25
126 7
126 9
126 10
126 11
126 18
126 34
126 43
126 64
126 71
126 73
126 75
126 79
126 89
126 90
126 94
126 26
127 0
127 1
127 2
127 3
127 4
127 6
127 23
127 34
127 43
127 51
127 59
127 60
127 71
127 72
127 77
127 90
127 95
127 97
127 27
128 1
128 12
128 21
128 22
128 28
128 29
128 31
128 34
128 35
128 36
128 45
128 47
128 49
128 52
128 53
128 57
128 61
128 68
128 78
128 82
128 87
128 92
128 94
128 99
129 3
129 4
129 7
129 8
129 9
129 13
129 17
129 27
129 34
129 38
129 42
129 44
129 45
129 47
129 49
129 54
129 55
129 64
129 65
129 66
129 68
129 70
129 74
129 75
129 90
129 92
129 94
129 96
129 29
130 2
130 5
130 33
130 36
130 47
130 61
130 63
130 71
130 78
130 30
131 2
131 6
131 10
131 13
131 14
131 16
131 32
131 34
131 41
131 54
131 55
131 63
131 70
131 72
131 73
131 74
131 75
131 81
131 82
131 83
131 86
131 93
131 31
132 3
132 4
132 5
132 13
132 35
132 37
132 44
132 48
132 51
132 53
132 70
132 96
132 98
132 99
132 32
133 6
133 12
133 15
133 22
133 25
133 28
133 37
133 47
133 48
133 55
133 57
133 60
133 62
133 63
133 71
133 73
133 75
133 76
133 85
133 91
133 94
133 95
133 33
134 8
134 9
134 12
134 13
134 18
134 20
134 24
134 27
134 35
134 46
134 54
134 55
134 63
134 73
134 75
134 77
134 80
134 84
134 85
134 95
134 34
135 1
135 10
135 13
135 23
135 29
135 38
135 40
135 47
135 50
135 54
135 58
135 60
135 61
135 81
135 82
135 83
135 84
135 86
135 88
135 89
135 35
136 9
136 15
136 16
136 18
136 19
136 27
136 35
136 38
136 43
136 46
136 49
136 52
136 55
136 60
136 62
136 63
136 65
136 67
136 68
136 71
136 82
136 88
136 89
136 90
136 91
136 92
136 96
136 98
136 36
137 0
137 7
137 9
137 19
137 24
137 29
137 32
137 41
137 42
137 49
137 51
137 54
137 56
137 73
137 79
137 95
137 37
138 0
138 2
138 5
138 10
138 12
138 13
138 18
138 24
138 30
138 32
138 39
138 47
138 58
138 62
138 65
138 66
138 72
138 78
138 83
138 87
138 89
138 91
138 92
138 95
138 38
139 2
139 7
139 9
139 16
139 23
139 28
139 30
139 31
139 44
139 49
139 50
139 52
139 57
139 60
139 61
139 71
139 73
139 74
139 83
139 86
139 89
139 93
139 94
139 39
140 3
140 8
140 20
140 24
140 26
140 28
140 29
140 31
140 33
140 34
140 43
140 44
140 50
140 51
140 56
140 57
140 63
140 68
140 70
140 72
140 82
140 88
140 91
140 93
140 40
141 13
141 15
141 17
141 20
141 25
141 30
141 40
141 47
141 53
141 62
141 78
141 81
141 94
141 96
141 41
142 0
142 1
142 3
142 6
142 10
142 11
142 12
142 16
142 19
142 26
142 36
142 46
142 50
142 51
142 52
142 53
142 55
142 66
142 72
142 76
142 78
142 79
142 91
142 93
142 94
142 42
143 0
143 9
143 20
143 23
143 24
143 25
143 29
143 37
143 38
143 39
143 44
143 51
143 66
143 79
143 85
143 88
143 90
143 97
143 43
144 21
144 25
144 39
144 44
144 52
144 53
144 57
144 60
144 61
144 65
144 69
144 70
144 71
144 76
144 78
144 79
144 91
144 99
145 1
145 2
145 4
145 5
145 13
145 29
145 30
145 38
145 46
145 47
145 52
145 53
145 55
145 65
145 69
145 70
145 71
145 79
145 81
145 82
145 90
145 95
145 45
146 5
146 6
146 9
146 12
146 17
146 20
146 21
146 28
146 30
146 34
146 35
146 51
146 60
146 90
146 46
147 2
147 3
147 5
147 7
147 15
147 16
147 27
147 32
147 39
147 47
147 49
147 55
147 67
147 72
147 83
147 89
147 90
147 91
147 94
147 96
147 97
147 98
148 3
148 11
148 12
148 14
148 15
148 18
148 19
148 20
148 21
148 23
148 33
148 36
148 37
148 46
148 47
148 48
148 49
148 60
148 64
148 70
148 72
148 79
148 81
148 82
148 83
148 91
149 1
149 3
149 8
149 10
149 13
149 16
149 18
149 22
149 23
149 26
149 28
149 29
149 31
149 36
149 39
149 41
149 46
149 49
149 66
149 67
149 73
149 75
149 76
149 79
149 81
149 88
149 89
149 92
149 99
150 0
150 5
150 6
150 9
150 14
150 22
150 28
150 39
150 40
150 42
150 45
150 51
150 57
150 58
150 70
150 71
150 73
150 74
150 76
150 77
150 80
150 88
150 89
150 97
150 50
151 4
151 17
151 18
151 20
151 34
151 44
151 47
151 54
151 59
151 62
151 64
151 65
151 80
151 83
151 92
151 96
151 51
152 2
152 6
152 9
152 15
152 44
152 53
152 66
152 69
152 52
153 1
153 5
153 7
153 14
153 15
153 16
153 23
153 25
153 29
153 31
153 32
153 35
153 45
153 47
153 48
153 49
153 54
153 69
153 74
153 77
153 78
153 79
153 81
153 83
153 87
153 91
153 95
153 53
154 0
154 4
154 7
154 10
154 12
154 21
154 28
154 35
154 38
154 40
154 52
154 55
154 57
154 60
154 61
154 70
154 91
154 92
154 99
154 54
155 2
155 14
155 17
155 30
155 31
155 43
155 53
155 54
155 57
155 58
155 64
155 71
155 72
155 73
155 74
155 78
155 81
155 82
155 91
155 97
155 55
156 5
156 10
156 13
156 19
156 20
156 34
156 35
156 37
156 39
156 40
156 45
156 47
156 48
156 50
156 59
156 62
156 63
156 65
156 71
156 76
156 82
156 85
156 94
156 97
156 56
157 1
157 10
157 13
157 14
157 16
157 23
157 28
157 31
157 35
157 39
157 42
157 45
157 46
157 47
157 48
157 55
157 57
157 62
157 67
157 70
157 76
157 82
157 84
157 87
158 4
158 15
158 35
158 43
158 46
158 50
158 55
158 56
158 64
158 65
158 72
158 74
158 85
158 87
158 96
158 58
159 0
159 5
159 7
159 9
159 10
159 12
159 15
159 39
159 49
159 51
159 65
159 79
159 59
160 0
160 1
160 2
160 10
160 14
160 26
160 28
160 33
160 42
160 45
160 47
160 56
160 58
160 59
160 67
160 70
160 75
160 79
160 85
160 60
161 4
161 8
161 10
161 26
161 27
161 29
161 35
161 36
161 38
161 41
161 42
161 72
161 73
161 76
161 77
161 78
161 93
161 61
162 2
162 3
162 4
162 5
162 15
162 24
162 26
162 30
162 35
162 47
162 49
162 51
162 52
162 58
162 60
162 65
162 73
162 74
162 77
162 84
162 94
162 62
163 2
163 17
163 21
163 24
163 27
163 32
163 36
163 40
163 46
163 51
163 61
163 65
163 66
163 76
163 79
163 82
163 83
163 91
163 95
163 98
163 63
164 5
164 21
164 22
164 26
164 30
164 31
164 32
164 33
164 39
164 48
164 53
164 56
164 62
164 67
164 77
164 81
164 82
164 87
164 94
164 64
165 5
165 8
165 14
165 16
165 17
165 31
165 33
165 34
165 43
165 46
165 49
165 54
165 57
165 66
165 79
165 83
165 84
165 88
165 93
165 65
166 2
166 7
166 11
166 14
166 17
166 24
166 25
166 33
166 43
166 55
166 63
166 68
166 69
166 97
166 99
166 66
167 0
167 4
167 11
167 13
167 15
167 17
167 22
167 35
167 41
167 45
167 62
167 67
167 71
167 76
167 84
167 97
168 0
168 1
168 6
168 8
168 13
168 16
168 18
168 29
168 37
168 38
168 42
168 46
168 48
168 49
168 51
168 53
168 56
168 61
168 64
168 65
168 70
168 75
168 78
168 81
168 82
168 86
168 90
168 94
168 95
168 68
169 4
169 9
169 21
169 38
169 45
169 49
169 50
169 54
169 56
169 58
169 68
169 70
169 79
169 81
169 84
169 85
169 86
169 69
170 0
170 3
170 39
170 43
170 51
170 55
170 65
170 78
170 80
170 93
170 95
170 96
170 98
170 99
170 70
171 1
171 4
171 6
171 11
171 18
171 21
171 23
171 24
171 30
171 31
171 37
171 40
171 44
171 45
171 46
171 49
171 52
171 53
171 54
171 55
171 58
171 62
171 68
171 69
171 92
171 94
171 96
171 71
172 1
172 3
172 5
172 19
172 23
172 32
172 36
172 37
172 51
172 54
172 62
172 71
172 76
172 77
172 78
172 79
172 82
172 83
172 84
172 86
172 96
172 97
172 72
173 6
173 7
173 15
173 17
173 29
173 31
173 37
173 38
173 44
173 46
173 58
173 65
173 69
173 73
173 74
173 75
173 82
173 84
173 86
173 89
173 92
173 93
174 1
174 8
174 16
174 24
174 26
174 31
174 33
174 35
174 36
174 38
174 40
174 44
174 50
174 55
174 66
174 70
174 72
174 80
174 84
174 91
174 93
174 74
175 3
175 8
175 10
175 15
175 20
175 26
175 61
175 70
175 73
175 79
175 80
175 89
175 90
175 95
175 75
176 2
176 3
176 4
176 12
176 14
176 16
176 19
176 34
176 35
176 46
176 50
176 53
176 66
176 86
176 89
176 97
176 76
177 0
177 3
177 5
177 15
177 17
177 21
177 26
177 31
177 44
177 70
177 72
177 82
177 85
177 90
177 92
177 93
177 96
177 77
178 3
178 4
178 7
178 8
178 10
178 13
178 17
178 24
178 28
178 30
178 33
178 36
178 43
178 50
178 55
178 58
178 60
178 65
178 75
178 82
178 83
178 84
178 91
178 92
178 95
178 78
179 12
179 15
179 24
179 27
179 36
179 39
179 41
179 46
179 48
179 49
179 51
179 62
179 63
179 87
179 95
179 96
179 79
180 0
180 7
180 12
180 14
180 15
180 16
180 17
180 18
180 22
180 26
180 32
180 46
180 48
180 55
180 72
180 77
180 87
180 90
180 91
180 93
180 94
180 95
180 98
180 80
181 3
181 9
181 12
181 15
181 19
181 21
181 31
181 33
181 37
181 38
181 41
181 43
181 46
181 49
181 52
181 55
181 56
181 66
181 84
181 85
181 89
181 92
181 81
182 0
182 3
182 5
182 6
182 19
182 25
182 29
182 41
182 43
182 44
182 48
182 50
182 52
182 53
182 55
182 66
182 68
182 72
182 91
182 99
182 82
183 2
183 3
183 6
183 16
183 25
183 27
183 34
183 35
183 37
183 60
183 62
183 72
183 74
183 76
183 84
183 85
183 86
183 95
183 99
183 83
184 6
184 8
184 16
184 17
184 20
184 22
184 23
184 27
184 31
184 33
184 37
184 41
184 46
184 47
184 48
184 58
184 71
184 79
184 91
184 96
184 99
184 84
185 8
185 11
185 26
185 32
185 35
185 38
185 40
185 62
185 66
185 81
185 90
185 92
185 85
186 1
186 5
186 7
186 10
186 11
186 12
186 24
186 29
186 32
186 37
186 38
186 54
186 62
186 63
186 72
186 74
186 80
186 83
186 86
186 93
187 1
187 5
187 6
187 19
187 26
187 36
187 39
187 46
187 48
187 52
187 54
187 61
187 67
187 71
187 76
187 78
187 93
187 98
187 87
188 0
188 5
188 16
188 23
188 28
188 40
188 49
188 52
188 54
188 58
188 60
188 61
188 62
188 66
188 71
188 77
188 81
188 97
188 88
189 3
189 5
189 12
189 22
189 23
189 24
189 28
189 30
189 44
189 56
189 64
189 77
189 79
189 90
189 91
189 92
189 89
190 17
190 20
190 25
190 27
190 34
190 36
190 37
190 39
190 45
190 56
190 57
190 60
190 61
190 65
190 77
190 81
190 82
190 84
190 86
190 89
190 91
190 97
190 90
191 8
191 18
191 31
191 33
191 37
191 39
191 47
191 48
191 56
191 58
191 59
191 72
191 76
191 81
191 88
191 90
191 92
191 98
191 91
192 5
192 6
192 10
192 15
192 21
192 22
192 25
192 28
192 29
192 31
192 35
192 39
192 40
192 41
192 47
192 55
192 64
192 66
192 75
192 83
192 89
192 97
192 92
193 2
193 15
193 16
193 29
193 37
193 41
193 43
193 44
193 46
193 49
193 52
193 53
193 62
193 66
193 71
193 72
193 89
193 94
193 96
193 99
193 93
194 18
194 19
194 26
194 28
194 31
194 32
194 34
194 35
194 37
194 49
194 51
194 62
194 65
194 71
194 73
194 77
194 90
194 93
194 99
194 94
195 11
195 16
195 21
195 22
195 25
195 27
195 29
195 31
195 34
195 42
195 47
195 50
195 54
195 58
195 59
195 72
195 73
195 74
195 75
195 80
195 82
195 84
195 93
195 98
195 95
196 12
196 13
196 16
196 19
196 20
196 29
196 31
196 33
196 43
196 46
196 48
196 49
196 50
196 64
196 66
196 80
196 83
196 89
196 97
196 96
197 2
197 6
197 9
197 13
197 16
197 19
197 23
197 29
197 34
197 45
197 51
197 61
197 66
197 71
197 76
197 80
197 82
197 87
197 96
197 97
198 5
198 11
198 16
198 20
198 24
198 30
198 46
198 51
198 57
198 58
198 59
198 63
198 69
198 78
198 81
198 86
198 88
198 89
198 93
198 96
198 99
198 98
199 1
199 2
199 4
199 6
199 8
199 16
199 18
199 19
199 24
199 25
199 30
199 54
199 56
199 68
199 75
199 77
199 80
199 87
199 88
199 98
199 99
