  100   1792
0 51
0 52
0 55
0 60
0 62
0 65
0 66
0 69
0 71
0 72
0 73
0 78
0 80
0 83
0 87
0 94
0 97
0 1
0 3
0 4
0 5
0 7
0 8
0 9
0 10
0 11
0 12
0 13
0 14
0 15
0 16
0 17
0 18
0 19
0 20
0 21
0 22
0 24
0 25
0 26
0 27
0 28
0 29
0 33
0 34
0 35
0 36
0 37
0 38
0 39
0 41
0 42
0 43
0 44
0 45
0 46
0 48
0 49
0 50
1 52
1 56
1 71
1 75
1 77
1 84
1 85
1 87
1 94
1 96
1 97
1 98
1 0
1 3
1 4
1 8
1 11
1 12
1 13
1 15
1 16
1 19
1 20
1 21
1 22
1 23
1 24
1 26
1 27
1 28
1 29
1 31
1 32
1 34
1 36
1 38
1 40
1 44
1 45
1 46
1 49
1 51
2 54
2 55
2 61
2 62
2 63
2 69
2 71
2 73
2 76
2 80
2 82
2 84
2 90
2 92
2 94
2 96
2 98
2 4
2 5
2 8
2 10
2 11
2 13
2 14
2 18
2 19
2 20
2 25
2 27
2 28
2 30
2 31
2 32
2 33
2 36
2 39
2 40
2 41
2 43
2 48
2 52
3 51
3 53
3 55
3 56
3 57
3 59
3 60
3 62
3 63
3 64
3 65
3 66
3 68
3 69
3 70
3 72
3 74
3 78
3 80
3 84
3 87
3 89
3 90
3 94
3 96
3 99
3 0
3 1
3 4
3 5
3 6
3 7
3 8
3 9
3 10
3 13
3 14
3 16
3 19
3 20
3 21
3 22
3 23
3 24
3 25
3 26
3 27
3 28
3 29
3 33
3 37
3 40
3 43
3 45
3 46
3 48
3 49
4 54
4 55
4 56
4 59
4 63
4 65
4 67
4 68
4 69
4 70
4 71
4 74
4 75
4 76
4 77
4 78
4 80
4 82
4 83
4 84
4 86
4 89
4 97
4 0
4 1
4 2
4 3
4 5
4 6
4 8
4 10
4 11
4 14
4 15
4 16
4 17
4 20
4 21
4 22
4 25
4 27
4 28
4 29
4 31
4 33
4 34
4 37
4 39
4 40
4 41
4 42
4 43
4 44
4 45
4 47
5 50
5 53
5 57
5 59
5 64
5 68
5 71
5 72
5 80
5 81
5 82
5 85
5 86
5 88
5 89
5 91
5 92
5 97
5 0
5 2
5 3
5 4
5 7
5 8
5 10
5 12
5 14
5 16
5 20
5 22
5 24
5 25
5 26
5 27
5 28
5 29
5 30
5 31
5 32
5 33
5 35
5 37
5 38
5 40
5 41
5 42
5 43
5 44
5 45
5 46
5 47
5 48
5 55
6 50
6 52
6 54
6 56
6 58
6 59
6 60
6 61
6 65
6 68
6 69
6 72
6 75
6 76
6 77
6 78
6 80
6 83
6 85
6 86
6 90
6 91
6 93
6 95
6 96
6 98
6 99
6 3
6 4
6 8
6 9
6 10
6 12
6 13
6 16
6 19
6 20
6 22
6 23
6 25
6 26
6 27
6 28
6 29
6 30
6 31
6 33
6 36
6 37
6 39
6 40
6 41
6 42
6 43
6 44
6 49
7 54
7 56
7 57
7 59
7 60
7 61
7 62
7 67
7 68
7 69
7 70
7 71
7 74
7 77
7 82
7 84
7 86
7 87
7 88
7 89
7 90
7 95
7 96
7 99
7 0
7 3
7 5
7 9
7 10
7 12
7 13
7 15
7 16
7 17
7 18
7 21
7 23
7 24
7 25
7 26
7 30
7 31
7 33
7 37
7 41
7 43
7 45
7 46
7 47
7 48
7 49
8 50
8 51
8 54
8 57
8 59
8 66
8 67
8 69
8 72
8 73
8 74
8 75
8 78
8 80
8 85
8 86
8 88
8 89
8 90
8 94
8 96
8 0
8 1
8 2
8 3
8 4
8 5
8 6
8 9
8 11
8 12
8 15
8 17
8 19
8 20
8 21
8 22
8 23
8 25
8 26
8 28
8 29
8 31
8 32
8 33
8 37
8 42
8 44
8 45
8 47
8 58
9 50
9 51
9 52
9 55
9 56
9 59
9 61
9 64
9 68
9 70
9 72
9 74
9 75
9 78
9 79
9 80
9 81
9 87
9 90
9 94
9 95
9 96
9 0
9 3
9 6
9 7
9 8
9 11
9 12
9 14
9 17
9 18
9 19
9 20
9 22
9 23
9 25
9 27
9 28
9 29
9 31
9 32
9 34
9 35
9 36
9 37
9 40
9 43
9 44
9 46
9 47
9 48
9 49
10 51
10 52
10 58
10 60
10 61
10 63
10 64
10 65
10 66
10 67
10 68
10 69
10 70
10 71
10 73
10 76
10 78
10 79
10 80
10 84
10 87
10 93
10 98
10 0
10 2
10 3
10 4
10 5
10 6
10 7
10 12
10 13
10 15
10 16
10 17
10 19
10 20
10 23
10 24
10 25
10 26
10 28
10 29
10 30
10 31
10 32
10 33
10 34
10 35
10 36
10 37
10 39
10 40
10 42
10 43
10 44
10 45
10 46
10 49
11 50
11 55
11 56
11 57
11 58
11 59
11 61
11 64
11 67
11 68
11 69
11 72
11 75
11 76
11 77
11 78
11 84
11 85
11 88
11 89
11 91
11 94
11 95
11 96
11 99
11 0
11 1
11 2
11 4
11 8
11 9
11 12
11 15
11 17
11 18
11 20
11 21
11 23
11 25
11 26
11 28
11 29
11 30
11 31
11 34
11 36
11 38
11 39
11 40
11 41
11 42
11 43
11 45
11 46
11 47
11 48
11 49
12 51
12 55
12 57
12 61
12 63
12 64
12 65
12 66
12 69
12 72
12 74
12 75
12 82
12 84
12 85
12 88
12 90
12 92
12 99
12 0
12 1
12 5
12 6
12 7
12 8
12 9
12 10
12 11
12 14
12 15
12 16
12 17
12 18
12 20
12 21
12 22
12 23
12 24
12 27
12 28
12 29
12 31
12 32
12 34
12 35
12 37
12 38
12 39
12 40
12 42
12 43
12 45
12 46
12 62
13 50
13 51
13 54
13 55
13 56
13 57
13 58
13 59
13 60
13 62
13 64
13 65
13 66
13 73
13 75
13 76
13 82
13 83
13 86
13 93
13 94
13 96
13 97
13 98
13 99
13 0
13 1
13 2
13 3
13 6
13 7
13 10
13 17
13 21
13 23
13 24
13 27
13 28
13 30
13 32
13 33
13 34
13 35
13 36
13 38
13 39
13 40
13 42
13 45
13 46
13 47
13 49
13 63
14 50
14 51
14 55
14 58
14 60
14 62
14 63
14 64
14 69
14 71
14 75
14 77
14 78
14 80
14 81
14 85
14 86
14 89
14 90
14 92
14 93
14 95
14 97
14 0
14 2
14 3
14 4
14 5
14 9
14 12
14 16
14 17
14 20
14 21
14 23
14 24
14 26
14 27
14 28
14 33
14 36
14 37
14 39
14 40
14 44
14 47
14 49
15 50
15 51
15 53
15 56
15 58
15 59
15 62
15 63
15 66
15 67
15 71
15 73
15 77
15 78
15 80
15 81
15 82
15 83
15 85
15 86
15 88
15 92
15 95
15 97
15 98
15 99
15 0
15 1
15 4
15 7
15 8
15 10
15 11
15 12
15 16
15 18
15 19
15 21
15 22
15 23
15 24
15 26
15 29
15 31
15 32
15 34
15 35
15 36
15 41
15 42
15 43
15 45
15 47
15 65
16 51
16 52
16 57
16 58
16 59
16 61
16 63
16 64
16 67
16 68
16 69
16 71
16 74
16 75
16 78
16 81
16 85
16 93
16 94
16 97
16 0
16 1
16 3
16 4
16 5
16 6
16 7
16 10
16 12
16 14
16 15
16 17
16 18
16 19
16 21
16 23
16 24
16 27
16 29
16 30
16 32
16 33
16 34
16 35
16 39
16 42
16 43
16 45
16 46
16 47
16 66
17 51
17 53
17 54
17 58
17 60
17 62
17 64
17 68
17 71
17 75
17 80
17 82
17 84
17 85
17 86
17 88
17 89
17 90
17 91
17 92
17 94
17 95
17 97
17 0
17 4
17 7
17 8
17 9
17 10
17 11
17 12
17 13
17 14
17 16
17 18
17 20
17 23
17 25
17 28
17 29
17 30
17 31
17 33
17 34
17 36
17 41
17 42
17 45
17 48
17 67
18 52
18 55
18 56
18 57
18 58
18 65
18 71
18 73
18 74
18 79
18 82
18 83
18 85
18 90
18 91
18 92
18 93
18 95
18 97
18 98
18 0
18 2
18 7
18 9
18 11
18 12
18 15
18 16
18 17
18 19
18 20
18 21
18 26
18 27
18 29
18 32
18 37
18 38
18 39
18 40
18 43
18 44
18 45
18 47
18 48
18 68
19 50
19 51
19 52
19 55
19 57
19 59
19 60
19 61
19 62
19 63
19 65
19 66
19 68
19 70
19 73
19 74
19 78
19 81
19 83
19 87
19 92
19 93
19 98
19 0
19 1
19 2
19 3
19 6
19 8
19 9
19 10
19 15
19 16
19 18
19 21
19 22
19 24
19 27
19 31
19 33
19 35
19 36
19 38
19 40
19 43
19 44
19 46
19 47
19 48
19 49
19 69
20 50
20 52
20 55
20 59
20 60
20 68
20 70
20 71
20 74
20 75
20 80
20 81
20 82
20 83
20 84
20 86
20 87
20 91
20 95
20 98
20 99
20 0
20 1
20 2
20 3
20 4
20 5
20 6
20 8
20 9
20 10
20 11
20 12
20 14
20 17
20 18
20 21
20 22
20 24
20 25
20 26
20 27
20 29
20 30
20 31
20 35
20 36
20 38
20 39
20 40
20 41
20 42
20 43
20 44
20 45
20 46
20 47
20 48
21 51
21 52
21 54
21 55
21 58
21 60
21 61
21 62
21 66
21 71
21 76
21 78
21 79
21 81
21 86
21 90
21 93
21 95
21 98
21 0
21 1
21 3
21 4
21 7
21 8
21 11
21 12
21 13
21 14
21 15
21 16
21 18
21 19
21 20
21 23
21 25
21 27
21 28
21 30
21 33
21 36
21 37
21 38
21 39
21 42
21 44
21 46
21 49
22 51
22 55
22 59
22 60
22 65
22 66
22 67
22 69
22 70
22 72
22 76
22 77
22 78
22 80
22 81
22 83
22 92
22 93
22 94
22 96
22 0
22 1
22 3
22 4
22 5
22 6
22 8
22 9
22 12
22 15
22 19
22 20
22 23
22 25
22 27
22 28
22 29
22 33
22 34
22 36
22 37
22 38
22 39
22 40
22 41
22 42
22 43
22 44
22 46
22 48
23 54
23 56
23 58
23 64
23 65
23 66
23 75
23 76
23 78
23 80
23 82
23 83
23 84
23 88
23 90
23 92
23 95
23 96
23 98
23 99
23 1
23 3
23 6
23 7
23 8
23 9
23 10
23 11
23 12
23 13
23 14
23 15
23 16
23 17
23 21
23 22
23 24
23 26
23 31
23 32
23 34
23 36
23 37
23 38
23 39
23 42
23 43
23 45
23 46
23 48
23 49
23 73
24 53
24 54
24 57
24 58
24 60
24 61
24 63
24 65
24 66
24 68
24 70
24 72
24 76
24 78
24 82
24 87
24 90
24 92
24 94
24 96
24 98
24 0
24 1
24 3
24 5
24 7
24 10
24 12
24 13
24 14
24 15
24 16
24 19
24 20
24 23
24 25
24 26
24 27
24 31
24 32
24 33
24 34
24 35
24 37
24 38
24 40
24 43
24 46
24 47
24 48
24 74
25 50
25 52
25 55
25 63
25 73
25 74
25 75
25 77
25 78
25 79
25 80
25 82
25 85
25 87
25 91
25 92
25 96
25 0
25 2
25 3
25 4
25 5
25 6
25 7
25 8
25 9
25 10
25 11
25 17
25 20
25 21
25 22
25 24
25 26
25 27
25 28
25 29
25 34
25 35
25 37
25 38
25 41
25 44
25 45
25 47
25 48
25 49
26 53
26 54
26 57
26 58
26 59
26 61
26 62
26 63
26 70
26 73
26 80
26 81
26 84
26 87
26 88
26 89
26 90
26 94
26 98
26 0
26 1
26 3
26 5
26 6
26 7
26 8
26 10
26 11
26 14
26 15
26 18
26 20
26 23
26 24
26 25
26 29
26 32
26 33
26 35
26 36
26 40
26 41
26 42
26 43
26 44
26 45
26 46
26 48
26 49
26 76
27 56
27 58
27 59
27 62
27 63
27 65
27 66
27 67
27 68
27 69
27 71
27 72
27 76
27 77
27 78
27 80
27 81
27 84
27 85
27 86
27 88
27 89
27 90
27 93
27 94
27 99
27 0
27 1
27 2
27 3
27 4
27 5
27 6
27 9
27 12
27 13
27 14
27 16
27 18
27 19
27 20
27 21
27 22
27 24
27 25
27 28
27 29
27 30
27 32
27 33
27 35
27 36
27 39
27 40
27 46
28 57
28 60
28 61
28 62
28 66
28 73
28 76
28 79
28 80
28 86
28 89
28 91
28 92
28 94
28 97
28 99
28 0
28 1
28 2
28 3
28 4
28 5
28 6
28 8
28 9
28 10
28 11
28 12
28 13
28 14
28 17
28 21
28 22
28 25
28 27
28 29
28 30
28 31
28 34
28 36
28 37
28 38
28 39
28 40
28 41
28 45
28 46
28 47
28 48
28 49
28 78
29 50
29 51
29 57
29 58
29 59
29 60
29 62
29 63
29 64
29 67
29 70
29 73
29 74
29 75
29 76
29 77
29 79
29 81
29 87
29 92
29 93
29 0
29 1
29 3
29 4
29 5
29 6
29 8
29 9
29 10
29 11
29 12
29 15
29 16
29 17
29 18
29 20
29 22
29 25
29 26
29 27
29 28
29 30
29 33
29 34
29 35
29 37
29 39
29 41
29 46
30 52
30 54
30 56
30 58
30 59
30 60
30 63
30 66
30 67
30 68
30 72
30 73
30 74
30 75
30 77
30 78
30 79
30 83
30 88
30 91
30 92
30 94
30 2
30 5
30 6
30 7
30 10
30 11
30 13
30 16
30 17
30 20
30 21
30 27
30 28
30 29
30 31
30 32
30 33
30 34
30 35
30 36
30 37
30 38
30 40
30 41
30 43
30 46
30 48
30 49
30 80
31 55
31 57
31 62
31 64
31 68
31 69
31 70
31 77
31 79
31 82
31 83
31 85
31 88
31 96
31 97
31 1
31 2
31 4
31 5
31 6
31 7
31 8
31 9
31 10
31 11
31 12
31 15
31 17
31 19
31 20
31 23
31 24
31 28
31 30
31 32
31 34
31 36
31 38
31 39
31 40
31 41
31 42
31 43
31 47
31 48
31 81
32 50
32 51
32 52
32 54
32 56
32 59
32 61
32 62
32 63
32 65
32 69
32 71
32 72
32 73
32 76
32 79
32 80
32 81
32 83
32 85
32 87
32 88
32 89
32 91
32 92
32 95
32 97
32 1
32 2
32 5
32 8
32 9
32 10
32 12
32 13
32 15
32 16
32 18
32 23
32 24
32 26
32 27
32 30
32 31
32 33
32 34
32 35
32 38
32 40
32 41
32 45
32 46
32 48
32 82
33 50
33 57
33 62
33 65
33 66
33 70
33 72
33 76
33 79
33 85
33 89
33 98
33 0
33 2
33 3
33 4
33 5
33 6
33 7
33 8
33 10
33 13
33 14
33 16
33 17
33 19
33 21
33 22
33 24
33 26
33 27
33 29
33 30
33 32
33 34
33 35
33 36
33 40
33 43
33 45
33 46
33 47
33 83
34 50
34 51
34 53
34 59
34 63
34 65
34 66
34 67
34 68
34 70
34 71
34 73
34 76
34 77
34 78
34 80
34 81
34 84
34 0
34 1
34 4
34 9
34 10
34 11
34 12
34 13
34 15
34 16
34 17
34 22
34 23
34 24
34 25
34 28
34 29
34 30
34 31
34 32
34 33
34 37
34 39
34 40
34 41
34 42
34 44
34 45
34 47
34 49
35 53
35 55
35 56
35 57
35 60
35 61
35 66
35 67
35 68
35 69
35 73
35 76
35 80
35 82
35 85
35 87
35 89
35 90
35 92
35 96
35 97
35 0
35 5
35 9
35 10
35 12
35 13
35 15
35 16
35 19
35 20
35 24
35 25
35 26
35 27
35 29
35 30
35 32
35 33
35 36
35 37
35 39
35 40
35 44
35 46
35 47
35 49
36 51
36 53
36 55
36 58
36 61
36 62
36 63
36 65
36 70
36 72
36 73
36 74
36 82
36 83
36 84
36 88
36 90
36 91
36 93
36 99
36 0
36 1
36 2
36 6
36 9
36 10
36 11
36 13
36 14
36 15
36 17
36 19
36 20
36 21
36 22
36 23
36 26
36 27
36 28
36 30
36 31
36 33
36 35
36 37
36 39
36 40
36 41
36 42
36 43
36 46
36 47
36 49
36 86
37 51
37 53
37 54
37 56
37 58
37 62
37 63
37 68
37 69
37 70
37 73
37 77
37 79
37 82
37 83
37 84
37 85
37 86
37 95
37 96
37 98
37 0
37 3
37 4
37 5
37 6
37 7
37 8
37 9
37 10
37 12
37 14
37 18
37 21
37 22
37 23
37 24
37 25
37 28
37 29
37 30
37 34
37 35
37 36
37 38
37 39
37 40
37 41
37 46
37 47
37 48
37 87
38 50
38 52
38 53
38 54
38 61
38 63
38 64
38 65
38 67
38 70
38 71
38 73
38 75
38 79
38 80
38 82
38 83
38 86
38 88
38 89
38 90
38 92
38 94
38 97
38 98
38 99
38 0
38 1
38 5
38 11
38 12
38 13
38 18
38 19
38 20
38 21
38 22
38 23
38 24
38 25
38 28
38 30
38 31
38 32
38 37
38 40
38 44
38 47
38 48
38 49
39 50
39 55
39 58
39 59
39 66
39 71
39 74
39 79
39 80
39 82
39 84
39 87
39 93
39 96
39 97
39 0
39 2
39 4
39 6
39 10
39 11
39 12
39 13
39 14
39 16
39 18
39 20
39 21
39 22
39 23
39 27
39 28
39 29
39 31
39 34
39 35
39 36
39 37
39 40
39 41
39 42
39 43
39 45
39 46
39 48
39 49
39 89
40 50
40 53
40 58
40 59
40 62
40 63
40 66
40 68
40 76
40 80
40 81
40 82
40 85
40 86
40 91
40 93
40 95
40 99
40 1
40 2
40 3
40 4
40 5
40 6
40 9
40 10
40 11
40 12
40 13
40 14
40 18
40 19
40 20
40 22
40 24
40 26
40 27
40 28
40 30
40 31
40 32
40 33
40 34
40 35
40 36
40 37
40 38
40 39
40 41
40 42
40 47
40 48
40 90
41 50
41 55
41 56
41 64
41 67
41 68
41 70
41 71
41 75
41 76
41 78
41 82
41 83
41 84
41 87
41 92
41 94
41 95
41 98
41 0
41 2
41 4
41 5
41 6
41 7
41 11
41 15
41 17
41 20
41 22
41 25
41 26
41 28
41 29
41 30
41 31
41 32
41 34
41 36
41 37
41 39
41 40
41 43
41 44
41 45
41 46
41 47
41 48
41 49
41 91
42 50
42 51
42 53
42 54
42 58
42 59
42 61
42 63
42 66
42 67
42 68
42 72
42 75
42 78
42 80
42 83
42 84
42 85
42 90
42 99
42 0
42 4
42 5
42 6
42 8
42 10
42 11
42 12
42 13
42 15
42 16
42 17
42 20
42 21
42 22
42 23
42 26
42 31
42 34
42 36
42 39
42 40
42 45
42 48
42 49
42 92
43 50
43 51
43 52
43 53
43 54
43 55
43 57
43 59
43 66
43 67
43 75
43 81
43 82
43 83
43 92
43 93
43 95
43 96
43 97
43 0
43 2
43 3
43 4
43 5
43 6
43 7
43 9
43 10
43 11
43 12
43 15
43 16
43 18
43 19
43 20
43 22
43 23
43 24
43 26
43 30
43 31
43 33
43 36
43 39
43 41
43 44
43 45
44 52
44 53
44 54
44 56
44 63
44 64
44 66
44 70
44 71
44 72
44 75
44 76
44 77
44 78
44 81
44 86
44 87
44 90
44 94
44 95
44 97
44 99
44 0
44 1
44 4
44 5
44 6
44 8
44 9
44 10
44 14
44 18
44 19
44 20
44 21
44 22
44 25
44 26
44 34
44 35
44 38
44 41
44 43
44 45
44 46
44 47
44 49
45 52
45 53
45 55
45 57
45 58
45 59
45 60
45 62
45 74
45 75
45 79
45 81
45 82
45 84
45 85
45 86
45 87
45 89
45 92
45 93
45 95
45 98
45 99
45 0
45 1
45 3
45 4
45 5
45 7
45 8
45 10
45 11
45 12
45 13
45 15
45 16
45 17
45 18
45 20
45 23
45 25
45 26
45 28
45 32
45 33
45 34
45 39
45 41
45 42
45 43
45 44
45 46
45 47
45 48
46 50
46 53
46 59
46 60
46 61
46 62
46 63
46 65
46 66
46 70
46 74
46 76
46 79
46 81
46 83
46 85
46 89
46 90
46 94
46 95
46 99
46 0
46 1
46 3
46 5
46 7
46 9
46 10
46 11
46 12
46 13
46 16
46 19
46 20
46 21
46 22
46 23
46 24
46 26
46 27
46 28
46 29
46 30
46 32
46 33
46 35
46 36
46 37
46 39
46 41
46 44
46 45
46 96
47 57
47 58
47 59
47 62
47 64
47 67
47 70
47 73
47 74
47 78
47 79
47 81
47 82
47 83
47 87
47 89
47 95
47 97
47 4
47 5
47 7
47 8
47 9
47 11
47 13
47 14
47 15
47 16
47 18
47 19
47 20
47 24
47 25
47 28
47 31
47 33
47 34
47 35
47 36
47 37
47 38
47 40
47 41
47 44
47 45
47 48
47 49
48 50
48 56
48 58
48 59
48 61
48 64
48 65
48 67
48 69
48 72
48 74
48 75
48 77
48 79
48 89
48 96
48 98
48 99
48 0
48 2
48 3
48 5
48 7
48 9
48 11
48 17
48 18
48 19
48 20
48 22
48 23
48 24
48 25
48 26
48 28
48 30
48 31
48 32
48 37
48 38
48 39
48 40
48 41
48 42
48 45
48 47
48 49
49 54
49 55
49 56
49 57
49 65
49 67
49 68
49 73
49 81
49 82
49 87
49 88
49 91
49 94
49 95
49 97
49 0
49 1
49 3
49 6
49 7
49 9
49 10
49 11
49 13
49 14
49 19
49 21
49 23
49 25
49 26
49 28
49 30
49 34
49 35
49 36
49 38
49 39
49 41
49 42
49 44
49 47
49 48
49 99
50 5
50 6
50 8
50 9
50 11
50 13
50 14
50 15
50 19
50 20
50 25
50 29
50 32
50 33
50 34
50 38
50 39
50 40
50 41
50 42
50 43
50 46
50 48
50 0
51 0
51 3
51 8
51 9
51 10
51 12
51 13
51 14
51 15
51 16
51 17
51 19
51 21
51 22
51 29
51 32
51 34
51 36
51 37
51 42
51 43
51 1
52 0
52 1
52 6
52 9
52 10
52 16
52 18
52 19
52 20
52 21
52 25
52 30
52 32
52 38
52 43
52 44
52 45
52 2
53 3
53 5
53 15
53 17
53 24
53 26
53 34
53 35
53 36
53 37
53 38
53 40
53 42
53 43
53 44
53 45
53 46
54 2
54 4
54 6
54 7
54 8
54 13
54 17
54 21
54 23
54 24
54 26
54 30
54 32
54 37
54 38
54 42
54 43
54 44
54 49
55 0
55 2
55 3
55 4
55 9
55 11
55 12
55 13
55 14
55 18
55 19
55 20
55 21
55 22
55 25
55 31
55 35
55 36
55 39
55 41
55 43
55 45
55 49
55 5
56 1
56 3
56 4
56 6
56 7
56 9
56 11
56 13
56 15
56 18
56 23
56 27
56 30
56 32
56 35
56 37
56 41
56 44
56 48
56 49
57 3
57 5
57 7
57 8
57 11
57 12
57 13
57 16
57 18
57 19
57 24
57 26
57 28
57 29
57 31
57 33
57 35
57 43
57 45
57 47
57 49
58 6
58 10
58 11
58 13
58 14
58 15
58 16
58 17
58 18
58 21
58 23
58 24
58 26
58 27
58 29
58 30
58 36
58 37
58 39
58 40
58 42
58 45
58 47
58 48
58 8
59 3
59 4
59 5
59 6
59 7
59 8
59 9
59 11
59 13
59 15
59 16
59 19
59 20
59 22
59 26
59 27
59 29
59 30
59 32
59 34
59 39
59 40
59 42
59 43
59 45
59 46
59 47
59 48
60 0
60 3
60 6
60 7
60 10
60 13
60 14
60 17
60 19
60 20
60 21
60 22
60 24
60 28
60 29
60 30
60 35
60 45
60 46
61 2
61 6
61 7
61 9
61 10
61 11
61 12
61 16
61 19
61 21
61 24
61 26
61 28
61 32
61 35
61 36
61 38
61 42
61 46
61 48
62 0
62 2
62 3
62 7
62 13
62 14
62 15
62 17
62 19
62 21
62 26
62 27
62 28
62 29
62 31
62 32
62 33
62 36
62 37
62 40
62 45
62 46
62 47
62 12
63 2
63 3
63 4
63 10
63 12
63 14
63 15
63 16
63 19
63 24
63 25
63 26
63 27
63 29
63 30
63 32
63 34
63 36
63 37
63 38
63 40
63 42
63 44
63 46
63 13
64 3
64 5
64 9
64 10
64 11
64 12
64 13
64 14
64 16
64 17
64 23
64 29
64 31
64 38
64 41
64 44
64 47
64 48
65 0
65 3
65 4
65 6
65 10
65 12
65 13
65 18
65 19
65 22
65 23
65 24
65 27
65 32
65 33
65 34
65 36
65 38
65 46
65 48
65 49
65 15
66 0
66 3
66 8
66 10
66 12
66 13
66 15
66 19
66 21
66 22
66 23
66 24
66 27
66 28
66 30
66 33
66 34
66 35
66 39
66 40
66 42
66 43
66 44
66 46
66 16
67 4
67 7
67 8
67 10
67 11
67 15
67 16
67 22
67 27
67 29
67 30
67 34
67 35
67 38
67 41
67 42
67 43
67 47
67 48
67 49
67 17
68 3
68 4
68 5
68 6
68 7
68 9
68 10
68 11
68 16
68 17
68 19
68 20
68 24
68 27
68 30
68 31
68 34
68 35
68 37
68 40
68 41
68 42
68 49
68 18
69 0
69 2
69 3
69 4
69 6
69 7
69 8
69 10
69 11
69 12
69 14
69 16
69 22
69 27
69 31
69 32
69 35
69 37
69 48
69 19
70 3
70 4
70 7
70 9
70 10
70 19
70 20
70 22
70 24
70 26
70 29
70 31
70 33
70 34
70 36
70 37
70 38
70 41
70 44
70 46
70 47
71 0
71 1
71 2
71 4
71 5
71 7
71 10
71 14
71 15
71 16
71 17
71 18
71 20
71 21
71 27
71 32
71 34
71 38
71 39
71 41
71 44
72 0
72 3
72 5
72 6
72 8
72 9
72 11
72 12
72 22
72 24
72 27
72 30
72 32
72 33
72 36
72 42
72 44
72 48
73 0
73 2
73 8
73 10
73 13
73 15
73 18
73 19
73 25
73 26
73 28
73 29
73 30
73 32
73 34
73 35
73 36
73 37
73 38
73 47
73 49
73 23
74 3
74 4
74 7
74 8
74 9
74 12
74 16
74 18
74 19
74 20
74 25
74 29
74 30
74 36
74 39
74 45
74 46
74 47
74 48
74 24
75 1
75 4
75 6
75 8
75 9
75 11
75 12
75 13
75 14
75 16
75 17
75 20
75 23
75 25
75 29
75 30
75 38
75 41
75 42
75 43
75 44
75 45
75 48
76 2
76 4
76 6
76 10
76 11
76 13
76 21
76 22
76 23
76 24
76 27
76 28
76 29
76 32
76 33
76 34
76 35
76 40
76 41
76 44
76 46
76 26
77 1
77 4
77 6
77 7
77 11
77 14
77 15
77 22
77 25
77 27
77 29
77 30
77 31
77 34
77 37
77 44
77 48
78 0
78 3
78 4
78 6
78 8
78 9
78 10
78 11
78 14
78 15
78 16
78 19
78 21
78 22
78 23
78 24
78 25
78 27
78 30
78 34
78 41
78 42
78 44
78 47
78 28
79 9
79 10
79 18
79 21
79 25
79 28
79 29
79 30
79 31
79 32
79 33
79 37
79 38
79 39
79 45
79 46
79 47
79 48
80 0
80 2
80 3
80 4
80 5
80 6
80 8
80 9
80 10
80 14
80 15
80 17
80 20
80 22
80 23
80 25
80 26
80 27
80 28
80 32
80 34
80 35
80 38
80 39
80 40
80 42
80 30
81 5
81 9
81 14
81 15
81 16
81 19
81 20
81 21
81 22
81 26
81 27
81 29
81 32
81 34
81 40
81 43
81 44
81 45
81 46
81 47
81 49
81 31
82 2
82 4
82 5
82 7
82 12
82 13
82 15
82 17
82 18
82 20
82 23
82 24
82 25
82 31
82 35
82 36
82 37
82 38
82 39
82 40
82 41
82 43
82 45
82 47
82 49
82 32
83 0
83 4
83 6
83 13
83 15
83 18
83 19
83 20
83 22
83 23
83 30
83 31
83 32
83 36
83 37
83 38
83 41
83 42
83 43
83 46
83 47
83 33
84 1
84 2
84 3
84 4
84 7
84 10
84 11
84 12
84 17
84 20
84 23
84 26
84 27
84 34
84 36
84 37
84 39
84 41
84 42
84 45
85 1
85 5
85 6
85 8
85 11
85 12
85 14
85 15
85 16
85 17
85 18
85 25
85 27
85 31
85 32
85 33
85 35
85 37
85 40
85 42
85 45
85 46
86 4
86 5
86 6
86 7
86 8
86 13
86 14
86 15
86 17
86 20
86 21
86 27
86 28
86 37
86 38
86 40
86 44
86 45
86 36
87 0
87 1
87 3
87 7
87 9
87 10
87 19
87 20
87 24
87 25
87 26
87 29
87 32
87 35
87 39
87 41
87 44
87 45
87 47
87 49
87 37
88 5
88 7
88 8
88 11
88 12
88 15
88 17
88 23
88 26
88 27
88 30
88 31
88 32
88 36
88 38
88 49
89 3
89 4
89 5
89 7
89 8
89 11
89 14
89 17
89 26
89 27
89 28
89 32
89 33
89 35
89 38
89 45
89 46
89 47
89 48
89 39
90 2
90 3
90 6
90 7
90 8
90 9
90 12
90 14
90 17
90 18
90 21
90 23
90 24
90 26
90 27
90 35
90 36
90 38
90 42
90 44
90 46
90 40
91 5
91 6
91 11
91 17
91 18
91 20
91 25
91 28
91 30
91 32
91 36
91 40
91 49
91 41
92 2
92 5
92 12
92 14
92 15
92 17
92 18
92 19
92 22
92 23
92 24
92 25
92 28
92 29
92 30
92 32
92 35
92 38
92 41
92 43
92 45
92 42
93 6
93 10
93 13
93 14
93 16
93 18
93 19
93 21
93 22
93 27
93 29
93 36
93 39
93 40
93 43
93 45
94 0
94 1
94 2
94 3
94 8
94 9
94 11
94 13
94 16
94 17
94 22
94 24
94 26
94 27
94 28
94 30
94 38
94 41
94 44
94 46
94 49
95 6
95 7
95 9
95 11
95 14
95 15
95 17
95 18
95 20
95 21
95 23
95 32
95 37
95 40
95 41
95 43
95 44
95 45
95 46
95 47
95 49
96 1
96 2
96 3
96 6
96 7
96 8
96 9
96 11
96 13
96 22
96 23
96 24
96 25
96 31
96 35
96 37
96 39
96 43
96 48
96 46
97 0
97 1
97 4
97 5
97 13
97 14
97 15
97 16
97 17
97 18
97 28
97 31
97 32
97 35
97 38
97 39
97 43
97 44
97 47
97 49
98 1
98 2
98 6
98 10
98 13
98 15
98 18
98 19
98 20
98 21
98 23
98 24
98 26
98 33
98 37
98 38
98 41
98 45
98 48
99 3
99 6
99 7
99 11
99 12
99 13
99 15
99 20
99 23
99 27
99 28
99 36
99 38
99 40
99 42
99 44
99 45
99 46
99 48
99 49
