  100   709
0 57
0 91
0 96
0 1
0 3
0 5
0 6
0 7
0 9
0 10
0 15
0 19
0 20
0 21
0 22
0 23
0 26
0 27
0 28
0 32
0 38
0 39
0 42
0 45
0 49
0 50
1 60
1 98
1 0
1 8
1 10
1 11
1 12
1 16
1 17
1 18
1 23
1 25
1 26
1 28
1 30
1 31
1 33
1 41
1 42
1 45
1 47
1 51
2 53
2 58
2 59
2 84
2 3
2 6
2 7
2 8
2 9
2 13
2 14
2 15
2 16
2 19
2 21
2 22
2 25
2 26
2 27
2 28
2 32
2 33
2 35
2 40
2 44
2 52
3 62
3 70
3 71
3 0
3 2
3 5
3 6
3 11
3 13
3 16
3 17
3 21
3 25
3 28
3 32
3 34
3 36
3 37
3 39
3 40
3 42
3 43
3 44
3 45
3 53
4 51
4 58
4 78
4 84
4 5
4 8
4 13
4 14
4 16
4 18
4 20
4 23
4 29
4 30
4 34
4 36
4 37
4 41
4 42
4 43
4 48
4 54
5 57
5 60
5 62
5 68
5 73
5 85
5 88
5 98
5 0
5 3
5 4
5 6
5 8
5 10
5 14
5 15
5 18
5 19
5 21
5 29
5 31
5 34
5 37
5 41
5 42
5 44
5 49
5 55
6 78
6 0
6 2
6 3
6 5
6 8
6 10
6 13
6 14
6 18
6 21
6 23
6 26
6 27
6 30
6 32
6 33
6 37
6 38
6 39
6 45
6 48
6 56
7 61
7 62
7 90
7 0
7 2
7 8
7 9
7 14
7 15
7 17
7 21
7 24
7 26
7 35
7 45
7 46
7 48
7 57
8 86
8 95
8 99
8 92
8 87
8 1
8 2
8 4
8 5
8 6
8 7
8 9
8 16
8 21
8 22
8 33
8 37
8 39
8 41
8 42
8 44
8 45
8 46
8 58
9 60
9 68
9 75
9 89
9 97
9 0
9 2
9 7
9 8
9 12
9 13
9 19
9 22
9 23
9 28
9 29
9 31
9 35
9 37
9 39
9 40
9 49
9 59
10 57
10 62
10 71
10 74
10 75
10 78
10 84
10 0
10 1
10 5
10 6
10 14
10 17
10 18
10 21
10 22
10 23
10 26
10 27
10 28
10 30
10 32
10 35
10 38
10 40
10 48
10 60
11 51
11 52
11 53
11 55
11 57
11 58
11 66
11 84
11 97
11 1
11 3
11 13
11 14
11 17
11 18
11 19
11 21
11 22
11 23
11 25
11 27
11 29
11 31
11 33
11 36
11 39
11 41
11 45
11 48
11 49
11 61
12 59
12 1
12 9
12 32
12 33
12 36
12 43
12 47
12 49
12 62
13 82
13 84
13 2
13 3
13 4
13 6
13 9
13 11
13 14
13 15
13 16
13 17
13 18
13 19
13 22
13 23
13 24
13 25
13 26
13 28
13 33
13 36
13 42
13 63
14 57
14 62
14 68
14 70
14 77
14 2
14 4
14 5
14 6
14 7
14 10
14 11
14 13
14 19
14 22
14 23
14 26
14 27
14 31
14 34
14 38
14 39
14 45
14 46
14 48
14 49
14 64
15 61
15 74
15 0
15 2
15 5
15 7
15 13
15 19
15 21
15 22
15 24
15 26
15 27
15 30
15 31
15 32
15 39
15 40
15 41
15 42
15 46
15 47
15 48
15 65
16 66
16 75
16 1
16 2
16 3
16 4
16 8
16 13
16 19
16 21
16 25
16 31
16 38
16 40
16 41
17 51
17 52
17 53
17 68
17 76
17 79
17 81
17 94
17 1
17 3
17 7
17 10
17 11
17 13
17 20
17 23
17 25
17 31
17 33
17 34
17 35
17 36
17 42
17 46
17 47
17 49
17 67
18 84
18 93
18 95
18 1
18 4
18 5
18 6
18 10
18 11
18 13
18 19
18 20
18 21
18 23
18 24
18 27
18 28
18 30
18 31
18 32
18 33
18 35
18 36
18 38
18 39
18 40
18 41
18 68
19 81
19 94
19 0
19 2
19 5
19 9
19 11
19 13
19 14
19 15
19 16
19 18
19 22
19 25
19 27
19 31
19 34
19 37
19 41
19 44
19 69
20 60
20 67
20 79
20 80
20 99
20 0
20 4
20 17
20 18
20 24
20 25
20 28
20 29
20 34
20 39
20 42
20 43
20 46
20 47
20 48
20 70
21 58
21 64
21 65
21 93
21 98
21 0
21 2
21 3
21 5
21 6
21 7
21 8
21 10
21 11
21 15
21 16
21 18
21 22
21 24
21 25
21 26
21 27
21 31
21 32
21 36
21 37
21 38
21 39
21 40
21 43
21 45
21 49
21 71
22 71
22 74
22 81
22 0
22 2
22 8
22 9
22 10
22 11
22 13
22 14
22 15
22 19
22 21
22 24
22 26
22 27
22 30
22 31
22 32
22 34
22 37
22 39
22 43
22 44
22 46
22 48
22 72
23 86
23 0
23 1
23 4
23 6
23 9
23 10
23 11
23 13
23 14
23 17
23 18
23 25
23 29
23 30
23 31
23 32
23 37
23 40
23 43
23 45
23 48
23 49
23 73
24 65
24 82
24 86
24 95
24 7
24 13
24 15
24 18
24 20
24 21
24 22
24 27
24 31
24 32
24 38
24 40
24 41
24 45
24 47
24 48
24 49
24 74
25 52
25 1
25 2
25 3
25 11
25 13
25 16
25 17
25 19
25 20
25 21
25 23
25 27
25 30
25 31
25 32
25 34
25 39
25 41
25 42
25 43
25 47
25 48
25 49
25 75
26 78
26 99
26 0
26 1
26 2
26 6
26 7
26 10
26 13
26 14
26 15
26 21
26 22
26 30
26 31
26 32
26 35
26 36
26 43
26 48
26 76
27 75
27 76
27 0
27 2
27 6
27 10
27 11
27 14
27 15
27 18
27 19
27 21
27 22
27 24
27 25
27 29
27 35
27 36
27 38
27 40
27 43
27 45
27 47
27 77
28 66
28 75
28 0
28 1
28 2
28 3
28 9
28 10
28 13
28 18
28 20
28 31
28 34
28 35
28 36
28 38
28 40
28 44
28 46
28 47
28 48
28 49
28 78
29 60
29 65
29 66
29 70
29 72
29 82
29 96
29 4
29 5
29 9
29 11
29 20
29 23
29 27
29 30
29 32
29 33
29 35
29 36
29 39
29 40
29 41
29 42
29 43
29 44
29 79
30 50
30 53
30 75
30 97
30 98
30 1
30 4
30 6
30 10
30 15
30 18
30 22
30 23
30 25
30 26
30 29
30 33
30 35
30 38
30 39
30 41
30 43
30 45
30 47
30 49
30 80
31 56
31 99
31 1
31 5
31 9
31 11
31 14
31 15
31 16
31 17
31 18
31 19
31 21
31 22
31 23
31 24
31 25
31 26
31 28
31 33
31 36
31 37
31 38
31 39
31 42
31 43
31 44
31 81
32 51
32 66
32 73
32 99
32 0
32 2
32 3
32 6
32 10
32 12
32 15
32 18
32 21
32 22
32 23
32 24
32 25
32 26
32 29
32 38
32 41
32 44
32 46
32 48
32 49
32 82
33 61
33 67
33 78
33 86
33 97
33 1
33 2
33 6
33 8
33 11
33 12
33 13
33 17
33 18
33 29
33 30
33 31
33 39
33 43
33 83
34 54
34 67
34 69
34 99
34 3
34 4
34 5
34 14
34 17
34 19
34 20
34 22
34 25
34 28
34 36
34 37
34 42
34 43
34 46
34 84
35 52
35 55
35 74
35 78
35 2
35 7
35 9
35 10
35 17
35 18
35 26
35 27
35 28
35 29
35 30
35 36
35 37
35 39
35 40
35 41
35 43
35 49
35 85
36 51
36 67
36 72
36 82
36 3
36 4
36 11
36 12
36 13
36 17
36 18
36 21
36 26
36 27
36 28
36 29
36 31
36 34
36 35
36 38
36 39
36 42
36 48
36 86
37 62
37 82
37 3
37 4
37 5
37 6
37 8
37 9
37 19
37 21
37 22
37 23
37 31
37 34
37 35
37 39
37 43
37 44
37 45
37 47
37 87
38 64
38 72
38 77
38 79
38 88
38 0
38 6
38 10
38 14
38 16
38 18
38 21
38 24
38 27
38 28
38 30
38 31
38 32
38 36
38 41
38 42
38 47
38 49
39 70
39 81
39 95
39 99
39 0
39 3
39 6
39 8
39 9
39 11
39 14
39 15
39 18
39 20
39 21
39 22
39 25
39 29
39 30
39 31
39 33
39 35
39 36
39 37
39 43
39 45
39 47
39 48
39 89
40 57
40 72
40 94
40 2
40 3
40 9
40 10
40 15
40 16
40 18
40 21
40 23
40 24
40 27
40 28
40 29
40 35
40 41
40 47
40 48
40 49
40 90
41 51
41 64
41 66
41 91
41 1
41 4
41 5
41 8
41 11
41 15
41 16
41 18
41 19
41 24
41 25
41 29
41 30
41 32
41 35
41 38
41 40
41 44
41 46
41 48
42 70
42 85
42 96
42 0
42 1
42 3
42 4
42 5
42 8
42 13
42 15
42 17
42 20
42 25
42 29
42 31
42 34
42 36
42 38
42 48
42 92
43 81
43 90
43 91
43 96
43 3
43 4
43 12
43 20
43 21
43 22
43 23
43 25
43 26
43 27
43 29
43 30
43 31
43 33
43 34
43 35
43 37
43 39
43 44
43 46
43 93
44 50
44 67
44 70
44 74
44 77
44 2
44 3
44 5
44 8
44 19
44 22
44 28
44 29
44 31
44 32
44 37
44 41
44 43
44 45
44 46
44 49
44 94
45 58
45 74
45 82
45 83
45 0
45 1
45 3
45 6
45 7
45 8
45 11
45 14
45 21
45 23
45 24
45 27
45 30
45 37
45 39
45 44
45 49
45 95
46 50
46 54
46 62
46 7
46 8
46 14
46 15
46 17
46 20
46 22
46 28
46 32
46 34
46 41
46 43
46 44
46 47
46 96
47 63
47 74
47 1
47 12
47 15
47 17
47 20
47 24
47 25
47 27
47 28
47 30
47 37
47 38
47 39
47 40
47 46
47 49
47 97
48 50
48 53
48 57
48 58
48 79
48 98
48 4
48 6
48 7
48 10
48 11
48 14
48 15
48 20
48 22
48 23
48 24
48 25
48 26
48 28
48 32
48 36
48 39
48 40
48 41
48 42
48 49
49 56
49 64
49 70
49 89
49 0
49 5
49 9
49 11
49 12
49 14
49 17
49 21
49 23
49 24
49 25
49 28
49 30
49 32
49 35
49 38
49 40
49 44
49 45
49 47
49 48
49 99
50 30
50 44
50 46
50 48
50 0
51 4
51 11
51 17
51 32
51 36
51 41
51 1
52 11
52 17
52 25
52 35
52 2
53 2
53 11
53 17
53 30
53 48
53 3
54 34
54 46
54 4
55 11
55 35
55 5
56 31
56 49
56 6
57 0
57 5
57 10
57 11
57 14
57 40
57 48
57 7
58 2
58 4
58 11
58 21
58 45
58 48
58 8
59 2
59 12
59 9
60 1
60 5
60 9
60 20
60 29
60 10
61 7
61 15
61 33
61 11
62 3
62 5
62 7
62 10
62 14
62 37
62 46
62 12
63 47
63 13
64 21
64 38
64 41
64 49
64 14
65 21
65 24
65 29
65 15
66 11
66 16
66 28
66 29
66 32
66 41
67 20
67 33
67 34
67 36
67 44
67 17
68 5
68 9
68 14
68 17
68 18
69 34
69 19
70 3
70 14
70 29
70 39
70 42
70 44
70 49
70 20
71 3
71 10
71 22
71 21
72 29
72 36
72 38
72 40
72 22
73 5
73 32
73 23
74 10
74 15
74 22
74 35
74 44
74 45
74 47
74 24
75 9
75 10
75 16
75 27
75 28
75 30
75 25
76 17
76 27
76 26
77 14
77 38
77 44
77 27
78 4
78 6
78 10
78 26
78 33
78 35
78 28
79 17
79 20
79 38
79 48
79 29
80 20
80 30
81 17
81 19
81 22
81 39
81 43
81 31
82 13
82 24
82 29
82 36
82 37
82 45
82 32
83 45
83 33
84 2
84 4
84 10
84 11
84 13
84 18
84 34
85 5
85 42
85 35
86 8
86 23
86 24
86 33
86 36
87 8
87 37
88 5
88 38
89 9
89 49
89 39
90 7
90 43
90 40
91 0
91 41
91 43
92 8
92 42
93 18
93 21
93 43
94 17
94 19
94 40
94 44
95 8
95 18
95 24
95 39
95 45
96 0
96 29
96 42
96 43
96 46
97 9
97 11
97 30
97 33
97 47
98 1
98 5
98 21
98 30
98 48
99 8
99 20
99 26
99 31
99 32
99 34
99 39
99 49
