  400   3632
0 237
0 263
0 281
0 290
0 295
0 314
0 372
0 383
0 8
0 11
0 16
0 66
0 72
0 80
0 96
0 98
0 102
0 116
0 128
0 141
0 142
0 150
0 159
0 168
0 183
0 184
0 197
0 200
1 216
1 286
1 305
1 360
1 384
1 391
1 397
1 9
1 19
1 36
1 49
1 52
1 74
1 79
1 84
1 108
1 110
1 121
1 130
1 140
1 158
1 159
1 201
2 205
2 246
2 287
2 318
2 341
2 379
2 397
2 21
2 49
2 52
2 54
2 62
2 63
2 66
2 71
2 75
2 85
2 110
2 111
2 127
2 133
2 146
2 156
2 202
3 210
3 212
3 221
3 225
3 226
3 245
3 271
3 274
3 299
3 326
3 329
3 339
3 353
3 366
3 50
3 52
3 67
3 75
3 79
3 106
3 114
3 127
3 140
3 144
3 150
3 161
3 203
4 256
4 268
4 313
4 321
4 342
4 358
4 10
4 44
4 59
4 73
4 75
4 90
4 102
4 103
4 106
4 114
4 122
4 143
4 144
4 153
4 159
4 172
4 177
4 182
4 188
4 197
4 204
5 215
5 242
5 272
5 276
5 281
5 284
5 302
5 341
5 370
5 31
5 34
5 68
5 110
5 113
5 124
5 137
5 142
5 165
5 168
5 171
5 172
5 189
5 195
5 197
5 205
6 218
6 222
6 226
6 264
6 265
6 298
6 302
6 306
6 315
6 366
6 367
6 21
6 27
6 41
6 70
6 72
6 86
6 112
6 113
6 119
6 154
6 157
6 189
6 197
6 206
7 201
7 252
7 264
7 273
7 283
7 300
7 317
7 329
7 343
7 359
7 15
7 26
7 37
7 58
7 64
7 120
7 128
7 199
7 207
8 217
8 243
8 256
8 270
8 272
8 291
8 334
8 369
8 0
8 22
8 42
8 47
8 59
8 69
8 91
8 92
8 98
8 125
8 137
8 154
8 165
8 184
8 199
8 208
9 217
9 235
9 262
9 270
9 278
9 288
9 335
9 340
9 365
9 367
9 376
9 379
9 381
9 1
9 15
9 37
9 40
9 42
9 46
9 51
9 52
9 60
9 64
9 81
9 86
9 94
9 125
9 147
9 167
9 177
9 209
10 216
10 239
10 287
10 317
10 349
10 371
10 379
10 4
10 35
10 104
10 105
10 127
10 149
10 157
10 163
10 165
10 210
11 216
11 217
11 227
11 236
11 243
11 266
11 267
11 270
11 300
11 304
11 322
11 333
11 355
11 393
11 0
11 24
11 38
11 40
11 48
11 55
11 56
11 70
11 78
11 79
11 99
11 128
11 159
11 167
11 169
11 182
11 190
11 195
11 211
12 204
12 218
12 222
12 246
12 253
12 288
12 304
12 345
12 372
12 386
12 397
12 13
12 27
12 37
12 47
12 77
12 92
12 100
12 110
12 113
12 115
12 120
12 151
12 158
12 162
12 166
12 168
12 176
12 178
12 182
12 212
13 209
13 219
13 245
13 252
13 254
13 271
13 286
13 329
13 338
13 370
13 386
13 392
13 395
13 12
13 25
13 59
13 66
13 72
13 95
13 99
13 133
13 138
13 140
13 142
13 144
13 176
13 213
14 235
14 237
14 264
14 279
14 282
14 288
14 302
14 311
14 315
14 318
14 343
14 346
14 355
14 361
14 398
14 35
14 50
14 66
14 69
14 82
14 83
14 85
14 87
14 116
14 121
14 128
14 131
14 214
15 209
15 214
15 216
15 240
15 250
15 268
15 286
15 311
15 318
15 319
15 358
15 368
15 380
15 7
15 9
15 21
15 63
15 77
15 86
15 105
15 108
15 146
15 157
15 164
15 165
15 215
16 202
16 227
16 271
16 272
16 285
16 294
16 307
16 339
16 384
16 396
16 0
16 21
16 41
16 82
16 105
16 107
16 131
16 132
16 139
16 140
16 141
16 161
16 163
16 175
16 186
16 187
16 216
17 250
17 260
17 264
17 267
17 302
17 352
17 373
17 377
17 387
17 22
17 65
17 75
17 80
17 81
17 82
17 89
17 99
17 104
17 110
17 117
17 132
17 133
17 135
17 142
17 157
17 174
17 183
17 190
17 193
17 217
18 201
18 208
18 261
18 287
18 293
18 303
18 316
18 317
18 327
18 345
18 367
18 378
18 36
18 38
18 47
18 83
18 127
18 147
18 176
18 181
18 183
18 184
18 196
18 198
18 218
19 202
19 220
19 222
19 228
19 247
19 293
19 303
19 340
19 399
19 1
19 23
19 37
19 43
19 44
19 48
19 60
19 98
19 108
19 115
19 117
19 119
19 121
19 131
19 138
19 160
19 183
19 192
19 219
20 268
20 282
20 293
20 335
20 336
20 392
20 399
20 39
20 52
20 94
20 97
20 99
20 107
20 135
20 138
20 140
20 148
20 188
20 198
20 220
21 231
21 241
21 243
21 251
21 273
21 281
21 302
21 307
21 334
21 337
21 352
21 361
21 362
21 383
21 2
21 6
21 15
21 16
21 37
21 50
21 61
21 66
21 71
21 93
21 104
21 127
21 147
21 160
21 162
21 164
21 196
21 199
21 221
22 241
22 251
22 263
22 276
22 287
22 289
22 318
22 322
22 333
22 348
22 365
22 377
22 398
22 8
22 17
22 24
22 35
22 49
22 51
22 110
22 115
22 145
22 186
22 195
22 222
23 221
23 266
23 274
23 283
23 312
23 323
23 397
23 19
23 27
23 36
23 57
23 60
23 84
23 93
23 98
23 112
23 114
23 115
23 124
23 133
23 141
23 163
23 170
23 178
23 223
24 257
24 287
24 325
24 337
24 372
24 383
24 11
24 22
24 35
24 37
24 54
24 68
24 100
24 101
24 108
24 115
24 116
24 124
24 130
24 137
24 157
24 161
24 162
24 224
25 216
25 230
25 234
25 246
25 252
25 267
25 269
25 276
25 285
25 331
25 351
25 355
25 357
25 361
25 377
25 13
25 32
25 44
25 76
25 88
25 95
25 100
25 110
25 131
25 134
25 137
25 158
25 161
25 171
25 193
25 198
25 225
26 226
26 266
26 310
26 311
26 317
26 327
26 360
26 365
26 370
26 376
26 391
26 7
26 28
26 29
26 33
26 37
26 49
26 93
26 106
26 166
26 172
26 180
26 193
27 215
27 222
27 266
27 282
27 283
27 290
27 356
27 362
27 364
27 368
27 399
27 6
27 12
27 23
27 52
27 58
27 80
27 87
27 96
27 103
27 105
27 134
27 144
27 149
27 163
27 172
27 174
27 175
27 227
28 221
28 229
28 262
28 325
28 342
28 399
28 26
28 29
28 32
28 77
28 90
28 98
28 101
28 107
28 108
28 146
28 160
28 166
28 172
28 176
28 189
28 228
29 238
29 271
29 273
29 285
29 307
29 337
29 366
29 377
29 26
29 28
29 55
29 94
29 110
29 130
29 132
29 145
29 147
29 177
29 187
29 188
29 194
29 229
30 208
30 219
30 231
30 320
30 342
30 354
30 363
30 371
30 382
30 388
30 37
30 38
30 48
30 98
30 104
30 126
30 138
30 153
30 164
30 190
30 191
30 230
31 203
31 204
31 235
31 250
31 251
31 255
31 295
31 346
31 382
31 384
31 5
31 46
31 47
31 58
31 83
31 94
31 109
31 121
31 134
31 139
31 153
31 180
31 190
31 195
31 231
32 226
32 232
32 233
32 314
32 317
32 343
32 351
32 378
32 392
32 399
32 25
32 28
32 33
32 40
32 67
32 70
32 74
32 83
32 106
32 130
32 141
32 142
33 216
33 223
33 230
33 252
33 260
33 292
33 297
33 301
33 306
33 334
33 362
33 378
33 398
33 26
33 32
33 41
33 70
33 74
33 92
33 140
33 177
33 186
33 191
33 233
34 202
34 209
34 239
34 279
34 280
34 306
34 326
34 343
34 348
34 378
34 5
34 47
34 50
34 56
34 67
34 72
34 74
34 80
34 89
34 103
34 161
34 234
35 200
35 218
35 239
35 243
35 251
35 316
35 382
35 386
35 10
35 14
35 22
35 24
35 38
35 64
35 72
35 75
35 91
35 99
35 130
35 166
35 184
35 185
35 235
36 223
36 230
36 268
36 271
36 341
36 365
36 366
36 1
36 18
36 23
36 68
36 77
36 79
36 84
36 87
36 96
36 98
36 103
36 117
36 145
36 146
36 148
36 165
36 173
36 176
36 177
36 236
37 200
37 201
37 205
37 208
37 248
37 286
37 306
37 317
37 327
37 349
37 361
37 7
37 9
37 12
37 19
37 21
37 24
37 26
37 30
37 38
37 74
37 109
37 124
37 140
37 142
37 174
37 177
37 237
38 207
38 210
38 249
38 251
38 265
38 266
38 302
38 308
38 329
38 337
38 342
38 360
38 390
38 11
38 18
38 30
38 35
38 37
38 39
38 56
38 63
38 71
38 81
38 105
38 113
38 120
38 157
38 167
38 169
38 175
38 182
38 194
38 238
39 239
39 268
39 278
39 289
39 291
39 320
39 337
39 358
39 364
39 20
39 38
39 49
39 50
39 62
39 67
39 78
39 88
39 98
39 115
39 127
39 143
39 176
39 188
39 190
39 196
39 197
40 220
40 222
40 239
40 257
40 298
40 313
40 336
40 376
40 381
40 9
40 11
40 32
40 44
40 45
40 77
40 88
40 94
40 99
40 130
40 137
40 164
40 175
40 240
41 200
41 215
41 297
41 311
41 323
41 366
41 381
41 392
41 6
41 16
41 33
41 57
41 72
41 85
41 130
41 144
41 162
41 171
41 241
42 203
42 229
42 233
42 250
42 251
42 252
42 254
42 257
42 274
42 305
42 337
42 347
42 8
42 9
42 44
42 72
42 85
42 131
42 191
42 242
43 232
43 237
43 283
43 318
43 332
43 340
43 356
43 363
43 389
43 394
43 19
43 45
43 58
43 61
43 66
43 75
43 80
43 99
43 125
43 127
43 139
43 165
43 175
43 190
43 243
44 201
44 227
44 228
44 271
44 285
44 305
44 311
44 320
44 4
44 19
44 25
44 40
44 42
44 46
44 52
44 68
44 83
44 92
44 98
44 104
44 120
44 127
44 157
44 158
44 166
44 187
44 244
45 243
45 249
45 263
45 281
45 286
45 290
45 334
45 345
45 348
45 349
45 389
45 40
45 43
45 47
45 59
45 67
45 75
45 88
45 104
45 108
45 125
45 245
46 232
46 245
46 296
46 298
46 338
46 347
46 377
46 9
46 31
46 44
46 66
46 102
46 125
46 130
46 163
46 165
46 170
46 171
46 172
46 189
46 193
46 196
46 197
46 246
47 206
47 250
47 259
47 272
47 304
47 329
47 349
47 372
47 385
47 8
47 12
47 18
47 31
47 34
47 45
47 54
47 55
47 56
47 63
47 83
47 94
47 109
47 134
47 140
47 142
47 143
47 149
47 166
47 172
47 247
48 220
48 260
48 279
48 313
48 319
48 344
48 355
48 361
48 369
48 371
48 394
48 11
48 19
48 30
48 53
48 58
48 127
48 150
48 156
48 174
48 196
48 248
49 203
49 209
49 246
49 284
49 289
49 298
49 307
49 330
49 367
49 369
49 1
49 2
49 22
49 26
49 39
49 77
49 100
49 106
49 131
49 192
49 249
50 219
50 222
50 226
50 227
50 265
50 276
50 286
50 296
50 317
50 319
50 322
50 381
50 397
50 3
50 14
50 21
50 34
50 39
50 61
50 79
50 90
50 91
50 151
50 153
50 156
50 173
50 178
50 194
50 196
50 250
51 201
51 205
51 250
51 257
51 302
51 306
51 369
51 9
51 22
51 88
51 90
51 106
51 112
51 126
51 134
51 135
51 137
51 141
51 145
51 155
51 169
51 187
51 251
52 207
52 217
52 220
52 221
52 277
52 281
52 282
52 341
52 376
52 385
52 386
52 387
52 389
52 393
52 1
52 2
52 3
52 9
52 20
52 27
52 44
52 53
52 74
52 89
52 116
52 162
52 170
52 252
53 209
53 248
53 269
53 290
53 314
53 363
53 388
53 396
53 398
53 399
53 48
53 52
53 72
53 93
53 96
53 101
53 136
53 140
53 180
53 253
54 216
54 227
54 234
54 240
54 254
54 283
54 284
54 300
54 301
54 318
54 342
54 2
54 24
54 47
54 61
54 66
54 78
54 104
54 118
54 120
54 132
54 135
54 147
54 155
54 171
54 181
54 188
54 189
54 190
54 191
55 203
55 209
55 210
55 227
55 232
55 290
55 292
55 396
55 398
55 399
55 11
55 29
55 47
55 69
55 91
55 92
55 93
55 95
55 104
55 107
55 109
55 119
55 133
55 147
55 255
56 205
56 217
56 232
56 280
56 289
56 296
56 301
56 323
56 346
56 389
56 11
56 34
56 38
56 47
56 76
56 82
56 89
56 114
56 127
56 156
56 162
56 165
56 166
56 182
56 256
57 226
57 242
57 253
57 277
57 290
57 313
57 314
57 320
57 328
57 344
57 371
57 383
57 23
57 41
57 71
57 75
57 76
57 78
57 89
57 111
57 113
57 127
57 144
57 152
57 154
57 161
57 173
57 184
57 257
58 244
58 250
58 285
58 315
58 334
58 367
58 375
58 7
58 27
58 31
58 43
58 48
58 72
58 78
58 104
58 112
58 113
58 125
58 135
58 153
58 156
58 172
58 173
58 192
58 258
59 200
59 230
59 237
59 248
59 270
59 272
59 335
59 350
59 388
59 4
59 8
59 13
59 45
59 91
59 99
59 100
59 108
59 127
59 150
59 161
59 164
59 171
59 178
59 259
60 201
60 237
60 264
60 277
60 281
60 307
60 369
60 372
60 398
60 9
60 19
60 23
60 73
60 81
60 82
60 97
60 107
60 149
60 153
60 158
60 186
60 260
61 217
61 218
61 247
61 252
61 264
61 269
61 280
61 283
61 316
61 353
61 359
61 361
61 384
61 21
61 43
61 50
61 54
61 124
61 143
61 161
61 166
61 169
61 175
61 198
61 261
62 213
62 223
62 274
62 286
62 355
62 357
62 361
62 369
62 2
62 39
62 98
62 116
62 134
62 152
62 157
62 171
62 186
62 189
62 262
63 212
63 258
63 266
63 275
63 292
63 349
63 363
63 368
63 377
63 380
63 2
63 15
63 38
63 47
63 73
63 87
63 100
63 101
63 116
63 121
63 137
63 147
63 162
63 179
63 183
63 189
63 190
63 196
63 263
64 202
64 209
64 262
64 297
64 315
64 318
64 346
64 348
64 350
64 374
64 383
64 388
64 395
64 7
64 9
64 35
64 65
64 69
64 96
64 110
64 112
64 135
64 264
65 203
65 213
65 245
65 257
65 258
65 297
65 304
65 317
65 326
65 329
65 361
65 366
65 374
65 379
65 380
65 17
65 64
65 67
65 71
65 82
65 96
65 100
65 105
65 129
65 141
65 147
65 149
65 163
65 170
65 174
65 265
66 210
66 221
66 233
66 245
66 253
66 280
66 286
66 289
66 313
66 319
66 331
66 376
66 0
66 2
66 13
66 14
66 21
66 43
66 46
66 54
66 79
66 85
66 100
66 152
66 157
66 266
67 202
67 218
67 223
67 251
67 266
67 268
67 296
67 325
67 332
67 336
67 355
67 372
67 385
67 3
67 32
67 34
67 39
67 45
67 65
67 76
67 87
67 90
67 101
67 126
67 140
67 147
67 152
67 267
68 204
68 279
68 320
68 325
68 332
68 5
68 24
68 36
68 44
68 103
68 114
68 127
68 128
68 136
68 141
68 142
68 172
68 268
69 213
69 217
69 224
69 235
69 310
69 345
69 346
69 389
69 8
69 14
69 55
69 64
69 75
69 77
69 82
69 103
69 111
69 128
69 138
69 159
69 160
69 173
69 269
70 203
70 214
70 215
70 219
70 226
70 260
70 283
70 308
70 324
70 355
70 359
70 6
70 11
70 32
70 33
70 100
70 112
70 117
70 127
70 135
70 137
70 142
70 148
70 173
70 176
70 183
70 194
70 270
71 200
71 278
71 376
71 387
71 2
71 21
71 38
71 57
71 65
71 112
71 114
71 147
71 151
71 170
71 171
71 181
71 189
71 271
72 214
72 244
72 245
72 268
72 332
72 334
72 335
72 341
72 354
72 362
72 365
72 397
72 0
72 6
72 13
72 34
72 35
72 41
72 42
72 53
72 58
72 80
72 91
72 107
72 115
72 130
72 143
72 162
72 176
72 184
72 189
72 272
73 233
73 246
73 250
73 258
73 305
73 348
73 4
73 60
73 63
73 74
73 78
73 82
73 86
73 90
73 142
73 145
73 164
73 170
73 173
73 177
73 198
73 199
73 273
74 245
74 274
74 304
74 315
74 328
74 364
74 389
74 1
74 32
74 33
74 34
74 37
74 52
74 73
74 76
74 87
74 110
74 133
74 137
74 147
74 188
74 190
75 207
75 251
75 254
75 264
75 270
75 308
75 309
75 325
75 331
75 2
75 3
75 4
75 17
75 35
75 43
75 45
75 57
75 69
75 85
75 86
75 93
75 128
75 153
75 158
75 171
75 172
75 178
75 182
75 197
75 275
76 209
76 217
76 233
76 236
76 251
76 265
76 305
76 307
76 375
76 385
76 389
76 399
76 25
76 56
76 57
76 67
76 74
76 80
76 81
76 93
76 110
76 131
76 147
76 184
76 188
76 198
76 276
77 202
77 225
77 237
77 238
77 247
77 301
77 320
77 347
77 350
77 373
77 378
77 12
77 15
77 28
77 36
77 40
77 49
77 69
77 104
77 106
77 107
77 156
77 158
77 179
77 186
77 188
77 199
77 277
78 280
78 296
78 306
78 354
78 356
78 366
78 377
78 387
78 392
78 11
78 39
78 54
78 57
78 58
78 73
78 90
78 97
78 100
78 104
78 148
78 160
78 162
78 184
78 278
79 202
79 204
79 228
79 239
79 243
79 279
79 283
79 295
79 326
79 332
79 335
79 352
79 353
79 361
79 368
79 395
79 1
79 3
79 11
79 36
79 50
79 66
79 85
79 86
79 101
79 108
79 145
79 146
79 151
79 153
79 170
79 180
79 188
79 191
79 193
80 215
80 223
80 269
80 299
80 318
80 319
80 329
80 338
80 385
80 0
80 17
80 27
80 34
80 43
80 72
80 76
80 98
80 140
80 143
80 150
80 167
80 169
80 177
80 178
80 189
80 199
80 280
81 210
81 212
81 233
81 271
81 285
81 293
81 308
81 314
81 368
81 369
81 371
81 9
81 17
81 38
81 60
81 76
81 94
81 132
81 139
81 185
81 281
82 204
82 214
82 243
82 275
82 276
82 287
82 301
82 312
82 354
82 367
82 392
82 398
82 14
82 16
82 17
82 56
82 60
82 65
82 69
82 73
82 84
82 103
82 104
82 112
82 120
82 123
82 127
82 136
82 148
82 167
82 282
83 200
83 236
83 258
83 282
83 283
83 309
83 311
83 314
83 321
83 330
83 366
83 383
83 390
83 14
83 18
83 31
83 32
83 44
83 47
83 96
83 166
83 170
83 181
83 190
83 191
84 204
84 220
84 223
84 226
84 234
84 305
84 352
84 372
84 1
84 23
84 36
84 82
84 89
84 94
84 111
84 148
84 155
84 161
84 168
84 192
84 195
84 197
84 284
85 206
85 222
85 269
85 279
85 318
85 320
85 351
85 369
85 385
85 2
85 14
85 41
85 42
85 66
85 75
85 79
85 93
85 112
85 133
85 143
85 145
85 157
85 162
85 165
85 186
85 285
86 200
86 205
86 221
86 258
86 300
86 314
86 325
86 331
86 336
86 342
86 350
86 360
86 363
86 386
86 6
86 9
86 15
86 73
86 75
86 79
86 93
86 94
86 115
86 154
86 171
86 185
86 195
86 286
87 235
87 236
87 241
87 281
87 282
87 352
87 353
87 354
87 362
87 14
87 27
87 36
87 63
87 67
87 74
87 113
87 134
87 136
87 147
87 165
87 171
87 177
87 185
87 191
87 198
87 287
88 210
88 220
88 258
88 304
88 323
88 328
88 361
88 363
88 390
88 397
88 25
88 39
88 40
88 45
88 51
88 91
88 101
88 106
88 114
88 123
88 125
88 137
88 140
88 159
88 162
88 165
88 170
88 191
88 196
88 288
89 203
89 208
89 220
89 227
89 290
89 339
89 341
89 359
89 381
89 385
89 391
89 17
89 34
89 52
89 56
89 57
89 84
89 98
89 122
89 123
89 144
89 148
89 158
89 174
89 181
89 195
89 289
90 216
90 240
90 247
90 267
90 272
90 275
90 284
90 290
90 303
90 305
90 318
90 320
90 321
90 330
90 340
90 370
90 395
90 4
90 28
90 50
90 51
90 67
90 73
90 78
90 130
90 148
90 181
90 189
91 332
91 342
91 343
91 352
91 386
91 388
91 394
91 8
91 35
91 50
91 55
91 59
91 72
91 88
91 94
91 97
91 135
91 139
91 152
91 155
91 166
91 176
91 181
91 192
91 291
92 205
92 206
92 220
92 245
92 247
92 273
92 276
92 285
92 293
92 349
92 364
92 370
92 388
92 8
92 12
92 33
92 44
92 55
92 97
92 100
92 109
92 114
92 126
92 144
92 171
92 183
92 188
92 292
93 201
93 207
93 213
93 227
93 255
93 274
93 282
93 291
93 301
93 309
93 314
93 346
93 361
93 368
93 21
93 23
93 26
93 53
93 55
93 75
93 76
93 85
93 86
93 131
93 139
93 144
93 169
93 180
93 293
94 220
94 224
94 241
94 276
94 327
94 360
94 364
94 382
94 9
94 20
94 29
94 31
94 40
94 47
94 81
94 84
94 86
94 91
94 109
94 123
94 143
94 145
94 152
94 157
94 162
94 175
94 294
95 206
95 224
95 235
95 251
95 266
95 291
95 294
95 297
95 328
95 365
95 13
95 25
95 55
95 98
95 112
95 125
95 149
95 158
95 163
95 164
95 194
95 295
96 207
96 221
96 231
96 249
96 263
96 274
96 319
96 356
96 369
96 0
96 27
96 36
96 53
96 64
96 65
96 83
96 100
96 103
96 121
96 126
96 130
96 146
96 150
96 155
96 159
96 192
96 296
97 203
97 272
97 287
97 295
97 301
97 329
97 20
97 60
97 78
97 91
97 92
97 102
97 134
97 137
97 144
97 160
97 185
97 188
97 191
97 194
97 197
97 297
98 200
98 210
98 228
98 231
98 247
98 251
98 273
98 312
98 317
98 353
98 370
98 0
98 8
98 19
98 23
98 28
98 30
98 36
98 39
98 44
98 62
98 80
98 89
98 95
98 106
98 113
98 128
98 132
98 150
98 170
98 174
98 192
98 298
99 237
99 250
99 251
99 261
99 309
99 356
99 392
99 11
99 13
99 17
99 20
99 35
99 40
99 43
99 59
99 120
99 169
99 180
99 299
100 222
100 226
100 227
100 249
100 291
100 335
100 12
100 24
100 25
100 49
100 59
100 63
100 65
100 66
100 70
100 78
100 92
100 96
100 104
100 108
100 135
100 139
100 150
100 190
100 191
100 300
101 201
101 209
101 218
101 257
101 277
101 359
101 363
101 371
101 380
101 24
101 28
101 53
101 63
101 67
101 79
101 88
101 104
101 113
101 116
101 121
101 122
101 129
101 132
101 145
101 161
101 169
101 181
101 301
102 217
102 224
102 248
102 276
102 296
102 327
102 329
102 331
102 339
102 349
102 371
102 378
102 385
102 386
102 398
102 0
102 4
102 46
102 97
102 105
102 135
102 136
102 159
102 166
102 179
102 189
102 193
102 302
103 204
103 222
103 229
103 292
103 305
103 332
103 352
103 375
103 390
103 4
103 27
103 34
103 36
103 68
103 69
103 82
103 96
103 110
103 139
103 160
103 303
104 219
104 224
104 256
104 314
104 333
104 378
104 381
104 388
104 397
104 10
104 17
104 21
104 30
104 44
104 45
104 54
104 55
104 58
104 77
104 78
104 82
104 100
104 101
104 113
104 117
104 125
104 129
104 140
104 146
104 153
104 160
104 175
104 186
104 188
104 198
104 304
105 203
105 243
105 277
105 299
105 313
105 320
105 360
105 370
105 386
105 397
105 10
105 15
105 16
105 27
105 38
105 65
105 102
105 114
105 118
105 124
105 133
105 140
105 143
105 176
105 184
105 191
105 305
106 210
106 223
106 233
106 260
106 277
106 315
106 326
106 328
106 364
106 384
106 386
106 3
106 4
106 26
106 32
106 49
106 51
106 77
106 88
106 98
106 118
106 147
106 153
106 154
106 191
106 306
107 206
107 242
107 261
107 269
107 295
107 347
107 361
107 376
107 394
107 16
107 20
107 28
107 55
107 60
107 72
107 77
107 129
107 130
107 132
107 142
107 156
107 157
107 166
107 172
107 185
107 190
107 307
108 200
108 206
108 211
108 253
108 282
108 293
108 346
108 366
108 1
108 15
108 19
108 24
108 28
108 45
108 59
108 79
108 100
108 118
108 133
108 141
108 147
108 152
108 156
108 177
108 187
108 308
109 224
109 243
109 246
109 282
109 301
109 307
109 322
109 363
109 373
109 379
109 387
109 396
109 31
109 37
109 47
109 55
109 92
109 94
109 127
109 147
109 152
109 154
109 166
109 183
109 184
109 309
110 216
110 232
110 241
110 270
110 276
110 288
110 308
110 315
110 372
110 1
110 2
110 5
110 12
110 17
110 22
110 25
110 29
110 64
110 74
110 76
110 103
110 115
110 127
110 145
110 174
110 176
110 310
111 203
111 207
111 226
111 247
111 263
111 271
111 293
111 298
111 303
111 366
111 391
111 2
111 57
111 69
111 84
111 131
111 136
111 147
111 159
111 168
111 177
111 179
111 191
111 197
111 311
112 208
112 214
112 283
112 294
112 317
112 318
112 338
112 360
112 392
112 6
112 23
112 51
112 58
112 64
112 70
112 71
112 82
112 85
112 95
112 134
112 137
112 139
112 150
112 159
112 195
112 198
112 312
113 270
113 278
113 295
113 319
113 370
113 398
113 5
113 6
113 12
113 38
113 57
113 58
113 87
113 98
113 101
113 104
113 114
113 118
113 130
113 148
113 313
114 216
114 270
114 292
114 302
114 316
114 344
114 364
114 366
114 370
114 3
114 4
114 23
114 56
114 68
114 71
114 88
114 92
114 105
114 113
114 135
114 314
115 214
115 218
115 227
115 228
115 252
115 254
115 271
115 275
115 282
115 285
115 293
115 360
115 12
115 19
115 22
115 23
115 24
115 39
115 72
115 86
115 110
115 129
115 136
115 146
115 163
115 173
115 187
115 315
116 210
116 218
116 253
116 254
116 258
116 320
116 359
116 384
116 0
116 14
116 24
116 52
116 62
116 63
116 101
116 119
116 134
116 136
116 140
116 157
116 174
116 316
117 201
117 217
117 221
117 227
117 239
117 256
117 259
117 264
117 277
117 282
117 326
117 327
117 352
117 383
117 392
117 17
117 19
117 36
117 70
117 104
117 124
117 128
117 132
117 161
117 192
117 317
118 208
118 211
118 214
118 225
118 231
118 243
118 254
118 279
118 299
118 307
118 313
118 323
118 330
118 353
118 394
118 54
118 105
118 106
118 108
118 113
118 144
118 145
118 158
118 160
118 318
119 213
119 262
119 301
119 312
119 381
119 388
119 6
119 19
119 55
119 116
119 130
119 150
119 197
119 198
119 319
120 234
120 237
120 299
120 306
120 329
120 330
120 337
120 359
120 372
120 396
120 7
120 12
120 38
120 44
120 54
120 82
120 99
120 133
120 158
120 167
120 194
120 198
120 320
121 206
121 269
121 294
121 304
121 325
121 343
121 372
121 1
121 14
121 19
121 31
121 63
121 96
121 101
121 148
121 149
121 182
121 184
121 188
121 198
121 321
122 207
122 232
122 237
122 238
122 242
122 279
122 323
122 339
122 368
122 371
122 375
122 4
122 89
122 101
122 127
122 131
122 132
122 140
122 147
122 165
122 322
123 208
123 230
123 339
123 366
123 372
123 395
123 82
123 88
123 89
123 94
123 126
123 147
123 171
123 172
123 323
124 211
124 214
124 232
124 251
124 281
124 303
124 315
124 5
124 23
124 24
124 37
124 61
124 105
124 117
124 125
124 128
124 132
124 157
124 189
124 324
125 200
125 216
125 227
125 237
125 243
125 287
125 309
125 334
125 359
125 8
125 9
125 43
125 45
125 46
125 58
125 88
125 95
125 104
125 124
125 141
125 172
125 325
126 242
126 250
126 253
126 308
126 314
126 347
126 360
126 367
126 374
126 379
126 386
126 392
126 30
126 51
126 67
126 92
126 96
126 123
126 136
126 148
126 171
126 326
127 216
127 245
127 253
127 259
127 276
127 287
127 292
127 336
127 355
127 371
127 396
127 2
127 3
127 10
127 18
127 21
127 39
127 43
127 44
127 48
127 56
127 57
127 59
127 68
127 70
127 82
127 109
127 110
127 122
127 145
127 153
127 163
127 327
128 209
128 230
128 286
128 299
128 353
128 372
128 384
128 0
128 7
128 11
128 14
128 68
128 69
128 75
128 98
128 117
128 124
128 134
128 149
128 151
128 155
128 157
128 162
128 187
128 198
128 328
129 206
129 210
129 238
129 241
129 243
129 258
129 312
129 338
129 346
129 375
129 65
129 101
129 104
129 107
129 115
129 133
129 154
129 168
129 171
129 329
130 233
130 249
130 250
130 294
130 317
130 342
130 347
130 353
130 356
130 371
130 377
130 392
130 1
130 24
130 29
130 32
130 35
130 40
130 41
130 46
130 72
130 90
130 96
130 107
130 113
130 119
130 144
130 176
130 183
130 190
130 192
130 330
131 212
131 228
131 248
131 255
131 272
131 281
131 348
131 356
131 14
131 16
131 19
131 25
131 42
131 49
131 76
131 93
131 111
131 122
131 138
131 144
131 151
131 164
131 184
131 186
131 331
132 216
132 228
132 232
132 234
132 264
132 273
132 277
132 293
132 314
132 362
132 377
132 16
132 17
132 29
132 54
132 81
132 98
132 101
132 107
132 117
132 122
132 124
132 156
132 159
132 172
132 178
132 195
132 196
132 332
133 233
133 248
133 269
133 273
133 277
133 328
133 338
133 353
133 367
133 368
133 375
133 2
133 13
133 17
133 23
133 55
133 74
133 85
133 105
133 108
133 120
133 129
133 141
133 172
133 188
133 197
133 198
133 333
134 223
134 231
134 279
134 294
134 300
134 308
134 331
134 353
134 373
134 25
134 27
134 31
134 47
134 51
134 62
134 87
134 97
134 112
134 116
134 128
134 135
134 137
134 139
134 144
134 152
134 163
134 166
134 172
134 192
134 334
135 225
135 240
135 256
135 265
135 272
135 276
135 298
135 312
135 321
135 330
135 335
135 353
135 359
135 377
135 399
135 17
135 20
135 51
135 54
135 58
135 64
135 70
135 91
135 100
135 102
135 114
135 134
135 147
135 149
135 166
135 170
135 175
135 176
135 189
135 190
135 198
136 235
136 275
136 291
136 296
136 317
136 329
136 375
136 53
136 68
136 82
136 87
136 102
136 111
136 115
136 116
136 126
136 147
136 150
136 167
136 169
136 175
136 177
136 189
136 197
136 336
137 207
137 213
137 218
137 253
137 278
137 310
137 349
137 373
137 374
137 391
137 5
137 8
137 24
137 25
137 40
137 51
137 63
137 70
137 74
137 88
137 97
137 112
137 134
137 148
137 150
137 165
137 170
137 175
137 337
138 204
138 212
138 221
138 229
138 232
138 244
138 247
138 248
138 316
138 344
138 373
138 13
138 19
138 20
138 30
138 69
138 131
138 139
138 141
138 338
139 213
139 228
139 274
139 280
139 327
139 347
139 370
139 16
139 31
139 43
139 81
139 91
139 93
139 100
139 103
139 112
139 134
139 138
139 187
139 339
140 211
140 245
140 350
140 1
140 3
140 13
140 16
140 20
140 33
140 37
140 47
140 53
140 67
140 80
140 88
140 104
140 105
140 116
140 122
140 147
140 148
140 170
140 195
140 340
141 216
141 224
141 226
141 227
141 228
141 232
141 245
141 305
141 329
141 337
141 371
141 388
141 395
141 0
141 16
141 23
141 32
141 51
141 65
141 68
141 108
141 125
141 133
141 138
141 145
141 149
141 159
141 188
141 193
141 341
142 219
142 241
142 273
142 317
142 324
142 329
142 359
142 367
142 376
142 394
142 0
142 5
142 13
142 17
142 32
142 37
142 47
142 68
142 70
142 73
142 107
142 147
142 168
142 172
142 342
143 205
143 222
143 233
143 236
143 284
143 310
143 4
143 39
143 47
143 61
143 72
143 80
143 85
143 94
143 105
143 145
143 165
143 172
143 343
144 275
144 318
144 368
144 370
144 372
144 389
144 396
144 399
144 3
144 4
144 13
144 27
144 41
144 57
144 89
144 92
144 93
144 97
144 118
144 130
144 131
144 134
144 157
144 161
144 344
145 209
145 224
145 241
145 286
145 302
145 312
145 341
145 354
145 398
145 22
145 29
145 36
145 51
145 73
145 79
145 85
145 94
145 101
145 110
145 118
145 127
145 141
145 143
145 174
145 175
145 183
145 186
145 192
145 345
146 236
146 258
146 265
146 326
146 343
146 370
146 2
146 15
146 28
146 36
146 79
146 96
146 104
146 115
146 163
146 180
146 193
146 346
147 218
147 231
147 233
147 234
147 244
147 266
147 298
147 306
147 315
147 319
147 334
147 352
147 357
147 381
147 9
147 18
147 21
147 29
147 54
147 55
147 63
147 65
147 67
147 71
147 74
147 76
147 87
147 106
147 108
147 109
147 111
147 122
147 123
147 135
147 136
147 140
147 142
147 149
147 161
147 171
147 176
147 177
147 181
147 189
147 194
147 347
148 217
148 232
148 255
148 308
148 321
148 359
148 371
148 378
148 20
148 36
148 70
148 78
148 82
148 84
148 89
148 90
148 113
148 121
148 126
148 137
148 140
148 161
148 166
148 169
148 170
148 184
148 348
149 200
149 215
149 304
149 326
149 340
149 341
149 344
149 10
149 27
149 47
149 60
149 65
149 95
149 121
149 128
149 135
149 141
149 147
149 349
150 207
150 208
150 212
150 226
150 250
150 266
150 267
150 270
150 276
150 328
150 335
150 380
150 385
150 392
150 0
150 3
150 48
150 59
150 80
150 96
150 98
150 100
150 112
150 119
150 136
150 137
150 167
150 177
150 187
150 193
150 350
151 200
151 242
151 274
151 295
151 306
151 319
151 329
151 343
151 345
151 398
151 12
151 50
151 71
151 79
151 128
151 131
151 153
151 196
151 351
152 227
152 277
152 290
152 309
152 354
152 390
152 57
152 62
152 66
152 67
152 91
152 94
152 108
152 109
152 134
152 156
152 163
152 165
152 168
152 172
152 188
152 192
152 352
153 201
153 248
153 328
153 334
153 354
153 365
153 4
153 30
153 31
153 50
153 58
153 60
153 75
153 79
153 104
153 106
153 127
153 151
153 159
153 169
153 174
153 177
153 178
153 180
153 353
154 212
154 218
154 221
154 227
154 267
154 275
154 344
154 353
154 6
154 8
154 57
154 86
154 106
154 109
154 129
154 172
154 354
155 213
155 232
155 253
155 262
155 292
155 324
155 360
155 387
155 51
155 54
155 84
155 91
155 96
155 128
155 165
155 183
155 188
155 192
155 355
156 212
156 220
156 230
156 237
156 253
156 275
156 349
156 2
156 48
156 50
156 56
156 58
156 77
156 107
156 108
156 132
156 152
156 176
156 189
156 356
157 252
157 270
157 302
157 311
157 316
157 317
157 325
157 336
157 357
157 368
157 383
157 385
157 387
157 388
157 394
157 6
157 10
157 15
157 17
157 24
157 38
157 44
157 62
157 66
157 85
157 94
157 107
157 116
157 124
157 128
157 144
157 173
158 242
158 270
158 276
158 292
158 319
158 325
158 334
158 345
158 346
158 351
158 353
158 389
158 1
158 12
158 25
158 44
158 60
158 75
158 77
158 89
158 95
158 118
158 120
158 162
158 358
159 209
159 230
159 237
159 245
159 284
159 295
159 300
159 330
159 350
159 352
159 376
159 385
159 0
159 1
159 4
159 11
159 69
159 88
159 96
159 102
159 111
159 112
159 132
159 141
159 153
159 178
159 185
159 359
160 202
160 222
160 239
160 317
160 322
160 335
160 355
160 365
160 367
160 385
160 390
160 19
160 21
160 28
160 69
160 78
160 97
160 103
160 104
160 118
160 165
160 168
160 172
160 360
161 201
161 244
161 252
161 285
161 287
161 296
161 311
161 324
161 327
161 3
161 16
161 24
161 25
161 34
161 57
161 59
161 61
161 84
161 101
161 117
161 144
161 147
161 148
161 184
161 194
161 361
162 200
162 206
162 216
162 269
162 271
162 289
162 314
162 315
162 337
162 340
162 386
162 394
162 12
162 21
162 24
162 41
162 52
162 56
162 63
162 72
162 78
162 85
162 88
162 94
162 128
162 158
162 163
162 165
162 169
162 174
162 175
162 362
163 202
163 276
163 297
163 315
163 344
163 364
163 391
163 10
163 16
163 23
163 27
163 46
163 65
163 95
163 115
163 127
163 134
163 146
163 152
163 162
163 189
163 363
164 206
164 208
164 244
164 247
164 272
164 275
164 283
164 289
164 301
164 305
164 348
164 360
164 369
164 379
164 15
164 21
164 30
164 40
164 59
164 73
164 95
164 131
164 176
164 178
164 364
165 221
165 234
165 240
165 241
165 261
165 281
165 366
165 5
165 8
165 10
165 15
165 36
165 43
165 46
165 56
165 85
165 87
165 88
165 122
165 137
165 143
165 152
165 155
165 160
165 162
165 184
165 199
165 365
166 221
166 222
166 242
166 280
166 307
166 316
166 326
166 343
166 359
166 373
166 384
166 386
166 388
166 12
166 26
166 28
166 35
166 44
166 47
166 56
166 61
166 83
166 91
166 102
166 107
166 109
166 134
166 135
166 148
166 188
166 366
167 211
167 213
167 214
167 217
167 281
167 301
167 314
167 321
167 329
167 339
167 361
167 393
167 9
167 11
167 38
167 80
167 82
167 120
167 136
167 150
167 169
167 176
167 195
167 367
168 225
168 230
168 240
168 241
168 258
168 308
168 333
168 342
168 376
168 0
168 5
168 12
168 84
168 111
168 129
168 142
168 152
168 160
168 368
169 209
169 238
169 245
169 261
169 269
169 283
169 291
169 298
169 324
169 326
169 348
169 350
169 356
169 362
169 373
169 11
169 38
169 51
169 61
169 80
169 93
169 99
169 101
169 136
169 148
169 153
169 162
169 167
169 176
169 369
170 240
170 266
170 275
170 290
170 312
170 320
170 328
170 337
170 372
170 380
170 23
170 46
170 52
170 65
170 71
170 73
170 79
170 83
170 88
170 98
170 135
170 137
170 140
170 148
170 183
170 194
170 370
171 220
171 246
171 251
171 295
171 302
171 359
171 382
171 388
171 395
171 5
171 25
171 41
171 46
171 54
171 59
171 62
171 71
171 75
171 86
171 87
171 92
171 123
171 126
171 129
171 147
171 178
171 191
171 371
172 201
172 238
172 239
172 248
172 258
172 275
172 283
172 309
172 322
172 356
172 360
172 367
172 4
172 5
172 26
172 27
172 28
172 46
172 47
172 58
172 68
172 75
172 107
172 123
172 125
172 132
172 133
172 134
172 142
172 143
172 152
172 154
172 160
172 372
173 219
173 230
173 242
173 251
173 296
173 305
173 344
173 379
173 36
173 50
173 57
173 58
173 69
173 70
173 73
173 115
173 157
173 174
173 189
173 193
173 373
174 211
174 215
174 217
174 300
174 318
174 343
174 17
174 27
174 37
174 48
174 65
174 89
174 98
174 110
174 116
174 145
174 153
174 162
174 173
174 175
174 179
174 193
174 194
174 374
175 226
175 241
175 281
175 292
175 309
175 327
175 358
175 360
175 364
175 373
175 384
175 390
175 16
175 27
175 38
175 40
175 43
175 61
175 94
175 104
175 135
175 136
175 137
175 145
175 162
175 174
175 177
175 178
175 185
175 188
175 192
175 375
176 221
176 223
176 231
176 233
176 244
176 251
176 301
176 313
176 320
176 322
176 324
176 325
176 372
176 12
176 13
176 18
176 28
176 36
176 39
176 70
176 72
176 91
176 105
176 110
176 130
176 135
176 147
176 156
176 164
176 167
176 169
176 180
176 188
176 199
176 376
177 205
177 207
177 253
177 273
177 353
177 356
177 4
177 9
177 29
177 33
177 36
177 37
177 73
177 80
177 87
177 108
177 111
177 136
177 147
177 150
177 153
177 175
177 192
177 197
177 377
178 205
178 217
178 223
178 264
178 272
178 273
178 281
178 288
178 340
178 386
178 12
178 23
178 50
178 59
178 75
178 80
178 132
178 153
178 159
178 164
178 171
178 175
178 378
179 218
179 260
179 267
179 287
179 289
179 290
179 311
179 318
179 319
179 339
179 63
179 77
179 102
179 111
179 174
179 181
179 182
179 198
179 379
180 200
180 210
180 217
180 220
180 243
180 265
180 314
180 347
180 26
180 31
180 53
180 79
180 93
180 99
180 146
180 153
180 176
180 187
180 198
180 199
180 380
181 280
181 290
181 304
181 319
181 322
181 354
181 383
181 18
181 54
181 71
181 83
181 89
181 90
181 91
181 101
181 147
181 179
181 183
181 190
181 381
182 209
182 246
182 265
182 278
182 296
182 306
182 307
182 309
182 312
182 345
182 347
182 374
182 4
182 11
182 12
182 38
182 56
182 75
182 121
182 179
182 187
182 197
182 382
183 220
183 243
183 256
183 296
183 338
183 366
183 0
183 17
183 18
183 19
183 63
183 70
183 92
183 109
183 130
183 145
183 155
183 170
183 181
183 383
184 224
184 228
184 235
184 253
184 311
184 338
184 347
184 352
184 0
184 8
184 18
184 35
184 57
184 72
184 76
184 78
184 105
184 109
184 121
184 131
184 148
184 161
184 165
184 384
185 238
185 240
185 292
185 296
185 310
185 314
185 333
185 342
185 362
185 363
185 384
185 35
185 81
185 86
185 87
185 97
185 107
185 159
185 175
185 193
185 198
185 385
186 216
186 231
186 267
186 282
186 299
186 320
186 325
186 375
186 387
186 16
186 22
186 33
186 60
186 62
186 77
186 85
186 104
186 131
186 145
186 386
187 202
187 242
187 244
187 263
187 271
187 276
187 284
187 287
187 313
187 331
187 332
187 343
187 367
187 374
187 395
187 16
187 29
187 44
187 51
187 108
187 115
187 128
187 139
187 150
187 180
187 182
187 197
187 387
188 204
188 208
188 217
188 224
188 229
188 230
188 301
188 342
188 352
188 383
188 393
188 4
188 20
188 29
188 39
188 54
188 74
188 76
188 77
188 79
188 92
188 97
188 104
188 121
188 133
188 141
188 152
188 155
188 166
188 175
188 176
188 388
189 228
189 236
189 296
189 310
189 322
189 5
189 6
189 28
189 46
189 54
189 62
189 63
189 71
189 72
189 80
189 90
189 102
189 124
189 135
189 136
189 147
189 156
189 163
189 173
189 192
189 389
190 210
190 242
190 263
190 279
190 295
190 321
190 329
190 334
190 362
190 386
190 11
190 17
190 30
190 31
190 39
190 43
190 54
190 63
190 74
190 83
190 100
190 107
190 130
190 135
190 181
190 195
190 390
191 209
191 214
191 217
191 228
191 231
191 265
191 309
191 313
191 334
191 349
191 354
191 361
191 363
191 366
191 381
191 388
191 389
191 30
191 33
191 42
191 54
191 79
191 83
191 87
191 88
191 97
191 100
191 105
191 106
191 111
191 171
191 391
192 246
192 265
192 271
192 276
192 282
192 288
192 289
192 317
192 320
192 323
192 332
192 346
192 352
192 358
192 369
192 374
192 389
192 392
192 19
192 49
192 58
192 84
192 91
192 96
192 98
192 117
192 130
192 134
192 145
192 152
192 155
192 175
192 177
192 189
193 204
193 218
193 242
193 247
193 277
193 309
193 313
193 319
193 325
193 331
193 353
193 355
193 366
193 17
193 25
193 26
193 46
193 79
193 102
193 141
193 146
193 150
193 173
193 174
193 185
193 199
193 393
194 215
194 222
194 292
194 312
194 323
194 325
194 343
194 347
194 355
194 29
194 38
194 50
194 70
194 95
194 97
194 120
194 147
194 161
194 170
194 174
194 195
194 394
195 252
195 257
195 276
195 305
195 318
195 328
195 347
195 386
195 399
195 5
195 11
195 22
195 31
195 84
195 86
195 89
195 112
195 132
195 140
195 167
195 190
195 194
195 395
196 203
196 212
196 253
196 269
196 291
196 297
196 300
196 309
196 316
196 353
196 390
196 18
196 21
196 39
196 46
196 48
196 50
196 63
196 88
196 132
196 151
196 396
197 201
197 210
197 219
197 248
197 294
197 313
197 0
197 4
197 5
197 6
197 39
197 46
197 75
197 84
197 97
197 111
197 119
197 133
197 136
197 177
197 182
197 187
197 397
198 237
198 246
198 255
198 261
198 262
198 306
198 316
198 353
198 18
198 20
198 25
198 61
198 73
198 76
198 87
198 104
198 112
198 119
198 120
198 121
198 128
198 133
198 135
198 179
198 180
198 185
198 398
199 252
199 259
199 277
199 283
199 373
199 375
199 382
199 7
199 8
199 21
199 73
199 77
199 80
199 165
199 176
199 180
199 193
199 399
200 35
200 37
200 41
200 59
200 71
200 83
200 86
200 98
200 108
200 125
200 149
200 151
200 162
200 180
200 0
201 7
201 18
201 37
201 44
201 51
201 60
201 93
201 101
201 117
201 153
201 161
201 172
201 197
201 1
202 16
202 19
202 34
202 64
202 67
202 77
202 79
202 160
202 163
202 187
202 2
203 31
203 42
203 49
203 55
203 65
203 70
203 89
203 97
203 105
203 111
203 196
203 3
204 12
204 31
204 68
204 79
204 82
204 84
204 103
204 138
204 188
204 193
204 4
205 2
205 37
205 51
205 56
205 86
205 92
205 143
205 177
205 178
205 5
206 47
206 85
206 92
206 95
206 107
206 108
206 121
206 129
206 162
206 164
206 6
207 38
207 52
207 75
207 93
207 96
207 111
207 122
207 137
207 150
207 177
207 7
208 18
208 30
208 37
208 89
208 112
208 118
208 123
208 150
208 164
208 188
208 8
209 13
209 15
209 34
209 49
209 53
209 55
209 64
209 76
209 101
209 128
209 145
209 159
209 169
209 182
209 191
209 9
210 3
210 38
210 55
210 66
210 81
210 88
210 98
210 106
210 116
210 129
210 180
210 190
210 197
210 10
211 108
211 118
211 124
211 140
211 167
211 174
211 11
212 3
212 63
212 81
212 131
212 138
212 150
212 154
212 156
212 196
212 12
213 62
213 65
213 69
213 93
213 119
213 137
213 139
213 155
213 167
213 13
214 15
214 70
214 72
214 82
214 112
214 115
214 118
214 124
214 167
214 191
214 14
215 5
215 27
215 41
215 70
215 80
215 149
215 174
215 194
215 15
216 1
216 10
216 11
216 15
216 25
216 33
216 54
216 90
216 110
216 114
216 125
216 127
216 132
216 141
216 162
216 186
216 16
217 8
217 9
217 11
217 52
217 56
217 61
217 69
217 76
217 102
217 117
217 148
217 167
217 174
217 178
217 180
217 188
217 191
217 17
218 6
218 12
218 35
218 61
218 67
218 101
218 115
218 116
218 137
218 147
218 154
218 179
218 193
218 18
219 13
219 30
219 50
219 70
219 104
219 142
219 173
219 197
219 19
220 19
220 40
220 48
220 52
220 84
220 88
220 89
220 92
220 94
220 156
220 171
220 180
220 183
220 20
221 3
221 23
221 28
221 52
221 66
221 86
221 96
221 117
221 138
221 154
221 165
221 166
221 176
221 21
222 6
222 12
222 19
222 27
222 40
222 50
222 85
222 100
222 103
222 143
222 160
222 166
222 194
222 22
223 33
223 36
223 62
223 67
223 80
223 84
223 106
223 134
223 176
223 178
223 23
224 69
224 94
224 95
224 102
224 104
224 109
224 141
224 145
224 184
224 188
224 24
225 3
225 77
225 118
225 135
225 168
225 25
226 3
226 6
226 26
226 32
226 50
226 57
226 70
226 84
226 100
226 111
226 141
226 150
226 175
227 11
227 16
227 44
227 50
227 54
227 55
227 89
227 93
227 100
227 115
227 117
227 125
227 141
227 152
227 154
227 27
228 19
228 44
228 79
228 98
228 115
228 131
228 132
228 139
228 141
228 184
228 189
228 191
228 28
229 28
229 42
229 103
229 138
229 188
229 29
230 25
230 33
230 36
230 59
230 123
230 128
230 156
230 159
230 168
230 173
230 188
230 30
231 21
231 30
231 96
231 98
231 118
231 134
231 147
231 176
231 186
231 191
231 31
232 32
232 43
232 46
232 55
232 56
232 110
232 122
232 124
232 132
232 138
232 141
232 148
232 155
233 32
233 42
233 66
233 73
233 76
233 81
233 106
233 130
233 133
233 143
233 147
233 176
233 33
234 25
234 54
234 84
234 120
234 132
234 147
234 165
234 34
235 9
235 14
235 31
235 69
235 87
235 95
235 136
235 184
235 35
236 11
236 76
236 83
236 87
236 143
236 146
236 189
236 36
237 0
237 14
237 43
237 59
237 60
237 77
237 99
237 120
237 122
237 125
237 156
237 159
237 198
237 37
238 29
238 77
238 122
238 129
238 169
238 172
238 185
238 38
239 10
239 34
239 35
239 39
239 40
239 79
239 117
239 160
239 172
240 15
240 54
240 90
240 135
240 165
240 168
240 170
240 185
240 40
241 21
241 22
241 87
241 94
241 110
241 129
241 142
241 145
241 165
241 168
241 175
241 41
242 5
242 57
242 107
242 122
242 126
242 151
242 158
242 166
242 173
242 187
242 190
242 193
242 42
243 8
243 11
243 21
243 35
243 45
243 79
243 82
243 105
243 109
243 118
243 125
243 129
243 180
243 183
243 43
244 58
244 72
244 138
244 147
244 161
244 164
244 176
244 187
244 44
245 3
245 13
245 46
245 65
245 66
245 72
245 74
245 92
245 127
245 140
245 141
245 159
245 169
245 45
246 2
246 12
246 25
246 49
246 73
246 109
246 171
246 182
246 192
246 198
246 46
247 19
247 61
247 77
247 90
247 92
247 98
247 111
247 138
247 164
247 193
247 47
248 37
248 53
248 59
248 102
248 131
248 133
248 138
248 153
248 172
248 197
248 48
249 38
249 45
249 96
249 100
249 130
249 49
250 15
250 17
250 31
250 42
250 47
250 51
250 58
250 73
250 99
250 126
250 130
250 150
250 50
251 21
251 22
251 31
251 35
251 38
251 42
251 67
251 75
251 76
251 95
251 98
251 99
251 124
251 171
251 173
251 176
251 51
252 7
252 13
252 25
252 33
252 42
252 61
252 115
252 157
252 161
252 195
252 199
252 52
253 12
253 57
253 66
253 108
253 116
253 126
253 127
253 137
253 155
253 156
253 177
253 184
253 196
253 53
254 13
254 42
254 54
254 75
254 115
254 116
254 118
255 31
255 93
255 131
255 148
255 198
255 55
256 4
256 8
256 104
256 117
256 135
256 183
256 56
257 24
257 40
257 42
257 51
257 65
257 101
257 195
257 57
258 63
258 65
258 73
258 83
258 86
258 88
258 116
258 129
258 146
258 168
258 172
258 58
259 47
259 117
259 127
259 199
259 59
260 17
260 33
260 48
260 70
260 106
260 179
260 60
261 18
261 99
261 107
261 165
261 169
261 198
261 61
262 9
262 28
262 64
262 119
262 155
262 198
262 62
263 0
263 22
263 45
263 96
263 111
263 187
263 190
263 63
264 6
264 7
264 14
264 17
264 60
264 61
264 75
264 117
264 132
264 178
264 64
265 6
265 38
265 50
265 76
265 135
265 146
265 180
265 182
265 191
265 192
265 65
266 11
266 23
266 26
266 27
266 38
266 63
266 67
266 95
266 147
266 150
266 170
266 66
267 11
267 17
267 25
267 90
267 150
267 154
267 179
267 186
267 67
268 4
268 15
268 20
268 36
268 39
268 67
268 72
268 68
269 25
269 53
269 61
269 80
269 85
269 107
269 121
269 133
269 162
269 169
269 196
269 69
270 8
270 9
270 11
270 59
270 75
270 110
270 113
270 114
270 150
270 157
270 158
270 70
271 3
271 13
271 16
271 29
271 36
271 44
271 81
271 111
271 115
271 162
271 187
271 192
271 71
272 5
272 8
272 16
272 47
272 59
272 90
272 97
272 131
272 135
272 164
272 178
272 72
273 7
273 21
273 29
273 92
273 98
273 132
273 133
273 142
273 177
273 178
273 73
274 3
274 23
274 42
274 62
274 74
274 93
274 96
274 139
274 151
275 63
275 82
275 90
275 115
275 136
275 144
275 154
275 156
275 164
275 170
275 172
275 75
276 5
276 22
276 25
276 50
276 82
276 92
276 94
276 102
276 110
276 127
276 135
276 150
276 158
276 163
276 187
276 192
276 195
276 76
277 52
277 57
277 60
277 101
277 105
277 106
277 117
277 132
277 133
277 152
277 193
277 199
277 77
278 9
278 39
278 71
278 113
278 137
278 182
278 78
279 14
279 34
279 48
279 68
279 79
279 85
279 118
279 122
279 134
279 190
280 34
280 56
280 61
280 66
280 78
280 139
280 166
280 181
280 80
281 0
281 5
281 21
281 45
281 52
281 60
281 87
281 124
281 131
281 165
281 167
281 175
281 178
281 81
282 14
282 20
282 27
282 52
282 83
282 87
282 93
282 108
282 109
282 115
282 117
282 186
282 192
282 82
283 7
283 23
283 27
283 43
283 54
283 61
283 70
283 79
283 83
283 112
283 164
283 169
283 172
283 199
284 5
284 49
284 54
284 90
284 143
284 159
284 187
284 84
285 16
285 25
285 29
285 44
285 58
285 81
285 92
285 115
285 161
285 85
286 1
286 13
286 15
286 37
286 45
286 50
286 62
286 66
286 128
286 145
286 86
287 2
287 10
287 18
287 22
287 24
287 82
287 97
287 125
287 127
287 161
287 179
287 187
287 87
288 9
288 12
288 14
288 110
288 178
288 192
288 88
289 22
289 39
289 49
289 56
289 66
289 162
289 164
289 179
289 192
289 89
290 0
290 27
290 45
290 53
290 55
290 57
290 89
290 90
290 152
290 170
290 179
290 181
291 8
291 39
291 93
291 95
291 100
291 136
291 169
291 196
291 91
292 33
292 55
292 63
292 103
292 114
292 127
292 155
292 158
292 175
292 185
292 194
292 92
293 18
293 19
293 20
293 81
293 92
293 108
293 111
293 115
293 132
293 93
294 16
294 95
294 112
294 121
294 130
294 134
294 197
294 94
295 0
295 31
295 79
295 97
295 107
295 113
295 151
295 159
295 171
295 190
295 95
296 46
296 50
296 56
296 67
296 78
296 102
296 136
296 161
296 173
296 182
296 183
296 185
296 189
296 96
297 33
297 41
297 64
297 65
297 95
297 163
297 196
297 97
298 6
298 40
298 46
298 49
298 111
298 135
298 147
298 169
298 98
299 3
299 80
299 105
299 118
299 120
299 128
299 186
299 99
300 7
300 11
300 54
300 86
300 134
300 159
300 174
300 196
300 100
301 33
301 54
301 56
301 77
301 82
301 93
301 97
301 109
301 119
301 164
301 167
301 176
301 188
301 101
302 5
302 6
302 14
302 17
302 21
302 38
302 51
302 114
302 145
302 157
302 171
302 102
303 18
303 19
303 90
303 111
303 124
303 103
304 11
304 12
304 47
304 65
304 74
304 88
304 121
304 149
304 181
304 104
305 1
305 42
305 44
305 73
305 76
305 84
305 90
305 103
305 141
305 164
305 173
305 195
305 105
306 6
306 33
306 34
306 37
306 51
306 78
306 120
306 147
306 151
306 182
306 198
306 106
307 16
307 21
307 29
307 49
307 60
307 76
307 109
307 118
307 166
307 182
307 107
308 38
308 70
308 75
308 81
308 110
308 126
308 134
308 148
308 168
308 108
309 75
309 83
309 93
309 99
309 125
309 152
309 172
309 175
309 182
309 191
309 193
309 196
309 109
310 26
310 69
310 137
310 143
310 185
310 189
310 110
311 14
311 15
311 26
311 41
311 44
311 83
311 157
311 161
311 179
311 184
311 111
312 23
312 82
312 98
312 119
312 129
312 135
312 145
312 170
312 182
312 194
312 112
313 4
313 40
313 48
313 57
313 66
313 105
313 118
313 176
313 187
313 191
313 193
313 197
313 113
314 0
314 32
314 53
314 57
314 81
314 83
314 86
314 93
314 104
314 126
314 132
314 162
314 167
314 180
314 185
314 114
315 6
315 14
315 58
315 64
315 74
315 106
315 110
315 124
315 147
315 162
315 163
315 115
316 18
316 35
316 61
316 114
316 138
316 157
316 166
316 196
316 198
316 116
317 7
317 10
317 18
317 26
317 32
317 37
317 50
317 65
317 98
317 112
317 130
317 136
317 142
317 157
317 160
317 192
317 117
318 2
318 14
318 15
318 22
318 43
318 54
318 64
318 80
318 85
318 90
318 112
318 144
318 174
318 179
318 195
318 118
319 15
319 48
319 50
319 66
319 80
319 96
319 113
319 147
319 151
319 158
319 179
319 181
319 193
319 119
320 30
320 39
320 44
320 57
320 68
320 77
320 85
320 90
320 105
320 116
320 170
320 176
320 186
320 192
320 120
321 4
321 83
321 90
321 135
321 148
321 167
321 190
321 121
322 11
322 22
322 50
322 109
322 160
322 172
322 176
322 181
322 189
322 122
323 23
323 41
323 56
323 88
323 118
323 122
323 192
323 194
323 123
324 70
324 142
324 155
324 161
324 169
324 176
324 124
325 24
325 28
325 67
325 68
325 75
325 86
325 121
325 157
325 158
325 176
325 186
325 193
325 194
325 125
326 3
326 34
326 65
326 79
326 106
326 117
326 146
326 149
326 166
326 169
326 126
327 18
327 26
327 37
327 94
327 102
327 117
327 139
327 161
327 175
327 127
328 57
328 74
328 88
328 95
328 106
328 133
328 150
328 153
328 170
328 195
328 128
329 3
329 7
329 13
329 38
329 47
329 65
329 80
329 97
329 102
329 120
329 136
329 141
329 142
329 151
329 167
329 190
329 129
330 49
330 83
330 90
330 118
330 120
330 135
330 159
330 130
331 25
331 66
331 75
331 86
331 102
331 134
331 187
331 193
331 131
332 43
332 67
332 68
332 72
332 79
332 91
332 103
332 187
332 192
332 132
333 11
333 22
333 104
333 168
333 185
333 133
334 8
334 21
334 33
334 45
334 58
334 72
334 125
334 147
334 153
334 158
334 190
334 191
334 134
335 9
335 20
335 59
335 72
335 79
335 100
335 135
335 150
335 160
336 20
336 40
336 67
336 86
336 127
336 157
336 136
337 21
337 24
337 29
337 38
337 39
337 42
337 120
337 141
337 162
337 170
337 137
338 13
338 46
338 80
338 112
338 129
338 133
338 183
338 184
338 138
339 3
339 16
339 89
339 102
339 122
339 123
339 167
339 179
339 139
340 9
340 19
340 43
340 90
340 149
340 162
340 178
340 140
341 2
341 5
341 36
341 52
341 72
341 89
341 145
341 149
341 141
342 4
342 28
342 30
342 38
342 54
342 86
342 91
342 130
342 168
342 185
342 188
342 142
343 7
343 14
343 32
343 34
343 91
343 121
343 146
343 151
343 166
343 174
343 187
343 194
343 143
344 48
344 57
344 114
344 138
344 149
344 154
344 163
344 173
344 144
345 12
345 18
345 45
345 69
345 151
345 158
345 182
345 145
346 14
346 31
346 56
346 64
346 69
346 93
346 108
346 129
346 158
346 192
346 146
347 42
347 46
347 77
347 107
347 126
347 130
347 139
347 180
347 182
347 184
347 194
347 195
347 147
348 22
348 34
348 45
348 64
348 73
348 131
348 164
348 169
348 148
349 10
349 37
349 45
349 47
349 63
349 92
349 102
349 137
349 156
349 191
349 149
350 59
350 64
350 77
350 86
350 140
350 159
350 169
350 150
351 25
351 32
351 85
351 158
351 151
352 17
352 21
352 79
352 84
352 87
352 91
352 103
352 117
352 147
352 159
352 184
352 188
352 192
352 152
353 3
353 61
353 79
353 87
353 98
353 118
353 128
353 130
353 133
353 134
353 135
353 154
353 158
353 177
353 193
353 196
353 198
353 153
354 30
354 72
354 78
354 82
354 87
354 145
354 152
354 153
354 181
354 191
354 154
355 11
355 14
355 25
355 48
355 62
355 67
355 70
355 127
355 160
355 193
355 194
355 155
356 27
356 43
356 78
356 96
356 99
356 130
356 131
356 169
356 172
356 177
356 156
357 25
357 62
357 147
357 157
358 4
358 15
358 39
358 175
358 192
358 158
359 7
359 61
359 70
359 89
359 101
359 116
359 120
359 125
359 135
359 142
359 148
359 166
359 171
359 159
360 1
360 26
360 38
360 86
360 94
360 105
360 112
360 115
360 126
360 155
360 164
360 172
360 175
360 160
361 14
361 21
361 25
361 37
361 48
361 61
361 62
361 65
361 79
361 88
361 93
361 107
361 167
361 191
361 161
362 21
362 27
362 33
362 72
362 87
362 132
362 169
362 185
362 190
362 162
363 30
363 43
363 53
363 63
363 86
363 88
363 101
363 109
363 185
363 191
363 163
364 27
364 39
364 74
364 92
364 94
364 106
364 114
364 163
364 175
364 164
365 9
365 22
365 26
365 36
365 72
365 95
365 153
365 160
365 165
366 3
366 6
366 29
366 36
366 41
366 65
366 78
366 83
366 108
366 111
366 114
366 123
366 165
366 183
366 191
366 193
366 166
367 6
367 9
367 18
367 49
367 58
367 82
367 126
367 133
367 142
367 160
367 172
367 187
367 167
368 15
368 27
368 63
368 79
368 81
368 93
368 122
368 133
368 144
368 157
368 168
369 8
369 48
369 49
369 51
369 60
369 62
369 81
369 85
369 96
369 164
369 192
369 169
370 5
370 13
370 26
370 90
370 92
370 98
370 105
370 113
370 114
370 139
370 144
370 146
370 170
371 10
371 30
371 48
371 57
371 81
371 101
371 102
371 122
371 127
371 130
371 141
371 148
371 171
372 0
372 12
372 24
372 47
372 60
372 67
372 84
372 110
372 120
372 121
372 123
372 128
372 144
372 170
372 176
372 172
373 17
373 77
373 109
373 134
373 137
373 138
373 166
373 169
373 175
373 199
373 173
374 64
374 65
374 126
374 137
374 182
374 187
374 192
374 174
375 58
375 76
375 103
375 122
375 129
375 133
375 136
375 186
375 199
375 175
376 9
376 26
376 40
376 52
376 66
376 71
376 107
376 142
376 159
376 168
376 176
377 17
377 22
377 25
377 29
377 46
377 63
377 78
377 130
377 132
377 135
377 177
378 18
378 32
378 33
378 34
378 77
378 102
378 104
378 148
378 178
379 2
379 9
379 10
379 65
379 109
379 126
379 164
379 173
379 179
380 15
380 63
380 65
380 101
380 150
380 170
380 180
381 9
381 40
381 41
381 50
381 89
381 104
381 119
381 147
381 191
381 181
382 30
382 31
382 35
382 94
382 171
382 199
382 182
383 0
383 21
383 24
383 57
383 64
383 83
383 117
383 157
383 181
383 188
383 183
384 1
384 16
384 31
384 61
384 106
384 116
384 128
384 166
384 175
384 185
384 184
385 47
385 52
385 67
385 76
385 80
385 85
385 89
385 102
385 150
385 157
385 159
385 160
385 185
386 12
386 13
386 35
386 52
386 86
386 91
386 102
386 105
386 106
386 126
386 162
386 166
386 178
386 190
386 195
386 186
387 17
387 52
387 71
387 78
387 109
387 155
387 157
387 186
387 187
388 30
388 53
388 59
388 64
388 91
388 92
388 104
388 119
388 141
388 157
388 166
388 171
388 191
388 188
389 43
389 45
389 52
389 56
389 69
389 74
389 76
389 144
389 158
389 191
389 192
389 189
390 38
390 83
390 88
390 103
390 152
390 160
390 175
390 196
390 190
391 1
391 26
391 89
391 111
391 137
391 163
391 191
392 13
392 20
392 32
392 41
392 78
392 82
392 99
392 112
392 117
392 126
392 130
392 150
392 192
393 11
393 52
393 167
393 188
393 193
394 43
394 48
394 91
394 107
394 118
394 142
394 157
394 162
394 194
395 13
395 64
395 79
395 90
395 123
395 141
395 171
395 187
395 195
396 16
396 53
396 55
396 109
396 120
396 127
396 144
396 196
397 1
397 2
397 12
397 23
397 50
397 72
397 88
397 104
397 105
397 197
398 14
398 22
398 33
398 53
398 55
398 60
398 82
398 102
398 113
398 145
398 151
398 198
399 19
399 20
399 27
399 28
399 32
399 53
399 55
399 76
399 135
399 144
399 195
399 199
