  300   6892
0 188
0 214
0 224
0 230
0 235
0 236
0 240
0 247
0 248
0 257
0 262
0 264
0 270
0 278
0 281
0 291
0 2
0 4
0 9
0 10
0 11
0 13
0 14
0 16
0 19
0 21
0 23
0 24
0 25
0 29
0 31
0 37
0 40
0 44
0 49
0 50
0 52
0 55
0 58
0 66
0 68
0 70
0 71
0 73
0 74
0 77
0 82
0 85
0 86
0 88
0 90
0 93
0 96
0 98
0 99
0 103
0 105
0 108
0 109
0 110
0 112
0 114
0 115
0 117
0 119
0 121
0 124
0 125
0 127
0 128
0 129
0 135
0 145
0 150
1 150
1 164
1 184
1 194
1 195
1 241
1 244
1 248
1 250
1 260
1 267
1 277
1 280
1 290
1 297
1 299
1 2
1 6
1 11
1 17
1 19
1 20
1 21
1 22
1 26
1 32
1 33
1 37
1 39
1 46
1 50
1 55
1 56
1 60
1 63
1 65
1 66
1 71
1 74
1 76
1 77
1 81
1 83
1 86
1 89
1 90
1 92
1 95
1 97
1 98
1 103
1 106
1 109
1 111
1 114
1 118
1 121
1 123
1 126
1 129
1 133
1 134
1 138
1 139
1 141
1 142
1 146
1 149
1 151
2 151
2 166
2 173
2 182
2 199
2 207
2 215
2 225
2 236
2 237
2 240
2 254
2 268
2 272
2 274
2 279
2 293
2 294
2 295
2 0
2 1
2 9
2 16
2 19
2 20
2 22
2 23
2 28
2 29
2 30
2 32
2 38
2 39
2 44
2 45
2 51
2 55
2 56
2 59
2 61
2 62
2 63
2 64
2 67
2 68
2 69
2 76
2 82
2 83
2 84
2 85
2 86
2 89
2 93
2 95
2 96
2 97
2 98
2 100
2 101
2 107
2 110
2 114
2 117
2 118
2 119
2 120
2 121
2 123
2 124
2 125
2 127
2 128
2 129
2 130
2 131
2 133
2 137
2 138
2 144
2 148
2 149
2 152
3 161
3 170
3 184
3 190
3 191
3 193
3 196
3 203
3 209
3 210
3 214
3 236
3 240
3 251
3 269
3 271
3 291
3 8
3 9
3 13
3 15
3 20
3 22
3 24
3 29
3 35
3 38
3 39
3 45
3 46
3 47
3 49
3 50
3 51
3 53
3 54
3 56
3 57
3 59
3 68
3 72
3 74
3 75
3 80
3 85
3 86
3 87
3 89
3 93
3 95
3 96
3 97
3 98
3 99
3 100
3 110
3 113
3 114
3 116
3 118
3 119
3 121
3 122
3 123
3 124
3 126
3 128
3 130
3 134
3 138
3 144
3 146
3 147
3 153
4 166
4 188
4 191
4 197
4 206
4 212
4 216
4 218
4 227
4 232
4 238
4 274
4 286
4 0
4 8
4 9
4 11
4 12
4 13
4 14
4 16
4 18
4 19
4 21
4 22
4 23
4 24
4 29
4 31
4 34
4 36
4 37
4 40
4 41
4 42
4 43
4 45
4 47
4 51
4 53
4 54
4 58
4 60
4 65
4 69
4 71
4 73
4 79
4 80
4 82
4 86
4 87
4 89
4 90
4 93
4 94
4 97
4 98
4 99
4 102
4 106
4 107
4 108
4 109
4 110
4 112
4 114
4 117
4 119
4 120
4 123
4 124
4 125
4 127
4 128
4 131
4 132
4 134
4 135
4 137
4 144
4 146
4 154
5 151
5 155
5 174
5 178
5 184
5 192
5 205
5 209
5 238
5 249
5 266
5 269
5 278
5 287
5 290
5 7
5 11
5 13
5 14
5 15
5 16
5 20
5 22
5 23
5 27
5 28
5 29
5 34
5 38
5 40
5 42
5 43
5 47
5 50
5 52
5 53
5 58
5 59
5 60
5 61
5 64
5 69
5 70
5 74
5 78
5 80
5 84
5 90
5 95
5 96
5 106
5 108
5 109
5 112
5 113
5 116
5 120
5 123
5 130
5 132
5 134
5 135
5 140
5 144
6 151
6 169
6 182
6 183
6 189
6 193
6 203
6 209
6 221
6 224
6 248
6 262
6 266
6 269
6 277
6 279
6 288
6 291
6 294
6 1
6 8
6 12
6 17
6 19
6 20
6 21
6 22
6 25
6 28
6 29
6 30
6 33
6 36
6 39
6 42
6 44
6 46
6 50
6 51
6 56
6 57
6 58
6 60
6 63
6 65
6 66
6 67
6 69
6 72
6 74
6 76
6 78
6 80
6 81
6 84
6 86
6 87
6 90
6 92
6 99
6 101
6 104
6 109
6 112
6 114
6 117
6 120
6 121
6 123
6 125
6 127
6 129
6 131
6 134
6 135
6 138
6 139
6 142
6 143
6 145
6 156
7 169
7 172
7 174
7 189
7 191
7 194
7 197
7 198
7 200
7 202
7 203
7 204
7 210
7 227
7 239
7 250
7 277
7 289
7 293
7 5
7 9
7 12
7 13
7 16
7 17
7 18
7 19
7 20
7 27
7 29
7 31
7 32
7 35
7 36
7 46
7 50
7 51
7 52
7 53
7 54
7 56
7 57
7 62
7 64
7 65
7 67
7 68
7 70
7 72
7 75
7 81
7 84
7 88
7 90
7 92
7 94
7 96
7 104
7 105
7 107
7 113
7 120
7 121
7 122
7 123
7 124
7 125
7 126
7 127
7 128
7 129
7 131
7 135
7 138
7 147
7 157
8 159
8 170
8 196
8 199
8 205
8 238
8 239
8 243
8 244
8 254
8 255
8 271
8 276
8 277
8 287
8 288
8 3
8 4
8 6
8 10
8 11
8 14
8 16
8 26
8 31
8 36
8 37
8 39
8 41
8 42
8 43
8 44
8 48
8 49
8 50
8 52
8 53
8 54
8 58
8 59
8 62
8 63
8 65
8 67
8 69
8 70
8 71
8 72
8 74
8 75
8 79
8 80
8 87
8 88
8 96
8 97
8 98
8 100
8 103
8 104
8 106
8 107
8 108
8 115
8 117
8 119
8 122
8 129
8 138
8 141
8 143
8 147
8 149
8 158
9 154
9 155
9 156
9 163
9 185
9 189
9 194
9 211
9 219
9 222
9 226
9 232
9 251
9 256
9 263
9 266
9 280
9 284
9 285
9 288
9 295
9 0
9 2
9 3
9 4
9 7
9 13
9 15
9 17
9 18
9 23
9 25
9 26
9 31
9 32
9 36
9 38
9 47
9 51
9 53
9 57
9 58
9 59
9 61
9 63
9 66
9 70
9 73
9 76
9 77
9 83
9 84
9 90
9 93
9 100
9 104
9 105
9 110
9 111
9 114
9 117
9 120
9 121
9 126
9 128
9 132
9 134
9 135
9 140
9 143
9 144
9 147
9 159
10 151
10 163
10 170
10 186
10 206
10 208
10 224
10 230
10 239
10 0
10 8
10 11
10 15
10 17
10 19
10 20
10 23
10 24
10 31
10 33
10 35
10 37
10 39
10 43
10 47
10 51
10 60
10 62
10 63
10 64
10 67
10 68
10 71
10 73
10 74
10 80
10 85
10 86
10 90
10 94
10 95
10 99
10 100
10 101
10 103
10 104
10 105
10 106
10 110
10 111
10 115
10 117
10 120
10 123
10 128
10 129
10 132
10 133
10 134
10 135
10 137
10 139
10 140
10 141
10 142
10 148
10 149
10 160
11 151
11 173
11 179
11 189
11 192
11 198
11 200
11 203
11 206
11 207
11 208
11 210
11 219
11 229
11 235
11 238
11 241
11 258
11 291
11 292
11 0
11 1
11 4
11 5
11 8
11 10
11 15
11 19
11 22
11 23
11 25
11 26
11 34
11 36
11 41
11 44
11 45
11 48
11 50
11 51
11 54
11 55
11 56
11 59
11 60
11 61
11 62
11 68
11 69
11 71
11 76
11 84
11 88
11 91
11 92
11 94
11 98
11 99
11 101
11 103
11 108
11 118
11 122
11 123
11 124
11 125
11 126
11 129
11 132
11 136
11 138
11 139
11 141
11 142
11 143
11 145
11 146
11 147
11 161
12 160
12 256
12 279
12 291
12 4
12 6
12 7
12 13
12 15
12 16
12 17
12 19
12 21
12 23
12 24
12 26
12 28
12 32
12 33
12 36
12 37
12 38
12 41
12 44
12 45
12 46
12 48
12 49
12 50
12 51
12 52
12 53
12 54
12 55
12 66
12 67
12 74
12 80
12 81
12 82
12 84
12 85
12 87
12 88
12 89
12 90
12 91
12 92
12 93
12 95
12 96
12 97
12 99
12 102
12 103
12 104
12 111
12 114
12 116
12 118
12 119
12 126
12 128
12 131
12 132
12 139
12 140
12 145
12 146
12 147
12 162
13 174
13 186
13 200
13 209
13 254
13 255
13 257
13 258
13 274
13 276
13 281
13 285
13 288
13 299
13 0
13 3
13 4
13 5
13 7
13 9
13 12
13 15
13 18
13 19
13 21
13 29
13 30
13 31
13 33
13 36
13 37
13 38
13 39
13 41
13 43
13 44
13 46
13 52
13 53
13 57
13 59
13 62
13 63
13 67
13 69
13 70
13 71
13 76
13 78
13 83
13 87
13 89
13 94
13 96
13 97
13 99
13 104
13 105
13 107
13 108
13 111
13 112
13 114
13 119
13 121
13 122
13 123
13 126
13 129
13 131
13 132
13 134
13 135
13 136
13 137
13 139
13 141
13 144
13 147
13 148
13 163
14 167
14 180
14 198
14 210
14 227
14 239
14 249
14 259
14 269
14 275
14 277
14 294
14 295
14 0
14 4
14 5
14 8
14 17
14 18
14 24
14 29
14 31
14 41
14 42
14 44
14 45
14 46
14 47
14 49
14 50
14 51
14 58
14 64
14 67
14 71
14 74
14 79
14 84
14 86
14 88
14 89
14 90
14 93
14 94
14 99
14 101
14 105
14 110
14 111
14 113
14 115
14 117
14 118
14 123
14 125
14 127
14 128
14 130
14 135
14 136
14 138
14 139
14 143
14 145
14 146
14 164
15 160
15 165
15 169
15 177
15 179
15 185
15 191
15 198
15 200
15 207
15 222
15 232
15 244
15 246
15 250
15 252
15 273
15 3
15 5
15 9
15 10
15 11
15 12
15 13
15 16
15 18
15 19
15 31
15 34
15 36
15 37
15 39
15 40
15 42
15 45
15 46
15 47
15 54
15 55
15 56
15 57
15 59
15 60
15 65
15 67
15 68
15 76
15 95
15 96
15 99
15 110
15 111
15 113
15 114
15 116
15 118
15 126
15 128
15 134
15 135
15 137
15 143
15 149
16 150
16 152
16 161
16 163
16 169
16 185
16 196
16 200
16 208
16 212
16 220
16 221
16 223
16 237
16 246
16 262
16 263
16 275
16 296
16 0
16 2
16 4
16 5
16 7
16 8
16 12
16 15
16 20
16 21
16 24
16 33
16 37
16 38
16 39
16 46
16 50
16 53
16 54
16 56
16 61
16 66
16 68
16 72
16 73
16 74
16 76
16 78
16 79
16 83
16 84
16 87
16 90
16 93
16 94
16 96
16 99
16 100
16 103
16 106
16 109
16 111
16 113
16 114
16 116
16 119
16 122
16 130
16 132
16 133
16 136
16 138
16 143
16 144
16 147
16 149
16 166
17 169
17 170
17 175
17 184
17 199
17 212
17 213
17 221
17 230
17 239
17 259
17 267
17 268
17 289
17 1
17 6
17 7
17 9
17 10
17 12
17 14
17 18
17 24
17 26
17 27
17 28
17 31
17 33
17 35
17 36
17 39
17 41
17 43
17 45
17 49
17 54
17 58
17 60
17 62
17 63
17 65
17 66
17 69
17 72
17 74
17 76
17 77
17 78
17 80
17 82
17 86
17 87
17 91
17 95
17 99
17 101
17 102
17 104
17 105
17 108
17 109
17 117
17 118
17 121
17 125
17 129
17 131
17 133
17 136
17 138
17 143
17 146
17 148
17 149
17 167
18 183
18 184
18 186
18 197
18 207
18 236
18 239
18 245
18 259
18 260
18 270
18 282
18 299
18 4
18 7
18 9
18 13
18 14
18 15
18 17
18 21
18 22
18 23
18 24
18 25
18 26
18 33
18 35
18 36
18 37
18 41
18 50
18 53
18 56
18 58
18 60
18 63
18 65
18 67
18 71
18 72
18 76
18 77
18 78
18 79
18 81
18 82
18 86
18 94
18 95
18 99
18 102
18 107
18 108
18 109
18 110
18 114
18 116
18 117
18 118
18 120
18 122
18 124
18 125
18 128
18 129
18 131
18 132
18 135
18 137
18 138
18 139
18 144
18 149
18 168
19 153
19 154
19 175
19 178
19 189
19 200
19 201
19 205
19 221
19 222
19 252
19 258
19 261
19 272
19 277
19 280
19 298
19 0
19 1
19 2
19 4
19 6
19 7
19 10
19 11
19 12
19 13
19 15
19 25
19 27
19 31
19 32
19 33
19 36
19 39
19 40
19 43
19 45
19 47
19 48
19 49
19 53
19 54
19 58
19 59
19 60
19 61
19 62
19 71
19 73
19 74
19 77
19 80
19 82
19 83
19 84
19 85
19 86
19 88
19 91
19 93
19 94
19 95
19 98
19 99
19 101
19 105
19 107
19 111
19 117
19 120
19 124
19 128
19 129
19 130
19 133
19 136
19 137
19 138
19 140
19 142
19 145
19 146
19 147
19 169
20 153
20 155
20 175
20 179
20 207
20 210
20 212
20 220
20 226
20 227
20 240
20 242
20 248
20 249
20 268
20 277
20 287
20 289
20 298
20 1
20 2
20 3
20 5
20 6
20 7
20 10
20 16
20 21
20 24
20 25
20 26
20 27
20 28
20 35
20 38
20 39
20 44
20 49
20 50
20 52
20 60
20 62
20 64
20 66
20 81
20 90
20 92
20 93
20 95
20 96
20 98
20 99
20 101
20 102
20 103
20 107
20 109
20 114
20 116
20 120
20 121
20 122
20 123
20 124
20 125
20 129
20 135
20 136
20 139
20 140
20 141
20 142
20 143
20 144
20 145
20 149
20 170
21 150
21 152
21 159
21 163
21 184
21 186
21 205
21 207
21 212
21 225
21 227
21 242
21 255
21 265
21 266
21 270
21 273
21 276
21 283
21 0
21 1
21 4
21 6
21 12
21 13
21 16
21 18
21 20
21 22
21 26
21 30
21 31
21 35
21 39
21 40
21 43
21 49
21 51
21 52
21 53
21 55
21 56
21 57
21 62
21 63
21 64
21 65
21 69
21 70
21 73
21 74
21 78
21 79
21 83
21 90
21 92
21 94
21 96
21 100
21 102
21 103
21 104
21 106
21 108
21 110
21 114
21 117
21 118
21 120
21 125
21 126
21 127
21 128
21 131
21 133
21 136
21 140
21 141
21 144
21 147
21 149
21 171
22 163
22 182
22 188
22 192
22 215
22 222
22 223
22 226
22 247
22 274
22 288
22 293
22 298
22 1
22 2
22 3
22 4
22 5
22 6
22 11
22 18
22 21
22 23
22 31
22 34
22 35
22 37
22 41
22 45
22 48
22 52
22 56
22 58
22 61
22 62
22 70
22 71
22 74
22 77
22 84
22 86
22 87
22 92
22 94
22 95
22 96
22 100
22 102
22 105
22 106
22 108
22 110
22 113
22 114
22 115
22 117
22 118
22 122
22 124
22 125
22 126
22 127
22 129
22 130
22 131
22 132
22 136
22 137
22 138
22 140
22 145
22 147
22 149
22 172
23 156
23 163
23 185
23 186
23 193
23 210
23 211
23 219
23 220
23 225
23 235
23 246
23 250
23 272
23 274
23 277
23 280
23 293
23 298
23 0
23 2
23 4
23 5
23 9
23 10
23 11
23 12
23 18
23 22
23 28
23 30
23 31
23 34
23 36
23 37
23 41
23 43
23 48
23 56
23 58
23 63
23 64
23 66
23 67
23 69
23 71
23 72
23 80
23 82
23 83
23 86
23 87
23 88
23 97
23 99
23 102
23 103
23 105
23 107
23 108
23 110
23 111
23 120
23 121
23 122
23 124
23 127
23 129
23 130
23 131
23 133
23 134
23 135
23 138
23 145
23 146
23 147
23 148
23 149
23 173
24 161
24 172
24 182
24 189
24 192
24 217
24 226
24 234
24 242
24 243
24 244
24 245
24 272
24 278
24 282
24 288
24 0
24 3
24 4
24 10
24 12
24 14
24 16
24 17
24 18
24 20
24 28
24 29
24 33
24 34
24 36
24 38
24 39
24 41
24 43
24 45
24 47
24 49
24 50
24 51
24 52
24 53
24 58
24 59
24 60
24 63
24 66
24 69
24 71
24 72
24 80
24 82
24 83
24 87
24 90
24 91
24 98
24 101
24 108
24 109
24 113
24 115
24 116
24 119
24 120
24 123
24 125
24 128
24 129
24 134
24 135
24 136
24 143
24 144
24 145
24 146
24 147
24 149
24 174
25 173
25 189
25 240
25 242
25 247
25 265
25 284
25 290
25 292
25 294
25 0
25 6
25 9
25 11
25 18
25 19
25 20
25 29
25 30
25 33
25 37
25 38
25 39
25 40
25 47
25 48
25 49
25 51
25 53
25 54
25 56
25 57
25 59
25 67
25 68
25 73
25 74
25 78
25 79
25 83
25 86
25 91
25 92
25 95
25 97
25 104
25 105
25 111
25 113
25 117
25 118
25 119
25 122
25 123
25 125
25 130
25 133
25 136
25 139
25 140
25 143
25 147
25 175
26 159
26 165
26 173
26 195
26 210
26 213
26 214
26 221
26 223
26 224
26 226
26 227
26 243
26 245
26 266
26 295
26 1
26 8
26 9
26 11
26 12
26 17
26 18
26 20
26 21
26 28
26 30
26 31
26 32
26 40
26 43
26 47
26 50
26 52
26 54
26 57
26 63
26 65
26 67
26 68
26 69
26 70
26 71
26 72
26 73
26 74
26 79
26 85
26 86
26 88
26 92
26 94
26 95
26 96
26 98
26 99
26 100
26 104
26 106
26 113
26 114
26 122
26 123
26 128
26 129
26 130
26 132
26 136
26 139
26 143
26 145
26 147
26 148
26 176
27 154
27 157
27 178
27 184
27 190
27 201
27 202
27 207
27 213
27 245
27 251
27 260
27 263
27 265
27 289
27 5
27 7
27 17
27 19
27 20
27 28
27 30
27 33
27 36
27 37
27 39
27 40
27 45
27 47
27 51
27 53
27 55
27 56
27 61
27 63
27 64
27 65
27 67
27 69
27 70
27 74
27 75
27 76
27 78
27 79
27 80
27 81
27 82
27 84
27 85
27 86
27 87
27 88
27 89
27 91
27 92
27 93
27 94
27 95
27 96
27 98
27 99
27 100
27 101
27 102
27 103
27 104
27 108
27 109
27 113
27 114
27 116
27 117
27 118
27 120
27 122
27 123
27 125
27 126
27 127
27 128
27 132
27 133
27 137
27 138
27 141
27 144
27 145
27 146
27 148
27 149
27 177
28 161
28 162
28 181
28 189
28 191
28 200
28 212
28 218
28 220
28 253
28 264
28 283
28 297
28 2
28 5
28 6
28 12
28 17
28 20
28 23
28 24
28 26
28 27
28 30
28 33
28 36
28 37
28 39
28 44
28 47
28 48
28 49
28 50
28 52
28 57
28 62
28 63
28 66
28 70
28 72
28 78
28 79
28 81
28 83
28 86
28 92
28 93
28 94
28 96
28 97
28 101
28 102
28 105
28 106
28 109
28 110
28 112
28 114
28 116
28 117
28 119
28 123
28 124
28 132
28 133
28 135
28 136
28 140
28 143
28 144
28 148
28 149
28 178
29 175
29 181
29 187
29 199
29 202
29 204
29 230
29 232
29 240
29 247
29 248
29 254
29 274
29 275
29 288
29 289
29 0
29 2
29 3
29 4
29 5
29 6
29 7
29 13
29 14
29 24
29 25
29 32
29 33
29 36
29 38
29 41
29 43
29 45
29 46
29 47
29 48
29 50
29 52
29 53
29 55
29 56
29 66
29 73
29 74
29 75
29 76
29 79
29 81
29 82
29 86
29 87
29 88
29 94
29 101
29 103
29 104
29 106
29 109
29 113
29 114
29 116
29 121
29 128
29 136
29 137
29 138
29 139
29 141
29 145
29 148
29 149
29 179
30 154
30 170
30 171
30 180
30 193
30 196
30 197
30 200
30 220
30 230
30 237
30 238
30 239
30 242
30 253
30 259
30 264
30 293
30 299
30 2
30 6
30 13
30 21
30 23
30 25
30 26
30 27
30 28
30 31
30 34
30 38
30 42
30 43
30 46
30 48
30 50
30 52
30 53
30 57
30 58
30 60
30 64
30 70
30 71
30 72
30 73
30 74
30 79
30 81
30 82
30 83
30 86
30 90
30 97
30 98
30 99
30 102
30 107
30 111
30 116
30 121
30 123
30 125
30 126
30 127
30 129
30 130
30 132
30 133
30 134
30 137
30 138
30 139
30 140
30 147
30 148
31 152
31 176
31 179
31 183
31 195
31 213
31 224
31 235
31 237
31 258
31 261
31 262
31 263
31 266
31 283
31 285
31 294
31 295
31 0
31 4
31 7
31 8
31 9
31 10
31 13
31 14
31 15
31 17
31 19
31 21
31 22
31 23
31 26
31 30
31 32
31 35
31 38
31 40
31 41
31 42
31 46
31 50
31 59
31 60
31 62
31 72
31 73
31 77
31 79
31 82
31 86
31 87
31 89
31 100
31 102
31 103
31 107
31 110
31 113
31 116
31 117
31 120
31 131
31 139
31 144
31 146
31 147
31 181
32 154
32 158
32 162
32 166
32 168
32 190
32 198
32 201
32 208
32 218
32 220
32 227
32 237
32 248
32 251
32 260
32 277
32 280
32 286
32 290
32 297
32 298
32 1
32 2
32 7
32 9
32 12
32 19
32 26
32 29
32 31
32 34
32 37
32 43
32 45
32 46
32 48
32 49
32 50
32 55
32 57
32 58
32 60
32 61
32 65
32 67
32 68
32 75
32 79
32 80
32 86
32 89
32 90
32 92
32 93
32 94
32 98
32 99
32 102
32 105
32 106
32 118
32 123
32 124
32 125
32 131
32 132
32 134
32 137
32 138
32 140
32 141
32 142
32 143
32 145
32 182
33 153
33 172
33 173
33 176
33 180
33 181
33 189
33 195
33 196
33 208
33 215
33 221
33 235
33 238
33 241
33 253
33 260
33 275
33 282
33 283
33 288
33 293
33 1
33 6
33 10
33 12
33 13
33 16
33 17
33 18
33 19
33 24
33 25
33 27
33 28
33 29
33 34
33 37
33 38
33 39
33 41
33 42
33 45
33 47
33 52
33 54
33 56
33 59
33 60
33 62
33 64
33 65
33 66
33 67
33 76
33 77
33 80
33 82
33 84
33 85
33 86
33 92
33 94
33 95
33 98
33 100
33 101
33 103
33 104
33 111
33 112
33 113
33 124
33 128
33 132
33 140
33 147
33 148
33 183
34 172
34 176
34 181
34 184
34 187
34 191
34 200
34 219
34 230
34 242
34 4
34 5
34 11
34 15
34 22
34 23
34 24
34 30
34 32
34 33
34 36
34 38
34 39
34 46
34 51
34 56
34 58
34 62
34 63
34 66
34 74
34 76
34 78
34 82
34 87
34 89
34 94
34 95
34 97
34 98
34 100
34 102
34 103
34 105
34 106
34 109
34 118
34 123
34 124
34 125
34 126
34 129
34 130
34 136
34 137
34 143
34 146
34 149
35 163
35 172
35 178
35 187
35 203
35 213
35 220
35 235
35 239
35 245
35 251
35 252
35 283
35 297
35 3
35 7
35 10
35 17
35 18
35 20
35 21
35 22
35 31
35 36
35 45
35 47
35 49
35 50
35 54
35 68
35 69
35 71
35 73
35 76
35 77
35 86
35 89
35 94
35 99
35 100
35 102
35 104
35 107
35 108
35 109
35 113
35 114
35 123
35 124
35 125
35 129
35 132
35 134
35 135
35 137
35 138
35 141
35 149
35 185
36 155
36 162
36 163
36 174
36 177
36 181
36 182
36 186
36 193
36 201
36 216
36 232
36 243
36 280
36 286
36 287
36 289
36 295
36 298
36 4
36 6
36 7
36 8
36 9
36 11
36 12
36 13
36 15
36 17
36 18
36 19
36 23
36 24
36 27
36 28
36 29
36 34
36 35
36 39
36 40
36 41
36 42
36 43
36 45
36 46
36 47
36 50
36 53
36 54
36 57
36 58
36 59
36 60
36 63
36 64
36 66
36 68
36 69
36 71
36 73
36 74
36 80
36 82
36 87
36 88
36 90
36 92
36 96
36 97
36 104
36 105
36 107
36 109
36 110
36 111
36 112
36 113
36 117
36 119
36 122
36 124
36 125
36 126
36 127
36 132
36 135
36 139
36 140
36 147
36 148
36 149
37 156
37 170
37 171
37 178
37 189
37 216
37 226
37 237
37 246
37 267
37 270
37 272
37 0
37 1
37 4
37 8
37 10
37 12
37 13
37 15
37 16
37 18
37 22
37 23
37 25
37 27
37 28
37 32
37 33
37 45
37 49
37 50
37 52
37 53
37 54
37 55
37 57
37 61
37 64
37 66
37 67
37 69
37 70
37 71
37 73
37 75
37 77
37 78
37 79
37 84
37 85
37 86
37 87
37 92
37 95
37 99
37 107
37 108
37 115
37 121
37 126
37 127
37 128
37 132
37 133
37 136
37 142
37 143
37 144
37 147
37 187
38 153
38 158
38 162
38 188
38 194
38 204
38 215
38 216
38 225
38 229
38 230
38 233
38 240
38 250
38 255
38 256
38 261
38 264
38 272
38 2
38 3
38 5
38 9
38 12
38 13
38 16
38 20
38 24
38 25
38 29
38 30
38 31
38 33
38 34
38 39
38 40
38 41
38 42
38 45
38 46
38 47
38 49
38 51
38 52
38 55
38 57
38 58
38 60
38 62
38 63
38 64
38 65
38 67
38 69
38 72
38 74
38 76
38 82
38 84
38 86
38 90
38 91
38 98
38 102
38 104
38 107
38 108
38 109
38 110
38 113
38 114
38 116
38 118
38 120
38 123
38 125
38 126
38 129
38 130
38 131
38 133
38 134
38 142
38 143
38 145
38 148
39 162
39 189
39 193
39 197
39 199
39 204
39 212
39 234
39 251
39 254
39 259
39 262
39 265
39 267
39 279
39 281
39 289
39 1
39 2
39 3
39 6
39 8
39 10
39 13
39 15
39 16
39 17
39 19
39 20
39 21
39 24
39 25
39 27
39 28
39 33
39 34
39 36
39 38
39 41
39 42
39 44
39 47
39 50
39 52
39 54
39 55
39 56
39 59
39 65
39 66
39 67
39 68
39 71
39 72
39 73
39 74
39 75
39 77
39 78
39 79
39 82
39 84
39 87
39 88
39 89
39 90
39 92
39 97
39 103
39 104
39 105
39 106
39 109
39 110
39 111
39 113
39 117
39 120
39 121
39 122
39 123
39 124
39 128
39 129
39 130
39 132
39 133
39 134
39 141
39 142
39 149
40 152
40 153
40 169
40 170
40 172
40 196
40 202
40 204
40 206
40 230
40 240
40 257
40 259
40 264
40 274
40 281
40 286
40 287
40 290
40 291
40 295
40 296
40 0
40 4
40 5
40 15
40 19
40 21
40 25
40 26
40 27
40 31
40 36
40 38
40 44
40 45
40 49
40 52
40 56
40 58
40 59
40 60
40 61
40 63
40 64
40 66
40 69
40 70
40 71
40 72
40 76
40 78
40 80
40 81
40 84
40 85
40 93
40 95
40 98
40 99
40 100
40 101
40 103
40 109
40 110
40 111
40 113
40 114
40 116
40 117
40 119
40 123
40 125
40 126
40 129
40 132
40 138
40 140
40 142
40 144
40 147
40 148
40 149
40 190
41 171
41 183
41 186
41 191
41 198
41 223
41 229
41 232
41 236
41 258
41 268
41 270
41 276
41 4
41 8
41 11
41 12
41 13
41 14
41 17
41 18
41 22
41 23
41 24
41 29
41 31
41 33
41 36
41 38
41 39
41 43
41 44
41 45
41 46
41 49
41 50
41 52
41 54
41 55
41 66
41 67
41 73
41 76
41 77
41 79
41 80
41 84
41 89
41 92
41 93
41 94
41 100
41 101
41 102
41 109
41 112
41 113
41 115
41 116
41 117
41 119
41 121
41 124
41 134
41 135
41 136
41 138
41 141
41 142
41 145
41 147
42 155
42 159
42 163
42 166
42 167
42 178
42 181
42 182
42 183
42 196
42 199
42 206
42 207
42 216
42 239
42 253
42 260
42 275
42 283
42 288
42 299
42 4
42 5
42 6
42 8
42 14
42 15
42 30
42 31
42 33
42 36
42 38
42 39
42 43
42 45
42 46
42 47
42 48
42 53
42 54
42 58
42 61
42 63
42 65
42 68
42 69
42 71
42 75
42 76
42 77
42 83
42 90
42 91
42 92
42 93
42 102
42 103
42 104
42 105
42 106
42 107
42 110
42 113
42 114
42 115
42 118
42 119
42 120
42 122
42 123
42 128
42 129
42 130
42 131
42 136
42 141
42 142
42 144
42 146
42 192
43 158
43 186
43 195
43 196
43 211
43 215
43 220
43 259
43 263
43 264
43 275
43 282
43 283
43 284
43 4
43 5
43 8
43 10
43 13
43 17
43 19
43 21
43 23
43 24
43 26
43 29
43 30
43 32
43 36
43 41
43 42
43 44
43 46
43 47
43 51
43 54
43 55
43 56
43 57
43 58
43 66
43 67
43 68
43 69
43 70
43 77
43 79
43 80
43 82
43 83
43 85
43 90
43 92
43 93
43 94
43 101
43 104
43 105
43 108
43 109
43 110
43 112
43 113
43 114
43 117
43 118
43 121
43 122
43 123
43 125
43 127
43 129
43 130
43 131
43 132
43 133
43 135
43 136
43 138
43 140
43 141
43 144
43 146
43 147
43 148
43 193
44 150
44 151
44 152
44 156
44 165
44 172
44 176
44 211
44 214
44 215
44 231
44 232
44 237
44 245
44 253
44 255
44 271
44 0
44 2
44 6
44 8
44 11
44 12
44 13
44 14
44 20
44 28
44 39
44 40
44 41
44 43
44 47
44 51
44 54
44 55
44 57
44 60
44 61
44 62
44 63
44 64
44 67
44 68
44 69
44 70
44 72
44 74
44 75
44 80
44 81
44 83
44 84
44 85
44 90
44 91
44 93
44 96
44 97
44 100
44 101
44 102
44 103
44 104
44 106
44 107
44 108
44 110
44 112
44 113
44 114
44 115
44 116
44 121
44 124
44 125
44 129
44 130
44 131
44 132
44 134
44 139
44 142
44 147
44 194
45 155
45 172
45 221
45 231
45 235
45 240
45 260
45 266
45 273
45 278
45 281
45 287
45 296
45 2
45 3
45 4
45 11
45 12
45 14
45 15
45 17
45 19
45 22
45 24
45 27
45 29
45 32
45 33
45 35
45 36
45 37
45 38
45 40
45 41
45 42
45 46
45 48
45 52
45 56
45 57
45 58
45 59
45 61
45 64
45 66
45 67
45 69
45 73
45 79
45 82
45 83
45 88
45 91
45 94
45 96
45 97
45 100
45 102
45 103
45 106
45 107
45 109
45 110
45 112
45 114
45 120
45 127
45 130
45 132
45 134
45 135
45 138
45 140
45 145
45 147
45 149
45 195
46 162
46 175
46 186
46 199
46 202
46 205
46 229
46 249
46 270
46 289
46 298
46 1
46 3
46 6
46 7
46 12
46 13
46 14
46 15
46 16
46 29
46 30
46 31
46 32
46 34
46 36
46 38
46 41
46 42
46 43
46 45
46 47
46 50
46 55
46 56
46 57
46 63
46 64
46 65
46 67
46 70
46 72
46 76
46 77
46 79
46 80
46 81
46 82
46 83
46 85
46 87
46 90
46 96
46 97
46 99
46 100
46 102
46 105
46 107
46 110
46 111
46 113
46 118
46 120
46 122
46 124
46 127
46 128
46 129
46 130
46 133
46 135
46 137
46 138
46 141
46 142
46 144
46 146
46 147
46 196
47 151
47 153
47 168
47 170
47 185
47 191
47 226
47 248
47 251
47 253
47 258
47 270
47 288
47 294
47 3
47 4
47 5
47 9
47 10
47 14
47 15
47 19
47 24
47 25
47 26
47 27
47 28
47 29
47 33
47 35
47 36
47 38
47 39
47 42
47 43
47 44
47 46
47 53
47 54
47 56
47 57
47 59
47 60
47 61
47 67
47 68
47 69
47 73
47 75
47 76
47 77
47 78
47 80
47 83
47 87
47 90
47 95
47 96
47 106
47 110
47 112
47 113
47 115
47 117
47 120
47 121
47 122
47 124
47 127
47 129
47 130
47 135
47 136
47 138
47 143
47 145
47 147
47 149
47 197
48 166
48 170
48 176
48 211
48 213
48 218
48 222
48 223
48 226
48 232
48 245
48 258
48 259
48 260
48 265
48 274
48 276
48 288
48 297
48 8
48 11
48 12
48 19
48 22
48 23
48 25
48 28
48 29
48 30
48 32
48 42
48 45
48 50
48 52
48 54
48 60
48 63
48 64
48 71
48 73
48 74
48 75
48 76
48 78
48 83
48 88
48 94
48 96
48 98
48 99
48 100
48 103
48 104
48 105
48 108
48 109
48 111
48 116
48 126
48 127
48 128
48 129
48 130
48 134
48 139
48 140
48 141
48 143
48 144
48 146
48 147
48 149
48 198
49 158
49 169
49 174
49 198
49 223
49 229
49 238
49 258
49 287
49 288
49 299
49 0
49 3
49 8
49 12
49 14
49 17
49 19
49 20
49 21
49 24
49 25
49 28
49 32
49 35
49 37
49 38
49 40
49 41
49 50
49 51
49 52
49 53
49 63
49 64
49 67
49 69
49 74
49 75
49 79
49 80
49 81
49 83
49 84
49 85
49 91
49 92
49 96
49 98
49 99
49 101
49 102
49 107
49 110
49 113
49 114
49 116
49 117
49 118
49 119
49 121
49 127
49 128
49 129
49 131
49 132
49 133
49 138
49 140
49 145
49 146
49 147
49 149
49 199
50 153
50 167
50 176
50 197
50 198
50 208
50 215
50 241
50 248
50 264
50 298
50 0
50 1
50 3
50 5
50 6
50 7
50 8
50 11
50 12
50 14
50 16
50 18
50 20
50 24
50 26
50 28
50 29
50 30
50 31
50 32
50 35
50 36
50 37
50 39
50 41
50 46
50 48
50 49
50 51
50 52
50 53
50 56
50 57
50 59
50 61
50 63
50 64
50 66
50 68
50 69
50 70
50 71
50 72
50 73
50 74
50 79
50 81
50 82
50 87
50 94
50 95
50 96
50 97
50 98
50 101
50 102
50 103
50 104
50 106
50 115
50 119
50 120
50 123
50 128
50 131
50 133
50 134
50 137
50 139
50 143
50 145
50 147
50 149
50 200
51 153
51 162
51 180
51 191
51 204
51 218
51 230
51 233
51 259
51 269
51 271
51 289
51 2
51 3
51 4
51 6
51 7
51 9
51 10
51 11
51 12
51 14
51 21
51 24
51 25
51 27
51 34
51 38
51 43
51 44
51 49
51 50
51 53
51 57
51 58
51 61
51 63
51 64
51 65
51 67
51 69
51 75
51 77
51 88
51 91
51 93
51 95
51 96
51 98
51 99
51 103
51 105
51 106
51 108
51 111
51 112
51 113
51 114
51 117
51 118
51 122
51 126
51 127
51 129
51 130
51 134
51 135
51 137
51 146
51 147
51 148
51 149
51 201
52 150
52 152
52 207
52 219
52 232
52 240
52 251
52 257
52 258
52 261
52 262
52 274
52 279
52 293
52 297
52 0
52 5
52 7
52 8
52 12
52 13
52 20
52 21
52 22
52 24
52 26
52 28
52 29
52 30
52 33
52 37
52 38
52 39
52 40
52 41
52 45
52 48
52 49
52 50
52 56
52 58
52 61
52 63
52 64
52 66
52 70
52 71
52 78
52 81
52 84
52 86
52 89
52 90
52 91
52 92
52 93
52 94
52 95
52 97
52 100
52 103
52 104
52 105
52 106
52 108
52 109
52 110
52 111
52 113
52 114
52 116
52 118
52 120
52 121
52 122
52 125
52 128
52 130
52 132
52 133
52 136
52 140
52 141
52 142
52 144
52 146
52 147
52 149
52 202
53 164
53 166
53 181
53 194
53 213
53 219
53 227
53 235
53 248
53 259
53 269
53 292
53 3
53 4
53 5
53 7
53 8
53 9
53 12
53 13
53 16
53 18
53 19
53 21
53 24
53 25
53 27
53 29
53 30
53 36
53 37
53 42
53 47
53 49
53 50
53 51
53 54
53 56
53 58
53 59
53 60
53 63
53 66
53 71
53 72
53 80
53 82
53 86
53 87
53 94
53 95
53 107
53 108
53 110
53 111
53 112
53 114
53 115
53 119
53 122
53 123
53 126
53 132
53 134
53 135
53 136
53 141
53 143
53 144
53 149
53 203
54 150
54 167
54 174
54 176
54 189
54 201
54 207
54 208
54 210
54 229
54 231
54 234
54 245
54 247
54 264
54 266
54 272
54 281
54 3
54 4
54 7
54 8
54 11
54 12
54 15
54 16
54 17
54 19
54 25
54 26
54 33
54 35
54 36
54 37
54 39
54 41
54 42
54 43
54 44
54 47
54 48
54 53
54 55
54 58
54 61
54 62
54 63
54 64
54 66
54 67
54 72
54 77
54 81
54 85
54 86
54 87
54 92
54 93
54 95
54 101
54 103
54 106
54 107
54 110
54 113
54 115
54 116
54 117
54 119
54 120
54 122
54 123
54 126
54 128
54 131
54 134
54 135
54 138
54 139
54 140
54 142
54 147
54 204
55 150
55 152
55 153
55 160
55 173
55 177
55 181
55 186
55 191
55 208
55 215
55 223
55 224
55 237
55 251
55 252
55 254
55 255
55 256
55 269
55 274
55 0
55 1
55 2
55 11
55 12
55 15
55 21
55 27
55 29
55 32
55 37
55 38
55 39
55 41
55 43
55 44
55 46
55 54
55 56
55 57
55 58
55 59
55 60
55 64
55 66
55 67
55 70
55 71
55 77
55 81
55 85
55 88
55 91
55 92
55 98
55 100
55 101
55 105
55 113
55 117
55 118
55 125
55 129
55 130
55 132
55 133
55 134
55 138
55 142
55 146
55 148
55 205
56 157
56 171
56 179
56 185
56 188
56 189
56 190
56 195
56 227
56 241
56 257
56 286
56 296
56 1
56 2
56 3
56 6
56 7
56 11
56 15
56 16
56 18
56 21
56 22
56 23
56 25
56 27
56 29
56 33
56 34
56 39
56 40
56 43
56 45
56 46
56 47
56 50
56 52
56 53
56 55
56 57
56 60
56 61
56 63
56 64
56 65
56 68
56 70
56 77
56 80
56 82
56 83
56 84
56 86
56 87
56 88
56 90
56 91
56 103
56 106
56 109
56 120
56 126
56 129
56 131
56 135
56 137
56 138
56 143
56 144
56 206
57 152
57 178
57 186
57 187
57 196
57 203
57 208
57 213
57 225
57 227
57 228
57 238
57 239
57 245
57 249
57 259
57 262
57 266
57 267
57 270
57 276
57 284
57 3
57 6
57 7
57 9
57 13
57 15
57 21
57 25
57 26
57 28
57 30
57 32
57 36
57 37
57 38
57 43
57 44
57 45
57 46
57 47
57 50
57 51
57 55
57 56
57 58
57 60
57 63
57 64
57 65
57 69
57 70
57 73
57 74
57 75
57 80
57 82
57 87
57 88
57 92
57 94
57 96
57 97
57 101
57 105
57 108
57 109
57 112
57 113
57 115
57 117
57 118
57 119
57 121
57 122
57 124
57 126
57 127
57 129
57 135
57 138
57 140
57 141
57 142
57 147
57 149
57 207
58 151
58 153
58 154
58 157
58 167
58 196
58 198
58 200
58 203
58 206
58 210
58 215
58 227
58 231
58 236
58 249
58 251
58 260
58 264
58 285
58 289
58 0
58 4
58 5
58 6
58 8
58 9
58 14
58 17
58 18
58 19
58 22
58 23
58 24
58 30
58 32
58 34
58 36
58 38
58 40
58 42
58 43
58 45
58 51
58 52
58 53
58 54
58 55
58 57
58 59
58 60
58 61
58 64
58 65
58 66
58 71
58 72
58 74
58 77
58 80
58 82
58 83
58 84
58 87
58 90
58 91
58 92
58 93
58 103
58 105
58 109
58 113
58 115
58 118
58 119
58 121
58 122
58 126
58 127
58 129
58 135
58 136
58 137
58 138
58 139
58 140
58 141
58 144
58 145
58 146
58 147
58 208
59 152
59 160
59 167
59 192
59 200
59 208
59 236
59 238
59 262
59 264
59 290
59 2
59 3
59 5
59 8
59 9
59 11
59 13
59 15
59 19
59 24
59 25
59 31
59 33
59 36
59 39
59 40
59 45
59 47
59 50
59 53
59 55
59 58
59 60
59 67
59 69
59 72
59 74
59 77
59 80
59 85
59 86
59 87
59 89
59 92
59 93
59 94
59 95
59 96
59 100
59 103
59 105
59 107
59 108
59 109
59 111
59 115
59 118
59 119
59 122
59 124
59 125
59 126
59 127
59 132
59 133
59 135
59 136
59 139
59 141
59 142
59 143
59 144
59 146
59 148
59 149
59 209
60 153
60 168
60 178
60 209
60 211
60 220
60 247
60 250
60 269
60 277
60 290
60 293
60 295
60 298
60 1
60 4
60 5
60 6
60 10
60 11
60 15
60 17
60 18
60 19
60 20
60 24
60 30
60 31
60 32
60 33
60 36
60 38
60 40
60 44
60 47
60 48
60 53
60 55
60 56
60 57
60 58
60 59
60 61
60 64
60 66
60 67
60 69
60 74
60 76
60 79
60 80
60 84
60 85
60 86
60 88
60 89
60 90
60 91
60 93
60 95
60 97
60 98
60 100
60 102
60 108
60 109
60 110
60 112
60 115
60 117
60 118
60 122
60 125
60 130
60 131
60 132
60 135
60 137
60 138
60 143
60 145
60 210
61 153
61 165
61 177
61 188
61 197
61 200
61 215
61 217
61 225
61 228
61 233
61 234
61 250
61 252
61 261
61 266
61 276
61 285
61 297
61 2
61 5
61 9
61 11
61 16
61 19
61 22
61 27
61 32
61 37
61 40
61 42
61 44
61 45
61 47
61 50
61 51
61 52
61 54
61 56
61 58
61 60
61 63
61 65
61 66
61 72
61 73
61 74
61 78
61 80
61 84
61 87
61 91
61 95
61 98
61 106
61 107
61 111
61 113
61 114
61 119
61 121
61 122
61 123
61 128
61 129
61 130
61 131
61 132
61 134
61 139
61 141
61 146
61 148
61 149
61 211
62 153
62 161
62 180
62 196
62 203
62 210
62 211
62 214
62 226
62 238
62 255
62 260
62 264
62 267
62 286
62 287
62 292
62 2
62 7
62 8
62 10
62 11
62 13
62 17
62 19
62 20
62 21
62 22
62 28
62 31
62 33
62 34
62 38
62 44
62 54
62 63
62 67
62 68
62 69
62 71
62 72
62 74
62 83
62 86
62 92
62 97
62 103
62 107
62 109
62 113
62 117
62 120
62 122
62 124
62 126
62 128
62 129
62 130
62 131
62 134
62 135
62 136
62 138
62 139
62 142
62 144
62 146
62 147
62 212
63 153
63 172
63 176
63 195
63 209
63 213
63 215
63 223
63 251
63 264
63 290
63 292
63 1
63 2
63 6
63 8
63 9
63 10
63 13
63 17
63 18
63 21
63 23
63 24
63 26
63 27
63 28
63 34
63 36
63 38
63 40
63 42
63 44
63 46
63 48
63 49
63 50
63 51
63 52
63 53
63 54
63 56
63 57
63 61
63 62
63 66
63 67
63 69
63 70
63 75
63 85
63 88
63 89
63 94
63 97
63 98
63 99
63 100
63 104
63 106
63 109
63 112
63 114
63 117
63 119
63 127
63 128
63 130
63 134
63 136
63 137
63 139
63 141
63 143
63 147
64 152
64 156
64 182
64 194
64 196
64 224
64 227
64 249
64 257
64 262
64 263
64 265
64 278
64 285
64 288
64 299
64 2
64 5
64 7
64 10
64 14
64 20
64 21
64 23
64 27
64 30
64 33
64 36
64 37
64 38
64 40
64 44
64 45
64 46
64 48
64 49
64 50
64 51
64 52
64 54
64 55
64 56
64 57
64 58
64 60
64 65
64 72
64 77
64 78
64 79
64 80
64 81
64 83
64 88
64 93
64 94
64 96
64 97
64 102
64 109
64 113
64 115
64 117
64 118
64 120
64 121
64 122
64 125
64 129
64 132
64 134
64 135
64 136
64 139
64 141
64 148
64 214
65 160
65 162
65 178
65 186
65 192
65 214
65 221
65 232
65 276
65 284
65 291
65 295
65 297
65 1
65 4
65 6
65 7
65 8
65 15
65 17
65 18
65 21
65 26
65 27
65 32
65 33
65 38
65 39
65 42
65 46
65 51
65 56
65 57
65 58
65 61
65 64
65 68
65 71
65 74
65 77
65 78
65 85
65 86
65 87
65 88
65 92
65 96
65 97
65 98
65 101
65 102
65 103
65 110
65 112
65 120
65 123
65 127
65 129
65 130
65 131
65 132
65 135
65 139
65 140
65 142
65 143
65 144
65 145
65 148
65 215
66 158
66 182
66 192
66 213
66 217
66 219
66 222
66 236
66 243
66 258
66 267
66 283
66 291
66 297
66 0
66 1
66 6
66 9
66 12
66 16
66 17
66 20
66 23
66 24
66 28
66 29
66 33
66 34
66 36
66 37
66 39
66 40
66 41
66 43
66 45
66 50
66 52
66 53
66 54
66 55
66 58
66 60
66 61
66 63
66 69
66 79
66 82
66 86
66 90
66 94
66 96
66 97
66 99
66 100
66 102
66 105
66 106
66 107
66 111
66 113
66 115
66 117
66 121
66 124
66 125
66 127
66 128
66 129
66 131
66 135
66 140
66 141
66 145
66 147
66 216
67 152
67 156
67 168
67 186
67 210
67 211
67 220
67 243
67 244
67 246
67 264
67 299
67 2
67 6
67 7
67 8
67 10
67 12
67 13
67 14
67 15
67 18
67 23
67 25
67 26
67 27
67 32
67 33
67 37
67 38
67 39
67 41
67 43
67 44
67 45
67 46
67 47
67 49
67 51
67 54
67 55
67 59
67 60
67 62
67 63
67 69
67 70
67 73
67 74
67 75
67 77
67 79
67 80
67 81
67 85
67 87
67 90
67 93
67 95
67 96
67 102
67 103
67 104
67 105
67 108
67 110
67 111
67 112
67 113
67 114
67 115
67 116
67 126
67 127
67 128
67 135
67 136
67 138
67 139
67 140
67 143
67 144
67 147
67 217
68 161
68 164
68 188
68 192
68 193
68 196
68 208
68 210
68 222
68 242
68 244
68 254
68 257
68 260
68 280
68 286
68 0
68 2
68 3
68 7
68 10
68 11
68 15
68 16
68 25
68 26
68 32
68 35
68 36
68 39
68 42
68 43
68 44
68 47
68 50
68 56
68 62
68 65
68 69
68 74
68 75
68 78
68 79
68 80
68 82
68 84
68 88
68 89
68 91
68 92
68 95
68 98
68 101
68 102
68 103
68 104
68 105
68 106
68 108
68 110
68 112
68 115
68 119
68 120
68 121
68 122
68 123
68 124
68 125
68 127
68 131
68 134
68 136
68 139
68 141
68 142
68 143
68 218
69 179
69 184
69 185
69 208
69 230
69 237
69 242
69 245
69 246
69 247
69 250
69 252
69 258
69 259
69 278
69 288
69 2
69 4
69 5
69 6
69 8
69 11
69 13
69 17
69 21
69 23
69 24
69 26
69 27
69 35
69 36
69 37
69 38
69 40
69 42
69 43
69 44
69 45
69 47
69 49
69 50
69 51
69 57
69 59
69 60
69 62
69 63
69 66
69 67
69 68
69 70
69 74
69 75
69 76
69 78
69 79
69 83
69 85
69 87
69 89
69 92
69 95
69 96
69 97
69 99
69 101
69 104
69 106
69 107
69 109
69 110
69 115
69 117
69 119
69 120
69 122
69 124
69 126
69 130
69 131
69 136
69 137
69 142
69 143
69 147
69 219
70 152
70 172
70 176
70 178
70 180
70 187
70 188
70 189
70 197
70 201
70 202
70 242
70 279
70 299
70 0
70 5
70 7
70 8
70 9
70 13
70 21
70 22
70 26
70 27
70 28
70 30
70 37
70 40
70 43
70 44
70 46
70 50
70 52
70 55
70 56
70 57
70 63
70 67
70 69
70 71
70 72
70 73
70 76
70 77
70 80
70 81
70 85
70 88
70 89
70 102
70 109
70 115
70 119
70 122
70 123
70 125
70 129
70 131
70 132
70 136
70 140
70 141
70 145
70 146
70 148
70 149
70 220
71 167
71 175
71 177
71 181
71 194
71 205
71 210
71 226
71 230
71 252
71 280
71 288
71 289
71 293
71 0
71 1
71 4
71 8
71 10
71 11
71 13
71 14
71 18
71 19
71 22
71 23
71 24
71 26
71 30
71 35
71 36
71 37
71 39
71 40
71 42
71 48
71 50
71 52
71 53
71 55
71 58
71 62
71 65
71 70
71 72
71 74
71 78
71 79
71 80
71 81
71 84
71 86
71 88
71 89
71 91
71 102
71 103
71 105
71 106
71 107
71 112
71 113
71 118
71 120
71 122
71 125
71 126
71 127
71 128
71 129
71 131
71 132
71 134
71 138
71 140
71 142
71 149
71 221
72 169
72 189
72 194
72 197
72 219
72 243
72 257
72 271
72 272
72 274
72 299
72 3
72 6
72 7
72 8
72 16
72 17
72 18
72 23
72 24
72 26
72 28
72 30
72 31
72 38
72 39
72 40
72 44
72 46
72 50
72 53
72 54
72 58
72 59
72 61
72 62
72 64
72 70
72 71
72 77
72 78
72 80
72 81
72 85
72 86
72 87
72 89
72 93
72 97
72 100
72 106
72 109
72 118
72 119
72 128
72 131
72 134
72 142
72 144
72 148
72 222
73 152
73 154
73 155
73 172
73 178
73 185
73 189
73 200
73 203
73 211
73 215
73 225
73 226
73 229
73 232
73 253
73 256
73 270
73 277
73 282
73 291
73 292
73 295
73 0
73 4
73 9
73 10
73 16
73 19
73 21
73 25
73 26
73 29
73 30
73 31
73 35
73 36
73 37
73 39
73 41
73 45
73 47
73 48
73 50
73 57
73 61
73 67
73 70
73 77
73 78
73 79
73 80
73 81
73 83
73 86
73 93
73 96
73 97
73 101
73 102
73 104
73 106
73 109
73 110
73 113
73 115
73 121
73 123
73 126
73 127
73 131
73 132
73 133
73 139
73 141
73 143
73 145
73 146
73 148
73 149
73 223
74 171
74 172
74 201
74 203
74 223
74 232
74 235
74 247
74 262
74 264
74 275
74 287
74 0
74 1
74 3
74 5
74 6
74 8
74 10
74 12
74 14
74 16
74 17
74 19
74 21
74 22
74 25
74 26
74 27
74 29
74 30
74 34
74 36
74 38
74 39
74 44
74 48
74 49
74 50
74 57
74 58
74 59
74 60
74 61
74 62
74 65
74 67
74 68
74 69
74 71
74 76
74 79
74 84
74 91
74 92
74 94
74 95
74 96
74 103
74 105
74 106
74 110
74 113
74 114
74 115
74 116
74 118
74 121
74 125
74 126
74 128
74 129
74 130
74 132
74 133
74 135
74 136
74 137
74 138
74 140
74 142
74 143
74 145
74 147
74 224
75 150
75 152
75 174
75 180
75 197
75 211
75 228
75 242
75 282
75 292
75 299
75 3
75 7
75 8
75 27
75 29
75 32
75 37
75 39
75 42
75 44
75 47
75 48
75 49
75 51
75 57
75 63
75 67
75 68
75 69
75 77
75 84
75 89
75 96
75 98
75 99
75 102
75 104
75 105
75 107
75 108
75 121
75 124
75 126
75 128
75 131
75 133
75 134
75 135
75 139
75 140
75 142
75 146
75 149
75 225
76 156
76 168
76 171
76 177
76 191
76 194
76 198
76 203
76 243
76 248
76 250
76 251
76 263
76 293
76 298
76 299
76 1
76 2
76 6
76 9
76 11
76 13
76 15
76 16
76 17
76 18
76 27
76 29
76 33
76 34
76 35
76 38
76 40
76 41
76 42
76 46
76 47
76 48
76 60
76 69
76 70
76 74
76 81
76 84
76 88
76 89
76 90
76 92
76 99
76 100
76 102
76 103
76 104
76 106
76 107
76 108
76 109
76 111
76 112
76 115
76 117
76 119
76 120
76 122
76 123
76 125
76 128
76 132
76 136
76 138
76 139
76 145
76 146
76 147
76 149
76 226
77 158
77 160
77 169
77 173
77 189
77 209
77 232
77 250
77 255
77 264
77 265
77 271
77 272
77 293
77 0
77 1
77 9
77 17
77 18
77 19
77 22
77 31
77 33
77 35
77 37
77 39
77 41
77 42
77 43
77 46
77 47
77 51
77 54
77 55
77 56
77 58
77 59
77 64
77 65
77 67
77 70
77 72
77 73
77 75
77 79
77 81
77 84
77 86
77 87
77 88
77 89
77 90
77 95
77 100
77 102
77 104
77 106
77 107
77 108
77 109
77 110
77 111
77 113
77 115
77 120
77 121
77 128
77 129
77 130
77 131
77 132
77 138
77 144
77 145
77 147
77 148
77 149
77 227
78 153
78 165
78 209
78 214
78 219
78 234
78 241
78 257
78 267
78 280
78 5
78 6
78 13
78 16
78 17
78 18
78 21
78 25
78 27
78 28
78 34
78 37
78 39
78 40
78 47
78 48
78 52
78 61
78 64
78 65
78 68
78 69
78 71
78 72
78 73
78 80
78 84
78 86
78 87
78 88
78 92
78 94
78 95
78 96
78 100
78 104
78 106
78 109
78 110
78 111
78 121
78 123
78 125
78 126
78 129
78 130
78 131
78 135
78 139
78 140
78 141
78 146
78 147
78 228
79 152
79 162
79 165
79 176
79 189
79 199
79 211
79 217
79 228
79 240
79 241
79 243
79 246
79 248
79 257
79 264
79 270
79 271
79 273
79 281
79 4
79 8
79 14
79 16
79 18
79 21
79 25
79 26
79 27
79 28
79 29
79 30
79 31
79 32
79 37
79 39
79 41
79 43
79 45
79 46
79 49
79 50
79 60
79 64
79 66
79 67
79 68
79 69
79 71
79 73
79 74
79 77
79 80
79 81
79 83
79 86
79 88
79 92
79 98
79 102
79 109
79 110
79 113
79 114
79 123
79 125
79 131
79 134
79 139
79 142
79 147
79 149
79 229
80 160
80 166
80 177
80 178
80 188
80 190
80 196
80 201
80 240
80 242
80 245
80 268
80 270
80 283
80 284
80 3
80 4
80 5
80 6
80 8
80 10
80 12
80 17
80 19
80 23
80 24
80 27
80 32
80 33
80 36
80 40
80 41
80 43
80 44
80 46
80 47
80 49
80 53
80 56
80 57
80 58
80 59
80 60
80 61
80 64
80 67
80 68
80 70
80 71
80 72
80 73
80 78
80 79
80 81
80 83
80 84
80 89
80 90
80 91
80 92
80 93
80 94
80 97
80 99
80 101
80 102
80 105
80 110
80 114
80 117
80 118
80 121
80 122
80 128
80 137
80 138
80 139
80 141
80 145
80 230
81 150
81 169
81 180
81 182
81 194
81 196
81 212
81 226
81 229
81 236
81 243
81 255
81 261
81 1
81 6
81 7
81 12
81 18
81 20
81 27
81 28
81 29
81 30
81 40
81 44
81 46
81 49
81 50
81 52
81 54
81 55
81 64
81 67
81 70
81 71
81 72
81 73
81 76
81 77
81 79
81 80
81 82
81 83
81 84
81 86
81 87
81 89
81 90
81 91
81 92
81 96
81 97
81 99
81 100
81 101
81 102
81 104
81 108
81 111
81 112
81 118
81 119
81 122
81 123
81 124
81 132
81 135
81 136
81 138
81 141
81 143
81 144
81 146
81 231
82 170
82 194
82 202
82 233
82 251
82 270
82 274
82 291
82 0
82 2
82 4
82 12
82 17
82 18
82 19
82 23
82 24
82 27
82 29
82 30
82 31
82 33
82 34
82 36
82 38
82 39
82 43
82 45
82 46
82 50
82 53
82 56
82 57
82 58
82 66
82 68
82 81
82 85
82 87
82 90
82 92
82 93
82 99
82 100
82 104
82 105
82 106
82 107
82 108
82 110
82 114
82 117
82 118
82 122
82 123
82 124
82 126
82 131
82 134
82 135
82 141
82 142
82 145
82 147
82 232
83 174
83 186
83 194
83 198
83 211
83 220
83 231
83 233
83 235
83 236
83 249
83 256
83 259
83 262
83 265
83 293
83 294
83 298
83 1
83 2
83 9
83 13
83 16
83 19
83 21
83 23
83 24
83 25
83 28
83 30
83 42
83 43
83 44
83 45
83 46
83 47
83 48
83 49
83 56
83 58
83 62
83 64
83 69
83 73
83 79
83 80
83 81
83 87
83 88
83 92
83 95
83 99
83 100
83 101
83 103
83 105
83 108
83 110
83 112
83 113
83 114
83 115
83 116
83 118
83 119
83 121
83 122
83 123
83 124
83 125
83 128
83 134
83 135
83 140
83 141
83 145
83 149
84 166
84 172
84 187
84 206
84 212
84 217
84 218
84 223
84 254
84 259
84 261
84 280
84 282
84 285
84 286
84 287
84 290
84 291
84 2
84 5
84 6
84 7
84 9
84 11
84 12
84 14
84 16
84 19
84 22
84 27
84 33
84 37
84 38
84 39
84 40
84 41
84 44
84 49
84 52
84 56
84 58
84 60
84 61
84 68
84 71
84 74
84 75
84 76
84 77
84 78
84 80
84 81
84 88
84 91
84 93
84 96
84 99
84 103
84 104
84 105
84 106
84 108
84 112
84 113
84 114
84 116
84 119
84 120
84 121
84 123
84 124
84 125
84 128
84 132
84 133
84 135
84 137
84 139
84 143
84 148
84 149
84 234
85 151
85 155
85 168
85 188
85 189
85 196
85 199
85 200
85 208
85 221
85 233
85 250
85 261
85 264
85 279
85 280
85 284
85 286
85 0
85 2
85 3
85 10
85 12
85 19
85 26
85 27
85 33
85 37
85 40
85 43
85 44
85 46
85 49
85 54
85 55
85 59
85 60
85 63
85 65
85 67
85 69
85 70
85 72
85 82
85 86
85 91
85 93
85 97
85 98
85 103
85 107
85 110
85 122
85 127
85 128
85 131
85 132
85 140
85 141
85 142
85 145
85 235
86 154
86 166
86 176
86 193
86 195
86 208
86 209
86 212
86 218
86 222
86 230
86 238
86 261
86 262
86 272
86 279
86 286
86 287
86 294
86 0
86 1
86 2
86 3
86 4
86 6
86 10
86 14
86 17
86 18
86 19
86 22
86 23
86 25
86 26
86 27
86 28
86 29
86 30
86 31
86 32
86 33
86 35
86 37
86 38
86 52
86 53
86 54
86 56
86 59
86 60
86 62
86 65
86 66
86 71
86 72
86 73
86 77
86 78
86 79
86 81
86 85
86 88
86 89
86 95
86 96
86 97
86 101
86 105
86 106
86 107
86 108
86 109
86 110
86 117
86 127
86 128
86 131
86 133
86 134
86 135
86 139
86 140
86 141
86 142
86 143
86 146
86 147
86 149
86 236
87 150
87 152
87 156
87 185
87 193
87 204
87 233
87 234
87 253
87 260
87 283
87 290
87 291
87 294
87 3
87 4
87 6
87 8
87 12
87 13
87 16
87 17
87 22
87 23
87 24
87 27
87 29
87 31
87 34
87 36
87 37
87 39
87 46
87 47
87 50
87 53
87 54
87 56
87 57
87 58
87 59
87 61
87 65
87 67
87 69
87 72
87 77
87 78
87 81
87 82
87 83
87 91
87 94
87 96
87 97
87 103
87 106
87 108
87 109
87 111
87 115
87 117
87 118
87 122
87 123
87 126
87 128
87 131
87 135
87 139
87 145
87 148
87 237
88 163
88 171
88 177
88 187
88 195
88 200
88 207
88 225
88 227
88 241
88 242
88 252
88 262
88 269
88 271
88 272
88 276
88 0
88 7
88 8
88 11
88 12
88 14
88 19
88 23
88 26
88 27
88 29
88 36
88 39
88 45
88 48
88 51
88 55
88 56
88 57
88 60
88 63
88 64
88 65
88 68
88 70
88 71
88 76
88 77
88 78
88 79
88 83
88 84
88 86
88 89
88 91
88 97
88 98
88 100
88 105
88 111
88 112
88 115
88 117
88 119
88 124
88 131
88 137
88 142
88 145
88 147
88 238
89 171
89 174
89 182
89 185
89 186
89 192
89 209
89 229
89 251
89 257
89 289
89 1
89 2
89 3
89 4
89 12
89 13
89 14
89 27
89 31
89 32
89 34
89 35
89 39
89 41
89 52
89 59
89 60
89 63
89 68
89 69
89 70
89 71
89 72
89 75
89 76
89 77
89 80
89 81
89 86
89 88
89 95
89 97
89 100
89 103
89 105
89 108
89 113
89 115
89 116
89 117
89 118
89 119
89 121
89 122
89 124
89 128
89 130
89 131
89 135
89 138
89 142
89 146
89 147
89 239
90 155
90 156
90 160
90 173
90 180
90 181
90 189
90 198
90 206
90 223
90 227
90 249
90 255
90 260
90 295
90 0
90 1
90 4
90 5
90 6
90 7
90 9
90 10
90 12
90 14
90 16
90 20
90 21
90 24
90 30
90 32
90 36
90 38
90 39
90 42
90 43
90 44
90 46
90 47
90 52
90 56
90 58
90 60
90 66
90 67
90 76
90 77
90 80
90 81
90 82
90 97
90 98
90 99
90 101
90 102
90 108
90 112
90 115
90 117
90 121
90 126
90 127
90 128
90 133
90 134
90 138
90 142
90 143
90 240
91 169
91 200
91 202
91 204
91 212
91 218
91 220
91 237
91 239
91 248
91 256
91 260
91 281
91 290
91 297
91 11
91 12
91 17
91 19
91 24
91 25
91 27
91 38
91 42
91 44
91 45
91 49
91 51
91 52
91 55
91 56
91 58
91 60
91 61
91 68
91 71
91 74
91 80
91 81
91 84
91 85
91 87
91 88
91 93
91 95
91 99
91 102
91 104
91 105
91 106
91 107
91 110
91 111
91 113
91 114
91 117
91 118
91 119
91 120
91 121
91 122
91 124
91 127
91 132
91 137
91 138
91 139
91 140
91 141
91 143
91 146
91 149
91 241
92 172
92 180
92 193
92 199
92 210
92 230
92 267
92 283
92 287
92 1
92 6
92 7
92 11
92 12
92 20
92 21
92 22
92 25
92 26
92 27
92 28
92 32
92 33
92 36
92 37
92 39
92 41
92 42
92 43
92 49
92 52
92 54
92 55
92 57
92 58
92 59
92 62
92 65
92 68
92 69
92 74
92 76
92 78
92 79
92 80
92 81
92 82
92 83
92 94
92 95
92 96
92 98
92 99
92 100
92 102
92 103
92 107
92 108
92 111
92 113
92 114
92 121
92 122
92 129
92 132
92 136
92 137
92 139
92 140
92 142
92 144
92 145
92 242
93 150
93 157
93 165
93 169
93 175
93 179
93 208
93 214
93 246
93 252
93 256
93 269
93 0
93 2
93 3
93 4
93 9
93 12
93 14
93 16
93 19
93 20
93 27
93 28
93 32
93 40
93 41
93 42
93 43
93 44
93 51
93 52
93 54
93 58
93 59
93 60
93 64
93 67
93 72
93 73
93 80
93 82
93 84
93 85
93 91
93 99
93 102
93 110
93 111
93 113
93 114
93 116
93 118
93 120
93 122
93 123
93 128
93 129
93 133
93 135
93 136
93 139
93 142
93 143
93 147
93 149
93 243
94 165
94 168
94 172
94 181
94 190
94 202
94 204
94 221
94 253
94 257
94 258
94 260
94 263
94 266
94 294
94 4
94 7
94 10
94 11
94 13
94 14
94 16
94 18
94 19
94 21
94 22
94 26
94 27
94 28
94 29
94 32
94 33
94 34
94 35
94 41
94 43
94 45
94 48
94 50
94 52
94 53
94 57
94 59
94 63
94 64
94 66
94 74
94 78
94 80
94 87
94 92
94 95
94 96
94 101
94 104
94 107
94 108
94 109
94 113
94 115
94 116
94 118
94 121
94 122
94 126
94 132
94 134
94 136
94 137
94 138
94 139
94 140
94 142
94 143
94 146
94 147
94 244
95 162
95 200
95 206
95 211
95 212
95 219
95 228
95 235
95 243
95 249
95 253
95 258
95 259
95 294
95 1
95 2
95 3
95 5
95 10
95 12
95 15
95 17
95 18
95 19
95 20
95 22
95 25
95 26
95 27
95 33
95 34
95 37
95 40
95 47
95 50
95 51
95 52
95 53
95 54
95 59
95 60
95 61
95 67
95 68
95 69
95 74
95 77
95 78
95 83
95 86
95 89
95 91
95 92
95 94
95 96
95 98
95 100
95 105
95 107
95 109
95 111
95 117
95 118
95 120
95 121
95 123
95 126
95 128
95 129
95 133
95 138
95 140
95 145
95 146
95 147
95 149
95 245
96 165
96 166
96 177
96 181
96 189
96 202
96 206
96 213
96 219
96 220
96 222
96 232
96 241
96 256
96 264
96 265
96 273
96 274
96 275
96 284
96 289
96 0
96 2
96 3
96 5
96 7
96 8
96 12
96 13
96 15
96 16
96 20
96 21
96 22
96 26
96 27
96 28
96 36
96 44
96 45
96 46
96 47
96 48
96 49
96 50
96 51
96 57
96 59
96 64
96 65
96 66
96 67
96 69
96 73
96 74
96 75
96 78
96 81
96 84
96 86
96 87
96 92
96 94
96 95
96 106
96 108
96 110
96 112
96 115
96 119
96 120
96 125
96 128
96 129
96 132
96 134
96 138
96 141
96 143
96 145
96 246
97 154
97 162
97 173
97 182
97 195
97 197
97 204
97 215
97 220
97 229
97 236
97 242
97 244
97 248
97 249
97 261
97 262
97 265
97 275
97 283
97 285
97 292
97 1
97 2
97 3
97 4
97 8
97 12
97 13
97 23
97 25
97 28
97 30
97 34
97 36
97 39
97 44
97 45
97 46
97 50
97 52
97 57
97 60
97 62
97 63
97 64
97 65
97 66
97 69
97 72
97 73
97 80
97 81
97 85
97 86
97 87
97 88
97 89
97 90
97 98
97 100
97 101
97 106
97 110
97 112
97 114
97 115
97 121
97 122
97 124
97 128
97 129
97 130
97 131
97 133
97 137
97 139
97 141
97 146
97 147
97 148
97 247
98 159
98 163
98 165
98 170
98 171
98 189
98 217
98 218
98 219
98 224
98 227
98 275
98 280
98 292
98 294
98 299
98 0
98 1
98 2
98 3
98 4
98 8
98 11
98 19
98 20
98 24
98 26
98 27
98 30
98 32
98 33
98 34
98 38
98 40
98 48
98 49
98 50
98 51
98 55
98 60
98 61
98 63
98 65
98 68
98 75
98 79
98 85
98 88
98 90
98 92
98 95
98 97
98 99
98 102
98 103
98 104
98 106
98 110
98 111
98 113
98 114
98 116
98 118
98 119
98 120
98 123
98 124
98 125
98 130
98 135
98 136
98 137
98 138
98 139
98 140
98 146
98 149
98 248
99 165
99 175
99 176
99 202
99 213
99 245
99 248
99 251
99 259
99 264
99 279
99 280
99 282
99 0
99 3
99 4
99 6
99 10
99 11
99 12
99 13
99 14
99 15
99 16
99 17
99 18
99 19
99 20
99 23
99 26
99 27
99 30
99 32
99 35
99 37
99 40
99 46
99 48
99 49
99 51
99 63
99 66
99 69
99 75
99 76
99 80
99 81
99 82
99 83
99 84
99 90
99 91
99 92
99 93
99 98
99 100
99 103
99 106
99 109
99 110
99 111
99 114
99 117
99 119
99 120
99 122
99 127
99 130
99 131
99 132
99 134
99 137
99 138
99 139
99 146
99 249
100 151
100 160
100 166
100 167
100 173
100 187
100 199
100 213
100 217
100 218
100 233
100 236
100 263
100 267
100 272
100 277
100 281
100 290
100 2
100 3
100 8
100 9
100 10
100 16
100 21
100 22
100 26
100 27
100 31
100 33
100 34
100 35
100 40
100 41
100 44
100 45
100 46
100 48
100 52
100 55
100 59
100 60
100 63
100 66
100 72
100 76
100 77
100 78
100 81
100 82
100 83
100 88
100 89
100 92
100 95
100 97
100 99
100 104
100 106
100 109
100 110
100 112
100 114
100 118
100 122
100 125
100 127
100 129
100 132
100 139
100 141
100 143
100 148
100 250
101 152
101 156
101 159
101 164
101 172
101 174
101 177
101 192
101 197
101 201
101 220
101 221
101 273
101 290
101 293
101 2
101 6
101 10
101 11
101 14
101 17
101 19
101 20
101 24
101 27
101 28
101 29
101 33
101 40
101 41
101 43
101 44
101 49
101 50
101 54
101 55
101 57
101 65
101 68
101 69
101 73
101 80
101 81
101 83
101 86
101 90
101 94
101 97
101 102
101 105
101 106
101 108
101 111
101 112
101 113
101 116
101 122
101 126
101 127
101 128
101 131
101 136
101 138
101 139
101 140
101 143
101 251
102 152
102 171
102 174
102 175
102 203
102 207
102 215
102 218
102 236
102 243
102 260
102 271
102 280
102 4
102 12
102 17
102 18
102 20
102 21
102 22
102 23
102 27
102 28
102 30
102 31
102 32
102 34
102 35
102 38
102 41
102 42
102 44
102 45
102 46
102 49
102 50
102 60
102 64
102 65
102 66
102 67
102 68
102 70
102 71
102 73
102 75
102 76
102 77
102 79
102 80
102 81
102 90
102 91
102 92
102 93
102 98
102 101
102 104
102 105
102 106
102 108
102 111
102 113
102 117
102 118
102 119
102 123
102 125
102 129
102 132
102 134
102 138
102 139
102 142
102 143
102 148
102 252
103 164
103 173
103 180
103 189
103 202
103 204
103 209
103 227
103 229
103 230
103 235
103 240
103 261
103 277
103 279
103 294
103 0
103 1
103 8
103 10
103 11
103 12
103 16
103 20
103 21
103 23
103 27
103 29
103 31
103 33
103 34
103 39
103 40
103 42
103 44
103 45
103 48
103 50
103 51
103 52
103 54
103 56
103 58
103 59
103 62
103 65
103 67
103 68
103 71
103 74
103 76
103 83
103 84
103 85
103 87
103 89
103 92
103 98
103 99
103 105
103 106
103 108
103 109
103 112
103 113
103 119
103 126
103 130
103 131
103 132
103 135
103 136
103 137
103 138
103 143
103 144
103 145
103 253
104 163
104 166
104 170
104 173
104 175
104 176
104 184
104 211
104 221
104 224
104 228
104 231
104 234
104 235
104 271
104 273
104 298
104 6
104 7
104 8
104 9
104 10
104 12
104 13
104 17
104 21
104 25
104 26
104 27
104 29
104 33
104 35
104 36
104 38
104 39
104 42
104 43
104 44
104 48
104 50
104 52
104 63
104 67
104 68
104 69
104 73
104 75
104 76
104 77
104 78
104 81
104 82
104 84
104 91
104 94
104 98
104 100
104 102
104 105
104 106
104 108
104 111
104 112
104 117
104 122
104 126
104 127
104 131
104 133
104 135
104 136
104 142
104 143
104 144
104 146
104 254
105 151
105 154
105 175
105 187
105 191
105 199
105 207
105 211
105 243
105 247
105 248
105 249
105 262
105 275
105 278
105 281
105 290
105 293
105 298
105 0
105 7
105 9
105 10
105 13
105 14
105 17
105 19
105 22
105 23
105 25
105 28
105 32
105 34
105 36
105 39
105 42
105 43
105 46
105 48
105 51
105 52
105 55
105 57
105 58
105 59
105 66
105 67
105 68
105 71
105 74
105 75
105 80
105 82
105 83
105 84
105 86
105 88
105 89
105 91
105 95
105 101
105 102
105 103
105 104
105 107
105 108
105 109
105 111
105 112
105 115
105 117
105 121
105 122
105 123
105 126
105 128
105 138
105 142
105 145
105 255
106 158
106 159
106 160
106 162
106 183
106 188
106 196
106 208
106 213
106 225
106 231
106 234
106 244
106 246
106 255
106 263
106 272
106 275
106 278
106 279
106 1
106 4
106 5
106 8
106 10
106 16
106 21
106 22
106 26
106 28
106 29
106 32
106 34
106 39
106 42
106 44
106 45
106 47
106 50
106 51
106 52
106 54
106 56
106 61
106 63
106 66
106 68
106 69
106 71
106 72
106 73
106 74
106 76
106 77
106 78
106 82
106 84
106 86
106 87
106 91
106 96
106 97
106 98
106 99
106 100
106 101
106 102
106 103
106 104
106 107
106 111
106 114
106 115
106 116
106 120
106 122
106 124
106 125
106 126
106 128
106 129
106 132
106 135
106 139
106 140
106 141
106 142
106 144
106 145
106 146
106 149
106 256
107 159
107 198
107 215
107 225
107 235
107 236
107 237
107 243
107 260
107 272
107 289
107 2
107 4
107 7
107 8
107 13
107 18
107 19
107 20
107 23
107 30
107 31
107 35
107 36
107 37
107 38
107 42
107 44
107 45
107 46
107 49
107 53
107 54
107 59
107 61
107 62
107 66
107 69
107 71
107 75
107 76
107 77
107 82
107 85
107 86
107 91
107 92
107 94
107 95
107 105
107 106
107 108
107 114
107 120
107 124
107 125
107 127
107 129
107 132
107 139
107 142
107 147
107 257
108 176
108 187
108 192
108 259
108 268
108 272
108 276
108 279
108 0
108 4
108 5
108 8
108 11
108 13
108 17
108 18
108 21
108 22
108 23
108 24
108 27
108 35
108 37
108 38
108 43
108 44
108 48
108 51
108 52
108 53
108 57
108 59
108 60
108 67
108 68
108 75
108 76
108 77
108 81
108 82
108 83
108 84
108 86
108 87
108 89
108 90
108 92
108 94
108 96
108 101
108 102
108 103
108 104
108 105
108 107
108 110
108 112
108 113
108 115
108 117
108 118
108 121
108 124
108 127
108 128
108 130
108 131
108 133
108 135
108 142
108 143
108 147
108 149
108 258
109 158
109 176
109 178
109 187
109 190
109 193
109 216
109 227
109 236
109 242
109 278
109 293
109 0
109 1
109 4
109 5
109 6
109 16
109 17
109 18
109 20
109 24
109 27
109 28
109 29
109 34
109 35
109 36
109 38
109 39
109 40
109 41
109 43
109 45
109 48
109 52
109 56
109 57
109 58
109 59
109 60
109 62
109 63
109 64
109 69
109 70
109 72
109 73
109 76
109 77
109 78
109 79
109 86
109 87
109 94
109 95
109 99
109 100
109 103
109 105
109 112
109 113
109 114
109 115
109 120
109 124
109 125
109 127
109 128
109 129
109 131
109 133
109 134
109 136
109 138
109 142
109 143
109 145
109 149
109 259
110 155
110 174
110 176
110 182
110 187
110 206
110 211
110 213
110 219
110 221
110 243
110 247
110 251
110 282
110 288
110 298
110 0
110 2
110 3
110 4
110 9
110 10
110 14
110 15
110 18
110 21
110 22
110 23
110 28
110 31
110 36
110 38
110 39
110 40
110 42
110 43
110 44
110 45
110 46
110 47
110 49
110 52
110 53
110 54
110 60
110 65
110 67
110 68
110 69
110 73
110 74
110 77
110 78
110 79
110 80
110 82
110 83
110 85
110 86
110 91
110 93
110 96
110 97
110 98
110 99
110 100
110 108
110 111
110 118
110 121
110 122
110 124
110 126
110 127
110 129
110 131
110 132
110 133
110 136
110 137
110 138
110 146
110 260
111 155
111 173
111 180
111 201
111 205
111 212
111 235
111 238
111 242
111 252
111 258
111 260
111 263
111 291
111 1
111 9
111 10
111 12
111 13
111 14
111 15
111 16
111 19
111 23
111 25
111 30
111 33
111 36
111 39
111 40
111 46
111 48
111 51
111 52
111 53
111 59
111 61
111 66
111 67
111 76
111 77
111 78
111 81
111 87
111 88
111 91
111 92
111 93
111 95
111 98
111 99
111 101
111 102
111 104
111 105
111 106
111 110
111 112
111 113
111 114
111 115
111 116
111 118
111 120
111 122
111 128
111 132
111 133
111 134
111 139
111 140
111 141
111 142
111 144
111 146
111 149
111 261
112 159
112 172
112 182
112 184
112 215
112 219
112 237
112 274
112 288
112 292
112 297
112 0
112 4
112 5
112 6
112 13
112 28
112 33
112 36
112 41
112 43
112 44
112 45
112 47
112 51
112 53
112 57
112 60
112 63
112 65
112 67
112 68
112 71
112 76
112 81
112 83
112 84
112 88
112 90
112 96
112 97
112 100
112 101
112 103
112 104
112 105
112 108
112 109
112 111
112 113
112 116
112 117
112 122
112 123
112 124
112 125
112 126
112 127
112 131
112 132
112 133
112 138
112 142
112 147
112 262
113 155
113 156
113 158
113 166
113 169
113 186
113 189
113 191
113 225
113 236
113 239
113 262
113 276
113 278
113 290
113 292
113 295
113 3
113 5
113 7
113 14
113 15
113 16
113 22
113 24
113 25
113 26
113 27
113 29
113 31
113 33
113 35
113 36
113 38
113 39
113 40
113 41
113 42
113 43
113 44
113 46
113 47
113 49
113 51
113 52
113 54
113 55
113 57
113 58
113 61
113 62
113 64
113 66
113 67
113 71
113 73
113 74
113 77
113 79
113 83
113 84
113 89
113 91
113 92
113 93
113 94
113 98
113 101
113 102
113 103
113 108
113 109
113 111
113 112
113 114
113 115
113 117
113 118
113 121
113 125
113 126
113 128
113 129
113 135
113 136
113 138
113 140
113 141
113 144
113 145
113 263
114 161
114 199
114 218
114 225
114 227
114 233
114 249
114 253
114 265
114 266
114 282
114 288
114 289
114 294
114 0
114 1
114 2
114 3
114 4
114 6
114 9
114 12
114 13
114 15
114 16
114 18
114 20
114 21
114 22
114 26
114 27
114 28
114 29
114 35
114 38
114 40
114 42
114 43
114 44
114 45
114 49
114 51
114 52
114 53
114 61
114 63
114 67
114 74
114 79
114 80
114 82
114 83
114 84
114 91
114 92
114 93
114 97
114 98
114 99
114 100
114 106
114 107
114 109
114 111
114 113
114 115
114 123
114 124
114 127
114 128
114 129
114 130
114 135
114 142
114 144
114 146
114 149
114 264
115 157
115 168
115 172
115 184
115 193
115 211
115 214
115 237
115 239
115 246
115 247
115 265
115 271
115 294
115 0
115 8
115 10
115 14
115 22
115 24
115 37
115 41
115 42
115 44
115 47
115 50
115 53
115 54
115 57
115 58
115 59
115 60
115 64
115 66
115 67
115 68
115 69
115 70
115 73
115 74
115 76
115 77
115 83
115 87
115 88
115 89
115 90
115 94
115 96
115 97
115 105
115 106
115 108
115 109
115 111
115 113
115 114
115 116
115 117
115 120
115 127
115 128
115 132
115 133
115 134
115 135
115 139
115 141
115 143
115 144
115 146
116 163
116 164
116 165
116 167
116 174
116 191
116 194
116 195
116 198
116 208
116 235
116 243
116 278
116 282
116 284
116 295
116 3
116 5
116 12
116 15
116 16
116 18
116 20
116 24
116 27
116 28
116 29
116 30
116 31
116 38
116 40
116 41
116 44
116 48
116 49
116 52
116 54
116 67
116 74
116 83
116 84
116 89
116 93
116 94
116 98
116 101
116 106
116 111
116 112
116 115
116 120
116 121
116 122
116 125
116 126
116 130
116 132
116 133
116 134
116 135
116 136
116 138
116 141
116 144
116 145
116 266
117 160
117 163
117 168
117 186
117 188
117 191
117 220
117 233
117 235
117 244
117 247
117 263
117 265
117 266
117 278
117 279
117 281
117 0
117 2
117 4
117 6
117 8
117 9
117 10
117 14
117 17
117 18
117 19
117 21
117 22
117 25
117 27
117 28
117 31
117 36
117 39
117 40
117 41
117 43
117 47
117 49
117 51
117 54
117 55
117 57
117 60
117 62
117 63
117 64
117 66
117 69
117 76
117 80
117 82
117 86
117 87
117 88
117 89
117 90
117 91
117 95
117 99
117 102
117 104
117 105
117 108
117 112
117 113
117 115
117 120
117 121
117 124
117 126
117 128
117 130
117 131
117 137
117 141
117 267
118 154
118 191
118 198
118 204
118 212
118 225
118 242
118 268
118 1
118 2
118 3
118 11
118 12
118 14
118 15
118 17
118 18
118 21
118 22
118 25
118 27
118 32
118 34
118 38
118 42
118 43
118 46
118 49
118 51
118 52
118 55
118 57
118 58
118 59
118 60
118 64
118 71
118 72
118 74
118 80
118 81
118 82
118 83
118 87
118 89
118 91
118 93
118 94
118 95
118 98
118 100
118 102
118 108
118 110
118 111
118 113
118 119
118 123
118 124
118 125
118 126
118 128
118 129
118 133
118 135
118 137
118 138
118 140
118 149
119 167
119 168
119 191
119 197
119 214
119 215
119 218
119 230
119 256
119 260
119 263
119 265
119 296
119 0
119 2
119 3
119 4
119 8
119 12
119 13
119 16
119 24
119 25
119 28
119 36
119 40
119 41
119 42
119 49
119 50
119 53
119 54
119 57
119 58
119 59
119 61
119 63
119 68
119 69
119 70
119 72
119 76
119 81
119 83
119 84
119 88
119 89
119 91
119 96
119 98
119 99
119 102
119 103
119 118
119 122
119 123
119 126
119 129
119 131
119 133
119 134
119 135
119 136
119 138
119 143
119 146
119 148
119 149
119 269
120 153
120 157
120 161
120 189
120 192
120 255
120 294
120 2
120 4
120 5
120 6
120 7
120 9
120 10
120 18
120 19
120 20
120 21
120 23
120 24
120 27
120 31
120 38
120 39
120 42
120 45
120 46
120 47
120 50
120 52
120 54
120 56
120 62
120 64
120 65
120 68
120 69
120 71
120 76
120 77
120 84
120 91
120 93
120 95
120 96
120 98
120 99
120 106
120 107
120 109
120 111
120 115
120 116
120 117
120 126
120 129
120 132
120 136
120 139
120 143
120 146
120 270
121 151
121 163
121 198
121 212
121 213
121 229
121 233
121 234
121 236
121 255
121 0
121 1
121 2
121 3
121 6
121 7
121 9
121 13
121 17
121 20
121 23
121 29
121 30
121 37
121 39
121 41
121 43
121 44
121 47
121 49
121 52
121 57
121 58
121 61
121 64
121 66
121 68
121 73
121 74
121 75
121 77
121 78
121 80
121 83
121 84
121 89
121 90
121 91
121 92
121 94
121 95
121 97
121 105
121 108
121 110
121 113
121 116
121 117
121 122
121 128
121 129
121 130
121 132
121 136
121 137
121 141
121 143
121 144
121 271
122 168
122 174
122 183
122 184
122 197
122 203
122 211
122 212
122 225
122 242
122 263
122 265
122 275
122 279
122 283
122 292
122 294
122 3
122 7
122 8
122 11
122 13
122 16
122 18
122 20
122 22
122 23
122 25
122 26
122 27
122 36
122 39
122 42
122 43
122 46
122 47
122 51
122 52
122 53
122 54
122 57
122 58
122 59
122 60
122 61
122 62
122 64
122 68
122 69
122 70
122 71
122 76
122 80
122 81
122 82
122 83
122 85
122 87
122 89
122 91
122 92
122 93
122 94
122 97
122 99
122 100
122 101
122 104
122 105
122 106
122 110
122 111
122 112
122 116
122 119
122 121
122 125
122 126
122 129
122 130
122 134
122 145
122 146
122 148
122 149
122 272
123 159
123 168
123 176
123 181
123 206
123 223
123 230
123 261
123 288
123 299
123 1
123 2
123 3
123 4
123 5
123 6
123 7
123 10
123 11
123 13
123 14
123 20
123 24
123 25
123 26
123 27
123 28
123 30
123 32
123 34
123 35
123 38
123 39
123 40
123 42
123 43
123 50
123 53
123 54
123 61
123 65
123 68
123 70
123 73
123 76
123 78
123 79
123 81
123 82
123 83
123 84
123 87
123 93
123 95
123 98
123 102
123 105
123 112
123 114
123 118
123 119
123 124
123 126
123 131
123 132
123 133
123 141
123 142
123 147
123 148
123 149
123 273
124 156
124 169
124 172
124 192
124 196
124 202
124 208
124 216
124 219
124 224
124 227
124 232
124 236
124 267
124 276
124 278
124 280
124 288
124 292
124 0
124 2
124 3
124 4
124 7
124 11
124 18
124 19
124 20
124 22
124 23
124 28
124 32
124 33
124 34
124 35
124 36
124 39
124 41
124 44
124 46
124 47
124 57
124 59
124 62
124 66
124 68
124 69
124 75
124 81
124 82
124 83
124 84
124 88
124 89
124 91
124 97
124 98
124 106
124 107
124 108
124 109
124 110
124 112
124 114
124 117
124 118
124 123
124 125
124 126
124 127
124 130
124 133
124 136
124 137
124 138
124 140
124 143
124 144
124 145
124 146
124 149
124 274
125 172
125 175
125 178
125 184
125 194
125 210
125 219
125 237
125 244
125 257
125 259
125 262
125 267
125 277
125 278
125 283
125 295
125 0
125 2
125 4
125 6
125 7
125 11
125 14
125 17
125 18
125 20
125 21
125 22
125 24
125 25
125 27
125 30
125 32
125 34
125 35
125 36
125 38
125 40
125 43
125 44
125 52
125 55
125 59
125 60
125 64
125 66
125 68
125 70
125 71
125 74
125 76
125 78
125 79
125 83
125 84
125 96
125 98
125 100
125 102
125 106
125 107
125 109
125 112
125 113
125 116
125 118
125 122
125 124
125 129
125 130
125 137
125 142
125 143
125 146
125 148
125 275
126 152
126 157
126 162
126 212
126 217
126 221
126 247
126 255
126 257
126 267
126 270
126 277
126 1
126 3
126 7
126 9
126 11
126 12
126 13
126 15
126 21
126 22
126 27
126 30
126 34
126 36
126 37
126 38
126 40
126 48
126 51
126 53
126 54
126 56
126 57
126 58
126 59
126 62
126 67
126 69
126 71
126 73
126 74
126 75
126 78
126 82
126 87
126 90
126 94
126 95
126 101
126 103
126 104
126 105
126 106
126 110
126 112
126 113
126 116
126 117
126 118
126 119
126 120
126 122
126 123
126 124
126 127
126 128
126 134
126 136
126 137
126 144
126 147
126 276
127 162
127 164
127 171
127 204
127 218
127 219
127 231
127 236
127 256
127 279
127 0
127 2
127 4
127 6
127 7
127 14
127 21
127 22
127 23
127 27
127 30
127 36
127 37
127 43
127 45
127 46
127 47
127 48
127 49
127 51
127 57
127 58
127 59
127 63
127 65
127 66
127 67
127 68
127 71
127 73
127 85
127 86
127 90
127 91
127 99
127 100
127 101
127 104
127 107
127 108
127 109
127 110
127 112
127 114
127 115
127 124
127 126
127 128
127 129
127 130
127 131
127 134
127 137
127 139
127 140
127 142
127 143
127 144
127 146
127 148
127 149
127 277
128 154
128 157
128 167
128 169
128 170
128 189
128 191
128 206
128 207
128 214
128 225
128 227
128 231
128 243
128 244
128 252
128 254
128 258
128 264
128 268
128 277
128 280
128 294
128 297
128 0
128 2
128 3
128 4
128 7
128 9
128 10
128 12
128 14
128 15
128 18
128 19
128 21
128 24
128 26
128 27
128 29
128 33
128 37
128 39
128 42
128 46
128 48
128 49
128 50
128 52
128 54
128 61
128 62
128 63
128 66
128 67
128 71
128 72
128 74
128 75
128 76
128 77
128 80
128 83
128 84
128 85
128 86
128 87
128 89
128 90
128 93
128 95
128 96
128 97
128 101
128 105
128 106
128 108
128 109
128 111
128 113
128 114
128 115
128 117
128 118
128 121
128 126
128 127
128 133
128 140
128 142
128 143
128 278
129 162
129 167
129 183
129 189
129 193
129 199
129 244
129 248
129 259
129 261
129 291
129 295
129 297
129 0
129 1
129 2
129 6
129 7
129 8
129 10
129 11
129 13
129 17
129 18
129 19
129 20
129 22
129 23
129 24
129 26
129 30
129 34
129 35
129 38
129 39
129 40
129 42
129 43
129 44
129 46
129 47
129 48
129 49
129 51
129 55
129 56
129 57
129 58
129 61
129 62
129 64
129 65
129 66
129 70
129 71
129 74
129 77
129 78
129 92
129 93
129 95
129 96
129 97
129 100
129 102
129 106
129 107
129 109
129 110
129 113
129 114
129 118
129 119
129 120
129 121
129 122
129 125
129 127
129 135
129 137
129 142
129 143
129 144
129 148
129 149
129 279
130 162
130 178
130 193
130 211
130 215
130 219
130 229
130 232
130 244
130 255
130 259
130 261
130 279
130 282
130 288
130 295
130 2
130 3
130 5
130 14
130 16
130 19
130 22
130 23
130 25
130 26
130 30
130 34
130 38
130 39
130 42
130 43
130 44
130 45
130 46
130 47
130 48
130 51
130 52
130 55
130 60
130 61
130 62
130 63
130 65
130 69
130 74
130 77
130 78
130 89
130 97
130 98
130 99
130 103
130 108
130 114
130 116
130 117
130 121
130 122
130 124
130 125
130 127
130 131
130 132
130 133
130 134
130 142
130 143
130 144
130 149
130 280
131 154
131 166
131 172
131 174
131 181
131 182
131 183
131 185
131 187
131 189
131 214
131 228
131 257
131 261
131 269
131 270
131 286
131 290
131 298
131 2
131 4
131 6
131 7
131 12
131 13
131 17
131 18
131 21
131 22
131 23
131 31
131 32
131 38
131 42
131 43
131 44
131 49
131 50
131 54
131 56
131 60
131 61
131 62
131 65
131 66
131 68
131 69
131 70
131 71
131 72
131 73
131 75
131 77
131 78
131 79
131 82
131 85
131 86
131 87
131 88
131 89
131 97
131 99
131 101
131 103
131 104
131 108
131 109
131 110
131 112
131 117
131 119
131 123
131 127
131 130
131 133
131 135
131 136
131 140
131 144
131 145
131 149
131 281
132 153
132 162
132 185
132 191
132 198
132 208
132 215
132 220
132 225
132 233
132 235
132 238
132 248
132 249
132 265
132 272
132 278
132 284
132 292
132 296
132 4
132 5
132 9
132 10
132 11
132 12
132 13
132 16
132 18
132 22
132 26
132 27
132 28
132 30
132 32
132 33
132 35
132 36
132 37
132 39
132 40
132 43
132 44
132 45
132 49
132 52
132 53
132 55
132 59
132 60
132 61
132 64
132 65
132 70
132 71
132 73
132 74
132 76
132 77
132 81
132 84
132 85
132 91
132 92
132 94
132 96
132 99
132 100
132 102
132 103
132 106
132 107
132 110
132 111
132 112
132 115
132 116
132 120
132 121
132 123
132 130
132 136
132 139
132 140
132 141
132 142
132 143
132 147
132 148
132 282
133 160
133 171
133 173
133 175
133 187
133 189
133 195
133 200
133 216
133 223
133 236
133 244
133 253
133 256
133 268
133 273
133 282
133 290
133 1
133 2
133 10
133 16
133 17
133 19
133 21
133 23
133 25
133 27
133 28
133 30
133 37
133 38
133 39
133 43
133 46
133 49
133 50
133 52
133 55
133 59
133 73
133 74
133 75
133 84
133 86
133 90
133 93
133 95
133 97
133 104
133 108
133 109
133 110
133 111
133 112
133 115
133 116
133 118
133 119
133 123
133 124
133 128
133 130
133 131
133 142
133 146
133 147
133 148
133 149
133 283
134 157
134 188
134 198
134 209
134 213
134 216
134 217
134 218
134 236
134 241
134 267
134 278
134 284
134 298
134 1
134 3
134 4
134 5
134 6
134 9
134 10
134 13
134 15
134 23
134 24
134 30
134 32
134 35
134 38
134 39
134 41
134 44
134 45
134 48
134 50
134 51
134 53
134 54
134 55
134 61
134 62
134 63
134 64
134 68
134 71
134 72
134 75
134 79
134 82
134 83
134 86
134 90
134 94
134 96
134 99
134 102
134 109
134 111
134 115
134 116
134 119
134 122
134 126
134 127
134 130
134 135
134 136
134 142
134 144
134 148
135 175
135 183
135 205
135 210
135 223
135 237
135 248
135 256
135 262
135 263
135 264
135 266
135 274
135 281
135 0
135 4
135 5
135 6
135 7
135 9
135 10
135 13
135 14
135 15
135 18
135 20
135 23
135 24
135 28
135 35
135 36
135 41
135 43
135 45
135 46
135 47
135 51
135 53
135 54
135 56
135 57
135 58
135 59
135 60
135 62
135 64
135 65
135 66
135 67
135 74
135 75
135 78
135 81
135 82
135 83
135 84
135 86
135 87
135 89
135 93
135 98
135 103
135 104
135 106
135 108
135 113
135 114
135 115
135 116
135 118
135 119
135 129
135 131
135 134
135 138
135 140
135 144
135 149
135 285
136 167
136 177
136 182
136 248
136 254
136 265
136 269
136 279
136 285
136 11
136 13
136 14
136 16
136 17
136 19
136 20
136 21
136 22
136 24
136 25
136 26
136 28
136 29
136 34
136 37
136 41
136 42
136 43
136 47
136 52
136 53
136 58
136 59
136 62
136 63
136 64
136 67
136 68
136 69
136 70
136 74
136 76
136 81
136 92
136 93
136 94
136 98
136 101
136 103
136 104
136 109
136 110
136 113
136 116
136 119
136 120
136 121
136 124
136 126
136 131
136 132
136 134
136 138
136 139
136 140
136 143
136 144
136 146
136 149
136 286
137 153
137 174
137 180
137 198
137 202
137 223
137 228
137 238
137 242
137 254
137 266
137 268
137 269
137 275
137 291
137 2
137 4
137 10
137 13
137 15
137 18
137 19
137 22
137 27
137 29
137 30
137 32
137 34
137 35
137 46
137 50
137 51
137 56
137 58
137 60
137 63
137 69
137 74
137 80
137 84
137 88
137 91
137 92
137 94
137 97
137 98
137 99
137 103
137 110
137 117
137 118
137 121
137 124
137 125
137 126
137 127
137 129
137 138
137 139
137 141
137 144
137 145
137 147
137 148
137 149
137 287
138 166
138 167
138 168
138 186
138 188
138 193
138 209
138 244
138 249
138 255
138 262
138 268
138 276
138 287
138 288
138 292
138 1
138 2
138 3
138 6
138 7
138 8
138 11
138 14
138 16
138 17
138 18
138 19
138 22
138 23
138 27
138 29
138 30
138 32
138 35
138 40
138 41
138 43
138 45
138 46
138 47
138 49
138 54
138 55
138 56
138 57
138 58
138 60
138 62
138 67
138 71
138 74
138 76
138 77
138 80
138 81
138 89
138 90
138 91
138 94
138 95
138 96
138 98
138 99
138 101
138 102
138 103
138 105
138 109
138 110
138 112
138 113
138 116
138 118
138 119
138 124
138 135
138 136
138 137
138 139
138 140
138 141
138 142
138 144
138 145
138 147
139 169
139 181
139 193
139 214
139 248
139 257
139 266
139 279
139 288
139 290
139 1
139 6
139 10
139 11
139 12
139 13
139 14
139 18
139 20
139 25
139 26
139 29
139 30
139 31
139 36
139 44
139 48
139 50
139 54
139 58
139 59
139 61
139 62
139 63
139 64
139 65
139 67
139 68
139 73
139 75
139 76
139 78
139 79
139 80
139 84
139 86
139 87
139 91
139 92
139 93
139 94
139 97
139 98
139 99
139 100
139 101
139 102
139 106
139 107
139 111
139 115
139 120
139 127
139 132
139 136
139 137
139 138
139 146
139 147
139 148
139 289
140 151
140 169
140 175
140 179
140 195
140 197
140 202
140 214
140 229
140 241
140 269
140 297
140 5
140 9
140 10
140 12
140 19
140 20
140 21
140 22
140 25
140 28
140 30
140 32
140 33
140 36
140 40
140 43
140 45
140 48
140 49
140 52
140 54
140 57
140 58
140 65
140 66
140 67
140 70
140 71
140 74
140 75
140 78
140 83
140 85
140 86
140 91
140 92
140 94
140 95
140 98
140 101
140 106
140 111
140 113
140 118
140 124
140 127
140 128
140 131
140 132
140 135
140 136
140 138
140 141
140 143
140 144
140 145
140 146
140 149
140 290
141 152
141 154
141 155
141 175
141 192
141 195
141 203
141 206
141 211
141 216
141 240
141 243
141 245
141 277
141 286
141 292
141 293
141 1
141 8
141 10
141 11
141 13
141 20
141 21
141 27
141 29
141 32
141 35
141 39
141 41
141 42
141 43
141 46
141 48
141 52
141 53
141 57
141 58
141 59
141 61
141 63
141 64
141 66
141 68
141 70
141 73
141 78
141 80
141 81
141 82
141 83
141 85
141 86
141 91
141 96
141 97
141 100
141 106
141 111
141 113
141 115
141 116
141 117
141 121
141 123
141 132
141 137
141 138
141 140
141 147
141 148
141 291
142 155
142 189
142 197
142 205
142 217
142 220
142 241
142 268
142 269
142 272
142 1
142 6
142 10
142 11
142 19
142 20
142 32
142 37
142 38
142 39
142 40
142 41
142 42
142 44
142 46
142 52
142 54
142 55
142 57
142 59
142 62
142 65
142 68
142 69
142 71
142 72
142 74
142 75
142 79
142 82
142 85
142 86
142 88
142 89
142 90
142 92
142 93
142 94
142 102
142 104
142 105
142 106
142 107
142 108
142 109
142 111
142 112
142 114
142 123
142 125
142 127
142 128
142 129
142 130
142 132
142 133
142 134
142 138
142 145
142 147
142 148
142 149
142 292
143 152
143 161
143 164
143 168
143 170
143 181
143 204
143 218
143 221
143 230
143 232
143 233
143 235
143 241
143 260
143 263
143 268
143 269
143 284
143 287
143 291
143 294
143 6
143 8
143 9
143 11
143 14
143 15
143 16
143 17
143 20
143 24
143 25
143 26
143 28
143 32
143 34
143 37
143 38
143 47
143 48
143 50
143 53
143 56
143 59
143 60
143 63
143 65
143 67
143 68
143 69
143 73
143 74
143 81
143 84
143 86
143 90
143 91
143 93
143 94
143 96
143 100
143 101
143 102
143 103
143 104
143 108
143 109
143 115
143 119
143 120
143 121
143 124
143 125
143 127
143 128
143 129
143 130
143 132
143 136
143 140
143 144
143 145
143 148
143 149
143 293
144 156
144 168
144 170
144 177
144 178
144 211
144 212
144 214
144 217
144 221
144 235
144 255
144 263
144 265
144 281
144 2
144 3
144 4
144 5
144 9
144 13
144 16
144 18
144 20
144 21
144 24
144 27
144 28
144 31
144 37
144 40
144 42
144 43
144 46
144 48
144 52
144 53
144 56
144 58
144 59
144 62
144 65
144 67
144 72
144 77
144 81
144 92
144 103
144 104
144 106
144 111
144 113
144 114
144 115
144 116
144 121
144 124
144 126
144 127
144 129
144 130
144 131
144 134
144 135
144 136
144 137
144 138
144 140
144 143
144 145
144 146
144 294
145 150
145 157
145 164
145 170
145 172
145 173
145 176
145 183
145 227
145 248
145 249
145 251
145 260
145 261
145 269
145 288
145 0
145 6
145 11
145 12
145 14
145 19
145 20
145 22
145 23
145 24
145 26
145 27
145 29
145 32
145 38
145 41
145 45
145 47
145 49
145 50
145 58
145 60
145 65
145 66
145 70
145 73
145 74
145 76
145 77
145 80
145 82
145 83
145 85
145 87
145 88
145 92
145 95
145 96
145 103
145 105
145 106
145 109
145 113
145 116
145 122
145 124
145 131
145 137
145 138
145 140
145 142
145 143
145 144
145 146
145 147
145 148
145 149
145 295
146 151
146 160
146 163
146 164
146 168
146 181
146 204
146 214
146 222
146 273
146 275
146 299
146 1
146 3
146 4
146 11
146 12
146 14
146 17
146 19
146 23
146 24
146 27
146 31
146 34
146 42
146 43
146 46
146 48
146 49
146 51
146 52
146 55
146 58
146 59
146 61
146 62
146 70
146 73
146 75
146 76
146 78
146 81
146 86
146 89
146 91
146 94
146 95
146 97
146 98
146 99
146 104
146 106
146 110
146 111
146 114
146 115
146 119
146 120
146 122
146 124
146 125
146 127
146 133
146 136
146 139
146 140
146 144
146 145
146 296
147 153
147 157
147 185
147 201
147 207
147 211
147 226
147 238
147 272
147 275
147 282
147 283
147 295
147 3
147 7
147 8
147 9
147 11
147 12
147 13
147 16
147 19
147 21
147 22
147 23
147 24
147 25
147 26
147 30
147 31
147 33
147 36
147 37
147 40
147 41
147 43
147 44
147 45
147 46
147 47
147 48
147 49
147 50
147 51
147 52
147 54
147 57
147 58
147 62
147 63
147 66
147 67
147 69
147 74
147 76
147 77
147 78
147 79
147 82
147 86
147 88
147 89
147 93
147 94
147 95
147 97
147 107
147 108
147 112
147 123
147 126
147 132
147 133
147 137
147 138
147 139
147 141
147 142
147 145
147 297
148 152
148 164
148 168
148 206
148 208
148 219
148 224
148 236
148 238
148 239
148 240
148 248
148 256
148 270
148 277
148 280
148 293
148 294
148 297
148 2
148 10
148 13
148 17
148 23
148 26
148 27
148 28
148 29
148 30
148 33
148 36
148 38
148 40
148 43
148 51
148 55
148 59
148 61
148 64
148 65
148 70
148 72
148 73
148 77
148 84
148 87
148 97
148 100
148 102
148 119
148 122
148 123
148 125
148 127
148 129
148 132
148 133
148 134
148 137
148 139
148 141
148 142
148 143
148 145
148 298
149 157
149 171
149 177
149 184
149 191
149 198
149 204
149 212
149 214
149 229
149 246
149 251
149 262
149 273
149 280
149 291
149 292
149 297
149 1
149 2
149 8
149 10
149 15
149 16
149 17
149 18
149 20
149 21
149 22
149 23
149 24
149 27
149 28
149 29
149 34
149 35
149 36
149 39
149 40
149 45
149 47
149 48
149 49
149 50
149 51
149 52
149 53
149 57
149 59
149 61
149 70
149 71
149 73
149 75
149 76
149 77
149 79
149 83
149 84
149 86
149 91
149 93
149 95
149 98
149 106
149 108
149 109
149 111
149 114
149 118
149 119
149 122
149 123
149 124
149 127
149 129
149 130
149 131
149 133
149 135
149 136
149 137
149 140
149 142
149 143
149 145
149 299
150 1
150 16
150 21
150 44
150 52
150 54
150 55
150 75
150 81
150 87
150 93
150 145
150 0
151 2
151 5
151 6
151 10
151 11
151 44
151 47
151 58
151 85
151 100
151 105
151 121
151 140
151 146
151 1
152 16
152 21
152 31
152 40
152 44
152 52
152 55
152 57
152 59
152 64
152 67
152 70
152 73
152 75
152 79
152 87
152 101
152 102
152 126
152 141
152 143
152 148
152 2
153 19
153 20
153 33
153 38
153 40
153 47
153 50
153 51
153 55
153 58
153 60
153 61
153 62
153 63
153 78
153 120
153 132
153 137
153 147
153 3
154 9
154 19
154 27
154 30
154 32
154 58
154 73
154 86
154 97
154 105
154 118
154 128
154 131
154 141
154 4
155 5
155 9
155 20
155 36
155 42
155 45
155 73
155 85
155 90
155 110
155 111
155 113
155 141
155 142
156 9
156 23
156 37
156 44
156 64
156 67
156 76
156 87
156 90
156 101
156 113
156 124
156 144
156 6
157 27
157 56
157 58
157 93
157 115
157 120
157 126
157 128
157 134
157 145
157 147
157 149
157 7
158 32
158 38
158 43
158 49
158 66
158 77
158 106
158 109
158 113
158 8
159 8
159 21
159 26
159 42
159 98
159 101
159 106
159 107
159 112
159 123
159 9
160 12
160 15
160 55
160 59
160 65
160 77
160 80
160 90
160 100
160 106
160 117
160 133
160 146
160 10
161 3
161 16
161 24
161 28
161 62
161 68
161 114
161 120
161 143
161 11
162 28
162 32
162 36
162 38
162 39
162 46
162 51
162 65
162 79
162 95
162 97
162 106
162 126
162 127
162 129
162 130
162 132
162 12
163 9
163 10
163 16
163 21
163 22
163 23
163 35
163 36
163 42
163 88
163 98
163 104
163 116
163 117
163 121
163 146
163 13
164 1
164 53
164 68
164 101
164 103
164 116
164 127
164 143
164 145
164 146
164 148
164 14
165 15
165 26
165 44
165 61
165 78
165 79
165 93
165 94
165 96
165 98
165 99
165 116
166 2
166 4
166 32
166 42
166 48
166 53
166 80
166 84
166 86
166 96
166 100
166 104
166 113
166 131
166 138
166 16
167 14
167 42
167 50
167 54
167 58
167 59
167 71
167 100
167 116
167 119
167 128
167 129
167 136
167 138
167 17
168 32
168 47
168 60
168 67
168 76
168 85
168 94
168 115
168 117
168 119
168 122
168 123
168 138
168 143
168 144
168 146
168 148
168 18
169 6
169 7
169 15
169 16
169 17
169 40
169 49
169 72
169 77
169 81
169 91
169 93
169 113
169 124
169 128
169 139
169 140
169 19
170 3
170 8
170 10
170 17
170 30
170 37
170 40
170 47
170 48
170 82
170 98
170 104
170 128
170 143
170 144
170 145
170 20
171 30
171 37
171 41
171 56
171 74
171 76
171 88
171 89
171 98
171 102
171 127
171 133
171 149
171 21
172 7
172 24
172 33
172 34
172 35
172 40
172 44
172 45
172 63
172 70
172 73
172 74
172 84
172 92
172 94
172 101
172 112
172 115
172 124
172 125
172 131
172 145
172 22
173 2
173 11
173 25
173 26
173 33
173 55
173 77
173 90
173 97
173 100
173 103
173 104
173 111
173 133
173 145
173 23
174 5
174 7
174 13
174 36
174 49
174 54
174 75
174 83
174 89
174 101
174 102
174 110
174 116
174 122
174 131
174 137
174 24
175 17
175 19
175 20
175 29
175 46
175 71
175 93
175 99
175 102
175 104
175 105
175 125
175 133
175 135
175 140
175 141
175 25
176 31
176 33
176 34
176 44
176 48
176 50
176 54
176 63
176 70
176 79
176 86
176 99
176 104
176 108
176 109
176 110
176 123
176 145
176 26
177 15
177 36
177 55
177 61
177 71
177 76
177 80
177 88
177 96
177 101
177 136
177 144
177 149
177 27
178 5
178 19
178 27
178 35
178 37
178 42
178 57
178 60
178 65
178 70
178 73
178 80
178 109
178 125
178 130
178 144
178 28
179 11
179 15
179 20
179 31
179 56
179 69
179 93
179 140
179 29
180 14
180 30
180 33
180 51
180 62
180 70
180 75
180 81
180 90
180 92
180 103
180 111
180 137
181 28
181 29
181 33
181 34
181 36
181 42
181 53
181 55
181 71
181 90
181 94
181 96
181 123
181 131
181 139
181 143
181 146
181 31
182 2
182 6
182 22
182 24
182 36
182 42
182 64
182 66
182 81
182 89
182 97
182 110
182 112
182 131
182 136
182 32
183 6
183 18
183 31
183 41
183 42
183 106
183 122
183 129
183 131
183 135
183 145
183 33
184 1
184 3
184 5
184 17
184 18
184 21
184 27
184 34
184 69
184 104
184 112
184 115
184 122
184 125
184 149
185 9
185 15
185 16
185 23
185 47
185 56
185 69
185 73
185 87
185 89
185 131
185 132
185 147
185 35
186 10
186 13
186 18
186 21
186 23
186 36
186 41
186 43
186 46
186 55
186 57
186 65
186 67
186 83
186 89
186 113
186 117
186 138
187 29
187 34
187 35
187 57
187 70
187 84
187 88
187 100
187 105
187 108
187 109
187 110
187 131
187 133
187 37
188 0
188 4
188 22
188 38
188 56
188 61
188 68
188 70
188 80
188 85
188 106
188 117
188 134
188 138
189 6
189 7
189 9
189 11
189 19
189 24
189 25
189 28
189 33
189 37
189 39
189 54
189 56
189 70
189 72
189 73
189 77
189 79
189 85
189 90
189 96
189 98
189 103
189 113
189 120
189 128
189 129
189 131
189 133
189 142
190 3
190 27
190 32
190 56
190 80
190 94
190 109
190 40
191 3
191 4
191 7
191 15
191 28
191 34
191 41
191 47
191 51
191 55
191 76
191 105
191 113
191 116
191 117
191 118
191 119
191 128
191 132
191 149
192 5
192 11
192 22
192 24
192 59
192 65
192 66
192 68
192 89
192 101
192 108
192 120
192 124
192 141
192 42
193 3
193 6
193 23
193 30
193 36
193 39
193 68
193 86
193 87
193 92
193 109
193 115
193 129
193 130
193 138
193 139
193 43
194 1
194 7
194 9
194 38
194 53
194 64
194 71
194 72
194 76
194 81
194 82
194 83
194 116
194 125
194 44
195 1
195 26
195 31
195 33
195 43
195 56
195 63
195 86
195 88
195 97
195 116
195 133
195 140
195 141
195 45
196 3
196 8
196 16
196 30
196 33
196 40
196 42
196 43
196 57
196 58
196 62
196 64
196 68
196 80
196 81
196 85
196 106
196 124
196 46
197 4
197 7
197 18
197 30
197 39
197 50
197 61
197 70
197 72
197 75
197 97
197 101
197 119
197 122
197 140
197 142
197 47
198 7
198 11
198 14
198 15
198 32
198 41
198 49
198 50
198 58
198 76
198 83
198 90
198 107
198 116
198 118
198 121
198 132
198 134
198 137
198 149
198 48
199 2
199 8
199 17
199 29
199 39
199 42
199 46
199 79
199 85
199 92
199 100
199 105
199 114
199 129
199 49
200 7
200 11
200 13
200 15
200 16
200 19
200 28
200 30
200 34
200 58
200 59
200 61
200 73
200 85
200 88
200 91
200 95
200 133
200 50
201 19
201 27
201 32
201 36
201 54
201 70
201 74
201 80
201 101
201 111
201 147
201 51
202 7
202 27
202 29
202 40
202 46
202 70
202 82
202 91
202 94
202 96
202 99
202 103
202 124
202 137
202 140
202 52
203 3
203 6
203 7
203 11
203 35
203 57
203 58
203 62
203 73
203 74
203 76
203 102
203 122
203 141
203 53
204 7
204 29
204 38
204 39
204 40
204 51
204 87
204 91
204 94
204 97
204 103
204 118
204 127
204 143
204 146
204 149
204 54
205 5
205 8
205 19
205 21
205 46
205 71
205 111
205 135
205 142
205 55
206 4
206 10
206 11
206 40
206 42
206 58
206 84
206 90
206 95
206 96
206 110
206 123
206 128
206 141
206 148
206 56
207 2
207 11
207 15
207 18
207 20
207 21
207 27
207 42
207 52
207 54
207 88
207 102
207 105
207 128
207 147
207 57
208 10
208 11
208 16
208 32
208 33
208 50
208 54
208 55
208 57
208 59
208 68
208 69
208 85
208 86
208 93
208 106
208 116
208 124
208 132
208 148
208 58
209 3
209 5
209 6
209 13
209 60
209 63
209 77
209 78
209 86
209 89
209 103
209 134
209 138
209 59
210 3
210 7
210 11
210 14
210 20
210 23
210 26
210 54
210 58
210 62
210 67
210 68
210 71
210 92
210 125
210 135
210 60
211 9
211 23
211 43
211 44
211 48
211 60
211 62
211 67
211 73
211 75
211 79
211 83
211 95
211 104
211 105
211 110
211 115
211 122
211 130
211 141
211 144
211 147
211 61
212 4
212 16
212 17
212 20
212 21
212 28
212 39
212 81
212 84
212 86
212 91
212 95
212 111
212 118
212 121
212 122
212 126
212 144
212 149
212 62
213 17
213 26
213 27
213 31
213 35
213 48
213 53
213 57
213 63
213 66
213 96
213 99
213 100
213 106
213 110
213 121
213 134
214 0
214 3
214 26
214 44
214 62
214 65
214 78
214 93
214 115
214 119
214 128
214 131
214 139
214 140
214 144
214 146
214 149
214 64
215 2
215 22
215 33
215 38
215 43
215 44
215 50
215 55
215 58
215 61
215 63
215 73
215 97
215 102
215 107
215 112
215 119
215 130
215 132
215 65
216 4
216 36
216 37
216 38
216 42
216 109
216 124
216 133
216 134
216 141
216 66
217 24
217 61
217 66
217 79
217 84
217 98
217 100
217 126
217 134
217 142
217 144
217 67
218 4
218 28
218 32
218 48
218 51
218 84
218 86
218 91
218 98
218 100
218 102
218 114
218 119
218 127
218 134
218 143
218 68
219 9
219 11
219 23
219 34
219 52
219 53
219 66
219 72
219 78
219 95
219 96
219 98
219 110
219 112
219 124
219 125
219 127
219 130
219 148
219 69
220 16
220 20
220 23
220 28
220 30
220 32
220 35
220 43
220 60
220 67
220 83
220 91
220 96
220 97
220 101
220 117
220 132
220 142
220 70
221 6
221 16
221 17
221 19
221 26
221 33
221 45
221 65
221 85
221 94
221 101
221 104
221 110
221 126
221 143
221 144
221 71
222 9
222 15
222 19
222 22
222 48
222 66
222 68
222 86
222 96
222 146
222 72
223 16
223 22
223 26
223 41
223 48
223 49
223 55
223 63
223 74
223 84
223 90
223 123
223 133
223 135
223 137
223 73
224 0
224 6
224 10
224 26
224 31
224 55
224 64
224 98
224 104
224 124
224 148
224 74
225 2
225 21
225 23
225 38
225 57
225 61
225 73
225 88
225 106
225 107
225 113
225 114
225 118
225 122
225 128
225 132
225 75
226 9
226 20
226 22
226 24
226 26
226 37
226 47
226 48
226 62
226 71
226 73
226 81
226 147
226 76
227 4
227 7
227 14
227 20
227 21
227 26
227 32
227 53
227 56
227 57
227 58
227 64
227 88
227 90
227 98
227 103
227 109
227 114
227 124
227 128
227 145
227 77
228 57
228 61
228 75
228 79
228 95
228 104
228 131
228 137
228 78
229 11
229 38
229 41
229 46
229 49
229 54
229 73
229 81
229 89
229 97
229 103
229 121
229 130
229 140
229 149
229 79
230 0
230 10
230 17
230 29
230 30
230 34
230 38
230 40
230 51
230 69
230 71
230 86
230 92
230 103
230 119
230 123
230 143
230 80
231 44
231 45
231 54
231 58
231 83
231 104
231 106
231 127
231 128
231 81
232 4
232 9
232 15
232 29
232 36
232 41
232 44
232 48
232 52
232 65
232 73
232 74
232 77
232 96
232 124
232 130
232 143
232 82
233 38
233 51
233 61
233 82
233 83
233 85
233 87
233 100
233 114
233 117
233 121
233 132
233 143
234 24
234 39
234 54
234 61
234 78
234 87
234 104
234 106
234 121
234 84
235 0
235 11
235 23
235 31
235 33
235 35
235 45
235 53
235 74
235 83
235 95
235 103
235 104
235 107
235 111
235 116
235 117
235 132
235 143
235 144
235 85
236 0
236 2
236 3
236 18
236 41
236 58
236 59
236 66
236 81
236 83
236 97
236 100
236 102
236 107
236 109
236 113
236 121
236 124
236 127
236 133
236 134
236 148
236 86
237 2
237 16
237 30
237 31
237 32
237 37
237 44
237 55
237 69
237 91
237 107
237 112
237 115
237 125
237 135
237 87
238 4
238 5
238 8
238 11
238 30
238 33
238 49
238 57
238 59
238 62
238 86
238 111
238 132
238 137
238 147
238 148
238 88
239 7
239 8
239 10
239 14
239 17
239 18
239 30
239 35
239 42
239 57
239 91
239 113
239 115
239 148
239 89
240 0
240 2
240 3
240 20
240 25
240 29
240 38
240 40
240 45
240 52
240 79
240 80
240 103
240 141
240 148
240 90
241 1
241 11
241 33
241 50
241 56
241 78
241 79
241 88
241 96
241 134
241 140
241 142
241 143
241 91
242 20
242 21
242 24
242 25
242 30
242 34
242 68
242 69
242 70
242 75
242 80
242 88
242 97
242 109
242 111
242 118
242 122
242 137
242 92
243 8
243 24
243 26
243 36
243 66
243 67
243 72
243 76
243 79
243 81
243 95
243 102
243 105
243 107
243 110
243 116
243 128
243 141
243 93
244 1
244 8
244 15
244 24
244 67
244 68
244 97
244 106
244 117
244 125
244 128
244 129
244 130
244 133
244 138
244 94
245 18
245 24
245 26
245 27
245 35
245 44
245 48
245 54
245 57
245 69
245 80
245 99
245 141
245 95
246 15
246 16
246 23
246 37
246 67
246 69
246 79
246 93
246 106
246 115
246 149
246 96
247 0
247 22
247 25
247 29
247 54
247 60
247 69
247 74
247 105
247 110
247 115
247 117
247 126
247 97
248 0
248 1
248 6
248 20
248 29
248 32
248 47
248 50
248 53
248 76
248 79
248 91
248 97
248 99
248 105
248 129
248 132
248 135
248 136
248 139
248 145
248 148
248 98
249 5
249 14
249 20
249 46
249 57
249 58
249 64
249 83
249 90
249 95
249 97
249 105
249 114
249 132
249 138
249 145
249 99
250 1
250 7
250 15
250 23
250 38
250 60
250 61
250 69
250 76
250 77
250 85
250 100
251 3
251 9
251 27
251 32
251 35
251 39
251 47
251 52
251 55
251 58
251 63
251 76
251 82
251 89
251 99
251 110
251 145
251 149
251 101
252 15
252 19
252 35
252 55
252 61
252 69
252 71
252 88
252 93
252 111
252 128
252 102
253 28
253 30
253 33
253 42
253 44
253 47
253 73
253 87
253 94
253 95
253 114
253 133
253 103
254 2
254 8
254 13
254 29
254 39
254 55
254 68
254 84
254 128
254 136
254 137
254 104
255 8
255 13
255 21
255 38
255 44
255 55
255 62
255 77
255 81
255 90
255 106
255 120
255 121
255 126
255 130
255 138
255 144
255 105
256 9
256 12
256 38
256 55
256 73
256 83
256 91
256 93
256 96
256 119
256 127
256 133
256 135
256 148
256 106
257 0
257 13
257 40
257 52
257 56
257 64
257 68
257 72
257 78
257 79
257 89
257 94
257 125
257 126
257 131
257 139
257 107
258 11
258 13
258 19
258 31
258 41
258 47
258 48
258 49
258 52
258 66
258 69
258 94
258 95
258 111
258 128
258 108
259 14
259 17
259 18
259 30
259 39
259 40
259 43
259 48
259 51
259 53
259 57
259 69
259 83
259 84
259 95
259 99
259 108
259 125
259 129
259 130
259 109
260 1
260 18
260 27
260 32
260 33
260 42
260 45
260 48
260 58
260 62
260 68
260 87
260 90
260 91
260 94
260 102
260 107
260 111
260 119
260 143
260 145
260 110
261 19
261 31
261 38
261 52
261 61
261 81
261 84
261 85
261 86
261 97
261 103
261 123
261 129
261 130
261 131
261 145
261 111
262 0
262 6
262 16
262 31
262 39
262 52
262 57
262 59
262 64
262 74
262 83
262 86
262 88
262 97
262 105
262 113
262 125
262 135
262 138
262 149
262 112
263 9
263 16
263 27
263 31
263 43
263 64
263 76
263 94
263 100
263 106
263 111
263 117
263 119
263 122
263 135
263 143
263 144
263 113
264 0
264 28
264 30
264 38
264 40
264 43
264 50
264 54
264 58
264 59
264 62
264 63
264 67
264 74
264 77
264 79
264 85
264 96
264 99
264 128
264 135
264 114
265 21
265 25
265 27
265 39
265 48
265 64
265 77
265 83
265 96
265 97
265 114
265 115
265 117
265 119
265 122
265 132
265 136
265 144
266 5
266 6
266 9
266 21
266 26
266 31
266 45
266 54
266 57
266 61
266 94
266 114
266 117
266 135
266 137
266 139
266 116
267 1
267 17
267 37
267 39
267 57
267 62
267 66
267 78
267 92
267 100
267 124
267 125
267 126
267 134
267 117
268 2
268 17
268 20
268 41
268 80
268 108
268 118
268 128
268 133
268 137
268 138
268 142
268 143
269 3
269 5
269 6
269 14
269 51
269 53
269 55
269 60
269 88
269 93
269 131
269 136
269 137
269 140
269 142
269 143
269 145
269 119
270 0
270 18
270 21
270 37
270 41
270 46
270 47
270 57
270 73
270 79
270 80
270 82
270 126
270 131
270 148
270 120
271 3
271 8
271 44
271 51
271 72
271 77
271 79
271 88
271 102
271 104
271 115
271 121
272 2
272 19
272 23
272 24
272 37
272 38
272 54
272 72
272 77
272 86
272 88
272 100
272 106
272 107
272 108
272 132
272 142
272 147
272 122
273 15
273 21
273 45
273 79
273 96
273 101
273 104
273 133
273 146
273 149
273 123
274 2
274 4
274 13
274 22
274 23
274 29
274 40
274 48
274 52
274 55
274 72
274 82
274 96
274 112
274 135
274 124
275 14
275 16
275 29
275 33
275 42
275 43
275 74
275 96
275 97
275 98
275 105
275 106
275 122
275 137
275 146
275 147
275 125
276 8
276 13
276 21
276 41
276 48
276 57
276 61
276 65
276 88
276 108
276 113
276 124
276 138
276 126
277 1
277 6
277 7
277 8
277 14
277 19
277 20
277 23
277 32
277 60
277 73
277 100
277 103
277 125
277 126
277 128
277 141
277 148
277 127
278 0
278 5
278 24
278 45
278 64
278 69
278 105
278 106
278 109
278 113
278 116
278 117
278 124
278 125
278 132
278 134
278 128
279 2
279 6
279 12
279 39
279 52
279 70
279 85
279 86
279 99
279 103
279 106
279 108
279 117
279 122
279 127
279 130
279 136
279 139
279 129
280 1
280 9
280 19
280 23
280 32
280 36
280 68
280 71
280 78
280 84
280 85
280 98
280 99
280 102
280 124
280 128
280 148
280 149
280 130
281 0
281 13
281 39
281 40
281 45
281 54
281 79
281 91
281 100
281 105
281 117
281 135
281 144
281 131
282 18
282 24
282 33
282 43
282 73
282 75
282 84
282 99
282 110
282 114
282 116
282 130
282 133
282 147
282 132
283 21
283 28
283 31
283 33
283 35
283 42
283 43
283 66
283 80
283 87
283 92
283 97
283 122
283 125
283 147
283 133
284 9
284 25
284 43
284 57
284 65
284 80
284 85
284 96
284 116
284 132
284 134
284 143
285 9
285 13
285 31
285 58
285 61
285 64
285 84
285 97
285 136
285 135
286 4
286 32
286 36
286 40
286 56
286 62
286 68
286 84
286 85
286 86
286 131
286 141
286 136
287 5
287 8
287 20
287 36
287 40
287 45
287 49
287 62
287 74
287 84
287 86
287 92
287 138
287 143
287 137
288 6
288 8
288 9
288 13
288 22
288 24
288 29
288 33
288 42
288 47
288 48
288 49
288 64
288 69
288 71
288 110
288 112
288 114
288 123
288 124
288 130
288 138
288 139
288 145
289 7
289 17
289 20
289 27
289 29
289 36
289 39
289 46
289 51
289 58
289 71
289 89
289 96
289 107
289 114
289 139
290 1
290 5
290 25
290 32
290 40
290 59
290 60
290 63
290 84
290 87
290 91
290 100
290 101
290 105
290 113
290 131
290 133
290 139
290 140
291 0
291 3
291 6
291 11
291 12
291 40
291 65
291 66
291 73
291 82
291 84
291 87
291 111
291 129
291 137
291 143
291 149
291 141
292 11
292 25
292 53
292 62
292 63
292 73
292 75
292 97
292 98
292 112
292 113
292 122
292 124
292 132
292 138
292 141
292 149
292 142
293 2
293 7
293 22
293 23
293 30
293 33
293 52
293 60
293 71
293 76
293 77
293 83
293 101
293 105
293 109
293 141
293 148
293 143
294 2
294 6
294 14
294 25
294 31
294 47
294 83
294 86
294 87
294 94
294 95
294 98
294 103
294 114
294 115
294 120
294 122
294 128
294 143
294 148
294 144
295 2
295 9
295 14
295 26
295 31
295 36
295 40
295 60
295 65
295 73
295 90
295 113
295 116
295 125
295 129
295 130
295 147
295 145
296 16
296 40
296 45
296 56
296 119
296 132
296 146
297 1
297 28
297 32
297 35
297 48
297 52
297 61
297 65
297 66
297 91
297 112
297 128
297 129
297 140
297 148
297 149
297 147
298 19
298 20
298 22
298 23
298 32
298 36
298 46
298 50
298 60
298 76
298 83
298 104
298 105
298 110
298 131
298 134
298 148
299 1
299 13
299 18
299 30
299 42
299 49
299 64
299 67
299 70
299 72
299 75
299 76
299 98
299 123
299 146
299 149
