  100   266
0 92
0 18
0 34
0 50
1 71
1 77
1 10
1 16
1 40
1 51
2 98
2 90
2 3
2 26
2 37
2 47
2 52
3 70
3 82
3 86
3 88
3 2
3 53
4 56
4 91
4 23
4 25
4 37
4 46
4 54
5 83
5 86
5 21
5 42
5 47
5 55
6 58
6 60
6 72
6 82
6 10
6 12
6 16
6 23
6 37
6 56
7 70
7 88
7 91
7 92
7 23
7 36
7 57
8 87
8 94
8 20
8 49
8 58
9 56
9 58
9 59
9 64
9 66
9 98
9 33
10 63
10 81
10 92
10 1
10 6
10 23
10 60
11 70
11 93
11 15
11 61
12 54
12 64
12 71
12 74
12 6
12 13
12 14
12 44
12 62
13 82
13 12
13 20
13 31
13 63
14 58
14 62
14 83
14 95
14 12
14 64
15 54
15 83
15 87
15 11
15 33
15 65
16 59
16 93
16 1
16 6
16 37
16 47
16 66
17 99
17 98
17 90
17 89
17 28
17 29
17 34
17 46
17 67
18 71
18 76
18 82
18 91
18 95
18 0
18 21
18 26
18 68
19 50
19 84
19 35
19 69
20 65
20 77
20 92
20 8
20 13
20 24
20 29
20 70
21 66
21 97
21 5
21 18
21 48
21 71
22 55
22 58
22 74
22 34
22 40
22 72
23 79
23 84
23 97
23 4
23 6
23 7
23 10
23 36
23 39
23 73
24 52
24 93
24 20
24 40
24 74
25 71
25 74
25 76
25 80
25 81
25 83
25 4
25 27
25 75
26 53
26 65
26 71
26 78
26 80
26 96
26 97
26 2
26 18
26 36
26 76
27 55
27 56
27 67
27 25
27 39
27 77
28 54
28 63
28 93
28 17
28 78
29 54
29 76
29 91
29 17
29 20
29 47
29 79
30 54
30 66
30 92
30 39
30 80
31 52
31 82
31 87
31 93
31 13
31 46
31 81
32 65
32 92
32 40
32 82
33 58
33 80
33 91
33 9
33 15
33 35
33 83
34 53
34 82
34 94
34 0
34 17
34 22
34 84
35 56
35 58
35 79
35 19
35 33
35 41
35 85
36 69
36 7
36 23
36 26
36 39
36 42
36 43
36 86
37 61
37 69
37 84
37 94
37 2
37 4
37 6
37 16
37 87
38 59
38 73
38 92
38 47
38 88
39 61
39 23
39 27
39 30
39 36
39 89
40 63
40 92
40 1
40 22
40 24
40 32
40 90
41 74
41 35
41 45
41 91
42 57
42 5
42 36
42 92
43 69
43 75
43 79
43 80
43 88
43 36
43 93
44 77
44 86
44 95
44 97
44 12
44 94
45 73
45 75
45 41
45 49
45 95
46 63
46 93
46 4
46 17
46 31
46 49
46 96
47 68
47 72
47 92
47 2
47 5
47 16
47 29
47 38
47 97
48 51
48 52
48 57
48 61
48 62
48 65
48 77
48 21
48 98
49 85
49 92
49 8
49 45
49 46
49 99
50 19
50 0
51 48
51 1
52 24
52 31
52 48
52 2
53 26
53 34
53 3
54 12
54 15
54 28
54 29
54 30
54 4
55 22
55 27
55 5
56 4
56 9
56 27
56 35
56 6
57 42
57 48
57 7
58 6
58 9
58 14
58 22
58 33
58 35
58 8
59 9
59 16
59 38
60 6
60 10
61 37
61 39
61 48
61 11
62 14
62 48
62 12
63 10
63 28
63 40
63 46
63 13
64 9
64 12
64 14
65 20
65 26
65 32
65 48
65 15
66 9
66 21
66 30
66 16
67 27
67 17
68 47
68 18
69 36
69 37
69 43
69 19
70 3
70 7
70 11
70 20
71 1
71 12
71 18
71 25
71 26
71 21
72 6
72 47
72 22
73 38
73 45
73 23
74 12
74 22
74 25
74 41
74 24
75 43
75 45
75 25
76 18
76 25
76 29
76 26
77 1
77 20
77 44
77 48
77 27
78 26
78 28
79 23
79 35
79 43
79 29
80 25
80 26
80 33
80 43
80 30
81 10
81 25
81 31
82 3
82 6
82 13
82 18
82 31
82 34
82 32
83 5
83 14
83 15
83 25
83 33
84 19
84 23
84 37
84 34
85 49
85 35
86 3
86 5
86 44
86 36
87 8
87 15
87 31
87 37
88 3
88 7
88 43
88 38
89 17
89 39
90 2
90 17
90 40
91 4
91 7
91 18
91 29
91 33
91 41
92 0
92 7
92 10
92 20
92 30
92 32
92 38
92 40
92 47
92 49
92 42
93 11
93 16
93 24
93 28
93 31
93 46
93 43
94 8
94 34
94 37
94 44
95 14
95 18
95 44
95 45
96 26
96 46
97 21
97 23
97 26
97 44
97 47
98 2
98 9
98 17
98 48
99 17
99 49
