  200   957
0 103
0 116
0 124
0 133
0 142
0 147
0 181
0 3
0 8
0 44
0 46
0 72
0 77
0 83
0 85
0 95
0 99
0 100
1 103
1 185
1 2
1 16
1 29
1 46
1 59
1 66
1 76
1 84
1 101
2 110
2 133
2 149
2 1
2 10
2 12
2 48
2 76
2 78
2 102
3 110
3 129
3 131
3 146
3 164
3 183
3 199
3 175
3 157
3 114
3 0
3 12
3 24
3 42
3 55
3 56
3 61
3 66
3 68
3 94
3 97
3 103
4 108
4 125
4 139
4 149
4 190
4 22
4 27
4 43
4 49
4 77
4 79
4 88
4 104
5 118
5 140
5 146
5 166
5 24
5 28
5 36
5 43
5 59
5 65
5 80
5 95
5 105
6 116
6 118
6 119
6 190
6 192
6 10
6 13
6 23
6 31
6 44
6 50
6 51
6 52
6 54
6 61
6 64
6 79
6 106
7 113
7 196
7 26
7 58
7 73
7 78
7 82
7 91
7 107
8 124
8 127
8 146
8 180
8 0
8 15
8 16
8 18
8 24
8 58
8 83
8 85
8 108
9 111
9 122
9 128
9 130
9 184
9 196
9 34
9 59
9 77
9 79
9 80
9 81
9 85
9 109
10 104
10 143
10 159
10 161
10 166
10 167
10 2
10 6
10 12
10 34
10 39
10 47
10 54
10 57
10 64
10 81
10 110
11 111
11 133
11 137
11 179
11 23
11 59
11 66
11 74
12 121
12 155
12 164
12 182
12 2
12 3
12 10
12 20
12 25
12 28
12 50
12 79
12 97
12 112
13 107
13 123
13 131
13 143
13 179
13 196
13 6
13 17
13 22
13 38
13 40
13 88
13 89
13 91
13 113
14 133
14 138
14 173
14 174
14 15
14 17
14 33
14 47
14 51
14 61
14 83
14 99
14 114
15 106
15 118
15 150
15 180
15 189
15 190
15 8
15 14
15 19
15 23
15 36
15 69
15 90
15 115
16 102
16 130
16 133
16 185
16 192
16 1
16 8
16 17
16 20
16 24
16 27
16 54
16 56
16 61
16 67
16 71
16 76
16 93
16 98
16 116
17 116
17 131
17 181
17 199
17 13
17 14
17 16
17 21
17 48
17 49
17 59
17 60
17 77
17 80
17 86
17 94
17 117
18 111
18 115
18 139
18 142
18 149
18 163
18 173
18 8
18 21
18 28
18 45
18 54
18 118
19 183
19 186
19 15
19 34
19 36
19 88
19 119
20 107
20 127
20 133
20 192
20 12
20 16
20 30
20 44
20 47
20 64
20 80
20 81
20 85
20 92
20 120
21 104
21 115
21 132
21 166
21 174
21 17
21 18
21 26
21 27
21 36
21 49
21 55
21 58
21 64
21 80
21 121
22 110
22 121
22 126
22 128
22 153
22 182
22 191
22 198
22 4
22 13
22 31
22 68
22 71
22 81
22 82
22 86
22 88
22 89
22 91
22 122
23 107
23 125
23 144
23 155
23 182
23 197
23 6
23 11
23 15
23 44
23 48
23 59
23 66
23 68
23 73
23 92
23 95
23 123
24 133
24 139
24 156
24 199
24 3
24 5
24 8
24 16
24 30
24 42
24 49
24 63
24 68
24 95
24 124
25 107
25 142
25 151
25 178
25 189
25 12
25 51
25 52
25 84
25 89
25 92
25 125
26 101
26 152
26 168
26 7
26 21
26 35
26 48
26 52
26 54
26 76
26 81
26 92
26 97
26 126
27 117
27 181
27 193
27 4
27 16
27 21
27 34
27 69
27 71
27 73
27 78
27 79
27 94
27 95
27 97
27 127
28 132
28 166
28 192
28 5
28 12
28 18
28 38
28 57
28 128
29 127
29 140
29 169
29 173
29 177
29 190
29 1
29 47
29 129
30 110
30 130
30 177
30 20
30 24
30 44
30 45
30 53
30 91
31 103
31 109
31 119
31 129
31 153
31 156
31 186
31 193
31 6
31 22
31 56
31 60
31 79
31 131
32 119
32 155
32 35
32 74
32 91
32 96
32 132
33 140
33 153
33 166
33 179
33 187
33 14
33 49
33 54
33 57
33 73
33 95
33 133
34 102
34 112
34 176
34 9
34 10
34 19
34 27
34 61
34 73
34 83
34 134
35 109
35 192
35 194
35 26
35 32
35 48
35 52
35 64
35 71
35 75
35 135
36 116
36 147
36 154
36 170
36 189
36 5
36 15
36 19
36 21
36 38
36 50
36 52
36 73
36 75
36 78
36 136
37 104
37 128
37 132
37 139
37 152
37 158
37 162
37 173
37 185
37 64
37 75
37 99
37 137
38 109
38 123
38 136
38 138
38 142
38 158
38 159
38 13
38 28
38 36
38 40
38 56
38 65
38 91
39 109
39 116
39 159
39 170
39 173
39 185
39 10
39 48
39 53
39 55
39 75
39 139
40 139
40 161
40 169
40 13
40 38
40 54
40 61
40 69
40 76
40 94
40 140
41 136
41 161
41 166
41 47
41 61
41 73
41 75
41 78
41 87
41 90
41 93
41 95
41 141
42 120
42 153
42 158
42 173
42 196
42 3
42 24
42 55
42 67
42 72
42 82
42 142
43 104
43 115
43 140
43 149
43 154
43 169
43 182
43 185
43 4
43 5
43 51
43 72
43 80
43 93
43 143
44 102
44 130
44 133
44 182
44 0
44 6
44 20
44 23
44 30
44 50
44 84
44 144
45 104
45 118
45 147
45 152
45 18
45 30
45 54
45 55
45 65
45 74
45 75
45 79
45 94
45 145
46 107
46 121
46 124
46 135
46 156
46 164
46 0
46 1
46 69
46 78
46 82
46 92
46 93
46 146
47 100
47 106
47 111
47 156
47 176
47 187
47 198
47 10
47 14
47 20
47 29
47 41
47 72
47 87
47 90
47 94
47 147
48 139
48 184
48 193
48 2
48 17
48 23
48 26
48 35
48 39
48 53
48 55
48 72
48 84
48 88
48 98
48 148
49 104
49 122
49 143
49 196
49 4
49 17
49 21
49 24
49 33
49 50
49 57
49 60
49 88
49 91
49 149
50 117
50 121
50 6
50 12
50 36
50 44
50 49
50 52
50 57
50 69
50 99
50 150
51 105
51 115
51 124
51 178
51 6
51 14
51 25
51 43
51 53
51 64
51 79
51 94
51 151
52 108
52 112
52 131
52 137
52 145
52 6
52 25
52 26
52 35
52 36
52 50
52 64
52 66
52 73
52 89
52 90
52 152
53 103
53 116
53 179
53 188
53 30
53 39
53 48
53 51
53 58
53 63
53 72
53 83
53 88
53 153
54 127
54 143
54 145
54 149
54 192
54 193
54 198
54 6
54 10
54 16
54 18
54 26
54 33
54 40
54 45
54 85
54 87
54 154
55 147
55 160
55 165
55 167
55 3
55 21
55 39
55 42
55 45
55 48
55 61
55 73
55 74
55 75
55 83
55 85
55 155
56 117
56 156
56 3
56 16
56 31
56 38
56 68
56 74
56 80
56 83
56 84
57 128
57 181
57 184
57 10
57 28
57 33
57 49
57 50
57 74
57 83
57 99
57 157
58 110
58 140
58 158
58 192
58 7
58 8
58 21
58 53
58 61
58 64
58 67
58 86
58 96
59 103
59 155
59 172
59 190
59 1
59 5
59 9
59 11
59 17
59 23
59 61
59 72
59 79
59 84
59 159
60 145
60 154
60 173
60 176
60 17
60 31
60 49
60 70
60 71
60 72
60 90
60 95
60 160
61 120
61 153
61 170
61 173
61 193
61 3
61 6
61 14
61 16
61 34
61 40
61 41
61 55
61 58
61 59
61 64
61 65
61 161
62 127
62 137
62 147
62 184
62 197
62 72
62 92
62 162
63 134
63 173
63 188
63 198
63 24
63 53
63 87
63 90
63 95
63 163
64 137
64 138
64 158
64 191
64 6
64 10
64 20
64 21
64 35
64 37
64 51
64 52
64 58
64 61
64 75
64 79
64 83
64 90
64 164
65 121
65 155
65 5
65 38
65 45
65 61
65 87
65 90
65 93
65 94
65 98
65 165
66 128
66 147
66 167
66 1
66 3
66 11
66 23
66 52
66 76
66 93
66 94
66 95
66 166
67 126
67 131
67 148
67 156
67 167
67 177
67 196
67 16
67 42
67 58
68 101
68 102
68 110
68 115
68 124
68 146
68 165
68 199
68 3
68 22
68 23
68 24
68 56
68 71
68 83
68 88
68 168
69 101
69 188
69 15
69 27
69 40
69 46
69 50
69 85
69 87
69 88
69 169
70 117
70 125
70 60
70 74
70 170
71 113
71 146
71 173
71 16
71 22
71 27
71 35
71 60
71 68
71 88
71 171
72 101
72 133
72 155
72 156
72 197
72 0
72 42
72 43
72 47
72 48
72 53
72 59
72 60
72 62
72 76
72 83
72 88
72 96
72 172
73 106
73 134
73 147
73 156
73 195
73 7
73 23
73 27
73 33
73 34
73 36
73 41
73 52
73 55
73 173
74 121
74 136
74 165
74 196
74 11
74 32
74 45
74 55
74 56
74 57
74 70
74 174
75 196
75 35
75 36
75 37
75 39
75 41
75 45
75 55
75 64
75 76
75 82
75 175
76 107
76 130
76 144
76 145
76 151
76 153
76 180
76 181
76 1
76 2
76 16
76 26
76 40
76 66
76 72
76 75
76 176
77 124
77 125
77 156
77 190
77 0
77 4
77 9
77 17
77 80
77 87
77 95
77 177
78 115
78 152
78 185
78 2
78 7
78 27
78 36
78 41
78 46
78 83
78 96
78 178
79 103
79 105
79 127
79 131
79 155
79 156
79 184
79 4
79 6
79 9
79 12
79 27
79 31
79 45
79 51
79 59
79 64
79 92
79 179
80 116
80 118
80 145
80 176
80 190
80 5
80 9
80 17
80 20
80 21
80 43
80 56
80 77
80 180
81 155
81 163
81 179
81 181
81 9
81 10
81 20
81 22
81 26
81 93
81 95
81 96
81 98
82 138
82 156
82 7
82 22
82 42
82 46
82 75
82 182
83 121
83 143
83 151
83 184
83 189
83 192
83 0
83 8
83 14
83 34
83 53
83 55
83 56
83 57
83 64
83 68
83 72
83 78
83 183
84 140
84 164
84 193
84 1
84 25
84 44
84 48
84 56
84 59
84 184
85 101
85 131
85 141
85 179
85 193
85 0
85 8
85 9
85 20
85 54
85 55
85 69
85 185
86 103
86 107
86 110
86 126
86 139
86 142
86 149
86 150
86 160
86 197
86 17
86 22
86 58
86 91
86 186
87 106
87 107
87 145
87 150
87 170
87 185
87 41
87 47
87 54
87 63
87 65
87 69
87 77
87 187
88 124
88 149
88 165
88 179
88 195
88 4
88 13
88 19
88 22
88 48
88 49
88 53
88 68
88 69
88 71
88 72
88 92
88 188
89 107
89 178
89 187
89 196
89 13
89 22
89 25
89 52
89 189
90 144
90 153
90 187
90 15
90 41
90 47
90 52
90 60
90 63
90 64
90 65
90 190
91 104
91 116
91 141
91 7
91 13
91 22
91 30
91 32
91 38
91 49
91 86
91 191
92 150
92 174
92 20
92 23
92 25
92 26
92 46
92 62
92 79
92 88
92 97
92 192
93 120
93 136
93 148
93 187
93 16
93 41
93 43
93 46
93 65
93 66
93 81
93 193
94 136
94 154
94 159
94 180
94 186
94 187
94 190
94 3
94 17
94 27
94 40
94 45
94 47
94 51
94 65
94 66
94 194
95 103
95 164
95 171
95 184
95 197
95 0
95 5
95 23
95 24
95 27
95 33
95 41
95 60
95 63
95 66
95 77
95 81
95 195
96 164
96 174
96 32
96 58
96 72
96 78
96 81
96 97
96 196
97 103
97 143
97 153
97 165
97 181
97 184
97 3
97 12
97 26
97 27
97 92
97 96
97 197
98 102
98 109
98 113
98 128
98 161
98 170
98 182
98 184
98 192
98 16
98 48
98 65
98 81
98 198
99 107
99 122
99 124
99 137
99 148
99 161
99 168
99 186
99 189
99 0
99 14
99 37
99 50
99 57
99 199
100 47
100 0
101 26
101 68
101 69
101 72
101 85
101 1
102 16
102 34
102 44
102 68
102 98
102 2
103 0
103 1
103 31
103 53
103 59
103 79
103 86
103 95
103 97
103 3
104 10
104 21
104 37
104 43
104 45
104 49
104 91
104 4
105 51
105 79
105 5
106 15
106 47
106 73
106 87
106 6
107 13
107 20
107 23
107 25
107 46
107 76
107 86
107 87
107 89
107 99
107 7
108 4
108 52
108 8
109 31
109 35
109 38
109 39
109 98
109 9
110 2
110 3
110 22
110 30
110 58
110 68
110 86
110 10
111 9
111 11
111 18
111 47
112 34
112 52
112 12
113 7
113 71
113 98
113 13
114 3
114 14
115 18
115 21
115 43
115 51
115 68
115 78
115 15
116 0
116 6
116 17
116 36
116 39
116 53
116 80
116 91
116 16
117 27
117 50
117 56
117 70
117 17
118 5
118 6
118 15
118 45
118 80
118 18
119 6
119 31
119 32
119 19
120 42
120 61
120 93
120 20
121 12
121 22
121 46
121 50
121 65
121 74
121 83
121 21
122 9
122 49
122 99
122 22
123 13
123 38
123 23
124 0
124 8
124 46
124 51
124 68
124 77
124 88
124 99
124 24
125 4
125 23
125 70
125 77
125 25
126 22
126 67
126 86
126 26
127 8
127 20
127 29
127 54
127 62
127 79
127 27
128 9
128 22
128 37
128 57
128 66
128 98
128 28
129 3
129 31
129 29
130 9
130 16
130 30
130 44
130 76
131 3
131 13
131 17
131 52
131 67
131 79
131 85
131 31
132 21
132 28
132 37
132 32
133 0
133 2
133 11
133 14
133 16
133 20
133 24
133 44
133 72
133 33
134 63
134 73
134 34
135 46
135 35
136 38
136 41
136 74
136 93
136 94
136 36
137 11
137 52
137 62
137 64
137 99
137 37
138 14
138 38
138 64
138 82
139 4
139 18
139 24
139 37
139 40
139 48
139 86
139 39
140 5
140 29
140 33
140 43
140 58
140 84
140 40
141 85
141 91
141 41
142 0
142 18
142 25
142 38
142 86
142 42
143 10
143 13
143 49
143 54
143 83
143 97
143 43
144 23
144 76
144 90
144 44
145 52
145 54
145 60
145 76
145 80
145 87
145 45
146 3
146 5
146 8
146 68
146 71
146 46
147 0
147 36
147 45
147 55
147 62
147 66
147 73
147 47
148 67
148 93
148 99
148 48
149 2
149 4
149 18
149 43
149 54
149 86
149 88
149 49
150 15
150 86
150 87
150 92
150 50
151 25
151 76
151 83
151 51
152 26
152 37
152 45
152 78
152 52
153 22
153 31
153 33
153 42
153 61
153 76
153 90
153 97
153 53
154 36
154 43
154 60
154 94
154 54
155 12
155 23
155 32
155 59
155 65
155 72
155 79
155 81
155 55
156 24
156 31
156 46
156 47
156 56
156 67
156 72
156 73
156 77
156 79
156 82
157 3
157 57
158 37
158 38
158 42
158 58
158 64
159 10
159 38
159 39
159 94
159 59
160 55
160 86
160 60
161 10
161 40
161 41
161 98
161 99
161 61
162 37
162 62
163 18
163 81
163 63
164 3
164 12
164 46
164 84
164 95
164 96
164 64
165 55
165 68
165 74
165 88
165 97
165 65
166 5
166 10
166 21
166 28
166 33
166 41
166 66
167 10
167 55
167 66
167 67
168 26
168 99
168 68
169 29
169 40
169 43
169 69
170 36
170 39
170 61
170 87
170 98
170 70
171 95
171 71
172 59
172 72
173 14
173 18
173 29
173 37
173 39
173 42
173 60
173 61
173 63
173 71
173 73
174 14
174 21
174 92
174 96
174 74
175 3
175 75
176 34
176 47
176 60
176 80
176 76
177 29
177 30
177 67
177 77
178 25
178 51
178 89
178 78
179 11
179 13
179 33
179 53
179 81
179 85
179 88
179 79
180 8
180 15
180 76
180 94
180 80
181 0
181 17
181 27
181 57
181 76
181 81
181 97
182 12
182 22
182 23
182 43
182 44
182 98
182 82
183 3
183 19
183 83
184 9
184 48
184 57
184 62
184 79
184 83
184 95
184 97
184 98
184 84
185 1
185 16
185 37
185 39
185 43
185 78
185 87
185 85
186 19
186 31
186 94
186 99
186 86
187 33
187 47
187 89
187 90
187 93
187 94
187 87
188 53
188 63
188 69
188 88
189 15
189 25
189 36
189 83
189 99
189 89
190 4
190 6
190 15
190 29
190 59
190 77
190 80
190 94
190 90
191 22
191 64
191 91
192 6
192 16
192 20
192 28
192 35
192 54
192 58
192 83
192 98
192 92
193 27
193 31
193 48
193 54
193 61
193 84
193 85
193 93
194 35
194 94
195 73
195 88
195 95
196 7
196 9
196 13
196 42
196 49
196 67
196 74
196 75
196 89
196 96
197 23
197 62
197 72
197 86
197 95
197 97
198 22
198 47
198 54
198 63
198 98
199 3
199 17
199 24
199 68
199 99
