  400   1270
0 282
0 316
0 8
0 47
0 78
0 129
0 200
1 313
1 389
1 32
1 101
1 146
1 201
2 276
2 259
2 64
2 81
2 87
2 89
2 134
2 174
2 202
3 280
3 276
3 37
3 43
3 66
3 102
3 126
3 130
3 146
3 203
4 208
4 273
4 315
4 36
4 59
4 74
4 116
4 154
4 204
5 207
5 319
5 322
5 325
5 326
5 361
5 13
5 34
5 67
5 125
5 146
5 155
5 173
5 187
5 205
6 276
6 32
6 33
6 96
6 125
6 143
6 150
6 153
6 185
6 187
6 206
7 255
7 300
7 308
7 72
7 87
7 104
7 133
7 151
7 173
7 207
8 321
8 0
8 18
8 52
8 54
8 107
8 150
8 152
8 154
8 181
8 187
8 208
9 266
9 29
9 164
9 165
9 199
9 209
10 263
10 325
10 338
10 29
10 85
10 150
10 187
10 210
11 285
11 280
11 26
11 70
11 71
11 109
11 123
11 135
11 142
11 211
12 205
12 19
12 29
12 78
12 86
12 121
12 159
12 212
13 277
13 369
13 391
13 5
13 18
13 22
13 44
13 45
13 62
13 66
13 95
13 110
13 169
13 190
13 213
14 270
14 283
14 56
14 114
14 167
14 168
14 171
14 176
14 214
15 287
15 285
15 17
15 31
15 87
15 99
15 215
16 220
16 111
16 143
16 153
16 181
16 184
16 190
16 216
17 328
17 15
17 60
17 132
17 217
18 274
18 303
18 343
18 361
18 376
18 8
18 13
18 46
18 81
18 100
18 104
18 149
18 173
18 179
18 218
19 210
19 223
19 376
19 12
19 30
19 87
19 110
19 142
19 174
19 219
20 210
20 255
20 29
20 60
20 114
20 131
20 167
20 220
21 250
21 376
21 50
21 55
21 63
21 88
21 108
21 158
21 169
21 187
21 192
21 199
21 221
22 201
22 214
22 13
22 61
22 90
22 93
22 152
22 161
22 166
22 222
23 210
23 363
23 369
23 376
23 76
23 113
23 116
23 184
23 196
23 223
24 233
24 300
24 25
24 83
24 93
24 95
24 131
24 140
24 167
24 176
24 189
24 224
25 343
25 24
25 52
25 92
25 129
25 225
26 202
26 309
26 392
26 11
26 31
26 55
26 70
26 121
26 163
26 174
26 199
26 226
27 269
27 49
27 74
27 105
27 127
27 165
27 179
27 227
28 289
28 287
28 32
28 75
28 84
28 140
28 228
29 367
29 9
29 10
29 12
29 20
29 33
29 48
29 74
29 95
29 115
29 148
29 157
29 229
30 229
30 313
30 317
30 19
30 88
30 110
30 230
31 212
31 217
31 312
31 15
31 26
31 37
31 83
31 105
31 139
31 143
31 164
31 177
31 231
32 219
32 359
32 1
32 6
32 28
32 47
32 182
32 232
33 344
33 356
33 6
33 29
33 84
33 107
33 115
33 139
33 141
33 186
33 233
34 262
34 305
34 5
34 44
34 65
34 76
34 77
34 90
34 108
34 109
34 155
34 234
35 208
35 264
35 301
35 388
35 86
35 110
35 171
35 235
36 291
36 289
36 4
36 94
36 110
36 120
36 132
36 172
36 236
37 292
37 291
37 3
37 31
37 55
37 97
37 170
37 237
38 321
38 82
38 85
38 144
38 170
38 238
39 215
39 236
39 237
39 248
39 51
39 63
39 64
39 115
39 127
39 161
39 167
39 173
39 239
40 208
40 277
40 293
40 77
40 108
40 123
40 132
40 141
40 150
40 159
40 165
40 240
41 279
41 314
41 106
41 241
42 294
42 292
42 93
42 140
42 185
42 242
43 255
43 3
43 141
43 148
43 160
43 243
44 220
44 297
44 319
44 13
44 34
44 93
44 105
44 137
44 138
44 244
45 295
45 376
45 13
45 67
45 77
45 84
45 90
45 158
45 173
45 179
45 195
45 245
46 214
46 275
46 357
46 366
46 18
46 78
46 82
46 93
46 99
46 100
46 181
46 246
47 206
47 262
47 379
47 380
47 0
47 32
47 50
47 70
47 121
47 129
47 179
47 180
47 247
48 286
48 362
48 29
48 50
48 64
48 121
48 248
49 296
49 294
49 27
49 136
49 171
49 249
50 225
50 393
50 21
50 47
50 48
50 80
50 101
50 139
50 177
50 189
50 250
51 369
51 39
51 89
51 118
51 159
51 251
52 319
52 351
52 8
52 25
52 82
52 102
52 110
52 122
52 146
52 169
52 252
53 228
53 345
53 364
53 89
53 137
53 253
54 201
54 248
54 392
54 8
54 84
54 129
54 153
54 158
54 193
54 254
55 270
55 21
55 26
55 37
55 61
55 255
56 233
56 293
56 14
56 74
56 90
56 131
56 193
56 256
57 200
57 322
57 339
57 369
57 63
57 73
57 77
57 89
57 101
57 150
57 183
57 257
58 298
58 296
58 144
58 151
58 258
59 318
59 298
59 4
59 89
59 93
59 140
59 189
59 259
60 224
60 295
60 347
60 395
60 17
60 20
60 93
60 108
60 260
61 229
61 391
61 22
61 55
61 71
61 140
61 168
61 186
61 261
62 210
62 272
62 373
62 13
62 70
62 140
62 150
62 162
62 172
62 187
62 262
63 386
63 21
63 39
63 57
63 116
63 121
63 185
63 263
64 290
64 2
64 39
64 48
64 117
64 264
65 245
65 277
65 315
65 352
65 34
65 71
65 92
65 122
65 129
65 160
65 176
65 196
65 265
66 252
66 267
66 319
66 331
66 3
66 13
66 161
66 266
67 218
67 310
67 387
67 5
67 45
67 77
67 103
67 132
67 160
67 267
68 259
68 98
68 169
68 170
68 268
69 310
69 314
69 85
69 96
69 143
69 269
70 315
70 11
70 26
70 47
70 62
70 97
70 99
70 125
70 127
70 128
70 157
70 170
70 186
70 270
71 225
71 241
71 11
71 61
71 65
71 122
71 157
71 185
71 271
72 266
72 315
72 7
72 89
72 126
72 272
73 388
73 57
73 87
73 96
73 133
73 150
73 273
74 364
74 385
74 4
74 27
74 29
74 56
74 101
74 107
74 111
74 138
74 144
74 180
74 274
75 324
75 318
75 28
75 79
75 120
75 275
76 385
76 23
76 34
76 107
76 122
76 164
76 176
76 276
77 328
77 324
77 34
77 40
77 45
77 57
77 67
77 157
77 277
78 231
78 348
78 0
78 12
78 46
78 85
78 108
78 109
78 131
78 177
78 186
78 278
79 332
79 328
79 75
79 142
79 183
79 279
80 203
80 209
80 395
80 50
80 127
80 182
80 186
80 280
81 204
81 337
81 2
81 18
81 107
81 140
81 158
81 281
82 336
82 332
82 38
82 46
82 52
82 92
82 136
82 138
82 146
82 282
83 389
83 24
83 31
83 134
83 135
83 283
84 217
84 334
84 28
84 33
84 45
84 54
84 95
84 158
84 163
84 168
84 183
84 284
85 204
85 380
85 10
85 38
85 69
85 78
85 90
85 93
85 97
85 114
85 129
85 148
85 193
85 285
86 284
86 12
86 35
86 88
86 108
86 152
86 194
86 286
87 272
87 299
87 387
87 2
87 7
87 15
87 19
87 73
87 135
87 287
88 288
88 21
88 30
88 86
88 192
89 233
89 281
89 390
89 2
89 51
89 53
89 57
89 59
89 72
89 182
89 289
90 340
90 336
90 22
90 34
90 45
90 56
90 85
90 104
90 161
90 165
90 185
90 290
91 252
91 105
91 110
91 291
92 219
92 261
92 282
92 346
92 359
92 25
92 65
92 82
92 138
92 140
92 147
92 184
92 191
92 292
93 200
93 310
93 22
93 24
93 42
93 44
93 46
93 59
93 60
93 85
93 94
93 111
93 175
93 293
94 310
94 348
94 36
94 93
94 167
94 294
95 243
95 248
95 13
95 24
95 29
95 84
95 100
95 129
95 152
95 174
95 295
96 205
96 300
96 310
96 367
96 6
96 69
96 73
96 141
96 164
96 180
96 296
97 281
97 357
97 37
97 70
97 85
97 125
97 179
97 192
97 297
98 268
98 272
98 352
98 68
98 159
98 188
98 298
99 247
99 290
99 15
99 46
99 70
99 184
99 198
99 299
100 301
100 313
100 337
100 342
100 18
100 46
100 95
100 131
100 187
100 190
100 196
100 300
101 254
101 1
101 50
101 57
101 74
101 126
101 165
101 176
101 193
101 196
101 301
102 264
102 267
102 286
102 397
102 3
102 52
102 153
102 181
102 182
102 302
103 233
103 279
103 304
103 355
103 67
103 303
104 270
104 282
104 7
104 18
104 90
104 154
104 155
104 178
104 304
105 209
105 290
105 335
105 355
105 359
105 27
105 31
105 44
105 91
105 198
105 305
106 236
106 304
106 363
106 390
106 41
106 170
106 176
106 306
107 323
107 327
107 353
107 369
107 8
107 33
107 74
107 76
107 81
107 307
108 232
108 21
108 34
108 40
108 60
108 78
108 86
108 154
108 308
109 216
109 279
109 352
109 11
109 34
109 78
109 166
109 197
109 309
110 262
110 13
110 19
110 30
110 35
110 36
110 52
110 91
110 148
110 173
110 310
111 216
111 243
111 273
111 16
111 74
111 93
111 311
112 220
112 260
112 286
112 347
112 123
112 151
112 154
112 180
112 312
113 239
113 23
113 158
113 313
114 257
114 378
114 383
114 14
114 20
114 85
114 119
114 138
114 188
114 314
115 343
115 370
115 29
115 33
115 39
115 116
115 181
115 315
116 274
116 337
116 4
116 23
116 63
116 115
116 125
116 183
116 192
116 316
117 218
117 236
117 286
117 64
117 135
117 194
117 317
118 309
118 369
118 51
118 132
118 169
118 318
119 211
119 270
119 281
119 286
119 311
119 334
119 114
119 121
119 140
119 169
119 319
120 208
120 217
120 265
120 319
120 36
120 75
120 137
120 143
120 154
120 320
121 242
121 12
121 26
121 47
121 48
121 63
121 119
121 154
121 182
121 185
121 198
121 321
122 341
122 340
122 52
122 65
122 71
122 76
122 131
122 161
122 175
122 322
123 227
123 271
123 11
123 40
123 112
123 323
124 247
124 329
124 150
124 151
124 324
125 233
125 273
125 360
125 5
125 6
125 70
125 97
125 116
125 151
125 191
125 198
125 325
126 206
126 256
126 3
126 72
126 101
126 127
126 175
126 190
126 194
126 326
127 202
127 383
127 27
127 39
127 70
127 80
127 126
127 160
127 327
128 349
128 341
128 70
128 155
128 189
128 192
128 328
129 350
129 349
129 222
129 221
129 0
129 25
129 47
129 54
129 65
129 85
129 95
129 151
129 155
129 164
129 329
130 354
130 350
130 232
130 222
130 3
130 176
130 181
130 191
130 330
131 248
131 299
131 20
131 24
131 56
131 78
131 100
131 122
131 142
131 331
132 378
132 383
132 17
132 36
132 40
132 67
132 118
132 145
132 194
132 332
133 224
133 288
133 309
133 362
133 7
133 73
133 157
133 189
133 333
134 213
134 366
134 2
134 83
134 142
134 149
134 156
134 334
135 226
135 323
135 376
135 11
135 83
135 87
135 117
135 136
135 174
135 335
136 260
136 331
136 49
136 82
136 135
136 187
136 336
137 215
137 228
137 238
137 44
137 53
137 120
137 145
137 156
137 196
137 337
138 315
138 333
138 376
138 44
138 74
138 82
138 92
138 114
138 153
138 338
139 356
139 31
139 33
139 50
139 339
140 233
140 304
140 320
140 383
140 24
140 28
140 42
140 59
140 61
140 62
140 81
140 92
140 119
140 184
140 340
141 215
141 216
141 252
141 33
141 40
141 43
141 96
141 160
141 163
141 173
141 175
141 196
141 341
142 267
142 11
142 19
142 79
142 131
142 134
142 172
142 342
143 324
143 6
143 16
143 31
143 69
143 120
143 185
143 192
143 198
143 199
143 343
144 262
144 38
144 58
144 74
144 148
144 344
145 292
145 132
145 137
145 153
145 165
145 173
145 345
146 230
146 263
146 1
146 3
146 5
146 52
146 82
146 196
146 346
147 224
147 320
147 92
147 199
147 347
148 313
148 29
148 43
148 85
148 110
148 144
148 348
149 264
149 306
149 365
149 390
149 18
149 134
149 349
150 220
150 304
150 385
150 6
150 8
150 10
150 40
150 57
150 62
150 73
150 124
150 169
150 350
151 302
151 325
151 344
151 346
151 385
151 7
151 58
151 112
151 124
151 125
151 129
151 162
151 351
152 398
152 8
152 22
152 86
152 95
152 158
152 177
152 352
153 202
153 302
153 314
153 353
153 6
153 16
153 54
153 102
153 138
153 145
154 368
154 354
154 234
154 232
154 4
154 8
154 104
154 108
154 112
154 120
154 121
154 156
155 278
155 310
155 375
155 5
155 34
155 104
155 128
155 129
155 182
155 185
155 199
155 355
156 249
156 260
156 359
156 372
156 134
156 137
156 154
156 167
156 356
157 228
157 236
157 357
157 358
157 388
157 29
157 70
157 71
157 77
157 133
158 278
158 21
158 45
158 54
158 81
158 84
158 113
158 152
158 164
158 358
159 246
159 313
159 380
159 12
159 40
159 51
159 98
159 162
159 185
159 359
160 244
160 337
160 43
160 65
160 67
160 127
160 141
160 164
160 177
160 194
160 360
161 374
161 368
161 235
161 234
161 22
161 39
161 66
161 90
161 122
161 172
161 188
161 361
162 218
162 233
162 351
162 371
162 62
162 151
162 159
162 173
162 362
163 218
163 26
163 84
163 141
163 363
164 377
164 374
164 239
164 235
164 9
164 31
164 76
164 96
164 129
164 158
164 160
164 364
165 381
165 377
165 240
165 239
165 9
165 27
165 40
165 90
165 101
165 145
165 171
165 365
166 355
166 22
166 109
166 187
166 192
166 366
167 231
167 375
167 14
167 20
167 24
167 39
167 94
167 156
167 177
167 183
167 195
167 367
168 382
168 381
168 242
168 240
168 14
168 61
168 84
168 368
169 260
169 311
169 13
169 21
169 52
169 68
169 118
169 119
169 150
169 369
170 233
170 37
170 38
170 68
170 70
170 106
170 181
170 185
170 196
170 370
171 321
171 375
171 398
171 14
171 35
171 49
171 165
171 174
171 185
171 371
172 220
172 223
172 269
172 270
172 36
172 62
172 142
172 161
172 198
172 372
173 206
173 216
173 306
173 386
173 5
173 7
173 18
173 39
173 45
173 110
173 141
173 145
173 162
173 373
174 284
174 345
174 2
174 19
174 26
174 95
174 135
174 171
174 183
174 374
175 384
175 382
175 251
175 242
175 93
175 122
175 126
175 141
175 375
176 279
176 370
176 14
176 24
176 65
176 76
176 101
176 106
176 130
176 376
177 394
177 384
177 253
177 251
177 31
177 50
177 78
177 152
177 160
177 167
177 377
178 368
178 104
178 378
179 237
179 264
179 303
179 330
179 383
179 18
179 27
179 45
179 47
179 97
179 379
180 395
180 47
180 74
180 96
180 112
180 380
181 310
181 393
181 397
181 8
181 16
181 46
181 102
181 115
181 130
181 170
181 196
181 381
182 295
182 362
182 32
182 80
182 89
182 102
182 121
182 155
182 382
183 222
183 57
183 79
183 84
183 116
183 167
183 174
183 383
184 307
184 315
184 16
184 23
184 92
184 99
184 140
184 384
185 396
185 394
185 254
185 253
185 6
185 42
185 63
185 71
185 90
185 121
185 143
185 155
185 159
185 170
185 171
185 385
186 245
186 249
186 33
186 61
186 70
186 78
186 80
186 197
186 386
187 209
187 386
187 5
187 6
187 8
187 10
187 21
187 62
187 100
187 136
187 166
187 387
188 206
188 269
188 98
188 114
188 161
188 388
189 219
189 224
189 245
189 260
189 271
189 345
189 24
189 50
189 59
189 128
189 133
189 193
189 389
190 245
190 13
190 16
190 100
190 126
190 390
191 301
191 92
191 125
191 130
191 391
192 269
192 351
192 21
192 88
192 97
192 116
192 128
192 143
192 166
192 392
193 228
193 343
193 345
193 362
193 54
193 56
193 85
193 101
193 189
193 393
194 258
194 86
194 117
194 126
194 132
194 160
194 394
195 398
195 396
195 258
195 254
195 45
195 167
195 395
196 217
196 330
196 23
196 65
196 100
196 101
196 137
196 141
196 146
196 170
196 181
196 396
197 278
197 334
197 109
197 186
197 397
198 200
198 275
198 314
198 99
198 105
198 121
198 125
198 143
198 172
198 398
199 399
199 398
199 259
199 258
199 9
199 21
199 26
199 143
199 147
199 155
200 57
200 93
200 198
200 0
201 22
201 54
201 1
202 26
202 127
202 153
202 2
203 80
203 3
204 81
204 85
204 4
205 12
205 96
205 5
206 47
206 126
206 173
206 188
206 6
207 5
207 7
208 4
208 35
208 40
208 120
208 8
209 80
209 105
209 187
209 9
210 19
210 20
210 23
210 62
210 10
211 119
211 11
212 31
212 12
213 134
213 13
214 22
214 46
214 14
215 39
215 137
215 141
215 15
216 109
216 111
216 141
216 173
216 16
217 31
217 84
217 120
217 196
217 17
218 67
218 117
218 162
218 163
218 18
219 32
219 92
219 189
219 19
220 16
220 44
220 112
220 150
220 172
220 20
221 129
221 21
222 129
222 130
222 183
222 22
223 19
223 172
223 23
224 60
224 133
224 147
224 189
224 24
225 50
225 71
225 25
226 135
226 26
227 123
227 27
228 53
228 137
228 157
228 193
228 28
229 30
229 61
229 29
230 146
230 30
231 78
231 167
231 31
232 108
232 130
232 154
232 32
233 24
233 56
233 89
233 103
233 125
233 140
233 162
233 170
233 33
234 154
234 161
234 34
235 161
235 164
235 35
236 39
236 106
236 117
236 157
236 36
237 39
237 179
237 37
238 137
238 38
239 113
239 164
239 165
239 39
240 165
240 168
240 40
241 71
241 41
242 121
242 168
242 175
242 42
243 95
243 111
243 43
244 160
244 44
245 65
245 186
245 189
245 190
245 45
246 159
246 46
247 99
247 124
247 47
248 39
248 54
248 95
248 131
248 48
249 156
249 186
249 49
250 21
250 50
251 175
251 177
251 51
252 66
252 91
252 141
252 52
253 177
253 185
253 53
254 101
254 185
254 195
254 54
255 7
255 20
255 43
255 55
256 126
256 56
257 114
257 57
258 194
258 195
258 199
258 58
259 2
259 68
259 199
259 59
260 112
260 136
260 156
260 169
260 189
260 60
261 92
261 61
262 34
262 47
262 110
262 144
262 62
263 10
263 146
263 63
264 35
264 102
264 149
264 179
264 64
265 120
265 65
266 9
266 72
266 66
267 66
267 102
267 142
267 67
268 98
268 68
269 27
269 172
269 188
269 192
269 69
270 14
270 55
270 104
270 119
270 172
270 70
271 123
271 189
271 71
272 62
272 87
272 98
272 72
273 4
273 111
273 125
273 73
274 18
274 116
274 74
275 46
275 198
275 75
276 2
276 3
276 6
276 76
277 13
277 40
277 65
277 77
278 155
278 158
278 197
278 78
279 41
279 103
279 109
279 176
279 79
280 3
280 11
280 80
281 89
281 97
281 119
281 81
282 0
282 92
282 104
282 82
283 14
283 83
284 86
284 174
284 84
285 11
285 15
285 85
286 48
286 102
286 112
286 117
286 119
286 86
287 15
287 28
287 87
288 88
288 133
289 28
289 36
289 89
290 64
290 99
290 105
290 90
291 36
291 37
291 91
292 37
292 42
292 145
292 92
293 40
293 56
293 93
294 42
294 49
294 94
295 45
295 60
295 182
295 95
296 49
296 58
296 96
297 44
297 97
298 58
298 59
298 98
299 87
299 131
299 99
300 7
300 24
300 96
300 100
301 35
301 100
301 191
301 101
302 151
302 153
302 102
303 18
303 179
303 103
304 103
304 106
304 140
304 150
304 104
305 34
305 105
306 149
306 173
306 106
307 184
307 107
308 7
308 108
309 26
309 118
309 133
309 109
310 67
310 69
310 93
310 94
310 96
310 155
310 181
310 110
311 119
311 169
311 111
312 31
312 112
313 1
313 30
313 100
313 148
313 159
313 113
314 41
314 69
314 153
314 198
314 114
315 4
315 65
315 70
315 72
315 138
315 184
315 115
316 0
316 116
317 30
317 117
318 59
318 75
318 118
319 5
319 44
319 52
319 66
319 120
319 119
320 140
320 147
320 120
321 8
321 38
321 171
321 121
322 5
322 57
322 122
323 107
323 135
323 123
324 75
324 77
324 143
324 124
325 5
325 10
325 151
325 125
326 5
326 126
327 107
327 127
328 17
328 77
328 79
328 128
329 124
329 129
330 179
330 196
330 130
331 66
331 136
331 131
332 79
332 82
332 132
333 138
333 133
334 84
334 119
334 197
334 134
335 105
335 135
336 82
336 90
336 136
337 81
337 100
337 116
337 160
337 137
338 10
338 138
339 57
339 139
340 90
340 122
340 140
341 122
341 128
341 141
342 100
342 142
343 18
343 25
343 115
343 193
343 143
344 33
344 151
344 144
345 53
345 174
345 189
345 193
345 145
346 92
346 151
346 146
347 60
347 112
347 147
348 78
348 94
348 148
349 128
349 129
349 149
350 129
350 130
350 150
351 52
351 162
351 192
351 151
352 65
352 98
352 109
352 152
353 107
353 153
354 130
354 154
355 103
355 105
355 166
355 155
356 33
356 139
356 156
357 46
357 97
357 157
358 157
358 158
359 32
359 92
359 105
359 156
359 159
360 125
360 160
361 5
361 18
361 161
362 48
362 133
362 182
362 193
362 162
363 23
363 106
363 163
364 53
364 74
364 164
365 149
365 165
366 46
366 134
366 166
367 29
367 96
367 167
368 154
368 161
368 178
368 168
369 13
369 23
369 51
369 57
369 107
369 118
369 169
370 115
370 176
370 170
371 162
371 171
372 156
372 172
373 62
373 173
374 161
374 164
374 174
375 155
375 167
375 171
375 175
376 18
376 19
376 21
376 23
376 45
376 135
376 138
376 176
377 164
377 165
377 177
378 114
378 132
378 178
379 47
379 179
380 47
380 85
380 159
380 180
381 165
381 168
381 181
382 168
382 175
382 182
383 114
383 127
383 132
383 140
383 179
383 183
384 175
384 177
384 184
385 74
385 76
385 150
385 151
385 185
386 63
386 173
386 187
386 186
387 67
387 87
387 187
388 35
388 73
388 157
388 188
389 1
389 83
389 189
390 89
390 106
390 149
390 190
391 13
391 61
391 191
392 26
392 54
392 192
393 50
393 181
393 193
394 177
394 185
394 194
395 60
395 80
395 180
395 195
396 185
396 195
396 196
397 102
397 181
397 197
398 152
398 171
398 195
398 199
398 198
399 199
