  400   4534
0 222
0 225
0 228
0 233
0 235
0 257
0 264
0 270
0 279
0 321
0 322
0 327
0 343
0 391
0 392
0 397
0 23
0 27
0 35
0 43
0 84
0 91
0 100
0 196
0 200
1 206
1 226
1 236
1 242
1 244
1 253
1 254
1 291
1 300
1 304
1 306
1 309
1 314
1 336
1 341
1 348
1 351
1 4
1 16
1 50
1 74
1 119
1 198
1 201
2 204
2 217
2 244
2 246
2 247
2 291
2 299
2 303
2 318
2 340
2 347
2 369
2 370
2 373
2 377
2 380
2 7
2 17
2 63
2 76
2 104
2 150
2 181
2 195
2 202
3 206
3 226
3 230
3 251
3 253
3 270
3 274
3 328
3 332
3 339
3 341
3 357
3 373
3 374
3 395
3 396
3 35
3 126
3 167
3 203
4 217
4 220
4 270
4 280
4 295
4 308
4 316
4 365
4 377
4 378
4 383
4 387
4 392
4 393
4 1
4 53
4 75
4 94
4 95
4 127
4 189
4 199
4 204
5 220
5 224
5 231
5 239
5 244
5 253
5 258
5 260
5 261
5 268
5 270
5 279
5 291
5 296
5 304
5 312
5 323
5 343
5 359
5 363
5 382
5 397
5 51
5 87
5 90
5 96
5 104
5 158
5 191
5 205
6 202
6 213
6 236
6 249
6 253
6 269
6 278
6 315
6 321
6 329
6 335
6 347
6 355
6 362
6 365
6 372
6 391
6 398
6 34
6 107
6 122
6 164
6 206
7 202
7 203
7 208
7 219
7 222
7 242
7 280
7 292
7 298
7 307
7 317
7 330
7 339
7 344
7 366
7 370
7 2
7 100
7 133
7 169
7 185
7 197
7 207
8 212
8 223
8 225
8 227
8 228
8 229
8 253
8 257
8 258
8 268
8 274
8 285
8 287
8 289
8 292
8 299
8 305
8 309
8 313
8 338
8 368
8 378
8 379
8 381
8 391
8 18
8 25
8 26
8 57
8 80
8 90
8 150
8 156
8 171
8 208
9 205
9 235
9 282
9 286
9 295
9 306
9 310
9 339
9 345
9 350
9 357
9 367
9 369
9 382
9 399
9 97
9 118
9 122
9 137
9 141
9 154
9 209
10 205
10 211
10 213
10 252
10 257
10 258
10 265
10 282
10 294
10 298
10 301
10 327
10 336
10 351
10 360
10 365
10 366
10 368
10 379
10 381
10 383
10 385
10 398
10 15
10 57
10 68
10 69
10 97
10 133
10 146
10 182
10 190
10 193
10 195
10 199
10 210
11 208
11 212
11 213
11 224
11 227
11 232
11 248
11 254
11 260
11 262
11 295
11 330
11 334
11 342
11 361
11 364
11 388
11 27
11 55
11 58
11 60
11 72
11 136
11 151
11 176
11 186
11 211
12 212
12 225
12 233
12 236
12 237
12 256
12 270
12 275
12 282
12 290
12 299
12 307
12 309
12 320
12 321
12 323
12 338
12 357
12 364
12 377
12 378
12 390
12 391
12 392
12 397
12 46
12 78
13 206
13 215
13 219
13 230
13 248
13 249
13 256
13 259
13 261
13 265
13 266
13 310
13 320
13 324
13 342
13 353
13 354
13 366
13 395
13 42
13 57
13 73
13 93
13 113
13 135
13 149
13 155
13 183
13 190
13 213
14 203
14 210
14 215
14 232
14 255
14 256
14 257
14 264
14 274
14 314
14 322
14 335
14 343
14 353
14 357
14 374
14 381
14 383
14 385
14 33
14 54
14 104
14 112
14 124
14 147
14 214
15 212
15 224
15 239
15 255
15 256
15 263
15 271
15 282
15 288
15 294
15 296
15 303
15 307
15 319
15 325
15 326
15 329
15 330
15 331
15 334
15 344
15 345
15 346
15 351
15 354
15 363
15 369
15 10
15 40
15 56
15 57
15 94
15 96
15 117
15 125
15 169
15 215
16 218
16 219
16 221
16 231
16 232
16 234
16 255
16 261
16 269
16 271
16 277
16 303
16 329
16 333
16 338
16 341
16 350
16 352
16 356
16 357
16 373
16 384
16 389
16 391
16 395
16 398
16 1
16 26
16 31
16 40
16 74
16 91
16 149
16 166
16 197
16 216
17 216
17 221
17 224
17 240
17 246
17 252
17 291
17 298
17 322
17 333
17 354
17 368
17 373
17 390
17 398
17 2
17 23
17 41
17 106
17 118
17 147
17 171
17 217
18 202
18 205
18 212
18 221
18 223
18 230
18 232
18 251
18 254
18 271
18 276
18 295
18 304
18 315
18 316
18 323
18 338
18 378
18 399
18 8
18 52
18 65
18 96
18 107
18 108
18 117
18 126
18 130
18 167
18 174
18 189
18 196
18 218
19 201
19 220
19 238
19 243
19 247
19 272
19 278
19 287
19 290
19 294
19 295
19 299
19 314
19 336
19 340
19 355
19 366
19 377
19 382
19 51
19 71
19 76
19 100
19 150
19 194
19 219
20 215
20 226
20 248
20 263
20 268
20 282
20 286
20 291
20 301
20 321
20 325
20 332
20 341
20 355
20 364
20 68
20 72
20 78
20 88
20 112
20 171
20 196
20 220
21 209
21 215
21 231
21 234
21 235
21 248
21 253
21 261
21 276
21 279
21 283
21 290
21 298
21 308
21 310
21 315
21 320
21 333
21 353
21 355
21 359
21 377
21 383
21 45
21 47
21 50
21 68
21 74
21 93
21 99
21 110
21 113
21 128
21 147
21 179
21 191
21 221
22 205
22 208
22 217
22 233
22 235
22 246
22 272
22 293
22 302
22 312
22 322
22 324
22 326
22 331
22 332
22 346
22 353
22 377
22 388
22 23
22 65
22 70
22 78
22 86
22 124
22 130
22 162
22 189
22 193
22 222
23 200
23 213
23 218
23 226
23 234
23 235
23 295
23 301
23 304
23 0
23 17
23 22
23 25
23 62
23 90
23 96
23 102
23 126
23 167
23 176
23 199
23 223
24 219
24 246
24 277
24 281
24 311
24 318
24 319
24 329
24 330
24 339
24 345
24 349
24 362
24 363
24 378
24 379
24 386
24 395
24 398
24 73
24 112
24 143
24 189
24 224
25 200
25 207
25 218
25 230
25 244
25 250
25 255
25 259
25 263
25 279
25 291
25 350
25 369
25 393
25 395
25 8
25 23
25 45
25 141
25 149
25 155
25 161
25 173
25 192
25 225
26 216
26 217
26 230
26 236
26 245
26 250
26 251
26 260
26 282
26 292
26 298
26 326
26 327
26 329
26 330
26 335
26 344
26 363
26 8
26 16
26 73
26 133
26 155
26 160
26 171
26 182
26 226
27 202
27 248
27 263
27 287
27 301
27 302
27 307
27 339
27 347
27 353
27 361
27 374
27 397
27 0
27 11
27 30
27 42
27 48
27 65
27 103
27 129
27 131
27 132
27 146
27 227
28 235
28 243
28 267
28 273
28 290
28 313
28 326
28 339
28 352
28 365
28 35
28 41
28 47
28 66
28 104
28 161
28 194
28 228
29 210
29 227
29 228
29 245
29 262
29 270
29 272
29 283
29 285
29 311
29 326
29 356
29 377
29 378
29 386
29 390
29 31
29 40
29 73
29 229
30 203
30 219
30 228
30 254
30 266
30 272
30 276
30 293
30 297
30 304
30 312
30 318
30 319
30 349
30 354
30 359
30 27
30 93
30 94
30 99
30 125
30 144
30 160
30 230
31 242
31 257
31 261
31 269
31 291
31 301
31 330
31 345
31 351
31 359
31 366
31 373
31 376
31 391
31 398
31 16
31 29
31 35
31 52
31 58
31 60
31 84
31 132
31 134
31 178
31 231
32 208
32 216
32 233
32 238
32 243
32 246
32 254
32 264
32 277
32 291
32 298
32 304
32 309
32 316
32 325
32 328
32 338
32 347
32 69
32 135
32 174
32 232
33 200
33 229
33 230
33 235
33 237
33 241
33 243
33 260
33 275
33 288
33 291
33 292
33 298
33 326
33 332
33 345
33 370
33 386
33 14
33 48
33 72
33 74
33 78
33 127
33 156
33 233
34 210
34 218
34 222
34 225
34 246
34 249
34 255
34 278
34 280
34 282
34 301
34 319
34 337
34 350
34 394
34 6
34 54
34 71
34 79
34 97
34 123
34 178
34 186
34 192
34 234
35 210
35 221
35 228
35 247
35 249
35 253
35 255
35 266
35 290
35 321
35 323
35 333
35 374
35 394
35 395
35 399
35 0
35 3
35 28
35 31
35 43
35 98
35 128
35 169
35 199
35 235
36 203
36 214
36 218
36 221
36 227
36 230
36 240
36 247
36 271
36 282
36 298
36 310
36 317
36 327
36 366
36 386
36 47
36 51
36 55
36 93
36 120
36 140
36 155
36 157
36 161
36 162
36 163
36 176
36 178
36 194
36 236
37 270
37 278
37 286
37 293
37 300
37 302
37 303
37 311
37 312
37 323
37 324
37 325
37 331
37 336
37 353
37 364
37 366
37 396
37 397
37 86
37 116
37 137
37 174
37 184
37 237
38 201
38 207
38 217
38 220
38 254
38 255
38 275
38 278
38 291
38 304
38 318
38 328
38 329
38 334
38 345
38 354
38 362
38 364
38 374
38 376
38 398
38 43
38 86
38 110
38 169
38 191
38 238
39 213
39 226
39 237
39 251
39 262
39 285
39 289
39 290
39 301
39 325
39 335
39 338
39 344
39 348
39 364
39 388
39 391
39 399
39 45
39 72
39 91
39 165
39 239
40 206
40 211
40 224
40 228
40 233
40 281
40 284
40 294
40 295
40 299
40 309
40 310
40 326
40 340
40 345
40 348
40 349
40 360
40 363
40 367
40 375
40 382
40 15
40 16
40 29
40 108
40 112
40 148
40 156
40 240
41 200
41 215
41 231
41 239
41 253
41 282
41 306
41 316
41 318
41 323
41 329
41 351
41 352
41 354
41 357
41 376
41 17
41 28
41 89
41 91
41 111
41 129
41 165
41 170
41 174
41 189
41 241
42 202
42 215
42 232
42 233
42 241
42 246
42 256
42 263
42 283
42 291
42 296
42 302
42 319
42 320
42 329
42 333
42 346
42 388
42 13
42 27
42 59
42 63
42 169
42 187
42 197
42 242
43 212
43 227
43 233
43 234
43 240
43 249
43 252
43 253
43 285
43 291
43 304
43 305
43 314
43 337
43 342
43 344
43 354
43 361
43 370
43 371
43 377
43 0
43 35
43 38
43 85
43 155
43 178
43 243
44 207
44 211
44 219
44 241
44 270
44 278
44 292
44 302
44 308
44 341
44 358
44 372
44 379
44 57
44 64
44 67
44 95
44 141
44 145
44 190
44 244
45 208
45 209
45 227
45 255
45 262
45 264
45 265
45 277
45 292
45 295
45 296
45 307
45 330
45 334
45 336
45 351
45 353
45 371
45 380
45 389
45 21
45 25
45 39
45 113
45 125
45 163
45 198
45 245
46 231
46 266
46 268
46 274
46 277
46 350
46 356
46 376
46 12
46 62
46 85
46 116
46 129
46 185
46 246
47 238
47 255
47 285
47 298
47 306
47 316
47 325
47 332
47 350
47 351
47 357
47 361
47 362
47 367
47 372
47 376
47 389
47 392
47 399
47 21
47 28
47 36
47 52
47 99
47 103
47 119
47 123
47 139
47 142
47 163
47 199
47 247
48 224
48 238
48 239
48 259
48 265
48 291
48 298
48 301
48 316
48 322
48 327
48 332
48 336
48 342
48 357
48 359
48 360
48 363
48 368
48 375
48 27
48 33
48 87
48 104
48 139
48 248
49 210
49 245
49 269
49 272
49 288
49 298
49 302
49 313
49 337
49 353
49 385
49 388
49 392
49 53
49 148
49 149
49 185
49 194
49 249
50 227
50 244
50 259
50 288
50 307
50 316
50 319
50 345
50 346
50 354
50 371
50 373
50 378
50 388
50 1
50 21
50 82
50 101
50 102
50 173
50 250
51 221
51 229
51 239
51 243
51 247
51 250
51 251
51 277
51 286
51 317
51 340
51 342
51 354
51 379
51 385
51 386
51 390
51 5
51 19
51 36
51 61
51 99
51 141
51 143
51 179
51 182
52 220
52 254
52 270
52 275
52 295
52 307
52 317
52 321
52 332
52 348
52 352
52 353
52 356
52 358
52 362
52 364
52 380
52 383
52 393
52 394
52 18
52 31
52 47
52 107
52 133
52 148
52 196
52 252
53 213
53 232
53 261
53 266
53 284
53 305
53 310
53 312
53 315
53 329
53 354
53 362
53 365
53 367
53 384
53 398
53 4
53 49
53 120
53 145
53 159
53 164
53 176
53 253
54 200
54 203
54 243
54 264
54 288
54 300
54 320
54 330
54 331
54 332
54 333
54 336
54 340
54 347
54 351
54 377
54 379
54 387
54 388
54 14
54 34
54 108
54 149
54 186
54 254
55 202
55 218
55 219
55 248
55 255
55 287
55 295
55 319
55 344
55 346
55 356
55 362
55 379
55 393
55 396
55 11
55 36
55 72
55 73
55 128
56 202
56 212
56 213
56 219
56 236
56 241
56 242
56 248
56 261
56 280
56 281
56 287
56 291
56 310
56 334
56 344
56 357
56 15
56 95
56 107
56 166
56 172
56 197
56 256
57 202
57 213
57 217
57 237
57 238
57 247
57 252
57 253
57 255
57 257
57 265
57 291
57 293
57 313
57 321
57 325
57 332
57 348
57 367
57 377
57 385
57 390
57 8
57 10
57 13
57 15
57 44
57 64
57 94
57 104
57 116
57 135
58 202
58 208
58 215
58 224
58 228
58 239
58 246
58 248
58 252
58 265
58 278
58 279
58 280
58 293
58 296
58 305
58 322
58 343
58 348
58 358
58 366
58 381
58 383
58 11
58 31
58 63
58 106
58 132
58 149
58 258
59 200
59 214
59 216
59 222
59 229
59 256
59 258
59 260
59 268
59 286
59 289
59 295
59 306
59 334
59 335
59 352
59 358
59 372
59 42
59 60
59 79
59 159
59 173
59 259
60 208
60 231
60 232
60 236
60 240
60 265
60 276
60 284
60 290
60 297
60 301
60 307
60 310
60 314
60 323
60 324
60 326
60 354
60 364
60 372
60 386
60 387
60 399
60 11
60 31
60 59
60 83
60 129
60 193
60 196
60 260
61 200
61 205
61 213
61 220
61 261
61 269
61 275
61 296
61 306
61 332
61 362
61 378
61 379
61 387
61 51
61 65
61 82
61 97
61 173
62 207
62 208
62 210
62 213
62 219
62 240
62 252
62 256
62 269
62 271
62 281
62 285
62 289
62 293
62 294
62 299
62 317
62 332
62 338
62 358
62 369
62 23
62 46
62 70
62 75
62 152
62 169
62 175
62 179
62 190
62 195
62 262
63 210
63 250
63 279
63 298
63 305
63 306
63 319
63 326
63 349
63 358
63 363
63 382
63 383
63 384
63 387
63 395
63 2
63 42
63 58
63 182
63 263
64 210
64 221
64 231
64 235
64 249
64 251
64 265
64 284
64 295
64 317
64 325
64 334
64 342
64 357
64 376
64 391
64 399
64 44
64 57
64 81
64 89
64 106
64 150
64 160
64 264
65 225
65 236
65 242
65 244
65 255
65 298
65 327
65 330
65 332
65 350
65 364
65 18
65 22
65 27
65 61
65 143
65 150
65 168
65 180
65 183
65 186
65 196
65 265
66 201
66 205
66 215
66 223
66 225
66 228
66 231
66 275
66 277
66 290
66 297
66 298
66 302
66 309
66 312
66 313
66 327
66 355
66 358
66 366
66 367
66 385
66 391
66 393
66 396
66 397
66 28
66 109
66 191
66 266
67 210
67 217
67 219
67 233
67 235
67 252
67 258
67 262
67 288
67 301
67 315
67 326
67 356
67 358
67 378
67 386
67 396
67 44
67 80
67 97
67 108
67 148
67 149
67 164
67 182
67 185
67 267
68 203
68 211
68 213
68 216
68 226
68 233
68 249
68 257
68 262
68 275
68 281
68 293
68 295
68 310
68 314
68 327
68 357
68 358
68 359
68 364
68 365
68 371
68 376
68 10
68 20
68 21
68 71
68 76
68 77
68 89
68 124
68 145
68 157
68 166
68 172
68 184
68 268
69 203
69 208
69 210
69 214
69 216
69 219
69 223
69 224
69 225
69 238
69 242
69 248
69 263
69 274
69 279
69 283
69 286
69 293
69 306
69 314
69 341
69 348
69 391
69 395
69 399
69 10
69 32
69 85
69 103
69 105
69 115
69 145
69 149
69 150
69 186
69 192
69 197
69 269
70 224
70 229
70 231
70 280
70 291
70 295
70 308
70 311
70 322
70 334
70 338
70 348
70 355
70 359
70 374
70 375
70 387
70 390
70 394
70 22
70 62
70 105
70 149
70 152
70 178
70 181
70 270
71 205
71 227
71 233
71 244
71 248
71 266
71 272
71 280
71 282
71 319
71 323
71 331
71 337
71 348
71 355
71 356
71 374
71 399
71 19
71 34
71 68
71 108
71 111
71 189
71 271
72 203
72 204
72 207
72 231
72 235
72 261
72 262
72 295
72 305
72 316
72 355
72 357
72 380
72 381
72 11
72 20
72 33
72 39
72 55
72 77
72 88
72 144
72 190
72 195
72 272
73 215
73 217
73 226
73 230
73 276
73 281
73 283
73 284
73 300
73 320
73 345
73 346
73 352
73 354
73 356
73 375
73 383
73 13
73 24
73 26
73 29
73 55
73 92
73 95
73 106
73 135
73 140
73 159
73 162
73 174
73 188
73 273
74 208
74 210
74 212
74 220
74 229
74 233
74 249
74 275
74 279
74 290
74 291
74 299
74 316
74 318
74 324
74 331
74 345
74 357
74 358
74 362
74 366
74 381
74 385
74 386
74 389
74 1
74 16
74 21
74 33
74 101
74 122
74 147
74 274
75 211
75 213
75 218
75 231
75 237
75 252
75 255
75 272
75 275
75 301
75 307
75 326
75 346
75 355
75 362
75 368
75 398
75 4
75 62
75 78
75 160
75 186
76 204
76 232
76 235
76 238
76 246
76 256
76 257
76 264
76 266
76 269
76 272
76 279
76 289
76 302
76 314
76 319
76 323
76 339
76 350
76 352
76 368
76 374
76 379
76 389
76 2
76 19
76 68
76 101
76 104
76 106
76 147
76 149
76 183
76 276
77 211
77 212
77 215
77 218
77 223
77 248
77 260
77 263
77 328
77 352
77 353
77 373
77 393
77 397
77 398
77 399
77 68
77 72
77 97
77 101
77 105
77 112
77 152
77 171
77 172
77 173
77 191
77 196
77 277
78 205
78 231
78 233
78 259
78 295
78 317
78 322
78 326
78 328
78 336
78 338
78 355
78 390
78 391
78 12
78 20
78 22
78 33
78 75
78 178
78 278
79 202
79 210
79 220
79 227
79 233
79 239
79 240
79 244
79 246
79 260
79 267
79 287
79 292
79 296
79 297
79 323
79 331
79 337
79 346
79 348
79 363
79 393
79 394
79 34
79 59
79 91
79 166
79 192
79 193
79 279
80 204
80 225
80 232
80 234
80 266
80 296
80 306
80 312
80 321
80 329
80 388
80 8
80 67
80 132
80 159
80 166
80 175
80 184
80 280
81 206
81 222
81 223
81 246
81 248
81 253
81 261
81 272
81 279
81 283
81 299
81 311
81 314
81 329
81 331
81 369
81 370
81 374
81 380
81 394
81 64
81 103
81 183
81 188
81 281
82 210
82 220
82 230
82 248
82 252
82 261
82 272
82 275
82 277
82 282
82 311
82 313
82 316
82 318
82 319
82 326
82 349
82 375
82 382
82 389
82 395
82 396
82 50
82 61
82 83
82 170
83 211
83 228
83 232
83 243
83 281
83 295
83 296
83 313
83 341
83 344
83 358
83 364
83 398
83 60
83 82
83 99
83 109
83 111
83 116
83 129
83 146
83 172
83 193
83 283
84 207
84 211
84 231
84 234
84 261
84 262
84 264
84 265
84 286
84 291
84 306
84 307
84 321
84 322
84 324
84 325
84 344
84 355
84 380
84 386
84 0
84 31
84 88
84 160
84 167
84 172
84 176
84 179
84 192
84 284
85 211
85 214
85 217
85 221
85 239
85 241
85 262
85 273
85 295
85 305
85 308
85 314
85 328
85 361
85 371
85 377
85 389
85 43
85 46
85 69
85 116
85 161
85 170
85 285
86 217
86 252
86 259
86 264
86 299
86 307
86 309
86 310
86 327
86 334
86 335
86 338
86 352
86 370
86 376
86 379
86 397
86 399
86 22
86 37
86 38
86 117
86 129
86 162
86 166
86 184
86 286
87 218
87 220
87 230
87 239
87 242
87 247
87 261
87 274
87 281
87 299
87 313
87 331
87 333
87 370
87 386
87 394
87 397
87 5
87 48
87 106
87 287
88 218
88 219
88 221
88 228
88 254
88 280
88 281
88 300
88 350
88 357
88 373
88 391
88 395
88 396
88 20
88 72
88 84
88 90
88 94
88 118
88 143
88 155
88 195
88 288
89 211
89 212
89 275
89 277
89 286
89 290
89 325
89 334
89 347
89 356
89 358
89 368
89 370
89 371
89 380
89 386
89 389
89 396
89 399
89 41
89 64
89 68
89 103
89 140
89 154
89 159
89 163
89 189
89 289
90 212
90 222
90 239
90 240
90 246
90 251
90 265
90 287
90 309
90 335
90 347
90 360
90 373
90 376
90 5
90 8
90 23
90 88
90 136
90 141
90 152
90 161
90 290
91 202
91 203
91 220
91 244
91 255
91 257
91 263
91 279
91 318
91 323
91 327
91 334
91 340
91 342
91 345
91 347
91 352
91 353
91 375
91 382
91 392
91 399
91 0
91 16
91 39
91 41
91 79
91 109
91 176
91 291
92 201
92 206
92 211
92 213
92 215
92 222
92 223
92 248
92 269
92 277
92 286
92 293
92 326
92 332
92 352
92 387
92 393
92 73
92 105
92 154
92 163
92 168
92 178
92 185
92 292
93 209
93 214
93 232
93 237
93 243
93 256
93 278
93 294
93 300
93 319
93 338
93 342
93 346
93 356
93 358
93 369
93 371
93 380
93 388
93 13
93 21
93 30
93 36
93 109
93 174
93 186
93 293
94 202
94 211
94 212
94 226
94 254
94 261
94 262
94 263
94 267
94 283
94 288
94 308
94 309
94 312
94 314
94 322
94 331
94 350
94 360
94 372
94 385
94 387
94 4
94 15
94 30
94 57
94 88
94 109
94 141
94 142
94 147
94 156
94 179
94 294
95 212
95 245
95 261
95 264
95 272
95 280
95 288
95 296
95 301
95 302
95 319
95 340
95 362
95 394
95 4
95 44
95 56
95 73
95 102
95 167
95 295
96 214
96 230
96 243
96 248
96 249
96 250
96 256
96 290
96 296
96 298
96 305
96 309
96 312
96 341
96 381
96 397
96 5
96 15
96 18
96 23
96 126
96 136
96 144
96 149
96 198
97 204
97 215
97 224
97 246
97 256
97 262
97 288
97 293
97 295
97 302
97 335
97 355
97 361
97 369
97 386
97 9
97 10
97 34
97 61
97 67
97 77
97 148
97 164
97 183
97 297
98 224
98 235
98 247
98 254
98 260
98 268
98 275
98 317
98 321
98 328
98 332
98 334
98 347
98 349
98 359
98 377
98 378
98 387
98 35
98 115
98 298
99 203
99 214
99 252
99 253
99 262
99 269
99 271
99 290
99 311
99 323
99 331
99 353
99 360
99 384
99 386
99 388
99 21
99 30
99 47
99 51
99 83
99 100
99 145
99 299
100 205
100 222
100 234
100 245
100 262
100 272
100 312
100 335
100 336
100 337
100 338
100 362
100 367
100 375
100 391
100 0
100 7
100 19
100 99
100 151
100 152
100 154
100 180
100 300
101 211
101 232
101 266
101 273
101 288
101 295
101 305
101 307
101 308
101 310
101 320
101 340
101 367
101 382
101 386
101 397
101 50
101 74
101 76
101 77
101 155
101 184
101 301
102 204
102 214
102 223
102 236
102 250
102 259
102 261
102 277
102 281
102 292
102 308
102 312
102 322
102 341
102 347
102 358
102 361
102 382
102 383
102 395
102 23
102 50
102 95
102 131
102 171
102 191
102 302
103 220
103 235
103 246
103 248
103 258
103 260
103 265
103 267
103 286
103 288
103 303
103 326
103 334
103 340
103 366
103 377
103 387
103 393
103 399
103 27
103 47
103 69
103 81
103 89
103 134
103 184
104 201
104 221
104 242
104 252
104 275
104 277
104 282
104 283
104 317
104 324
104 339
104 352
104 353
104 359
104 362
104 373
104 382
104 392
104 395
104 399
104 2
104 5
104 14
104 28
104 48
104 57
104 76
104 183
104 304
105 242
105 253
105 254
105 261
105 262
105 266
105 282
105 285
105 318
105 329
105 340
105 343
105 351
105 360
105 362
105 364
105 375
105 389
105 393
105 397
105 69
105 70
105 77
105 92
105 106
105 112
105 137
105 305
106 208
106 253
106 261
106 268
106 284
106 293
106 307
106 316
106 329
106 340
106 341
106 343
106 346
106 354
106 363
106 379
106 391
106 397
106 17
106 58
106 64
106 73
106 76
106 87
106 105
106 108
106 121
106 306
107 201
107 215
107 221
107 222
107 223
107 282
107 286
107 288
107 294
107 295
107 311
107 315
107 319
107 354
107 355
107 370
107 380
107 391
107 398
107 6
107 18
107 52
107 56
107 111
107 122
107 166
107 307
108 201
108 220
108 228
108 231
108 237
108 239
108 245
108 246
108 248
108 258
108 294
108 299
108 300
108 315
108 318
108 332
108 337
108 340
108 353
108 358
108 362
108 378
108 18
108 40
108 54
108 67
108 71
108 106
108 117
108 167
108 171
108 308
109 207
109 209
109 229
109 235
109 255
109 260
109 265
109 299
109 300
109 303
109 312
109 336
109 337
109 355
109 359
109 361
109 379
109 385
109 387
109 66
109 83
109 91
109 93
109 94
109 138
109 161
109 198
109 309
110 204
110 205
110 217
110 233
110 238
110 259
110 286
110 291
110 297
110 302
110 308
110 311
110 329
110 343
110 345
110 346
110 354
110 365
110 367
110 383
110 388
110 390
110 396
110 398
110 21
110 38
110 111
110 122
110 134
110 310
111 206
111 216
111 220
111 221
111 230
111 265
111 278
111 306
111 328
111 329
111 337
111 341
111 362
111 365
111 378
111 381
111 393
111 394
111 396
111 397
111 41
111 71
111 83
111 107
111 110
111 144
111 154
111 169
111 311
112 208
112 220
112 242
112 243
112 267
112 268
112 288
112 296
112 299
112 305
112 342
112 360
112 381
112 390
112 14
112 20
112 24
112 40
112 77
112 105
112 130
112 143
112 150
112 151
112 162
112 169
112 198
112 312
113 206
113 211
113 229
113 230
113 236
113 237
113 241
113 245
113 267
113 268
113 276
113 285
113 286
113 323
113 324
113 342
113 343
113 353
113 357
113 375
113 376
113 392
113 395
113 13
113 21
113 45
113 132
113 162
113 196
113 313
114 200
114 209
114 215
114 233
114 234
114 239
114 241
114 243
114 246
114 253
114 261
114 275
114 283
114 294
114 302
114 307
114 318
114 330
114 360
114 380
114 393
114 175
114 314
115 206
115 211
115 217
115 236
115 247
115 266
115 271
115 278
115 293
115 294
115 297
115 307
115 331
115 332
115 335
115 342
115 350
115 370
115 374
115 390
115 393
115 394
115 399
115 69
115 98
115 130
115 140
115 315
116 210
116 218
116 222
116 245
116 249
116 256
116 290
116 294
116 318
116 336
116 362
116 390
116 392
116 396
116 37
116 46
116 57
116 83
116 85
116 128
116 138
116 149
116 163
116 180
116 199
116 316
117 225
117 231
117 265
117 304
117 326
117 334
117 336
117 346
117 348
117 358
117 371
117 380
117 387
117 394
117 395
117 15
117 18
117 86
117 108
117 139
117 167
117 317
118 220
118 258
118 298
118 308
118 329
118 336
118 339
118 351
118 372
118 383
118 397
118 399
118 9
118 17
118 88
118 130
118 140
118 144
118 152
118 165
118 196
118 318
119 213
119 221
119 241
119 251
119 259
119 266
119 280
119 290
119 297
119 303
119 310
119 314
119 322
119 325
119 371
119 373
119 378
119 380
119 1
119 47
119 140
119 151
119 176
119 181
119 194
119 319
120 235
120 243
120 249
120 255
120 292
120 304
120 305
120 310
120 324
120 325
120 357
120 387
120 36
120 53
120 125
120 159
120 320
121 208
121 246
121 256
121 274
121 277
121 284
121 287
121 292
121 320
121 331
121 335
121 350
121 360
121 395
121 106
121 154
121 174
121 180
121 321
122 211
122 222
122 227
122 228
122 261
122 263
122 275
122 279
122 282
122 293
122 307
122 314
122 317
122 318
122 327
122 343
122 348
122 350
122 366
122 386
122 389
122 394
122 6
122 9
122 74
122 107
122 110
122 126
122 130
122 132
122 140
122 160
122 167
122 322
123 204
123 212
123 216
123 224
123 230
123 247
123 255
123 262
123 297
123 308
123 319
123 326
123 330
123 339
123 346
123 350
123 353
123 361
123 373
123 386
123 34
123 47
123 151
123 179
123 187
123 323
124 208
124 210
124 211
124 216
124 255
124 257
124 280
124 289
124 306
124 309
124 314
124 316
124 332
124 341
124 375
124 386
124 392
124 14
124 22
124 68
124 175
124 192
124 196
124 324
125 207
125 211
125 219
125 227
125 237
125 242
125 243
125 244
125 254
125 256
125 263
125 268
125 272
125 284
125 293
125 300
125 305
125 311
125 316
125 322
125 346
125 366
125 369
125 370
125 375
125 382
125 15
125 30
125 45
125 120
125 126
125 183
125 189
125 325
126 234
126 238
126 260
126 268
126 273
126 275
126 288
126 316
126 328
126 335
126 339
126 343
126 346
126 350
126 352
126 356
126 363
126 376
126 383
126 388
126 394
126 3
126 18
126 23
126 96
126 122
126 125
126 143
126 144
126 145
126 147
126 155
126 164
126 194
126 326
127 206
127 224
127 241
127 242
127 246
127 247
127 251
127 255
127 261
127 290
127 334
127 337
127 340
127 347
127 353
127 382
127 392
127 393
127 397
127 4
127 33
127 161
127 327
128 201
128 209
128 231
128 232
128 246
128 257
128 261
128 269
128 280
128 284
128 294
128 306
128 320
128 324
128 350
128 367
128 372
128 385
128 386
128 388
128 21
128 35
128 55
128 116
128 143
128 151
128 154
128 172
128 328
129 204
129 216
129 218
129 222
129 236
129 258
129 266
129 270
129 277
129 290
129 297
129 299
129 314
129 326
129 332
129 346
129 352
129 355
129 360
129 363
129 371
129 379
129 385
129 397
129 27
129 41
129 46
129 60
129 83
129 86
129 136
129 175
129 190
129 329
130 215
130 217
130 227
130 265
130 275
130 277
130 281
130 291
130 304
130 335
130 342
130 345
130 361
130 364
130 371
130 378
130 379
130 18
130 22
130 112
130 115
130 118
130 122
130 145
130 161
130 166
130 175
130 199
130 330
131 201
131 221
131 232
131 233
131 238
131 239
131 245
131 254
131 259
131 283
131 284
131 294
131 306
131 312
131 317
131 323
131 357
131 372
131 399
131 27
131 102
131 196
131 331
132 202
132 231
132 242
132 291
132 302
132 305
132 314
132 327
132 328
132 345
132 349
132 358
132 359
132 363
132 380
132 387
132 390
132 392
132 27
132 31
132 58
132 80
132 113
132 122
132 189
132 332
133 203
133 204
133 221
133 223
133 242
133 255
133 260
133 285
133 296
133 330
133 376
133 381
133 392
133 393
133 7
133 10
133 26
133 52
133 167
133 192
133 333
134 202
134 213
134 214
134 226
134 233
134 260
134 264
134 268
134 272
134 329
134 333
134 364
134 388
134 31
134 103
134 110
134 163
134 167
134 182
134 334
135 202
135 206
135 221
135 225
135 232
135 234
135 243
135 249
135 275
135 283
135 294
135 295
135 306
135 309
135 310
135 316
135 324
135 327
135 328
135 329
135 337
135 346
135 357
135 362
135 368
135 372
135 376
135 380
135 13
135 32
135 57
135 73
135 136
135 154
135 155
135 189
135 335
136 202
136 207
136 209
136 223
136 227
136 232
136 234
136 235
136 244
136 259
136 260
136 281
136 282
136 286
136 303
136 307
136 313
136 318
136 322
136 323
136 325
136 336
136 374
136 393
136 396
136 397
136 11
136 90
136 96
136 129
136 135
136 195
137 206
137 212
137 219
137 241
137 246
137 268
137 272
137 284
137 289
137 291
137 296
137 301
137 311
137 319
137 320
137 322
137 378
137 379
137 391
137 9
137 37
137 105
137 157
137 197
137 337
138 213
138 235
138 258
138 265
138 272
138 273
138 274
138 280
138 287
138 313
138 320
138 321
138 341
138 348
138 356
138 357
138 359
138 370
138 375
138 379
138 385
138 390
138 398
138 109
138 116
138 146
138 172
138 182
138 338
139 213
139 221
139 225
139 237
139 239
139 254
139 270
139 292
139 307
139 308
139 337
139 357
139 360
139 364
139 369
139 387
139 393
139 47
139 48
139 117
139 339
140 230
140 234
140 235
140 237
140 264
140 276
140 282
140 334
140 339
140 346
140 36
140 73
140 89
140 115
140 118
140 119
140 122
140 154
140 159
140 165
140 184
140 340
141 204
141 208
141 210
141 225
141 249
141 261
141 262
141 276
141 281
141 290
141 293
141 295
141 303
141 316
141 324
141 336
141 344
141 354
141 358
141 367
141 382
141 384
141 385
141 396
141 9
141 25
141 44
141 51
141 90
141 94
141 341
142 203
142 210
142 270
142 286
142 299
142 309
142 314
142 317
142 323
142 333
142 344
142 348
142 352
142 361
142 363
142 376
142 377
142 393
142 397
142 47
142 94
142 342
143 212
143 213
143 225
143 240
143 251
143 275
143 330
143 338
143 349
143 359
143 392
143 394
143 24
143 51
143 65
143 88
143 112
143 126
143 128
143 193
143 195
143 343
144 214
144 215
144 219
144 220
144 222
144 223
144 246
144 259
144 263
144 273
144 277
144 279
144 280
144 299
144 307
144 341
144 350
144 357
144 385
144 391
144 30
144 72
144 96
144 111
144 118
144 126
144 158
144 169
144 191
144 344
145 201
145 213
145 216
145 218
145 223
145 225
145 253
145 255
145 278
145 287
145 291
145 297
145 310
145 312
145 325
145 330
145 337
145 338
145 351
145 363
145 383
145 391
145 393
145 44
145 53
145 68
145 69
145 99
145 126
145 130
145 151
145 191
145 345
146 212
146 214
146 234
146 250
146 257
146 270
146 282
146 289
146 296
146 322
146 394
146 10
146 27
146 83
146 138
146 170
146 346
147 212
147 222
147 242
147 245
147 262
147 264
147 268
147 281
147 284
147 285
147 291
147 303
147 304
147 308
147 318
147 328
147 348
147 352
147 375
147 395
147 399
147 14
147 17
147 21
147 74
147 76
147 94
147 126
147 172
147 347
148 215
148 229
148 232
148 260
148 272
148 281
148 289
148 308
148 351
148 369
148 40
148 49
148 52
148 67
148 97
148 348
149 208
149 215
149 227
149 247
149 248
149 255
149 259
149 261
149 271
149 306
149 312
149 318
149 342
149 354
149 385
149 393
149 13
149 16
149 25
149 49
149 54
149 58
149 67
149 69
149 70
149 76
149 96
149 116
149 349
150 222
150 242
150 253
150 261
150 264
150 271
150 273
150 289
150 307
150 315
150 321
150 322
150 328
150 341
150 351
150 363
150 374
150 383
150 392
150 2
150 8
150 19
150 64
150 65
150 69
150 112
150 350
151 221
151 242
151 247
151 277
151 286
151 295
151 302
151 308
151 311
151 323
151 331
151 342
151 353
151 11
151 100
151 112
151 119
151 123
151 128
151 145
151 188
151 189
151 351
152 203
152 211
152 217
152 226
152 231
152 247
152 262
152 264
152 266
152 282
152 293
152 298
152 302
152 303
152 305
152 309
152 314
152 340
152 352
152 369
152 374
152 376
152 389
152 399
152 62
152 70
152 77
152 90
152 100
152 118
152 174
153 203
153 204
153 210
153 212
153 219
153 224
153 230
153 238
153 239
153 241
153 262
153 275
153 280
153 290
153 293
153 314
153 325
153 331
153 332
153 336
153 355
153 367
153 370
153 383
153 392
153 397
153 170
153 198
153 353
154 208
154 209
154 212
154 216
154 221
154 232
154 238
154 258
154 259
154 269
154 271
154 308
154 309
154 317
154 323
154 335
154 336
154 339
154 342
154 362
154 382
154 9
154 89
154 92
154 100
154 111
154 121
154 128
154 135
154 140
154 156
154 157
154 354
155 204
155 238
155 239
155 247
155 254
155 263
155 268
155 272
155 277
155 282
155 285
155 328
155 334
155 338
155 361
155 367
155 369
155 389
155 390
155 392
155 398
155 13
155 25
155 26
155 36
155 43
155 88
155 101
155 126
155 135
155 157
155 190
155 355
156 201
156 218
156 221
156 224
156 237
156 260
156 264
156 275
156 276
156 285
156 302
156 311
156 327
156 332
156 334
156 337
156 348
156 357
156 362
156 389
156 393
156 394
156 8
156 33
156 40
156 94
156 154
156 158
156 356
157 207
157 226
157 234
157 236
157 254
157 273
157 274
157 280
157 284
157 302
157 305
157 314
157 315
157 326
157 339
157 347
157 348
157 351
157 352
157 357
157 374
157 383
157 36
157 68
157 137
157 154
157 155
157 192
158 205
158 241
158 243
158 251
158 264
158 270
158 271
158 274
158 297
158 298
158 305
158 312
158 313
158 319
158 395
158 5
158 144
158 156
158 167
158 176
158 358
159 207
159 213
159 221
159 224
159 230
159 243
159 263
159 274
159 279
159 285
159 296
159 307
159 314
159 315
159 324
159 334
159 352
159 367
159 371
159 376
159 383
159 395
159 396
159 53
159 59
159 73
159 80
159 89
159 120
159 140
159 164
159 181
159 359
160 203
160 231
160 235
160 249
160 252
160 255
160 258
160 303
160 325
160 349
160 358
160 371
160 372
160 397
160 26
160 30
160 64
160 75
160 84
160 122
160 360
161 204
161 216
161 232
161 236
161 242
161 246
161 265
161 290
161 292
161 327
161 348
161 396
161 25
161 28
161 36
161 85
161 90
161 109
161 127
161 130
161 162
161 361
162 220
162 255
162 283
162 289
162 298
162 300
162 331
162 332
162 335
162 344
162 350
162 355
162 362
162 371
162 391
162 395
162 22
162 36
162 73
162 86
162 112
162 113
162 161
163 202
163 219
163 220
163 230
163 232
163 246
163 254
163 258
163 279
163 280
163 294
163 298
163 303
163 319
163 321
163 341
163 349
163 369
163 372
163 376
163 383
163 395
163 36
163 45
163 47
163 89
163 92
163 116
163 134
163 171
163 190
163 363
164 202
164 207
164 208
164 210
164 211
164 222
164 229
164 247
164 251
164 259
164 265
164 283
164 308
164 314
164 321
164 334
164 341
164 360
164 364
164 366
164 399
164 6
164 53
164 67
164 97
164 126
164 159
165 201
165 206
165 220
165 234
165 243
165 255
165 256
165 270
165 281
165 282
165 286
165 299
165 319
165 320
165 321
165 340
165 344
165 345
165 347
165 350
165 354
165 362
165 363
165 373
165 376
165 385
165 390
165 39
165 41
165 118
165 140
165 365
166 235
166 238
166 254
166 263
166 276
166 309
166 319
166 330
166 363
166 364
166 368
166 16
166 56
166 68
166 79
166 80
166 86
166 107
166 130
166 172
166 178
166 197
166 366
167 204
167 205
167 217
167 218
167 224
167 258
167 261
167 290
167 304
167 316
167 336
167 344
167 346
167 356
167 358
167 394
167 3
167 18
167 23
167 84
167 95
167 108
167 117
167 122
167 133
167 134
167 158
167 181
167 367
168 203
168 216
168 223
168 262
168 272
168 290
168 299
168 310
168 317
168 322
168 323
168 340
168 348
168 349
168 363
168 372
168 378
168 388
168 395
168 65
168 92
168 185
168 196
168 368
169 218
169 242
169 244
169 246
169 260
169 280
169 292
169 325
169 341
169 346
169 358
169 375
169 380
169 7
169 15
169 35
169 38
169 42
169 62
169 111
169 112
169 144
169 183
169 369
170 202
170 223
170 228
170 234
170 246
170 252
170 278
170 300
170 311
170 319
170 324
170 326
170 345
170 353
170 355
170 363
170 375
170 376
170 377
170 392
170 41
170 82
170 85
170 146
170 153
170 183
170 192
170 370
171 217
171 224
171 232
171 241
171 253
171 266
171 276
171 290
171 316
171 338
171 344
171 360
171 369
171 8
171 17
171 20
171 26
171 77
171 102
171 108
171 163
171 175
171 371
172 205
172 220
172 221
172 226
172 259
172 267
172 300
172 312
172 328
172 331
172 343
172 383
172 392
172 56
172 68
172 77
172 83
172 84
172 128
172 138
172 147
172 166
172 177
172 372
173 217
173 241
173 253
173 263
173 284
173 324
173 326
173 329
173 334
173 353
173 362
173 366
173 369
173 384
173 396
173 25
173 50
173 59
173 61
173 77
173 373
174 208
174 222
174 263
174 276
174 292
174 300
174 304
174 309
174 325
174 329
174 331
174 367
174 372
174 379
174 382
174 384
174 18
174 32
174 37
174 41
174 73
174 93
174 121
174 152
174 198
174 374
175 211
175 227
175 234
175 245
175 247
175 293
175 307
175 331
175 348
175 353
175 373
175 375
175 385
175 391
175 62
175 80
175 114
175 124
175 129
175 130
175 171
175 194
176 201
176 210
176 218
176 224
176 236
176 256
176 272
176 280
176 290
176 304
176 308
176 311
176 315
176 320
176 331
176 343
176 359
176 367
176 375
176 378
176 397
176 11
176 23
176 36
176 53
176 84
176 91
176 119
176 158
176 376
177 210
177 218
177 225
177 228
177 242
177 248
177 252
177 271
177 282
177 300
177 311
177 312
177 318
177 324
177 336
177 340
177 384
177 172
177 377
178 210
178 212
178 217
178 227
178 239
178 262
178 278
178 291
178 293
178 304
178 330
178 335
178 338
178 353
178 355
178 365
178 373
178 31
178 34
178 36
178 43
178 70
178 78
178 92
178 166
178 378
179 232
179 234
179 238
179 243
179 245
179 253
179 269
179 274
179 275
179 297
179 307
179 330
179 341
179 352
179 359
179 372
179 375
179 392
179 396
179 21
179 51
179 62
179 84
179 94
179 123
179 379
180 215
180 234
180 235
180 277
180 287
180 290
180 304
180 310
180 325
180 338
180 341
180 351
180 356
180 363
180 373
180 65
180 100
180 116
180 121
180 185
180 380
181 206
181 208
181 216
181 231
181 245
181 288
181 292
181 306
181 313
181 314
181 329
181 354
181 357
181 358
181 369
181 371
181 377
181 396
181 2
181 70
181 119
181 159
181 167
181 190
181 381
182 212
182 214
182 219
182 256
182 257
182 263
182 274
182 291
182 294
182 307
182 345
182 362
182 368
182 371
182 373
182 376
182 396
182 10
182 26
182 51
182 63
182 67
182 134
182 138
182 183
182 199
182 382
183 235
183 242
183 244
183 245
183 249
183 259
183 263
183 265
183 268
183 270
183 300
183 302
183 307
183 328
183 351
183 356
183 369
183 372
183 381
183 382
183 398
183 13
183 65
183 76
183 81
183 97
183 104
183 125
183 169
183 170
183 182
183 383
184 220
184 238
184 242
184 263
184 267
184 280
184 292
184 303
184 307
184 320
184 325
184 347
184 353
184 356
184 361
184 392
184 394
184 399
184 37
184 68
184 80
184 86
184 101
184 103
184 140
184 384
185 246
185 275
185 278
185 279
185 283
185 287
185 303
185 306
185 307
185 360
185 392
185 399
185 7
185 46
185 49
185 67
185 92
185 168
185 180
185 385
186 213
186 229
186 234
186 241
186 249
186 264
186 269
186 278
186 283
186 304
186 308
186 309
186 317
186 329
186 341
186 382
186 395
186 11
186 34
186 54
186 65
186 69
186 75
186 93
186 386
187 202
187 212
187 231
187 239
187 266
187 268
187 270
187 294
187 312
187 327
187 354
187 367
187 368
187 376
187 382
187 42
187 123
187 387
188 218
188 224
188 225
188 234
188 241
188 246
188 249
188 250
188 289
188 292
188 303
188 309
188 312
188 320
188 335
188 341
188 354
188 358
188 73
188 81
188 151
188 192
188 199
188 388
189 208
189 216
189 218
189 226
189 241
189 245
189 263
189 286
189 287
189 302
189 313
189 318
189 323
189 324
189 338
189 356
189 357
189 372
189 4
189 18
189 22
189 24
189 41
189 71
189 89
189 125
189 132
189 135
189 151
189 194
189 389
190 211
190 224
190 232
190 233
190 253
190 256
190 283
190 306
190 328
190 339
190 376
190 399
190 10
190 13
190 44
190 62
190 72
190 129
190 155
190 163
190 181
190 390
191 204
191 218
191 237
191 249
191 252
191 263
191 271
191 275
191 285
191 286
191 295
191 302
191 306
191 310
191 317
191 323
191 324
191 326
191 331
191 338
191 347
191 361
191 371
191 377
191 386
191 5
191 21
191 38
191 66
191 77
191 102
191 144
191 145
191 391
192 205
192 208
192 212
192 237
192 243
192 253
192 287
192 288
192 320
192 323
192 327
192 329
192 355
192 358
192 368
192 373
192 384
192 391
192 392
192 25
192 34
192 69
192 79
192 84
192 124
192 133
192 157
192 170
192 188
193 205
193 210
193 215
193 226
193 227
193 228
193 237
193 241
193 243
193 244
193 246
193 267
193 268
193 281
193 285
193 286
193 293
193 296
193 303
193 308
193 318
193 347
193 353
193 359
193 389
193 10
193 22
193 60
193 79
193 83
193 143
193 393
194 203
194 243
194 248
194 289
194 293
194 303
194 312
194 316
194 359
194 360
194 362
194 366
194 377
194 381
194 386
194 396
194 19
194 28
194 36
194 49
194 119
194 126
194 175
194 189
194 394
195 206
195 214
195 220
195 239
195 267
195 300
195 307
195 328
195 343
195 345
195 357
195 364
195 368
195 378
195 382
195 392
195 395
195 2
195 10
195 62
195 72
195 88
195 136
195 143
196 216
196 220
196 223
196 241
196 251
196 260
196 271
196 288
196 291
196 323
196 347
196 348
196 350
196 361
196 384
196 388
196 399
196 0
196 18
196 20
196 52
196 60
196 65
196 77
196 113
196 118
196 124
196 131
196 168
196 396
197 200
197 209
197 214
197 221
197 234
197 241
197 254
197 277
197 292
197 298
197 300
197 302
197 303
197 308
197 314
197 322
197 332
197 354
197 355
197 356
197 365
197 371
197 396
197 7
197 16
197 42
197 56
197 69
197 137
197 166
197 397
198 200
198 207
198 217
198 226
198 230
198 231
198 247
198 267
198 278
198 283
198 284
198 288
198 292
198 311
198 314
198 327
198 330
198 347
198 349
198 378
198 399
198 1
198 45
198 96
198 109
198 112
198 153
198 174
198 398
199 200
199 207
199 213
199 228
199 274
199 293
199 311
199 329
199 344
199 351
199 373
199 375
199 381
199 4
199 10
199 23
199 35
199 47
199 116
199 130
199 182
199 188
199 399
200 23
200 25
200 33
200 41
200 54
200 59
200 61
200 114
200 197
200 198
200 199
200 0
201 19
201 38
201 66
201 92
201 104
201 107
201 108
201 128
201 131
201 145
201 156
201 165
201 176
201 1
202 6
202 7
202 18
202 27
202 42
202 55
202 56
202 57
202 58
202 79
202 91
202 94
202 132
202 134
202 135
202 136
202 163
202 164
202 170
202 187
202 2
203 7
203 14
203 30
203 36
203 54
203 68
203 69
203 72
203 91
203 99
203 133
203 142
203 152
203 153
203 160
203 168
203 194
203 3
204 2
204 72
204 76
204 80
204 97
204 102
204 110
204 123
204 129
204 133
204 141
204 153
204 155
204 161
204 167
204 191
204 4
205 9
205 10
205 18
205 22
205 61
205 66
205 71
205 78
205 100
205 110
205 158
205 167
205 172
205 192
205 193
205 5
206 1
206 3
206 13
206 40
206 81
206 92
206 111
206 113
206 115
206 127
206 135
206 137
206 165
206 181
206 195
206 6
207 25
207 38
207 44
207 62
207 72
207 84
207 109
207 125
207 136
207 157
207 159
207 164
207 198
207 199
207 7
208 7
208 11
208 22
208 32
208 45
208 58
208 60
208 62
208 69
208 74
208 106
208 112
208 121
208 124
208 141
208 149
208 154
208 164
208 174
208 181
208 189
208 192
208 8
209 21
209 45
209 93
209 109
209 114
209 128
209 136
209 154
209 197
209 9
210 14
210 29
210 34
210 35
210 49
210 62
210 63
210 64
210 67
210 69
210 74
210 79
210 82
210 116
210 124
210 141
210 142
210 153
210 164
210 176
210 177
210 178
210 193
210 10
211 10
211 40
211 44
211 68
211 75
211 77
211 83
211 84
211 85
211 89
211 92
211 94
211 101
211 113
211 115
211 122
211 124
211 125
211 152
211 164
211 175
211 190
211 11
212 8
212 11
212 12
212 15
212 18
212 43
212 56
212 74
212 77
212 89
212 90
212 94
212 95
212 123
212 137
212 143
212 146
212 147
212 153
212 154
212 178
212 182
212 187
212 192
213 6
213 10
213 11
213 23
213 39
213 53
213 56
213 57
213 61
213 62
213 68
213 75
213 92
213 119
213 134
213 138
213 139
213 143
213 145
213 159
213 186
213 199
213 13
214 36
214 59
214 69
214 85
214 93
214 96
214 99
214 102
214 134
214 144
214 146
214 182
214 195
214 197
214 14
215 13
215 14
215 20
215 21
215 41
215 42
215 58
215 66
215 73
215 77
215 92
215 97
215 107
215 114
215 130
215 144
215 148
215 149
215 180
215 193
215 15
216 17
216 26
216 32
216 59
216 68
216 69
216 111
216 123
216 124
216 129
216 145
216 154
216 161
216 168
216 181
216 189
216 196
216 16
217 2
217 4
217 22
217 26
217 38
217 57
217 67
217 73
217 85
217 86
217 110
217 115
217 130
217 152
217 167
217 171
217 173
217 178
217 198
217 17
218 16
218 23
218 25
218 34
218 36
218 55
218 75
218 77
218 87
218 88
218 116
218 129
218 145
218 156
218 167
218 169
218 176
218 177
218 188
218 189
218 191
218 18
219 7
219 13
219 16
219 24
219 30
219 44
219 55
219 56
219 62
219 67
219 69
219 88
219 125
219 137
219 144
219 153
219 163
219 182
219 19
220 4
220 5
220 19
220 38
220 52
220 61
220 74
220 79
220 82
220 87
220 91
220 103
220 108
220 111
220 112
220 118
220 144
220 162
220 163
220 165
220 172
220 184
220 195
220 196
220 20
221 16
221 17
221 18
221 35
221 36
221 51
221 64
221 85
221 88
221 104
221 107
221 111
221 119
221 131
221 133
221 135
221 139
221 151
221 154
221 156
221 159
221 172
221 197
221 21
222 0
222 7
222 34
222 59
222 81
222 90
222 92
222 100
222 107
222 116
222 122
222 129
222 144
222 147
222 150
222 164
222 174
222 22
223 8
223 18
223 66
223 69
223 77
223 81
223 92
223 102
223 107
223 133
223 136
223 144
223 145
223 168
223 170
223 196
223 23
224 5
224 11
224 15
224 17
224 40
224 48
224 58
224 69
224 70
224 97
224 98
224 123
224 127
224 153
224 156
224 159
224 167
224 171
224 176
224 188
224 190
224 24
225 0
225 8
225 12
225 34
225 65
225 66
225 69
225 80
225 117
225 135
225 139
225 141
225 143
225 145
225 177
225 188
225 25
226 1
226 3
226 20
226 23
226 39
226 68
226 73
226 94
226 134
226 152
226 157
226 172
226 189
226 193
226 198
226 26
227 8
227 11
227 29
227 36
227 43
227 45
227 50
227 71
227 79
227 122
227 125
227 130
227 136
227 149
227 175
227 178
227 193
227 27
228 0
228 8
228 29
228 30
228 35
228 40
228 58
228 66
228 83
228 88
228 108
228 122
228 170
228 177
228 193
228 199
228 28
229 8
229 33
229 51
229 59
229 70
229 74
229 109
229 113
229 148
229 164
229 186
229 29
230 3
230 13
230 18
230 25
230 26
230 33
230 36
230 73
230 82
230 87
230 96
230 111
230 113
230 123
230 140
230 153
230 159
230 163
230 198
230 30
231 5
231 16
231 21
231 41
231 46
231 60
231 64
231 66
231 70
231 72
231 75
231 78
231 84
231 108
231 117
231 128
231 132
231 152
231 160
231 181
231 187
231 198
231 31
232 11
232 14
232 16
232 18
232 42
232 53
232 60
232 76
232 80
232 83
232 93
232 101
232 128
232 131
232 135
232 136
232 148
232 154
232 161
232 163
232 171
232 179
232 190
232 32
233 0
233 12
233 22
233 32
233 40
233 42
233 43
233 67
233 68
233 71
233 74
233 78
233 79
233 110
233 114
233 131
233 134
233 190
233 33
234 16
234 21
234 23
234 43
234 80
234 84
234 100
234 114
234 126
234 135
234 136
234 140
234 146
234 157
234 165
234 170
234 175
234 179
234 180
234 186
234 188
234 197
234 34
235 0
235 9
235 21
235 22
235 23
235 28
235 33
235 64
235 67
235 72
235 76
235 98
235 103
235 109
235 120
235 136
235 138
235 140
235 160
235 166
235 180
235 183
235 35
236 1
236 6
236 12
236 26
236 56
236 60
236 65
236 102
236 113
236 115
236 129
236 157
236 161
236 176
236 36
237 12
237 33
237 39
237 57
237 75
237 93
237 108
237 113
237 125
237 139
237 140
237 156
237 191
237 192
237 193
237 37
238 19
238 32
238 47
238 48
238 57
238 69
238 76
238 110
238 126
238 131
238 153
238 154
238 155
238 166
238 179
238 184
238 38
239 5
239 15
239 41
239 48
239 51
239 58
239 79
239 85
239 87
239 90
239 108
239 114
239 131
239 139
239 153
239 155
239 178
239 187
239 195
239 39
240 17
240 36
240 43
240 60
240 62
240 79
240 90
240 143
240 40
241 33
241 42
241 44
241 56
241 85
241 113
241 114
241 119
241 127
241 137
241 153
241 158
241 171
241 173
241 186
241 188
241 189
241 193
241 196
241 197
241 41
242 1
242 7
242 31
242 56
242 65
242 69
242 87
242 104
242 105
242 112
242 125
242 127
242 132
242 133
242 147
242 150
242 151
242 161
242 169
242 177
242 183
242 184
242 42
243 19
243 28
243 32
243 33
243 51
243 54
243 83
243 93
243 96
243 112
243 114
243 120
243 125
243 135
243 158
243 159
243 165
243 179
243 192
243 193
243 194
243 43
244 1
244 2
244 5
244 25
244 50
244 65
244 71
244 79
244 91
244 125
244 136
244 169
244 183
244 193
244 44
245 26
245 29
245 49
245 95
245 100
245 108
245 113
245 116
245 131
245 147
245 175
245 179
245 181
245 183
245 189
245 45
246 2
246 17
246 22
246 24
246 32
246 34
246 42
246 58
246 76
246 79
246 81
246 90
246 97
246 103
246 108
246 114
246 121
246 127
246 128
246 137
246 144
246 161
246 163
246 169
246 170
246 185
246 188
246 193
246 46
247 2
247 19
247 35
247 36
247 51
247 57
247 87
247 98
247 115
247 123
247 127
247 149
247 151
247 152
247 155
247 164
247 175
247 198
247 47
248 11
248 13
248 20
248 21
248 27
248 55
248 56
248 58
248 69
248 71
248 77
248 81
248 82
248 92
248 96
248 103
248 108
248 149
248 177
248 194
248 48
249 6
249 13
249 34
249 35
249 43
249 64
249 68
249 74
249 96
249 116
249 120
249 135
249 141
249 160
249 183
249 186
249 188
249 191
249 49
250 25
250 26
250 51
250 63
250 96
250 102
250 146
250 188
250 50
251 3
251 18
251 26
251 39
251 51
251 64
251 90
251 119
251 127
251 143
251 158
251 164
251 196
252 10
252 17
252 43
252 57
252 58
252 62
252 67
252 75
252 82
252 86
252 99
252 104
252 160
252 170
252 177
252 191
252 52
253 1
253 3
253 5
253 6
253 8
253 21
253 35
253 41
253 43
253 57
253 81
253 99
253 105
253 106
253 114
253 145
253 150
253 171
253 173
253 179
253 190
253 192
253 53
254 1
254 11
254 18
254 30
254 32
254 38
254 52
254 88
254 94
254 98
254 105
254 125
254 131
254 139
254 155
254 157
254 163
254 166
254 197
254 54
255 14
255 15
255 16
255 25
255 34
255 35
255 38
255 45
255 47
255 55
255 57
255 65
255 75
255 91
255 109
255 120
255 123
255 124
255 127
255 133
255 145
255 149
255 160
255 162
255 165
256 12
256 13
256 14
256 15
256 42
256 59
256 62
256 76
256 93
256 96
256 97
256 116
256 121
256 125
256 165
256 176
256 182
256 190
256 56
257 0
257 8
257 10
257 14
257 31
257 57
257 68
257 76
257 91
257 124
257 128
257 146
257 182
258 5
258 8
258 10
258 59
258 67
258 103
258 108
258 118
258 129
258 138
258 154
258 160
258 163
258 167
258 58
259 13
259 25
259 48
259 50
259 78
259 86
259 102
259 110
259 119
259 131
259 136
259 144
259 149
259 154
259 164
259 172
259 183
259 59
260 5
260 11
260 26
260 33
260 59
260 77
260 79
260 98
260 103
260 109
260 126
260 133
260 134
260 136
260 148
260 156
260 169
260 196
260 60
261 5
261 13
261 16
261 21
261 31
261 53
261 56
261 61
261 72
261 81
261 82
261 84
261 87
261 94
261 95
261 102
261 105
261 106
261 114
261 122
261 127
261 128
261 141
261 149
261 150
261 167
262 11
262 29
262 39
262 45
262 67
262 68
262 72
262 84
262 85
262 94
262 97
262 99
262 100
262 105
262 123
262 141
262 147
262 152
262 153
262 168
262 178
262 62
263 15
263 20
263 25
263 27
263 42
263 69
263 77
263 91
263 94
263 122
263 125
263 144
263 155
263 159
263 166
263 173
263 174
263 182
263 183
263 184
263 189
263 191
263 63
264 0
264 14
264 32
264 45
264 54
264 76
264 84
264 86
264 95
264 134
264 140
264 147
264 150
264 152
264 156
264 158
264 186
264 64
265 10
265 13
265 45
265 48
265 57
265 58
265 60
265 64
265 84
265 90
265 103
265 109
265 111
265 117
265 130
265 138
265 161
265 164
265 183
265 65
266 13
266 30
266 35
266 46
266 53
266 71
266 76
266 80
266 101
266 105
266 115
266 119
266 129
266 152
266 171
266 187
266 66
267 28
267 79
267 94
267 103
267 112
267 113
267 172
267 184
267 193
267 195
267 198
267 67
268 5
268 8
268 20
268 46
268 59
268 98
268 106
268 112
268 113
268 125
268 126
268 134
268 137
268 147
268 155
268 183
268 187
268 193
268 68
269 6
269 16
269 31
269 49
269 61
269 62
269 76
269 92
269 99
269 128
269 154
269 179
269 186
269 69
270 0
270 3
270 4
270 5
270 12
270 29
270 37
270 44
270 52
270 129
270 139
270 142
270 146
270 158
270 165
270 183
270 187
270 70
271 15
271 16
271 18
271 36
271 62
271 99
271 115
271 149
271 150
271 154
271 158
271 177
271 191
271 196
271 71
272 19
272 22
272 29
272 30
272 49
272 71
272 75
272 76
272 81
272 82
272 95
272 100
272 125
272 134
272 137
272 138
272 148
272 155
272 168
272 176
272 72
273 28
273 85
273 101
273 126
273 138
273 144
273 150
273 157
273 73
274 3
274 8
274 14
274 46
274 69
274 87
274 121
274 138
274 157
274 158
274 159
274 179
274 182
274 199
274 74
275 12
275 33
275 38
275 52
275 61
275 66
275 68
275 74
275 75
275 82
275 89
275 98
275 104
275 114
275 122
275 126
275 130
275 135
275 143
275 153
275 156
275 179
275 185
275 191
276 18
276 21
276 30
276 60
276 73
276 113
276 140
276 141
276 156
276 166
276 171
276 174
276 76
277 16
277 24
277 32
277 45
277 46
277 51
277 66
277 82
277 89
277 92
277 102
277 104
277 121
277 129
277 130
277 144
277 151
277 155
277 180
277 197
277 77
278 6
278 19
278 34
278 37
278 38
278 44
278 58
278 93
278 111
278 115
278 145
278 170
278 178
278 185
278 186
278 198
278 78
279 0
279 5
279 21
279 25
279 58
279 63
279 69
279 74
279 76
279 81
279 91
279 122
279 144
279 159
279 163
279 185
279 79
280 4
280 7
280 34
280 56
280 58
280 70
280 71
280 88
280 95
280 119
280 124
280 128
280 138
280 144
280 153
280 157
280 163
280 169
280 176
280 184
280 80
281 24
281 40
281 56
281 62
281 68
281 73
281 83
281 87
281 88
281 102
281 130
281 136
281 141
281 147
281 148
281 165
281 193
281 81
282 9
282 10
282 12
282 15
282 20
282 26
282 34
282 36
282 41
282 71
282 82
282 104
282 105
282 107
282 122
282 136
282 140
282 146
282 152
282 155
282 165
282 177
283 21
283 29
283 42
283 69
283 73
283 81
283 94
283 104
283 114
283 131
283 135
283 162
283 164
283 185
283 186
283 190
283 198
283 83
284 40
284 53
284 60
284 64
284 73
284 106
284 121
284 125
284 128
284 131
284 137
284 147
284 157
284 173
284 198
284 84
285 8
285 29
285 39
285 43
285 47
285 62
285 105
285 113
285 133
285 147
285 155
285 156
285 159
285 191
285 193
285 85
286 9
286 20
286 37
286 51
286 59
286 69
286 84
286 89
286 92
286 103
286 107
286 110
286 113
286 136
286 142
286 151
286 165
286 189
286 191
286 193
286 86
287 8
287 19
287 27
287 55
287 56
287 79
287 90
287 121
287 138
287 145
287 180
287 185
287 189
287 192
287 87
288 15
288 33
288 49
288 50
288 54
288 67
288 94
288 95
288 97
288 101
288 103
288 107
288 112
288 126
288 181
288 192
288 196
288 198
288 88
289 8
289 39
289 59
289 62
289 76
289 124
289 137
289 146
289 148
289 150
289 162
289 188
289 194
289 89
290 12
290 19
290 21
290 28
290 35
290 39
290 60
290 66
290 74
290 89
290 96
290 99
290 116
290 119
290 127
290 129
290 141
290 153
290 161
290 167
290 168
290 171
290 176
290 180
290 90
291 1
291 2
291 5
291 17
291 20
291 25
291 31
291 32
291 33
291 38
291 42
291 43
291 48
291 56
291 57
291 70
291 74
291 84
291 110
291 130
291 132
291 137
291 145
291 147
291 178
291 182
291 196
291 91
292 7
292 8
292 26
292 33
292 44
292 45
292 79
292 102
292 120
292 121
292 139
292 161
292 169
292 174
292 181
292 184
292 188
292 197
292 198
292 92
293 22
293 30
293 37
293 57
293 58
293 62
293 68
293 69
293 92
293 97
293 106
293 115
293 122
293 125
293 141
293 152
293 153
293 175
293 178
293 193
293 194
293 199
293 93
294 10
294 15
294 19
294 40
294 62
294 93
294 107
294 108
294 114
294 115
294 116
294 128
294 131
294 135
294 163
294 182
294 187
294 94
295 4
295 9
295 11
295 18
295 19
295 23
295 40
295 45
295 52
295 55
295 59
295 64
295 68
295 70
295 72
295 78
295 83
295 85
295 97
295 101
295 107
295 135
295 141
295 151
295 191
295 95
296 5
296 15
296 42
296 45
296 58
296 61
296 79
296 80
296 83
296 95
296 96
296 112
296 133
296 137
296 146
296 159
296 193
297 30
297 60
297 66
297 79
297 110
297 115
297 119
297 123
297 129
297 145
297 158
297 179
297 97
298 7
298 10
298 17
298 21
298 26
298 32
298 33
298 36
298 47
298 48
298 49
298 63
298 65
298 66
298 96
298 118
298 152
298 158
298 162
298 163
298 197
298 98
299 2
299 8
299 12
299 19
299 40
299 62
299 74
299 81
299 86
299 87
299 108
299 109
299 112
299 129
299 142
299 144
299 165
299 168
299 99
300 1
300 37
300 54
300 73
300 88
300 93
300 108
300 109
300 125
300 162
300 170
300 172
300 174
300 177
300 183
300 195
300 197
300 100
301 10
301 20
301 23
301 27
301 31
301 34
301 39
301 48
301 60
301 67
301 75
301 95
301 137
301 101
302 22
302 27
302 37
302 42
302 44
302 49
302 66
302 76
302 95
302 97
302 110
302 114
302 132
302 151
302 152
302 156
302 157
302 183
302 189
302 191
302 197
302 102
303 2
303 15
303 16
303 37
303 103
303 109
303 119
303 136
303 141
303 147
303 152
303 160
303 163
303 184
303 185
303 188
303 193
303 194
303 197
304 1
304 5
304 18
304 23
304 30
304 32
304 38
304 43
304 117
304 120
304 130
304 147
304 167
304 174
304 176
304 178
304 180
304 186
304 104
305 8
305 43
305 53
305 58
305 63
305 72
305 85
305 96
305 101
305 112
305 120
305 125
305 132
305 152
305 157
305 158
305 105
306 1
306 9
306 41
306 47
306 59
306 61
306 63
306 69
306 80
306 84
306 111
306 124
306 128
306 131
306 135
306 149
306 181
306 185
306 190
306 191
306 106
307 7
307 12
307 15
307 27
307 45
307 50
307 52
307 60
307 75
307 84
307 86
307 101
307 106
307 114
307 115
307 122
307 136
307 139
307 144
307 150
307 159
307 175
307 179
307 182
307 183
307 184
307 185
307 195
307 107
308 4
308 21
308 44
308 70
308 85
308 94
308 101
308 102
308 110
308 118
308 123
308 139
308 147
308 148
308 151
308 154
308 164
308 176
308 186
308 193
308 197
308 108
309 1
309 8
309 12
309 32
309 40
309 66
309 86
309 90
309 94
309 96
309 124
309 135
309 142
309 152
309 154
309 166
309 174
309 186
309 188
309 109
310 9
310 13
310 21
310 36
310 40
310 53
310 56
310 60
310 68
310 86
310 101
310 119
310 120
310 135
310 145
310 168
310 180
310 191
310 110
311 24
311 29
311 37
311 70
311 81
311 82
311 99
311 107
311 110
311 125
311 137
311 151
311 156
311 170
311 176
311 177
311 198
311 199
311 111
312 5
312 22
312 30
312 37
312 53
312 66
312 80
312 94
312 96
312 100
312 102
312 109
312 131
312 145
312 149
312 158
312 172
312 177
312 187
312 188
312 194
312 112
313 8
313 28
313 49
313 57
313 66
313 82
313 83
313 87
313 136
313 138
313 158
313 181
313 189
313 113
314 1
314 14
314 19
314 43
314 60
314 68
314 69
314 76
314 81
314 85
314 94
314 119
314 122
314 124
314 129
314 132
314 142
314 152
314 153
314 157
314 159
314 164
314 181
314 197
314 198
314 114
315 6
315 18
315 21
315 53
315 67
315 107
315 108
315 150
315 157
315 159
315 176
315 115
316 4
316 18
316 32
316 41
316 47
316 48
316 50
316 72
316 74
316 82
316 106
316 124
316 125
316 126
316 135
316 141
316 167
316 171
316 194
316 116
317 7
317 36
317 51
317 52
317 62
317 64
317 78
317 98
317 104
317 122
317 131
317 142
317 154
317 168
317 186
317 191
317 117
318 2
318 24
318 30
318 38
318 41
318 74
318 82
318 91
318 105
318 108
318 114
318 116
318 122
318 136
318 147
318 149
318 177
318 189
318 193
318 118
319 15
319 24
319 30
319 34
319 42
319 50
319 55
319 63
319 71
319 76
319 82
319 93
319 95
319 107
319 123
319 137
319 158
319 163
319 165
319 166
319 170
319 119
320 12
320 13
320 21
320 42
320 54
320 73
320 101
320 121
320 128
320 137
320 138
320 165
320 176
320 184
320 188
320 192
320 120
321 0
321 6
321 12
321 20
321 35
321 52
321 57
321 80
321 84
321 98
321 138
321 150
321 163
321 164
321 165
321 121
322 0
322 14
322 17
322 22
322 48
322 58
322 70
322 78
322 84
322 94
322 102
322 119
322 125
322 136
322 137
322 146
322 150
322 168
322 197
322 122
323 5
323 12
323 18
323 35
323 37
323 41
323 60
323 71
323 76
323 79
323 91
323 99
323 113
323 131
323 136
323 142
323 151
323 154
323 168
323 189
323 191
323 192
323 196
323 123
324 13
324 22
324 37
324 60
324 74
324 84
324 104
324 113
324 120
324 128
324 135
324 141
324 159
324 170
324 173
324 177
324 189
324 191
324 124
325 15
325 20
325 32
325 37
325 39
325 47
325 57
325 64
325 84
325 89
325 119
325 120
325 136
325 145
325 153
325 160
325 169
325 174
325 180
325 184
325 125
326 15
326 22
326 26
326 28
326 29
326 33
326 40
326 60
326 63
326 67
326 75
326 78
326 82
326 92
326 103
326 117
326 123
326 129
326 157
326 170
326 173
326 191
326 126
327 0
327 10
327 26
327 36
327 48
327 65
327 66
327 68
327 86
327 91
327 122
327 132
327 135
327 156
327 161
327 187
327 192
327 198
327 127
328 3
328 32
328 38
328 77
328 78
328 85
328 98
328 111
328 126
328 132
328 135
328 147
328 150
328 155
328 172
328 183
328 190
328 195
328 128
329 6
329 15
329 16
329 24
329 26
329 38
329 41
329 42
329 53
329 80
329 81
329 105
329 106
329 110
329 111
329 118
329 134
329 135
329 173
329 174
329 181
329 186
329 192
329 199
329 129
330 7
330 11
330 15
330 24
330 26
330 31
330 45
330 54
330 65
330 114
330 123
330 133
330 143
330 145
330 166
330 178
330 179
330 198
330 130
331 15
331 22
331 37
331 54
331 71
331 74
331 79
331 81
331 87
331 94
331 99
331 115
331 121
331 151
331 153
331 162
331 172
331 174
331 175
331 176
331 191
331 131
332 3
332 20
332 22
332 33
332 47
332 48
332 52
332 54
332 57
332 61
332 62
332 65
332 92
332 98
332 108
332 115
332 124
332 129
332 153
332 156
332 162
332 197
332 132
333 16
333 17
333 21
333 35
333 42
333 54
333 87
333 134
333 142
333 133
334 11
334 15
334 38
334 45
334 56
334 59
334 64
334 70
334 86
334 89
334 91
334 98
334 103
334 117
334 127
334 140
334 155
334 156
334 159
334 164
334 173
334 134
335 6
335 14
335 26
335 39
335 59
335 86
335 90
335 97
335 100
335 115
335 121
335 126
335 130
335 154
335 162
335 178
335 188
335 135
336 1
336 10
336 19
336 37
336 45
336 48
336 54
336 78
336 100
336 109
336 116
336 117
336 118
336 136
336 141
336 153
336 154
336 167
336 177
337 34
337 43
337 49
337 71
337 79
337 100
337 108
337 109
337 111
337 127
337 135
337 139
337 145
337 156
337 137
338 8
338 12
338 16
338 18
338 32
338 39
338 62
338 70
338 78
338 86
338 93
338 100
338 143
338 145
338 155
338 171
338 178
338 180
338 189
338 191
338 138
339 3
339 7
339 9
339 24
339 27
339 28
339 76
339 104
339 118
339 123
339 126
339 140
339 154
339 157
339 190
339 139
340 2
340 19
340 40
340 51
340 54
340 91
340 95
340 101
340 103
340 105
340 106
340 108
340 127
340 152
340 165
340 168
340 177
340 140
341 1
341 3
341 16
341 20
341 44
341 69
341 83
341 96
341 102
341 106
341 111
341 124
341 138
341 144
341 150
341 163
341 164
341 169
341 179
341 180
341 186
341 188
341 141
342 11
342 13
342 43
342 48
342 51
342 64
342 91
342 93
342 112
342 113
342 115
342 130
342 149
342 151
342 154
342 142
343 0
343 5
343 14
343 58
343 105
343 106
343 110
343 113
343 122
343 126
343 172
343 176
343 195
343 143
344 7
344 15
344 26
344 39
344 43
344 55
344 56
344 83
344 84
344 141
344 142
344 162
344 165
344 167
344 171
344 199
344 144
345 9
345 15
345 24
345 31
345 33
345 38
345 40
345 50
345 73
345 74
345 91
345 110
345 130
345 132
345 165
345 170
345 182
345 195
345 145
346 15
346 22
346 42
346 50
346 55
346 73
346 75
346 79
346 93
346 106
346 110
346 117
346 123
346 125
346 126
346 129
346 135
346 140
346 167
346 169
346 146
347 2
347 6
347 27
347 32
347 54
347 89
347 90
347 91
347 98
347 102
347 127
347 157
347 165
347 184
347 191
347 193
347 196
347 198
347 147
348 1
348 39
348 40
348 52
348 57
348 58
348 69
348 70
348 71
348 79
348 117
348 122
348 138
348 142
348 147
348 156
348 157
348 161
348 168
348 175
348 196
348 148
349 24
349 30
349 40
349 63
349 82
349 98
349 132
349 143
349 160
349 163
349 168
349 198
349 149
350 9
350 16
350 25
350 34
350 46
350 47
350 65
350 76
350 88
350 94
350 115
350 121
350 122
350 123
350 126
350 128
350 144
350 162
350 165
350 196
350 150
351 1
351 10
351 15
351 31
351 41
351 45
351 47
351 54
351 105
351 118
351 145
351 148
351 150
351 157
351 180
351 183
351 199
351 151
352 16
352 28
352 41
352 52
352 59
352 73
352 76
352 77
352 86
352 91
352 92
352 104
352 126
352 129
352 142
352 147
352 152
352 157
352 159
352 179
353 13
353 14
353 21
353 22
353 27
353 37
353 45
353 49
353 52
353 77
353 91
353 99
353 104
353 108
353 113
353 123
353 127
353 151
353 170
353 173
353 175
353 178
353 184
353 193
353 153
354 13
354 15
354 17
354 30
354 38
354 41
354 43
354 50
354 51
354 53
354 60
354 73
354 106
354 107
354 110
354 141
354 149
354 165
354 181
354 187
354 188
354 197
354 154
355 6
355 19
355 20
355 21
355 66
355 70
355 71
355 72
355 75
355 78
355 84
355 97
355 107
355 109
355 129
355 153
355 162
355 170
355 178
355 192
355 197
355 155
356 16
356 29
356 46
356 52
356 55
356 67
356 71
356 73
356 89
356 93
356 126
356 138
356 167
356 180
356 183
356 184
356 189
356 197
356 156
357 3
357 9
357 12
357 14
357 16
357 41
357 47
357 48
357 56
357 64
357 68
357 72
357 74
357 88
357 113
357 120
357 131
357 135
357 138
357 139
357 144
357 156
357 157
357 181
357 189
357 195
358 44
358 52
358 58
358 59
358 62
358 63
358 66
358 67
358 68
358 74
358 83
358 89
358 93
358 102
358 108
358 117
358 132
358 141
358 160
358 167
358 169
358 181
358 188
358 192
358 158
359 5
359 21
359 30
359 31
359 48
359 68
359 70
359 98
359 104
359 109
359 132
359 138
359 143
359 176
359 179
359 193
359 194
359 159
360 10
360 40
360 48
360 90
360 94
360 99
360 105
360 112
360 114
360 121
360 129
360 139
360 164
360 171
360 185
360 194
360 160
361 11
361 27
361 43
361 47
361 85
361 97
361 102
361 109
361 123
361 130
361 142
361 155
361 184
361 191
361 196
361 161
362 6
362 24
362 38
362 47
362 52
362 53
362 55
362 61
362 74
362 75
362 95
362 100
362 104
362 105
362 108
362 111
362 116
362 135
362 154
362 156
362 162
362 165
362 173
362 182
362 194
363 5
363 15
363 24
363 26
363 40
363 48
363 63
363 79
363 106
363 126
363 129
363 132
363 142
363 145
363 150
363 165
363 166
363 168
363 170
363 180
363 163
364 11
364 12
364 20
364 37
364 38
364 39
364 52
364 60
364 65
364 68
364 83
364 105
364 130
364 134
364 139
364 164
364 166
364 195
365 4
365 6
365 10
365 28
365 53
365 68
365 110
365 111
365 178
365 197
365 165
366 7
366 10
366 13
366 19
366 31
366 36
366 37
366 58
366 66
366 74
366 103
366 122
366 125
366 164
366 173
366 194
366 166
367 9
367 40
367 47
367 53
367 57
367 66
367 100
367 101
367 110
367 128
367 141
367 153
367 155
367 159
367 174
367 176
367 187
367 167
368 8
368 10
368 17
368 48
368 75
368 76
368 89
368 135
368 166
368 182
368 187
368 192
368 195
368 168
369 2
369 9
369 15
369 25
369 62
369 81
369 93
369 97
369 125
369 139
369 148
369 152
369 155
369 163
369 171
369 173
369 181
369 183
369 169
370 2
370 7
370 33
370 43
370 81
370 86
370 87
370 89
370 107
370 115
370 125
370 138
370 153
370 170
371 43
371 45
371 50
371 68
371 85
371 89
371 93
371 117
371 119
371 129
371 130
371 159
371 160
371 162
371 181
371 182
371 191
371 197
371 171
372 6
372 44
372 47
372 59
372 60
372 94
372 118
372 128
372 131
372 135
372 160
372 163
372 168
372 174
372 179
372 183
372 189
372 172
373 2
373 3
373 16
373 17
373 31
373 50
373 77
373 88
373 90
373 104
373 119
373 123
373 165
373 175
373 178
373 180
373 182
373 192
373 199
373 173
374 3
374 14
374 27
374 35
374 38
374 70
374 71
374 76
374 81
374 115
374 136
374 150
374 152
374 157
374 174
375 40
375 48
375 70
375 73
375 82
375 91
375 100
375 105
375 113
375 124
375 125
375 138
375 147
375 169
375 170
375 175
375 176
375 179
375 199
376 31
376 38
376 41
376 46
376 47
376 64
376 68
376 86
376 90
376 113
376 126
376 133
376 135
376 142
376 152
376 159
376 163
376 165
376 170
376 182
376 187
376 190
376 176
377 2
377 4
377 12
377 19
377 21
377 22
377 29
377 43
377 54
377 57
377 85
377 98
377 103
377 142
377 170
377 181
377 191
377 194
377 177
378 4
378 8
378 12
378 18
378 24
378 29
378 50
378 61
378 67
378 98
378 108
378 111
378 119
378 130
378 137
378 168
378 176
378 195
378 198
378 178
379 8
379 10
379 24
379 44
379 51
379 54
379 55
379 61
379 76
379 86
379 106
379 109
379 129
379 130
379 137
379 138
379 174
379 179
380 2
380 45
380 52
380 72
380 81
380 84
380 89
380 93
380 107
380 114
380 117
380 119
380 132
380 135
380 169
380 180
381 8
381 10
381 14
381 58
381 72
381 74
381 96
381 111
381 112
381 133
381 183
381 194
381 199
381 181
382 5
382 9
382 19
382 40
382 63
382 82
382 91
382 101
382 102
382 104
382 125
382 127
382 141
382 154
382 174
382 183
382 186
382 187
382 195
382 182
383 4
383 10
383 14
383 21
383 52
383 58
383 63
383 73
383 102
383 110
383 118
383 126
383 145
383 150
383 153
383 157
383 159
383 163
383 172
383 183
384 16
384 53
384 63
384 99
384 141
384 173
384 174
384 177
384 192
384 196
384 184
385 10
385 14
385 49
385 51
385 57
385 66
385 74
385 94
385 109
385 128
385 129
385 138
385 141
385 144
385 149
385 165
385 175
385 185
386 24
386 29
386 33
386 36
386 51
386 60
386 67
386 74
386 84
386 87
386 89
386 97
386 99
386 101
386 122
386 123
386 124
386 128
386 191
386 194
386 186
387 4
387 54
387 60
387 61
387 63
387 70
387 92
387 94
387 98
387 103
387 109
387 117
387 120
387 132
387 139
387 187
388 11
388 22
388 39
388 42
388 49
388 50
388 54
388 80
388 93
388 99
388 110
388 126
388 128
388 134
388 168
388 196
388 188
389 16
389 45
389 47
389 74
389 76
389 82
389 85
389 89
389 105
389 122
389 152
389 155
389 156
389 193
389 189
390 12
390 17
390 29
390 51
390 57
390 70
390 78
390 110
390 112
390 115
390 116
390 132
390 138
390 155
390 165
390 190
391 0
391 6
391 8
391 12
391 16
391 31
391 39
391 64
391 66
391 69
391 78
391 88
391 100
391 106
391 107
391 137
391 144
391 145
391 162
391 175
391 192
391 191
392 0
392 4
392 12
392 47
392 49
392 91
392 104
392 113
392 116
392 124
392 127
392 132
392 133
392 143
392 150
392 153
392 155
392 170
392 172
392 179
392 184
392 185
392 192
392 195
393 4
393 25
393 52
393 55
393 66
393 77
393 79
393 92
393 103
393 105
393 111
393 114
393 115
393 127
393 133
393 136
393 139
393 142
393 145
393 149
393 156
393 193
394 34
394 35
394 52
394 70
394 79
394 81
394 87
394 95
394 111
394 115
394 117
394 122
394 126
394 143
394 146
394 156
394 167
394 184
394 194
395 3
395 13
395 16
395 24
395 25
395 35
395 63
395 69
395 82
395 88
395 102
395 104
395 113
395 117
395 121
395 147
395 158
395 159
395 162
395 163
395 168
395 186
395 195
396 3
396 37
396 55
396 66
396 67
396 82
396 88
396 89
396 110
396 111
396 116
396 136
396 141
396 159
396 161
396 173
396 179
396 181
396 182
396 194
396 197
396 196
397 0
397 5
397 12
397 27
397 37
397 66
397 77
397 86
397 87
397 96
397 101
397 105
397 106
397 111
397 118
397 127
397 129
397 136
397 142
397 153
397 160
397 176
397 197
398 6
398 10
398 16
398 17
398 24
398 31
398 38
398 53
398 75
398 77
398 83
398 107
398 110
398 138
398 155
398 183
398 198
399 9
399 18
399 35
399 39
399 47
399 60
399 64
399 69
399 71
399 77
399 86
399 89
399 91
399 103
399 104
399 115
399 118
399 131
399 147
399 152
399 164
399 184
399 185
399 190
399 196
399 198
399 199
