  100   328
0 71
0 72
0 75
0 99
0 82
0 1
0 8
0 38
0 40
0 42
0 50
1 58
1 62
1 87
1 0
1 39
1 51
2 61
2 84
2 3
2 9
2 21
2 37
2 40
2 45
2 46
2 47
2 52
3 52
3 59
3 70
3 76
3 91
3 2
3 4
3 28
3 33
3 44
3 53
4 55
4 64
4 74
4 81
4 3
4 16
4 44
4 54
5 67
5 93
5 94
5 8
5 9
5 20
5 29
5 55
6 50
6 65
6 72
6 79
6 86
6 25
6 29
6 36
6 56
7 56
7 60
7 77
7 78
7 87
7 99
7 22
7 25
7 26
7 28
7 48
7 57
8 78
8 83
8 0
8 5
8 9
8 20
8 48
8 58
9 57
9 84
9 91
9 2
9 5
9 8
9 10
9 13
9 24
9 28
9 29
9 43
9 59
10 51
10 57
10 74
10 83
10 96
10 9
10 12
10 19
10 21
10 60
11 52
11 55
11 73
11 48
11 61
12 84
12 88
12 10
12 20
12 37
12 62
13 54
13 83
13 86
13 9
13 16
13 18
13 27
13 45
13 63
14 53
14 54
14 58
14 85
14 93
14 98
14 40
14 64
15 62
15 92
15 17
15 24
15 45
15 65
16 51
16 65
16 84
16 89
16 4
16 13
16 21
16 49
16 66
17 52
17 58
17 68
17 71
17 97
17 15
17 32
17 48
17 67
18 62
18 76
18 83
18 87
18 13
18 23
18 31
18 39
18 46
18 68
19 66
19 68
19 79
19 89
19 91
19 94
19 96
19 10
19 42
19 69
20 56
20 85
20 5
20 8
20 12
20 70
21 68
21 71
21 98
21 2
21 10
21 16
21 44
22 64
22 90
22 7
22 36
22 39
22 45
22 47
22 48
22 72
23 56
23 69
23 77
23 83
23 18
23 26
23 48
23 73
24 54
24 69
24 92
24 9
24 15
24 30
24 74
25 57
25 62
25 79
25 83
25 88
25 6
25 7
25 75
26 51
26 52
26 89
26 7
26 23
26 30
26 35
26 76
27 64
27 89
27 99
27 13
27 32
27 77
28 63
28 91
28 3
28 7
28 9
28 78
29 50
29 51
29 53
29 55
29 57
29 74
29 92
29 5
29 6
29 9
29 45
29 79
30 65
30 80
30 89
30 24
30 26
30 37
31 53
31 95
31 18
31 33
31 44
31 46
31 81
32 55
32 58
32 77
32 17
32 27
32 35
32 82
33 56
33 69
33 3
33 31
33 83
34 51
34 53
34 58
34 64
34 86
34 35
34 84
35 53
35 55
35 57
35 66
35 87
35 91
35 98
35 26
35 32
35 34
35 47
35 85
36 50
36 69
36 75
36 6
36 22
36 47
36 86
37 70
37 96
37 2
37 12
37 30
37 42
37 49
37 87
38 62
38 71
38 0
38 49
38 88
39 55
39 67
39 69
39 80
39 85
39 92
39 93
39 96
39 1
39 18
39 22
39 89
40 58
40 60
40 69
40 85
40 98
40 0
40 2
40 14
40 42
40 48
40 49
40 90
41 55
41 69
41 91
41 95
41 42
41 49
42 61
42 71
42 87
42 0
42 19
42 37
42 40
42 41
42 92
43 59
43 74
43 76
43 80
43 95
43 9
43 44
43 93
44 62
44 3
44 4
44 21
44 31
44 43
44 46
44 94
45 54
45 65
45 66
45 86
45 91
45 94
45 2
45 13
45 15
45 22
45 29
45 95
46 66
46 71
46 86
46 98
46 2
46 18
46 31
46 44
46 96
47 76
47 2
47 22
47 35
47 36
47 97
48 58
48 59
48 66
48 72
48 81
48 96
48 7
48 8
48 11
48 17
48 22
48 23
48 40
48 98
49 55
49 16
49 37
49 38
49 40
49 41
49 99
50 6
50 29
50 36
50 0
51 10
51 16
51 26
51 29
51 34
51 1
52 3
52 11
52 17
52 26
52 2
53 14
53 29
53 31
53 34
53 35
53 3
54 13
54 14
54 24
54 45
54 4
55 4
55 11
55 29
55 32
55 35
55 39
55 41
55 49
55 5
56 7
56 20
56 23
56 33
56 6
57 9
57 10
57 25
57 29
57 35
57 7
58 1
58 14
58 17
58 32
58 34
58 40
58 48
58 8
59 3
59 43
59 48
59 9
60 7
60 40
60 10
61 2
61 42
61 11
62 1
62 15
62 18
62 25
62 38
62 44
62 12
63 28
63 13
64 4
64 22
64 27
64 34
64 14
65 6
65 16
65 30
65 45
65 15
66 19
66 35
66 45
66 46
66 48
66 16
67 5
67 39
67 17
68 17
68 19
68 21
68 18
69 23
69 24
69 33
69 36
69 39
69 40
69 41
69 19
70 3
70 37
70 20
71 0
71 17
71 21
71 38
71 42
71 46
72 0
72 6
72 48
72 22
73 11
73 23
74 4
74 10
74 29
74 43
74 24
75 0
75 36
75 25
76 3
76 18
76 43
76 47
76 26
77 7
77 23
77 32
77 27
78 7
78 8
78 28
79 6
79 19
79 25
79 29
80 30
80 39
80 43
81 4
81 48
81 31
82 0
82 32
83 8
83 10
83 13
83 18
83 23
83 25
83 33
84 2
84 9
84 12
84 16
84 34
85 14
85 20
85 39
85 40
85 35
86 6
86 13
86 34
86 45
86 46
86 36
87 1
87 7
87 18
87 35
87 42
87 37
88 12
88 25
88 38
89 16
89 19
89 26
89 27
89 30
89 39
90 22
90 40
91 3
91 9
91 19
91 28
91 35
91 41
91 45
92 15
92 24
92 29
92 39
92 42
93 5
93 14
93 39
93 43
94 5
94 19
94 45
94 44
95 31
95 41
95 43
95 45
96 10
96 19
96 37
96 39
96 48
96 46
97 17
97 47
98 14
98 21
98 35
98 40
98 46
98 48
99 0
99 7
99 27
99 49
