  300   2460
0 168
0 176
0 196
0 199
0 222
0 237
0 269
0 280
0 291
0 9
0 10
0 16
0 19
0 21
0 34
0 52
0 68
0 85
0 91
0 103
0 105
0 117
0 123
0 140
0 146
0 150
1 167
1 180
1 203
1 205
1 235
1 241
1 272
1 274
1 284
1 285
1 4
1 5
1 14
1 16
1 23
1 24
1 31
1 45
1 52
1 63
1 64
1 81
1 82
1 83
1 84
1 91
1 97
1 111
1 143
1 151
2 190
2 197
2 202
2 213
2 215
2 233
2 262
2 294
2 8
2 13
2 19
2 30
2 64
2 65
2 79
2 82
2 90
2 116
2 128
2 129
2 149
2 152
3 152
3 164
3 173
3 212
3 252
3 260
3 269
3 9
3 17
3 21
3 53
3 87
3 102
3 131
3 136
3 137
3 153
4 174
4 198
4 213
4 220
4 225
4 236
4 249
4 262
4 273
4 275
4 299
4 1
4 18
4 44
4 56
4 62
4 66
4 87
4 89
4 94
4 95
4 100
4 102
4 128
4 131
4 135
4 154
5 152
5 163
5 167
5 170
5 178
5 183
5 185
5 229
5 260
5 297
5 299
5 1
5 9
5 10
5 12
5 13
5 21
5 39
5 41
5 58
5 65
5 73
5 107
5 131
5 139
5 140
5 155
6 155
6 156
6 203
6 215
6 255
6 269
6 279
6 296
6 21
6 47
6 57
6 59
6 61
6 72
6 94
6 100
6 102
6 114
6 138
6 144
7 171
7 174
7 184
7 208
7 217
7 232
7 234
7 239
7 251
7 262
7 279
7 40
7 44
7 45
7 50
7 86
7 87
7 97
7 102
7 105
7 113
7 119
7 124
7 125
7 135
7 157
8 160
8 185
8 205
8 230
8 248
8 257
8 283
8 297
8 2
8 16
8 30
8 50
8 64
8 71
8 75
8 96
8 103
8 106
8 123
8 147
8 158
9 187
9 222
9 229
9 231
9 247
9 254
9 260
9 261
9 264
9 269
9 274
9 278
9 280
9 283
9 290
9 299
9 0
9 3
9 5
9 38
9 40
9 60
9 84
9 91
9 104
9 106
9 126
9 128
9 130
9 159
10 168
10 173
10 178
10 195
10 200
10 205
10 227
10 235
10 296
10 0
10 5
10 39
10 48
10 54
10 56
10 98
10 101
10 103
10 104
10 105
10 146
10 160
11 164
11 183
11 185
11 205
11 206
11 216
11 222
11 227
11 261
11 271
11 272
11 275
11 32
11 57
11 68
11 100
11 105
11 108
11 109
11 121
11 125
11 127
11 138
11 161
12 157
12 207
12 239
12 263
12 283
12 287
12 299
12 5
12 32
12 37
12 41
12 65
12 89
12 102
12 115
12 132
12 148
12 149
12 162
13 150
13 151
13 162
13 203
13 208
13 229
13 244
13 270
13 273
13 284
13 289
13 298
13 2
13 5
13 14
13 16
13 27
13 28
13 39
13 41
13 44
13 57
13 67
13 74
13 83
13 84
13 95
13 98
13 105
13 115
13 118
13 125
13 128
13 134
13 138
13 149
13 163
14 153
14 174
14 179
14 183
14 191
14 197
14 239
14 279
14 280
14 1
14 13
14 17
14 21
14 53
14 57
14 63
14 87
14 90
14 110
14 117
14 129
14 132
14 135
14 141
14 146
14 164
15 152
15 155
15 163
15 172
15 174
15 182
15 196
15 200
15 258
15 262
15 268
15 278
15 19
15 28
15 32
15 57
15 86
15 107
15 119
15 125
15 130
15 147
15 165
16 187
16 192
16 227
16 247
16 251
16 257
16 258
16 262
16 294
16 0
16 1
16 8
16 13
16 26
16 28
16 33
16 35
16 42
16 44
16 92
16 99
16 140
16 166
17 177
17 194
17 199
17 249
17 267
17 299
17 3
17 14
17 30
17 34
17 46
17 66
17 75
17 86
17 124
17 133
17 135
17 138
17 142
17 144
17 167
18 151
18 204
18 219
18 223
18 262
18 277
18 281
18 4
18 19
18 25
18 32
18 52
18 54
18 61
18 72
18 107
18 116
18 122
18 131
18 133
18 136
18 138
18 168
19 157
19 182
19 205
19 210
19 222
19 225
19 227
19 230
19 238
19 286
19 0
19 2
19 15
19 18
19 28
19 50
19 52
19 54
19 65
19 75
19 114
19 124
19 169
20 156
20 172
20 175
20 185
20 203
20 206
20 217
20 235
20 248
20 254
20 272
20 274
20 293
20 30
20 56
20 104
20 110
20 118
20 121
20 132
20 170
21 153
21 162
21 171
21 180
21 231
21 236
21 242
21 248
21 251
21 265
21 288
21 0
21 3
21 5
21 6
21 14
21 31
21 53
21 57
21 75
21 76
21 81
21 84
21 104
21 108
21 118
21 120
21 131
21 136
21 137
22 151
22 155
22 158
22 162
22 168
22 210
22 215
22 218
22 231
22 239
22 265
22 278
22 23
22 24
22 29
22 43
22 86
22 95
22 102
22 122
22 123
22 126
22 143
22 172
23 160
23 164
23 178
23 199
23 221
23 233
23 238
23 254
23 280
23 287
23 294
23 296
23 1
23 22
23 28
23 33
23 41
23 80
23 84
23 90
23 97
23 98
23 99
23 107
23 112
23 115
23 173
24 168
24 179
24 181
24 191
24 217
24 229
24 246
24 247
24 276
24 283
24 1
24 22
24 28
24 38
24 43
24 47
24 54
24 55
24 73
24 77
24 82
24 83
24 85
24 91
24 97
24 110
24 113
24 124
24 129
24 130
24 145
24 146
24 147
24 174
25 159
25 160
25 193
25 234
25 242
25 274
25 18
25 68
25 93
25 105
25 115
25 133
25 135
25 136
25 175
26 160
26 175
26 179
26 200
26 237
26 248
26 249
26 264
26 278
26 281
26 286
26 297
26 16
26 37
26 51
26 52
26 72
26 76
26 83
26 86
26 87
26 88
26 91
26 92
26 97
26 105
26 116
26 127
26 139
26 148
26 176
27 154
27 159
27 212
27 257
27 271
27 276
27 279
27 13
27 42
27 55
27 56
27 57
27 61
27 79
27 83
27 91
27 125
27 138
27 177
28 163
28 224
28 230
28 252
28 258
28 261
28 273
28 13
28 15
28 16
28 19
28 23
28 24
28 35
28 39
28 41
28 46
28 54
28 60
28 65
28 73
28 111
28 121
28 122
28 148
28 178
29 180
29 198
29 239
29 280
29 289
29 290
29 22
29 62
29 88
29 99
29 109
29 113
29 114
29 137
29 145
29 179
30 153
30 202
30 215
30 249
30 262
30 2
30 8
30 17
30 20
30 33
30 41
30 65
30 67
30 126
30 142
30 180
31 163
31 177
31 178
31 187
31 190
31 193
31 198
31 202
31 211
31 263
31 266
31 280
31 292
31 1
31 21
31 34
31 38
31 51
31 67
31 78
31 79
31 100
31 118
31 128
31 137
31 181
32 155
32 173
32 176
32 194
32 222
32 226
32 244
32 255
32 258
32 263
32 270
32 281
32 299
32 11
32 12
32 15
32 18
32 40
32 41
32 45
32 50
32 86
32 94
32 98
32 105
32 113
32 124
32 182
33 166
33 191
33 242
33 271
33 16
33 23
33 30
33 38
33 43
33 44
33 71
33 78
33 88
33 92
33 95
33 113
33 117
33 118
33 143
33 147
33 183
34 161
34 163
34 164
34 175
34 178
34 180
34 200
34 213
34 220
34 247
34 256
34 0
34 17
34 31
34 72
34 113
34 124
34 136
34 184
35 158
35 159
35 190
35 192
35 218
35 219
35 230
35 253
35 265
35 275
35 276
35 277
35 287
35 289
35 16
35 28
35 37
35 51
35 55
35 84
35 95
35 100
35 106
35 110
35 132
35 137
35 139
35 185
36 153
36 167
36 213
36 214
36 225
36 240
36 250
36 263
36 266
36 272
36 292
36 37
36 52
36 55
36 57
36 73
36 86
36 88
36 96
36 131
36 148
36 186
37 152
37 155
37 156
37 204
37 267
37 272
37 291
37 12
37 26
37 35
37 36
37 40
37 45
37 49
37 68
37 83
37 84
37 87
37 89
37 103
37 117
37 120
37 130
37 187
38 152
38 189
38 193
38 219
38 225
38 232
38 245
38 9
38 24
38 31
38 33
38 72
38 85
38 89
38 109
38 122
38 136
38 188
39 164
39 198
39 225
39 234
39 252
39 5
39 10
39 13
39 28
39 47
39 55
39 57
39 59
39 62
39 75
39 76
39 77
39 80
39 82
39 85
39 106
39 116
39 189
40 194
40 217
40 219
40 223
40 245
40 276
40 7
40 9
40 32
40 37
40 50
40 64
40 67
40 88
40 89
40 94
40 109
40 134
40 190
41 150
41 186
41 224
41 237
41 271
41 5
41 12
41 13
41 23
41 28
41 30
41 32
41 47
41 48
41 63
41 94
41 100
41 109
41 113
41 122
41 127
41 128
41 191
42 155
42 161
42 193
42 239
42 242
42 258
42 262
42 267
42 269
42 275
42 16
42 27
42 47
42 59
42 70
42 76
42 79
42 80
42 88
42 96
42 104
42 122
42 123
42 145
42 192
43 178
43 183
43 187
43 204
43 205
43 223
43 233
43 266
43 279
43 22
43 24
43 33
43 58
43 71
43 72
43 73
43 106
43 139
43 193
44 150
44 159
44 176
44 190
44 209
44 212
44 230
44 232
44 246
44 279
44 4
44 7
44 13
44 16
44 33
44 63
44 72
44 76
44 89
44 101
44 110
44 119
44 149
44 194
45 184
45 189
45 223
45 250
45 251
45 253
45 258
45 265
45 267
45 1
45 7
45 32
45 37
45 54
45 58
45 96
45 110
45 118
45 141
45 143
45 195
46 163
46 178
46 180
46 193
46 218
46 230
46 244
46 249
46 250
46 266
46 282
46 17
46 28
46 58
46 73
46 79
46 83
46 90
46 108
46 125
46 132
46 196
47 160
47 166
47 214
47 216
47 229
47 231
47 237
47 262
47 269
47 286
47 6
47 24
47 39
47 41
47 42
47 57
47 93
47 97
47 111
47 117
47 136
47 197
48 186
48 239
48 281
48 287
48 10
48 41
48 49
48 68
48 87
48 107
48 110
48 116
48 138
48 143
48 146
48 198
49 185
49 195
49 222
49 229
49 234
49 258
49 268
49 277
49 285
49 37
49 48
49 72
49 83
49 94
49 122
49 126
49 131
49 137
49 145
49 147
49 199
50 159
50 163
50 164
50 166
50 191
50 194
50 196
50 206
50 259
50 261
50 275
50 287
50 290
50 7
50 8
50 19
50 32
50 40
50 72
50 88
50 112
50 113
50 121
50 122
50 133
50 137
50 139
50 200
51 166
51 189
51 195
51 201
51 218
51 229
51 238
51 245
51 259
51 262
51 283
51 287
51 26
51 31
51 35
51 59
51 60
51 79
51 89
51 98
51 119
51 127
51 128
51 131
51 139
52 171
52 195
52 209
52 220
52 244
52 247
52 264
52 277
52 290
52 0
52 1
52 18
52 19
52 26
52 36
52 67
52 76
52 80
52 123
52 128
52 144
52 146
52 148
52 202
53 178
53 201
53 206
53 208
53 272
53 3
53 14
53 21
53 54
53 70
53 87
53 106
53 114
53 119
53 139
53 203
54 152
54 174
54 177
54 214
54 225
54 230
54 249
54 255
54 10
54 18
54 19
54 24
54 28
54 45
54 53
54 60
54 61
54 66
54 102
54 112
54 204
55 151
55 159
55 172
55 200
55 203
55 213
55 218
55 236
55 24
55 27
55 35
55 36
55 39
55 65
55 66
55 76
55 83
55 97
55 108
55 109
55 114
55 117
55 205
56 185
56 206
56 207
56 227
56 246
56 259
56 272
56 275
56 281
56 4
56 10
56 20
56 27
56 83
56 88
56 100
56 126
56 142
56 148
57 163
57 178
57 194
57 225
57 236
57 265
57 6
57 11
57 13
57 14
57 15
57 21
57 27
57 36
57 39
57 47
57 69
57 75
57 101
57 104
57 124
57 144
57 207
58 156
58 175
58 181
58 189
58 206
58 216
58 241
58 245
58 281
58 5
58 43
58 45
58 46
58 59
58 66
58 71
58 74
58 75
58 105
58 106
58 107
58 128
58 132
58 208
59 151
59 168
59 169
59 170
59 174
59 175
59 185
59 232
59 255
59 6
59 39
59 42
59 51
59 58
59 69
59 90
59 110
59 118
59 140
59 209
60 157
60 160
60 196
60 202
60 211
60 236
60 249
60 263
60 278
60 290
60 9
60 28
60 51
60 54
60 85
60 118
60 120
60 129
60 130
60 139
60 141
60 210
61 165
61 178
61 181
61 241
61 244
61 282
61 6
61 18
61 27
61 54
61 64
61 75
61 85
61 97
61 109
61 110
61 124
61 131
61 144
61 149
61 211
62 151
62 163
62 173
62 187
62 197
62 241
62 245
62 251
62 254
62 263
62 269
62 279
62 4
62 29
62 39
62 81
62 105
62 112
62 113
62 117
62 130
62 212
63 164
63 180
63 201
63 204
63 237
63 260
63 296
63 299
63 1
63 14
63 41
63 44
63 81
63 85
63 99
63 117
63 125
63 137
63 213
64 158
64 159
64 160
64 161
64 202
64 220
64 248
64 249
64 290
64 293
64 298
64 1
64 2
64 8
64 40
64 61
64 66
64 95
64 103
64 106
64 120
64 128
64 133
64 134
64 137
64 139
64 145
64 214
65 167
65 169
65 188
65 209
65 210
65 276
65 285
65 290
65 299
65 2
65 5
65 12
65 19
65 28
65 30
65 55
65 69
65 88
65 92
65 112
65 123
65 125
65 132
65 138
65 147
65 149
65 215
66 186
66 201
66 222
66 254
66 267
66 273
66 288
66 291
66 4
66 17
66 54
66 55
66 58
66 64
66 75
66 78
66 89
66 101
66 123
66 128
66 216
67 151
67 154
67 173
67 183
67 194
67 202
67 204
67 230
67 246
67 250
67 266
67 268
67 280
67 294
67 13
67 30
67 31
67 40
67 52
67 68
67 70
67 100
67 135
67 146
67 217
68 192
68 209
68 214
68 225
68 248
68 283
68 0
68 11
68 25
68 37
68 48
68 67
68 73
68 108
68 112
68 124
68 218
69 151
69 214
69 253
69 261
69 57
69 59
69 65
69 70
69 75
69 79
69 80
69 91
69 107
69 117
69 124
69 140
69 141
69 219
70 154
70 189
70 197
70 207
70 211
70 215
70 218
70 226
70 238
70 246
70 248
70 284
70 42
70 53
70 67
70 69
70 74
70 101
70 131
70 220
71 155
71 167
71 172
71 178
71 189
71 213
71 265
71 8
71 33
71 43
71 58
71 75
71 89
71 97
71 105
71 110
71 111
71 120
71 221
72 173
72 181
72 200
72 202
72 208
72 222
72 246
72 272
72 279
72 282
72 6
72 18
72 26
72 34
72 38
72 43
72 44
72 49
72 50
72 74
72 90
72 103
72 104
72 131
72 137
72 141
72 149
73 154
73 179
73 200
73 206
73 223
73 224
73 241
73 244
73 270
73 277
73 283
73 5
73 24
73 28
73 36
73 43
73 46
73 68
73 86
73 94
73 95
73 104
73 109
73 114
73 117
73 125
73 130
73 136
73 138
74 179
74 194
74 196
74 213
74 218
74 223
74 234
74 265
74 278
74 288
74 13
74 58
74 70
74 72
74 89
74 92
74 93
74 111
74 112
74 113
74 123
74 130
74 145
74 224
75 153
75 159
75 208
75 221
75 242
75 271
75 286
75 294
75 8
75 17
75 19
75 21
75 39
75 57
75 58
75 61
75 66
75 69
75 71
75 92
75 97
75 100
75 129
75 135
75 139
75 225
76 150
76 158
76 159
76 170
76 175
76 188
76 195
76 201
76 210
76 275
76 298
76 21
76 26
76 39
76 42
76 44
76 52
76 55
76 92
76 126
76 127
76 130
76 226
77 180
77 188
77 225
77 232
77 283
77 291
77 297
77 24
77 39
77 91
77 99
77 104
77 112
77 113
77 146
77 227
78 164
78 170
78 171
78 179
78 182
78 183
78 184
78 188
78 197
78 213
78 237
78 240
78 31
78 33
78 66
78 93
78 94
78 96
78 111
78 129
78 135
78 144
78 147
78 228
79 158
79 170
79 171
79 174
79 182
79 205
79 212
79 275
79 276
79 293
79 2
79 27
79 31
79 42
79 46
79 51
79 69
79 94
79 99
79 101
79 108
79 138
79 229
80 163
80 176
80 186
80 198
80 203
80 209
80 221
80 260
80 268
80 275
80 292
80 23
80 39
80 42
80 52
80 69
80 86
80 94
80 104
80 119
80 133
80 134
80 140
80 149
80 230
81 163
81 176
81 197
81 202
81 241
81 254
81 258
81 295
81 1
81 21
81 62
81 63
81 85
81 102
81 111
81 146
81 149
81 231
82 208
82 215
82 226
82 245
82 273
82 279
82 283
82 1
82 2
82 24
82 39
82 99
82 105
82 128
82 131
82 232
83 167
83 199
83 207
83 208
83 229
83 261
83 264
83 265
83 284
83 285
83 1
83 13
83 24
83 26
83 27
83 37
83 46
83 49
83 55
83 56
83 100
83 107
83 108
83 124
83 134
83 233
84 209
84 219
84 226
84 264
84 266
84 284
84 292
84 1
84 9
84 13
84 21
84 23
84 35
84 37
84 107
84 114
84 125
84 133
84 137
84 145
84 234
85 176
85 182
85 190
85 211
85 220
85 228
85 276
85 277
85 299
85 0
85 24
85 38
85 39
85 60
85 61
85 63
85 81
85 98
85 102
85 103
85 114
85 118
85 130
85 131
85 139
85 235
86 175
86 224
86 235
86 260
86 280
86 281
86 7
86 15
86 17
86 22
86 26
86 32
86 36
86 73
86 80
86 100
86 128
86 131
86 132
86 138
86 236
87 158
87 173
87 180
87 183
87 192
87 200
87 209
87 222
87 224
87 236
87 245
87 247
87 249
87 271
87 281
87 3
87 4
87 7
87 14
87 26
87 37
87 48
87 53
87 91
87 109
87 237
88 188
88 193
88 224
88 240
88 297
88 26
88 29
88 33
88 36
88 40
88 42
88 50
88 56
88 65
88 91
88 112
88 123
88 133
88 238
89 157
89 159
89 194
89 198
89 226
89 229
89 234
89 237
89 259
89 262
89 264
89 265
89 294
89 4
89 12
89 37
89 38
89 40
89 44
89 51
89 66
89 71
89 74
89 95
89 131
89 137
89 239
90 155
90 157
90 201
90 208
90 214
90 217
90 233
90 268
90 271
90 281
90 286
90 2
90 14
90 23
90 46
90 59
90 72
90 92
90 100
90 103
90 105
90 111
90 134
90 136
90 144
90 240
91 157
91 159
91 166
91 178
91 191
91 238
91 239
91 249
91 297
91 298
91 0
91 1
91 9
91 24
91 26
91 27
91 69
91 77
91 87
91 88
91 100
91 109
91 114
91 127
91 140
91 143
91 241
92 173
92 185
92 186
92 204
92 217
92 218
92 247
92 250
92 254
92 16
92 26
92 33
92 65
92 74
92 75
92 76
92 90
92 97
92 98
92 111
92 141
92 242
93 164
93 178
93 182
93 201
93 212
93 267
93 25
93 47
93 74
93 78
93 122
93 146
93 148
93 243
94 154
94 181
94 194
94 204
94 211
94 229
94 259
94 261
94 264
94 283
94 4
94 6
94 32
94 40
94 41
94 49
94 73
94 78
94 79
94 80
94 100
94 107
94 124
94 136
94 244
95 154
95 156
95 172
95 193
95 201
95 207
95 209
95 216
95 268
95 4
95 13
95 22
95 33
95 35
95 64
95 73
95 89
95 97
95 101
95 112
95 116
95 118
95 146
95 149
95 245
96 152
96 223
96 243
96 273
96 280
96 282
96 8
96 36
96 42
96 45
96 78
96 103
96 112
96 246
97 150
97 154
97 159
97 190
97 193
97 207
97 212
97 213
97 264
97 265
97 276
97 1
97 7
97 23
97 24
97 26
97 47
97 55
97 61
97 71
97 75
97 92
97 95
97 102
97 133
97 138
97 145
97 148
97 247
98 167
98 174
98 180
98 193
98 214
98 250
98 252
98 287
98 10
98 13
98 23
98 32
98 51
98 85
98 92
98 102
98 121
98 134
98 248
99 154
99 156
99 167
99 173
99 197
99 206
99 214
99 231
99 232
99 252
99 276
99 280
99 283
99 16
99 23
99 29
99 63
99 77
99 79
99 82
99 107
99 113
99 114
99 138
99 249
100 163
100 168
100 169
100 184
100 190
100 194
100 249
100 265
100 275
100 292
100 4
100 6
100 11
100 31
100 35
100 41
100 56
100 67
100 75
100 83
100 86
100 90
100 91
100 94
100 102
100 111
100 116
100 125
100 148
100 250
101 152
101 193
101 202
101 207
101 215
101 223
101 245
101 10
101 44
101 57
101 66
101 70
101 79
101 95
101 103
101 104
101 127
101 132
101 133
101 139
101 142
101 143
101 251
102 160
102 183
102 187
102 215
102 216
102 224
102 238
102 248
102 274
102 285
102 297
102 3
102 4
102 6
102 7
102 12
102 22
102 54
102 81
102 85
102 97
102 98
102 100
102 106
102 252
103 155
103 167
103 182
103 218
103 223
103 224
103 231
103 235
103 251
103 280
103 282
103 297
103 0
103 8
103 10
103 37
103 64
103 72
103 85
103 90
103 96
103 101
103 111
103 117
103 253
104 171
104 176
104 203
104 239
104 255
104 9
104 10
104 20
104 21
104 42
104 57
104 72
104 73
104 77
104 80
104 101
104 122
104 124
104 126
104 141
104 147
104 254
105 158
105 164
105 197
105 222
105 227
105 232
105 245
105 271
105 287
105 293
105 0
105 7
105 10
105 11
105 13
105 25
105 26
105 32
105 58
105 62
105 71
105 82
105 90
105 107
105 125
105 137
105 140
105 148
105 255
106 154
106 164
106 192
106 195
106 235
106 237
106 253
106 264
106 288
106 8
106 9
106 35
106 39
106 43
106 53
106 58
106 64
106 102
106 113
106 117
106 118
106 123
106 138
106 147
106 256
107 179
107 189
107 257
107 268
107 272
107 273
107 286
107 292
107 5
107 15
107 18
107 23
107 48
107 58
107 69
107 83
107 84
107 94
107 99
107 105
107 114
108 201
108 204
108 229
108 261
108 266
108 274
108 282
108 293
108 11
108 21
108 46
108 55
108 68
108 79
108 83
108 114
108 127
108 142
108 258
109 152
109 154
109 192
109 214
109 216
109 256
109 258
109 11
109 29
109 38
109 40
109 41
109 55
109 61
109 73
109 87
109 91
109 117
109 118
109 129
109 134
109 141
109 259
110 172
110 192
110 193
110 194
110 195
110 222
110 248
110 279
110 280
110 293
110 14
110 20
110 24
110 35
110 44
110 45
110 48
110 59
110 61
110 71
110 118
110 123
110 135
110 144
110 260
111 158
111 161
111 164
111 181
111 184
111 202
111 227
111 284
111 1
111 28
111 47
111 71
111 74
111 78
111 81
111 90
111 92
111 100
111 103
111 118
111 119
111 125
111 129
111 141
111 142
111 261
112 150
112 152
112 156
112 171
112 201
112 219
112 226
112 248
112 266
112 277
112 23
112 50
112 54
112 62
112 65
112 68
112 74
112 77
112 88
112 95
112 96
112 114
112 122
112 262
113 155
113 173
113 181
113 193
113 206
113 212
113 220
113 231
113 255
113 282
113 286
113 7
113 24
113 29
113 32
113 33
113 34
113 41
113 50
113 62
113 74
113 77
113 99
113 106
113 114
113 135
113 142
113 263
114 151
114 157
114 192
114 211
114 231
114 268
114 281
114 294
114 6
114 19
114 29
114 53
114 55
114 73
114 84
114 85
114 91
114 99
114 107
114 108
114 112
114 113
114 116
114 122
114 139
114 141
114 264
115 160
115 168
115 182
115 198
115 212
115 226
115 229
115 252
115 265
115 285
115 298
115 12
115 13
115 23
115 25
115 126
115 129
116 181
116 193
116 198
116 259
116 262
116 294
116 2
116 18
116 26
116 39
116 48
116 95
116 100
116 114
116 122
116 266
117 176
117 216
117 257
117 262
117 287
117 0
117 14
117 33
117 37
117 47
117 55
117 62
117 63
117 69
117 73
117 103
117 106
117 109
117 120
117 134
117 144
117 145
117 267
118 163
118 179
118 188
118 202
118 212
118 242
118 249
118 290
118 294
118 13
118 20
118 21
118 31
118 33
118 45
118 59
118 60
118 85
118 95
118 106
118 109
118 110
118 111
118 133
118 146
118 268
119 155
119 174
119 185
119 186
119 196
119 200
119 204
119 210
119 215
119 219
119 239
119 258
119 276
119 283
119 292
119 7
119 15
119 44
119 51
119 53
119 80
119 111
119 145
119 147
119 269
120 161
120 164
120 177
120 199
120 202
120 230
120 233
120 238
120 277
120 278
120 295
120 21
120 37
120 60
120 64
120 71
120 117
120 121
120 125
120 128
120 270
121 151
121 174
121 212
121 214
121 237
121 254
121 271
121 274
121 285
121 298
121 11
121 20
121 28
121 50
121 98
121 120
121 136
121 140
121 141
121 149
122 158
122 179
122 200
122 223
122 226
122 232
122 245
122 259
122 264
122 292
122 18
122 22
122 28
122 38
122 41
122 42
122 49
122 50
122 93
122 104
122 112
122 114
122 116
122 138
122 139
122 272
123 167
123 206
123 221
123 229
123 240
123 245
123 247
123 248
123 252
123 257
123 260
123 265
123 282
123 289
123 293
123 0
123 8
123 22
123 42
123 52
123 65
123 66
123 74
123 88
123 106
123 110
123 273
124 156
124 177
124 178
124 181
124 227
124 231
124 247
124 273
124 280
124 291
124 7
124 17
124 19
124 24
124 32
124 34
124 57
124 61
124 68
124 69
124 83
124 94
124 104
124 127
124 145
124 274
125 160
125 162
125 177
125 182
125 184
125 220
125 239
125 7
125 11
125 13
125 15
125 27
125 46
125 63
125 65
125 73
125 84
125 100
125 105
125 111
125 120
125 128
125 130
125 275
126 150
126 167
126 178
126 195
126 202
126 225
126 296
126 9
126 22
126 30
126 49
126 56
126 76
126 104
126 115
126 133
126 276
127 159
127 192
127 216
127 261
127 269
127 11
127 26
127 41
127 51
127 76
127 91
127 101
127 108
127 124
127 129
127 131
127 145
127 277
128 150
128 153
128 164
128 165
128 169
128 187
128 197
128 205
128 222
128 269
128 274
128 295
128 2
128 4
128 9
128 13
128 31
128 41
128 51
128 52
128 58
128 64
128 66
128 82
128 86
128 120
128 125
128 138
128 145
128 278
129 161
129 184
129 186
129 195
129 216
129 240
129 263
129 271
129 279
129 294
129 297
129 2
129 14
129 24
129 60
129 75
129 78
129 109
129 111
129 115
129 127
129 145
130 221
130 257
130 260
130 289
130 9
130 15
130 24
130 37
130 60
130 62
130 73
130 74
130 76
130 85
130 125
130 140
130 280
131 164
131 178
131 184
131 194
131 196
131 226
131 239
131 242
131 259
131 279
131 3
131 4
131 5
131 18
131 21
131 36
131 49
131 51
131 61
131 70
131 72
131 82
131 85
131 86
131 89
131 127
131 133
131 281
132 208
132 212
132 218
132 241
132 245
132 247
132 263
132 270
132 279
132 288
132 293
132 12
132 14
132 20
132 35
132 46
132 58
132 65
132 86
132 101
132 142
132 145
132 282
133 153
133 155
133 159
133 170
133 175
133 180
133 207
133 227
133 251
133 253
133 260
133 274
133 290
133 298
133 299
133 17
133 18
133 25
133 50
133 64
133 80
133 84
133 88
133 97
133 101
133 118
133 126
133 131
133 142
133 283
134 153
134 252
134 263
134 13
134 40
134 64
134 80
134 83
134 90
134 98
134 109
134 117
134 284
135 198
135 199
135 224
135 245
135 274
135 277
135 279
135 287
135 4
135 7
135 14
135 17
135 25
135 67
135 75
135 78
135 110
135 113
135 141
135 144
135 285
136 168
136 181
136 197
136 217
136 235
136 236
136 247
136 250
136 252
136 279
136 3
136 18
136 21
136 25
136 34
136 38
136 47
136 73
136 90
136 94
136 121
136 141
136 286
137 163
137 197
137 237
137 238
137 244
137 3
137 21
137 29
137 31
137 35
137 49
137 50
137 63
137 64
137 72
137 84
137 89
137 105
137 148
137 287
138 154
138 166
138 197
138 201
138 299
138 6
138 11
138 13
138 17
138 18
138 27
138 48
138 65
138 73
138 79
138 86
138 97
138 99
138 106
138 122
138 128
138 288
139 156
139 173
139 182
139 194
139 218
139 234
139 235
139 239
139 245
139 247
139 266
139 5
139 26
139 35
139 43
139 50
139 51
139 53
139 60
139 64
139 75
139 85
139 101
139 114
139 122
139 289
140 238
140 247
140 293
140 0
140 5
140 16
140 59
140 69
140 80
140 91
140 105
140 121
140 130
140 290
141 157
141 162
141 204
141 249
141 256
141 265
141 273
141 293
141 14
141 45
141 60
141 69
141 72
141 92
141 104
141 109
141 111
141 114
141 121
141 135
141 136
141 143
141 291
142 160
142 183
142 192
142 203
142 231
142 233
142 243
142 262
142 267
142 288
142 298
142 17
142 30
142 56
142 101
142 108
142 111
142 113
142 132
142 133
142 144
142 146
142 292
143 175
143 256
143 262
143 279
143 290
143 293
143 1
143 22
143 33
143 45
143 48
143 91
143 101
143 141
144 151
144 153
144 6
144 17
144 52
144 57
144 61
144 78
144 90
144 110
144 117
144 135
144 142
144 294
145 151
145 152
145 165
145 167
145 180
145 189
145 192
145 252
145 253
145 267
145 286
145 288
145 291
145 24
145 29
145 42
145 49
145 64
145 74
145 84
145 97
145 117
145 119
145 124
145 127
145 128
145 129
145 132
145 295
146 157
146 201
146 238
146 247
146 249
146 290
146 0
146 10
146 14
146 24
146 48
146 52
146 67
146 77
146 81
146 93
146 95
146 118
146 142
146 296
147 162
147 180
147 194
147 195
147 201
147 209
147 245
147 279
147 292
147 299
147 8
147 15
147 24
147 33
147 49
147 65
147 78
147 104
147 106
147 119
147 297
148 183
148 187
148 199
148 238
148 239
148 242
148 252
148 272
148 276
148 12
148 26
148 28
148 36
148 52
148 56
148 93
148 97
148 100
148 105
148 137
148 298
149 180
149 192
149 207
149 216
149 217
149 227
149 244
149 275
149 277
149 2
149 12
149 13
149 44
149 61
149 65
149 72
149 80
149 81
149 95
149 121
149 299
150 13
150 41
150 44
150 76
150 97
150 112
150 126
150 128
150 0
151 13
151 18
151 22
151 55
151 59
151 62
151 67
151 69
151 114
151 121
151 144
151 145
151 1
152 3
152 5
152 15
152 37
152 38
152 54
152 96
152 101
152 109
152 112
152 145
152 2
153 14
153 21
153 30
153 36
153 75
153 128
153 133
153 134
153 144
153 3
154 27
154 67
154 70
154 73
154 94
154 95
154 97
154 99
154 106
154 109
154 138
154 4
155 6
155 15
155 22
155 32
155 37
155 42
155 71
155 90
155 103
155 113
155 119
155 133
155 5
156 6
156 20
156 37
156 58
156 95
156 99
156 112
156 124
156 139
157 12
157 19
157 60
157 89
157 90
157 91
157 114
157 141
157 146
157 7
158 22
158 35
158 64
158 76
158 79
158 87
158 105
158 111
158 122
158 8
159 25
159 27
159 35
159 44
159 50
159 55
159 64
159 75
159 76
159 89
159 91
159 97
159 127
159 133
159 9
160 8
160 23
160 25
160 26
160 47
160 60
160 64
160 102
160 115
160 125
160 142
160 10
161 34
161 42
161 64
161 111
161 120
161 129
161 11
162 13
162 21
162 22
162 125
162 141
162 147
162 12
163 5
163 15
163 28
163 31
163 34
163 46
163 50
163 57
163 62
163 80
163 81
163 100
163 118
163 137
163 13
164 3
164 11
164 23
164 34
164 39
164 50
164 63
164 78
164 93
164 105
164 106
164 111
164 120
164 128
164 131
164 14
165 61
165 128
165 145
165 15
166 33
166 47
166 50
166 51
166 91
166 138
166 16
167 1
167 5
167 36
167 65
167 71
167 83
167 98
167 99
167 103
167 123
167 126
167 145
167 17
168 0
168 10
168 22
168 24
168 59
168 100
168 115
168 136
168 18
169 59
169 65
169 100
169 128
169 19
170 5
170 59
170 76
170 78
170 79
170 133
170 20
171 7
171 21
171 52
171 78
171 79
171 104
171 112
172 15
172 20
172 55
172 71
172 95
172 110
172 22
173 3
173 10
173 32
173 62
173 67
173 72
173 87
173 92
173 99
173 113
173 139
173 23
174 4
174 7
174 14
174 15
174 54
174 59
174 79
174 98
174 119
174 121
174 24
175 20
175 26
175 34
175 58
175 59
175 76
175 86
175 133
175 143
175 25
176 0
176 32
176 44
176 80
176 81
176 85
176 104
176 117
176 26
177 17
177 31
177 54
177 120
177 124
177 125
177 27
178 5
178 10
178 23
178 31
178 34
178 43
178 46
178 53
178 57
178 61
178 71
178 91
178 93
178 124
178 126
178 131
178 28
179 14
179 24
179 26
179 73
179 74
179 78
179 107
179 118
179 122
179 29
180 1
180 21
180 29
180 34
180 46
180 63
180 77
180 87
180 98
180 133
180 145
180 147
180 149
180 30
181 24
181 58
181 61
181 72
181 94
181 111
181 113
181 116
181 124
181 136
181 31
182 15
182 19
182 78
182 79
182 85
182 93
182 103
182 115
182 125
182 139
182 32
183 5
183 11
183 14
183 43
183 67
183 78
183 87
183 102
183 142
183 148
183 33
184 7
184 45
184 78
184 100
184 111
184 125
184 129
184 131
184 34
185 5
185 8
185 11
185 20
185 49
185 56
185 59
185 92
185 119
185 35
186 41
186 48
186 66
186 80
186 92
186 119
186 129
186 36
187 9
187 16
187 31
187 43
187 62
187 102
187 128
187 148
187 37
188 65
188 76
188 77
188 78
188 88
188 118
188 38
189 38
189 45
189 51
189 58
189 70
189 71
189 107
189 145
189 39
190 2
190 31
190 35
190 44
190 85
190 97
190 100
190 40
191 14
191 24
191 33
191 50
191 91
191 41
192 16
192 35
192 68
192 87
192 106
192 109
192 110
192 114
192 127
192 142
192 145
192 149
192 42
193 25
193 31
193 38
193 42
193 46
193 88
193 95
193 97
193 98
193 101
193 110
193 113
193 116
193 43
194 17
194 32
194 40
194 50
194 57
194 67
194 74
194 89
194 94
194 100
194 110
194 131
194 139
194 147
194 44
195 10
195 49
195 51
195 52
195 76
195 106
195 110
195 126
195 129
195 147
195 45
196 0
196 15
196 50
196 60
196 74
196 119
196 131
196 46
197 2
197 14
197 62
197 70
197 78
197 81
197 99
197 105
197 128
197 136
197 137
197 138
197 47
198 4
198 29
198 31
198 39
198 80
198 89
198 115
198 116
198 135
198 48
199 0
199 17
199 23
199 83
199 120
199 135
199 148
199 49
200 10
200 15
200 26
200 34
200 55
200 72
200 73
200 87
200 119
200 122
200 50
201 51
201 53
201 63
201 66
201 76
201 90
201 93
201 95
201 108
201 112
201 138
201 146
201 147
202 2
202 30
202 31
202 60
202 64
202 67
202 72
202 81
202 101
202 111
202 118
202 120
202 126
202 52
203 1
203 6
203 13
203 20
203 55
203 80
203 104
203 142
203 53
204 18
204 37
204 43
204 63
204 67
204 92
204 94
204 108
204 119
204 141
204 54
205 1
205 8
205 10
205 11
205 19
205 43
205 79
205 128
205 55
206 11
206 20
206 50
206 53
206 56
206 58
206 73
206 99
206 113
206 123
207 12
207 56
207 70
207 83
207 95
207 97
207 101
207 133
207 149
207 57
208 7
208 13
208 53
208 72
208 75
208 82
208 83
208 90
208 132
208 58
209 44
209 52
209 65
209 68
209 80
209 84
209 87
209 95
209 147
209 59
210 19
210 22
210 65
210 76
210 119
210 60
211 31
211 60
211 70
211 85
211 94
211 114
211 61
212 3
212 27
212 44
212 79
212 93
212 97
212 113
212 115
212 118
212 121
212 132
212 62
213 2
213 4
213 34
213 36
213 55
213 71
213 74
213 78
213 97
213 63
214 36
214 47
214 54
214 68
214 69
214 90
214 98
214 99
214 109
214 121
214 64
215 2
215 6
215 22
215 30
215 70
215 82
215 101
215 102
215 119
215 65
216 11
216 47
216 58
216 95
216 102
216 109
216 117
216 127
216 129
216 149
216 66
217 7
217 20
217 24
217 40
217 90
217 92
217 136
217 149
217 67
218 22
218 35
218 46
218 51
218 55
218 70
218 74
218 92
218 103
218 132
218 139
218 68
219 18
219 35
219 38
219 40
219 84
219 112
219 119
219 69
220 4
220 34
220 52
220 64
220 85
220 113
220 125
220 70
221 23
221 75
221 80
221 123
221 130
221 71
222 0
222 9
222 11
222 19
222 32
222 49
222 66
222 72
222 87
222 105
222 110
222 128
223 18
223 40
223 43
223 45
223 73
223 74
223 96
223 101
223 103
223 122
224 28
224 41
224 73
224 86
224 87
224 88
224 102
224 103
224 135
224 74
225 4
225 19
225 36
225 38
225 39
225 54
225 57
225 68
225 77
225 126
225 75
226 32
226 70
226 82
226 84
226 89
226 112
226 115
226 122
226 131
226 76
227 10
227 11
227 16
227 19
227 56
227 105
227 111
227 124
227 133
227 149
227 77
228 85
228 78
229 5
229 9
229 13
229 24
229 47
229 49
229 51
229 83
229 89
229 94
229 108
229 115
229 123
229 79
230 8
230 19
230 28
230 35
230 44
230 46
230 54
230 67
230 120
230 80
231 9
231 21
231 22
231 47
231 99
231 103
231 113
231 114
231 124
231 142
231 81
232 7
232 38
232 44
232 59
232 77
232 99
232 105
232 122
232 82
233 2
233 23
233 43
233 90
233 120
233 142
233 83
234 7
234 25
234 39
234 49
234 74
234 89
234 139
234 84
235 1
235 10
235 20
235 86
235 103
235 106
235 136
235 139
235 85
236 4
236 21
236 55
236 57
236 60
236 87
236 136
236 86
237 0
237 26
237 41
237 47
237 63
237 78
237 89
237 106
237 121
237 137
237 87
238 19
238 23
238 51
238 70
238 91
238 102
238 120
238 137
238 140
238 146
238 148
238 88
239 7
239 12
239 14
239 22
239 29
239 42
239 48
239 91
239 104
239 119
239 125
239 131
239 139
239 148
239 89
240 36
240 78
240 88
240 123
240 129
240 90
241 1
241 58
241 61
241 62
241 73
241 81
241 132
241 91
242 21
242 25
242 33
242 42
242 75
242 118
242 131
242 148
242 92
243 96
243 142
243 93
244 13
244 32
244 46
244 52
244 61
244 73
244 137
244 149
244 94
245 38
245 40
245 51
245 58
245 62
245 82
245 87
245 101
245 105
245 122
245 123
245 132
245 135
245 139
245 147
245 95
246 24
246 44
246 56
246 67
246 70
246 72
246 96
247 9
247 16
247 24
247 34
247 52
247 87
247 92
247 123
247 124
247 132
247 136
247 139
247 140
247 146
247 97
248 8
248 20
248 21
248 26
248 64
248 68
248 70
248 102
248 110
248 112
248 123
248 98
249 4
249 17
249 26
249 30
249 46
249 54
249 60
249 64
249 87
249 91
249 100
249 118
249 141
249 146
249 99
250 36
250 45
250 46
250 67
250 92
250 98
250 136
250 100
251 7
251 16
251 21
251 45
251 62
251 103
251 133
251 101
252 3
252 28
252 39
252 98
252 99
252 115
252 123
252 134
252 136
252 145
252 148
252 102
253 35
253 45
253 69
253 106
253 133
253 145
253 103
254 9
254 20
254 23
254 62
254 66
254 81
254 92
254 121
254 104
255 6
255 32
255 54
255 59
255 104
255 113
255 105
256 34
256 109
256 141
256 143
256 106
257 8
257 16
257 27
257 107
257 117
257 123
257 130
258 15
258 16
258 28
258 32
258 42
258 45
258 49
258 81
258 109
258 119
258 108
259 50
259 51
259 56
259 89
259 94
259 116
259 122
259 131
259 109
260 3
260 5
260 9
260 63
260 80
260 86
260 123
260 130
260 133
260 110
261 9
261 11
261 28
261 50
261 69
261 83
261 94
261 108
261 127
261 111
262 2
262 4
262 7
262 15
262 16
262 18
262 30
262 42
262 47
262 51
262 89
262 116
262 117
262 142
262 143
262 112
263 12
263 31
263 32
263 36
263 60
263 62
263 129
263 132
263 134
263 113
264 9
264 26
264 52
264 83
264 84
264 89
264 94
264 97
264 106
264 122
264 114
265 21
265 22
265 35
265 45
265 57
265 71
265 74
265 83
265 89
265 97
265 100
265 115
265 123
265 141
266 31
266 36
266 43
266 46
266 67
266 84
266 108
266 112
266 139
266 116
267 17
267 37
267 42
267 45
267 66
267 93
267 142
267 145
267 117
268 15
268 49
268 67
268 80
268 90
268 95
268 107
268 114
268 118
269 0
269 3
269 6
269 9
269 42
269 47
269 62
269 127
269 128
269 119
270 13
270 32
270 73
270 132
270 120
271 11
271 27
271 33
271 41
271 75
271 87
271 90
271 105
271 121
271 129
272 1
272 11
272 20
272 36
272 37
272 53
272 56
272 72
272 107
272 148
272 122
273 4
273 13
273 28
273 66
273 82
273 96
273 107
273 124
273 141
273 123
274 1
274 9
274 20
274 25
274 102
274 108
274 121
274 128
274 133
274 135
274 124
275 4
275 11
275 35
275 42
275 50
275 56
275 76
275 79
275 80
275 100
275 149
275 125
276 24
276 27
276 35
276 40
276 65
276 79
276 85
276 97
276 99
276 119
276 148
276 126
277 18
277 35
277 49
277 52
277 73
277 85
277 112
277 120
277 135
277 149
277 127
278 9
278 15
278 22
278 26
278 60
278 74
278 120
278 128
279 6
279 7
279 14
279 27
279 43
279 44
279 62
279 72
279 82
279 110
279 129
279 131
279 132
279 135
279 136
279 143
279 147
280 0
280 9
280 14
280 23
280 29
280 31
280 67
280 86
280 96
280 99
280 103
280 110
280 124
280 130
281 18
281 26
281 32
281 48
281 56
281 58
281 86
281 87
281 90
281 114
281 131
282 46
282 61
282 72
282 96
282 103
282 108
282 113
282 123
282 132
283 8
283 9
283 12
283 24
283 51
283 68
283 73
283 77
283 82
283 94
283 99
283 119
283 133
284 1
284 13
284 70
284 83
284 84
284 111
284 134
285 1
285 49
285 65
285 83
285 102
285 115
285 121
285 135
286 19
286 26
286 47
286 75
286 90
286 107
286 113
286 145
286 136
287 12
287 23
287 35
287 48
287 50
287 51
287 98
287 105
287 117
287 135
287 137
288 21
288 66
288 74
288 106
288 132
288 142
288 145
288 138
289 13
289 29
289 35
289 123
289 130
289 139
290 9
290 29
290 50
290 52
290 60
290 64
290 65
290 118
290 133
290 143
290 146
290 140
291 0
291 37
291 66
291 77
291 124
291 145
291 141
292 31
292 36
292 80
292 84
292 100
292 107
292 119
292 122
292 147
292 142
293 20
293 64
293 79
293 105
293 108
293 110
293 123
293 132
293 140
293 141
293 143
294 2
294 16
294 23
294 67
294 75
294 89
294 114
294 116
294 118
294 129
294 144
295 81
295 120
295 128
295 145
296 6
296 10
296 23
296 63
296 126
296 146
297 5
297 8
297 26
297 77
297 88
297 91
297 102
297 103
297 129
297 147
298 13
298 64
298 76
298 91
298 115
298 121
298 133
298 142
298 148
299 4
299 5
299 9
299 12
299 17
299 32
299 63
299 65
299 85
299 133
299 138
299 147
299 149
