  500   2490
0 349
0 404
0 414
0 427
0 10
0 27
0 28
0 48
0 93
0 96
0 99
0 114
0 123
0 144
0 209
0 230
0 239
0 250
1 489
1 10
1 25
1 70
1 81
1 92
1 109
1 128
1 232
1 251
2 301
2 389
2 75
2 85
2 117
2 127
2 173
2 186
2 195
2 210
2 237
2 252
3 395
3 386
3 290
3 252
3 34
3 64
3 72
3 78
3 209
3 212
3 253
4 289
4 425
4 33
4 65
4 71
4 83
4 88
4 98
4 108
4 117
4 125
4 144
4 150
4 183
4 192
4 210
4 214
4 236
4 247
4 254
5 259
5 351
5 381
5 455
5 18
5 76
5 80
5 101
5 115
5 139
5 157
5 159
5 161
5 169
5 179
5 180
5 192
5 197
5 207
5 210
5 255
6 265
6 267
6 456
6 14
6 23
6 51
6 59
6 61
6 86
6 92
6 151
6 156
6 161
6 202
6 205
6 230
6 238
6 240
6 256
7 250
7 264
7 376
7 11
7 61
7 63
7 80
7 97
7 112
7 168
7 175
7 176
7 206
7 214
7 257
8 299
8 39
8 71
8 73
8 103
8 132
8 138
8 169
8 170
8 174
8 215
8 239
8 258
9 272
9 358
9 385
9 22
9 46
9 60
9 67
9 89
9 157
9 166
9 176
9 196
9 197
9 204
9 240
9 259
10 272
10 318
10 324
10 0
10 1
10 16
10 26
10 105
10 107
10 115
10 171
10 186
10 206
10 208
10 221
10 229
10 260
11 428
11 395
11 296
11 290
11 7
11 39
11 50
11 60
11 92
11 99
11 103
11 108
11 119
11 125
11 184
11 245
11 261
12 319
12 426
12 19
12 27
12 61
12 102
12 105
12 140
12 218
12 224
12 236
12 240
12 262
13 253
13 257
13 55
13 61
13 89
13 92
13 96
13 117
13 154
13 177
13 195
13 198
13 233
13 263
14 274
14 383
14 440
14 6
14 71
14 98
14 100
14 141
14 149
14 164
14 172
14 192
14 195
14 245
14 264
15 402
15 27
15 72
15 119
15 165
15 176
15 188
15 195
15 201
15 224
15 247
15 249
15 265
16 321
16 10
16 20
16 34
16 37
16 46
16 68
16 86
16 97
16 109
16 111
16 150
16 187
16 217
16 226
16 227
16 235
16 266
17 348
17 436
17 454
17 477
17 24
17 26
17 39
17 47
17 58
17 62
17 77
17 80
17 114
17 127
17 130
17 147
17 173
17 176
17 177
17 182
17 215
17 229
17 249
17 267
18 281
18 292
18 352
18 408
18 417
18 5
18 20
18 46
18 79
18 111
18 115
18 127
18 148
18 188
18 201
18 204
18 208
18 237
18 268
19 262
19 339
19 12
19 42
19 61
19 86
19 98
19 116
19 129
19 134
19 143
19 208
19 213
19 217
19 238
19 247
19 269
20 322
20 443
20 455
20 16
20 18
20 27
20 32
20 97
20 219
20 238
20 270
21 485
21 28
21 59
21 120
21 135
21 138
21 147
21 162
21 163
21 166
21 185
21 226
21 232
21 236
21 271
22 300
22 9
22 45
22 48
22 60
22 71
22 75
22 119
22 124
22 126
22 129
22 136
22 188
22 202
22 207
22 222
22 228
22 248
22 272
23 352
23 376
23 439
23 6
23 84
23 89
23 140
23 150
23 151
23 160
23 192
23 201
23 216
23 227
23 273
24 264
24 407
24 17
24 52
24 60
24 68
24 147
24 212
24 214
24 226
24 239
24 274
25 473
25 1
25 51
25 63
25 66
25 162
25 188
25 209
25 228
25 235
25 275
26 304
26 368
26 444
26 499
26 10
26 17
26 54
26 82
26 99
26 103
26 157
26 193
26 204
26 237
26 239
26 276
27 277
27 280
27 402
27 436
27 0
27 12
27 15
27 20
27 28
27 53
27 87
27 109
27 120
27 139
27 166
27 173
27 177
27 234
28 393
28 432
28 0
28 21
28 27
28 43
28 45
28 51
28 53
28 61
28 67
28 71
28 101
28 106
28 148
28 222
28 229
28 278
29 275
29 411
29 47
29 54
29 61
29 75
29 78
29 88
29 113
29 137
29 147
29 164
29 170
29 171
29 193
29 199
29 279
30 391
30 70
30 83
30 116
30 122
30 128
30 163
30 170
30 173
30 228
30 280
31 332
31 350
31 419
31 424
31 441
31 494
31 65
31 73
31 75
31 108
31 109
31 114
31 131
31 160
31 168
31 187
31 213
31 234
31 237
31 281
32 429
32 428
32 300
32 296
32 20
32 43
32 62
32 106
32 146
32 176
32 206
32 217
32 237
32 282
33 337
33 352
33 385
33 422
33 476
33 4
33 92
33 93
33 103
33 120
33 177
33 179
33 214
33 215
33 235
33 283
34 256
34 267
34 408
34 3
34 16
34 37
34 63
34 97
34 98
34 120
34 175
34 183
34 199
34 210
34 213
34 220
34 284
35 284
35 337
35 37
35 42
35 64
35 65
35 70
35 73
35 97
35 143
35 147
35 149
35 169
35 185
35 224
35 230
35 285
36 315
36 317
36 394
36 436
36 61
36 63
36 78
36 134
36 152
36 175
36 218
36 225
36 228
36 286
37 250
37 312
37 437
37 454
37 467
37 16
37 34
37 35
37 71
37 72
37 84
37 98
37 110
37 120
37 141
37 155
37 214
37 216
37 229
37 247
37 287
38 281
38 289
38 435
38 499
38 126
38 127
38 147
38 149
38 189
38 215
38 219
38 288
39 423
39 495
39 8
39 11
39 17
39 57
39 77
39 90
39 155
39 188
39 193
39 230
39 236
39 289
40 322
40 363
40 41
40 50
40 67
40 124
40 140
40 176
40 220
40 235
40 237
40 241
40 290
41 312
41 361
41 493
41 40
41 53
41 78
41 98
41 128
41 195
41 221
41 235
41 242
41 291
42 393
42 405
42 19
42 35
42 44
42 48
42 52
42 71
42 91
42 129
42 137
42 148
42 154
42 184
42 228
42 240
42 241
42 292
43 335
43 426
43 28
43 32
43 66
43 82
43 105
43 108
43 114
43 159
43 167
43 218
43 219
43 233
43 239
43 245
43 293
44 421
44 42
44 50
44 62
44 110
44 116
44 134
44 140
44 148
44 163
44 168
44 180
44 294
45 317
45 408
45 22
45 28
45 82
45 101
45 104
45 225
45 232
45 295
46 278
46 321
46 353
46 399
46 417
46 9
46 16
46 18
46 51
46 62
46 63
46 107
46 122
46 134
46 201
46 210
46 234
46 235
46 248
46 296
47 413
47 478
47 495
47 17
47 29
47 55
47 61
47 69
47 74
47 95
47 125
47 130
47 168
47 204
47 207
47 232
47 233
47 242
47 243
47 297
48 260
48 268
48 287
48 314
48 327
48 344
48 405
48 0
48 22
48 42
48 65
48 69
48 72
48 127
48 137
48 141
48 219
48 232
48 233
48 246
48 298
49 276
49 317
49 69
49 72
49 87
49 92
49 111
49 123
49 133
49 188
49 241
49 244
49 299
50 431
50 429
50 308
50 300
50 11
50 40
50 44
50 72
50 98
50 109
50 172
50 184
50 195
50 210
50 248
51 447
51 6
51 25
51 28
51 46
51 54
51 61
51 73
51 82
51 132
51 136
51 159
51 176
51 199
51 216
51 232
51 240
51 249
51 301
52 315
52 376
52 414
52 485
52 24
52 42
52 57
52 66
52 90
52 123
52 167
52 177
52 197
52 209
52 213
52 302
53 292
53 319
53 352
53 398
53 404
53 444
53 27
53 28
53 41
53 64
53 77
53 78
53 82
53 162
53 173
53 182
53 196
53 205
53 216
53 225
53 303
54 448
54 431
54 309
54 308
54 26
54 29
54 51
54 124
54 159
54 162
54 164
54 167
54 169
54 173
54 175
54 177
54 206
54 226
54 247
54 304
55 268
55 355
55 393
55 465
55 13
55 47
55 58
55 85
55 96
55 120
55 127
55 128
55 132
55 140
55 188
55 194
55 204
55 229
55 236
55 247
55 305
56 340
56 352
56 385
56 61
56 67
56 74
56 119
56 139
56 147
56 167
56 168
56 176
56 213
56 214
56 306
57 256
57 327
57 401
57 39
57 52
57 61
57 66
57 102
57 118
57 132
57 155
57 166
57 170
57 186
57 192
57 202
57 203
57 225
57 307
58 378
58 17
58 55
58 64
58 125
58 130
58 146
58 156
58 160
58 162
58 169
58 170
58 174
58 181
58 184
58 208
58 225
58 308
59 260
59 364
59 383
59 471
59 6
59 21
59 107
59 112
59 124
59 164
59 201
59 207
59 240
59 249
59 309
60 451
60 448
60 311
60 309
60 9
60 11
60 22
60 24
60 70
60 84
60 103
60 119
60 166
60 171
60 194
60 197
60 223
60 235
60 244
60 310
61 273
61 377
61 6
61 7
61 12
61 13
61 19
61 28
61 29
61 36
61 47
61 51
61 56
61 57
61 125
61 163
61 196
61 216
61 228
61 230
61 231
61 311
62 310
62 350
62 17
62 32
62 44
62 46
62 80
62 106
62 114
62 118
62 134
62 151
62 173
62 178
62 233
62 246
62 312
63 258
63 324
63 7
63 25
63 34
63 36
63 46
63 81
63 110
63 125
63 127
63 165
63 167
63 175
63 176
63 177
63 184
63 237
63 313
64 298
64 306
64 333
64 3
64 35
64 53
64 58
64 95
64 128
64 137
64 138
64 144
64 150
64 314
65 452
65 451
65 323
65 311
65 4
65 31
65 35
65 48
65 66
65 78
65 136
65 161
65 166
65 210
65 211
65 226
65 315
66 326
66 25
66 43
66 52
66 57
66 65
66 72
66 87
66 89
66 106
66 111
66 137
66 138
66 159
66 173
66 179
66 192
66 198
66 213
66 227
66 239
66 316
67 332
67 397
67 421
67 9
67 28
67 40
67 56
67 120
67 121
67 126
67 138
67 150
67 159
67 184
67 220
67 317
68 476
68 16
68 24
68 83
68 99
68 121
68 123
68 139
68 167
68 223
68 225
68 318
69 306
69 412
69 468
69 47
69 48
69 49
69 72
69 76
69 105
69 131
69 140
69 142
69 148
69 200
69 202
69 234
69 248
69 319
70 359
70 416
70 1
70 30
70 35
70 60
70 88
70 89
70 111
70 150
70 153
70 169
70 172
70 200
70 217
70 248
70 320
71 320
71 364
71 399
71 433
71 450
71 454
71 460
71 4
71 8
71 14
71 22
71 28
71 37
71 42
71 87
71 93
71 101
71 114
71 117
71 132
71 137
71 153
71 223
71 321
72 325
72 3
72 15
72 37
72 48
72 49
72 50
72 66
72 69
72 74
72 77
72 104
72 163
72 187
72 198
72 238
72 322
73 284
73 359
73 477
73 8
73 31
73 35
73 51
73 74
73 101
73 102
73 105
73 145
73 147
73 179
73 210
73 217
73 233
73 239
73 323
74 253
74 307
74 387
74 401
74 427
74 474
74 47
74 56
74 72
74 73
74 107
74 117
74 133
74 221
74 227
74 324
75 453
75 452
75 339
75 323
75 2
75 22
75 29
75 31
75 89
75 91
75 105
75 106
75 186
75 192
75 220
75 325
76 306
76 408
76 412
76 459
76 5
76 69
76 83
76 104
76 110
76 141
76 182
76 215
76 224
76 326
77 284
77 17
77 39
77 53
77 72
77 92
77 109
77 173
77 175
77 184
77 190
77 206
77 226
77 227
77 249
77 327
78 336
78 393
78 3
78 29
78 36
78 41
78 53
78 65
78 89
78 102
78 113
78 164
78 194
78 233
78 239
78 328
79 258
79 328
79 414
79 18
79 87
79 92
79 100
79 133
79 201
79 220
79 229
79 234
79 329
80 431
80 5
80 7
80 17
80 62
80 88
80 147
80 166
80 171
80 189
80 191
80 217
80 244
80 330
81 254
81 255
81 315
81 332
81 391
81 1
81 63
81 85
81 88
81 117
81 146
81 148
81 160
81 164
81 185
81 331
82 433
82 434
82 26
82 43
82 45
82 51
82 53
82 95
82 107
82 112
82 114
82 141
82 193
82 231
82 237
82 332
83 414
83 4
83 30
83 68
83 76
83 99
83 102
83 171
83 183
83 185
83 248
83 333
84 382
84 478
84 23
84 37
84 60
84 100
84 110
84 131
84 143
84 177
84 187
84 192
84 203
84 236
84 240
84 241
84 334
85 298
85 404
85 2
85 55
85 81
85 86
85 97
85 115
85 145
85 151
85 188
85 199
85 202
85 216
85 219
85 230
85 238
85 244
85 247
85 335
86 257
86 6
86 16
86 19
86 85
86 110
86 144
86 164
86 176
86 191
86 195
86 211
86 243
86 336
87 361
87 460
87 27
87 49
87 66
87 71
87 79
87 121
87 182
87 195
87 200
87 202
87 209
87 232
87 337
88 318
88 406
88 4
88 29
88 70
88 80
88 81
88 113
88 131
88 162
88 169
88 179
88 199
88 338
89 287
89 313
89 397
89 9
89 13
89 23
89 66
89 70
89 75
89 78
89 90
89 91
89 111
89 129
89 162
89 177
89 199
89 242
89 339
90 280
90 357
90 368
90 398
90 399
90 468
90 39
90 52
90 89
90 111
90 126
90 142
90 151
90 217
90 219
90 233
90 236
90 340
91 359
91 420
91 442
91 460
91 42
91 75
91 89
91 101
91 124
91 126
91 134
91 153
91 158
91 174
91 190
91 192
91 341
92 283
92 1
92 6
92 11
92 13
92 33
92 49
92 77
92 79
92 116
92 162
92 206
92 221
92 342
93 478
93 0
93 33
93 71
93 94
93 122
93 127
93 148
93 201
93 204
93 205
93 229
93 241
93 243
93 343
94 477
94 93
94 96
94 136
94 154
94 177
94 181
94 187
94 188
94 194
94 222
94 344
95 384
95 417
95 418
95 426
95 47
95 64
95 82
95 143
95 187
95 215
95 226
95 230
95 345
96 417
96 419
96 0
96 13
96 55
96 94
96 113
96 147
96 192
96 239
96 346
97 345
97 7
97 16
97 20
97 34
97 35
97 85
97 101
97 109
97 113
97 170
97 185
97 194
97 202
97 242
97 249
97 347
98 465
98 4
98 14
98 19
98 34
98 37
98 41
98 50
98 110
98 137
98 146
98 149
98 155
98 170
98 194
98 203
98 206
98 348
99 335
99 419
99 433
99 0
99 11
99 26
99 68
99 83
99 114
99 127
99 134
99 136
99 146
99 162
99 163
99 175
99 176
99 205
99 217
99 220
99 349
100 359
100 363
100 482
100 14
100 79
100 84
100 104
100 124
100 125
100 149
100 152
100 186
100 204
100 208
100 221
100 246
100 350
101 416
101 462
101 5
101 28
101 45
101 71
101 73
101 91
101 97
101 131
101 168
101 173
101 181
101 245
101 351
102 314
102 370
102 401
102 442
102 12
102 57
102 73
102 78
102 83
102 111
102 117
102 135
102 146
102 170
102 183
102 197
102 210
102 220
102 239
102 352
103 313
103 462
103 8
103 11
103 26
103 33
103 60
103 116
103 130
103 140
103 156
103 186
103 190
103 236
103 353
104 279
104 372
104 438
104 488
104 45
104 72
104 76
104 100
104 125
104 126
104 163
104 165
104 175
104 179
104 354
105 283
105 303
105 10
105 12
105 43
105 69
105 73
105 75
105 238
105 242
105 246
105 355
106 269
106 298
106 350
106 28
106 32
106 62
106 66
106 75
106 120
106 126
106 132
106 183
106 199
106 210
106 213
106 238
106 239
106 240
106 356
107 338
107 483
107 487
107 10
107 46
107 59
107 74
107 82
107 120
107 167
107 183
107 239
107 357
108 317
108 4
108 11
108 31
108 43
108 190
108 191
108 198
108 202
108 203
108 358
109 267
109 1
109 16
109 27
109 31
109 50
109 77
109 97
109 133
109 144
109 147
109 222
109 246
109 359
110 298
110 444
110 37
110 44
110 63
110 76
110 84
110 86
110 98
110 124
110 184
110 194
110 198
110 233
110 360
111 288
111 16
111 18
111 49
111 66
111 70
111 89
111 90
111 102
111 114
111 149
111 164
111 168
111 175
111 213
111 230
111 233
111 234
111 361
112 475
112 7
112 59
112 82
112 124
112 144
112 146
112 147
112 160
112 197
112 222
112 234
112 249
112 362
113 255
113 267
113 407
113 444
113 29
113 78
113 88
113 96
113 97
113 128
113 134
113 145
113 169
113 197
113 200
113 246
113 363
114 380
114 0
114 17
114 31
114 43
114 62
114 71
114 82
114 99
114 111
114 132
114 151
114 184
114 195
114 207
114 222
114 230
114 364
115 305
115 436
115 454
115 5
115 10
115 18
115 85
115 158
115 219
115 230
115 249
115 365
116 356
116 391
116 411
116 19
116 30
116 44
116 92
116 103
116 118
116 134
116 186
116 187
116 239
116 246
116 366
117 460
117 461
117 2
117 4
117 13
117 71
117 74
117 81
117 102
117 123
117 140
117 144
117 195
117 196
117 218
117 367
118 319
118 447
118 57
118 62
118 116
118 147
118 152
118 164
118 182
118 189
118 206
118 228
118 368
119 316
119 11
119 15
119 22
119 56
119 60
119 122
119 134
119 135
119 150
119 153
119 156
119 169
119 186
119 192
119 194
119 204
119 369
120 285
120 469
120 21
120 27
120 33
120 34
120 37
120 55
120 67
120 106
120 107
120 152
120 165
120 176
120 182
120 206
120 217
120 220
120 225
120 242
120 370
121 281
121 420
121 466
121 67
121 68
121 87
121 137
121 142
121 148
121 171
121 177
121 186
121 192
121 248
121 371
122 299
122 416
122 30
122 46
122 93
122 119
122 129
122 146
122 153
122 160
122 206
122 207
122 224
122 231
122 372
123 381
123 0
123 49
123 52
123 68
123 117
123 132
123 140
123 149
123 161
123 183
123 205
123 238
123 239
123 373
124 281
124 330
124 405
124 454
124 22
124 40
124 54
124 59
124 91
124 100
124 110
124 112
124 152
124 158
124 170
124 184
124 197
124 226
124 374
125 250
125 375
125 4
125 11
125 47
125 58
125 61
125 63
125 100
125 104
125 159
125 164
125 178
125 215
126 333
126 22
126 38
126 67
126 90
126 91
126 104
126 106
126 132
126 136
126 137
126 149
126 184
126 202
126 204
126 215
126 376
127 275
127 293
127 299
127 358
127 390
127 462
127 2
127 17
127 18
127 38
127 48
127 55
127 63
127 93
127 99
127 136
127 138
127 151
127 163
127 164
127 212
127 241
127 377
128 331
128 430
128 456
128 1
128 30
128 41
128 55
128 64
128 113
128 155
128 168
128 171
128 210
128 223
128 225
128 378
129 400
129 19
129 22
129 42
129 89
129 122
129 192
129 212
129 379
130 467
130 17
130 47
130 58
130 103
130 180
130 181
130 188
130 244
130 380
131 266
131 359
131 391
131 31
131 69
131 84
131 88
131 101
131 137
131 163
131 175
131 181
131 226
131 230
131 381
132 345
132 424
132 8
132 51
132 55
132 57
132 71
132 106
132 114
132 123
132 126
132 146
132 150
132 194
132 206
132 228
132 382
133 458
133 453
133 341
133 339
133 49
133 74
133 79
133 109
133 173
133 212
133 383
134 463
134 458
134 343
134 341
134 19
134 36
134 44
134 46
134 62
134 91
134 99
134 113
134 116
134 119
134 143
134 158
134 167
134 248
134 384
135 314
135 347
135 21
135 102
135 119
135 167
135 175
135 186
135 203
135 206
135 224
135 233
135 235
135 239
135 244
135 385
136 410
136 419
136 22
136 51
136 65
136 94
136 99
136 126
136 127
136 156
136 174
136 181
136 194
136 198
136 211
136 215
136 247
136 386
137 485
137 29
137 42
137 48
137 64
137 66
137 71
137 98
137 121
137 126
137 131
137 140
137 195
137 387
138 277
138 317
138 412
138 8
138 21
138 64
138 66
138 67
138 127
138 139
138 144
138 160
138 182
138 194
138 203
138 239
138 248
138 388
139 251
139 302
139 474
139 5
139 27
139 56
139 68
139 138
139 178
139 189
139 217
139 223
139 232
139 236
139 237
139 389
140 301
140 417
140 12
140 23
140 40
140 44
140 55
140 69
140 103
140 117
140 123
140 137
140 165
140 390
141 430
141 14
141 37
141 48
141 76
141 82
141 147
141 203
141 239
141 391
142 288
142 430
142 69
142 90
142 121
142 162
142 177
142 204
142 222
142 229
142 230
142 248
142 392
143 279
143 350
143 381
143 19
143 35
143 84
143 95
143 134
143 201
143 214
143 393
144 301
144 314
144 315
144 441
144 495
144 0
144 4
144 64
144 86
144 109
144 112
144 117
144 138
144 146
144 175
144 219
144 220
144 237
144 242
144 394
145 468
145 495
145 73
145 85
145 113
145 157
145 179
145 207
145 210
145 239
145 246
145 395
146 470
146 463
146 346
146 343
146 32
146 58
146 81
146 98
146 99
146 102
146 112
146 122
146 132
146 144
146 167
146 180
146 396
147 367
147 396
147 443
147 17
147 21
147 24
147 29
147 35
147 38
147 56
147 73
147 80
147 96
147 109
147 112
147 118
147 141
147 184
147 191
147 201
147 205
147 213
147 228
147 244
147 397
148 472
148 470
148 365
148 346
148 18
148 28
148 42
148 44
148 69
148 81
148 93
148 121
148 169
148 224
148 239
148 249
148 398
149 479
149 472
149 373
149 365
149 14
149 35
149 38
149 98
149 100
149 111
149 123
149 126
149 170
149 171
149 182
149 196
149 249
149 399
150 473
150 477
150 4
150 16
150 23
150 64
150 67
150 70
150 119
150 132
150 151
150 170
150 171
150 181
150 205
150 237
150 400
151 291
151 362
151 443
151 459
151 6
151 23
151 62
151 85
151 90
151 114
151 127
151 150
151 154
151 155
151 158
151 160
151 169
151 192
151 202
151 211
151 226
151 248
151 401
152 268
152 281
152 371
152 473
152 36
152 100
152 118
152 120
152 124
152 172
152 185
152 194
152 203
152 217
152 402
153 315
153 369
153 392
153 480
153 70
153 71
153 91
153 119
153 122
153 154
153 166
153 176
153 218
153 239
153 403
154 259
154 490
154 13
154 42
154 94
154 151
154 153
154 172
154 200
154 234
154 404
155 335
155 370
155 374
155 37
155 39
155 57
155 98
155 128
155 151
155 161
155 163
155 171
155 182
155 209
155 220
155 225
155 405
156 481
156 479
156 377
156 373
156 6
156 58
156 103
156 119
156 136
156 181
156 206
156 220
156 226
156 406
157 256
157 269
157 301
157 322
157 326
157 432
157 496
157 5
157 9
157 26
157 145
157 208
157 217
157 237
157 242
157 247
157 407
158 360
158 474
158 91
158 115
158 124
158 134
158 151
158 172
158 180
158 215
158 225
158 229
158 408
159 303
159 410
159 5
159 43
159 51
159 54
159 66
159 67
159 125
159 204
159 213
159 409
160 467
160 23
160 31
160 58
160 81
160 112
160 122
160 138
160 151
160 161
160 169
160 187
160 201
160 224
160 226
160 410
161 269
161 336
161 375
161 388
161 454
161 5
161 6
161 65
161 123
161 155
161 160
161 202
161 207
161 411
162 435
162 465
162 488
162 21
162 25
162 53
162 54
162 58
162 88
162 89
162 92
162 99
162 142
162 206
162 412
163 273
163 21
163 30
163 44
163 61
163 72
163 99
163 104
163 127
163 131
163 155
163 166
163 179
163 204
163 413
164 334
164 465
164 477
164 14
164 29
164 54
164 59
164 78
164 81
164 86
164 111
164 118
164 125
164 127
164 178
164 226
164 414
165 481
165 15
165 63
165 104
165 120
165 140
165 169
165 170
165 191
165 205
165 415
166 269
166 282
166 490
166 9
166 21
166 27
166 57
166 60
166 65
166 80
166 153
166 163
166 170
166 172
166 200
166 416
167 329
167 347
167 476
167 43
167 52
167 54
167 56
167 63
167 68
167 107
167 134
167 135
167 146
167 206
167 221
167 417
168 482
168 7
168 31
168 44
168 47
168 56
168 101
168 111
168 128
168 173
168 180
168 203
168 204
168 242
168 418
169 269
169 271
169 294
169 329
169 5
169 8
169 35
169 54
169 58
169 70
169 88
169 113
169 119
169 148
169 151
169 160
169 165
169 174
169 220
169 419
170 281
170 422
170 439
170 483
170 8
170 29
170 30
170 57
170 58
170 97
170 98
170 102
170 124
170 149
170 150
170 165
170 166
170 172
170 197
170 203
170 228
170 237
170 420
171 294
171 326
171 379
171 10
171 29
171 60
171 80
171 83
171 121
171 128
171 149
171 150
171 155
171 174
171 193
171 201
171 202
171 245
171 421
172 263
172 14
172 50
172 70
172 152
172 154
172 158
172 166
172 170
172 188
172 239
172 422
173 310
173 364
173 449
173 465
173 484
173 2
173 17
173 27
173 30
173 53
173 54
173 62
173 66
173 77
173 101
173 133
173 168
173 178
173 188
173 234
173 239
173 244
173 249
173 423
174 349
174 425
174 446
174 8
174 58
174 91
174 136
174 169
174 171
174 211
174 222
174 234
174 424
175 270
175 281
175 402
175 449
175 7
175 34
175 36
175 54
175 63
175 77
175 99
175 104
175 111
175 131
175 135
175 144
175 188
175 216
175 242
175 246
175 425
176 302
176 337
176 358
176 414
176 7
176 9
176 15
176 17
176 32
176 40
176 51
176 56
176 63
176 86
176 99
176 120
176 153
176 179
176 213
176 217
176 229
176 426
177 254
177 351
177 487
177 13
177 17
177 27
177 33
177 52
177 54
177 63
177 84
177 89
177 94
177 121
177 142
177 179
177 185
177 188
177 427
178 284
178 310
178 419
178 422
178 495
178 62
178 125
178 139
178 164
178 173
178 224
178 226
178 231
178 241
178 245
178 428
179 253
179 276
179 405
179 487
179 5
179 33
179 66
179 73
179 88
179 104
179 145
179 163
179 176
179 177
179 186
179 217
179 248
179 429
180 352
180 439
180 5
180 44
180 130
180 146
180 158
180 168
180 203
180 208
180 216
180 223
180 241
180 430
181 381
181 397
181 412
181 462
181 488
181 499
181 58
181 94
181 101
181 130
181 131
181 136
181 150
181 156
181 186
181 195
181 200
181 208
181 235
181 431
182 286
182 294
182 338
182 17
182 53
182 76
182 87
182 118
182 120
182 138
182 149
182 155
182 244
182 432
183 386
183 4
183 34
183 83
183 102
183 106
183 107
183 123
183 185
183 197
183 235
183 433
184 486
184 481
184 378
184 377
184 11
184 42
184 50
184 58
184 63
184 67
184 77
184 110
184 114
184 124
184 126
184 147
184 189
184 190
184 191
184 192
184 241
184 434
185 260
185 283
185 489
185 21
185 35
185 81
185 83
185 97
185 152
185 177
185 183
185 190
185 203
185 216
185 243
185 245
185 435
186 309
186 2
186 10
186 57
186 75
186 100
186 103
186 116
186 119
186 121
186 135
186 179
186 181
186 188
186 199
186 436
187 393
187 16
187 31
187 72
187 84
187 94
187 95
187 116
187 160
187 215
187 244
187 437
188 271
188 275
188 313
188 383
188 465
188 15
188 18
188 22
188 25
188 39
188 49
188 55
188 85
188 94
188 130
188 172
188 173
188 175
188 177
188 186
188 229
188 438
189 353
189 447
189 474
189 38
189 80
189 118
189 139
189 184
189 204
189 217
189 219
189 234
189 246
189 439
190 323
190 77
190 91
190 103
190 108
190 184
190 185
190 229
190 233
190 241
190 243
190 440
191 261
191 336
191 358
191 80
191 86
191 108
191 147
191 165
191 184
191 208
191 441
192 283
192 305
192 366
192 4
192 5
192 14
192 23
192 57
192 66
192 75
192 84
192 91
192 96
192 119
192 121
192 129
192 151
192 184
192 210
192 214
192 442
193 313
193 367
193 382
193 26
193 29
193 39
193 82
193 171
193 221
193 228
193 236
193 443
194 315
194 356
194 496
194 55
194 60
194 78
194 94
194 97
194 98
194 110
194 119
194 132
194 136
194 138
194 152
194 202
194 220
194 444
195 413
195 445
195 461
195 466
195 2
195 13
195 14
195 15
195 41
195 50
195 86
195 87
195 114
195 117
195 137
195 181
195 230
195 245
196 397
196 398
196 9
196 53
196 61
196 117
196 149
196 446
197 276
197 301
197 423
197 496
197 5
197 9
197 52
197 60
197 102
197 112
197 113
197 124
197 170
197 183
197 210
197 237
197 242
197 447
198 263
198 275
198 302
198 351
198 424
198 492
198 13
198 66
198 72
198 108
198 110
198 136
198 207
198 448
199 250
199 337
199 457
199 29
199 34
199 51
199 85
199 88
199 89
199 106
199 186
199 246
199 449
200 253
200 282
200 402
200 404
200 69
200 70
200 87
200 113
200 154
200 166
200 181
200 214
200 227
200 243
200 450
201 384
201 15
201 18
201 23
201 46
201 59
201 79
201 93
201 143
201 147
201 160
201 171
201 247
201 451
202 323
202 6
202 22
202 57
202 69
202 85
202 87
202 97
202 108
202 126
202 151
202 161
202 171
202 194
202 207
202 222
202 233
202 452
203 267
203 297
203 364
203 495
203 57
203 84
203 98
203 108
203 135
203 138
203 141
203 152
203 168
203 170
203 180
203 185
203 210
203 221
203 226
203 227
203 235
203 246
203 453
204 253
204 265
204 357
204 362
204 370
204 461
204 492
204 9
204 18
204 26
204 47
204 55
204 93
204 100
204 119
204 126
204 142
204 159
204 163
204 168
204 189
204 206
204 219
204 233
204 454
205 331
205 436
205 6
205 53
205 93
205 99
205 123
205 147
205 150
205 165
205 224
205 225
205 231
205 455
206 383
206 425
206 496
206 7
206 10
206 32
206 54
206 77
206 92
206 98
206 118
206 120
206 122
206 132
206 135
206 156
206 162
206 167
206 204
206 224
206 456
207 354
207 438
207 5
207 22
207 47
207 59
207 114
207 122
207 145
207 161
207 198
207 202
207 224
207 233
207 457
208 485
208 10
208 18
208 19
208 58
208 100
208 157
208 180
208 181
208 191
208 217
208 230
208 458
209 491
209 486
209 380
209 378
209 0
209 3
209 25
209 52
209 87
209 155
209 221
209 238
209 459
210 334
210 342
210 410
210 420
210 2
210 4
210 5
210 34
210 46
210 50
210 65
210 73
210 102
210 106
210 128
210 145
210 192
210 197
210 203
210 460
211 492
211 65
211 86
211 136
211 151
211 174
211 245
211 461
212 294
212 295
212 353
212 3
212 24
212 127
212 129
212 133
212 217
212 225
212 233
212 462
213 398
213 409
213 461
213 465
213 19
213 31
213 34
213 52
213 56
213 66
213 106
213 111
213 147
213 159
213 176
213 234
213 463
214 359
214 459
214 460
214 4
214 7
214 24
214 33
214 37
214 56
214 143
214 192
214 200
214 222
214 464
215 253
215 317
215 367
215 460
215 8
215 17
215 33
215 38
215 76
215 95
215 125
215 126
215 136
215 158
215 187
215 465
216 256
216 418
216 433
216 23
216 37
216 51
216 53
216 61
216 85
216 175
216 180
216 185
216 235
216 466
217 374
217 399
217 497
217 16
217 19
217 32
217 70
217 73
217 80
217 90
217 99
217 120
217 139
217 152
217 157
217 176
217 179
217 189
217 208
217 212
217 467
218 385
218 12
218 36
218 43
218 117
218 153
218 239
218 468
219 370
219 403
219 411
219 20
219 38
219 43
219 48
219 85
219 90
219 115
219 144
219 189
219 204
219 231
219 237
219 248
219 469
220 437
220 467
220 34
220 40
220 67
220 75
220 79
220 99
220 102
220 120
220 144
220 155
220 156
220 169
220 194
220 470
221 415
221 475
221 10
221 41
221 74
221 92
221 100
221 167
221 193
221 203
221 209
221 228
221 243
221 248
221 471
222 254
222 303
222 371
222 434
222 22
222 28
222 94
222 109
222 112
222 114
222 142
222 174
222 202
222 214
222 223
222 229
222 237
222 472
223 465
223 60
223 68
223 71
223 128
223 139
223 180
223 222
223 234
223 473
224 318
224 464
224 12
224 15
224 35
224 76
224 122
224 135
224 148
224 160
224 178
224 205
224 206
224 207
224 226
224 236
224 474
225 255
225 283
225 412
225 435
225 485
225 36
225 45
225 53
225 57
225 58
225 68
225 120
225 128
225 155
225 158
225 205
225 212
225 227
225 229
225 249
225 475
226 277
226 16
226 21
226 24
226 54
226 65
226 77
226 95
226 124
226 131
226 151
226 156
226 160
226 164
226 178
226 203
226 224
226 476
227 439
227 457
227 471
227 475
227 482
227 16
227 23
227 66
227 74
227 77
227 200
227 203
227 225
227 236
227 241
227 477
228 415
228 438
228 22
228 25
228 30
228 36
228 42
228 61
228 118
228 132
228 147
228 170
228 193
228 221
228 478
229 295
229 459
229 10
229 17
229 28
229 37
229 55
229 79
229 93
229 142
229 158
229 176
229 188
229 190
229 222
229 225
229 233
229 234
229 479
230 499
230 491
230 386
230 380
230 0
230 6
230 35
230 39
230 61
230 85
230 95
230 111
230 114
230 115
230 131
230 142
230 195
230 208
230 231
230 239
230 480
231 311
231 61
231 82
231 122
231 178
231 205
231 219
231 230
231 235
231 243
231 481
232 281
232 450
232 1
232 21
232 45
232 47
232 48
232 51
232 87
232 139
232 244
232 482
233 356
233 360
233 488
233 498
233 13
233 43
233 47
233 48
233 62
233 73
233 78
233 90
233 110
233 111
233 135
233 190
233 202
233 204
233 207
233 212
233 229
233 483
234 289
234 325
234 345
234 434
234 487
234 27
234 31
234 46
234 69
234 79
234 111
234 112
234 154
234 173
234 174
234 189
234 213
234 223
234 229
234 484
235 274
235 324
235 356
235 487
235 16
235 25
235 33
235 40
235 41
235 46
235 60
235 135
235 181
235 183
235 203
235 216
235 231
235 236
235 238
235 485
236 256
236 446
236 4
236 12
236 21
236 39
236 55
236 84
236 90
236 103
236 139
236 193
236 224
236 227
236 235
236 245
236 486
237 475
237 2
237 18
237 26
237 31
237 32
237 40
237 63
237 82
237 139
237 144
237 150
237 157
237 170
237 197
237 219
237 222
237 487
238 299
238 482
238 484
238 6
238 19
238 20
238 72
238 85
238 105
238 106
238 123
238 209
238 235
238 488
239 293
239 400
239 454
239 0
239 8
239 24
239 26
239 43
239 66
239 73
239 78
239 96
239 102
239 106
239 107
239 116
239 123
239 135
239 138
239 141
239 145
239 148
239 153
239 172
239 173
239 218
239 230
239 489
240 268
240 283
240 348
240 414
240 438
240 485
240 6
240 9
240 12
240 42
240 51
240 59
240 84
240 106
240 490
241 335
241 40
241 42
241 49
241 84
241 93
241 127
241 178
241 180
241 184
241 190
241 227
241 244
241 491
242 284
242 417
242 41
242 47
242 89
242 97
242 105
242 120
242 144
242 157
242 168
242 175
242 197
242 243
242 492
243 286
243 305
243 350
243 394
243 417
243 47
243 86
243 93
243 185
243 190
243 200
243 221
243 231
243 242
243 493
244 362
244 49
244 60
244 80
244 85
244 130
244 135
244 147
244 173
244 182
244 187
244 232
244 241
244 494
245 285
245 320
245 471
245 475
245 11
245 14
245 43
245 101
245 171
245 178
245 185
245 195
245 211
245 236
245 495
246 251
246 289
246 48
246 62
246 100
246 105
246 109
246 113
246 116
246 145
246 175
246 189
246 199
246 203
246 496
247 316
247 371
247 4
247 15
247 19
247 37
247 54
247 55
247 85
247 136
247 157
247 201
247 497
248 265
248 366
248 376
248 383
248 459
248 22
248 46
248 50
248 69
248 70
248 83
248 121
248 134
248 138
248 142
248 151
248 179
248 219
248 221
248 498
249 334
249 439
249 488
249 15
249 17
249 51
249 59
249 77
249 97
249 112
249 115
249 148
249 149
249 173
249 225
249 499
250 7
250 37
250 125
250 199
250 0
251 139
251 246
251 1
252 3
252 2
253 13
253 74
253 179
253 200
253 204
253 215
253 3
254 81
254 177
254 222
254 4
255 81
255 113
255 225
255 5
256 34
256 57
256 157
256 216
256 236
256 6
257 13
257 86
257 7
258 63
258 79
258 8
259 5
259 154
259 9
260 48
260 59
260 185
260 10
261 191
261 11
262 19
262 12
263 172
263 198
263 13
264 7
264 24
264 14
265 6
265 204
265 248
265 15
266 131
266 16
267 6
267 34
267 109
267 113
267 203
267 17
268 48
268 55
268 152
268 240
268 18
269 106
269 157
269 161
269 166
269 169
269 19
270 175
270 20
271 169
271 188
271 21
272 9
272 10
272 22
273 61
273 163
273 23
274 14
274 235
274 24
275 29
275 127
275 188
275 198
275 25
276 49
276 179
276 197
276 26
277 27
277 138
277 226
278 46
278 28
279 104
279 143
279 29
280 27
280 90
280 30
281 18
281 38
281 121
281 124
281 152
281 170
281 175
281 232
281 31
282 166
282 200
282 32
283 92
283 105
283 185
283 192
283 225
283 240
283 33
284 35
284 73
284 77
284 178
284 242
284 34
285 120
285 245
285 35
286 182
286 243
286 36
287 48
287 89
287 37
288 111
288 142
288 38
289 4
289 38
289 234
289 246
289 39
290 3
290 11
290 40
291 151
291 41
292 18
292 53
292 42
293 127
293 239
293 43
294 169
294 171
294 182
294 212
294 44
295 212
295 229
295 45
296 11
296 32
296 46
297 203
297 47
298 64
298 85
298 106
298 110
298 48
299 8
299 122
299 127
299 238
299 49
300 22
300 32
300 50
301 2
301 140
301 144
301 157
301 197
301 51
302 139
302 176
302 198
302 52
303 105
303 159
303 222
303 53
304 26
304 54
305 115
305 192
305 243
305 55
306 64
306 69
306 76
306 56
307 74
307 57
308 50
308 54
308 58
309 54
309 60
309 186
309 59
310 62
310 173
310 178
310 60
311 60
311 65
311 231
311 61
312 37
312 41
312 62
313 89
313 103
313 188
313 193
313 63
314 48
314 102
314 135
314 144
314 64
315 36
315 52
315 81
315 144
315 153
315 194
315 65
316 119
316 247
316 66
317 36
317 45
317 49
317 108
317 138
317 215
317 67
318 10
318 88
318 224
318 68
319 12
319 53
319 118
319 69
320 71
320 245
320 70
321 16
321 46
321 71
322 20
322 40
322 157
322 72
323 65
323 75
323 190
323 202
323 73
324 10
324 63
324 235
324 74
325 72
325 234
325 75
326 66
326 157
326 171
326 76
327 48
327 57
327 77
328 79
328 78
329 167
329 169
329 79
330 124
330 80
331 128
331 205
331 81
332 31
332 67
332 81
332 82
333 64
333 126
333 83
334 164
334 210
334 249
334 84
335 43
335 99
335 155
335 241
335 85
336 78
336 161
336 191
336 86
337 33
337 35
337 176
337 199
337 87
338 107
338 182
338 88
339 19
339 75
339 133
339 89
340 56
340 90
341 133
341 134
341 91
342 210
342 92
343 134
343 146
343 93
344 48
344 94
345 97
345 132
345 234
345 95
346 146
346 148
346 96
347 135
347 167
347 97
348 17
348 240
348 98
349 0
349 174
349 99
350 31
350 62
350 106
350 143
350 243
350 100
351 5
351 177
351 198
351 101
352 18
352 23
352 33
352 53
352 56
352 180
352 102
353 46
353 189
353 212
353 103
354 207
354 104
355 55
355 105
356 116
356 194
356 233
356 235
356 106
357 90
357 204
357 107
358 9
358 127
358 176
358 191
358 108
359 70
359 73
359 91
359 100
359 131
359 214
359 109
360 158
360 233
360 110
361 41
361 87
361 111
362 151
362 204
362 244
362 112
363 40
363 100
363 113
364 59
364 71
364 173
364 203
364 114
365 148
365 149
365 115
366 192
366 248
366 116
367 147
367 193
367 215
367 117
368 26
368 90
368 118
369 153
369 119
370 102
370 155
370 204
370 219
370 120
371 152
371 222
371 247
371 121
372 104
372 122
373 149
373 156
373 123
374 155
374 217
374 124
375 125
375 161
376 7
376 23
376 52
376 248
376 126
377 61
377 156
377 184
377 127
378 58
378 184
378 209
378 128
379 171
379 129
380 114
380 209
380 230
380 130
381 5
381 123
381 143
381 181
381 131
382 84
382 193
382 132
383 14
383 59
383 188
383 206
383 248
383 133
384 95
384 201
384 134
385 9
385 33
385 56
385 218
385 135
386 3
386 183
386 230
386 136
387 74
387 137
388 161
388 138
389 2
389 139
390 127
390 140
391 30
391 81
391 116
391 131
391 141
392 153
392 142
393 28
393 42
393 55
393 78
393 187
393 143
394 36
394 243
394 144
395 3
395 11
395 145
396 147
396 146
397 67
397 89
397 181
397 196
397 147
398 53
398 90
398 196
398 213
398 148
399 46
399 71
399 90
399 217
399 149
400 129
400 239
400 150
401 57
401 74
401 102
401 151
402 15
402 27
402 175
402 200
402 152
403 219
403 153
404 0
404 53
404 85
404 200
404 154
405 42
405 48
405 124
405 179
405 155
406 88
406 156
407 24
407 113
407 157
408 18
408 34
408 45
408 76
408 158
409 213
409 159
410 136
410 159
410 210
410 160
411 29
411 116
411 219
411 161
412 69
412 76
412 138
412 181
412 225
412 162
413 47
413 195
413 163
414 0
414 52
414 79
414 83
414 176
414 240
414 164
415 221
415 228
415 165
416 70
416 101
416 122
416 166
417 18
417 46
417 95
417 96
417 140
417 242
417 243
417 167
418 95
418 216
418 168
419 31
419 96
419 99
419 136
419 178
419 169
420 91
420 121
420 210
420 170
421 44
421 67
421 171
422 33
422 170
422 178
422 172
423 39
423 197
423 173
424 31
424 132
424 198
424 174
425 4
425 174
425 206
425 175
426 12
426 43
426 95
426 176
427 0
427 74
427 177
428 11
428 32
428 178
429 32
429 50
429 179
430 128
430 141
430 142
430 180
431 50
431 54
431 80
431 181
432 28
432 157
432 182
433 71
433 82
433 99
433 216
433 183
434 82
434 222
434 234
434 184
435 38
435 162
435 225
435 185
436 17
436 27
436 36
436 115
436 205
436 186
437 37
437 220
437 187
438 104
438 207
438 228
438 240
438 188
439 23
439 170
439 180
439 227
439 249
439 189
440 14
440 190
441 31
441 144
441 191
442 91
442 102
442 192
443 20
443 147
443 151
443 193
444 26
444 53
444 110
444 113
444 194
445 195
446 174
446 236
446 196
447 51
447 118
447 189
447 197
448 54
448 60
448 198
449 173
449 175
449 199
450 71
450 232
450 200
451 60
451 65
451 201
452 65
452 75
452 202
453 75
453 133
453 203
454 17
454 37
454 71
454 115
454 124
454 161
454 239
454 204
455 5
455 20
455 205
456 6
456 128
456 206
457 199
457 227
457 207
458 133
458 134
458 208
459 76
459 151
459 214
459 229
459 248
459 209
460 71
460 87
460 91
460 117
460 214
460 215
460 210
461 117
461 195
461 204
461 213
461 211
462 101
462 103
462 127
462 181
462 212
463 134
463 146
463 213
464 224
464 214
465 55
465 98
465 162
465 164
465 173
465 188
465 213
465 223
465 215
466 121
466 195
466 216
467 37
467 130
467 160
467 220
467 217
468 69
468 90
468 145
468 218
469 120
469 219
470 146
470 148
470 220
471 59
471 227
471 245
471 221
472 148
472 149
472 222
473 25
473 150
473 152
473 223
474 74
474 139
474 158
474 189
474 224
475 112
475 221
475 227
475 237
475 245
475 225
476 33
476 68
476 167
476 226
477 17
477 73
477 94
477 150
477 164
477 227
478 47
478 84
478 93
478 228
479 149
479 156
479 229
480 153
480 230
481 156
481 165
481 184
481 231
482 100
482 168
482 227
482 238
482 232
483 107
483 170
483 233
484 173
484 238
484 234
485 21
485 52
485 137
485 208
485 225
485 240
485 235
486 184
486 209
486 236
487 107
487 177
487 179
487 234
487 235
487 237
488 104
488 162
488 181
488 233
488 249
488 238
489 1
489 185
489 239
490 154
490 166
490 240
491 209
491 230
491 241
492 198
492 204
492 211
492 242
493 41
493 243
494 31
494 244
495 39
495 47
495 144
495 145
495 178
495 203
495 245
496 157
496 194
496 197
496 206
496 246
497 217
497 247
498 233
498 248
499 26
499 38
499 181
499 230
499 249
