  600   2991
0 323
0 451
0 533
0 581
0 599
0 3
0 16
0 205
0 279
0 295
0 300
1 505
1 576
1 585
1 40
1 107
1 118
1 142
1 166
1 167
1 206
1 219
1 279
1 301
2 320
2 376
2 431
2 467
2 544
2 597
2 7
2 11
2 69
2 135
2 137
2 206
2 231
2 297
2 302
3 303
3 314
3 343
3 388
3 531
3 0
3 43
3 75
3 78
3 124
3 298
4 358
4 375
4 436
4 523
4 539
4 86
4 87
4 106
4 110
4 221
4 257
4 281
4 304
5 366
5 413
5 497
5 526
5 544
5 6
5 58
5 63
5 74
5 87
5 200
5 203
5 305
6 343
6 421
6 434
6 458
6 472
6 494
6 514
6 5
6 9
6 206
6 220
6 240
6 263
6 306
7 340
7 493
7 511
7 539
7 542
7 593
7 2
7 31
7 55
7 89
7 92
7 128
7 139
7 307
8 371
8 464
8 488
8 23
8 45
8 97
8 110
8 132
8 138
8 182
8 252
8 308
9 323
9 355
9 391
9 398
9 432
9 479
9 535
9 552
9 6
9 23
9 31
9 60
9 72
9 156
9 202
9 309
10 376
10 537
10 563
10 569
10 94
10 186
10 218
10 265
10 268
10 287
10 310
11 405
11 445
11 2
11 14
11 25
11 63
11 92
11 161
11 182
11 202
11 228
11 311
12 302
12 310
12 463
12 477
12 567
12 573
12 58
12 68
12 78
12 87
12 115
12 183
12 207
12 259
12 293
12 312
13 301
13 349
13 378
13 494
13 501
13 513
13 154
13 198
13 207
13 313
14 313
14 326
14 398
14 435
14 440
14 508
14 531
14 11
14 36
14 151
14 214
14 216
14 250
14 256
14 259
14 263
14 314
15 321
15 331
15 343
15 436
15 440
15 570
15 17
15 142
15 147
15 165
15 181
15 217
15 221
15 237
15 279
15 315
16 315
16 316
16 420
16 448
16 475
16 488
16 541
16 576
16 599
16 0
16 72
16 177
16 238
17 306
17 414
17 500
17 510
17 512
17 15
17 20
17 28
17 221
17 261
17 317
18 302
18 402
18 403
18 407
18 460
18 516
18 548
18 212
18 223
18 274
18 292
18 318
19 305
19 369
19 444
19 593
19 61
19 80
19 145
19 204
19 237
19 319
20 335
20 382
20 430
20 448
20 494
20 523
20 536
20 544
20 552
20 17
20 31
20 42
20 278
20 320
21 367
21 426
21 478
21 494
21 516
21 526
21 550
21 593
21 38
21 64
21 67
21 100
21 111
21 134
21 236
21 321
22 300
22 419
22 431
22 555
22 593
22 43
22 92
22 145
22 207
22 235
22 322
23 306
23 311
23 347
23 415
23 428
23 498
23 580
23 8
23 9
23 129
23 174
23 231
23 323
24 331
24 357
24 365
24 366
24 370
24 378
24 502
24 524
24 537
24 74
24 173
24 198
24 324
25 425
25 431
25 490
25 523
25 532
25 11
25 105
25 235
25 272
25 325
26 301
26 441
26 448
26 481
26 532
26 570
26 60
26 107
26 174
26 209
26 276
26 281
26 326
27 316
27 343
27 366
27 372
27 447
27 486
27 497
27 503
27 530
27 594
27 59
27 175
27 253
27 268
27 327
28 429
28 489
28 502
28 547
28 574
28 17
28 47
28 94
28 136
28 156
28 187
28 328
29 302
29 305
29 386
29 453
29 472
29 479
29 555
29 568
29 49
29 109
29 196
29 216
29 236
29 248
29 329
30 317
30 338
30 475
30 112
30 168
30 291
30 330
31 314
31 371
31 570
31 7
31 9
31 20
31 73
31 93
31 95
31 115
31 170
31 206
31 271
31 297
31 331
32 320
32 352
32 375
32 425
32 437
32 455
32 483
32 490
32 558
32 50
32 51
32 62
32 112
32 132
32 144
32 154
32 171
32 190
32 259
32 332
33 318
33 319
33 356
33 370
33 402
33 418
33 469
33 507
33 511
33 544
33 547
33 572
33 88
33 207
33 230
33 333
34 404
34 413
34 456
34 468
34 473
34 487
34 539
34 560
34 45
34 62
34 113
34 155
34 157
34 184
34 229
34 334
35 360
35 417
35 421
35 423
35 515
35 525
35 535
35 542
35 566
35 589
35 43
35 50
35 63
35 88
35 276
35 279
35 335
36 319
36 352
36 384
36 391
36 453
36 14
36 194
36 210
36 251
36 336
37 316
37 323
37 343
37 360
37 412
37 512
37 514
37 551
37 559
37 589
37 63
37 171
37 337
38 409
38 496
38 541
38 543
38 21
38 72
38 124
38 144
38 246
38 292
38 338
39 322
39 373
39 487
39 518
39 562
39 192
39 260
39 298
39 339
40 378
40 386
40 431
40 443
40 483
40 499
40 579
40 581
40 593
40 1
40 50
40 62
40 87
40 157
40 160
40 199
40 279
40 340
41 327
41 479
41 481
41 494
41 540
41 49
41 52
41 53
41 210
41 299
41 341
42 324
42 420
42 426
42 444
42 464
42 534
42 20
42 63
42 81
42 212
42 256
42 342
43 345
43 469
43 479
43 556
43 575
43 3
43 22
43 35
43 72
43 124
43 221
43 343
44 324
44 328
44 377
44 396
44 456
44 496
44 549
44 562
44 596
44 160
44 163
44 189
44 200
44 344
45 309
45 311
45 404
45 447
45 515
45 583
45 8
45 34
45 160
45 345
46 462
46 471
46 66
46 78
46 112
46 119
46 222
46 232
46 346
47 376
47 380
47 402
47 426
47 463
47 578
47 581
47 28
47 238
47 347
48 304
48 343
48 360
48 458
48 92
48 96
48 120
48 147
48 186
48 205
48 348
49 317
49 351
49 379
49 547
49 583
49 29
49 41
49 189
49 212
49 233
49 349
50 354
50 424
50 489
50 527
50 541
50 558
50 590
50 32
50 35
50 40
50 51
50 57
50 61
50 124
50 259
50 350
51 316
51 338
51 355
51 424
51 462
51 473
51 483
51 543
51 551
51 32
51 50
51 92
51 118
51 138
51 213
51 234
51 351
52 300
52 325
52 333
52 339
52 351
52 532
52 591
52 41
52 58
52 79
52 92
52 153
52 154
52 176
52 228
52 352
53 310
53 403
53 420
53 487
53 543
53 568
53 569
53 577
53 41
53 126
53 143
53 173
53 230
53 258
53 279
53 353
54 452
54 547
54 560
54 597
54 67
54 107
54 285
54 354
55 343
55 345
55 400
55 479
55 495
55 520
55 527
55 544
55 548
55 556
55 7
55 65
55 217
55 244
55 262
55 299
55 355
56 304
56 324
56 358
56 406
56 409
56 552
56 560
56 565
56 66
56 124
56 135
56 149
56 286
56 356
57 341
57 423
57 463
57 513
57 596
57 50
57 113
57 140
57 275
57 295
57 357
58 406
58 415
58 422
58 447
58 528
58 5
58 12
58 52
58 65
58 77
58 135
58 253
58 358
59 304
59 465
59 501
59 517
59 27
59 64
59 76
59 189
59 192
59 281
59 359
60 320
60 326
60 334
60 355
60 388
60 421
60 526
60 545
60 9
60 26
60 76
60 101
60 209
60 220
60 266
60 269
60 289
60 360
61 346
61 364
61 484
61 572
61 19
61 50
61 66
61 122
61 123
61 219
61 247
61 289
61 361
62 354
62 414
62 436
62 501
62 32
62 34
62 40
62 91
62 124
62 172
62 182
62 208
62 261
62 288
62 362
63 421
63 422
63 5
63 11
63 35
63 37
63 42
63 73
63 117
63 165
63 171
63 183
63 363
64 314
64 376
64 388
64 469
64 489
64 563
64 21
64 59
64 80
64 130
64 159
64 219
64 228
64 241
64 364
65 334
65 489
65 495
65 501
65 550
65 55
65 58
65 67
65 77
65 105
65 108
65 182
65 200
65 242
65 365
66 350
66 401
66 415
66 421
66 437
66 505
66 548
66 559
66 46
66 56
66 61
66 78
66 87
66 200
66 202
66 238
66 294
66 366
67 387
67 462
67 488
67 569
67 21
67 54
67 65
67 75
67 92
67 177
67 254
67 256
67 297
67 367
68 308
68 333
68 339
68 356
68 549
68 582
68 12
68 161
68 258
68 368
69 312
69 327
69 333
69 485
69 509
69 2
69 114
69 154
69 161
69 220
69 275
69 369
70 355
70 387
70 465
70 520
70 569
70 588
70 79
70 107
70 120
70 136
70 191
70 240
70 270
70 370
71 305
71 505
71 523
71 558
71 559
71 100
71 112
71 250
71 277
71 371
72 367
72 369
72 408
72 489
72 535
72 9
72 16
72 38
72 43
72 96
72 102
72 142
72 201
72 287
72 288
72 372
73 324
73 330
73 331
73 386
73 500
73 549
73 599
73 31
73 63
73 94
73 270
73 373
74 320
74 341
74 363
74 402
74 405
74 527
74 541
74 575
74 5
74 24
74 142
74 174
74 232
74 236
74 239
74 250
74 255
74 374
75 404
75 411
75 438
75 452
75 498
75 514
75 3
75 67
75 99
75 103
75 134
75 195
75 236
75 375
76 320
76 331
76 392
76 468
76 475
76 477
76 539
76 578
76 59
76 60
76 81
76 112
76 132
76 192
76 193
76 376
77 347
77 477
77 487
77 501
77 538
77 58
77 65
77 162
77 167
77 254
77 377
78 304
78 338
78 386
78 514
78 531
78 532
78 555
78 565
78 3
78 12
78 46
78 66
78 89
78 122
78 247
78 259
78 260
78 293
78 378
79 306
79 392
79 418
79 438
79 443
79 488
79 527
79 529
79 548
79 52
79 70
79 85
79 98
79 130
79 148
79 210
79 379
80 314
80 324
80 332
80 359
80 368
80 386
80 398
80 437
80 467
80 518
80 19
80 64
80 149
80 187
80 380
81 317
81 436
81 449
81 455
81 477
81 480
81 42
81 76
81 104
81 149
81 169
81 185
81 381
82 382
82 401
82 425
82 434
82 504
82 514
82 531
82 572
82 578
82 168
82 174
82 215
82 221
83 452
83 480
83 484
83 199
83 246
83 247
83 383
84 381
84 421
84 508
84 583
84 90
84 125
84 158
84 192
84 214
84 225
84 384
85 427
85 437
85 492
85 507
85 534
85 542
85 79
85 175
85 195
85 198
85 231
85 251
85 385
86 304
86 325
86 355
86 371
86 488
86 571
86 599
86 4
86 131
86 245
86 256
86 276
86 386
87 312
87 319
87 538
87 4
87 5
87 12
87 40
87 66
87 220
87 221
87 248
87 387
88 371
88 455
88 529
88 543
88 581
88 593
88 33
88 35
88 94
88 114
88 146
88 239
88 263
88 269
88 388
89 355
89 356
89 362
89 380
89 464
89 485
89 495
89 540
89 549
89 7
89 78
89 175
89 184
89 238
89 278
89 389
90 347
90 355
90 357
90 458
90 506
90 546
90 572
90 84
90 119
90 390
91 318
91 350
91 407
91 454
91 478
91 490
91 492
91 62
91 106
91 147
91 165
91 170
91 198
91 201
91 391
92 407
92 412
92 429
92 435
92 453
92 480
92 490
92 516
92 7
92 11
92 22
92 48
92 51
92 52
92 67
92 126
92 132
92 146
92 155
92 190
92 204
92 233
92 274
92 392
93 335
93 343
93 389
93 406
93 420
93 31
93 101
93 189
93 237
93 267
93 294
93 393
94 311
94 326
94 335
94 355
94 392
94 541
94 590
94 10
94 28
94 73
94 88
94 145
94 146
94 217
94 268
94 281
94 394
95 357
95 406
95 417
95 450
95 553
95 597
95 31
95 111
95 121
95 170
95 192
95 395
96 314
96 408
96 423
96 447
96 541
96 549
96 48
96 72
96 118
96 190
96 264
96 396
97 363
97 377
97 395
97 398
97 458
97 505
97 8
97 195
97 210
97 232
97 397
98 317
98 328
98 358
98 430
98 530
98 559
98 79
98 182
98 193
98 211
98 398
99 452
99 551
99 75
99 223
99 399
100 369
100 466
100 21
100 71
100 146
100 231
100 251
100 400
101 395
101 423
101 578
101 60
101 93
101 104
101 183
101 256
101 279
101 401
102 314
102 324
102 335
102 391
102 429
102 436
102 469
102 511
102 557
102 576
102 72
102 109
102 117
102 185
102 212
102 213
102 220
102 227
102 248
102 256
102 261
102 268
102 402
103 345
103 360
103 474
103 501
103 75
103 240
103 403
104 347
104 365
104 473
104 524
104 555
104 81
104 101
104 131
104 149
104 179
104 187
104 209
104 252
104 294
104 404
105 338
105 355
105 384
105 481
105 483
105 533
105 559
105 25
105 65
105 129
105 211
105 253
105 280
105 405
106 321
106 339
106 345
106 381
106 405
106 451
106 514
106 4
106 91
106 124
106 147
106 216
106 222
106 278
106 406
107 310
107 338
107 517
107 585
107 589
107 1
107 26
107 54
107 70
107 118
107 216
107 221
107 255
107 407
108 322
108 361
108 378
108 402
108 403
108 409
108 527
108 65
108 136
108 186
108 241
108 266
108 280
108 408
109 379
109 394
109 445
109 521
109 545
109 574
109 29
109 102
109 129
109 134
109 151
109 186
109 188
109 194
109 409
110 312
110 334
110 369
110 377
110 386
110 404
110 459
110 4
110 8
110 247
110 258
110 410
111 315
111 353
111 420
111 422
111 495
111 499
111 520
111 558
111 579
111 21
111 95
111 124
111 125
111 168
111 239
111 411
112 314
112 409
112 457
112 471
112 521
112 523
112 572
112 595
112 30
112 32
112 46
112 71
112 76
112 117
112 241
112 251
112 412
113 549
113 550
113 574
113 34
113 57
113 125
113 143
113 144
113 197
113 211
113 274
113 413
114 300
114 312
114 475
114 524
114 585
114 596
114 69
114 88
114 136
114 179
114 414
115 387
115 501
115 511
115 514
115 552
115 588
115 12
115 31
115 162
115 248
115 296
115 299
115 415
116 381
116 392
116 401
116 430
116 473
116 477
116 547
116 554
116 563
116 122
116 135
116 193
116 207
116 230
116 249
116 278
116 298
116 416
117 301
117 307
117 394
117 451
117 549
117 553
117 63
117 102
117 112
117 277
117 283
117 417
118 347
118 417
118 451
118 539
118 1
118 51
118 96
118 107
118 238
118 264
118 418
119 390
119 400
119 413
119 476
119 481
119 505
119 519
119 46
119 90
119 179
119 248
119 275
119 419
120 327
120 342
120 376
120 533
120 561
120 48
120 70
120 142
120 192
120 220
120 237
120 288
120 293
120 420
121 382
121 384
121 440
121 450
121 490
121 497
121 547
121 571
121 585
121 95
121 134
121 197
121 218
121 251
121 260
121 421
122 330
122 418
122 476
122 526
122 536
122 61
122 78
122 116
122 266
122 281
122 422
123 315
123 438
123 515
123 576
123 591
123 61
123 134
123 216
123 423
124 301
124 421
124 424
124 454
124 458
124 522
124 564
124 582
124 3
124 38
124 43
124 50
124 56
124 62
124 106
124 111
124 126
124 134
124 145
124 252
125 393
125 445
125 450
125 464
125 507
125 575
125 84
125 111
125 113
125 235
125 271
125 275
125 289
125 425
126 309
126 320
126 334
126 459
126 529
126 53
126 92
126 124
126 176
126 225
126 231
126 254
126 426
127 324
127 330
127 353
127 356
127 362
127 367
127 404
127 424
127 434
127 441
127 485
127 488
127 553
127 555
127 568
127 299
127 427
128 523
128 562
128 7
128 185
128 243
128 428
129 313
129 335
129 528
129 559
129 23
129 105
129 109
129 143
129 225
129 230
129 294
129 429
130 409
130 587
130 64
130 79
130 134
130 168
130 208
130 430
131 306
131 341
131 347
131 382
131 404
131 422
131 438
131 455
131 459
131 493
131 535
131 553
131 571
131 86
131 104
131 186
131 231
131 246
131 431
132 323
132 533
132 595
132 599
132 8
132 32
132 76
132 92
132 189
132 280
132 432
133 313
133 355
133 377
133 432
133 470
133 230
133 240
133 268
133 274
133 276
133 433
134 356
134 362
134 374
134 542
134 21
134 75
134 109
134 121
134 123
134 124
134 130
134 142
134 202
134 226
134 261
134 284
134 434
135 320
135 417
135 422
135 494
135 2
135 56
135 58
135 116
135 165
135 209
135 245
135 279
135 435
136 425
136 487
136 517
136 537
136 568
136 28
136 70
136 108
136 114
136 158
136 172
136 242
136 436
137 315
137 367
137 469
137 519
137 2
137 249
137 258
137 299
137 437
138 300
138 310
138 382
138 483
138 487
138 496
138 562
138 8
138 51
138 200
138 205
138 207
138 272
138 289
138 438
139 436
139 492
139 505
139 519
139 542
139 573
139 7
139 202
139 216
139 258
139 439
140 321
140 374
140 376
140 432
140 482
140 494
140 505
140 57
140 156
140 178
140 440
141 300
141 307
141 311
141 328
141 331
141 347
141 361
141 394
141 479
141 490
141 516
141 518
141 209
141 441
142 394
142 429
142 477
142 487
142 502
142 590
142 1
142 15
142 72
142 74
142 120
142 134
142 153
142 155
142 173
142 442
143 327
143 344
143 490
143 493
143 503
143 515
143 580
143 595
143 53
143 113
143 129
143 214
143 224
143 443
144 364
144 503
144 32
144 38
144 113
144 163
144 211
144 256
144 444
145 323
145 328
145 406
145 484
145 560
145 580
145 590
145 19
145 22
145 94
145 124
145 164
145 185
145 290
145 445
146 368
146 423
146 429
146 470
146 490
146 503
146 530
146 542
146 564
146 88
146 92
146 94
146 100
146 169
146 215
146 280
146 297
146 446
147 310
147 370
147 445
147 544
147 15
147 48
147 91
147 106
147 197
147 278
147 447
148 396
148 398
148 401
148 408
148 431
148 510
148 545
148 551
148 555
148 79
148 150
148 161
148 240
148 448
149 316
149 327
149 345
149 386
149 439
149 477
149 485
149 535
149 56
149 80
149 81
149 104
149 449
150 371
150 382
150 383
150 388
150 444
150 569
150 148
150 220
150 450
151 312
151 382
151 14
151 109
151 276
151 451
152 350
152 429
152 458
152 485
152 577
152 276
152 452
153 356
153 365
153 404
153 419
153 580
153 52
153 142
153 453
154 358
154 403
154 442
154 13
154 32
154 52
154 69
154 198
154 454
155 325
155 341
155 366
155 384
155 400
155 523
155 541
155 34
155 92
155 142
155 166
155 233
155 283
155 284
155 455
156 377
156 446
156 561
156 9
156 28
156 140
156 157
156 215
156 296
156 456
157 327
157 349
157 369
157 375
157 409
157 425
157 447
157 476
157 539
157 591
157 34
157 40
157 156
157 164
157 287
157 457
158 319
158 325
158 374
158 421
158 500
158 543
158 564
158 579
158 84
158 136
158 169
158 170
158 458
159 378
159 384
159 491
159 492
159 564
159 573
159 594
159 64
159 161
159 249
159 261
159 281
159 293
159 459
160 419
160 467
160 530
160 580
160 40
160 44
160 45
160 188
160 224
160 246
160 253
160 460
161 323
161 383
161 395
161 408
161 412
161 429
161 554
161 555
161 561
161 578
161 584
161 11
161 68
161 69
161 148
161 159
161 212
161 245
161 252
161 262
161 461
162 465
162 546
162 585
162 595
162 77
162 115
162 194
162 206
162 228
162 462
163 386
163 521
163 543
163 44
163 144
163 267
163 281
163 285
163 292
163 463
164 305
164 468
164 473
164 480
164 509
164 530
164 557
164 590
164 145
164 157
164 464
165 308
165 323
165 371
165 377
165 504
165 580
165 15
165 63
165 91
165 135
165 236
165 249
165 294
165 465
166 365
166 470
166 547
166 1
166 155
166 171
166 193
166 466
167 346
167 352
167 426
167 453
167 494
167 499
167 530
167 1
167 77
167 173
167 194
167 257
167 467
168 355
168 363
168 388
168 412
168 478
168 508
168 548
168 30
168 82
168 111
168 130
168 242
168 274
168 284
168 468
169 412
169 453
169 480
169 518
169 81
169 146
169 158
169 264
169 469
170 309
170 348
170 355
170 477
170 573
170 31
170 91
170 95
170 158
170 173
170 470
171 309
171 356
171 398
171 568
171 32
171 37
171 63
171 166
171 471
172 331
172 388
172 420
172 524
172 568
172 62
172 136
172 257
172 472
173 326
173 353
173 378
173 466
173 468
173 554
173 584
173 24
173 53
173 142
173 167
173 170
173 225
173 293
173 473
174 313
174 316
174 318
174 506
174 512
174 549
174 594
174 23
174 26
174 74
174 82
174 187
174 276
174 474
175 304
175 329
175 344
175 583
175 27
175 85
175 89
175 475
176 372
176 488
176 489
176 530
176 52
176 126
176 227
176 256
176 269
176 476
177 310
177 329
177 375
177 392
177 396
177 455
177 528
177 574
177 16
177 67
177 477
178 354
178 370
178 398
178 457
178 465
178 480
178 140
178 186
178 235
178 478
179 389
179 445
179 500
179 524
179 547
179 584
179 104
179 114
179 119
179 263
179 267
179 297
179 479
180 301
180 343
180 370
180 382
180 416
180 466
180 474
180 527
180 569
180 260
180 288
180 291
180 480
181 314
181 317
181 382
181 387
181 438
181 542
181 15
181 189
181 206
181 282
181 481
182 304
182 395
182 429
182 577
182 594
182 8
182 11
182 62
182 65
182 98
182 194
182 221
182 236
182 259
182 271
182 482
183 343
183 413
183 552
183 12
183 63
183 101
183 224
183 244
183 250
183 483
184 339
184 400
184 534
184 34
184 89
184 198
184 484
185 336
185 415
185 480
185 81
185 102
185 128
185 145
185 235
185 485
186 323
186 415
186 426
186 530
186 10
186 48
186 108
186 109
186 131
186 178
186 218
186 262
186 274
186 486
187 369
187 467
187 533
187 28
187 80
187 104
187 174
187 284
187 487
188 326
188 328
188 344
188 368
188 438
188 478
188 487
188 498
188 499
188 579
188 109
188 160
188 231
188 271
188 296
188 488
189 305
189 310
189 332
189 397
189 453
189 483
189 525
189 541
189 583
189 598
189 44
189 49
189 59
189 93
189 132
189 181
189 190
189 275
189 489
190 318
190 387
190 454
190 462
190 503
190 530
190 593
190 32
190 92
190 96
190 189
190 192
190 490
191 411
191 466
191 475
191 490
191 582
191 70
191 220
191 299
191 491
192 416
192 420
192 523
192 556
192 39
192 59
192 76
192 84
192 95
192 120
192 190
192 195
192 492
193 338
193 379
193 455
193 469
193 509
193 537
193 547
193 562
193 76
193 98
193 116
193 166
193 195
193 200
193 226
193 270
193 283
193 289
193 493
194 304
194 311
194 533
194 564
194 36
194 109
194 162
194 167
194 182
194 209
194 222
194 267
194 287
194 494
195 308
195 351
195 447
195 495
195 529
195 537
195 75
195 85
195 97
195 192
195 193
195 205
196 363
196 398
196 488
196 524
196 599
196 29
196 214
196 280
196 283
196 291
196 496
197 367
197 403
197 441
197 476
197 568
197 113
197 121
197 147
197 209
197 212
197 239
197 497
198 325
198 412
198 414
198 446
198 475
198 508
198 539
198 581
198 13
198 24
198 85
198 91
198 154
198 184
198 228
198 297
198 498
199 406
199 412
199 564
199 581
199 590
199 40
199 83
199 224
199 226
199 289
199 499
200 304
200 356
200 443
200 543
200 579
200 586
200 5
200 44
200 65
200 66
200 138
200 193
200 292
200 500
201 399
201 420
201 490
201 514
201 536
201 548
201 597
201 72
201 91
201 218
201 501
202 384
202 395
202 399
202 401
202 429
202 432
202 550
202 590
202 9
202 11
202 66
202 134
202 139
202 285
202 502
203 318
203 321
203 334
203 335
203 352
203 402
203 449
203 515
203 576
203 5
203 213
203 234
203 244
203 283
203 503
204 303
204 493
204 529
204 546
204 598
204 19
204 92
204 225
204 256
204 504
205 322
205 417
205 468
205 524
205 571
205 0
205 48
205 138
205 195
205 225
205 505
206 340
206 357
206 427
206 434
206 469
206 476
206 552
206 584
206 1
206 2
206 6
206 31
206 162
206 181
206 215
206 247
206 506
207 332
207 514
207 543
207 575
207 578
207 12
207 13
207 22
207 33
207 116
207 138
207 260
207 266
207 507
208 448
208 561
208 562
208 579
208 62
208 130
208 212
208 508
209 358
209 388
209 435
209 491
209 520
209 576
209 599
209 26
209 60
209 104
209 135
209 141
209 194
209 197
209 288
209 509
210 337
210 376
210 411
210 451
210 461
210 488
210 543
210 547
210 558
210 36
210 41
210 79
210 97
210 233
210 261
210 510
211 374
211 391
211 408
211 414
211 529
211 530
211 98
211 105
211 113
211 144
211 294
211 511
212 368
212 383
212 486
212 526
212 589
212 18
212 42
212 49
212 102
212 161
212 197
212 208
212 215
212 512
213 314
213 334
213 344
213 353
213 486
213 554
213 51
213 102
213 203
213 227
213 513
214 352
214 466
214 500
214 576
214 580
214 14
214 84
214 143
214 196
214 246
214 514
215 326
215 335
215 349
215 377
215 532
215 562
215 571
215 589
215 82
215 146
215 156
215 206
215 212
215 220
215 280
215 515
216 313
216 392
216 456
216 475
216 483
216 571
216 14
216 29
216 106
216 107
216 123
216 139
216 287
216 297
216 298
216 516
217 302
217 346
217 394
217 406
217 417
217 449
217 539
217 543
217 15
217 55
217 94
217 232
217 276
217 287
217 517
218 340
218 357
218 478
218 10
218 121
218 186
218 201
218 263
218 282
218 518
219 386
219 396
219 510
219 554
219 1
219 61
219 64
219 227
219 293
219 519
220 351
220 476
220 6
220 60
220 69
220 87
220 102
220 120
220 150
220 191
220 215
220 520
221 377
221 391
221 508
221 584
221 589
221 4
221 15
221 17
221 43
221 82
221 87
221 107
221 182
221 277
221 521
222 411
222 420
222 486
222 579
222 46
222 106
222 194
222 254
222 522
223 370
223 441
223 493
223 574
223 18
223 99
223 262
223 523
224 322
224 323
224 375
224 503
224 143
224 160
224 183
224 199
224 239
224 524
225 325
225 452
225 543
225 84
225 126
225 129
225 173
225 204
225 205
225 242
225 525
226 330
226 379
226 388
226 414
226 439
226 456
226 583
226 134
226 193
226 199
226 246
226 274
226 526
227 310
227 335
227 340
227 343
227 462
227 484
227 533
227 543
227 578
227 102
227 176
227 213
227 219
227 280
227 296
227 527
228 418
228 482
228 11
228 52
228 64
228 162
228 198
228 272
228 528
229 329
229 354
229 401
229 533
229 545
229 557
229 561
229 564
229 34
229 529
230 368
230 33
230 53
230 116
230 129
230 133
230 234
230 291
230 530
231 364
231 412
231 422
231 454
231 480
231 516
231 548
231 558
231 2
231 23
231 85
231 100
231 126
231 131
231 188
231 245
231 286
231 531
232 309
232 501
232 534
232 568
232 46
232 74
232 97
232 217
232 532
233 388
233 465
233 476
233 503
233 517
233 559
233 564
233 575
233 594
233 49
233 92
233 155
233 210
233 247
233 533
234 309
234 408
234 418
234 434
234 547
234 559
234 51
234 203
234 230
234 534
235 312
235 314
235 315
235 350
235 354
235 387
235 437
235 463
235 496
235 560
235 22
235 25
235 125
235 178
235 185
235 265
235 276
235 535
236 345
236 357
236 404
236 410
236 446
236 513
236 525
236 21
236 29
236 74
236 75
236 165
236 182
236 536
237 307
237 331
237 384
237 410
237 445
237 446
237 15
237 19
237 93
237 120
237 537
238 300
238 310
238 314
238 342
238 366
238 440
238 447
238 16
238 47
238 66
238 89
238 118
238 255
238 538
239 342
239 346
239 362
239 363
239 410
239 534
239 577
239 588
239 74
239 88
239 111
239 197
239 224
239 248
239 539
240 374
240 376
240 461
240 462
240 483
240 553
240 6
240 70
240 103
240 133
240 148
240 540
241 301
241 347
241 348
241 473
241 492
241 511
241 64
241 108
241 112
241 242
241 250
241 286
241 541
242 382
242 65
242 136
242 168
242 225
242 241
242 246
242 267
242 298
242 542
243 322
243 356
243 472
243 478
243 487
243 570
243 128
243 280
243 543
244 307
244 321
244 360
244 427
244 458
244 550
244 552
244 574
244 55
244 183
244 203
244 544
245 330
245 480
245 596
245 86
245 135
245 161
245 231
245 254
245 545
246 306
246 334
246 337
246 389
246 424
246 500
246 560
246 38
246 83
246 131
246 160
246 214
246 226
246 242
246 280
246 546
247 335
247 387
247 399
247 421
247 474
247 560
247 61
247 78
247 83
247 110
247 206
247 233
247 547
248 327
248 339
248 353
248 386
248 460
248 505
248 527
248 545
248 29
248 87
248 102
248 115
248 119
248 239
248 298
248 548
249 319
249 325
249 358
249 521
249 590
249 116
249 137
249 159
249 165
249 549
250 342
250 441
250 582
250 14
250 71
250 74
250 183
250 241
250 550
251 332
251 340
251 515
251 530
251 36
251 85
251 100
251 112
251 121
251 551
252 551
252 8
252 104
252 124
252 161
252 552
253 308
253 355
253 407
253 464
253 494
253 27
253 58
253 105
253 160
253 282
253 553
254 362
254 379
254 385
254 468
254 475
254 543
254 67
254 77
254 126
254 222
254 245
254 284
254 290
254 291
254 554
255 322
255 331
255 345
255 378
255 385
255 433
255 505
255 524
255 74
255 107
255 238
255 269
255 277
255 555
256 343
256 511
256 519
256 531
256 564
256 14
256 42
256 67
256 86
256 101
256 102
256 144
256 176
256 204
256 556
257 304
257 308
257 338
257 395
257 475
257 534
257 553
257 574
257 579
257 4
257 167
257 172
257 273
257 557
258 360
258 389
258 407
258 410
258 462
258 53
258 68
258 110
258 137
258 139
258 558
259 348
259 492
259 579
259 592
259 12
259 14
259 32
259 50
259 78
259 182
259 559
260 300
260 495
260 557
260 569
260 39
260 78
260 121
260 180
260 207
260 261
260 560
261 320
261 332
261 375
261 415
261 424
261 452
261 460
261 17
261 62
261 102
261 134
261 159
261 210
261 260
261 290
261 561
262 352
262 362
262 407
262 420
262 458
262 468
262 485
262 596
262 55
262 161
262 186
262 223
262 562
263 377
263 379
263 387
263 404
263 405
263 408
263 435
263 459
263 509
263 550
263 594
263 6
263 14
263 88
263 179
263 218
263 289
263 563
264 314
264 352
264 375
264 407
264 543
264 597
264 96
264 118
264 169
264 291
264 564
265 333
265 348
265 385
265 462
265 526
265 534
265 583
265 10
265 235
265 286
265 295
265 565
266 321
266 367
266 429
266 550
266 581
266 60
266 108
266 122
266 207
266 299
266 566
267 323
267 331
267 353
267 413
267 514
267 534
267 545
267 563
267 594
267 93
267 163
267 179
267 194
267 242
267 567
268 380
268 456
268 477
268 497
268 510
268 518
268 541
268 542
268 558
268 10
268 27
268 94
268 102
268 133
268 292
268 568
269 400
269 405
269 429
269 467
269 483
269 531
269 546
269 572
269 60
269 88
269 176
269 255
269 291
269 569
270 338
270 436
270 561
270 593
270 70
270 73
270 193
270 271
270 273
270 295
270 570
271 325
271 401
271 490
271 500
271 551
271 568
271 583
271 31
271 125
271 182
271 188
271 270
271 280
271 571
272 390
272 448
272 573
272 25
272 138
272 228
272 572
273 301
273 304
273 312
273 325
273 397
273 503
273 548
273 257
273 270
273 573
274 352
274 505
274 510
274 519
274 18
274 92
274 113
274 133
274 168
274 186
274 226
274 574
275 317
275 335
275 347
275 389
275 407
275 465
275 476
275 545
275 551
275 57
275 69
275 119
275 125
275 189
275 575
276 333
276 347
276 359
276 467
276 486
276 490
276 545
276 578
276 580
276 26
276 35
276 86
276 133
276 151
276 152
276 174
276 217
276 235
276 281
276 576
277 398
277 417
277 515
277 521
277 596
277 71
277 117
277 221
277 255
277 577
278 312
278 329
278 371
278 374
278 496
278 538
278 583
278 20
278 89
278 106
278 116
278 147
278 578
279 321
279 338
279 354
279 369
279 420
279 498
279 504
279 521
279 589
279 0
279 1
279 15
279 35
279 40
279 53
279 101
279 135
279 579
280 343
280 373
280 425
280 465
280 514
280 545
280 588
280 105
280 108
280 132
280 146
280 196
280 215
280 227
280 243
280 246
280 271
280 580
281 314
281 330
281 431
281 436
281 442
281 447
281 457
281 463
281 468
281 503
281 580
281 584
281 4
281 26
281 59
281 94
281 122
281 159
281 163
281 276
281 581
282 302
282 313
282 317
282 499
282 181
282 218
282 253
282 289
282 582
283 368
283 394
283 396
283 426
283 433
283 579
283 117
283 155
283 193
283 196
283 203
283 583
284 330
284 357
284 389
284 391
284 598
284 134
284 155
284 168
284 187
284 254
284 285
284 299
284 584
285 403
285 428
285 456
285 507
285 509
285 520
285 592
285 54
285 163
285 202
285 284
285 585
286 324
286 346
286 403
286 451
286 465
286 499
286 588
286 56
286 231
286 241
286 265
286 586
287 383
287 405
287 408
287 443
287 521
287 541
287 553
287 566
287 10
287 72
287 157
287 194
287 216
287 217
287 587
288 419
288 432
288 436
288 478
288 570
288 62
288 72
288 120
288 180
288 209
288 588
289 348
289 377
289 407
289 437
289 512
289 527
289 568
289 570
289 60
289 61
289 125
289 138
289 193
289 199
289 263
289 282
289 589
290 409
290 468
290 500
290 510
290 577
290 145
290 254
290 261
290 294
290 590
291 335
291 355
291 413
291 461
291 30
291 180
291 196
291 230
291 254
291 264
291 269
291 591
292 380
292 397
292 410
292 417
292 455
292 478
292 483
292 486
292 553
292 558
292 570
292 18
292 38
292 163
292 200
292 268
292 592
293 345
293 432
293 471
293 544
293 12
293 78
293 120
293 159
293 173
293 219
293 593
294 313
294 365
294 430
294 561
294 575
294 597
294 66
294 93
294 104
294 129
294 165
294 211
294 290
294 594
295 441
295 446
295 470
295 493
295 508
295 531
295 0
295 57
295 265
295 270
295 595
296 318
296 413
296 438
296 459
296 465
296 492
296 513
296 515
296 115
296 156
296 188
296 227
296 596
297 341
297 520
297 558
297 2
297 31
297 67
297 146
297 179
297 198
297 216
297 597
298 302
298 345
298 385
298 386
298 446
298 512
298 569
298 582
298 3
298 39
298 116
298 216
298 242
298 248
298 598
299 331
299 443
299 484
299 591
299 41
299 55
299 115
299 127
299 137
299 191
299 266
299 284
299 599
300 22
300 52
300 114
300 138
300 141
300 238
300 260
300 0
301 13
301 26
301 117
301 124
301 180
301 241
301 273
301 1
302 12
302 18
302 29
302 217
302 282
302 298
302 2
303 3
303 204
304 48
304 56
304 59
304 78
304 86
304 175
304 182
304 194
304 200
304 257
304 273
304 4
305 19
305 29
305 71
305 164
305 189
305 5
306 17
306 23
306 79
306 131
306 246
306 6
307 117
307 141
307 237
307 244
307 7
308 68
308 165
308 195
308 253
308 257
308 8
309 45
309 126
309 170
309 171
309 232
309 234
309 9
310 12
310 53
310 107
310 138
310 147
310 177
310 189
310 227
310 238
310 10
311 23
311 45
311 94
311 141
311 194
311 11
312 69
312 87
312 110
312 114
312 151
312 235
312 273
312 278
312 12
313 14
313 129
313 133
313 174
313 216
313 282
313 294
313 13
314 3
314 31
314 64
314 80
314 96
314 102
314 112
314 181
314 213
314 235
314 238
314 264
314 281
314 14
315 16
315 111
315 123
315 137
315 235
315 15
316 16
316 27
316 37
316 51
316 149
316 174
317 30
317 49
317 81
317 98
317 181
317 275
317 282
317 17
318 33
318 91
318 174
318 190
318 203
318 296
318 18
319 33
319 36
319 87
319 158
319 249
319 19
320 2
320 32
320 60
320 74
320 76
320 126
320 135
320 261
320 20
321 15
321 106
321 140
321 203
321 244
321 266
321 279
321 21
322 39
322 108
322 205
322 224
322 243
322 255
322 22
323 0
323 9
323 37
323 132
323 145
323 161
323 165
323 186
323 224
323 267
323 23
324 42
324 44
324 56
324 73
324 80
324 102
324 127
324 286
324 24
325 52
325 86
325 155
325 158
325 198
325 225
325 249
325 271
325 273
325 25
326 14
326 60
326 94
326 173
326 188
326 215
326 26
327 41
327 69
327 120
327 143
327 149
327 157
327 248
327 27
328 44
328 98
328 141
328 145
328 188
328 28
329 175
329 177
329 229
329 278
329 29
330 73
330 122
330 127
330 226
330 245
330 281
330 284
330 30
331 15
331 24
331 73
331 76
331 141
331 172
331 237
331 255
331 267
331 299
331 31
332 80
332 189
332 207
332 251
332 261
332 32
333 52
333 68
333 69
333 265
333 276
333 33
334 60
334 65
334 110
334 126
334 203
334 213
334 246
334 34
335 20
335 93
335 94
335 102
335 129
335 203
335 215
335 227
335 247
335 275
335 291
335 35
336 185
336 36
337 210
337 246
337 37
338 30
338 51
338 78
338 105
338 107
338 193
338 257
338 270
338 279
338 38
339 52
339 68
339 106
339 184
339 248
339 39
340 7
340 206
340 218
340 227
340 251
340 40
341 57
341 74
341 131
341 155
341 297
341 41
342 120
342 238
342 239
342 250
342 42
343 3
343 6
343 15
343 27
343 37
343 48
343 55
343 93
343 180
343 183
343 227
343 256
343 280
343 43
344 143
344 175
344 188
344 213
344 44
345 43
345 55
345 103
345 106
345 149
345 236
345 255
345 293
345 298
345 45
346 61
346 167
346 217
346 239
346 286
346 46
347 23
347 77
347 90
347 104
347 118
347 131
347 141
347 241
347 275
347 276
347 47
348 170
348 241
348 259
348 265
348 289
348 48
349 13
349 157
349 215
349 49
350 66
350 91
350 152
350 235
350 50
351 49
351 52
351 195
351 220
351 51
352 32
352 36
352 167
352 203
352 214
352 262
352 264
352 274
352 52
353 111
353 127
353 173
353 213
353 248
353 267
353 53
354 50
354 62
354 178
354 229
354 235
354 279
354 54
355 9
355 51
355 60
355 70
355 86
355 89
355 90
355 94
355 105
355 133
355 168
355 170
355 253
355 291
355 55
356 33
356 68
356 89
356 127
356 134
356 153
356 171
356 200
356 243
356 56
357 24
357 90
357 95
357 206
357 218
357 236
357 284
357 57
358 4
358 56
358 98
358 154
358 209
358 249
358 58
359 80
359 276
359 59
360 35
360 37
360 48
360 103
360 244
360 258
360 60
361 108
361 141
361 61
362 89
362 127
362 134
362 239
362 254
362 262
362 62
363 74
363 97
363 168
363 196
363 239
363 63
364 61
364 144
364 231
364 64
365 24
365 104
365 153
365 166
365 294
365 65
366 5
366 24
366 27
366 155
366 238
366 66
367 21
367 72
367 127
367 137
367 197
367 266
367 67
368 80
368 146
368 188
368 212
368 230
368 283
368 68
369 19
369 72
369 100
369 110
369 157
369 187
369 279
369 69
370 24
370 33
370 147
370 178
370 180
370 223
370 70
371 8
371 31
371 86
371 88
371 150
371 165
371 278
371 71
372 27
372 176
372 72
373 39
373 280
373 73
374 134
374 140
374 158
374 211
374 240
374 278
374 74
375 4
375 32
375 157
375 177
375 224
375 261
375 264
375 75
376 2
376 10
376 47
376 64
376 120
376 140
376 210
376 240
376 76
377 44
377 97
377 110
377 133
377 156
377 165
377 215
377 221
377 263
377 289
377 77
378 13
378 24
378 40
378 108
378 159
378 173
378 255
378 78
379 49
379 109
379 193
379 226
379 254
379 263
379 79
380 47
380 89
380 268
380 292
380 80
381 84
381 106
381 116
381 81
382 20
382 82
382 121
382 131
382 138
382 150
382 151
382 180
382 181
382 242
383 150
383 161
383 212
383 287
383 83
384 36
384 105
384 121
384 155
384 159
384 202
384 237
384 84
385 254
385 255
385 265
385 298
385 85
386 29
386 40
386 73
386 78
386 80
386 110
386 149
386 163
386 219
386 248
386 298
386 86
387 67
387 70
387 115
387 181
387 190
387 235
387 247
387 263
387 87
388 3
388 60
388 64
388 150
388 168
388 172
388 209
388 226
388 233
388 88
389 93
389 179
389 246
389 258
389 275
389 284
389 89
390 119
390 272
390 90
391 9
391 36
391 102
391 211
391 221
391 284
391 91
392 76
392 79
392 94
392 116
392 177
392 216
392 92
393 125
393 93
394 109
394 117
394 141
394 142
394 217
394 283
394 94
395 97
395 101
395 161
395 182
395 202
395 257
395 95
396 44
396 148
396 177
396 219
396 283
396 96
397 189
397 273
397 292
397 97
398 9
398 14
398 80
398 97
398 148
398 171
398 178
398 196
398 277
398 98
399 201
399 202
399 247
399 99
400 55
400 119
400 155
400 184
400 269
400 100
401 66
401 82
401 116
401 148
401 202
401 229
401 271
401 101
402 18
402 33
402 47
402 74
402 108
402 203
402 102
403 18
403 53
403 108
403 154
403 197
403 285
403 286
403 103
404 34
404 45
404 75
404 110
404 127
404 131
404 153
404 236
404 263
404 104
405 11
405 74
405 106
405 263
405 269
405 287
405 105
406 56
406 58
406 93
406 95
406 145
406 199
406 217
406 106
407 18
407 91
407 92
407 253
407 258
407 262
407 264
407 275
407 289
407 107
408 72
408 96
408 148
408 161
408 211
408 234
408 263
408 287
408 108
409 38
409 56
409 108
409 112
409 130
409 157
409 290
409 109
410 236
410 237
410 239
410 258
410 292
410 110
411 75
411 191
411 210
411 222
411 111
412 37
412 92
412 161
412 168
412 169
412 198
412 199
412 231
412 112
413 5
413 34
413 119
413 183
413 267
413 291
413 296
413 113
414 17
414 62
414 198
414 211
414 226
414 114
415 23
415 58
415 66
415 185
415 186
415 261
415 115
416 180
416 192
416 116
417 35
417 95
417 118
417 135
417 205
417 217
417 277
417 292
417 117
418 33
418 79
418 122
418 228
418 234
418 118
419 22
419 153
419 160
419 288
419 119
420 16
420 42
420 53
420 93
420 111
420 172
420 192
420 201
420 222
420 262
420 279
420 120
421 6
421 35
421 60
421 63
421 66
421 84
421 124
421 158
421 247
421 121
422 58
422 63
422 111
422 131
422 135
422 231
422 122
423 35
423 57
423 96
423 101
423 146
423 123
424 50
424 51
424 124
424 127
424 246
424 261
425 25
425 32
425 82
425 136
425 157
425 280
425 125
426 21
426 42
426 47
426 167
426 186
426 283
426 126
427 85
427 206
427 244
427 127
428 23
428 285
428 128
429 28
429 92
429 102
429 142
429 146
429 152
429 161
429 182
429 202
429 266
429 269
429 129
430 20
430 98
430 116
430 294
430 130
431 2
431 22
431 25
431 40
431 148
431 281
431 131
432 9
432 133
432 140
432 202
432 288
432 293
432 132
433 255
433 283
433 133
434 6
434 82
434 127
434 206
434 234
434 134
435 14
435 92
435 209
435 263
435 135
436 4
436 15
436 62
436 81
436 102
436 139
436 270
436 281
436 288
436 136
437 32
437 66
437 80
437 85
437 235
437 289
437 137
438 75
438 79
438 123
438 131
438 181
438 188
438 296
438 138
439 149
439 226
439 139
440 14
440 15
440 121
440 238
440 140
441 26
441 127
441 197
441 223
441 250
441 295
441 141
442 154
442 281
442 142
443 40
443 79
443 200
443 287
443 299
443 143
444 19
444 42
444 150
444 144
445 11
445 109
445 125
445 147
445 179
445 237
445 145
446 156
446 198
446 236
446 237
446 295
446 298
446 146
447 27
447 45
447 58
447 96
447 157
447 195
447 238
447 281
447 147
448 16
448 20
448 26
448 208
448 272
448 148
449 81
449 203
449 217
449 149
450 95
450 121
450 125
450 150
451 0
451 106
451 117
451 118
451 210
451 286
451 151
452 54
452 75
452 83
452 99
452 225
452 261
452 152
453 29
453 36
453 92
453 167
453 169
453 189
453 153
454 91
454 124
454 190
454 231
454 154
455 32
455 81
455 88
455 131
455 177
455 193
455 292
455 155
456 34
456 44
456 216
456 226
456 268
456 285
456 156
457 112
457 178
457 281
457 157
458 6
458 48
458 90
458 97
458 124
458 152
458 244
458 262
458 158
459 110
459 126
459 131
459 263
459 296
459 159
460 18
460 248
460 261
460 160
461 210
461 240
461 291
461 161
462 46
462 51
462 67
462 190
462 227
462 240
462 258
462 265
462 162
463 12
463 47
463 57
463 235
463 281
463 163
464 8
464 42
464 89
464 125
464 253
464 164
465 59
465 70
465 162
465 178
465 233
465 275
465 280
465 286
465 296
465 165
466 100
466 173
466 180
466 191
466 214
466 166
467 2
467 80
467 160
467 187
467 269
467 276
467 167
468 34
468 76
468 164
468 173
468 205
468 254
468 262
468 281
468 290
468 168
469 33
469 43
469 64
469 102
469 137
469 193
469 206
469 169
470 133
470 146
470 166
470 295
470 170
471 46
471 112
471 293
471 171
472 6
472 29
472 243
472 172
473 34
473 51
473 104
473 116
473 164
473 241
473 173
474 103
474 180
474 247
474 174
475 16
475 30
475 76
475 114
475 191
475 198
475 216
475 254
475 257
475 175
476 119
476 122
476 157
476 197
476 206
476 220
476 233
476 275
476 176
477 12
477 76
477 77
477 81
477 116
477 142
477 149
477 170
477 268
477 177
478 21
478 91
478 168
478 188
478 218
478 243
478 288
478 292
478 178
479 9
479 29
479 41
479 43
479 55
479 141
479 179
480 81
480 83
480 92
480 164
480 169
480 178
480 185
480 231
480 245
480 180
481 26
481 41
481 105
481 119
481 181
482 140
482 228
482 182
483 32
483 40
483 51
483 105
483 138
483 189
483 216
483 240
483 269
483 292
483 183
484 61
484 83
484 145
484 227
484 299
484 184
485 69
485 89
485 127
485 149
485 152
485 262
485 185
486 27
486 212
486 213
486 222
486 276
486 292
486 186
487 34
487 39
487 53
487 77
487 136
487 138
487 142
487 188
487 243
487 187
488 8
488 16
488 67
488 79
488 86
488 127
488 176
488 196
488 210
488 188
489 28
489 50
489 64
489 65
489 72
489 176
489 189
490 25
490 32
490 91
490 92
490 121
490 141
490 143
490 146
490 191
490 201
490 271
490 276
490 190
491 159
491 209
491 191
492 85
492 91
492 139
492 159
492 241
492 259
492 296
492 192
493 7
493 131
493 143
493 204
493 223
493 295
493 193
494 6
494 13
494 20
494 21
494 41
494 135
494 140
494 167
494 253
494 194
495 55
495 65
495 89
495 111
495 195
495 260
496 38
496 44
496 138
496 235
496 278
496 196
497 5
497 27
497 121
497 268
497 197
498 23
498 75
498 188
498 279
498 198
499 40
499 111
499 167
499 188
499 282
499 286
499 199
500 17
500 73
500 158
500 179
500 214
500 246
500 271
500 290
500 200
501 13
501 59
501 62
501 65
501 77
501 103
501 115
501 232
501 201
502 24
502 28
502 142
502 202
503 27
503 143
503 144
503 146
503 190
503 224
503 233
503 273
503 281
503 203
504 82
504 165
504 279
504 204
505 1
505 66
505 71
505 97
505 119
505 139
505 140
505 248
505 255
505 274
505 205
506 90
506 174
506 206
507 33
507 85
507 125
507 285
507 207
508 14
508 84
508 168
508 198
508 221
508 295
508 208
509 69
509 164
509 193
509 263
509 285
509 209
510 17
510 148
510 219
510 268
510 274
510 290
510 210
511 7
511 33
511 102
511 115
511 241
511 256
511 211
512 17
512 37
512 174
512 289
512 298
512 212
513 13
513 57
513 236
513 296
513 213
514 6
514 37
514 75
514 78
514 82
514 106
514 115
514 201
514 207
514 267
514 280
514 214
515 35
515 45
515 123
515 143
515 203
515 251
515 277
515 296
515 215
516 18
516 21
516 92
516 141
516 231
516 216
517 59
517 107
517 136
517 233
517 217
518 39
518 80
518 141
518 169
518 268
518 218
519 119
519 137
519 139
519 256
519 274
519 219
520 55
520 70
520 111
520 209
520 285
520 297
520 220
521 109
521 112
521 163
521 249
521 277
521 279
521 287
521 221
522 124
522 222
523 4
523 20
523 25
523 71
523 112
523 128
523 155
523 192
523 223
524 24
524 104
524 114
524 172
524 179
524 196
524 205
524 255
524 224
525 35
525 189
525 236
525 225
526 5
526 21
526 60
526 122
526 212
526 265
526 226
527 50
527 55
527 74
527 79
527 108
527 180
527 248
527 289
527 227
528 58
528 129
528 177
528 228
529 79
529 88
529 126
529 195
529 204
529 211
529 229
530 27
530 98
530 146
530 160
530 164
530 167
530 176
530 186
530 190
530 211
530 251
530 230
531 3
531 14
531 78
531 82
531 256
531 269
531 295
531 231
532 25
532 26
532 52
532 78
532 215
532 232
533 0
533 105
533 120
533 132
533 187
533 194
533 227
533 229
533 233
534 42
534 85
534 184
534 232
534 239
534 257
534 265
534 267
534 234
535 9
535 35
535 72
535 131
535 149
535 235
536 20
536 122
536 201
536 236
537 10
537 24
537 136
537 193
537 195
537 237
538 77
538 87
538 278
538 238
539 4
539 7
539 34
539 76
539 118
539 157
539 198
539 217
539 239
540 41
540 89
540 240
541 16
541 38
541 50
541 74
541 94
541 96
541 155
541 189
541 268
541 287
541 241
542 7
542 35
542 85
542 134
542 139
542 146
542 181
542 268
542 242
543 38
543 51
543 53
543 88
543 158
543 163
543 200
543 207
543 210
543 217
543 225
543 227
543 254
543 264
543 243
544 2
544 5
544 20
544 33
544 55
544 147
544 293
544 244
545 60
545 109
545 148
545 229
545 248
545 267
545 275
545 276
545 280
545 245
546 90
546 162
546 204
546 269
546 246
547 28
547 33
547 49
547 54
547 116
547 121
547 166
547 179
547 193
547 210
547 234
547 247
548 18
548 55
548 66
548 79
548 168
548 201
548 231
548 273
548 248
549 44
549 68
549 73
549 89
549 96
549 113
549 117
549 174
549 249
550 21
550 65
550 113
550 202
550 244
550 263
550 266
550 250
551 37
551 51
551 99
551 148
551 252
551 271
551 275
551 251
552 9
552 20
552 56
552 115
552 183
552 206
552 244
552 252
553 95
553 117
553 127
553 131
553 240
553 257
553 287
553 292
553 253
554 116
554 161
554 173
554 213
554 219
554 254
555 22
555 29
555 78
555 104
555 127
555 148
555 161
555 255
556 43
556 55
556 192
556 256
557 102
557 164
557 229
557 260
557 257
558 32
558 50
558 71
558 111
558 210
558 231
558 268
558 292
558 297
558 258
559 37
559 66
559 71
559 98
559 105
559 129
559 233
559 234
559 259
560 34
560 54
560 56
560 145
560 235
560 246
560 247
560 260
561 120
561 156
561 161
561 208
561 229
561 270
561 294
561 261
562 39
562 44
562 128
562 138
562 193
562 208
562 215
562 262
563 10
563 64
563 116
563 267
563 263
564 124
564 146
564 158
564 159
564 194
564 199
564 229
564 233
564 256
564 264
565 56
565 78
565 265
566 35
566 287
566 266
567 12
567 267
568 29
568 53
568 127
568 136
568 171
568 172
568 197
568 232
568 271
568 289
568 268
569 10
569 53
569 67
569 70
569 150
569 180
569 260
569 298
569 269
570 15
570 26
570 31
570 243
570 288
570 289
570 292
570 270
571 86
571 121
571 131
571 205
571 215
571 216
571 271
572 33
572 61
572 82
572 90
572 112
572 269
572 272
573 12
573 139
573 159
573 170
573 272
573 273
574 28
574 109
574 113
574 177
574 223
574 244
574 257
574 274
575 43
575 74
575 125
575 207
575 233
575 294
575 275
576 1
576 16
576 102
576 123
576 203
576 209
576 214
576 276
577 53
577 152
577 182
577 239
577 290
577 277
578 47
578 76
578 82
578 101
578 161
578 207
578 227
578 276
578 278
579 40
579 111
579 158
579 188
579 200
579 208
579 222
579 257
579 259
579 283
579 279
580 23
580 143
580 145
580 153
580 160
580 165
580 214
580 276
580 281
580 280
581 0
581 40
581 47
581 88
581 198
581 199
581 266
581 281
582 68
582 124
582 191
582 250
582 298
582 282
583 45
583 49
583 84
583 175
583 189
583 226
583 265
583 271
583 278
583 283
584 161
584 173
584 179
584 206
584 221
584 281
584 284
585 1
585 107
585 114
585 121
585 162
585 285
586 200
586 286
587 130
587 287
588 70
588 115
588 239
588 280
588 286
588 288
589 35
589 37
589 107
589 212
589 215
589 221
589 279
589 289
590 50
590 94
590 142
590 145
590 164
590 199
590 202
590 249
590 290
591 52
591 123
591 157
591 299
591 291
592 259
592 285
592 292
593 7
593 19
593 21
593 22
593 40
593 88
593 190
593 270
593 293
594 27
594 159
594 174
594 182
594 233
594 263
594 267
594 294
595 112
595 132
595 143
595 162
595 295
596 44
596 57
596 114
596 245
596 262
596 277
596 296
597 2
597 54
597 95
597 201
597 264
597 294
597 297
598 189
598 204
598 284
598 298
599 0
599 16
599 73
599 86
599 132
599 196
599 209
599 299
