  300   1302
0 161
0 173
0 218
0 225
0 255
0 12
0 55
0 89
0 150
1 159
1 164
1 183
1 185
1 194
1 229
1 257
1 260
1 265
1 15
1 51
1 114
1 151
2 160
2 169
2 170
2 205
2 34
2 152
3 187
3 202
3 210
3 16
3 91
3 128
3 153
4 218
4 240
4 261
4 275
4 286
4 293
4 23
4 101
4 154
5 204
5 234
5 41
5 97
5 118
5 147
5 148
5 155
6 152
6 163
6 173
6 265
6 267
6 48
6 156
7 157
7 208
7 242
7 254
7 66
8 234
8 293
8 64
8 68
8 158
9 158
9 211
9 20
9 33
9 53
9 89
9 102
9 133
9 159
10 248
10 260
10 272
10 50
10 130
10 160
11 189
11 212
11 243
11 249
11 250
11 263
11 282
11 291
11 25
11 40
11 161
12 178
12 179
12 192
12 214
12 232
12 244
12 245
12 269
12 271
12 0
12 91
12 106
12 162
13 161
13 167
13 179
13 184
13 190
13 194
13 197
13 216
13 256
13 286
13 288
13 42
13 67
13 138
13 163
14 161
14 254
14 261
14 267
14 116
14 164
15 204
15 227
15 250
15 1
15 26
15 165
16 158
16 178
16 195
16 215
16 241
16 3
16 82
16 122
16 130
16 139
16 166
17 183
17 214
17 221
17 232
17 136
17 142
17 148
17 167
18 177
18 188
18 190
18 261
18 296
18 75
18 79
18 118
18 131
18 143
18 168
19 154
19 173
19 262
19 286
19 293
19 53
19 71
19 83
19 126
19 169
20 153
20 160
20 165
20 182
20 186
20 198
20 244
20 248
20 259
20 275
20 9
20 32
20 108
20 112
20 148
20 170
21 155
21 176
21 200
21 252
21 44
21 61
21 77
21 105
21 108
21 171
22 152
22 153
22 176
22 200
22 201
22 253
22 284
22 290
22 33
22 117
22 145
22 172
23 163
23 170
23 178
23 203
23 210
23 220
23 258
23 279
23 4
23 63
23 75
23 90
23 93
23 127
23 173
24 157
24 162
24 166
24 176
24 190
24 200
24 202
24 213
24 224
24 230
24 236
24 243
24 256
24 286
24 31
24 174
25 174
25 181
25 195
25 206
25 252
25 11
25 48
25 55
25 110
25 113
25 175
26 166
26 175
26 181
26 186
26 196
26 197
26 203
26 214
26 217
26 218
26 259
26 288
26 15
26 63
26 72
26 98
26 176
27 153
27 176
27 193
27 215
27 218
27 258
27 269
27 294
27 297
27 112
27 177
28 150
28 179
28 225
28 122
28 178
29 176
29 186
29 224
29 235
29 236
29 244
29 259
29 296
29 32
29 66
29 102
29 114
29 143
29 179
30 166
30 178
30 242
30 275
30 276
30 278
30 281
30 282
30 289
30 42
30 61
30 114
30 180
31 189
31 204
31 210
31 252
31 255
31 283
31 286
31 24
31 36
31 181
32 163
32 241
32 20
32 29
32 79
32 96
32 111
32 182
33 157
33 163
33 164
33 215
33 249
33 254
33 9
33 22
33 51
33 62
33 120
33 122
33 183
34 152
34 185
34 197
34 200
34 202
34 227
34 273
34 286
34 294
34 2
34 67
34 83
34 97
34 126
34 128
34 184
35 170
35 172
35 188
35 196
35 225
35 244
35 255
35 285
35 52
35 144
35 185
36 161
36 182
36 212
36 238
36 244
36 275
36 282
36 31
36 58
36 186
37 215
37 231
37 278
37 128
37 139
37 187
38 153
38 167
38 170
38 223
38 227
38 295
38 45
38 49
38 56
38 86
38 90
38 98
38 128
38 140
38 188
39 194
39 232
39 256
39 267
39 268
39 297
39 131
39 189
40 168
40 201
40 204
40 221
40 255
40 256
40 295
40 11
40 77
40 96
40 148
40 190
41 175
41 208
41 242
41 258
41 5
41 60
41 83
41 191
42 162
42 169
42 226
42 227
42 241
42 245
42 246
42 13
42 30
42 84
42 149
42 192
43 194
43 201
43 205
43 56
43 86
43 107
43 149
43 193
44 150
44 165
44 223
44 258
44 275
44 294
44 21
44 129
44 194
45 155
45 164
45 177
45 184
45 210
45 219
45 248
45 265
45 283
45 286
45 38
45 195
46 153
46 176
46 180
46 181
46 207
46 229
46 261
46 105
46 196
47 157
47 168
47 173
47 182
47 216
47 238
47 244
47 246
47 286
47 290
47 69
47 106
47 197
48 160
48 164
48 204
48 210
48 246
48 6
48 25
48 99
48 106
48 198
49 208
49 38
49 68
49 71
49 121
49 199
50 199
50 231
50 241
50 249
50 266
50 10
50 101
50 200
51 177
51 256
51 1
51 33
51 201
52 205
52 259
52 286
52 35
52 68
52 99
52 125
52 202
53 152
53 202
53 204
53 9
53 19
53 203
54 155
54 168
54 202
54 217
54 219
54 226
54 253
54 283
54 102
54 204
55 154
55 182
55 210
55 225
55 243
55 250
55 257
55 275
55 0
55 25
55 86
55 103
55 205
56 155
56 213
56 38
56 43
56 72
56 97
56 115
56 135
56 206
57 271
57 66
57 207
58 299
58 298
58 292
58 36
58 81
58 208
59 169
59 187
59 247
59 282
59 290
59 82
59 109
59 136
59 209
60 168
60 197
60 212
60 240
60 251
60 285
60 41
60 72
60 98
60 102
60 210
61 174
61 191
61 230
61 247
61 263
61 276
61 21
61 30
61 116
61 145
61 211
62 166
62 33
62 63
62 82
62 105
62 140
62 212
63 181
63 204
63 233
63 235
63 276
63 23
63 26
63 62
63 131
63 213
64 154
64 158
64 159
64 180
64 240
64 248
64 8
64 107
64 141
64 214
65 196
65 204
65 225
65 241
65 274
65 293
65 299
65 97
65 215
66 191
66 206
66 222
66 233
66 269
66 7
66 29
66 57
66 98
66 105
66 113
66 216
67 158
67 181
67 186
67 209
67 212
67 213
67 253
67 264
67 286
67 290
67 13
67 34
67 125
67 148
67 217
68 152
68 187
68 217
68 229
68 272
68 291
68 8
68 49
68 52
68 77
68 87
68 135
68 218
69 175
69 191
69 198
69 217
69 47
69 219
70 150
70 175
70 220
70 226
70 254
70 266
70 283
70 289
70 101
71 172
71 179
71 182
71 208
71 232
71 245
71 260
71 263
71 270
71 274
71 19
71 49
71 120
71 130
71 221
72 158
72 174
72 178
72 180
72 214
72 216
72 228
72 260
72 265
72 271
72 289
72 26
72 56
72 60
72 134
72 222
73 151
73 176
73 192
73 210
73 219
73 230
73 252
73 271
73 275
73 78
73 96
73 112
73 139
73 223
74 155
74 215
74 238
74 245
74 266
74 136
74 224
75 152
75 192
75 244
75 268
75 18
75 23
75 97
75 225
76 155
76 184
76 193
76 250
76 256
76 265
76 286
76 290
76 146
76 226
77 154
77 155
77 189
77 242
77 266
77 270
77 278
77 21
77 40
77 68
77 120
77 133
77 227
78 223
78 293
78 73
78 96
78 100
78 129
78 228
79 152
79 188
79 199
79 248
79 257
79 286
79 18
79 32
79 89
79 229
80 192
80 193
80 212
80 253
80 256
80 288
80 146
80 230
81 155
81 190
81 270
81 276
81 279
81 297
81 58
81 104
81 231
82 153
82 170
82 188
82 195
82 208
82 221
82 225
82 245
82 268
82 281
82 16
82 59
82 62
82 140
82 232
83 187
83 216
83 251
83 19
83 34
83 41
83 106
83 146
83 233
84 165
84 176
84 196
84 217
84 224
84 227
84 245
84 288
84 291
84 42
84 86
84 97
84 107
84 234
85 155
85 191
85 192
85 193
85 245
85 147
85 235
86 154
86 201
86 205
86 231
86 281
86 285
86 287
86 38
86 43
86 55
86 84
86 236
87 163
87 198
87 201
87 274
87 68
87 89
87 237
88 162
88 166
88 167
88 168
88 173
88 177
88 195
88 209
88 266
88 273
88 149
88 238
89 159
89 166
89 180
89 182
89 186
89 213
89 234
89 266
89 0
89 9
89 79
89 87
89 97
89 239
90 176
90 183
90 192
90 233
90 263
90 296
90 23
90 38
90 98
90 240
91 165
91 195
91 243
91 3
91 12
91 93
91 131
91 148
91 241
92 169
92 177
92 193
92 201
92 268
92 287
92 293
92 128
92 130
92 242
93 167
93 221
93 225
93 246
93 249
93 296
93 23
93 91
93 128
93 243
94 214
94 229
94 251
94 122
94 123
94 244
95 186
95 230
95 240
95 255
95 131
95 132
95 147
95 245
96 155
96 161
96 205
96 207
96 219
96 233
96 240
96 264
96 276
96 32
96 40
96 73
96 78
96 116
96 246
97 163
97 169
97 170
97 174
97 202
97 209
97 231
97 243
97 246
97 297
97 5
97 34
97 56
97 65
97 75
97 84
97 89
97 132
97 247
98 163
98 175
98 192
98 227
98 235
98 26
98 38
98 60
98 66
98 90
98 101
98 141
98 248
99 160
99 175
99 243
99 249
99 288
99 48
99 52
99 133
99 141
100 154
100 180
100 223
100 227
100 273
100 78
100 135
100 250
101 160
101 173
101 193
101 203
101 222
101 234
101 253
101 274
101 280
101 4
101 50
101 70
101 98
101 138
101 251
102 157
102 158
102 177
102 204
102 210
102 237
102 243
102 288
102 9
102 29
102 54
102 60
102 105
102 252
103 177
103 187
103 203
103 219
103 244
103 257
103 294
103 55
103 253
104 153
104 169
104 200
104 210
104 212
104 216
104 226
104 239
104 265
104 81
104 119
104 254
105 214
105 239
105 256
105 21
105 46
105 62
105 66
105 102
105 128
105 255
106 181
106 200
106 209
106 217
106 277
106 278
106 282
106 293
106 12
106 47
106 48
106 83
106 256
107 155
107 158
107 167
107 187
107 285
107 289
107 43
107 64
107 84
107 110
107 125
107 132
107 257
108 157
108 164
108 193
108 231
108 281
108 291
108 294
108 20
108 21
108 141
108 258
109 184
109 214
109 250
109 261
109 262
109 282
109 59
109 113
109 133
109 140
109 259
110 157
110 257
110 265
110 278
110 25
110 107
110 148
110 260
111 185
111 200
111 212
111 219
111 282
111 32
111 261
112 177
112 204
112 222
112 287
112 293
112 294
112 20
112 27
112 73
112 262
113 152
113 158
113 172
113 175
113 198
113 205
113 25
113 66
113 109
113 120
113 132
113 263
114 163
114 215
114 231
114 261
114 268
114 1
114 29
114 30
114 264
115 153
115 161
115 241
115 253
115 283
115 56
115 121
115 265
116 163
116 171
116 190
116 204
116 248
116 14
116 61
116 96
116 266
117 176
117 177
117 187
117 192
117 194
117 274
117 296
117 22
117 267
118 178
118 200
118 220
118 222
118 283
118 290
118 293
118 297
118 5
118 18
118 268
119 170
119 184
119 187
119 196
119 255
119 104
119 137
119 269
120 182
120 221
120 267
120 279
120 280
120 282
120 33
120 71
120 77
120 113
120 270
121 194
121 196
121 214
121 247
121 254
121 258
121 262
121 297
121 49
121 115
121 271
122 180
122 192
122 206
122 217
122 221
122 255
122 268
122 297
122 16
122 28
122 33
122 94
122 126
122 272
123 154
123 158
123 214
123 223
123 273
123 94
123 133
124 189
124 225
124 234
124 275
124 284
124 286
124 137
124 274
125 161
125 165
125 190
125 191
125 204
125 215
125 233
125 241
125 260
125 270
125 277
125 296
125 297
125 52
125 67
125 107
125 275
126 190
126 215
126 224
126 240
126 243
126 279
126 19
126 34
126 122
126 138
126 276
127 166
127 179
127 184
127 205
127 244
127 249
127 254
127 257
127 260
127 290
127 23
127 277
128 153
128 169
128 171
128 189
128 211
128 214
128 246
128 261
128 284
128 287
128 3
128 34
128 37
128 38
128 92
128 93
128 105
128 278
129 161
129 200
129 227
129 282
129 295
129 44
129 78
129 279
130 185
130 236
130 253
130 259
130 10
130 16
130 71
130 92
130 134
130 280
131 184
131 228
131 266
131 282
131 18
131 39
131 63
131 91
131 95
131 281
132 154
132 168
132 198
132 237
132 241
132 244
132 247
132 295
132 95
132 97
132 107
132 113
132 282
133 195
133 198
133 219
133 259
133 264
133 285
133 9
133 77
133 99
133 109
133 123
133 283
134 152
134 190
134 231
134 232
134 243
134 248
134 249
134 265
134 275
134 285
134 299
134 72
134 130
134 284
135 213
135 56
135 68
135 100
135 285
136 181
136 183
136 190
136 201
136 209
136 210
136 211
136 212
136 220
136 221
136 237
136 17
136 59
136 74
136 286
137 230
137 291
137 297
137 119
137 124
137 149
137 287
138 157
138 180
138 183
138 187
138 212
138 221
138 256
138 266
138 278
138 13
138 101
138 126
138 288
139 188
139 196
139 239
139 291
139 16
139 37
139 73
139 289
140 159
140 164
140 170
140 174
140 191
140 222
140 249
140 257
140 268
140 38
140 62
140 82
140 109
140 290
141 206
141 228
141 265
141 64
141 98
141 99
141 108
141 291
142 150
142 167
142 174
142 199
142 209
142 247
142 275
142 17
142 292
143 197
143 18
143 29
143 293
144 184
144 188
144 212
144 244
144 261
144 290
144 35
144 294
145 153
145 156
145 167
145 197
145 198
145 268
145 273
145 297
145 22
145 61
145 295
146 161
146 186
146 218
146 226
146 263
146 269
146 76
146 80
146 83
146 296
147 172
147 190
147 259
147 274
147 288
147 5
147 85
147 95
147 297
148 155
148 163
148 173
148 180
148 182
148 183
148 229
148 288
148 5
148 17
148 20
148 40
148 67
148 91
148 110
148 298
149 168
149 220
149 245
149 42
149 43
149 88
149 137
149 299
150 28
150 44
150 70
150 142
150 0
151 73
151 1
152 6
152 22
152 34
152 53
152 68
152 75
152 79
152 113
152 134
152 2
153 20
153 22
153 27
153 38
153 46
153 82
153 104
153 115
153 128
153 145
153 3
154 19
154 55
154 64
154 77
154 86
154 100
154 123
154 132
154 4
155 21
155 45
155 54
155 56
155 74
155 76
155 77
155 81
155 85
155 96
155 107
155 148
155 5
156 145
156 6
157 7
157 24
157 33
157 47
157 102
157 108
157 110
157 138
158 9
158 16
158 64
158 67
158 72
158 102
158 107
158 113
158 123
158 8
159 1
159 64
159 89
159 140
159 9
160 2
160 20
160 48
160 99
160 101
160 10
161 0
161 13
161 14
161 36
161 96
161 115
161 125
161 129
161 146
161 11
162 24
162 42
162 88
162 12
163 6
163 23
163 32
163 33
163 87
163 97
163 98
163 114
163 116
163 148
163 13
164 1
164 33
164 45
164 48
164 108
164 140
164 14
165 20
165 44
165 84
165 91
165 125
165 15
166 24
166 26
166 30
166 62
166 88
166 89
166 127
166 16
167 13
167 38
167 88
167 93
167 107
167 142
167 145
167 17
168 40
168 47
168 54
168 60
168 88
168 132
168 149
168 18
169 2
169 42
169 59
169 92
169 97
169 104
169 128
169 19
170 2
170 23
170 35
170 38
170 82
170 97
170 119
170 140
170 20
171 116
171 128
171 21
172 35
172 71
172 113
172 147
172 22
173 0
173 6
173 19
173 47
173 88
173 101
173 148
173 23
174 25
174 61
174 72
174 97
174 140
174 142
174 24
175 26
175 41
175 69
175 70
175 98
175 99
175 113
175 25
176 21
176 22
176 24
176 27
176 29
176 46
176 73
176 84
176 90
176 117
176 26
177 18
177 45
177 51
177 88
177 92
177 102
177 103
177 112
177 117
177 27
178 12
178 16
178 23
178 30
178 72
178 118
178 28
179 12
179 13
179 28
179 71
179 127
179 29
180 46
180 64
180 72
180 89
180 100
180 122
180 138
180 148
180 30
181 25
181 26
181 46
181 63
181 67
181 106
181 136
181 31
182 20
182 36
182 47
182 55
182 71
182 89
182 120
182 148
182 32
183 1
183 17
183 90
183 136
183 138
183 148
183 33
184 13
184 45
184 76
184 109
184 119
184 127
184 131
184 144
184 34
185 1
185 34
185 111
185 130
185 35
186 20
186 26
186 29
186 67
186 89
186 95
186 146
186 36
187 3
187 59
187 68
187 83
187 103
187 107
187 117
187 119
187 138
187 37
188 18
188 35
188 79
188 82
188 139
188 144
188 38
189 11
189 31
189 77
189 124
189 128
189 39
190 13
190 18
190 24
190 81
190 116
190 125
190 126
190 134
190 136
190 147
190 40
191 61
191 66
191 69
191 85
191 125
191 140
191 41
192 12
192 73
192 75
192 80
192 85
192 90
192 98
192 117
192 122
192 42
193 27
193 76
193 80
193 85
193 92
193 101
193 108
193 43
194 1
194 13
194 39
194 43
194 117
194 121
194 44
195 16
195 25
195 82
195 88
195 91
195 133
195 45
196 26
196 35
196 65
196 84
196 119
196 121
196 139
196 46
197 13
197 26
197 34
197 60
197 143
197 145
197 47
198 20
198 69
198 87
198 113
198 132
198 133
198 145
198 48
199 50
199 79
199 142
199 49
200 21
200 22
200 24
200 34
200 104
200 106
200 111
200 118
200 129
200 50
201 22
201 40
201 43
201 86
201 87
201 92
201 136
201 51
202 3
202 24
202 34
202 53
202 54
202 97
202 52
203 23
203 26
203 101
203 103
203 53
204 5
204 15
204 31
204 40
204 48
204 53
204 63
204 65
204 102
204 112
204 116
204 125
204 54
205 2
205 43
205 52
205 86
205 96
205 113
205 127
205 55
206 25
206 66
206 122
206 141
206 56
207 46
207 96
207 57
208 7
208 41
208 49
208 71
208 82
208 58
209 67
209 88
209 97
209 106
209 136
209 142
209 59
210 3
210 23
210 31
210 45
210 48
210 55
210 73
210 102
210 104
210 136
210 60
211 9
211 128
211 136
211 61
212 11
212 36
212 60
212 67
212 80
212 104
212 111
212 136
212 138
212 144
212 62
213 24
213 56
213 67
213 89
213 135
213 63
214 12
214 17
214 26
214 72
214 94
214 105
214 109
214 121
214 123
214 128
214 64
215 16
215 27
215 33
215 37
215 74
215 114
215 125
215 126
215 65
216 13
216 47
216 72
216 83
216 104
216 66
217 26
217 54
217 68
217 69
217 84
217 106
217 122
217 67
218 0
218 4
218 26
218 27
218 146
218 68
219 45
219 54
219 73
219 96
219 103
219 111
219 133
219 69
220 23
220 70
220 118
220 136
220 149
221 17
221 40
221 82
221 93
221 120
221 122
221 136
221 138
221 71
222 66
222 101
222 112
222 118
222 140
222 72
223 38
223 44
223 78
223 100
223 123
223 73
224 24
224 29
224 84
224 126
224 74
225 0
225 28
225 35
225 55
225 65
225 82
225 93
225 124
225 75
226 42
226 54
226 70
226 104
226 146
226 76
227 15
227 34
227 38
227 42
227 84
227 98
227 100
227 129
227 77
228 72
228 131
228 141
228 78
229 1
229 46
229 68
229 94
229 148
229 79
230 24
230 61
230 73
230 95
230 137
230 80
231 37
231 50
231 86
231 97
231 108
231 114
231 134
231 81
232 12
232 17
232 39
232 71
232 134
232 82
233 63
233 66
233 90
233 96
233 125
233 83
234 5
234 8
234 89
234 101
234 124
234 84
235 29
235 63
235 98
235 85
236 24
236 29
236 130
236 86
237 102
237 132
237 136
237 87
238 36
238 47
238 74
238 88
239 104
239 105
239 139
239 89
240 4
240 60
240 64
240 95
240 96
240 126
240 90
241 16
241 32
241 42
241 50
241 65
241 115
241 125
241 132
241 91
242 7
242 30
242 41
242 77
242 92
243 11
243 24
243 55
243 91
243 97
243 99
243 102
243 126
243 134
243 93
244 12
244 20
244 29
244 35
244 36
244 47
244 75
244 103
244 127
244 132
244 144
244 94
245 12
245 42
245 71
245 74
245 82
245 84
245 85
245 149
245 95
246 42
246 47
246 48
246 93
246 97
246 128
246 96
247 59
247 61
247 121
247 132
247 142
247 97
248 10
248 20
248 45
248 64
248 79
248 116
248 134
248 98
249 11
249 33
249 50
249 93
249 99
249 127
249 134
249 140
250 11
250 15
250 55
250 76
250 109
250 100
251 60
251 83
251 94
251 101
252 21
252 25
252 31
252 73
252 102
253 22
253 54
253 67
253 80
253 101
253 115
253 130
253 103
254 7
254 14
254 33
254 70
254 121
254 127
254 104
255 0
255 31
255 35
255 40
255 95
255 119
255 122
255 105
256 13
256 24
256 39
256 40
256 51
256 76
256 80
256 105
256 138
256 106
257 1
257 55
257 79
257 103
257 110
257 127
257 140
257 107
258 23
258 27
258 41
258 44
258 121
258 108
259 20
259 26
259 29
259 52
259 130
259 133
259 147
259 109
260 1
260 10
260 71
260 72
260 125
260 127
260 110
261 4
261 14
261 18
261 46
261 109
261 114
261 128
261 144
261 111
262 19
262 109
262 121
262 112
263 11
263 61
263 71
263 90
263 146
263 113
264 67
264 96
264 133
264 114
265 1
265 6
265 45
265 72
265 76
265 104
265 110
265 134
265 141
265 115
266 50
266 70
266 74
266 77
266 88
266 89
266 131
266 138
266 116
267 6
267 14
267 39
267 120
267 117
268 39
268 75
268 82
268 92
268 114
268 122
268 140
268 145
268 118
269 12
269 27
269 66
269 146
269 119
270 71
270 77
270 81
270 125
270 120
271 12
271 57
271 72
271 73
271 121
272 10
272 68
272 122
273 34
273 88
273 100
273 123
273 145
274 65
274 71
274 87
274 101
274 117
274 147
274 124
275 4
275 20
275 30
275 36
275 44
275 55
275 73
275 124
275 134
275 142
275 125
276 30
276 61
276 63
276 81
276 96
276 126
277 106
277 125
277 127
278 30
278 37
278 77
278 106
278 110
278 138
278 128
279 23
279 81
279 120
279 126
279 129
280 101
280 120
280 130
281 30
281 82
281 86
281 108
281 131
282 11
282 30
282 36
282 59
282 106
282 109
282 111
282 120
282 129
282 131
282 132
283 31
283 45
283 54
283 70
283 115
283 118
283 133
284 22
284 124
284 128
284 134
285 35
285 60
285 86
285 107
285 133
285 134
285 135
286 4
286 13
286 19
286 24
286 31
286 34
286 45
286 47
286 52
286 67
286 76
286 79
286 124
286 136
287 86
287 92
287 112
287 128
287 137
288 13
288 26
288 80
288 84
288 99
288 102
288 147
288 148
288 138
289 30
289 70
289 72
289 107
289 139
290 22
290 47
290 59
290 67
290 76
290 118
290 127
290 144
290 140
291 11
291 68
291 84
291 108
291 137
291 139
291 141
292 58
292 142
293 4
293 8
293 19
293 65
293 78
293 92
293 106
293 112
293 118
293 143
294 27
294 34
294 44
294 103
294 108
294 112
294 144
295 38
295 40
295 129
295 132
295 145
296 18
296 29
296 90
296 93
296 117
296 125
296 146
297 27
297 39
297 81
297 97
297 118
297 121
297 122
297 125
297 137
297 145
297 147
298 58
298 148
299 58
299 65
299 134
299 149
