  100   247
0 84
0 1
0 4
0 7
0 19
0 29
0 50
1 81
1 85
1 89
1 0
1 23
1 34
1 46
1 51
2 69
2 73
2 78
2 97
2 26
2 32
2 52
3 65
3 6
3 13
3 22
3 23
3 24
3 39
3 40
3 53
4 50
4 65
4 70
4 83
4 0
4 27
4 34
4 41
4 54
5 61
5 60
5 12
5 17
5 55
6 56
6 67
6 89
6 3
6 11
6 27
7 52
7 65
7 99
7 0
7 18
7 22
7 57
8 63
8 61
8 16
8 17
8 32
8 43
8 58
9 71
9 63
9 18
9 29
9 43
9 45
9 59
10 92
10 94
10 44
10 60
11 81
11 86
11 98
11 6
11 61
12 75
12 98
12 5
12 13
12 33
12 42
12 62
13 77
13 71
13 3
13 12
13 20
13 27
13 42
13 47
13 63
14 58
14 68
14 48
14 64
15 59
15 93
15 24
15 43
15 65
16 50
16 86
16 90
16 8
16 49
16 66
17 76
17 81
17 84
17 93
17 5
17 8
17 28
17 29
17 42
17 67
18 65
18 66
18 7
18 9
18 38
18 68
19 73
19 83
19 91
19 0
19 26
19 40
19 43
19 69
20 62
20 64
20 74
20 98
20 13
20 28
20 70
21 53
21 34
21 35
21 42
21 71
22 89
22 3
22 7
22 72
23 82
23 77
23 1
23 3
23 28
23 33
23 38
23 73
24 79
24 95
24 3
24 15
24 27
24 41
24 44
24 74
25 74
25 95
25 26
25 75
26 72
26 86
26 2
26 19
26 25
26 76
27 68
27 4
27 6
27 13
27 24
27 34
27 36
27 77
28 81
28 89
28 17
28 20
28 23
28 32
28 78
29 69
29 0
29 9
29 17
29 49
29 79
30 87
30 82
30 55
30 53
30 36
30 40
30 48
30 49
30 80
31 64
31 97
31 49
31 81
32 62
32 69
32 86
32 2
32 8
32 28
32 46
32 82
33 75
33 12
33 23
33 36
33 83
34 90
34 99
34 1
34 4
34 21
34 27
34 84
35 97
35 21
35 44
35 49
35 85
36 57
36 99
36 27
36 30
36 33
36 47
36 86
37 62
37 75
37 91
37 39
37 43
37 87
38 59
38 18
38 23
38 41
38 42
38 88
39 51
39 74
39 3
39 37
39 89
40 76
40 85
40 3
40 19
40 30
40 45
40 90
41 83
41 4
41 24
41 38
41 91
42 62
42 74
42 80
42 92
42 95
42 12
42 13
42 17
42 21
42 38
43 50
43 88
43 8
43 9
43 15
43 19
43 37
43 93
44 54
44 70
44 96
44 10
44 24
44 35
44 45
44 94
45 68
45 86
45 93
45 97
45 99
45 9
45 40
45 44
45 95
46 99
46 87
46 60
46 55
46 1
46 32
46 96
47 59
47 74
47 13
47 36
47 97
48 51
48 14
48 30
48 98
49 83
49 16
49 29
49 30
49 31
49 35
49 99
50 4
50 16
50 43
50 0
51 39
51 48
51 1
52 7
52 2
53 21
53 30
53 3
54 44
54 4
55 30
55 46
55 5
56 6
57 36
57 7
58 14
58 8
59 15
59 38
59 47
59 9
60 5
60 46
60 10
61 5
61 8
61 11
62 20
62 32
62 37
62 42
62 12
63 8
63 9
63 13
64 20
64 31
64 14
65 3
65 4
65 7
65 18
65 15
66 18
66 16
67 6
67 17
68 14
68 27
68 45
68 18
69 2
69 29
69 32
69 19
70 4
70 44
70 20
71 9
71 13
71 21
72 26
72 22
73 2
73 19
73 23
74 20
74 25
74 39
74 42
74 47
74 24
75 12
75 33
75 37
75 25
76 17
76 40
76 26
77 13
77 23
77 27
78 2
78 28
79 24
79 29
80 42
80 30
81 1
81 11
81 17
81 28
81 31
82 23
82 30
82 32
83 4
83 19
83 41
83 49
83 33
84 0
84 17
84 34
85 1
85 40
85 35
86 11
86 16
86 26
86 32
86 45
86 36
87 30
87 46
87 37
88 43
88 38
89 1
89 6
89 22
89 28
89 39
90 16
90 34
90 40
91 19
91 37
91 41
92 10
92 42
93 15
93 17
93 45
93 43
94 10
94 44
95 24
95 25
95 42
95 45
96 44
96 46
97 2
97 31
97 35
97 45
97 47
98 11
98 12
98 20
98 48
99 7
99 34
99 36
99 45
99 46
99 49
