  100   275
0 73
0 1
0 12
0 16
0 20
0 29
0 40
0 47
0 50
1 91
1 0
1 5
1 23
1 51
2 69
2 68
2 14
2 15
2 26
2 31
2 52
3 70
3 69
3 9
3 16
3 30
3 53
4 71
4 70
4 12
4 25
4 30
4 31
4 54
5 98
5 1
5 10
5 14
5 22
5 28
5 33
5 42
5 55
6 78
6 36
6 42
6 43
6 45
6 56
7 72
7 71
7 12
7 17
7 19
7 26
7 34
7 36
7 57
8 73
8 72
8 11
8 12
8 16
8 58
9 74
9 73
9 3
9 12
9 22
9 31
9 32
9 33
9 34
9 59
10 91
10 5
10 20
10 24
10 31
10 60
11 67
11 8
11 27
11 61
12 76
12 74
12 0
12 4
12 7
12 8
12 9
12 17
12 22
12 41
12 45
12 46
12 62
13 91
13 32
13 36
13 38
13 39
13 45
13 49
13 63
14 77
14 76
14 2
14 5
14 23
14 39
14 64
15 78
15 77
15 2
15 34
15 44
15 47
15 65
16 79
16 78
16 0
16 3
16 8
16 25
16 66
17 63
17 82
17 84
17 7
17 12
17 25
17 32
17 49
17 67
18 80
18 79
18 45
18 68
19 75
19 88
19 7
19 33
19 69
20 99
20 0
20 10
20 24
20 32
20 37
20 39
20 70
21 81
21 80
21 24
21 43
21 71
22 83
22 81
22 5
22 9
22 12
22 37
22 42
22 72
23 84
23 83
23 1
23 14
23 30
23 42
23 46
23 73
24 85
24 84
24 51
24 50
24 10
24 20
24 21
24 31
24 74
25 54
25 73
25 4
25 16
25 17
25 26
25 38
25 40
25 75
26 86
26 85
26 52
26 51
26 2
26 7
26 25
26 32
26 35
26 39
26 76
27 87
27 86
27 53
27 52
27 11
27 31
27 38
27 45
27 47
27 77
28 88
28 87
28 55
28 53
28 5
28 41
28 42
28 43
28 48
28 78
29 89
29 88
29 56
29 55
29 0
29 39
29 44
29 79
30 83
30 3
30 4
30 23
30 80
31 90
31 89
31 57
31 56
31 2
31 4
31 9
31 10
31 24
31 27
31 37
31 46
31 81
32 91
32 90
32 58
32 57
32 9
32 13
32 17
32 20
32 26
32 49
32 82
33 92
33 91
33 59
33 58
33 5
33 9
33 19
33 46
33 83
34 51
34 7
34 9
34 15
34 41
34 84
35 94
35 92
35 60
35 59
35 26
35 48
35 85
36 95
36 94
36 62
36 60
36 6
36 7
36 13
36 86
37 61
37 63
37 20
37 22
37 31
37 44
37 45
37 46
37 87
38 96
38 95
38 64
38 62
38 13
38 25
38 27
38 88
39 55
39 13
39 14
39 20
39 26
39 29
39 42
39 89
40 85
40 0
40 25
40 90
41 97
41 96
41 65
41 64
41 12
41 28
41 34
41 91
42 67
42 93
42 5
42 6
42 22
42 23
42 28
42 39
42 92
43 98
43 97
43 66
43 65
43 6
43 21
43 28
43 93
44 89
44 15
44 29
44 37
44 94
45 99
45 6
45 12
45 13
45 18
45 27
45 37
45 47
45 95
46 51
46 12
46 23
46 31
46 33
46 37
46 48
46 96
47 99
47 98
47 68
47 66
47 0
47 15
47 27
47 45
47 48
47 97
48 93
48 97
48 28
48 35
48 46
48 47
48 98
49 85
49 13
49 17
49 32
49 99
50 24
50 0
51 24
51 26
51 34
51 46
51 1
52 26
52 27
52 2
53 27
53 28
53 3
54 25
54 4
55 28
55 29
55 39
55 5
56 29
56 31
56 6
57 31
57 32
57 7
58 32
58 33
58 8
59 33
59 35
59 9
60 35
60 36
60 10
61 37
61 11
62 36
62 38
62 12
63 17
63 37
63 13
64 38
64 41
64 14
65 41
65 43
65 15
66 43
66 47
66 16
67 11
67 42
67 17
68 2
68 47
68 18
69 2
69 3
69 19
70 3
70 4
70 20
71 4
71 7
71 21
72 7
72 8
72 22
73 0
73 8
73 9
73 25
73 23
74 9
74 12
74 24
75 19
75 25
76 12
76 14
76 26
77 14
77 15
77 27
78 6
78 15
78 16
78 28
79 16
79 18
79 29
80 18
80 21
80 30
81 21
81 22
81 31
82 17
82 32
83 22
83 23
83 30
83 33
84 17
84 23
84 24
84 34
85 24
85 26
85 40
85 49
85 35
86 26
86 27
86 36
87 27
87 28
87 37
88 19
88 28
88 29
88 38
89 29
89 31
89 44
89 39
90 31
90 32
90 40
91 1
91 10
91 13
91 32
91 33
91 41
92 33
92 35
92 42
93 42
93 48
93 43
94 35
94 36
94 44
95 36
95 38
95 45
96 38
96 41
96 46
97 41
97 43
97 48
97 47
98 5
98 43
98 47
98 48
99 20
99 45
99 47
99 49
