  200   742
0 104
0 130
0 134
0 148
0 152
0 181
0 198
0 5
0 19
0 22
0 41
0 44
0 53
0 54
0 55
0 82
0 89
0 100
1 131
1 139
1 163
1 173
1 184
1 8
1 47
1 57
1 66
1 77
1 101
2 117
2 148
2 154
2 3
2 5
2 9
2 10
2 27
2 34
2 45
2 66
2 75
2 87
2 93
2 102
3 145
3 166
3 195
3 2
3 9
3 55
3 60
3 72
3 77
3 80
3 103
4 101
4 150
4 22
4 24
4 30
4 36
4 62
4 68
4 76
4 83
4 98
4 104
5 103
5 138
5 153
5 184
5 0
5 2
5 13
5 24
5 25
5 51
5 64
5 72
5 76
5 105
6 167
6 186
6 32
6 37
6 45
6 73
6 74
6 80
6 89
6 106
7 109
7 118
7 125
7 19
7 27
7 30
7 64
7 65
7 70
7 74
7 90
7 107
8 125
8 165
8 166
8 190
8 1
8 43
8 60
8 95
8 98
8 108
9 126
9 157
9 175
9 2
9 3
9 10
9 14
9 18
9 37
9 49
9 53
9 74
9 77
9 87
9 91
9 109
10 159
10 2
10 9
10 30
10 33
10 43
10 44
10 57
10 58
10 61
10 72
10 77
10 89
10 110
11 121
11 146
11 150
11 169
11 187
11 25
11 35
11 55
11 63
11 71
11 82
11 84
11 111
12 110
12 125
12 141
12 161
12 170
12 37
12 50
12 80
12 91
12 112
13 104
13 129
13 160
13 162
13 5
13 27
13 49
13 58
13 88
13 99
13 113
14 143
14 9
14 21
14 55
14 88
14 114
15 103
15 122
15 138
15 144
15 156
15 26
15 69
15 75
15 89
15 115
16 154
16 157
16 164
16 195
16 74
16 87
16 116
17 112
17 148
17 155
17 182
17 192
17 51
17 84
17 87
17 117
18 105
18 111
18 169
18 9
18 19
18 45
18 62
18 118
19 104
19 0
19 7
19 18
19 24
19 30
19 42
19 51
19 55
19 68
19 81
19 95
19 97
19 119
20 161
20 37
20 62
20 83
20 120
21 103
21 149
21 155
21 162
21 14
21 25
21 55
21 91
21 93
21 95
21 121
22 126
22 143
22 159
22 170
22 196
22 0
22 4
22 37
22 57
22 66
22 73
22 83
22 122
23 197
23 147
23 30
23 38
23 78
23 97
23 123
24 120
24 125
24 145
24 188
24 4
24 5
24 19
24 124
25 110
25 150
25 5
25 11
25 21
25 35
25 43
25 56
25 69
25 86
25 125
26 115
26 129
26 15
26 79
26 81
26 86
26 89
26 91
26 97
26 126
27 176
27 184
27 186
27 195
27 2
27 7
27 13
27 34
27 48
27 81
27 96
27 97
27 127
28 128
28 175
28 37
28 39
28 47
29 123
29 130
29 162
29 186
29 194
29 39
29 46
29 52
29 57
29 87
29 129
30 137
30 138
30 139
30 4
30 7
30 10
30 19
30 23
30 130
31 122
31 34
31 42
31 70
31 90
31 131
32 106
32 6
32 39
32 60
32 84
32 89
32 132
33 112
33 122
33 158
33 179
33 10
33 40
33 86
33 133
34 132
34 149
34 168
34 2
34 27
34 31
34 60
34 89
34 95
34 96
34 134
35 120
35 154
35 161
35 11
35 25
35 40
35 85
35 88
35 135
36 116
36 120
36 169
36 4
36 71
36 89
36 92
36 136
37 170
37 6
37 9
37 12
37 20
37 22
37 28
37 55
37 80
37 137
38 148
38 156
38 181
38 23
38 57
38 86
38 93
38 97
38 138
39 186
39 28
39 29
39 32
39 52
39 53
39 60
39 96
39 139
40 117
40 118
40 126
40 150
40 164
40 186
40 33
40 35
40 46
40 66
40 93
40 97
40 140
41 122
41 125
41 166
41 193
41 0
41 49
41 51
41 55
41 75
41 82
41 85
41 87
41 91
41 95
41 96
41 141
42 172
42 199
42 19
42 31
42 48
42 62
42 65
42 77
42 98
42 142
43 175
43 195
43 8
43 10
43 25
43 51
43 61
43 65
43 67
43 97
43 143
44 107
44 149
44 167
44 187
44 0
44 10
44 62
44 77
44 144
45 113
45 125
45 186
45 190
45 2
45 6
45 18
45 57
45 78
45 81
45 145
46 139
46 156
46 166
46 183
46 29
46 40
46 79
46 91
46 146
47 112
47 146
47 182
47 192
47 1
47 28
47 53
47 54
47 61
47 96
47 147
48 107
48 110
48 113
48 156
48 173
48 179
48 185
48 27
48 42
48 67
48 78
48 148
49 123
49 160
49 196
49 9
49 13
49 41
49 51
49 72
49 86
49 149
50 114
50 115
50 131
50 138
50 166
50 12
50 58
50 60
50 66
50 78
50 150
51 104
51 108
51 123
51 125
51 130
51 152
51 166
51 168
51 192
51 5
51 17
51 19
51 41
51 43
51 49
51 64
51 84
51 151
52 129
52 168
52 29
52 39
52 63
52 68
52 76
52 81
52 152
53 122
53 155
53 165
53 0
53 9
53 39
53 47
53 98
53 153
54 164
54 0
54 47
54 58
54 63
54 69
54 83
54 85
54 154
55 100
55 116
55 167
55 0
55 3
55 11
55 14
55 19
55 21
55 37
55 41
55 67
55 74
55 79
55 155
56 120
56 139
56 146
56 153
56 198
56 25
56 95
56 98
56 156
57 133
57 1
57 10
57 22
57 29
57 38
57 45
57 74
57 89
57 157
58 122
58 151
58 170
58 195
58 10
58 13
58 50
58 54
58 60
58 158
59 106
59 116
59 125
59 144
59 159
59 180
59 198
59 99
60 121
60 189
60 3
60 8
60 32
60 34
60 39
60 50
60 58
60 160
61 113
61 127
61 142
61 155
61 171
61 174
61 194
61 10
61 43
61 47
61 81
61 83
61 86
61 161
62 156
62 4
62 18
62 20
62 42
62 44
62 71
62 99
62 162
63 130
63 186
63 11
63 52
63 54
63 163
64 166
64 5
64 7
64 51
64 65
64 69
64 71
64 83
64 98
64 164
65 119
65 182
65 189
65 7
65 42
65 43
65 64
65 68
65 78
65 79
65 92
65 95
65 165
66 133
66 155
66 1
66 2
66 22
66 40
66 50
66 73
66 76
66 79
66 84
66 96
66 97
66 166
67 100
67 107
67 114
67 148
67 184
67 199
67 43
67 48
67 55
67 81
67 83
67 167
68 122
68 123
68 4
68 19
68 52
68 65
68 72
68 168
69 133
69 15
69 25
69 54
69 64
69 85
69 99
69 169
70 104
70 122
70 151
70 7
70 31
70 170
71 153
71 11
71 36
71 62
71 64
71 76
71 78
71 98
71 171
72 100
72 108
72 120
72 140
72 150
72 179
72 3
72 5
72 10
72 49
72 68
72 172
73 117
73 6
73 22
73 66
73 76
73 77
73 173
74 110
74 121
74 153
74 174
74 181
74 184
74 6
74 7
74 9
74 16
74 55
74 57
74 80
74 83
74 84
75 100
75 2
75 15
75 41
75 90
75 96
75 98
75 175
76 124
76 149
76 157
76 174
76 192
76 4
76 5
76 52
76 66
76 71
76 73
76 80
76 81
76 176
77 121
77 141
77 180
77 1
77 3
77 9
77 10
77 42
77 44
77 73
77 87
77 90
77 177
78 124
78 128
78 139
78 162
78 187
78 23
78 45
78 48
78 50
78 65
78 71
78 178
79 177
79 182
79 26
79 46
79 55
79 65
79 66
79 85
79 179
80 103
80 178
80 191
80 3
80 6
80 12
80 37
80 74
80 76
80 85
80 98
80 180
81 102
81 149
81 170
81 19
81 26
81 27
81 45
81 52
81 61
81 67
81 76
81 85
81 99
81 181
82 130
82 168
82 0
82 11
82 41
82 84
82 96
82 182
83 160
83 166
83 172
83 181
83 4
83 20
83 22
83 54
83 61
83 64
83 67
83 74
83 96
83 97
83 183
84 150
84 173
84 187
84 11
84 17
84 32
84 51
84 66
84 74
84 82
84 85
84 91
84 184
85 116
85 122
85 149
85 192
85 35
85 41
85 54
85 69
85 79
85 80
85 81
85 84
85 95
85 185
86 111
86 171
86 196
86 199
86 25
86 26
86 33
86 38
86 49
86 61
86 186
87 161
87 184
87 2
87 9
87 16
87 17
87 29
87 41
87 77
87 187
88 110
88 183
88 192
88 13
88 14
88 35
88 89
88 188
89 175
89 0
89 6
89 10
89 15
89 26
89 32
89 34
89 36
89 57
89 88
89 189
90 199
90 197
90 147
90 136
90 7
90 31
90 75
90 77
90 96
90 190
91 140
91 195
91 9
91 12
91 21
91 26
91 41
91 46
91 84
91 95
91 191
92 121
92 133
92 158
92 162
92 169
92 36
92 65
92 192
93 109
93 142
93 143
93 167
93 2
93 21
93 38
93 40
93 193
94 113
94 127
94 174
94 190
94 97
94 194
95 152
95 183
95 8
95 19
95 21
95 34
95 41
95 56
95 65
95 85
95 91
95 195
96 101
96 135
96 27
96 34
96 39
96 41
96 47
96 66
96 75
96 82
96 83
96 90
96 196
97 191
97 198
97 19
97 23
97 26
97 27
97 38
97 40
97 43
97 66
97 83
97 94
97 197
98 107
98 182
98 184
98 4
98 8
98 42
98 53
98 56
98 64
98 71
98 75
98 80
98 99
98 198
99 104
99 179
99 191
99 13
99 59
99 62
99 69
99 81
99 98
99 199
100 55
100 67
100 72
100 75
100 0
101 4
101 96
101 1
102 81
102 2
103 5
103 15
103 21
103 80
103 3
104 0
104 13
104 19
104 51
104 70
104 99
104 4
105 18
105 5
106 32
106 59
106 6
107 44
107 48
107 67
107 98
107 7
108 51
108 72
108 8
109 7
109 93
109 9
110 12
110 25
110 48
110 74
110 88
110 10
111 18
111 86
111 11
112 17
112 33
112 47
112 12
113 45
113 48
113 61
113 94
113 13
114 50
114 67
114 14
115 26
115 50
115 15
116 36
116 55
116 59
116 85
116 16
117 2
117 40
117 73
117 17
118 7
118 40
118 18
119 65
119 19
120 24
120 35
120 36
120 56
120 72
120 20
121 11
121 60
121 74
121 77
121 92
121 21
122 15
122 31
122 33
122 41
122 53
122 58
122 68
122 70
122 85
122 22
123 29
123 49
123 51
123 68
123 23
124 76
124 78
124 24
125 7
125 8
125 12
125 24
125 41
125 45
125 51
125 59
125 25
126 9
126 22
126 40
126 26
127 61
127 94
127 27
128 28
128 78
129 13
129 26
129 52
129 29
130 0
130 29
130 51
130 63
130 82
130 30
131 1
131 50
131 31
132 34
132 32
133 57
133 66
133 69
133 92
133 33
134 0
134 34
135 96
135 35
136 90
136 36
137 30
137 37
138 5
138 15
138 30
138 50
138 38
139 1
139 30
139 46
139 56
139 78
139 39
140 72
140 91
140 40
141 12
141 77
141 41
142 61
142 93
142 42
143 14
143 22
143 93
143 43
144 15
144 59
144 44
145 3
145 24
145 45
146 11
146 47
146 56
146 46
147 23
147 90
147 47
148 0
148 2
148 17
148 38
148 67
148 48
149 21
149 34
149 44
149 76
149 81
149 85
149 49
150 4
150 11
150 25
150 40
150 72
150 84
150 50
151 58
151 70
151 51
152 0
152 51
152 95
152 52
153 5
153 56
153 71
153 74
153 53
154 2
154 16
154 35
154 54
155 17
155 21
155 53
155 61
155 66
155 55
156 15
156 38
156 46
156 48
156 62
156 56
157 9
157 16
157 76
157 57
158 33
158 92
158 58
159 10
159 22
159 59
160 13
160 49
160 83
160 60
161 12
161 20
161 35
161 87
161 61
162 13
162 21
162 29
162 78
162 92
162 62
163 1
163 63
164 16
164 40
164 54
164 64
165 8
165 53
165 65
166 3
166 8
166 41
166 46
166 50
166 51
166 64
166 83
166 66
167 6
167 44
167 55
167 93
167 67
168 34
168 51
168 52
168 82
168 68
169 11
169 18
169 36
169 92
169 69
170 12
170 22
170 37
170 58
170 81
170 70
171 61
171 86
171 71
172 42
172 83
172 72
173 1
173 48
173 84
173 73
174 61
174 74
174 76
174 94
175 9
175 28
175 43
175 89
175 75
176 27
176 76
177 79
177 77
178 80
178 78
179 33
179 48
179 72
179 99
179 79
180 59
180 77
180 80
181 0
181 38
181 74
181 83
181 81
182 17
182 47
182 65
182 79
182 98
182 82
183 46
183 88
183 95
183 83
184 1
184 5
184 27
184 67
184 74
184 87
184 98
184 84
185 48
185 85
186 6
186 27
186 29
186 39
186 40
186 45
186 63
186 86
187 11
187 44
187 78
187 84
187 87
188 24
188 88
189 60
189 65
189 89
190 8
190 45
190 94
190 90
191 80
191 97
191 99
191 91
192 17
192 47
192 51
192 76
192 85
192 88
192 92
193 41
193 93
194 29
194 61
194 94
195 3
195 16
195 27
195 43
195 58
195 91
195 95
196 22
196 49
196 86
196 96
197 23
197 90
197 97
198 0
198 56
198 59
198 97
198 98
199 42
199 67
199 86
199 90
199 99
