  100   432
0 52
0 53
0 2
0 13
0 16
0 17
0 20
0 40
0 43
0 50
1 55
1 62
1 13
1 18
1 21
1 23
1 25
1 29
1 31
1 41
1 42
1 51
2 60
2 65
2 94
2 0
2 3
2 7
2 9
2 15
2 18
2 19
2 26
2 39
2 40
2 41
2 43
2 45
2 46
2 47
2 49
2 52
3 92
3 2
3 5
3 9
3 10
3 14
3 15
3 21
3 29
3 31
3 36
3 41
3 46
3 53
4 50
4 51
4 60
4 95
4 97
4 98
4 7
4 15
4 16
4 24
4 25
4 26
4 29
4 37
4 41
4 44
4 48
4 54
5 86
5 3
5 10
5 17
5 22
5 44
5 55
6 78
6 81
6 12
6 15
6 16
6 19
6 25
6 44
6 46
6 56
7 65
7 74
7 80
7 90
7 2
7 4
7 10
7 13
7 22
7 29
7 30
7 36
7 41
7 46
7 47
7 57
8 60
8 66
8 10
8 17
8 21
8 23
8 25
8 26
8 29
8 32
8 36
8 38
8 43
8 49
8 58
9 85
9 94
9 2
9 3
9 10
9 17
9 26
9 27
9 29
9 31
9 34
9 35
9 46
9 48
9 59
10 52
10 63
10 66
10 72
10 75
10 3
10 5
10 7
10 8
10 9
10 17
10 18
10 30
10 34
10 35
10 43
10 60
11 62
11 63
11 14
11 16
11 23
11 26
11 27
11 44
11 61
12 79
12 82
12 6
12 22
12 33
12 43
12 62
13 60
13 69
13 71
13 0
13 1
13 7
13 21
13 22
13 24
13 27
13 29
13 38
13 47
13 63
14 84
14 85
14 3
14 11
14 16
14 21
14 27
14 34
14 35
14 36
14 37
14 42
14 46
14 64
15 76
15 67
15 2
15 3
15 4
15 6
15 17
15 18
15 22
15 25
15 26
15 31
15 32
15 38
15 39
15 65
16 87
16 90
16 92
16 0
16 4
16 6
16 11
16 14
16 19
16 29
16 31
16 40
16 44
16 48
16 49
16 66
17 53
17 90
17 96
17 0
17 5
17 8
17 9
17 10
17 15
17 19
17 21
17 27
17 30
17 32
17 33
17 48
17 67
18 55
18 63
18 1
18 2
18 10
18 15
18 23
18 26
18 29
18 30
18 43
18 49
18 68
19 77
19 78
19 82
19 90
19 2
19 6
19 16
19 17
19 20
19 27
19 32
19 43
19 69
20 70
20 77
20 92
20 0
20 19
20 21
20 23
20 26
20 30
20 33
20 36
20 39
21 93
21 1
21 3
21 8
21 13
21 14
21 17
21 20
21 22
21 23
21 30
21 36
21 42
21 43
21 44
21 49
21 71
22 62
22 68
22 5
22 7
22 12
22 13
22 15
22 21
22 30
22 33
22 34
22 38
22 48
22 72
23 72
23 1
23 8
23 11
23 18
23 20
23 21
23 36
23 47
23 48
23 73
24 51
24 53
24 60
24 80
24 4
24 13
24 25
24 27
24 29
24 32
24 37
24 38
24 39
24 74
25 50
25 58
25 61
25 83
25 1
25 4
25 6
25 8
25 15
25 24
25 36
25 75
26 86
26 76
26 56
26 54
26 2
26 4
26 8
26 9
26 11
26 15
26 18
26 20
26 27
26 31
26 38
26 39
26 40
26 41
26 44
27 59
27 88
27 98
27 9
27 11
27 13
27 14
27 17
27 19
27 24
27 26
27 28
27 37
27 40
27 44
27 46
27 49
27 77
28 70
28 82
28 94
28 27
28 35
28 36
28 43
28 45
28 78
29 58
29 60
29 69
29 80
29 1
29 3
29 4
29 7
29 8
29 9
29 13
29 16
29 18
29 24
29 31
29 37
29 45
29 47
29 49
29 79
30 91
30 86
30 57
30 56
30 7
30 10
30 17
30 18
30 20
30 21
30 22
30 37
30 80
31 88
31 92
31 98
31 1
31 3
31 9
31 15
31 16
31 26
31 29
31 35
31 37
31 38
31 81
32 77
32 93
32 95
32 8
32 15
32 17
32 19
32 24
32 41
32 44
32 49
32 82
33 55
33 58
33 12
33 17
33 20
33 22
33 36
33 42
33 48
33 49
33 83
34 61
34 92
34 96
34 9
34 10
34 14
34 22
34 35
34 40
34 41
34 47
34 84
35 53
35 9
35 10
35 14
35 28
35 31
35 34
35 37
35 39
35 45
35 48
35 85
36 64
36 68
36 73
36 75
36 3
36 7
36 8
36 14
36 20
36 21
36 23
36 25
36 28
36 33
36 40
36 41
36 44
36 47
36 86
37 69
37 92
37 4
37 14
37 24
37 27
37 29
37 30
37 31
37 35
37 47
37 87
38 64
38 88
38 8
38 13
38 15
38 22
38 24
38 26
38 31
38 39
38 42
38 46
39 75
39 83
39 2
39 15
39 20
39 24
39 26
39 35
39 38
39 40
39 46
39 89
40 72
40 78
40 89
40 94
40 0
40 2
40 16
40 26
40 27
40 34
40 36
40 39
40 90
41 88
41 90
41 99
41 1
41 2
41 3
41 4
41 7
41 26
41 32
41 34
41 36
41 47
41 91
42 89
42 90
42 1
42 14
42 21
42 33
42 38
42 92
43 51
43 55
43 0
43 2
43 8
43 10
43 12
43 18
43 19
43 21
43 28
43 45
43 47
43 93
44 99
44 91
44 67
44 57
44 4
44 5
44 6
44 11
44 16
44 21
44 26
44 27
44 32
44 36
44 45
44 94
45 63
45 2
45 28
45 29
45 35
45 43
45 44
45 48
45 49
45 95
46 63
46 72
46 2
46 3
46 6
46 7
46 9
46 14
46 27
46 38
46 39
46 48
46 96
47 53
47 55
47 90
47 97
47 99
47 2
47 7
47 13
47 23
47 29
47 34
47 36
47 37
47 41
47 43
48 58
48 66
48 74
48 84
48 98
48 4
48 9
48 16
48 17
48 22
48 23
48 33
48 35
48 45
48 46
49 62
49 65
49 68
49 2
49 8
49 16
49 18
49 21
49 27
49 29
49 32
49 33
49 45
49 99
50 4
50 25
50 0
51 4
51 24
51 43
51 1
52 0
52 10
52 2
53 0
53 17
53 24
53 35
53 47
53 3
54 26
54 4
55 1
55 18
55 33
55 43
55 47
55 5
56 26
56 30
56 6
57 30
57 44
57 7
58 25
58 29
58 33
58 48
58 8
59 27
59 9
60 2
60 4
60 8
60 13
60 24
60 29
60 10
61 25
61 34
61 11
62 1
62 11
62 22
62 49
62 12
63 10
63 11
63 18
63 45
63 46
63 13
64 36
64 38
64 14
65 2
65 7
65 49
65 15
66 8
66 10
66 48
66 16
67 15
67 44
67 17
68 22
68 36
68 49
68 18
69 13
69 29
69 37
69 19
70 20
70 28
71 13
71 21
72 10
72 23
72 40
72 46
72 22
73 36
73 23
74 7
74 48
74 24
75 10
75 36
75 39
75 25
76 15
76 26
77 19
77 20
77 32
77 27
78 6
78 19
78 40
78 28
79 12
79 29
80 7
80 24
80 29
80 30
81 6
81 31
82 12
82 19
82 28
82 32
83 25
83 39
83 33
84 14
84 48
84 34
85 9
85 14
85 35
86 5
86 26
86 30
86 36
87 16
87 37
88 27
88 31
88 38
88 41
89 40
89 42
89 39
90 7
90 16
90 17
90 19
90 41
90 42
90 47
90 40
91 30
91 44
91 41
92 3
92 16
92 20
92 31
92 34
92 37
92 42
93 21
93 32
93 43
94 2
94 9
94 28
94 40
94 44
95 4
95 32
95 45
96 17
96 34
96 46
97 4
97 47
98 4
98 27
98 31
98 48
99 41
99 44
99 47
99 49
