  100   341
0 71
0 72
0 75
0 99
0 82
0 3
0 5
0 9
0 17
0 26
0 41
0 50
1 58
1 62
1 87
1 2
1 20
1 21
1 24
1 31
1 36
1 46
1 51
2 61
2 84
2 1
2 16
2 19
2 22
2 31
2 52
3 52
3 59
3 70
3 76
3 91
3 0
3 24
3 31
3 43
3 44
3 53
4 55
4 64
4 74
4 81
4 16
4 33
4 49
4 54
5 67
5 93
5 94
5 0
5 48
5 55
6 50
6 65
6 72
6 79
6 86
6 42
6 56
7 56
7 60
7 77
7 78
7 87
7 99
7 12
7 36
7 37
7 41
7 42
7 46
7 57
8 78
8 83
8 18
8 31
8 32
8 44
8 58
9 57
9 84
9 91
9 0
9 11
9 13
9 17
9 28
9 43
9 59
10 51
10 57
10 74
10 83
10 96
10 23
10 37
10 60
11 52
11 55
11 73
11 9
11 14
11 39
11 61
12 84
12 88
12 7
12 15
12 35
12 39
12 62
13 54
13 83
13 86
13 9
13 16
13 21
13 63
14 53
14 54
14 58
14 85
14 93
14 98
14 11
14 18
14 19
14 29
14 64
15 62
15 92
15 12
15 16
15 17
15 37
15 40
15 49
15 65
16 51
16 65
16 84
16 89
16 2
16 4
16 13
16 15
16 17
16 18
16 23
16 39
16 46
16 66
17 52
17 58
17 68
17 71
17 97
17 0
17 9
17 15
17 16
17 20
17 32
17 33
17 37
17 67
18 62
18 76
18 83
18 87
18 8
18 14
18 16
18 27
18 31
18 68
19 66
19 68
19 79
19 89
19 91
19 94
19 96
19 2
19 14
19 25
19 40
19 69
20 56
20 85
20 1
20 17
20 34
20 70
21 68
21 71
21 98
21 1
21 13
21 41
21 47
21 48
22 64
22 90
22 2
22 34
22 47
22 48
22 72
23 56
23 69
23 77
23 83
23 10
23 16
23 29
23 31
23 37
23 38
23 73
24 54
24 69
24 92
24 1
24 3
24 26
24 30
24 31
24 35
24 74
25 57
25 62
25 79
25 83
25 88
25 19
25 43
25 75
26 51
26 52
26 89
26 0
26 24
26 42
26 44
26 45
26 76
27 64
27 89
27 99
27 18
27 77
28 63
28 91
28 9
28 45
28 78
29 50
29 51
29 53
29 55
29 57
29 74
29 92
29 14
29 23
29 30
29 48
29 79
30 65
30 80
30 89
30 24
30 29
30 31
30 38
30 40
31 53
31 95
31 1
31 2
31 3
31 8
31 18
31 23
31 24
31 30
31 49
31 81
32 55
32 58
32 77
32 8
32 17
32 37
32 38
32 44
32 82
33 56
33 69
33 4
33 17
33 83
34 51
34 53
34 58
34 64
34 86
34 20
34 22
34 38
34 84
35 53
35 55
35 57
35 66
35 87
35 91
35 98
35 12
35 24
35 46
35 85
36 50
36 69
36 75
36 1
36 7
36 48
36 49
36 86
37 70
37 96
37 7
37 10
37 15
37 17
37 23
37 32
37 42
37 87
38 62
38 71
38 23
38 30
38 32
38 34
38 88
39 55
39 67
39 69
39 80
39 85
39 92
39 93
39 96
39 11
39 12
39 16
39 89
40 58
40 60
40 69
40 85
40 98
40 15
40 19
40 30
40 90
41 55
41 69
41 91
41 95
41 0
41 7
41 21
42 61
42 71
42 87
42 6
42 7
42 26
42 37
42 44
42 92
43 59
43 74
43 76
43 80
43 95
43 3
43 9
43 25
43 47
43 93
44 62
44 3
44 8
44 26
44 32
44 42
44 94
45 54
45 65
45 66
45 86
45 91
45 94
45 26
45 28
45 95
46 66
46 71
46 86
46 98
46 1
46 7
46 16
46 35
46 47
46 96
47 76
47 21
47 22
47 43
47 46
47 97
48 58
48 59
48 66
48 72
48 81
48 96
48 5
48 21
48 22
48 29
48 36
48 98
49 55
49 4
49 15
49 31
49 36
49 99
50 6
50 29
50 36
50 0
51 10
51 16
51 26
51 29
51 34
51 1
52 3
52 11
52 17
52 26
52 2
53 14
53 29
53 31
53 34
53 35
53 3
54 13
54 14
54 24
54 45
54 4
55 4
55 11
55 29
55 32
55 35
55 39
55 41
55 49
55 5
56 7
56 20
56 23
56 33
56 6
57 9
57 10
57 25
57 29
57 35
57 7
58 1
58 14
58 17
58 32
58 34
58 40
58 48
58 8
59 3
59 43
59 48
59 9
60 7
60 40
60 10
61 2
61 42
61 11
62 1
62 15
62 18
62 25
62 38
62 44
62 12
63 28
63 13
64 4
64 22
64 27
64 34
64 14
65 6
65 16
65 30
65 45
65 15
66 19
66 35
66 45
66 46
66 48
66 16
67 5
67 39
67 17
68 17
68 19
68 21
68 18
69 23
69 24
69 33
69 36
69 39
69 40
69 41
69 19
70 3
70 37
70 20
71 0
71 17
71 21
71 38
71 42
71 46
72 0
72 6
72 48
72 22
73 11
73 23
74 4
74 10
74 29
74 43
74 24
75 0
75 36
75 25
76 3
76 18
76 43
76 47
76 26
77 7
77 23
77 32
77 27
78 7
78 8
78 28
79 6
79 19
79 25
79 29
80 30
80 39
80 43
81 4
81 48
81 31
82 0
82 32
83 8
83 10
83 13
83 18
83 23
83 25
83 33
84 2
84 9
84 12
84 16
84 34
85 14
85 20
85 39
85 40
85 35
86 6
86 13
86 34
86 45
86 46
86 36
87 1
87 7
87 18
87 35
87 42
87 37
88 12
88 25
88 38
89 16
89 19
89 26
89 27
89 30
89 39
90 22
90 40
91 3
91 9
91 19
91 28
91 35
91 41
91 45
92 15
92 24
92 29
92 39
92 42
93 5
93 14
93 39
93 43
94 5
94 19
94 45
94 44
95 31
95 41
95 43
95 45
96 10
96 19
96 37
96 39
96 48
96 46
97 17
97 47
98 14
98 21
98 35
98 40
98 46
98 48
99 0
99 7
99 27
99 49
