  100   378
0 77
0 92
0 93
0 98
0 1
0 12
0 16
0 20
0 29
0 40
0 47
0 50
1 62
1 84
1 0
1 5
1 23
1 51
2 50
2 72
2 75
2 76
2 97
2 14
2 15
2 26
2 31
2 52
3 54
3 57
3 60
3 80
3 89
3 90
3 96
3 9
3 16
3 30
3 53
4 75
4 78
4 86
4 12
4 25
4 30
4 31
4 54
5 58
5 65
5 84
5 90
5 96
5 1
5 10
5 14
5 22
5 28
5 33
5 42
5 55
6 58
6 62
6 65
6 66
6 81
6 87
6 88
6 94
6 36
6 42
6 43
6 45
6 56
7 65
7 68
7 76
7 81
7 91
7 12
7 17
7 19
7 26
7 34
7 36
7 57
8 53
8 58
8 66
8 73
8 11
8 12
8 16
9 62
9 73
9 79
9 97
9 3
9 12
9 22
9 31
9 32
9 33
9 34
9 59
10 55
10 76
10 82
10 87
10 5
10 20
10 24
10 31
10 60
11 50
11 56
11 62
11 67
11 70
11 91
11 8
11 27
11 61
12 55
12 57
12 62
12 64
12 68
12 70
12 79
12 89
12 0
12 4
12 7
12 8
12 9
12 17
12 22
12 41
12 45
12 46
13 58
13 69
13 77
13 84
13 86
13 90
13 32
13 36
13 38
13 39
13 45
13 49
13 63
14 51
14 52
14 70
14 71
14 74
14 80
14 86
14 93
14 2
14 5
14 23
14 39
14 64
15 73
15 78
15 93
15 99
15 2
15 34
15 44
15 47
15 65
16 50
16 53
16 71
16 77
16 88
16 90
16 97
16 0
16 3
16 8
16 25
16 66
17 55
17 62
17 7
17 12
17 25
17 32
17 49
17 67
18 73
18 80
18 95
18 45
18 68
19 81
19 7
19 33
19 69
20 99
20 85
20 0
20 10
20 24
20 32
20 37
20 39
20 70
21 54
21 69
21 24
21 43
21 71
22 51
22 57
22 58
22 75
22 90
22 5
22 9
22 12
22 37
22 42
22 72
23 68
23 80
23 82
23 87
23 91
23 1
23 14
23 30
23 42
23 46
23 73
24 67
24 96
24 10
24 20
24 21
24 31
24 74
25 57
25 65
25 66
25 73
25 4
25 16
25 17
25 26
25 38
25 40
25 75
26 61
26 63
26 66
26 2
26 7
26 25
26 32
26 35
26 39
26 76
27 55
27 69
27 81
27 11
27 31
27 38
27 45
27 47
27 77
28 74
28 89
28 5
28 41
28 42
28 43
28 48
28 78
29 65
29 67
29 70
29 86
29 87
29 0
29 39
29 44
29 79
30 65
30 68
30 76
30 79
30 84
30 91
30 98
30 99
30 3
30 4
30 23
30 80
31 51
31 71
31 82
31 95
31 2
31 4
31 9
31 10
31 24
31 27
31 37
31 46
31 81
32 80
32 9
32 13
32 17
32 20
32 26
32 49
32 82
33 57
33 70
33 80
33 82
33 94
33 5
33 9
33 19
33 46
33 83
34 55
34 70
34 88
34 90
34 98
34 7
34 9
34 15
34 41
34 84
35 51
35 59
35 66
35 69
35 83
35 86
35 95
35 26
35 48
35 85
36 70
36 74
36 82
36 94
36 6
36 7
36 13
36 86
37 54
37 75
37 87
37 99
37 20
37 22
37 31
37 44
37 45
37 46
38 52
38 57
38 59
38 60
38 62
38 69
38 70
38 75
38 77
38 84
38 13
38 25
38 27
38 88
39 60
39 62
39 77
39 96
39 13
39 14
39 20
39 26
39 29
39 42
39 89
40 60
40 64
40 65
40 72
40 90
40 96
40 0
40 25
41 59
41 94
41 12
41 28
41 34
41 91
42 52
42 54
42 61
42 5
42 6
42 22
42 23
42 28
42 39
42 92
43 66
43 76
43 84
43 92
43 6
43 21
43 28
43 93
44 71
44 79
44 15
44 29
44 37
44 94
45 52
45 65
45 66
45 6
45 12
45 13
45 18
45 27
45 37
45 47
45 95
46 73
46 92
46 93
46 96
46 98
46 12
46 23
46 31
46 33
46 37
46 48
47 68
47 0
47 15
47 27
47 45
47 48
47 97
48 51
48 52
48 77
48 78
48 96
48 28
48 35
48 46
48 47
48 98
49 63
49 66
49 68
49 74
49 75
49 81
49 87
49 90
49 96
49 13
49 17
49 32
49 99
50 2
50 11
50 16
50 0
51 14
51 22
51 31
51 35
51 48
51 1
52 14
52 38
52 42
52 45
52 48
52 2
53 8
53 16
53 3
54 3
54 21
54 37
54 42
54 4
55 10
55 12
55 17
55 27
55 34
55 5
56 11
56 6
57 3
57 12
57 22
57 25
57 33
57 38
57 7
58 5
58 6
58 8
58 13
58 22
59 35
59 38
59 41
59 9
60 3
60 38
60 39
60 40
60 10
61 26
61 42
61 11
62 1
62 6
62 9
62 11
62 12
62 17
62 38
62 39
63 26
63 49
63 13
64 12
64 40
64 14
65 5
65 6
65 7
65 25
65 29
65 30
65 40
65 45
65 15
66 6
66 8
66 25
66 26
66 35
66 43
66 45
66 49
66 16
67 11
67 24
67 29
67 17
68 7
68 12
68 23
68 30
68 47
68 49
68 18
69 13
69 21
69 27
69 35
69 38
69 19
70 11
70 12
70 14
70 29
70 33
70 34
70 36
70 38
70 20
71 14
71 16
71 31
71 44
71 21
72 2
72 40
72 22
73 8
73 9
73 15
73 18
73 25
73 46
73 23
74 14
74 28
74 36
74 49
74 24
75 2
75 4
75 22
75 37
75 38
75 49
75 25
76 2
76 7
76 10
76 30
76 43
76 26
77 0
77 13
77 16
77 38
77 39
77 48
77 27
78 4
78 15
78 48
78 28
79 9
79 12
79 30
79 44
79 29
80 3
80 14
80 18
80 23
80 32
80 33
80 30
81 6
81 7
81 19
81 27
81 49
81 31
82 10
82 23
82 31
82 33
82 36
82 32
83 35
83 33
84 1
84 5
84 13
84 30
84 38
84 43
84 34
85 20
85 35
86 4
86 13
86 14
86 29
86 35
86 36
87 6
87 10
87 23
87 29
87 37
87 49
88 6
88 16
88 34
88 38
89 3
89 12
89 28
89 39
90 3
90 5
90 13
90 16
90 22
90 34
90 40
90 49
91 7
91 11
91 23
91 30
91 41
92 0
92 43
92 46
92 42
93 0
93 14
93 15
93 46
93 43
94 6
94 33
94 36
94 41
94 44
95 18
95 31
95 35
95 45
96 3
96 5
96 24
96 39
96 40
96 46
96 48
96 49
97 2
97 9
97 16
97 47
98 0
98 30
98 34
98 46
98 48
99 15
99 20
99 30
99 37
99 49
