  600   2596
0 323
0 451
0 533
0 581
0 599
0 14
0 243
0 300
1 505
1 576
1 585
1 189
1 273
1 301
2 320
2 376
2 431
2 467
2 544
2 597
2 58
2 71
2 248
2 302
3 303
3 314
3 343
3 388
3 531
3 60
3 169
3 258
4 358
4 375
4 436
4 523
4 539
4 48
4 304
5 366
5 413
5 497
5 526
5 544
5 33
5 87
5 139
5 265
5 275
5 276
5 289
5 305
6 343
6 421
6 434
6 458
6 472
6 494
6 514
6 87
6 289
6 306
7 340
7 493
7 511
7 539
7 542
7 593
7 165
7 203
7 210
7 307
8 371
8 464
8 488
8 226
8 234
8 308
9 323
9 355
9 391
9 398
9 432
9 479
9 535
9 552
9 36
9 78
9 103
9 309
10 376
10 537
10 563
10 569
10 66
10 158
10 310
11 405
11 445
11 71
11 311
12 302
12 310
12 463
12 477
12 567
12 573
12 152
12 312
13 301
13 349
13 378
13 494
13 501
13 513
13 14
13 60
13 144
13 155
13 167
13 237
13 269
13 313
14 313
14 326
14 398
14 435
14 440
14 508
14 531
14 0
14 13
14 94
14 141
14 223
14 253
14 286
14 314
15 321
15 331
15 343
15 436
15 440
15 570
15 45
15 49
15 58
15 74
15 194
15 240
15 315
16 315
16 316
16 420
16 448
16 475
16 488
16 541
16 576
16 599
16 135
16 158
17 306
17 414
17 500
17 510
17 512
17 162
17 165
17 260
17 317
18 302
18 402
18 403
18 407
18 460
18 516
18 548
18 139
18 272
18 318
19 305
19 369
19 444
19 593
19 20
19 27
19 103
19 319
20 335
20 382
20 430
20 448
20 494
20 523
20 536
20 544
20 552
20 19
20 280
20 320
21 367
21 426
21 478
21 494
21 516
21 526
21 550
21 593
21 55
21 321
22 300
22 419
22 431
22 555
22 593
22 70
22 92
22 217
22 288
22 295
22 322
23 306
23 311
23 347
23 415
23 428
23 498
23 580
23 105
23 153
23 267
23 323
24 331
24 357
24 365
24 366
24 370
24 378
24 502
24 524
24 537
24 189
24 324
25 425
25 431
25 490
25 523
25 532
25 87
25 197
25 325
26 301
26 441
26 448
26 481
26 532
26 570
26 41
26 74
26 118
26 189
26 326
27 316
27 343
27 366
27 372
27 447
27 486
27 497
27 503
27 530
27 594
27 19
27 125
27 327
28 429
28 489
28 502
28 547
28 574
28 92
28 299
28 328
29 302
29 305
29 386
29 453
29 472
29 479
29 555
29 568
29 291
29 329
30 317
30 338
30 475
30 78
30 162
30 289
30 330
31 314
31 371
31 570
31 80
31 151
31 331
32 320
32 352
32 375
32 425
32 437
32 455
32 483
32 490
32 558
32 34
32 200
32 279
32 283
32 332
33 318
33 319
33 356
33 370
33 402
33 418
33 469
33 507
33 511
33 544
33 547
33 572
33 5
33 37
33 167
33 170
33 333
34 404
34 413
34 456
34 468
34 473
34 487
34 539
34 560
34 32
34 48
34 113
34 229
34 238
34 249
34 334
35 360
35 417
35 421
35 423
35 515
35 525
35 535
35 542
35 566
35 589
35 181
35 335
36 319
36 352
36 384
36 391
36 453
36 9
36 114
36 169
36 336
37 316
37 323
37 343
37 360
37 412
37 512
37 514
37 551
37 559
37 589
37 33
37 61
37 173
37 190
37 337
38 409
38 496
38 541
38 543
38 137
38 338
39 322
39 373
39 487
39 518
39 562
39 45
39 110
39 181
39 290
39 339
40 378
40 386
40 431
40 443
40 483
40 499
40 579
40 581
40 593
40 130
40 340
41 327
41 479
41 481
41 494
41 540
41 26
41 86
41 153
41 154
41 234
41 266
41 280
41 341
42 324
42 420
42 426
42 444
42 464
42 534
42 95
42 179
42 342
43 345
43 469
43 479
43 556
43 575
43 75
43 343
44 324
44 328
44 377
44 396
44 456
44 496
44 549
44 562
44 596
44 55
44 194
44 279
44 287
44 344
45 309
45 311
45 404
45 447
45 515
45 583
45 15
45 39
45 186
45 345
46 462
46 471
46 127
46 138
46 161
46 346
47 376
47 380
47 402
47 426
47 463
47 578
47 581
47 206
47 250
47 347
48 304
48 343
48 360
48 458
48 4
48 34
48 198
48 348
49 317
49 351
49 379
49 547
49 583
49 15
49 86
49 210
49 286
49 297
49 349
50 354
50 424
50 489
50 527
50 541
50 558
50 590
50 142
50 201
50 205
50 212
50 256
50 285
50 293
50 295
50 350
51 316
51 338
51 355
51 424
51 462
51 473
51 483
51 543
51 551
51 129
51 204
51 222
51 241
51 251
51 285
51 351
52 300
52 325
52 333
52 339
52 351
52 532
52 591
52 64
52 352
53 310
53 403
53 420
53 487
53 543
53 568
53 569
53 577
53 244
53 252
53 274
53 353
54 452
54 547
54 560
54 597
54 61
54 73
54 144
54 232
54 265
54 354
55 343
55 345
55 400
55 479
55 495
55 520
55 527
55 544
55 548
55 556
55 21
55 44
55 59
55 83
55 99
55 118
55 355
56 304
56 324
56 358
56 406
56 409
56 552
56 560
56 565
56 80
56 153
56 281
56 356
57 341
57 423
57 463
57 513
57 596
57 121
57 262
57 357
58 406
58 415
58 422
58 447
58 528
58 2
58 15
58 358
59 304
59 465
59 501
59 517
59 55
59 86
59 359
60 320
60 326
60 334
60 355
60 388
60 421
60 526
60 545
60 3
60 13
60 162
60 172
60 227
60 245
60 360
61 346
61 364
61 484
61 572
61 37
61 54
61 93
61 263
61 361
62 354
62 414
62 436
62 501
62 107
62 183
62 217
62 228
62 232
62 362
63 421
63 422
63 97
63 180
63 363
64 314
64 376
64 388
64 469
64 489
64 563
64 52
64 69
64 364
65 334
65 489
65 495
65 501
65 550
65 170
65 365
66 350
66 401
66 415
66 421
66 437
66 505
66 548
66 559
66 10
66 366
67 387
67 462
67 488
67 569
67 195
67 367
68 308
68 333
68 339
68 356
68 549
68 582
68 125
68 187
68 230
68 368
69 312
69 327
69 333
69 485
69 509
69 64
69 91
69 369
70 355
70 387
70 465
70 520
70 569
70 588
70 22
70 288
70 370
71 305
71 505
71 523
71 558
71 559
71 2
71 11
71 371
72 367
72 369
72 408
72 489
72 535
72 113
72 230
72 372
73 324
73 330
73 331
73 386
73 500
73 549
73 599
73 54
73 74
73 373
74 320
74 341
74 363
74 402
74 405
74 527
74 541
74 575
74 15
74 26
74 73
74 158
74 184
74 243
74 374
75 404
75 411
75 438
75 452
75 498
75 514
75 43
75 243
75 273
75 288
75 375
76 320
76 331
76 392
76 468
76 475
76 477
76 539
76 578
76 221
76 376
77 347
77 477
77 487
77 501
77 538
77 95
77 140
77 287
77 377
78 304
78 338
78 386
78 514
78 531
78 532
78 555
78 565
78 9
78 30
78 212
78 220
78 231
78 232
78 378
79 306
79 392
79 418
79 438
79 443
79 488
79 527
79 529
79 548
79 204
79 231
79 379
80 314
80 324
80 332
80 359
80 368
80 386
80 398
80 437
80 467
80 518
80 31
80 56
80 190
80 259
80 295
80 380
81 317
81 436
81 449
81 455
81 477
81 480
81 94
81 183
81 296
81 381
82 382
82 401
82 425
82 434
82 504
82 514
82 531
82 572
82 578
82 85
82 217
83 452
83 480
83 484
83 55
83 199
83 383
84 381
84 421
84 508
84 583
84 105
84 171
84 237
84 384
85 427
85 437
85 492
85 507
85 534
85 542
85 82
85 197
85 212
85 385
86 304
86 325
86 355
86 371
86 488
86 571
86 599
86 41
86 49
86 59
86 124
86 198
86 386
87 312
87 319
87 538
87 5
87 6
87 25
87 236
87 264
87 387
88 371
88 455
88 529
88 543
88 581
88 593
88 152
88 388
89 355
89 356
89 362
89 380
89 464
89 485
89 495
89 540
89 549
89 181
89 184
89 234
89 389
90 347
90 355
90 357
90 458
90 506
90 546
90 572
90 142
90 154
90 161
90 390
91 318
91 350
91 407
91 454
91 478
91 490
91 492
91 69
91 101
91 391
92 407
92 412
92 429
92 435
92 453
92 480
92 490
92 516
92 22
92 28
92 162
92 240
92 392
93 335
93 343
93 389
93 406
93 420
93 61
93 123
93 178
93 393
94 311
94 326
94 335
94 355
94 392
94 541
94 590
94 14
94 81
94 245
94 270
94 394
95 357
95 406
95 417
95 450
95 553
95 597
95 42
95 77
95 253
95 395
96 314
96 408
96 423
96 447
96 541
96 549
96 238
96 396
97 363
97 377
97 395
97 398
97 458
97 505
97 63
97 138
97 190
97 199
97 397
98 317
98 328
98 358
98 430
98 530
98 559
98 173
98 220
98 231
98 283
98 296
98 398
99 452
99 551
99 55
99 231
99 255
99 399
100 369
100 466
100 269
100 400
101 395
101 423
101 578
101 91
101 147
101 401
102 314
102 324
102 335
102 391
102 429
102 436
102 469
102 511
102 557
102 576
102 195
102 245
102 249
102 402
103 345
103 360
103 474
103 501
103 9
103 19
103 274
103 403
104 347
104 365
104 473
104 524
104 555
104 242
104 404
105 338
105 355
105 384
105 481
105 483
105 533
105 559
105 23
105 84
105 227
105 405
106 321
106 339
106 345
106 381
106 405
106 451
106 514
106 255
106 406
107 310
107 338
107 517
107 585
107 589
107 62
107 407
108 322
108 361
108 378
108 402
108 403
108 409
108 527
108 122
108 160
108 178
108 188
108 191
108 230
108 262
108 408
109 379
109 394
109 445
109 521
109 545
109 574
109 113
109 211
109 218
109 254
109 409
110 312
110 334
110 369
110 377
110 386
110 404
110 459
110 39
110 246
110 410
111 315
111 353
111 420
111 422
111 495
111 499
111 520
111 558
111 579
111 238
111 262
111 296
111 411
112 314
112 409
112 457
112 471
112 521
112 523
112 572
112 595
112 258
112 284
112 412
113 549
113 550
113 574
113 34
113 72
113 109
113 129
113 413
114 300
114 312
114 475
114 524
114 585
114 596
114 36
114 124
114 135
114 186
114 414
115 387
115 501
115 511
115 514
115 552
115 588
115 131
115 170
115 207
115 415
116 381
116 392
116 401
116 430
116 473
116 477
116 547
116 554
116 563
116 232
116 416
117 301
117 307
117 394
117 451
117 549
117 553
117 142
117 151
117 181
117 183
117 231
117 265
117 417
118 347
118 417
118 451
118 539
118 26
118 55
118 136
118 152
118 295
118 418
119 390
119 400
119 413
119 476
119 481
119 505
119 519
119 189
119 297
119 419
120 327
120 342
120 376
120 533
120 561
120 299
120 420
121 382
121 384
121 440
121 450
121 490
121 497
121 547
121 571
121 585
121 57
121 421
122 330
122 418
122 476
122 526
122 536
122 108
122 133
122 136
122 219
122 422
123 315
123 438
123 515
123 576
123 591
123 93
123 212
123 250
123 268
123 423
124 301
124 421
124 424
124 454
124 458
124 522
124 564
124 582
124 86
124 114
124 210
124 284
125 393
125 445
125 450
125 464
125 507
125 575
125 27
125 68
125 202
125 230
125 260
125 425
126 309
126 320
126 334
126 459
126 529
126 129
126 290
126 293
126 426
127 324
127 330
127 353
127 356
127 362
127 367
127 404
127 424
127 434
127 441
127 485
127 488
127 553
127 555
127 568
127 46
127 143
127 258
127 427
128 523
128 562
128 142
128 252
128 428
129 313
129 335
129 528
129 559
129 51
129 113
129 126
129 151
129 160
129 175
129 180
129 195
129 247
129 281
129 429
130 409
130 587
130 40
130 169
130 258
130 430
131 306
131 341
131 347
131 382
131 404
131 422
131 438
131 455
131 459
131 493
131 535
131 553
131 571
131 115
131 159
131 265
131 431
132 323
132 533
132 595
132 599
132 275
132 432
133 313
133 355
133 377
133 432
133 470
133 122
133 200
133 211
133 433
134 356
134 362
134 374
134 542
134 137
134 287
134 434
135 320
135 417
135 422
135 494
135 16
135 114
135 218
135 224
135 269
135 435
136 425
136 487
136 517
136 537
136 568
136 118
136 122
136 217
136 436
137 315
137 367
137 469
137 519
137 38
137 134
137 139
137 437
138 300
138 310
138 382
138 483
138 487
138 496
138 562
138 46
138 97
138 287
138 438
139 436
139 492
139 505
139 519
139 542
139 573
139 5
139 18
139 137
139 170
139 177
139 250
139 439
140 321
140 374
140 376
140 432
140 482
140 494
140 505
140 77
140 155
140 174
140 182
140 184
140 440
141 300
141 307
141 311
141 328
141 331
141 347
141 361
141 394
141 479
141 490
141 516
141 518
141 14
141 176
141 441
142 394
142 429
142 477
142 487
142 502
142 590
142 50
142 90
142 117
142 128
142 442
143 327
143 344
143 490
143 493
143 503
143 515
143 580
143 595
143 127
143 160
143 288
143 443
144 364
144 503
144 13
144 54
144 444
145 323
145 328
145 406
145 484
145 560
145 580
145 590
145 255
145 445
146 368
146 423
146 429
146 470
146 490
146 503
146 530
146 542
146 564
146 175
146 201
146 222
146 284
146 446
147 310
147 370
147 445
147 544
147 101
147 148
147 447
148 396
148 398
148 401
148 408
148 431
148 510
148 545
148 551
148 555
148 147
148 156
148 448
149 316
149 327
149 345
149 386
149 439
149 477
149 485
149 535
149 154
149 271
149 449
150 371
150 382
150 383
150 388
150 444
150 569
150 256
150 450
151 312
151 382
151 31
151 117
151 129
151 451
152 350
152 429
152 458
152 485
152 577
152 12
152 88
152 118
152 179
152 293
152 297
152 452
153 356
153 365
153 404
153 419
153 580
153 23
153 41
153 56
153 253
153 453
154 358
154 403
154 442
154 41
154 90
154 149
154 227
154 454
155 325
155 341
155 366
155 384
155 400
155 523
155 541
155 13
155 140
155 159
155 236
155 455
156 377
156 446
156 561
156 148
156 208
156 456
157 327
157 349
157 369
157 375
157 409
157 425
157 447
157 476
157 539
157 591
157 166
157 192
157 229
157 457
158 319
158 325
158 374
158 421
158 500
158 543
158 564
158 579
158 10
158 16
158 74
158 458
159 378
159 384
159 491
159 492
159 564
159 573
159 594
159 131
159 155
159 167
159 194
159 195
159 198
159 274
159 459
160 419
160 467
160 530
160 580
160 108
160 129
160 143
160 178
160 188
160 238
160 460
161 323
161 383
161 395
161 408
161 412
161 429
161 554
161 555
161 561
161 578
161 584
161 46
161 90
161 170
161 254
161 286
161 461
162 465
162 546
162 585
162 595
162 17
162 30
162 60
162 92
162 228
162 294
162 462
163 386
163 521
163 543
163 226
163 463
164 305
164 468
164 473
164 480
164 509
164 530
164 557
164 590
164 181
164 464
165 308
165 323
165 371
165 377
165 504
165 580
165 7
165 17
165 239
165 465
166 365
166 470
166 547
166 157
166 230
166 466
167 346
167 352
167 426
167 453
167 494
167 499
167 530
167 13
167 33
167 159
167 293
167 467
168 355
168 363
168 388
168 412
168 478
168 508
168 548
168 226
168 468
169 412
169 453
169 480
169 518
169 3
169 36
169 130
169 194
169 469
170 309
170 348
170 355
170 477
170 573
170 33
170 65
170 115
170 139
170 161
170 470
171 309
171 356
171 398
171 568
171 84
171 471
172 331
172 388
172 420
172 524
172 568
172 60
172 192
172 472
173 326
173 353
173 378
173 466
173 468
173 554
173 584
173 37
173 98
173 212
173 273
173 473
174 313
174 316
174 318
174 506
174 512
174 549
174 594
174 140
174 200
174 474
175 304
175 329
175 344
175 583
175 129
175 146
175 475
176 372
176 488
176 489
176 530
176 141
176 193
176 476
177 310
177 329
177 375
177 392
177 396
177 455
177 528
177 574
177 139
177 183
177 266
177 477
178 354
178 370
178 398
178 457
178 465
178 480
178 93
178 108
178 160
178 478
179 389
179 445
179 500
179 524
179 547
179 584
179 42
179 152
179 479
180 301
180 343
180 370
180 382
180 416
180 466
180 474
180 527
180 569
180 63
180 129
180 288
180 480
181 314
181 317
181 382
181 387
181 438
181 542
181 35
181 39
181 89
181 117
181 164
181 209
181 253
181 287
181 481
182 304
182 395
182 429
182 577
182 594
182 140
182 482
183 343
183 413
183 552
183 62
183 81
183 117
183 177
183 252
183 483
184 339
184 400
184 534
184 74
184 89
184 140
184 271
184 484
185 336
185 415
185 480
185 263
185 295
185 485
186 323
186 415
186 426
186 530
186 45
186 114
186 243
186 266
186 287
186 486
187 369
187 467
187 533
187 68
187 196
187 214
187 230
187 487
188 326
188 328
188 344
188 368
188 438
188 478
188 487
188 498
188 499
188 579
188 108
188 160
188 229
188 488
189 305
189 310
189 332
189 397
189 453
189 483
189 525
189 541
189 583
189 598
189 1
189 24
189 26
189 119
189 206
189 295
189 489
190 318
190 387
190 454
190 462
190 503
190 530
190 593
190 37
190 80
190 97
190 245
190 490
191 411
191 466
191 475
191 490
191 582
191 108
191 242
191 491
192 416
192 420
192 523
192 556
192 157
192 172
192 204
192 221
192 228
192 241
192 492
193 338
193 379
193 455
193 469
193 509
193 537
193 547
193 562
193 176
193 493
194 304
194 311
194 533
194 564
194 15
194 44
194 159
194 169
194 204
194 494
195 308
195 351
195 447
195 495
195 529
195 537
195 67
195 102
195 129
195 159
195 196
195 230
195 266
195 279
196 363
196 398
196 488
196 524
196 599
196 187
196 195
196 496
197 367
197 403
197 441
197 476
197 568
197 25
197 85
197 497
198 325
198 412
198 414
198 446
198 475
198 508
198 539
198 581
198 48
198 86
198 159
198 498
199 406
199 412
199 564
199 581
199 590
199 83
199 97
199 499
200 304
200 356
200 443
200 543
200 579
200 586
200 32
200 133
200 174
200 500
201 399
201 420
201 490
201 514
201 536
201 548
201 597
201 50
201 146
201 231
201 284
201 501
202 384
202 395
202 399
202 401
202 429
202 432
202 550
202 590
202 125
202 252
202 277
202 502
203 318
203 321
203 334
203 335
203 352
203 402
203 449
203 515
203 576
203 7
203 272
203 503
204 303
204 493
204 529
204 546
204 598
204 51
204 79
204 192
204 194
204 258
204 504
205 322
205 417
205 468
205 524
205 571
205 50
205 505
206 340
206 357
206 427
206 434
206 469
206 476
206 552
206 584
206 47
206 189
206 283
206 506
207 332
207 514
207 543
207 575
207 578
207 115
207 507
208 448
208 561
208 562
208 579
208 156
208 213
208 508
209 358
209 388
209 435
209 491
209 520
209 576
209 599
209 181
209 509
210 337
210 376
210 411
210 451
210 461
210 488
210 543
210 547
210 558
210 7
210 49
210 124
210 275
210 510
211 374
211 391
211 408
211 414
211 529
211 530
211 109
211 133
211 259
211 511
212 368
212 383
212 486
212 526
212 589
212 50
212 78
212 85
212 123
212 173
212 267
212 512
213 314
213 334
213 344
213 353
213 486
213 554
213 208
213 215
213 513
214 352
214 466
214 500
214 576
214 580
214 187
214 514
215 326
215 335
215 349
215 377
215 532
215 562
215 571
215 589
215 213
215 216
215 515
216 313
216 392
216 456
216 475
216 483
216 571
216 215
216 233
216 516
217 302
217 346
217 394
217 406
217 417
217 449
217 539
217 543
217 22
217 62
217 82
217 136
217 517
218 340
218 357
218 478
218 109
218 135
218 518
219 386
219 396
219 510
219 554
219 122
219 519
220 351
220 476
220 78
220 98
220 294
220 520
221 377
221 391
221 508
221 584
221 589
221 76
221 192
221 521
222 411
222 420
222 486
222 579
222 51
222 146
222 522
223 370
223 441
223 493
223 574
223 14
223 282
223 523
224 322
224 323
224 375
224 503
224 135
224 524
225 325
225 452
225 543
225 258
225 259
225 525
226 330
226 379
226 388
226 414
226 439
226 456
226 583
226 8
226 163
226 168
226 244
226 262
226 526
227 310
227 335
227 340
227 343
227 462
227 484
227 533
227 543
227 578
227 60
227 105
227 154
227 231
227 256
227 527
228 418
228 482
228 62
228 162
228 192
228 239
228 267
228 528
229 329
229 354
229 401
229 533
229 545
229 557
229 561
229 564
229 34
229 157
229 188
229 256
229 529
230 368
230 68
230 72
230 108
230 125
230 166
230 187
230 195
230 530
231 364
231 412
231 422
231 454
231 480
231 516
231 548
231 558
231 78
231 79
231 98
231 99
231 117
231 201
231 227
231 531
232 309
232 501
232 534
232 568
232 54
232 62
232 78
232 116
232 532
233 388
233 465
233 476
233 503
233 517
233 559
233 564
233 575
233 594
233 216
233 261
233 533
234 309
234 408
234 418
234 434
234 547
234 559
234 8
234 41
234 89
234 246
234 534
235 312
235 314
235 315
235 350
235 354
235 387
235 437
235 463
235 496
235 560
235 260
235 535
236 345
236 357
236 404
236 410
236 446
236 513
236 525
236 87
236 155
236 239
236 259
236 291
236 536
237 307
237 331
237 384
237 410
237 445
237 446
237 13
237 84
237 276
237 537
238 300
238 310
238 314
238 342
238 366
238 440
238 447
238 34
238 96
238 111
238 160
238 272
238 538
239 342
239 346
239 362
239 363
239 410
239 534
239 577
239 588
239 165
239 228
239 236
239 247
239 272
239 286
239 539
240 374
240 376
240 461
240 462
240 483
240 553
240 15
240 92
240 277
240 540
241 301
241 347
241 348
241 473
241 492
241 511
241 51
241 192
241 541
242 382
242 104
242 191
242 278
242 542
243 322
243 356
243 472
243 478
243 487
243 570
243 0
243 74
243 75
243 186
243 543
244 307
244 321
244 360
244 427
244 458
244 550
244 552
244 574
244 53
244 226
244 544
245 330
245 480
245 596
245 60
245 94
245 102
245 190
245 267
245 545
246 306
246 334
246 337
246 389
246 424
246 500
246 560
246 110
246 234
246 280
246 546
247 335
247 387
247 399
247 421
247 474
247 560
247 129
247 239
247 547
248 327
248 339
248 353
248 386
248 460
248 505
248 527
248 545
248 2
248 258
248 548
249 319
249 325
249 358
249 521
249 590
249 34
249 102
249 293
249 549
250 342
250 441
250 582
250 47
250 123
250 139
250 550
251 332
251 340
251 515
251 530
251 51
251 252
251 287
251 551
252 551
252 53
252 128
252 183
252 202
252 251
252 552
253 308
253 355
253 407
253 464
253 494
253 14
253 95
253 153
253 181
253 268
253 553
254 362
254 379
254 385
254 468
254 475
254 543
254 109
254 161
254 554
255 322
255 331
255 345
255 378
255 385
255 433
255 505
255 524
255 99
255 106
255 145
255 265
255 555
256 343
256 511
256 519
256 531
256 564
256 50
256 150
256 227
256 229
256 273
256 556
257 304
257 308
257 338
257 395
257 475
257 534
257 553
257 574
257 579
257 266
257 557
258 360
258 389
258 407
258 410
258 462
258 3
258 112
258 127
258 130
258 204
258 225
258 248
258 558
259 348
259 492
259 579
259 592
259 80
259 211
259 225
259 236
259 559
260 300
260 495
260 557
260 569
260 17
260 125
260 235
260 560
261 320
261 332
261 375
261 415
261 424
261 452
261 460
261 233
261 292
261 561
262 352
262 362
262 407
262 420
262 458
262 468
262 485
262 596
262 57
262 108
262 111
262 226
262 266
262 287
262 562
263 377
263 379
263 387
263 404
263 405
263 408
263 435
263 459
263 509
263 550
263 594
263 61
263 185
263 563
264 314
264 352
264 375
264 407
264 543
264 597
264 87
264 277
264 564
265 333
265 348
265 385
265 462
265 526
265 534
265 583
265 5
265 54
265 117
265 131
265 255
265 565
266 321
266 367
266 429
266 550
266 581
266 41
266 177
266 186
266 195
266 257
266 262
266 566
267 323
267 331
267 353
267 413
267 514
267 534
267 545
267 563
267 594
267 23
267 212
267 228
267 245
267 274
267 567
268 380
268 456
268 477
268 497
268 510
268 518
268 541
268 542
268 558
268 123
268 253
268 568
269 400
269 405
269 429
269 467
269 483
269 531
269 546
269 572
269 13
269 100
269 135
269 569
270 338
270 436
270 561
270 593
270 94
270 280
270 570
271 325
271 401
271 490
271 500
271 551
271 568
271 583
271 149
271 184
271 297
271 571
272 390
272 448
272 573
272 18
272 203
272 238
272 239
272 572
273 301
273 304
273 312
273 325
273 397
273 503
273 548
273 1
273 75
273 173
273 256
273 573
274 352
274 505
274 510
274 519
274 53
274 103
274 159
274 267
274 574
275 317
275 335
275 347
275 389
275 407
275 465
275 476
275 545
275 551
275 5
275 132
275 210
275 575
276 333
276 347
276 359
276 467
276 486
276 490
276 545
276 578
276 580
276 5
276 237
276 576
277 398
277 417
277 515
277 521
277 596
277 202
277 240
277 264
277 577
278 312
278 329
278 371
278 374
278 496
278 538
278 583
278 242
278 578
279 321
279 338
279 354
279 369
279 420
279 498
279 504
279 521
279 589
279 32
279 44
279 195
279 579
280 343
280 373
280 425
280 465
280 514
280 545
280 588
280 20
280 41
280 246
280 270
280 580
281 314
281 330
281 431
281 436
281 442
281 447
281 457
281 463
281 468
281 503
281 580
281 584
281 56
281 129
281 581
282 302
282 313
282 317
282 499
282 223
282 582
283 368
283 394
283 396
283 426
283 433
283 579
283 32
283 98
283 206
283 297
283 583
284 330
284 357
284 389
284 391
284 598
284 112
284 124
284 146
284 201
284 584
285 403
285 428
285 456
285 507
285 509
285 520
285 592
285 50
285 51
285 585
286 324
286 346
286 403
286 451
286 465
286 499
286 588
286 14
286 49
286 161
286 239
286 586
287 383
287 405
287 408
287 443
287 521
287 541
287 553
287 566
287 44
287 77
287 134
287 138
287 181
287 186
287 251
287 262
287 587
288 419
288 432
288 436
288 478
288 570
288 22
288 70
288 75
288 143
288 180
288 588
289 348
289 377
289 407
289 437
289 512
289 527
289 568
289 570
289 5
289 6
289 30
289 589
290 409
290 468
290 500
290 510
290 577
290 39
290 126
290 590
291 335
291 355
291 413
291 461
291 29
291 236
291 591
292 380
292 397
292 410
292 417
292 455
292 478
292 483
292 486
292 553
292 558
292 570
292 261
292 298
292 592
293 345
293 432
293 471
293 544
293 50
293 126
293 152
293 167
293 249
293 593
294 313
294 365
294 430
294 561
294 575
294 597
294 162
294 220
294 594
295 441
295 446
295 470
295 493
295 508
295 531
295 22
295 50
295 80
295 118
295 185
295 189
295 595
296 318
296 413
296 438
296 459
296 465
296 492
296 513
296 515
296 81
296 98
296 111
296 596
297 341
297 520
297 558
297 49
297 119
297 152
297 271
297 283
297 597
298 302
298 345
298 385
298 386
298 446
298 512
298 569
298 582
298 292
298 299
298 598
299 331
299 443
299 484
299 591
299 28
299 120
299 298
299 599
300 22
300 52
300 114
300 138
300 141
300 238
300 260
300 0
301 13
301 26
301 117
301 124
301 180
301 241
301 273
301 1
302 12
302 18
302 29
302 217
302 282
302 298
302 2
303 3
303 204
304 48
304 56
304 59
304 78
304 86
304 175
304 182
304 194
304 200
304 257
304 273
304 4
305 19
305 29
305 71
305 164
305 189
305 5
306 17
306 23
306 79
306 131
306 246
306 6
307 117
307 141
307 237
307 244
307 7
308 68
308 165
308 195
308 253
308 257
308 8
309 45
309 126
309 170
309 171
309 232
309 234
309 9
310 12
310 53
310 107
310 138
310 147
310 177
310 189
310 227
310 238
310 10
311 23
311 45
311 94
311 141
311 194
311 11
312 69
312 87
312 110
312 114
312 151
312 235
312 273
312 278
312 12
313 14
313 129
313 133
313 174
313 216
313 282
313 294
313 13
314 3
314 31
314 64
314 80
314 96
314 102
314 112
314 181
314 213
314 235
314 238
314 264
314 281
314 14
315 16
315 111
315 123
315 137
315 235
315 15
316 16
316 27
316 37
316 51
316 149
316 174
317 30
317 49
317 81
317 98
317 181
317 275
317 282
317 17
318 33
318 91
318 174
318 190
318 203
318 296
318 18
319 33
319 36
319 87
319 158
319 249
319 19
320 2
320 32
320 60
320 74
320 76
320 126
320 135
320 261
320 20
321 15
321 106
321 140
321 203
321 244
321 266
321 279
321 21
322 39
322 108
322 205
322 224
322 243
322 255
322 22
323 0
323 9
323 37
323 132
323 145
323 161
323 165
323 186
323 224
323 267
323 23
324 42
324 44
324 56
324 73
324 80
324 102
324 127
324 286
324 24
325 52
325 86
325 155
325 158
325 198
325 225
325 249
325 271
325 273
325 25
326 14
326 60
326 94
326 173
326 188
326 215
326 26
327 41
327 69
327 120
327 143
327 149
327 157
327 248
327 27
328 44
328 98
328 141
328 145
328 188
328 28
329 175
329 177
329 229
329 278
329 29
330 73
330 122
330 127
330 226
330 245
330 281
330 284
330 30
331 15
331 24
331 73
331 76
331 141
331 172
331 237
331 255
331 267
331 299
331 31
332 80
332 189
332 207
332 251
332 261
332 32
333 52
333 68
333 69
333 265
333 276
333 33
334 60
334 65
334 110
334 126
334 203
334 213
334 246
334 34
335 20
335 93
335 94
335 102
335 129
335 203
335 215
335 227
335 247
335 275
335 291
335 35
336 185
336 36
337 210
337 246
337 37
338 30
338 51
338 78
338 105
338 107
338 193
338 257
338 270
338 279
338 38
339 52
339 68
339 106
339 184
339 248
339 39
340 7
340 206
340 218
340 227
340 251
340 40
341 57
341 74
341 131
341 155
341 297
341 41
342 120
342 238
342 239
342 250
342 42
343 3
343 6
343 15
343 27
343 37
343 48
343 55
343 93
343 180
343 183
343 227
343 256
343 280
343 43
344 143
344 175
344 188
344 213
344 44
345 43
345 55
345 103
345 106
345 149
345 236
345 255
345 293
345 298
345 45
346 61
346 167
346 217
346 239
346 286
346 46
347 23
347 77
347 90
347 104
347 118
347 131
347 141
347 241
347 275
347 276
347 47
348 170
348 241
348 259
348 265
348 289
348 48
349 13
349 157
349 215
349 49
350 66
350 91
350 152
350 235
350 50
351 49
351 52
351 195
351 220
351 51
352 32
352 36
352 167
352 203
352 214
352 262
352 264
352 274
352 52
353 111
353 127
353 173
353 213
353 248
353 267
353 53
354 50
354 62
354 178
354 229
354 235
354 279
354 54
355 9
355 51
355 60
355 70
355 86
355 89
355 90
355 94
355 105
355 133
355 168
355 170
355 253
355 291
355 55
356 33
356 68
356 89
356 127
356 134
356 153
356 171
356 200
356 243
356 56
357 24
357 90
357 95
357 206
357 218
357 236
357 284
357 57
358 4
358 56
358 98
358 154
358 209
358 249
358 58
359 80
359 276
359 59
360 35
360 37
360 48
360 103
360 244
360 258
360 60
361 108
361 141
361 61
362 89
362 127
362 134
362 239
362 254
362 262
362 62
363 74
363 97
363 168
363 196
363 239
363 63
364 61
364 144
364 231
364 64
365 24
365 104
365 153
365 166
365 294
365 65
366 5
366 24
366 27
366 155
366 238
366 66
367 21
367 72
367 127
367 137
367 197
367 266
367 67
368 80
368 146
368 188
368 212
368 230
368 283
368 68
369 19
369 72
369 100
369 110
369 157
369 187
369 279
369 69
370 24
370 33
370 147
370 178
370 180
370 223
370 70
371 8
371 31
371 86
371 88
371 150
371 165
371 278
371 71
372 27
372 176
372 72
373 39
373 280
373 73
374 134
374 140
374 158
374 211
374 240
374 278
374 74
375 4
375 32
375 157
375 177
375 224
375 261
375 264
375 75
376 2
376 10
376 47
376 64
376 120
376 140
376 210
376 240
376 76
377 44
377 97
377 110
377 133
377 156
377 165
377 215
377 221
377 263
377 289
377 77
378 13
378 24
378 40
378 108
378 159
378 173
378 255
378 78
379 49
379 109
379 193
379 226
379 254
379 263
379 79
380 47
380 89
380 268
380 292
380 80
381 84
381 106
381 116
381 81
382 20
382 82
382 121
382 131
382 138
382 150
382 151
382 180
382 181
382 242
383 150
383 161
383 212
383 287
383 83
384 36
384 105
384 121
384 155
384 159
384 202
384 237
384 84
385 254
385 255
385 265
385 298
385 85
386 29
386 40
386 73
386 78
386 80
386 110
386 149
386 163
386 219
386 248
386 298
386 86
387 67
387 70
387 115
387 181
387 190
387 235
387 247
387 263
387 87
388 3
388 60
388 64
388 150
388 168
388 172
388 209
388 226
388 233
388 88
389 93
389 179
389 246
389 258
389 275
389 284
389 89
390 119
390 272
390 90
391 9
391 36
391 102
391 211
391 221
391 284
391 91
392 76
392 79
392 94
392 116
392 177
392 216
392 92
393 125
393 93
394 109
394 117
394 141
394 142
394 217
394 283
394 94
395 97
395 101
395 161
395 182
395 202
395 257
395 95
396 44
396 148
396 177
396 219
396 283
396 96
397 189
397 273
397 292
397 97
398 9
398 14
398 80
398 97
398 148
398 171
398 178
398 196
398 277
398 98
399 201
399 202
399 247
399 99
400 55
400 119
400 155
400 184
400 269
400 100
401 66
401 82
401 116
401 148
401 202
401 229
401 271
401 101
402 18
402 33
402 47
402 74
402 108
402 203
402 102
403 18
403 53
403 108
403 154
403 197
403 285
403 286
403 103
404 34
404 45
404 75
404 110
404 127
404 131
404 153
404 236
404 263
404 104
405 11
405 74
405 106
405 263
405 269
405 287
405 105
406 56
406 58
406 93
406 95
406 145
406 199
406 217
406 106
407 18
407 91
407 92
407 253
407 258
407 262
407 264
407 275
407 289
407 107
408 72
408 96
408 148
408 161
408 211
408 234
408 263
408 287
408 108
409 38
409 56
409 108
409 112
409 130
409 157
409 290
409 109
410 236
410 237
410 239
410 258
410 292
410 110
411 75
411 191
411 210
411 222
411 111
412 37
412 92
412 161
412 168
412 169
412 198
412 199
412 231
412 112
413 5
413 34
413 119
413 183
413 267
413 291
413 296
413 113
414 17
414 62
414 198
414 211
414 226
414 114
415 23
415 58
415 66
415 185
415 186
415 261
415 115
416 180
416 192
416 116
417 35
417 95
417 118
417 135
417 205
417 217
417 277
417 292
417 117
418 33
418 79
418 122
418 228
418 234
418 118
419 22
419 153
419 160
419 288
419 119
420 16
420 42
420 53
420 93
420 111
420 172
420 192
420 201
420 222
420 262
420 279
420 120
421 6
421 35
421 60
421 63
421 66
421 84
421 124
421 158
421 247
421 121
422 58
422 63
422 111
422 131
422 135
422 231
422 122
423 35
423 57
423 96
423 101
423 146
423 123
424 50
424 51
424 124
424 127
424 246
424 261
425 25
425 32
425 82
425 136
425 157
425 280
425 125
426 21
426 42
426 47
426 167
426 186
426 283
426 126
427 85
427 206
427 244
427 127
428 23
428 285
428 128
429 28
429 92
429 102
429 142
429 146
429 152
429 161
429 182
429 202
429 266
429 269
429 129
430 20
430 98
430 116
430 294
430 130
431 2
431 22
431 25
431 40
431 148
431 281
431 131
432 9
432 133
432 140
432 202
432 288
432 293
432 132
433 255
433 283
433 133
434 6
434 82
434 127
434 206
434 234
434 134
435 14
435 92
435 209
435 263
435 135
436 4
436 15
436 62
436 81
436 102
436 139
436 270
436 281
436 288
436 136
437 32
437 66
437 80
437 85
437 235
437 289
437 137
438 75
438 79
438 123
438 131
438 181
438 188
438 296
438 138
439 149
439 226
439 139
440 14
440 15
440 121
440 238
440 140
441 26
441 127
441 197
441 223
441 250
441 295
441 141
442 154
442 281
442 142
443 40
443 79
443 200
443 287
443 299
443 143
444 19
444 42
444 150
444 144
445 11
445 109
445 125
445 147
445 179
445 237
445 145
446 156
446 198
446 236
446 237
446 295
446 298
446 146
447 27
447 45
447 58
447 96
447 157
447 195
447 238
447 281
447 147
448 16
448 20
448 26
448 208
448 272
448 148
449 81
449 203
449 217
449 149
450 95
450 121
450 125
450 150
451 0
451 106
451 117
451 118
451 210
451 286
451 151
452 54
452 75
452 83
452 99
452 225
452 261
452 152
453 29
453 36
453 92
453 167
453 169
453 189
453 153
454 91
454 124
454 190
454 231
454 154
455 32
455 81
455 88
455 131
455 177
455 193
455 292
455 155
456 34
456 44
456 216
456 226
456 268
456 285
456 156
457 112
457 178
457 281
457 157
458 6
458 48
458 90
458 97
458 124
458 152
458 244
458 262
458 158
459 110
459 126
459 131
459 263
459 296
459 159
460 18
460 248
460 261
460 160
461 210
461 240
461 291
461 161
462 46
462 51
462 67
462 190
462 227
462 240
462 258
462 265
462 162
463 12
463 47
463 57
463 235
463 281
463 163
464 8
464 42
464 89
464 125
464 253
464 164
465 59
465 70
465 162
465 178
465 233
465 275
465 280
465 286
465 296
465 165
466 100
466 173
466 180
466 191
466 214
466 166
467 2
467 80
467 160
467 187
467 269
467 276
467 167
468 34
468 76
468 164
468 173
468 205
468 254
468 262
468 281
468 290
468 168
469 33
469 43
469 64
469 102
469 137
469 193
469 206
469 169
470 133
470 146
470 166
470 295
470 170
471 46
471 112
471 293
471 171
472 6
472 29
472 243
472 172
473 34
473 51
473 104
473 116
473 164
473 241
473 173
474 103
474 180
474 247
474 174
475 16
475 30
475 76
475 114
475 191
475 198
475 216
475 254
475 257
475 175
476 119
476 122
476 157
476 197
476 206
476 220
476 233
476 275
476 176
477 12
477 76
477 77
477 81
477 116
477 142
477 149
477 170
477 268
477 177
478 21
478 91
478 168
478 188
478 218
478 243
478 288
478 292
478 178
479 9
479 29
479 41
479 43
479 55
479 141
479 179
480 81
480 83
480 92
480 164
480 169
480 178
480 185
480 231
480 245
480 180
481 26
481 41
481 105
481 119
481 181
482 140
482 228
482 182
483 32
483 40
483 51
483 105
483 138
483 189
483 216
483 240
483 269
483 292
483 183
484 61
484 83
484 145
484 227
484 299
484 184
485 69
485 89
485 127
485 149
485 152
485 262
485 185
486 27
486 212
486 213
486 222
486 276
486 292
486 186
487 34
487 39
487 53
487 77
487 136
487 138
487 142
487 188
487 243
487 187
488 8
488 16
488 67
488 79
488 86
488 127
488 176
488 196
488 210
488 188
489 28
489 50
489 64
489 65
489 72
489 176
489 189
490 25
490 32
490 91
490 92
490 121
490 141
490 143
490 146
490 191
490 201
490 271
490 276
490 190
491 159
491 209
491 191
492 85
492 91
492 139
492 159
492 241
492 259
492 296
492 192
493 7
493 131
493 143
493 204
493 223
493 295
493 193
494 6
494 13
494 20
494 21
494 41
494 135
494 140
494 167
494 253
494 194
495 55
495 65
495 89
495 111
495 195
495 260
496 38
496 44
496 138
496 235
496 278
496 196
497 5
497 27
497 121
497 268
497 197
498 23
498 75
498 188
498 279
498 198
499 40
499 111
499 167
499 188
499 282
499 286
499 199
500 17
500 73
500 158
500 179
500 214
500 246
500 271
500 290
500 200
501 13
501 59
501 62
501 65
501 77
501 103
501 115
501 232
501 201
502 24
502 28
502 142
502 202
503 27
503 143
503 144
503 146
503 190
503 224
503 233
503 273
503 281
503 203
504 82
504 165
504 279
504 204
505 1
505 66
505 71
505 97
505 119
505 139
505 140
505 248
505 255
505 274
505 205
506 90
506 174
506 206
507 33
507 85
507 125
507 285
507 207
508 14
508 84
508 168
508 198
508 221
508 295
508 208
509 69
509 164
509 193
509 263
509 285
509 209
510 17
510 148
510 219
510 268
510 274
510 290
510 210
511 7
511 33
511 102
511 115
511 241
511 256
511 211
512 17
512 37
512 174
512 289
512 298
512 212
513 13
513 57
513 236
513 296
513 213
514 6
514 37
514 75
514 78
514 82
514 106
514 115
514 201
514 207
514 267
514 280
514 214
515 35
515 45
515 123
515 143
515 203
515 251
515 277
515 296
515 215
516 18
516 21
516 92
516 141
516 231
516 216
517 59
517 107
517 136
517 233
517 217
518 39
518 80
518 141
518 169
518 268
518 218
519 119
519 137
519 139
519 256
519 274
519 219
520 55
520 70
520 111
520 209
520 285
520 297
520 220
521 109
521 112
521 163
521 249
521 277
521 279
521 287
521 221
522 124
522 222
523 4
523 20
523 25
523 71
523 112
523 128
523 155
523 192
523 223
524 24
524 104
524 114
524 172
524 179
524 196
524 205
524 255
524 224
525 35
525 189
525 236
525 225
526 5
526 21
526 60
526 122
526 212
526 265
526 226
527 50
527 55
527 74
527 79
527 108
527 180
527 248
527 289
527 227
528 58
528 129
528 177
528 228
529 79
529 88
529 126
529 195
529 204
529 211
529 229
530 27
530 98
530 146
530 160
530 164
530 167
530 176
530 186
530 190
530 211
530 251
530 230
531 3
531 14
531 78
531 82
531 256
531 269
531 295
531 231
532 25
532 26
532 52
532 78
532 215
532 232
533 0
533 105
533 120
533 132
533 187
533 194
533 227
533 229
533 233
534 42
534 85
534 184
534 232
534 239
534 257
534 265
534 267
534 234
535 9
535 35
535 72
535 131
535 149
535 235
536 20
536 122
536 201
536 236
537 10
537 24
537 136
537 193
537 195
537 237
538 77
538 87
538 278
538 238
539 4
539 7
539 34
539 76
539 118
539 157
539 198
539 217
539 239
540 41
540 89
540 240
541 16
541 38
541 50
541 74
541 94
541 96
541 155
541 189
541 268
541 287
541 241
542 7
542 35
542 85
542 134
542 139
542 146
542 181
542 268
542 242
543 38
543 51
543 53
543 88
543 158
543 163
543 200
543 207
543 210
543 217
543 225
543 227
543 254
543 264
543 243
544 2
544 5
544 20
544 33
544 55
544 147
544 293
544 244
545 60
545 109
545 148
545 229
545 248
545 267
545 275
545 276
545 280
545 245
546 90
546 162
546 204
546 269
546 246
547 28
547 33
547 49
547 54
547 116
547 121
547 166
547 179
547 193
547 210
547 234
547 247
548 18
548 55
548 66
548 79
548 168
548 201
548 231
548 273
548 248
549 44
549 68
549 73
549 89
549 96
549 113
549 117
549 174
549 249
550 21
550 65
550 113
550 202
550 244
550 263
550 266
550 250
551 37
551 51
551 99
551 148
551 252
551 271
551 275
551 251
552 9
552 20
552 56
552 115
552 183
552 206
552 244
552 252
553 95
553 117
553 127
553 131
553 240
553 257
553 287
553 292
553 253
554 116
554 161
554 173
554 213
554 219
554 254
555 22
555 29
555 78
555 104
555 127
555 148
555 161
555 255
556 43
556 55
556 192
556 256
557 102
557 164
557 229
557 260
557 257
558 32
558 50
558 71
558 111
558 210
558 231
558 268
558 292
558 297
558 258
559 37
559 66
559 71
559 98
559 105
559 129
559 233
559 234
559 259
560 34
560 54
560 56
560 145
560 235
560 246
560 247
560 260
561 120
561 156
561 161
561 208
561 229
561 270
561 294
561 261
562 39
562 44
562 128
562 138
562 193
562 208
562 215
562 262
563 10
563 64
563 116
563 267
563 263
564 124
564 146
564 158
564 159
564 194
564 199
564 229
564 233
564 256
564 264
565 56
565 78
565 265
566 35
566 287
566 266
567 12
567 267
568 29
568 53
568 127
568 136
568 171
568 172
568 197
568 232
568 271
568 289
568 268
569 10
569 53
569 67
569 70
569 150
569 180
569 260
569 298
569 269
570 15
570 26
570 31
570 243
570 288
570 289
570 292
570 270
571 86
571 121
571 131
571 205
571 215
571 216
571 271
572 33
572 61
572 82
572 90
572 112
572 269
572 272
573 12
573 139
573 159
573 170
573 272
573 273
574 28
574 109
574 113
574 177
574 223
574 244
574 257
574 274
575 43
575 74
575 125
575 207
575 233
575 294
575 275
576 1
576 16
576 102
576 123
576 203
576 209
576 214
576 276
577 53
577 152
577 182
577 239
577 290
577 277
578 47
578 76
578 82
578 101
578 161
578 207
578 227
578 276
578 278
579 40
579 111
579 158
579 188
579 200
579 208
579 222
579 257
579 259
579 283
579 279
580 23
580 143
580 145
580 153
580 160
580 165
580 214
580 276
580 281
580 280
581 0
581 40
581 47
581 88
581 198
581 199
581 266
581 281
582 68
582 124
582 191
582 250
582 298
582 282
583 45
583 49
583 84
583 175
583 189
583 226
583 265
583 271
583 278
583 283
584 161
584 173
584 179
584 206
584 221
584 281
584 284
585 1
585 107
585 114
585 121
585 162
585 285
586 200
586 286
587 130
587 287
588 70
588 115
588 239
588 280
588 286
588 288
589 35
589 37
589 107
589 212
589 215
589 221
589 279
589 289
590 50
590 94
590 142
590 145
590 164
590 199
590 202
590 249
590 290
591 52
591 123
591 157
591 299
591 291
592 259
592 285
592 292
593 7
593 19
593 21
593 22
593 40
593 88
593 190
593 270
593 293
594 27
594 159
594 174
594 182
594 233
594 263
594 267
594 294
595 112
595 132
595 143
595 162
595 295
596 44
596 57
596 114
596 245
596 262
596 277
596 296
597 2
597 54
597 95
597 201
597 264
597 294
597 297
598 189
598 204
598 284
598 298
599 0
599 16
599 73
599 86
599 132
599 196
599 209
599 299
