  500   5415
0 264
0 277
0 296
0 335
0 338
0 358
0 362
0 366
0 392
0 422
0 480
0 1
0 2
0 8
0 16
0 17
0 27
0 38
0 50
0 60
0 64
0 65
0 66
0 69
0 73
0 120
0 125
0 131
0 144
0 160
0 170
0 174
0 185
0 190
0 195
0 204
0 208
0 211
0 216
0 217
0 225
0 232
0 238
0 240
0 250
1 332
1 386
1 425
1 467
1 0
1 21
1 26
1 28
1 29
1 42
1 63
1 69
1 70
1 73
1 88
1 112
1 131
1 148
1 169
1 178
1 184
1 189
1 191
1 200
1 203
1 219
1 225
1 228
1 239
1 240
1 251
2 282
2 358
2 380
2 409
2 420
2 457
2 0
2 8
2 14
2 16
2 22
2 25
2 39
2 48
2 49
2 53
2 62
2 73
2 77
2 78
2 96
2 99
2 110
2 113
2 122
2 125
2 126
2 129
2 148
2 155
2 166
2 173
2 189
2 225
2 227
2 252
3 250
3 360
3 371
3 493
3 494
3 5
3 25
3 31
3 39
3 50
3 52
3 59
3 62
3 71
3 81
3 89
3 104
3 111
3 119
3 151
3 163
3 165
3 185
3 192
3 203
3 230
3 243
3 253
4 285
4 316
4 317
4 334
4 355
4 403
4 424
4 445
4 472
4 27
4 53
4 62
4 73
4 82
4 111
4 113
4 123
4 124
4 128
4 129
4 147
4 175
4 178
4 179
4 200
4 205
4 235
4 239
4 254
5 262
5 279
5 284
5 299
5 309
5 316
5 319
5 364
5 392
5 434
5 436
5 438
5 448
5 489
5 491
5 3
5 22
5 23
5 34
5 52
5 59
5 67
5 79
5 81
5 98
5 110
5 128
5 134
5 155
5 170
5 173
5 209
5 226
5 239
5 246
5 255
6 262
6 263
6 293
6 334
6 358
6 379
6 399
6 434
6 462
6 473
6 486
6 10
6 42
6 43
6 54
6 58
6 68
6 95
6 96
6 98
6 100
6 109
6 113
6 127
6 134
6 143
6 152
6 155
6 158
6 162
6 163
6 164
6 177
6 180
6 183
6 184
6 201
6 206
6 213
6 226
6 227
6 256
7 270
7 309
7 390
7 421
7 448
7 455
7 481
7 24
7 42
7 55
7 58
7 63
7 68
7 83
7 108
7 114
7 127
7 140
7 147
7 203
7 231
7 234
7 246
7 247
7 257
8 309
8 322
8 337
8 451
8 496
8 0
8 2
8 39
8 77
8 126
8 135
8 142
8 146
8 154
8 163
8 166
8 168
8 180
8 186
8 208
8 211
8 213
8 237
8 243
8 258
9 320
9 337
9 360
9 367
9 392
9 412
9 435
9 438
9 451
9 457
9 485
9 15
9 21
9 23
9 24
9 60
9 77
9 79
9 99
9 102
9 103
9 104
9 123
9 124
9 125
9 155
9 171
9 191
9 192
9 203
9 206
9 207
9 209
9 215
9 217
9 218
9 238
9 239
9 244
9 245
9 259
10 299
10 368
10 399
10 421
10 447
10 449
10 452
10 6
10 20
10 26
10 35
10 65
10 70
10 81
10 83
10 89
10 100
10 119
10 120
10 138
10 142
10 164
10 172
10 179
10 181
10 195
10 201
10 215
10 224
10 241
10 260
11 265
11 307
11 319
11 327
11 337
11 339
11 344
11 384
11 416
11 440
11 479
11 15
11 17
11 48
11 61
11 62
11 63
11 64
11 65
11 78
11 87
11 89
11 92
11 95
11 97
11 101
11 114
11 123
11 128
11 131
11 147
11 167
11 171
11 180
11 187
11 211
11 229
11 245
11 261
12 256
12 279
12 294
12 299
12 318
12 365
12 397
12 406
12 423
12 436
12 444
12 462
12 20
12 23
12 28
12 41
12 43
12 56
12 58
12 80
12 106
12 112
12 134
12 144
12 149
12 151
12 159
12 174
12 192
12 203
12 209
12 221
12 227
12 238
12 249
12 262
13 301
13 306
13 312
13 356
13 382
13 395
13 402
13 440
13 17
13 31
13 45
13 50
13 75
13 85
13 86
13 91
13 95
13 99
13 100
13 102
13 105
13 107
13 111
13 140
13 147
13 154
13 156
13 160
13 165
13 169
13 179
13 187
13 190
13 197
13 203
13 208
13 209
13 212
13 215
13 218
13 221
13 224
13 225
13 232
13 263
14 266
14 284
14 288
14 310
14 336
14 414
14 437
14 475
14 2
14 15
14 40
14 41
14 47
14 48
14 55
14 60
14 70
14 88
14 100
14 121
14 122
14 133
14 142
14 144
14 152
14 161
14 165
14 166
14 176
14 177
14 194
14 197
14 205
14 208
14 223
14 236
14 238
14 241
14 249
14 264
15 262
15 287
15 426
15 496
15 9
15 11
15 14
15 18
15 26
15 33
15 34
15 39
15 45
15 49
15 59
15 64
15 91
15 100
15 101
15 109
15 117
15 120
15 121
15 123
15 137
15 139
15 146
15 148
15 160
15 169
15 219
15 222
15 265
16 301
16 326
16 396
16 400
16 0
16 2
16 27
16 36
16 40
16 59
16 72
16 76
16 78
16 88
16 95
16 116
16 128
16 143
16 154
16 155
16 178
16 184
16 190
16 199
16 216
16 228
16 237
16 266
17 278
17 289
17 315
17 320
17 327
17 346
17 355
17 434
17 440
17 494
17 0
17 11
17 13
17 18
17 25
17 28
17 74
17 76
17 78
17 93
17 94
17 105
17 108
17 136
17 139
17 142
17 148
17 175
17 181
17 183
17 201
17 206
17 215
17 216
17 245
17 246
17 267
18 251
18 299
18 312
18 330
18 372
18 427
18 429
18 15
18 17
18 40
18 43
18 53
18 72
18 93
18 110
18 112
18 125
18 158
18 161
18 207
18 235
18 268
19 273
19 317
19 357
19 385
19 388
19 395
19 411
19 28
19 30
19 49
19 54
19 67
19 68
19 73
19 75
19 85
19 86
19 96
19 107
19 108
19 123
19 127
19 133
19 137
19 139
19 145
19 152
19 158
19 189
19 191
19 206
19 207
19 210
19 231
19 237
19 269
20 274
20 304
20 432
20 469
20 492
20 10
20 12
20 28
20 46
20 48
20 56
20 59
20 63
20 66
20 101
20 108
20 113
20 117
20 118
20 160
20 166
20 170
20 172
20 221
20 237
20 238
20 270
21 293
21 316
21 317
21 361
21 375
21 384
21 473
21 486
21 495
21 1
21 9
21 22
21 34
21 42
21 69
21 88
21 113
21 118
21 126
21 141
21 144
21 159
21 163
21 195
21 204
21 209
21 220
21 222
21 224
21 228
21 237
21 239
21 242
21 249
21 271
22 286
22 295
22 315
22 347
22 390
22 399
22 400
22 431
22 432
22 453
22 476
22 492
22 2
22 5
22 21
22 51
22 58
22 59
22 68
22 70
22 74
22 91
22 100
22 101
22 102
22 107
22 140
22 144
22 150
22 160
22 164
22 173
22 178
22 181
22 185
22 186
22 202
22 205
22 224
22 226
22 230
22 246
22 272
23 323
23 352
23 364
23 384
23 5
23 9
23 12
23 36
23 39
23 59
23 61
23 71
23 72
23 74
23 90
23 99
23 101
23 109
23 111
23 129
23 131
23 132
23 133
23 134
23 152
23 161
23 162
23 165
23 169
23 174
23 202
23 208
23 273
24 270
24 286
24 298
24 315
24 349
24 405
24 464
24 7
24 9
24 26
24 28
24 45
24 53
24 65
24 66
24 88
24 94
24 129
24 133
24 154
24 179
24 186
24 208
24 220
24 232
24 274
25 257
25 261
25 299
25 379
25 386
25 409
25 424
25 428
25 486
25 2
25 3
25 17
25 32
25 33
25 45
25 61
25 62
25 63
25 64
25 66
25 85
25 86
25 96
25 103
25 110
25 113
25 114
25 115
25 117
25 119
25 124
25 133
25 139
25 150
25 168
25 169
25 176
25 183
25 189
25 190
25 245
25 275
26 264
26 360
26 380
26 407
26 416
26 442
26 456
26 1
26 10
26 15
26 24
26 29
26 30
26 41
26 58
26 61
26 74
26 105
26 111
26 120
26 125
26 126
26 135
26 148
26 149
26 151
26 195
26 201
26 205
26 215
26 231
26 235
26 240
26 276
27 319
27 371
27 382
27 384
27 386
27 422
27 431
27 444
27 499
27 0
27 4
27 16
27 50
27 56
27 57
27 62
27 66
27 70
27 77
27 79
27 97
27 106
27 112
27 114
27 117
27 129
27 133
27 164
27 171
27 172
27 175
27 182
27 185
27 196
27 215
27 220
27 222
27 226
27 233
27 241
27 277
28 253
28 297
28 302
28 315
28 430
28 475
28 488
28 1
28 12
28 17
28 19
28 20
28 24
28 46
28 60
28 82
28 83
28 85
28 87
28 109
28 123
28 144
28 153
28 162
28 164
28 168
28 169
28 191
28 192
28 195
28 200
28 211
28 213
28 228
28 278
29 275
29 280
29 328
29 388
29 397
29 402
29 424
29 436
29 449
29 494
29 1
29 26
29 33
29 77
29 78
29 92
29 95
29 96
29 106
29 118
29 121
29 125
29 130
29 132
29 137
29 147
29 159
29 164
29 176
29 188
29 190
29 192
29 196
29 215
29 240
29 242
29 279
30 254
30 262
30 289
30 311
30 391
30 395
30 19
30 26
30 39
30 44
30 61
30 63
30 95
30 100
30 114
30 115
30 122
30 124
30 130
30 135
30 142
30 145
30 149
30 165
30 177
30 196
30 197
30 200
30 222
30 233
30 240
30 241
30 246
30 247
30 248
30 280
31 313
31 366
31 406
31 470
31 3
31 13
31 34
31 35
31 36
31 41
31 83
31 87
31 92
31 100
31 106
31 124
31 132
31 134
31 138
31 149
31 163
31 172
31 187
31 194
31 212
31 230
31 242
31 249
31 281
32 270
32 316
32 329
32 357
32 369
32 373
32 375
32 379
32 397
32 400
32 451
32 462
32 470
32 477
32 25
32 43
32 46
32 52
32 67
32 71
32 97
32 104
32 106
32 107
32 127
32 134
32 136
32 191
32 192
32 199
32 213
32 218
32 221
32 229
32 239
32 282
33 280
33 435
33 444
33 446
33 451
33 460
33 469
33 490
33 15
33 25
33 29
33 35
33 42
33 44
33 54
33 73
33 78
33 85
33 88
33 89
33 95
33 99
33 103
33 112
33 114
33 124
33 152
33 159
33 170
33 171
33 172
33 184
33 196
33 224
33 232
33 283
34 278
34 279
34 301
34 302
34 307
34 315
34 440
34 481
34 486
34 490
34 5
34 15
34 21
34 31
34 56
34 60
34 74
34 76
34 98
34 100
34 109
34 116
34 126
34 129
34 136
34 153
34 166
34 170
34 184
34 187
34 188
34 202
34 208
34 225
34 237
34 245
34 284
35 258
35 273
35 310
35 327
35 399
35 407
35 416
35 445
35 450
35 10
35 31
35 33
35 54
35 70
35 78
35 83
35 88
35 100
35 107
35 118
35 121
35 143
35 147
35 154
35 155
35 162
35 172
35 195
35 201
35 210
35 222
35 224
35 225
35 244
35 285
36 257
36 279
36 282
36 284
36 416
36 468
36 16
36 23
36 31
36 41
36 46
36 50
36 51
36 57
36 59
36 71
36 76
36 88
36 92
36 111
36 114
36 133
36 140
36 143
36 147
36 163
36 169
36 192
36 195
36 201
36 217
36 237
36 238
36 286
37 257
37 280
37 315
37 345
37 358
37 361
37 377
37 420
37 427
37 472
37 51
37 53
37 58
37 66
37 76
37 91
37 96
37 100
37 101
37 112
37 120
37 124
37 128
37 148
37 149
37 150
37 151
37 171
37 177
37 180
37 203
37 205
37 208
37 211
37 214
37 223
37 287
38 259
38 367
38 379
38 449
38 457
38 469
38 483
38 0
38 40
38 62
38 81
38 88
38 90
38 102
38 111
38 121
38 122
38 130
38 144
38 168
38 171
38 188
38 205
38 225
38 230
38 236
38 239
38 249
38 288
39 342
39 351
39 400
39 473
39 476
39 2
39 3
39 8
39 15
39 23
39 30
39 62
39 91
39 119
39 121
39 127
39 130
39 144
39 179
39 187
39 214
39 227
39 231
39 239
39 289
40 250
40 270
40 288
40 441
40 457
40 489
40 14
40 16
40 18
40 38
40 44
40 46
40 52
40 62
40 72
40 74
40 77
40 87
40 93
40 100
40 104
40 147
40 167
40 171
40 180
40 192
40 196
40 209
40 212
40 222
40 290
41 263
41 271
41 297
41 336
41 378
41 398
41 403
41 491
41 12
41 14
41 26
41 31
41 36
41 58
41 67
41 72
41 81
41 89
41 94
41 95
41 105
41 106
41 125
41 143
41 175
41 202
41 225
41 227
41 237
41 291
42 253
42 257
42 258
42 271
42 341
42 348
42 368
42 417
42 1
42 6
42 7
42 21
42 33
42 55
42 67
42 70
42 75
42 76
42 79
42 84
42 85
42 95
42 132
42 142
42 157
42 292
43 280
43 291
43 372
43 452
43 480
43 6
43 12
43 18
43 32
43 60
43 62
43 86
43 89
43 91
43 96
43 97
43 109
43 121
43 138
43 142
43 175
43 183
43 194
43 203
43 210
43 220
43 222
43 228
43 230
43 235
43 242
43 243
43 293
44 279
44 280
44 303
44 333
44 356
44 357
44 358
44 389
44 30
44 33
44 40
44 51
44 57
44 60
44 63
44 76
44 82
44 104
44 110
44 122
44 130
44 138
44 139
44 182
44 192
44 200
44 201
44 211
44 220
44 227
44 238
44 294
45 330
45 347
45 391
45 464
45 475
45 495
45 13
45 15
45 24
45 25
45 54
45 60
45 68
45 69
45 78
45 80
45 93
45 111
45 118
45 120
45 121
45 150
45 165
45 178
45 184
45 185
45 189
45 214
45 225
45 226
45 235
45 242
45 295
46 260
46 295
46 301
46 302
46 336
46 368
46 389
46 412
46 437
46 491
46 20
46 28
46 32
46 36
46 40
46 50
46 53
46 56
46 63
46 69
46 73
46 77
46 78
46 81
46 82
46 92
46 101
46 104
46 118
46 127
46 140
46 141
46 147
46 151
46 155
46 164
46 167
46 199
46 241
46 296
47 253
47 282
47 304
47 312
47 319
47 340
47 359
47 433
47 14
47 67
47 69
47 70
47 83
47 86
47 113
47 121
47 123
47 150
47 151
47 157
47 161
47 176
47 190
47 195
47 201
47 203
47 209
47 236
47 297
48 277
48 313
48 327
48 339
48 355
48 358
48 381
48 402
48 423
48 430
48 467
48 482
48 488
48 495
48 2
48 11
48 14
48 20
48 57
48 60
48 64
48 77
48 110
48 113
48 117
48 133
48 135
48 142
48 152
48 160
48 171
48 177
48 186
48 204
48 205
48 218
48 232
48 245
48 298
49 252
49 285
49 326
49 354
49 363
49 453
49 2
49 15
49 19
49 59
49 64
49 66
49 78
49 91
49 95
49 99
49 112
49 114
49 126
49 129
49 137
49 139
49 145
49 151
49 158
49 160
49 178
49 180
49 186
49 189
49 190
49 218
49 224
49 226
49 244
49 246
49 249
49 299
50 317
50 334
50 339
50 353
50 380
50 431
50 478
50 0
50 3
50 13
50 27
50 36
50 46
50 55
50 58
50 60
50 64
50 71
50 75
50 78
50 82
50 91
50 104
50 115
50 137
50 138
50 142
50 146
50 178
50 180
50 188
50 218
50 220
50 239
50 300
51 269
51 272
51 278
51 286
51 368
51 22
51 36
51 37
51 44
51 56
51 61
51 63
51 69
51 82
51 84
51 86
51 102
51 104
51 110
51 112
51 113
51 114
51 128
51 140
51 150
51 165
51 171
51 185
51 201
51 203
51 227
51 237
51 245
51 301
52 252
52 257
52 285
52 322
52 332
52 344
52 354
52 369
52 392
52 443
52 485
52 3
52 5
52 32
52 40
52 54
52 55
52 59
52 66
52 85
52 92
52 124
52 143
52 148
52 151
52 192
52 209
52 211
52 213
52 219
52 228
52 248
52 302
53 291
53 319
53 375
53 446
53 469
53 472
53 2
53 4
53 18
53 24
53 37
53 46
53 60
53 64
53 77
53 78
53 85
53 87
53 88
53 132
53 135
53 146
53 155
53 174
53 181
53 199
53 201
53 202
53 217
53 247
53 303
54 386
54 432
54 6
54 19
54 33
54 35
54 45
54 52
54 76
54 78
54 82
54 101
54 120
54 154
54 163
54 171
54 194
54 200
54 207
54 212
54 220
54 232
54 243
54 245
54 304
55 258
55 272
55 278
55 290
55 317
55 335
55 373
55 416
55 439
55 446
55 457
55 471
55 7
55 14
55 42
55 50
55 52
55 65
55 75
55 77
55 80
55 83
55 100
55 105
55 117
55 133
55 149
55 150
55 158
55 160
55 172
55 174
55 184
55 199
55 237
55 248
55 305
56 335
56 347
56 352
56 356
56 367
56 444
56 494
56 12
56 20
56 27
56 34
56 46
56 51
56 62
56 64
56 69
56 73
56 75
56 76
56 84
56 97
56 100
56 106
56 132
56 139
56 141
56 160
56 185
56 193
56 208
56 221
56 223
56 224
56 248
56 306
57 259
57 315
57 335
57 397
57 419
57 459
57 27
57 36
57 44
57 48
57 67
57 71
57 79
57 85
57 89
57 96
57 100
57 101
57 103
57 105
57 107
57 109
57 111
57 117
57 120
57 125
57 127
57 143
57 159
57 169
57 187
57 199
57 206
57 207
57 227
57 232
57 236
57 238
57 242
57 244
57 246
57 248
57 307
58 251
58 282
58 285
58 308
58 365
58 366
58 411
58 446
58 474
58 6
58 7
58 12
58 22
58 26
58 37
58 41
58 50
58 60
58 77
58 94
58 103
58 105
58 109
58 118
58 133
58 156
58 168
58 176
58 189
58 194
58 198
58 208
58 223
58 237
58 242
59 272
59 278
59 280
59 299
59 302
59 354
59 437
59 486
59 3
59 5
59 15
59 16
59 20
59 22
59 23
59 36
59 49
59 52
59 98
59 106
59 107
59 124
59 132
59 137
59 156
59 161
59 179
59 195
59 199
59 200
59 203
59 225
59 230
59 246
59 249
59 309
60 279
60 290
60 312
60 340
60 416
60 460
60 0
60 9
60 14
60 28
60 34
60 43
60 44
60 45
60 48
60 50
60 53
60 58
60 62
60 66
60 78
60 81
60 85
60 86
60 114
60 119
60 148
60 152
60 157
60 169
60 171
60 175
60 183
60 189
60 199
60 202
60 203
60 212
60 214
60 216
60 229
60 247
60 310
61 260
61 280
61 436
61 487
61 11
61 23
61 25
61 26
61 30
61 51
61 62
61 67
61 76
61 105
61 123
61 128
61 135
61 139
61 145
61 150
61 158
61 168
61 176
61 184
61 204
61 207
61 208
61 220
61 229
61 249
61 311
62 274
62 295
62 330
62 490
62 2
62 3
62 4
62 11
62 25
62 27
62 38
62 39
62 40
62 43
62 56
62 60
62 61
62 71
62 91
62 95
62 109
62 114
62 119
62 122
62 126
62 159
62 185
62 206
62 211
62 217
62 219
62 227
62 231
62 239
62 240
62 242
62 312
63 286
63 322
63 332
63 382
63 411
63 436
63 446
63 448
63 454
63 1
63 7
63 11
63 20
63 25
63 30
63 44
63 46
63 51
63 97
63 129
63 143
63 186
63 189
63 190
63 197
63 199
63 215
63 216
63 218
63 222
63 228
63 313
64 301
64 318
64 354
64 378
64 383
64 387
64 491
64 0
64 11
64 15
64 25
64 48
64 49
64 50
64 53
64 56
64 74
64 93
64 96
64 99
64 104
64 122
64 128
64 130
64 132
64 150
64 151
64 159
64 169
64 172
64 177
64 186
64 187
64 190
64 193
64 204
64 214
64 217
64 220
64 222
64 226
64 242
64 314
65 299
65 342
65 432
65 481
65 490
65 497
65 499
65 0
65 10
65 11
65 24
65 55
65 70
65 79
65 82
65 88
65 111
65 112
65 118
65 119
65 131
65 133
65 145
65 153
65 183
65 211
65 214
65 220
65 221
65 233
65 315
66 270
66 284
66 310
66 324
66 370
66 470
66 476
66 477
66 0
66 20
66 24
66 25
66 27
66 37
66 49
66 52
66 60
66 75
66 83
66 97
66 105
66 115
66 121
66 130
66 134
66 140
66 145
66 151
66 154
66 168
66 175
66 178
66 186
66 188
66 213
66 229
66 233
66 241
66 245
66 248
66 316
67 251
67 269
67 271
67 342
67 345
67 466
67 480
67 5
67 19
67 32
67 41
67 42
67 47
67 57
67 61
67 70
67 75
67 78
67 83
67 97
67 134
67 161
67 163
67 177
67 179
67 186
67 238
67 317
68 273
68 370
68 382
68 386
68 439
68 472
68 487
68 6
68 7
68 19
68 22
68 45
68 73
68 84
68 102
68 104
68 115
68 116
68 126
68 141
68 144
68 147
68 154
68 171
68 194
68 199
68 200
68 222
68 225
68 247
68 318
69 274
69 293
69 418
69 427
69 0
69 1
69 21
69 45
69 46
69 47
69 51
69 56
69 75
69 81
69 87
69 88
69 93
69 121
69 122
69 127
69 133
69 149
69 150
69 162
69 166
69 177
69 191
69 193
69 199
69 200
69 202
69 211
69 233
69 238
69 319
70 297
70 331
70 344
70 414
70 416
70 470
70 475
70 496
70 1
70 10
70 14
70 22
70 27
70 35
70 42
70 47
70 65
70 67
70 77
70 81
70 87
70 100
70 108
70 122
70 124
70 126
70 129
70 138
70 150
70 159
70 163
70 167
70 172
70 178
70 182
70 193
70 216
70 227
70 231
70 245
70 320
71 277
71 296
71 354
71 418
71 431
71 450
71 477
71 488
71 3
71 23
71 32
71 36
71 50
71 57
71 62
71 76
71 77
71 80
71 94
71 96
71 102
71 120
71 125
71 134
71 145
71 147
71 149
71 158
71 212
71 213
71 219
71 237
71 240
71 241
71 244
71 321
72 250
72 284
72 321
72 363
72 410
72 16
72 18
72 23
72 40
72 41
72 76
72 78
72 105
72 109
72 113
72 126
72 131
72 134
72 137
72 142
72 161
72 166
72 181
72 183
72 208
72 215
72 219
72 223
72 236
72 241
72 246
72 322
73 287
73 335
73 391
73 407
73 430
73 0
73 1
73 2
73 4
73 19
73 33
73 46
73 56
73 68
73 92
73 94
73 121
73 123
73 131
73 136
73 145
73 165
73 169
73 171
73 178
73 197
73 210
73 234
73 236
73 240
73 249
73 323
74 273
74 339
74 395
74 406
74 415
74 420
74 433
74 470
74 17
74 22
74 23
74 26
74 34
74 40
74 64
74 81
74 85
74 100
74 102
74 105
74 116
74 123
74 132
74 151
74 154
74 157
74 162
74 164
74 168
74 175
74 176
74 187
74 188
74 193
74 207
74 236
74 243
74 324
75 301
75 311
75 326
75 395
75 432
75 439
75 444
75 450
75 454
75 469
75 486
75 494
75 496
75 498
75 13
75 19
75 42
75 50
75 55
75 56
75 66
75 67
75 69
75 81
75 94
75 107
75 108
75 109
75 134
75 149
75 150
75 154
75 156
75 160
75 167
75 179
75 185
75 205
75 223
75 234
75 240
75 247
75 325
76 319
76 320
76 332
76 355
76 367
76 380
76 388
76 461
76 16
76 17
76 34
76 36
76 37
76 42
76 44
76 54
76 56
76 61
76 71
76 72
76 82
76 85
76 114
76 157
76 169
76 175
76 176
76 187
76 204
76 205
76 217
76 219
76 237
76 238
76 326
77 295
77 322
77 363
77 402
77 443
77 453
77 493
77 2
77 8
77 9
77 27
77 29
77 40
77 46
77 48
77 53
77 55
77 58
77 70
77 71
77 78
77 85
77 94
77 105
77 113
77 116
77 121
77 144
77 146
77 155
77 178
77 183
77 184
77 189
77 225
77 231
77 245
77 248
77 249
77 327
78 269
78 287
78 291
78 329
78 330
78 351
78 389
78 433
78 444
78 2
78 11
78 16
78 17
78 29
78 33
78 35
78 45
78 46
78 49
78 50
78 53
78 54
78 60
78 67
78 72
78 77
78 108
78 110
78 111
78 118
78 126
78 131
78 132
78 145
78 148
78 175
78 192
78 195
78 203
78 211
78 213
78 220
78 233
78 328
79 275
79 276
79 294
79 309
79 325
79 330
79 370
79 458
79 484
79 493
79 5
79 9
79 27
79 42
79 57
79 65
79 85
79 102
79 130
79 132
79 133
79 147
79 150
79 154
79 171
79 175
79 188
79 200
79 209
79 216
79 220
79 235
79 239
79 242
79 329
80 263
80 315
80 334
80 12
80 45
80 55
80 71
80 81
80 86
80 138
80 144
80 179
80 190
80 197
80 199
80 201
80 206
80 223
80 224
80 231
80 241
80 243
80 330
81 259
81 284
81 307
81 333
81 347
81 354
81 358
81 369
81 372
81 410
81 434
81 439
81 449
81 3
81 5
81 10
81 38
81 41
81 46
81 60
81 69
81 70
81 74
81 75
81 80
81 89
81 94
81 121
81 138
81 181
81 183
81 186
81 331
82 254
82 267
82 270
82 420
82 430
82 458
82 482
82 4
82 28
82 44
82 46
82 50
82 51
82 54
82 65
82 76
82 85
82 98
82 101
82 121
82 156
82 163
82 164
82 169
82 178
82 193
82 214
82 332
83 273
83 328
83 341
83 345
83 370
83 410
83 434
83 7
83 10
83 28
83 31
83 35
83 47
83 55
83 66
83 67
83 90
83 94
83 111
83 113
83 117
83 125
83 127
83 130
83 146
83 149
83 161
83 164
83 166
83 183
83 184
83 189
83 191
83 192
83 193
83 206
83 226
83 228
83 232
83 236
83 249
83 333
84 269
84 286
84 357
84 361
84 429
84 497
84 42
84 51
84 56
84 68
84 88
84 98
84 100
84 106
84 124
84 144
84 171
84 181
84 191
84 201
84 233
84 243
84 334
85 270
85 287
85 288
85 376
85 414
85 492
85 497
85 13
85 19
85 25
85 28
85 33
85 42
85 52
85 53
85 57
85 60
85 74
85 76
85 77
85 79
85 82
85 102
85 139
85 143
85 163
85 164
85 174
85 189
85 205
85 207
85 213
85 249
85 335
86 260
86 356
86 390
86 391
86 13
86 19
86 25
86 43
86 47
86 51
86 60
86 80
86 96
86 100
86 107
86 109
86 113
86 129
86 136
86 143
86 158
86 159
86 169
86 183
86 187
86 189
86 191
86 193
86 194
86 199
86 209
86 212
86 213
86 217
86 220
86 224
86 245
86 336
87 281
87 345
87 363
87 396
87 413
87 415
87 421
87 496
87 11
87 28
87 31
87 40
87 53
87 69
87 70
87 106
87 160
87 166
87 181
87 192
87 202
87 203
87 210
87 223
87 224
87 235
87 237
87 337
88 258
88 296
88 301
88 350
88 357
88 360
88 384
88 444
88 460
88 487
88 1
88 14
88 16
88 21
88 24
88 33
88 35
88 36
88 38
88 53
88 65
88 69
88 84
88 111
88 113
88 152
88 157
88 167
88 174
88 177
88 184
88 188
88 197
88 202
88 223
88 231
88 233
88 242
88 338
89 251
89 267
89 275
89 336
89 377
89 396
89 413
89 479
89 484
89 493
89 3
89 10
89 11
89 33
89 41
89 43
89 57
89 81
89 103
89 130
89 135
89 155
89 158
89 161
89 167
89 189
89 191
89 202
89 213
89 215
89 232
89 238
89 239
89 339
90 334
90 336
90 410
90 473
90 476
90 23
90 38
90 83
90 94
90 102
90 110
90 115
90 126
90 128
90 149
90 153
90 157
90 158
90 167
90 178
90 188
90 191
90 202
90 210
90 340
91 252
91 253
91 276
91 339
91 349
91 370
91 395
91 398
91 401
91 415
91 461
91 469
91 480
91 13
91 15
91 22
91 37
91 39
91 43
91 49
91 50
91 62
91 96
91 109
91 110
91 116
91 118
91 125
91 130
91 135
91 138
91 147
91 158
91 162
91 170
91 192
91 194
91 204
91 205
91 209
91 222
91 223
91 227
91 228
91 242
91 247
91 341
92 260
92 278
92 282
92 301
92 322
92 331
92 343
92 353
92 414
92 461
92 472
92 483
92 11
92 29
92 31
92 36
92 46
92 52
92 73
92 102
92 111
92 118
92 119
92 121
92 123
92 143
92 165
92 172
92 178
92 183
92 198
92 217
92 232
92 342
93 290
93 322
93 391
93 439
93 444
93 477
93 480
93 17
93 18
93 40
93 45
93 64
93 69
93 96
93 97
93 99
93 125
93 127
93 156
93 180
93 182
93 183
93 190
93 199
93 201
93 203
93 230
93 236
93 237
93 343
94 356
94 372
94 380
94 419
94 432
94 441
94 17
94 24
94 41
94 58
94 71
94 73
94 75
94 77
94 81
94 83
94 90
94 98
94 104
94 106
94 116
94 118
94 122
94 123
94 133
94 135
94 142
94 152
94 168
94 169
94 180
94 182
94 183
94 197
94 206
94 225
94 226
94 236
94 246
94 344
95 266
95 284
95 401
95 405
95 440
95 462
95 483
95 484
95 6
95 11
95 13
95 16
95 29
95 30
95 33
95 41
95 42
95 49
95 62
95 105
95 109
95 125
95 139
95 159
95 174
95 185
95 188
95 191
95 195
95 211
95 230
95 241
95 245
95 345
96 258
96 268
96 270
96 272
96 302
96 351
96 369
96 387
96 403
96 423
96 2
96 6
96 19
96 25
96 29
96 37
96 43
96 57
96 64
96 71
96 86
96 91
96 93
96 115
96 116
96 136
96 156
96 161
96 176
96 190
96 198
96 205
96 210
96 232
96 234
96 240
96 248
96 346
97 251
97 298
97 332
97 336
97 342
97 371
97 382
97 414
97 454
97 490
97 498
97 499
97 11
97 27
97 32
97 43
97 56
97 63
97 66
97 67
97 93
97 128
97 136
97 147
97 151
97 154
97 156
97 172
97 202
97 226
97 227
97 241
97 347
98 260
98 264
98 268
98 365
98 408
98 412
98 423
98 471
98 5
98 6
98 34
98 59
98 82
98 84
98 94
98 100
98 119
98 121
98 124
98 135
98 141
98 161
98 182
98 183
98 348
99 301
99 307
99 356
99 365
99 370
99 383
99 402
99 435
99 456
99 468
99 2
99 9
99 13
99 23
99 33
99 49
99 64
99 93
99 133
99 156
99 160
99 161
99 165
99 171
99 195
99 210
99 212
99 235
99 239
99 244
99 248
99 349
100 278
100 294
100 331
100 359
100 422
100 456
100 459
100 499
100 6
100 10
100 13
100 14
100 15
100 22
100 30
100 31
100 34
100 35
100 37
100 40
100 55
100 56
100 57
100 70
100 74
100 84
100 86
100 98
100 107
100 127
100 130
100 139
100 159
100 164
100 171
100 172
100 178
100 183
100 192
100 196
100 199
100 200
100 212
100 233
100 241
100 350
101 250
101 262
101 336
101 426
101 437
101 471
101 11
101 15
101 20
101 22
101 23
101 37
101 46
101 54
101 57
101 82
101 118
101 124
101 137
101 139
101 149
101 150
101 157
101 168
101 172
101 196
101 227
101 234
101 238
101 248
101 351
102 272
102 279
102 316
102 317
102 334
102 345
102 348
102 361
102 405
102 425
102 447
102 467
102 487
102 497
102 9
102 13
102 22
102 38
102 51
102 68
102 71
102 74
102 79
102 85
102 90
102 92
102 109
102 113
102 116
102 137
102 146
102 164
102 171
102 176
102 193
102 219
102 233
102 352
103 332
103 354
103 365
103 392
103 394
103 493
103 9
103 25
103 33
103 57
103 58
103 89
103 115
103 117
103 121
103 132
103 154
103 183
103 193
103 200
103 204
103 207
103 213
103 217
103 233
103 242
103 245
103 353
104 253
104 268
104 313
104 354
104 369
104 418
104 472
104 474
104 485
104 3
104 9
104 32
104 40
104 44
104 46
104 50
104 51
104 64
104 68
104 94
104 127
104 129
104 130
104 154
104 162
104 164
104 180
104 192
104 195
104 218
104 241
105 312
105 356
105 367
105 393
105 426
105 470
105 479
105 484
105 13
105 17
105 26
105 41
105 55
105 57
105 58
105 61
105 66
105 72
105 74
105 77
105 95
105 106
105 119
105 134
105 145
105 149
105 178
105 182
105 193
105 203
105 206
105 208
105 214
105 215
105 222
105 225
105 239
105 355
106 255
106 269
106 289
106 293
106 305
106 331
106 340
106 369
106 407
106 450
106 493
106 12
106 27
106 29
106 31
106 32
106 41
106 56
106 59
106 84
106 87
106 94
106 105
106 111
106 163
106 176
106 200
106 205
106 208
106 216
106 222
106 234
106 356
107 252
107 430
107 13
107 19
107 22
107 32
107 35
107 57
107 59
107 75
107 86
107 100
107 111
107 114
107 118
107 120
107 137
107 140
107 160
107 181
107 183
107 200
107 211
107 226
107 357
108 274
108 339
108 348
108 354
108 359
108 380
108 407
108 413
108 454
108 485
108 497
108 7
108 17
108 19
108 20
108 70
108 75
108 78
108 110
108 112
108 120
108 128
108 158
108 167
108 170
108 171
108 173
108 175
108 185
108 191
108 201
108 204
108 213
108 214
108 216
108 226
108 234
108 239
108 358
109 297
109 298
109 352
109 356
109 407
109 425
109 458
109 488
109 6
109 15
109 23
109 28
109 34
109 43
109 57
109 58
109 62
109 72
109 75
109 86
109 91
109 95
109 102
109 111
109 132
109 141
109 151
109 156
109 166
109 187
109 193
109 207
109 208
109 217
109 235
109 237
109 238
109 247
109 359
110 254
110 363
110 364
110 403
110 406
110 477
110 490
110 2
110 5
110 18
110 25
110 44
110 48
110 51
110 78
110 90
110 91
110 108
110 112
110 115
110 116
110 123
110 136
110 137
110 141
110 146
110 162
110 181
110 190
110 191
110 193
110 202
110 203
110 207
110 211
110 212
110 214
110 215
110 224
110 225
110 235
110 360
111 265
111 302
111 393
111 411
111 3
111 4
111 13
111 23
111 26
111 36
111 38
111 45
111 57
111 65
111 78
111 83
111 88
111 92
111 106
111 107
111 109
111 124
111 133
111 135
111 172
111 181
111 185
111 191
111 196
111 201
111 217
111 225
111 229
111 361
112 253
112 275
112 312
112 330
112 344
112 369
112 381
112 416
112 457
112 478
112 479
112 1
112 12
112 18
112 27
112 33
112 37
112 49
112 51
112 65
112 108
112 110
112 114
112 116
112 119
112 134
112 143
112 149
112 152
112 153
112 172
112 177
112 187
112 192
112 211
112 223
112 249
112 362
113 274
113 328
113 370
113 410
113 469
113 496
113 2
113 4
113 6
113 20
113 21
113 25
113 47
113 48
113 51
113 72
113 77
113 83
113 86
113 88
113 102
113 117
113 129
113 143
113 148
113 162
113 184
113 204
113 231
113 238
113 245
113 249
113 363
114 250
114 272
114 305
114 339
114 389
114 396
114 419
114 463
114 7
114 11
114 25
114 27
114 30
114 33
114 36
114 49
114 51
114 60
114 62
114 76
114 107
114 112
114 117
114 138
114 140
114 144
114 145
114 155
114 156
114 171
114 175
114 200
114 203
114 211
114 218
114 226
114 227
114 231
114 234
114 240
114 364
115 365
115 407
115 464
115 25
115 30
115 50
115 66
115 68
115 90
115 96
115 103
115 110
115 122
115 175
115 184
115 191
115 203
115 205
115 206
115 219
115 235
115 245
116 257
116 271
116 291
116 312
116 351
116 357
116 362
116 379
116 384
116 408
116 483
116 16
116 34
116 68
116 74
116 77
116 91
116 94
116 96
116 102
116 110
116 112
116 120
116 132
116 134
116 152
116 159
116 162
116 166
116 186
116 192
116 197
116 200
116 238
116 243
116 246
116 366
117 254
117 261
117 278
117 335
117 351
117 358
117 387
117 388
117 395
117 411
117 415
117 436
117 487
117 15
117 20
117 25
117 27
117 48
117 55
117 57
117 83
117 103
117 113
117 114
117 121
117 142
117 172
117 173
117 213
117 232
117 367
118 314
118 418
118 422
118 444
118 448
118 461
118 478
118 482
118 485
118 491
118 496
118 20
118 21
118 29
118 35
118 45
118 46
118 58
118 65
118 78
118 91
118 92
118 94
118 101
118 107
118 124
118 132
118 144
118 157
118 160
118 166
118 187
118 189
118 210
118 213
118 219
118 235
118 368
119 259
119 296
119 309
119 348
119 349
119 406
119 426
119 466
119 486
119 3
119 10
119 25
119 39
119 60
119 62
119 65
119 92
119 98
119 105
119 112
119 132
119 136
119 151
119 176
119 189
119 203
119 227
119 248
119 369
120 266
120 323
120 328
120 335
120 369
120 386
120 397
120 408
120 417
120 435
120 468
120 0
120 10
120 15
120 26
120 37
120 45
120 54
120 57
120 71
120 107
120 108
120 116
120 155
120 157
120 168
120 179
120 181
120 184
120 234
120 370
121 318
121 351
121 385
121 422
121 431
121 14
121 15
121 29
121 35
121 38
121 39
121 43
121 45
121 47
121 66
121 69
121 73
121 77
121 81
121 82
121 92
121 98
121 103
121 117
121 129
121 140
121 142
121 147
121 154
121 163
121 166
121 179
121 181
121 192
121 206
121 235
121 244
121 245
121 249
121 371
122 255
122 281
122 326
122 329
122 371
122 386
122 405
122 2
122 14
122 30
122 38
122 44
122 62
122 64
122 69
122 70
122 94
122 115
122 130
122 134
122 164
122 176
122 178
122 180
122 200
122 206
122 246
122 372
123 267
123 358
123 411
123 437
123 460
123 484
123 495
123 4
123 9
123 11
123 15
123 19
123 28
123 47
123 61
123 73
123 74
123 92
123 94
123 110
123 134
123 136
123 141
123 155
123 161
123 194
123 199
123 202
123 203
123 205
123 219
123 227
123 228
123 230
123 234
123 240
123 243
123 245
123 373
124 265
124 301
124 302
124 303
124 324
124 367
124 380
124 381
124 425
124 438
124 463
124 470
124 472
124 476
124 4
124 9
124 25
124 30
124 31
124 33
124 37
124 52
124 59
124 70
124 84
124 98
124 101
124 111
124 118
124 128
124 129
124 130
124 142
124 153
124 161
124 175
124 176
124 187
124 188
124 190
124 204
124 207
124 210
124 217
124 224
124 229
124 244
124 374
125 265
125 307
125 309
125 326
125 342
125 366
125 374
125 407
125 493
125 494
125 0
125 2
125 9
125 18
125 26
125 29
125 41
125 57
125 71
125 83
125 91
125 93
125 95
125 130
125 158
125 161
125 162
125 166
125 167
125 170
125 192
125 194
125 196
125 200
125 201
125 202
125 216
125 231
125 236
125 245
125 247
125 375
126 258
126 272
126 302
126 358
126 381
126 387
126 409
126 438
126 453
126 474
126 489
126 2
126 8
126 21
126 26
126 34
126 49
126 62
126 68
126 70
126 72
126 78
126 90
126 137
126 143
126 163
126 168
126 177
126 185
126 216
126 222
126 376
127 318
127 333
127 341
127 383
127 405
127 411
127 414
127 470
127 474
127 495
127 6
127 7
127 19
127 32
127 39
127 46
127 57
127 69
127 83
127 93
127 100
127 104
127 128
127 140
127 161
127 180
127 183
127 201
127 203
127 210
127 226
127 228
127 230
127 236
127 237
127 243
127 248
127 377
128 272
128 300
128 303
128 308
128 312
128 365
128 4
128 5
128 11
128 16
128 37
128 51
128 61
128 64
128 90
128 97
128 108
128 124
128 127
128 142
128 152
128 162
128 165
128 169
128 190
128 202
128 216
128 219
128 221
128 222
128 227
128 229
128 378
129 284
129 324
129 338
129 438
129 452
129 460
129 495
129 498
129 2
129 4
129 23
129 24
129 27
129 34
129 49
129 63
129 70
129 86
129 104
129 113
129 121
129 124
129 151
129 153
129 160
129 165
129 172
129 173
129 176
129 187
129 195
129 379
130 257
130 308
130 326
130 351
130 405
130 475
130 479
130 29
130 30
130 38
130 39
130 44
130 64
130 66
130 79
130 83
130 89
130 91
130 100
130 104
130 122
130 124
130 125
130 140
130 145
130 157
130 225
130 230
130 246
130 380
131 271
131 276
131 317
131 329
131 336
131 340
131 377
131 389
131 424
131 464
131 487
131 499
131 0
131 1
131 11
131 23
131 65
131 72
131 73
131 78
131 135
131 138
131 148
131 161
131 162
131 164
131 167
131 169
131 176
131 179
131 180
131 187
131 189
131 191
131 196
131 205
131 220
131 232
131 245
131 248
131 381
132 324
132 335
132 342
132 390
132 432
132 439
132 477
132 23
132 29
132 31
132 42
132 53
132 56
132 59
132 64
132 74
132 78
132 79
132 103
132 109
132 116
132 118
132 119
132 155
132 165
132 173
132 193
132 202
132 204
132 210
132 214
132 217
132 220
132 237
132 238
132 249
132 382
133 269
133 278
133 336
133 373
133 376
133 383
133 404
133 407
133 428
133 472
133 491
133 499
133 14
133 19
133 23
133 24
133 25
133 27
133 36
133 48
133 55
133 58
133 65
133 69
133 79
133 94
133 99
133 111
133 141
133 175
133 196
133 203
133 206
133 217
133 224
133 240
134 268
134 289
134 320
134 328
134 382
134 407
134 412
134 427
134 464
134 498
134 5
134 6
134 12
134 23
134 31
134 32
134 66
134 67
134 71
134 72
134 75
134 105
134 112
134 116
134 122
134 123
134 148
134 151
134 153
134 160
134 173
134 180
134 204
134 210
134 224
134 233
134 244
134 384
135 326
135 347
135 349
135 362
135 367
135 435
135 458
135 488
135 496
135 499
135 8
135 26
135 30
135 48
135 53
135 61
135 89
135 91
135 94
135 98
135 111
135 131
135 159
135 169
135 189
135 191
135 192
135 193
135 194
135 201
135 202
135 210
135 212
135 385
136 275
136 288
136 303
136 323
136 336
136 360
136 389
136 478
136 483
136 17
136 32
136 34
136 73
136 86
136 96
136 97
136 110
136 119
136 123
136 158
136 161
136 188
136 189
136 199
136 228
136 232
136 247
136 386
137 250
137 260
137 301
137 325
137 342
137 458
137 479
137 491
137 492
137 15
137 19
137 29
137 49
137 50
137 59
137 72
137 101
137 102
137 107
137 110
137 126
137 139
137 200
137 201
137 208
137 219
137 220
137 226
137 228
137 229
137 235
137 247
137 387
138 258
138 305
138 338
138 367
138 373
138 400
138 474
138 10
138 31
138 43
138 44
138 50
138 70
138 80
138 81
138 91
138 114
138 131
138 139
138 164
138 166
138 167
138 174
138 182
138 186
138 205
138 211
138 224
138 230
138 231
138 232
138 233
138 245
138 388
139 287
139 363
139 395
139 422
139 438
139 473
139 483
139 15
139 17
139 19
139 25
139 44
139 49
139 56
139 61
139 85
139 95
139 100
139 101
139 137
139 138
139 175
139 176
139 185
139 190
139 196
139 208
139 209
139 245
139 247
139 389
140 278
140 284
140 346
140 424
140 463
140 470
140 474
140 478
140 7
140 13
140 22
140 36
140 46
140 51
140 66
140 107
140 114
140 121
140 127
140 130
140 143
140 149
140 160
140 192
140 193
140 214
140 220
140 222
140 240
140 243
140 390
141 255
141 274
141 358
141 379
141 452
141 470
141 472
141 485
141 21
141 46
141 56
141 68
141 98
141 109
141 110
141 123
141 133
141 165
141 172
141 173
141 182
141 183
141 191
141 192
141 196
141 199
141 207
141 219
141 222
141 228
141 391
142 288
142 323
142 330
142 386
142 493
142 8
142 10
142 14
142 17
142 30
142 42
142 43
142 48
142 50
142 72
142 94
142 117
142 121
142 124
142 128
142 151
142 155
142 160
142 183
142 188
142 203
142 205
142 226
142 233
142 234
142 235
142 238
142 392
143 296
143 325
143 355
143 371
143 380
143 421
143 6
143 16
143 35
143 36
143 41
143 52
143 57
143 63
143 85
143 86
143 92
143 112
143 113
143 126
143 140
143 154
143 169
143 182
143 191
143 211
143 218
143 224
143 225
143 226
143 229
143 230
143 235
143 246
143 393
144 253
144 254
144 309
144 379
144 380
144 393
144 416
144 437
144 461
144 0
144 12
144 14
144 21
144 22
144 28
144 38
144 39
144 68
144 77
144 80
144 84
144 114
144 118
144 158
144 175
144 176
144 177
144 191
144 198
144 204
144 208
144 210
144 227
144 232
144 243
144 394
145 254
145 267
145 294
145 296
145 321
145 330
145 354
145 363
145 392
145 411
145 452
145 453
145 488
145 19
145 30
145 49
145 61
145 65
145 66
145 71
145 73
145 78
145 105
145 114
145 130
145 193
145 195
145 212
145 216
145 234
145 236
145 245
145 395
146 280
146 291
146 292
146 316
146 384
146 393
146 402
146 8
146 15
146 50
146 53
146 77
146 83
146 102
146 110
146 148
146 154
146 161
146 179
146 183
146 186
146 197
146 203
146 211
146 218
146 249
146 396
147 253
147 274
147 283
147 353
147 358
147 409
147 428
147 4
147 7
147 11
147 13
147 29
147 35
147 36
147 40
147 46
147 68
147 71
147 79
147 91
147 97
147 121
147 153
147 162
147 174
147 186
147 189
147 219
147 220
147 221
147 397
148 291
148 298
148 330
148 335
148 385
148 425
148 436
148 437
148 477
148 1
148 2
148 15
148 17
148 26
148 37
148 52
148 60
148 78
148 113
148 131
148 134
148 146
148 153
148 160
148 165
148 174
148 179
148 185
148 186
148 197
148 200
148 212
148 223
148 224
148 232
148 398
149 256
149 261
149 283
149 292
149 303
149 342
149 396
149 431
149 478
149 12
149 26
149 30
149 31
149 37
149 55
149 69
149 71
149 75
149 83
149 90
149 101
149 105
149 112
149 140
149 152
149 211
149 230
149 238
149 248
149 399
150 261
150 263
150 280
150 309
150 335
150 367
150 397
150 422
150 460
150 22
150 25
150 37
150 45
150 47
150 51
150 55
150 61
150 64
150 69
150 70
150 75
150 79
150 101
150 157
150 158
150 165
150 168
150 183
150 193
150 196
150 197
150 209
150 213
150 215
150 229
150 231
150 238
150 400
151 255
151 284
151 293
151 300
151 324
151 381
151 397
151 427
151 432
151 455
151 458
151 467
151 499
151 3
151 12
151 26
151 37
151 46
151 47
151 49
151 52
151 64
151 66
151 74
151 97
151 109
151 119
151 129
151 134
151 142
151 167
151 174
151 178
151 188
151 193
151 214
151 222
151 223
151 233
151 236
151 244
151 245
151 248
151 401
152 256
152 338
152 352
152 357
152 363
152 365
152 378
152 401
152 406
152 409
152 420
152 425
152 434
152 437
152 444
152 461
152 472
152 475
152 484
152 6
152 14
152 19
152 23
152 33
152 48
152 60
152 88
152 94
152 112
152 116
152 128
152 149
152 162
152 180
152 184
152 194
152 195
152 228
152 229
152 230
152 246
152 402
153 296
153 302
153 321
153 337
153 417
153 430
153 497
153 28
153 34
153 65
153 90
153 112
153 124
153 129
153 134
153 147
153 148
153 155
153 160
153 162
153 163
153 164
153 168
153 172
153 178
153 185
153 207
153 225
153 244
153 248
153 403
154 285
154 293
154 299
154 332
154 354
154 374
154 391
154 398
154 400
154 494
154 8
154 13
154 16
154 24
154 35
154 54
154 66
154 68
154 74
154 75
154 79
154 97
154 103
154 104
154 121
154 143
154 146
154 170
154 173
154 177
154 180
154 181
154 188
154 201
154 210
154 225
154 234
154 244
154 404
155 288
155 301
155 313
155 350
155 354
155 436
155 446
155 452
155 458
155 465
155 467
155 2
155 5
155 6
155 9
155 16
155 35
155 46
155 53
155 77
155 89
155 114
155 120
155 123
155 132
155 142
155 153
155 162
155 193
155 199
155 201
155 211
155 217
155 225
155 233
155 248
155 405
156 253
156 288
156 307
156 343
156 354
156 355
156 386
156 416
156 419
156 462
156 475
156 492
156 13
156 58
156 59
156 75
156 82
156 93
156 96
156 97
156 99
156 109
156 114
156 180
156 183
156 191
156 197
156 207
156 230
156 231
156 236
156 406
157 331
157 361
157 402
157 421
157 476
157 484
157 42
157 47
157 60
157 74
157 76
157 88
157 90
157 101
157 118
157 120
157 130
157 150
157 180
157 207
157 208
157 210
157 211
157 213
157 215
157 219
157 229
157 232
157 407
158 297
158 326
158 366
158 372
158 388
158 400
158 403
158 407
158 411
158 414
158 458
158 6
158 18
158 19
158 49
158 55
158 61
158 71
158 86
158 89
158 90
158 91
158 108
158 125
158 136
158 144
158 150
158 168
158 187
158 189
158 195
158 202
158 227
158 229
158 239
158 246
158 247
158 408
159 265
159 271
159 303
159 369
159 423
159 434
159 12
159 21
159 29
159 33
159 57
159 62
159 64
159 70
159 86
159 95
159 100
159 116
159 135
159 170
159 181
159 208
159 223
159 228
159 232
159 409
160 252
160 269
160 286
160 296
160 335
160 381
160 424
160 0
160 13
160 15
160 20
160 22
160 48
160 49
160 55
160 56
160 75
160 87
160 99
160 107
160 118
160 129
160 134
160 140
160 142
160 148
160 153
160 182
160 184
160 185
160 188
160 191
160 208
160 216
160 219
160 410
161 285
161 341
161 370
161 389
161 394
161 441
161 14
161 18
161 23
161 47
161 59
161 67
161 72
161 83
161 89
161 96
161 98
161 99
161 123
161 124
161 125
161 127
161 131
161 136
161 146
161 172
161 178
161 181
161 192
161 202
161 218
161 219
161 221
161 225
161 239
161 411
162 264
162 285
162 325
162 330
162 392
162 437
162 466
162 470
162 6
162 23
162 28
162 35
162 69
162 74
162 91
162 104
162 110
162 113
162 116
162 125
162 128
162 131
162 147
162 152
162 153
162 155
162 164
162 180
162 181
162 192
162 198
162 201
162 203
162 210
162 220
162 222
162 223
162 231
162 234
162 235
162 236
162 247
162 412
163 257
163 280
163 309
163 341
163 345
163 410
163 449
163 3
163 6
163 8
163 21
163 31
163 36
163 54
163 67
163 70
163 82
163 85
163 106
163 121
163 126
163 153
163 170
163 174
163 198
163 201
163 207
163 224
163 237
163 249
163 413
164 255
164 285
164 322
164 356
164 369
164 372
164 396
164 419
164 457
164 462
164 466
164 6
164 10
164 22
164 27
164 28
164 29
164 46
164 74
164 82
164 83
164 85
164 100
164 102
164 104
164 122
164 131
164 138
164 153
164 162
164 168
164 172
164 178
164 186
164 190
164 195
164 207
164 220
164 227
164 414
165 316
165 323
165 330
165 333
165 359
165 374
165 475
165 476
165 483
165 490
165 3
165 13
165 14
165 23
165 30
165 45
165 51
165 73
165 92
165 99
165 128
165 129
165 132
165 141
165 148
165 150
165 166
165 171
165 189
165 191
165 194
165 195
165 197
165 201
165 202
165 231
165 239
165 244
165 415
166 277
166 324
166 378
166 385
166 387
166 404
166 413
166 455
166 462
166 476
166 477
166 2
166 8
166 14
166 20
166 34
166 69
166 72
166 83
166 87
166 109
166 116
166 118
166 121
166 125
166 138
166 165
166 177
166 178
166 179
166 191
166 192
166 197
166 217
166 225
166 229
166 236
166 243
166 416
167 269
167 292
167 303
167 327
167 336
167 346
167 372
167 393
167 403
167 11
167 40
167 46
167 70
167 75
167 88
167 89
167 90
167 108
167 125
167 131
167 138
167 151
167 179
167 184
167 194
167 201
167 203
167 209
167 218
167 219
167 232
167 241
167 244
167 417
168 256
168 330
168 435
168 491
168 499
168 8
168 25
168 28
168 38
168 58
168 61
168 66
168 74
168 94
168 101
168 120
168 126
168 150
168 153
168 158
168 164
168 173
168 195
168 198
168 203
168 225
168 227
168 231
168 244
168 245
168 418
169 268
169 307
169 436
169 482
169 488
169 1
169 13
169 15
169 23
169 25
169 28
169 36
169 57
169 60
169 64
169 73
169 76
169 82
169 86
169 94
169 128
169 131
169 135
169 143
169 185
169 189
169 203
169 204
169 230
169 240
169 242
169 246
169 419
170 267
170 284
170 297
170 320
170 339
170 375
170 415
170 424
170 460
170 494
170 0
170 5
170 20
170 33
170 34
170 91
170 108
170 125
170 154
170 159
170 163
170 172
170 181
170 183
170 192
170 216
170 219
170 420
171 257
171 277
171 285
171 286
171 292
171 307
171 356
171 358
171 365
171 429
171 449
171 459
171 9
171 11
171 27
171 33
171 37
171 38
171 40
171 48
171 51
171 54
171 60
171 68
171 73
171 79
171 84
171 99
171 100
171 102
171 108
171 114
171 165
171 178
171 187
171 206
171 217
171 229
171 247
171 249
171 421
172 278
172 291
172 300
172 304
172 325
172 372
172 373
172 379
172 433
172 435
172 444
172 474
172 10
172 20
172 27
172 31
172 33
172 35
172 55
172 64
172 70
172 92
172 97
172 100
172 101
172 111
172 112
172 117
172 129
172 141
172 153
172 161
172 164
172 170
172 203
172 215
172 238
172 239
172 240
172 247
172 249
172 422
173 250
173 269
173 407
173 466
173 478
173 2
173 5
173 22
173 108
173 117
173 129
173 132
173 134
173 141
173 154
173 168
173 175
173 176
173 192
173 203
173 209
173 239
173 244
173 248
173 423
174 272
174 274
174 276
174 325
174 407
174 417
174 463
174 489
174 0
174 12
174 23
174 53
174 55
174 85
174 88
174 95
174 138
174 147
174 148
174 151
174 163
174 191
174 198
174 202
174 211
174 213
174 216
174 218
174 220
174 236
174 243
174 248
174 424
175 297
175 300
175 304
175 325
175 328
175 352
175 376
175 389
175 445
175 458
175 496
175 4
175 17
175 27
175 41
175 43
175 60
175 66
175 74
175 76
175 78
175 79
175 108
175 114
175 115
175 124
175 133
175 139
175 144
175 173
175 210
175 218
175 224
175 242
175 247
175 249
175 425
176 316
176 324
176 349
176 372
176 382
176 410
176 413
176 448
176 458
176 14
176 25
176 29
176 47
176 58
176 61
176 74
176 76
176 96
176 102
176 106
176 119
176 122
176 124
176 129
176 131
176 139
176 144
176 173
176 196
176 197
176 208
176 213
176 230
176 240
176 241
176 244
176 426
177 250
177 267
177 285
177 287
177 307
177 317
177 330
177 411
177 424
177 492
177 6
177 14
177 30
177 37
177 48
177 64
177 67
177 69
177 88
177 112
177 126
177 144
177 154
177 166
177 187
177 188
177 189
177 192
177 197
177 200
177 209
177 216
177 218
177 236
177 246
177 427
178 394
178 395
178 424
178 439
178 477
178 486
178 1
178 4
178 16
178 22
178 45
178 49
178 50
178 66
178 70
178 73
178 77
178 82
178 90
178 92
178 100
178 105
178 122
178 151
178 153
178 161
178 164
178 166
178 171
178 180
178 190
178 203
178 212
178 213
178 229
178 235
178 245
178 428
179 264
179 282
179 346
179 386
179 413
179 419
179 4
179 10
179 13
179 24
179 39
179 59
179 67
179 75
179 80
179 120
179 121
179 131
179 146
179 148
179 166
179 167
179 182
179 190
179 192
179 212
179 246
179 429
180 272
180 275
180 286
180 294
180 343
180 354
180 362
180 375
180 416
180 434
180 437
180 468
180 474
180 475
180 476
180 483
180 494
180 496
180 499
180 6
180 8
180 11
180 37
180 40
180 49
180 50
180 93
180 94
180 104
180 122
180 127
180 131
180 134
180 152
180 154
180 156
180 157
180 162
180 178
180 207
180 214
180 224
180 229
180 231
180 232
180 240
180 243
180 430
181 261
181 280
181 313
181 384
181 432
181 473
181 10
181 17
181 22
181 53
181 72
181 81
181 84
181 87
181 107
181 110
181 111
181 120
181 121
181 154
181 159
181 161
181 162
181 170
181 188
181 192
181 195
181 199
181 200
181 202
181 211
181 223
181 233
181 237
181 241
181 431
182 254
182 293
182 319
182 347
182 350
182 406
182 438
182 492
182 27
182 44
182 70
182 93
182 94
182 98
182 105
182 138
182 141
182 143
182 160
182 179
182 183
182 185
182 197
182 199
182 200
182 207
182 212
182 234
182 246
182 247
182 432
183 267
183 305
183 311
183 322
183 337
183 361
183 376
183 405
183 435
183 477
183 6
183 17
183 25
183 43
183 60
183 65
183 72
183 77
183 81
183 83
183 86
183 92
183 93
183 94
183 98
183 100
183 103
183 107
183 127
183 141
183 142
183 146
183 150
183 156
183 170
183 182
183 193
183 199
183 216
183 226
183 433
184 297
184 353
184 468
184 1
184 6
184 16
184 33
184 34
184 45
184 55
184 61
184 77
184 83
184 88
184 113
184 115
184 120
184 152
184 160
184 167
184 189
184 192
184 201
184 207
184 208
184 214
184 215
184 219
184 242
184 434
185 271
185 331
185 336
185 342
185 446
185 0
185 3
185 22
185 27
185 45
185 51
185 56
185 62
185 75
185 95
185 108
185 111
185 126
185 139
185 148
185 153
185 160
185 169
185 182
185 189
185 211
185 215
185 216
185 218
185 435
186 255
186 267
186 298
186 300
186 302
186 316
186 340
186 362
186 372
186 389
186 400
186 403
186 426
186 437
186 467
186 480
186 8
186 22
186 24
186 48
186 49
186 63
186 64
186 66
186 67
186 81
186 116
186 138
186 146
186 147
186 148
186 164
186 204
186 226
186 229
186 235
186 236
186 436
187 296
187 307
187 456
187 483
187 497
187 11
187 13
187 31
187 34
187 39
187 57
187 64
187 74
187 76
187 86
187 109
187 112
187 118
187 124
187 129
187 131
187 158
187 171
187 177
187 196
187 235
187 237
187 245
187 437
188 263
188 275
188 278
188 316
188 386
188 403
188 408
188 414
188 469
188 29
188 34
188 38
188 50
188 66
188 74
188 79
188 88
188 90
188 95
188 124
188 136
188 142
188 151
188 154
188 160
188 177
188 181
188 193
188 205
188 207
188 211
188 243
188 244
188 438
189 290
189 332
189 357
189 361
189 378
189 401
189 405
189 423
189 439
189 463
189 1
189 2
189 19
189 25
189 45
189 49
189 58
189 60
189 63
189 77
189 83
189 85
189 86
189 89
189 118
189 119
189 131
189 135
189 136
189 147
189 158
189 165
189 169
189 177
189 184
189 185
189 205
189 230
189 239
189 247
189 248
190 256
190 265
190 344
190 375
190 386
190 401
190 490
190 0
190 13
190 16
190 25
190 29
190 47
190 49
190 63
190 64
190 80
190 93
190 96
190 110
190 124
190 128
190 139
190 164
190 178
190 179
190 199
190 202
190 212
190 236
190 237
190 248
190 440
191 250
191 332
191 343
191 461
191 1
191 9
191 19
191 28
191 32
191 69
191 83
191 84
191 86
191 89
191 90
191 95
191 108
191 110
191 111
191 115
191 131
191 135
191 141
191 143
191 144
191 156
191 160
191 165
191 166
191 174
191 223
191 229
191 236
191 246
191 248
191 441
192 297
192 380
192 406
192 472
192 3
192 9
192 12
192 28
192 29
192 32
192 36
192 40
192 44
192 52
192 78
192 83
192 87
192 91
192 100
192 104
192 112
192 116
192 121
192 125
192 135
192 140
192 141
192 161
192 162
192 166
192 170
192 173
192 177
192 179
192 181
192 184
192 202
192 203
192 216
192 217
192 220
192 224
192 230
192 442
193 255
193 258
193 281
193 282
193 319
193 392
193 440
193 492
193 56
193 64
193 69
193 70
193 74
193 82
193 83
193 86
193 102
193 103
193 105
193 109
193 110
193 132
193 135
193 140
193 145
193 150
193 151
193 155
193 183
193 188
193 206
193 219
193 241
193 249
193 443
194 261
194 275
194 280
194 293
194 295
194 321
194 324
194 337
194 339
194 341
194 434
194 14
194 31
194 43
194 54
194 58
194 68
194 86
194 91
194 123
194 125
194 135
194 152
194 165
194 167
194 214
194 216
194 224
194 228
194 229
194 239
194 444
195 255
195 343
195 347
195 367
195 414
195 428
195 432
195 475
195 0
195 10
195 21
195 26
195 28
195 35
195 36
195 47
195 59
195 78
195 95
195 99
195 104
195 129
195 145
195 152
195 158
195 164
195 165
195 168
195 181
195 200
195 203
195 219
195 223
195 237
195 445
196 270
196 315
196 336
196 357
196 358
196 368
196 487
196 490
196 27
196 29
196 30
196 33
196 40
196 100
196 101
196 111
196 125
196 131
196 133
196 139
196 141
196 150
196 176
196 187
196 210
196 224
196 239
196 446
197 281
197 317
197 331
197 370
197 496
197 13
197 14
197 30
197 63
197 73
197 80
197 88
197 94
197 116
197 146
197 148
197 150
197 156
197 165
197 166
197 176
197 177
197 182
197 215
197 218
197 234
197 244
197 447
198 270
198 279
198 307
198 412
198 422
198 428
198 477
198 487
198 496
198 58
198 92
198 96
198 144
198 162
198 163
198 168
198 174
198 202
198 206
198 207
198 210
198 221
198 230
198 241
198 245
198 448
199 321
199 328
199 383
199 408
199 426
199 430
199 16
199 32
199 46
199 53
199 55
199 57
199 59
199 60
199 63
199 68
199 69
199 80
199 86
199 93
199 100
199 123
199 136
199 141
199 155
199 181
199 182
199 183
199 190
199 203
199 217
199 224
199 225
199 242
199 246
199 449
200 288
200 297
200 357
200 421
200 1
200 4
200 28
200 30
200 44
200 54
200 59
200 68
200 69
200 79
200 100
200 103
200 106
200 107
200 114
200 116
200 122
200 125
200 137
200 148
200 177
200 181
200 182
200 195
200 211
200 224
200 227
200 232
200 450
201 253
201 254
201 259
201 264
201 355
201 380
201 383
201 427
201 6
201 10
201 17
201 26
201 35
201 36
201 44
201 47
201 51
201 53
201 80
201 84
201 93
201 108
201 111
201 125
201 127
201 135
201 137
201 154
201 155
201 162
201 163
201 165
201 167
201 184
201 213
201 220
201 222
201 237
201 451
202 259
202 384
202 420
202 432
202 440
202 450
202 494
202 22
202 23
202 34
202 41
202 53
202 60
202 69
202 87
202 88
202 89
202 90
202 97
202 110
202 123
202 125
202 128
202 132
202 135
202 158
202 161
202 165
202 174
202 181
202 190
202 192
202 198
202 204
202 211
202 218
202 241
202 245
202 452
203 261
203 263
203 274
203 279
203 324
203 448
203 454
203 474
203 476
203 479
203 1
203 3
203 7
203 9
203 12
203 13
203 37
203 43
203 47
203 51
203 59
203 60
203 78
203 87
203 93
203 105
203 110
203 114
203 115
203 119
203 123
203 127
203 133
203 142
203 146
203 162
203 167
203 168
203 169
203 172
203 173
203 178
203 192
203 195
203 199
203 210
203 218
203 224
203 231
203 232
203 238
203 453
204 259
204 280
204 315
204 366
204 376
204 385
204 389
204 419
204 449
204 490
204 495
204 0
204 21
204 48
204 61
204 64
204 76
204 91
204 103
204 108
204 113
204 124
204 132
204 134
204 144
204 169
204 186
204 202
204 218
204 236
204 243
204 246
204 248
204 454
205 253
205 339
205 347
205 363
205 386
205 393
205 413
205 415
205 441
205 444
205 4
205 14
205 22
205 26
205 37
205 38
205 48
205 75
205 76
205 85
205 91
205 96
205 106
205 115
205 123
205 131
205 138
205 142
205 188
205 189
205 210
205 213
205 222
205 233
205 455
206 314
206 337
206 388
206 407
206 457
206 483
206 6
206 9
206 17
206 19
206 57
206 62
206 80
206 83
206 94
206 105
206 115
206 121
206 122
206 133
206 171
206 193
206 198
206 225
206 227
206 232
206 241
206 247
206 456
207 327
207 378
207 393
207 440
207 453
207 478
207 9
207 18
207 19
207 54
207 57
207 61
207 74
207 85
207 103
207 109
207 110
207 124
207 141
207 153
207 156
207 157
207 163
207 164
207 180
207 182
207 184
207 188
207 198
207 212
207 218
207 228
207 457
208 291
208 404
208 434
208 445
208 470
208 0
208 8
208 13
208 14
208 23
208 24
208 34
208 37
208 56
208 58
208 61
208 72
208 105
208 106
208 109
208 137
208 139
208 144
208 157
208 159
208 160
208 176
208 184
208 227
208 237
208 241
208 242
208 458
209 276
209 279
209 286
209 352
209 414
209 497
209 5
209 9
209 12
209 13
209 21
209 40
209 47
209 52
209 79
209 86
209 91
209 139
209 150
209 167
209 173
209 177
209 225
209 235
209 240
209 459
210 250
210 255
210 258
210 266
210 292
210 366
210 376
210 420
210 433
210 495
210 19
210 35
210 43
210 73
210 87
210 90
210 96
210 99
210 118
210 124
210 127
210 132
210 134
210 135
210 144
210 154
210 157
210 162
210 175
210 196
210 198
210 203
210 205
210 220
210 233
210 460
211 335
211 403
211 0
211 8
211 11
211 28
211 37
211 44
211 52
211 62
211 65
211 69
211 78
211 95
211 107
211 110
211 112
211 114
211 138
211 143
211 146
211 149
211 155
211 157
211 174
211 181
211 185
211 188
211 200
211 202
211 223
211 226
211 229
211 242
211 461
212 279
212 285
212 313
212 356
212 459
212 490
212 13
212 31
212 40
212 54
212 60
212 71
212 86
212 99
212 100
212 110
212 135
212 145
212 148
212 178
212 179
212 182
212 190
212 207
212 217
212 231
212 235
212 241
212 462
213 257
213 335
213 378
213 427
213 6
213 8
213 28
213 32
213 52
213 66
213 71
213 78
213 85
213 86
213 89
213 103
213 108
213 117
213 118
213 150
213 157
213 174
213 176
213 178
213 201
213 205
213 215
213 230
213 239
213 240
213 245
213 463
214 251
214 270
214 286
214 338
214 348
214 396
214 448
214 37
214 39
214 45
214 60
214 64
214 65
214 82
214 105
214 108
214 110
214 132
214 140
214 151
214 180
214 184
214 194
214 224
214 248
214 464
215 291
215 301
215 342
215 383
215 429
215 448
215 9
215 10
215 13
215 17
215 26
215 27
215 29
215 63
215 72
215 89
215 105
215 110
215 150
215 157
215 172
215 184
215 185
215 197
215 213
215 228
215 241
215 243
215 465
216 259
216 273
216 278
216 302
216 317
216 320
216 324
216 409
216 457
216 467
216 476
216 0
216 16
216 17
216 60
216 63
216 70
216 79
216 106
216 108
216 125
216 126
216 128
216 145
216 160
216 170
216 174
216 177
216 183
216 185
216 192
216 194
216 229
216 234
216 248
216 466
217 269
217 329
217 365
217 367
217 381
217 409
217 441
217 450
217 459
217 468
217 0
217 9
217 36
217 53
217 62
217 64
217 76
217 86
217 92
217 103
217 109
217 111
217 124
217 132
217 133
217 155
217 166
217 171
217 192
217 199
217 212
217 224
217 467
218 297
218 311
218 312
218 331
218 352
218 353
218 372
218 423
218 9
218 13
218 32
218 48
218 49
218 50
218 63
218 104
218 114
218 143
218 146
218 161
218 167
218 174
218 175
218 177
218 185
218 197
218 202
218 203
218 204
218 207
218 225
218 228
218 237
218 240
218 249
218 468
219 286
219 323
219 375
219 384
219 400
219 471
219 1
219 15
219 52
219 62
219 71
219 72
219 76
219 102
219 115
219 118
219 123
219 128
219 137
219 141
219 147
219 157
219 160
219 161
219 167
219 170
219 184
219 193
219 195
219 220
219 231
219 233
219 469
220 261
220 337
220 348
220 397
220 474
220 21
220 24
220 27
220 43
220 44
220 50
220 54
220 61
220 64
220 65
220 78
220 79
220 86
220 131
220 132
220 137
220 140
220 147
220 162
220 164
220 174
220 192
220 201
220 210
220 219
220 238
220 248
220 249
220 470
221 370
221 488
221 12
221 13
221 20
221 32
221 56
221 65
221 128
221 147
221 161
221 198
221 244
221 246
221 471
222 308
222 317
222 474
222 15
222 21
222 27
222 30
222 35
222 40
222 43
222 63
222 64
222 68
222 91
222 105
222 106
222 126
222 128
222 140
222 141
222 151
222 162
222 201
222 205
222 233
222 237
222 472
223 280
223 290
223 294
223 307
223 326
223 337
223 378
223 421
223 425
223 475
223 489
223 14
223 37
223 56
223 58
223 72
223 75
223 80
223 87
223 88
223 91
223 112
223 148
223 151
223 159
223 162
223 181
223 191
223 195
223 211
223 245
223 473
224 262
224 288
224 330
224 377
224 406
224 421
224 423
224 469
224 10
224 13
224 21
224 22
224 33
224 35
224 49
224 56
224 80
224 86
224 87
224 110
224 124
224 133
224 134
224 138
224 143
224 148
224 163
224 175
224 180
224 192
224 194
224 196
224 199
224 200
224 203
224 214
224 217
224 233
224 248
224 474
225 278
225 409
225 444
225 499
225 0
225 1
225 2
225 13
225 34
225 35
225 38
225 41
225 45
225 59
225 68
225 77
225 94
225 105
225 110
225 111
225 130
225 143
225 153
225 154
225 155
225 161
225 166
225 168
225 199
225 206
225 209
225 218
225 227
225 229
225 236
225 239
225 243
225 248
225 475
226 263
226 320
226 365
226 413
226 5
226 6
226 22
226 27
226 45
226 49
226 64
226 83
226 94
226 97
226 107
226 108
226 114
226 127
226 137
226 142
226 143
226 183
226 186
226 211
226 230
226 476
227 309
227 311
227 367
227 377
227 390
227 412
227 419
227 429
227 435
227 492
227 2
227 6
227 12
227 39
227 41
227 44
227 51
227 57
227 62
227 70
227 91
227 97
227 101
227 114
227 119
227 123
227 128
227 144
227 158
227 164
227 168
227 200
227 206
227 208
227 225
227 229
227 237
227 240
227 242
227 246
227 249
227 477
228 319
228 361
228 461
228 1
228 16
228 21
228 28
228 43
228 52
228 63
228 83
228 91
228 123
228 127
228 136
228 137
228 141
228 152
228 159
228 194
228 207
228 215
228 218
228 235
228 245
228 478
229 267
229 331
229 335
229 352
229 433
229 449
229 460
229 470
229 482
229 486
229 499
229 11
229 32
229 60
229 61
229 66
229 111
229 124
229 128
229 137
229 143
229 150
229 152
229 157
229 158
229 166
229 171
229 178
229 180
229 186
229 191
229 194
229 211
229 216
229 225
229 227
229 249
229 479
230 283
230 314
230 341
230 366
230 461
230 3
230 22
230 31
230 38
230 43
230 59
230 93
230 95
230 123
230 127
230 130
230 138
230 143
230 149
230 152
230 156
230 169
230 176
230 189
230 192
230 198
230 213
230 226
230 480
231 273
231 276
231 307
231 400
231 403
231 417
231 446
231 452
231 453
231 490
231 7
231 19
231 26
231 39
231 62
231 70
231 77
231 80
231 88
231 113
231 114
231 125
231 138
231 150
231 156
231 162
231 165
231 168
231 180
231 203
231 212
231 219
231 242
231 243
231 248
231 481
232 305
232 329
232 407
232 412
232 440
232 485
232 0
232 13
232 24
232 33
232 48
232 54
232 57
232 83
232 89
232 92
232 96
232 117
232 131
232 136
232 138
232 144
232 148
232 157
232 159
232 167
232 180
232 200
232 203
232 206
232 235
232 482
233 251
233 284
233 288
233 306
233 314
233 331
233 355
233 420
233 440
233 470
233 27
233 30
233 65
233 66
233 69
233 78
233 84
233 88
233 100
233 102
233 103
233 134
233 138
233 142
233 151
233 155
233 181
233 205
233 210
233 219
233 222
233 224
233 245
233 246
233 483
234 323
234 356
234 399
234 403
234 418
234 435
234 476
234 7
234 73
234 75
234 96
234 101
234 106
234 108
234 114
234 120
234 123
234 142
234 145
234 154
234 162
234 182
234 197
234 216
234 236
234 245
234 484
235 269
235 362
235 408
235 442
235 447
235 499
235 4
235 18
235 26
235 43
235 45
235 79
235 87
235 99
235 109
235 110
235 115
235 118
235 121
235 137
235 142
235 143
235 162
235 178
235 186
235 187
235 209
235 212
235 228
235 232
235 236
235 245
235 248
235 485
236 252
236 291
236 302
236 325
236 338
236 343
236 358
236 378
236 438
236 492
236 14
236 38
236 47
236 57
236 72
236 73
236 74
236 83
236 93
236 94
236 125
236 127
236 145
236 151
236 156
236 162
236 166
236 174
236 177
236 186
236 190
236 191
236 204
236 225
236 234
236 235
236 486
237 288
237 320
237 389
237 396
237 399
237 412
237 431
237 446
237 471
237 8
237 16
237 19
237 20
237 21
237 34
237 36
237 41
237 51
237 55
237 58
237 71
237 76
237 87
237 93
237 109
237 127
237 132
237 163
237 181
237 187
237 190
237 195
237 201
237 208
237 218
237 222
237 227
237 487
238 270
238 297
238 478
238 0
238 9
238 12
238 14
238 20
238 36
238 44
238 57
238 67
238 69
238 76
238 89
238 101
238 109
238 113
238 116
238 132
238 142
238 149
238 150
238 172
238 203
238 220
238 488
239 261
239 278
239 279
239 292
239 311
239 312
239 324
239 340
239 345
239 394
239 464
239 1
239 4
239 5
239 9
239 21
239 32
239 38
239 39
239 50
239 62
239 79
239 89
239 99
239 105
239 108
239 158
239 161
239 165
239 172
239 173
239 189
239 194
239 196
239 213
239 225
239 241
239 489
240 308
240 311
240 326
240 385
240 419
240 420
240 421
240 441
240 489
240 0
240 1
240 26
240 29
240 30
240 62
240 71
240 73
240 75
240 96
240 114
240 123
240 133
240 140
240 169
240 172
240 176
240 180
240 209
240 213
240 218
240 227
240 244
240 490
241 305
241 309
241 339
241 346
241 356
241 361
241 385
241 431
241 480
241 10
241 14
241 27
241 30
241 46
241 66
241 71
241 72
241 80
241 95
241 97
241 100
241 104
241 167
241 176
241 181
241 193
241 198
241 202
241 206
241 208
241 212
241 215
241 239
241 491
242 255
242 279
242 308
242 311
242 316
242 326
242 332
242 368
242 372
242 373
242 487
242 21
242 29
242 31
242 43
242 45
242 57
242 58
242 62
242 64
242 79
242 88
242 91
242 103
242 169
242 175
242 184
242 199
242 208
242 211
242 227
242 231
242 247
242 492
243 268
243 281
243 374
243 382
243 399
243 429
243 441
243 454
243 464
243 476
243 3
243 8
243 43
243 54
243 74
243 80
243 84
243 116
243 123
243 127
243 140
243 144
243 166
243 174
243 180
243 188
243 204
243 215
243 225
243 231
243 493
244 267
244 410
244 432
244 449
244 487
244 9
244 35
244 49
244 57
244 71
244 99
244 121
244 124
244 134
244 151
244 153
244 154
244 165
244 167
244 168
244 173
244 176
244 188
244 197
244 221
244 240
244 245
244 494
245 261
245 294
245 313
245 349
245 350
245 387
245 404
245 412
245 440
245 495
245 9
245 11
245 17
245 25
245 34
245 48
245 51
245 54
245 66
245 70
245 77
245 86
245 95
245 103
245 113
245 115
245 121
245 123
245 125
245 131
245 138
245 139
245 145
245 151
245 168
245 178
245 187
245 198
245 202
245 213
245 223
245 228
245 233
245 234
245 235
245 244
245 246
246 378
246 431
246 451
246 467
246 5
246 7
246 17
246 22
246 30
246 49
246 57
246 59
246 72
246 94
246 116
246 122
246 130
246 143
246 152
246 158
246 169
246 177
246 179
246 182
246 191
246 199
246 204
246 221
246 227
246 233
246 245
246 496
247 259
247 269
247 281
247 288
247 319
247 371
247 372
247 435
247 463
247 466
247 7
247 30
247 53
247 60
247 68
247 75
247 91
247 109
247 125
247 136
247 137
247 139
247 158
247 162
247 171
247 172
247 175
247 182
247 189
247 206
247 242
247 497
248 255
248 318
248 357
248 420
248 422
248 458
248 463
248 481
248 30
248 52
248 55
248 56
248 57
248 66
248 77
248 96
248 99
248 101
248 119
248 127
248 131
248 149
248 151
248 153
248 155
248 173
248 174
248 189
248 190
248 191
248 204
248 214
248 216
248 220
248 224
248 225
248 231
248 235
248 498
249 306
249 312
249 377
249 436
249 451
249 12
249 14
249 21
249 31
249 38
249 49
249 59
249 61
249 73
249 77
249 83
249 85
249 112
249 113
249 121
249 132
249 146
249 163
249 171
249 172
249 175
249 193
249 218
249 220
249 227
249 229
249 499
250 3
250 40
250 72
250 101
250 114
250 137
250 173
250 177
250 191
250 210
250 0
251 18
251 58
251 67
251 89
251 97
251 214
251 233
251 1
252 49
252 52
252 91
252 107
252 160
252 236
252 2
253 28
253 42
253 47
253 91
253 104
253 112
253 144
253 147
253 156
253 201
253 205
253 3
254 30
254 82
254 110
254 117
254 144
254 145
254 182
254 201
254 4
255 106
255 122
255 141
255 151
255 164
255 186
255 193
255 195
255 210
255 242
255 248
255 5
256 12
256 149
256 152
256 168
256 190
256 6
257 25
257 36
257 37
257 42
257 52
257 116
257 130
257 163
257 171
257 213
257 7
258 35
258 42
258 55
258 88
258 96
258 126
258 138
258 193
258 210
258 8
259 38
259 57
259 81
259 119
259 201
259 202
259 204
259 216
259 247
259 9
260 46
260 61
260 86
260 92
260 98
260 137
260 10
261 25
261 117
261 149
261 150
261 181
261 194
261 203
261 220
261 239
261 245
261 11
262 5
262 6
262 15
262 30
262 101
262 224
262 12
263 6
263 41
263 80
263 150
263 188
263 203
263 226
263 13
264 0
264 26
264 98
264 162
264 179
264 201
264 14
265 11
265 111
265 124
265 125
265 159
265 190
265 15
266 14
266 95
266 120
266 210
266 16
267 82
267 89
267 123
267 145
267 170
267 177
267 183
267 186
267 229
267 244
267 17
268 96
268 98
268 104
268 134
268 169
268 243
268 18
269 51
269 67
269 78
269 84
269 106
269 133
269 160
269 167
269 173
269 217
269 235
269 247
269 19
270 7
270 24
270 32
270 40
270 66
270 82
270 85
270 96
270 196
270 198
270 214
270 238
270 20
271 41
271 42
271 67
271 116
271 131
271 159
271 185
271 21
272 51
272 55
272 59
272 96
272 102
272 114
272 126
272 128
272 174
272 180
272 22
273 19
273 35
273 68
273 74
273 83
273 216
273 231
273 23
274 20
274 62
274 69
274 108
274 113
274 141
274 147
274 174
274 203
274 24
275 29
275 79
275 89
275 112
275 136
275 180
275 188
275 194
275 25
276 79
276 91
276 131
276 174
276 209
276 231
276 26
277 0
277 48
277 71
277 166
277 171
277 27
278 17
278 34
278 51
278 55
278 59
278 92
278 100
278 117
278 133
278 140
278 172
278 188
278 216
278 225
278 239
278 28
279 5
279 12
279 34
279 36
279 44
279 60
279 102
279 198
279 203
279 209
279 212
279 239
279 242
279 29
280 29
280 33
280 37
280 43
280 44
280 59
280 61
280 146
280 150
280 163
280 181
280 194
280 204
280 223
280 30
281 87
281 122
281 193
281 197
281 243
281 247
281 31
282 2
282 36
282 47
282 58
282 92
282 179
282 193
282 32
283 147
283 149
283 230
283 33
284 5
284 14
284 36
284 66
284 72
284 81
284 95
284 129
284 140
284 151
284 170
284 233
284 34
285 4
285 49
285 52
285 58
285 154
285 161
285 162
285 164
285 171
285 177
285 212
285 35
286 22
286 24
286 51
286 63
286 84
286 160
286 171
286 180
286 209
286 214
286 219
286 36
287 15
287 73
287 78
287 85
287 139
287 177
287 37
288 14
288 40
288 85
288 136
288 142
288 155
288 156
288 200
288 224
288 233
288 237
288 247
288 38
289 17
289 30
289 106
289 134
289 39
290 55
290 60
290 93
290 189
290 223
290 40
291 43
291 53
291 78
291 116
291 146
291 148
291 172
291 208
291 215
291 236
291 41
292 146
292 149
292 167
292 171
292 210
292 239
292 42
293 6
293 21
293 69
293 106
293 151
293 154
293 182
293 194
293 43
294 12
294 79
294 100
294 145
294 180
294 223
294 245
294 44
295 22
295 46
295 62
295 77
295 194
295 45
296 0
296 71
296 88
296 119
296 143
296 145
296 153
296 160
296 187
296 46
297 28
297 41
297 70
297 109
297 158
297 170
297 175
297 184
297 192
297 200
297 218
297 238
297 47
298 24
298 97
298 109
298 148
298 186
298 48
299 5
299 10
299 12
299 18
299 25
299 59
299 65
299 154
299 49
300 128
300 151
300 172
300 175
300 186
300 50
301 13
301 16
301 34
301 46
301 64
301 75
301 88
301 92
301 99
301 124
301 137
301 155
301 215
301 51
302 28
302 34
302 46
302 59
302 96
302 111
302 124
302 126
302 153
302 186
302 216
302 236
302 52
303 44
303 124
303 128
303 136
303 149
303 159
303 167
303 53
304 20
304 47
304 172
304 175
304 54
305 106
305 114
305 138
305 183
305 232
305 241
305 55
306 13
306 233
306 249
306 56
307 11
307 34
307 81
307 99
307 125
307 156
307 169
307 171
307 177
307 187
307 198
307 223
307 231
307 57
308 58
308 128
308 130
308 222
308 240
308 242
309 5
309 7
309 8
309 79
309 119
309 125
309 144
309 150
309 163
309 227
309 241
309 59
310 14
310 35
310 66
310 60
311 30
311 75
311 183
311 218
311 227
311 239
311 240
311 242
311 61
312 13
312 18
312 47
312 60
312 105
312 112
312 116
312 128
312 218
312 239
312 249
312 62
313 31
313 48
313 104
313 155
313 181
313 212
313 245
313 63
314 118
314 206
314 230
314 233
314 64
315 17
315 22
315 24
315 28
315 34
315 37
315 57
315 80
315 196
315 204
315 65
316 4
316 5
316 21
316 32
316 102
316 146
316 165
316 176
316 186
316 188
316 242
316 66
317 4
317 19
317 21
317 50
317 55
317 102
317 131
317 177
317 197
317 216
317 222
317 67
318 12
318 64
318 121
318 127
318 248
318 68
319 5
319 11
319 27
319 47
319 53
319 76
319 182
319 193
319 228
319 247
319 69
320 9
320 17
320 76
320 134
320 170
320 216
320 226
320 237
320 70
321 72
321 145
321 153
321 194
321 199
321 71
322 8
322 52
322 63
322 77
322 92
322 93
322 164
322 183
322 72
323 23
323 120
323 136
323 142
323 165
323 219
323 234
323 73
324 66
324 124
324 129
324 132
324 151
324 166
324 176
324 194
324 203
324 216
324 239
324 74
325 79
325 137
325 143
325 162
325 172
325 174
325 175
325 236
325 75
326 16
326 49
326 75
326 122
326 125
326 130
326 135
326 158
326 223
326 240
326 242
326 76
327 11
327 17
327 35
327 48
327 167
327 207
327 77
328 29
328 83
328 113
328 120
328 134
328 175
328 199
328 78
329 32
329 78
329 122
329 131
329 217
329 232
329 79
330 18
330 45
330 62
330 78
330 79
330 112
330 142
330 145
330 148
330 162
330 165
330 168
330 177
330 224
330 80
331 70
331 92
331 100
331 106
331 157
331 185
331 197
331 218
331 229
331 233
331 81
332 1
332 52
332 63
332 76
332 97
332 103
332 154
332 189
332 191
332 242
332 82
333 44
333 81
333 127
333 165
333 83
334 4
334 6
334 50
334 80
334 90
334 102
334 84
335 0
335 55
335 56
335 57
335 73
335 117
335 120
335 132
335 148
335 150
335 160
335 211
335 213
335 229
335 85
336 14
336 41
336 46
336 89
336 90
336 97
336 101
336 131
336 133
336 136
336 167
336 185
336 196
336 86
337 8
337 9
337 11
337 153
337 183
337 194
337 206
337 220
337 223
337 87
338 0
338 129
338 138
338 152
338 214
338 236
338 88
339 11
339 48
339 50
339 74
339 91
339 108
339 114
339 170
339 194
339 205
339 241
339 89
340 47
340 60
340 106
340 131
340 186
340 239
340 90
341 42
341 83
341 127
341 161
341 163
341 194
341 230
341 91
342 39
342 65
342 67
342 97
342 125
342 132
342 137
342 149
342 185
342 215
342 92
343 92
343 156
343 180
343 191
343 195
343 236
343 93
344 11
344 52
344 70
344 112
344 190
344 94
345 37
345 67
345 83
345 87
345 102
345 163
345 239
345 95
346 17
346 140
346 167
346 179
346 241
346 96
347 22
347 45
347 56
347 81
347 135
347 182
347 195
347 205
347 97
348 42
348 102
348 108
348 119
348 214
348 220
348 98
349 24
349 91
349 119
349 135
349 176
349 245
349 99
350 88
350 155
350 182
350 245
350 100
351 39
351 78
351 96
351 116
351 117
351 121
351 130
351 101
352 23
352 56
352 109
352 152
352 175
352 209
352 218
352 229
352 102
353 50
353 92
353 147
353 184
353 218
353 103
354 49
354 52
354 59
354 64
354 71
354 81
354 103
354 104
354 108
354 145
354 154
354 155
354 156
354 180
355 4
355 17
355 48
355 76
355 143
355 156
355 201
355 233
355 105
356 13
356 44
356 56
356 86
356 94
356 99
356 105
356 109
356 164
356 171
356 212
356 234
356 241
356 106
357 19
357 32
357 44
357 84
357 88
357 116
357 152
357 189
357 196
357 200
357 248
357 107
358 0
358 2
358 6
358 37
358 44
358 48
358 81
358 117
358 123
358 126
358 141
358 147
358 171
358 196
358 236
358 108
359 47
359 100
359 108
359 165
359 109
360 3
360 9
360 26
360 88
360 136
360 110
361 21
361 37
361 84
361 102
361 157
361 183
361 189
361 228
361 241
361 111
362 0
362 116
362 135
362 180
362 186
362 235
362 112
363 49
363 72
363 77
363 87
363 110
363 139
363 145
363 152
363 205
363 113
364 5
364 23
364 110
364 114
365 12
365 58
365 98
365 99
365 103
365 115
365 128
365 152
365 171
365 217
365 226
366 0
366 31
366 58
366 125
366 158
366 204
366 210
366 230
366 116
367 9
367 38
367 56
367 76
367 105
367 124
367 135
367 138
367 150
367 195
367 217
367 227
367 117
368 10
368 42
368 46
368 51
368 196
368 242
368 118
369 32
369 52
369 81
369 96
369 104
369 106
369 112
369 120
369 159
369 164
369 119
370 66
370 68
370 79
370 83
370 91
370 99
370 113
370 161
370 197
370 221
370 120
371 3
371 27
371 97
371 122
371 143
371 247
371 121
372 18
372 43
372 81
372 94
372 158
372 164
372 167
372 172
372 176
372 186
372 218
372 242
372 247
372 122
373 32
373 55
373 133
373 138
373 172
373 242
373 123
374 125
374 154
374 165
374 243
374 124
375 21
375 32
375 53
375 170
375 180
375 190
375 219
375 125
376 85
376 133
376 175
376 183
376 204
376 210
376 126
377 37
377 89
377 131
377 224
377 227
377 249
377 127
378 41
378 64
378 152
378 166
378 189
378 207
378 213
378 223
378 236
378 246
378 128
379 6
379 25
379 32
379 38
379 116
379 141
379 144
379 172
379 129
380 2
380 26
380 50
380 76
380 94
380 108
380 124
380 143
380 144
380 192
380 201
380 130
381 48
381 112
381 124
381 126
381 151
381 160
381 217
381 131
382 13
382 27
382 63
382 68
382 97
382 134
382 176
382 243
382 132
383 64
383 99
383 127
383 133
383 199
383 201
383 215
384 11
384 21
384 23
384 27
384 88
384 116
384 146
384 181
384 202
384 219
384 134
385 19
385 121
385 148
385 166
385 204
385 240
385 241
385 135
386 1
386 25
386 27
386 54
386 68
386 120
386 122
386 142
386 156
386 179
386 188
386 190
386 205
386 136
387 64
387 96
387 117
387 126
387 166
387 245
387 137
388 19
388 29
388 76
388 117
388 158
388 206
388 138
389 44
389 46
389 78
389 114
389 131
389 136
389 161
389 175
389 186
389 204
389 237
389 139
390 7
390 22
390 86
390 132
390 227
390 140
391 30
391 45
391 73
391 86
391 93
391 154
391 141
392 0
392 5
392 9
392 52
392 103
392 145
392 162
392 193
392 142
393 105
393 111
393 144
393 146
393 167
393 205
393 207
393 143
394 103
394 161
394 178
394 239
394 144
395 13
395 19
395 30
395 74
395 75
395 91
395 117
395 139
395 178
395 145
396 16
396 87
396 89
396 114
396 149
396 164
396 214
396 237
396 146
397 12
397 29
397 32
397 57
397 120
397 150
397 151
397 220
397 147
398 41
398 91
398 154
398 148
399 6
399 10
399 22
399 35
399 234
399 237
399 243
399 149
400 16
400 22
400 32
400 39
400 138
400 154
400 158
400 186
400 219
400 231
400 150
401 91
401 95
401 152
401 189
401 190
401 151
402 13
402 29
402 48
402 77
402 99
402 146
402 157
402 152
403 4
403 41
403 96
403 110
403 158
403 167
403 186
403 188
403 211
403 231
403 234
403 153
404 133
404 166
404 208
404 245
404 154
405 24
405 95
405 102
405 122
405 127
405 130
405 183
405 189
405 155
406 12
406 31
406 74
406 110
406 119
406 152
406 182
406 192
406 224
406 156
407 26
407 35
407 73
407 106
407 108
407 109
407 115
407 125
407 133
407 134
407 158
407 173
407 174
407 206
407 232
407 157
408 98
408 116
408 120
408 188
408 199
408 235
408 158
409 2
409 25
409 126
409 147
409 152
409 216
409 217
409 225
409 159
410 72
410 81
410 83
410 90
410 113
410 163
410 176
410 244
410 160
411 19
411 58
411 63
411 111
411 117
411 123
411 127
411 145
411 158
411 177
411 161
412 9
412 46
412 98
412 134
412 198
412 227
412 232
412 237
412 245
412 162
413 87
413 89
413 108
413 166
413 176
413 179
413 205
413 226
413 163
414 14
414 70
414 85
414 92
414 97
414 127
414 158
414 188
414 195
414 209
414 164
415 74
415 87
415 91
415 117
415 170
415 205
415 165
416 11
416 26
416 35
416 36
416 55
416 60
416 70
416 112
416 144
416 156
416 180
416 166
417 42
417 120
417 153
417 174
417 231
417 167
418 69
418 71
418 104
418 118
418 234
418 168
419 57
419 94
419 114
419 156
419 164
419 179
419 204
419 227
419 240
419 169
420 2
420 37
420 74
420 82
420 152
420 202
420 210
420 233
420 240
420 248
420 170
421 7
421 10
421 87
421 143
421 157
421 200
421 223
421 224
421 240
421 171
422 0
422 27
422 100
422 118
422 121
422 139
422 150
422 198
422 248
422 172
423 12
423 48
423 96
423 98
423 159
423 189
423 218
423 224
423 173
424 4
424 25
424 29
424 131
424 140
424 160
424 170
424 177
424 178
424 174
425 1
425 102
425 109
425 124
425 148
425 152
425 223
425 175
426 15
426 101
426 105
426 119
426 186
426 199
426 176
427 18
427 37
427 69
427 134
427 151
427 201
427 213
427 177
428 25
428 133
428 147
428 195
428 198
428 178
429 18
429 84
429 171
429 215
429 227
429 243
429 179
430 28
430 48
430 73
430 82
430 107
430 153
430 199
430 180
431 22
431 27
431 50
431 71
431 121
431 149
431 237
431 241
431 246
431 181
432 20
432 22
432 54
432 65
432 75
432 94
432 132
432 151
432 181
432 195
432 202
432 244
432 182
433 47
433 74
433 78
433 172
433 210
433 229
433 183
434 5
434 6
434 17
434 81
434 83
434 152
434 159
434 180
434 194
434 208
434 184
435 9
435 33
435 99
435 120
435 135
435 168
435 172
435 183
435 227
435 234
435 247
435 185
436 5
436 12
436 29
436 61
436 63
436 117
436 148
436 155
436 169
436 249
436 186
437 14
437 46
437 59
437 101
437 123
437 144
437 148
437 152
437 162
437 180
437 186
437 187
438 5
438 9
438 124
438 126
438 129
438 139
438 182
438 236
438 188
439 55
439 68
439 75
439 81
439 93
439 132
439 178
439 189
440 11
440 13
440 17
440 34
440 95
440 193
440 202
440 207
440 232
440 233
440 245
440 190
441 40
441 94
441 161
441 205
441 217
441 240
441 243
441 191
442 26
442 235
442 192
443 52
443 77
443 193
444 12
444 27
444 33
444 56
444 75
444 78
444 88
444 93
444 118
444 152
444 172
444 205
444 225
444 194
445 4
445 35
445 175
445 208
445 195
446 33
446 53
446 55
446 58
446 63
446 155
446 185
446 231
446 237
446 196
447 10
447 102
447 235
447 197
448 5
448 7
448 63
448 118
448 176
448 203
448 214
448 215
448 198
449 10
449 29
449 38
449 81
449 163
449 171
449 204
449 229
449 244
449 199
450 35
450 71
450 75
450 106
450 202
450 217
450 200
451 8
451 9
451 32
451 33
451 246
451 249
451 201
452 10
452 43
452 129
452 141
452 145
452 155
452 231
452 202
453 22
453 49
453 77
453 126
453 145
453 207
453 231
453 203
454 63
454 75
454 97
454 108
454 203
454 243
454 204
455 7
455 151
455 166
455 205
456 26
456 99
456 100
456 187
456 206
457 2
457 9
457 38
457 40
457 55
457 112
457 164
457 206
457 216
457 207
458 79
458 82
458 109
458 135
458 137
458 151
458 155
458 158
458 175
458 176
458 248
458 208
459 57
459 100
459 171
459 212
459 217
459 209
460 33
460 60
460 88
460 123
460 129
460 150
460 170
460 229
460 210
461 76
461 91
461 92
461 118
461 144
461 152
461 191
461 228
461 230
461 211
462 6
462 12
462 32
462 95
462 156
462 164
462 166
462 212
463 114
463 124
463 140
463 174
463 189
463 247
463 248
463 213
464 24
464 45
464 115
464 131
464 134
464 239
464 243
464 214
465 155
465 215
466 67
466 119
466 162
466 164
466 173
466 247
466 216
467 1
467 48
467 102
467 151
467 155
467 186
467 216
467 246
467 217
468 36
468 99
468 120
468 180
468 184
468 217
468 218
469 20
469 33
469 38
469 53
469 75
469 91
469 113
469 188
469 224
469 219
470 31
470 32
470 66
470 70
470 74
470 105
470 124
470 127
470 140
470 141
470 162
470 208
470 229
470 233
470 220
471 55
471 98
471 101
471 219
471 237
471 221
472 4
472 37
472 53
472 68
472 92
472 104
472 124
472 133
472 141
472 152
472 192
472 222
473 6
473 21
473 39
473 90
473 139
473 181
473 223
474 58
474 104
474 126
474 127
474 138
474 140
474 172
474 180
474 203
474 220
474 222
474 224
475 14
475 28
475 45
475 70
475 130
475 152
475 156
475 165
475 180
475 195
475 223
475 225
476 22
476 39
476 66
476 90
476 124
476 157
476 165
476 166
476 180
476 203
476 216
476 234
476 243
476 226
477 32
477 66
477 71
477 93
477 110
477 132
477 148
477 166
477 178
477 183
477 198
477 227
478 50
478 112
478 118
478 136
478 140
478 149
478 173
478 207
478 238
478 228
479 11
479 89
479 105
479 112
479 130
479 137
479 203
479 229
480 0
480 43
480 67
480 91
480 93
480 186
480 241
480 230
481 7
481 34
481 65
481 248
481 231
482 48
482 82
482 118
482 169
482 229
482 232
483 38
483 92
483 95
483 116
483 136
483 139
483 165
483 180
483 187
483 206
483 233
484 79
484 89
484 95
484 105
484 123
484 152
484 157
484 234
485 9
485 52
485 104
485 108
485 118
485 141
485 232
485 235
486 6
486 21
486 25
486 34
486 59
486 75
486 119
486 178
486 229
486 236
487 61
487 68
487 88
487 102
487 117
487 131
487 196
487 198
487 242
487 244
487 237
488 28
488 48
488 71
488 109
488 135
488 145
488 169
488 221
488 238
489 5
489 40
489 126
489 174
489 223
489 240
489 239
490 33
490 34
490 62
490 65
490 97
490 110
490 165
490 190
490 196
490 204
490 212
490 231
490 240
491 5
491 41
491 46
491 64
491 118
491 133
491 137
491 168
491 241
492 20
492 22
492 85
492 137
492 156
492 177
492 182
492 193
492 227
492 236
492 242
493 3
493 77
493 79
493 89
493 103
493 106
493 125
493 142
493 243
494 3
494 17
494 29
494 56
494 75
494 125
494 154
494 170
494 180
494 202
494 244
495 21
495 45
495 48
495 123
495 127
495 129
495 204
495 210
495 245
496 8
496 15
496 70
496 75
496 87
496 113
496 118
496 135
496 175
496 180
496 197
496 198
496 246
497 65
497 84
497 85
497 102
497 108
497 153
497 187
497 209
497 247
498 75
498 97
498 129
498 134
498 248
499 27
499 65
499 97
499 100
499 131
499 133
499 135
499 151
499 168
499 180
499 225
499 229
499 235
499 249
