  300   1769
0 153
0 176
0 183
0 200
0 228
0 238
0 243
0 274
0 288
0 299
0 8
0 30
0 68
0 93
0 142
0 150
1 152
1 154
1 155
1 156
1 163
1 198
1 205
1 222
1 257
1 291
1 299
1 18
1 29
1 118
1 123
1 151
2 157
2 205
2 238
2 241
2 255
2 285
2 293
2 13
2 46
2 65
2 85
2 105
2 118
2 125
2 147
2 152
3 159
3 205
3 213
3 215
3 257
3 7
3 17
3 52
3 54
3 71
3 75
3 101
3 117
3 125
3 128
3 139
3 153
4 158
4 168
4 181
4 195
4 214
4 264
4 12
4 41
4 70
4 73
4 124
4 154
5 156
5 190
5 207
5 225
5 226
5 229
5 243
5 254
5 258
5 274
5 288
5 8
5 11
5 49
5 58
5 96
5 120
5 143
5 155
6 193
6 211
6 217
6 220
6 240
6 263
6 275
6 297
6 19
6 21
6 47
6 64
6 68
6 103
6 156
7 164
7 176
7 178
7 183
7 197
7 201
7 205
7 227
7 231
7 240
7 258
7 3
7 17
7 47
7 56
7 89
7 115
7 124
7 134
7 137
7 157
8 180
8 190
8 215
8 222
8 229
8 282
8 284
8 298
8 0
8 5
8 17
8 32
8 102
8 121
8 147
8 158
9 176
9 188
9 212
9 247
9 288
9 64
9 86
9 116
9 131
9 140
9 159
10 169
10 237
10 247
10 254
10 270
10 291
10 296
10 299
10 33
10 71
10 72
10 88
10 124
10 125
10 145
10 160
11 159
11 191
11 246
11 262
11 278
11 288
11 290
11 293
11 5
11 28
11 98
11 104
11 126
11 161
12 156
12 167
12 168
12 169
12 171
12 172
12 190
12 193
12 229
12 238
12 270
12 299
12 4
12 27
12 41
12 62
12 68
12 104
12 140
12 162
13 169
13 193
13 194
13 206
13 218
13 233
13 251
13 270
13 279
13 285
13 297
13 2
13 55
13 91
13 97
13 102
13 117
13 163
14 151
14 153
14 187
14 260
14 268
14 293
14 23
14 77
14 88
14 90
14 101
14 104
14 115
14 118
14 124
14 144
14 148
14 164
15 192
15 228
15 247
15 250
15 251
15 49
15 82
15 145
15 165
16 158
16 181
16 295
16 299
16 24
16 41
16 93
16 141
16 166
17 178
17 195
17 267
17 279
17 3
17 7
17 8
17 37
17 107
17 111
17 118
17 121
17 138
17 167
18 188
18 232
18 241
18 245
18 246
18 277
18 281
18 294
18 1
18 19
18 44
18 48
18 63
18 76
18 87
18 116
18 133
18 168
19 150
19 231
19 232
19 281
19 6
19 18
19 39
19 62
19 81
19 83
19 90
19 97
19 98
19 148
19 169
20 221
20 255
20 268
20 273
20 279
20 282
20 23
20 25
20 36
20 90
20 120
20 127
20 148
20 170
21 150
21 184
21 190
21 192
21 229
21 235
21 236
21 249
21 256
21 277
21 280
21 290
21 292
21 6
21 23
21 32
21 43
21 57
21 75
21 115
21 144
21 171
22 188
22 194
22 197
22 205
22 217
22 256
22 271
22 291
22 59
22 121
22 137
22 172
23 209
23 213
23 215
23 221
23 281
23 14
23 20
23 21
23 24
23 32
23 39
23 40
23 41
23 49
23 85
23 99
23 121
23 134
23 173
24 181
24 225
24 226
24 286
24 288
24 290
24 299
24 16
24 23
24 34
24 64
24 67
24 90
24 91
24 112
24 125
24 130
24 142
24 174
25 155
25 160
25 182
25 210
25 213
25 214
25 235
25 239
25 275
25 283
25 20
25 26
25 42
25 54
25 58
25 89
25 98
25 101
25 104
25 175
26 157
26 171
26 180
26 192
26 196
26 210
26 211
26 215
26 221
26 269
26 25
26 64
26 69
26 78
26 107
26 115
26 144
26 176
27 152
27 179
27 218
27 223
27 253
27 274
27 281
27 284
27 286
27 296
27 12
27 35
27 84
27 92
27 144
27 177
28 150
28 188
28 191
28 196
28 216
28 237
28 243
28 277
28 295
28 11
28 32
28 65
28 72
28 104
28 137
28 148
28 178
29 172
29 179
29 185
29 204
29 218
29 227
29 244
29 259
29 1
29 31
29 74
29 75
29 97
29 110
29 122
29 123
30 156
30 162
30 215
30 225
30 294
30 0
30 56
30 62
30 78
30 104
30 126
30 137
30 138
30 139
30 180
31 224
31 247
31 276
31 29
31 55
31 65
31 68
31 93
31 116
31 125
31 149
31 181
32 158
32 172
32 185
32 205
32 294
32 8
32 21
32 23
32 28
32 80
32 101
32 116
32 182
33 160
33 218
33 234
33 10
33 50
33 62
33 80
33 121
33 135
33 183
34 162
34 170
34 179
34 220
34 241
34 264
34 269
34 270
34 24
34 40
34 66
34 116
34 184
35 163
35 176
35 236
35 264
35 267
35 284
35 27
35 123
35 129
35 141
35 185
36 166
36 171
36 183
36 197
36 259
36 278
36 20
36 38
36 39
36 41
36 48
36 93
36 94
36 186
37 182
37 183
37 267
37 292
37 17
37 51
37 56
37 68
37 139
37 142
37 187
38 153
38 183
38 193
38 199
38 211
38 218
38 220
38 271
38 36
38 65
38 68
38 70
38 85
38 188
39 161
39 208
39 226
39 237
39 248
39 286
39 19
39 23
39 36
39 88
39 91
39 93
39 107
39 118
39 129
39 189
40 188
40 215
40 221
40 249
40 270
40 290
40 23
40 34
40 50
40 53
40 64
40 86
40 101
40 119
40 127
40 147
40 190
41 176
41 186
41 201
41 230
41 235
41 247
41 264
41 282
41 286
41 4
41 12
41 16
41 23
41 36
41 44
41 59
41 68
41 70
41 91
41 127
41 191
42 190
42 201
42 229
42 25
42 57
42 72
42 105
42 113
42 118
42 121
42 123
42 192
43 184
43 251
43 283
43 298
43 299
43 21
43 51
43 77
43 116
43 133
43 193
44 187
44 200
44 229
44 258
44 267
44 272
44 274
44 277
44 296
44 18
44 41
44 80
44 100
44 102
44 194
45 150
45 153
45 182
45 183
45 200
45 219
45 255
45 266
45 297
45 106
45 107
45 117
45 131
45 137
45 195
46 163
46 204
46 207
46 212
46 239
46 250
46 262
46 294
46 2
46 48
46 51
46 58
46 60
46 79
46 82
46 85
46 87
46 96
46 105
46 117
46 196
47 170
47 186
47 200
47 218
47 220
47 238
47 6
47 7
47 87
47 127
47 132
47 141
47 197
48 150
48 192
48 222
48 229
48 245
48 298
48 18
48 36
48 46
48 87
48 115
48 123
48 137
48 145
48 198
49 155
49 182
49 196
49 202
49 229
49 242
49 285
49 288
49 5
49 15
49 23
49 60
49 63
49 83
49 199
50 186
50 196
50 226
50 230
50 290
50 295
50 33
50 40
50 51
50 52
50 60
50 109
50 200
51 160
51 187
51 252
51 256
51 282
51 37
51 43
51 46
51 50
51 58
51 74
51 83
51 98
51 110
51 135
51 201
52 170
52 176
52 202
52 255
52 258
52 280
52 3
52 50
52 64
52 84
52 86
52 88
52 109
52 111
53 152
53 177
53 231
53 238
53 239
53 249
53 250
53 267
53 40
53 80
53 100
53 203
54 226
54 296
54 3
54 25
54 107
54 115
54 133
54 141
54 204
55 153
55 206
55 218
55 244
55 263
55 299
55 13
55 31
55 56
55 69
55 82
55 118
55 119
55 137
55 140
55 141
55 205
56 186
56 194
56 232
56 242
56 269
56 270
56 7
56 30
56 37
56 55
56 60
56 79
56 84
56 120
56 206
57 153
57 159
57 163
57 199
57 204
57 218
57 264
57 280
57 21
57 42
57 85
57 100
57 110
57 123
57 128
57 207
58 195
58 209
58 210
58 222
58 260
58 285
58 293
58 298
58 5
58 25
58 46
58 51
58 60
58 63
58 65
58 72
58 89
58 101
58 109
58 120
58 208
59 196
59 283
59 284
59 22
59 41
59 63
59 74
59 78
59 98
59 139
59 209
60 166
60 172
60 221
60 237
60 254
60 279
60 286
60 46
60 49
60 50
60 56
60 58
60 78
60 86
60 107
60 133
60 137
60 143
60 145
60 147
60 149
60 210
61 159
61 272
61 275
61 64
61 71
61 83
61 86
61 90
61 211
62 154
62 160
62 186
62 273
62 12
62 19
62 30
62 33
62 76
62 111
62 133
62 142
62 146
62 147
62 212
63 158
63 172
63 187
63 213
63 214
63 238
63 292
63 298
63 18
63 49
63 58
63 59
63 107
63 113
63 122
63 144
64 185
64 250
64 284
64 6
64 9
64 24
64 26
64 40
64 52
64 61
64 125
64 127
64 214
65 152
65 177
65 189
65 200
65 222
65 281
65 2
65 28
65 31
65 38
65 58
65 82
65 215
66 172
66 190
66 194
66 213
66 270
66 278
66 287
66 34
66 71
66 72
66 83
66 110
66 134
66 136
66 145
66 147
66 216
67 170
67 185
67 193
67 206
67 209
67 219
67 221
67 250
67 290
67 292
67 24
67 84
67 108
67 131
67 135
67 217
68 184
68 216
68 228
68 248
68 255
68 267
68 274
68 290
68 0
68 6
68 12
68 31
68 37
68 38
68 41
68 98
68 102
68 113
68 218
69 299
69 26
69 55
69 105
69 219
70 153
70 165
70 173
70 186
70 191
70 207
70 215
70 221
70 230
70 234
70 296
70 4
70 38
70 41
70 91
70 93
70 98
70 142
70 148
70 220
71 152
71 168
71 197
71 217
71 218
71 227
71 237
71 255
71 258
71 274
71 283
71 295
71 3
71 10
71 61
71 66
71 80
71 86
71 132
71 138
71 148
71 221
72 153
72 191
72 213
72 218
72 227
72 235
72 239
72 246
72 249
72 269
72 271
72 288
72 294
72 10
72 28
72 42
72 58
72 66
72 114
72 115
72 222
73 176
73 189
73 191
73 220
73 236
73 239
73 263
73 264
73 271
73 290
73 4
73 91
73 97
73 223
74 167
74 179
74 189
74 258
74 283
74 29
74 51
74 59
74 83
74 107
74 120
74 147
74 149
74 224
75 150
75 158
75 162
75 175
75 176
75 178
75 182
75 232
75 234
75 235
75 238
75 239
75 259
75 292
75 297
75 3
75 21
75 29
75 83
75 130
75 138
75 225
76 166
76 198
76 236
76 288
76 290
76 18
76 62
76 101
76 226
77 152
77 155
77 187
77 217
77 237
77 242
77 244
77 14
77 43
77 138
77 143
77 227
78 169
78 179
78 232
78 261
78 291
78 296
78 26
78 30
78 59
78 60
78 86
78 94
78 113
78 119
78 132
78 228
79 161
79 197
79 221
79 230
79 266
79 293
79 46
79 56
79 91
79 229
80 156
80 192
80 195
80 206
80 261
80 263
80 277
80 278
80 32
80 33
80 44
80 53
80 71
80 108
80 114
80 138
80 139
80 147
80 230
81 150
81 159
81 173
81 207
81 211
81 292
81 19
81 231
82 162
82 164
82 177
82 186
82 193
82 227
82 233
82 269
82 271
82 15
82 46
82 55
82 65
82 84
82 107
82 135
82 138
82 232
83 166
83 192
83 196
83 197
83 208
83 233
83 282
83 19
83 49
83 51
83 61
83 66
83 74
83 75
83 105
83 107
83 111
83 121
83 123
83 146
84 170
84 192
84 210
84 242
84 260
84 263
84 264
84 294
84 27
84 52
84 56
84 67
84 82
84 121
84 234
85 154
85 197
85 198
85 216
85 235
85 251
85 278
85 2
85 23
85 38
85 46
85 57
85 88
85 103
85 122
85 145
86 211
86 213
86 259
86 278
86 298
86 9
86 40
86 52
86 60
86 61
86 71
86 78
86 87
86 236
87 155
87 168
87 182
87 221
87 222
87 241
87 264
87 281
87 283
87 294
87 297
87 298
87 18
87 46
87 47
87 48
87 86
87 88
87 108
87 113
87 124
87 130
87 133
87 237
88 175
88 265
88 299
88 10
88 14
88 39
88 52
88 85
88 87
88 97
88 100
88 125
88 146
88 148
88 238
89 197
89 214
89 221
89 244
89 7
89 25
89 58
89 103
89 239
90 161
90 168
90 178
90 196
90 199
90 251
90 263
90 14
90 19
90 20
90 24
90 61
90 122
90 149
90 240
91 185
91 244
91 13
91 24
91 39
91 41
91 70
91 73
91 79
91 138
91 141
91 241
92 167
92 202
92 259
92 279
92 285
92 287
92 290
92 27
92 120
92 127
92 129
92 242
93 193
93 207
93 242
93 247
93 280
93 0
93 16
93 31
93 36
93 39
93 70
93 120
93 243
94 160
94 195
94 209
94 263
94 264
94 283
94 36
94 78
94 145
94 244
95 181
95 197
95 205
95 210
95 235
95 241
95 244
95 253
95 264
95 112
95 123
95 136
95 245
96 159
96 180
96 199
96 243
96 248
96 258
96 292
96 297
96 5
96 46
96 116
96 120
96 135
96 146
96 148
96 246
97 156
97 166
97 178
97 207
97 221
97 243
97 274
97 276
97 288
97 13
97 19
97 29
97 73
97 88
97 99
97 123
97 126
97 147
97 247
98 173
98 179
98 208
98 209
98 211
98 228
98 260
98 296
98 11
98 19
98 25
98 51
98 59
98 68
98 70
98 103
98 104
98 106
98 124
98 127
98 248
99 219
99 220
99 250
99 298
99 23
99 97
99 104
99 120
99 123
99 125
99 127
99 132
99 135
99 137
99 146
99 249
100 154
100 156
100 164
100 199
100 268
100 44
100 53
100 57
100 88
100 250
101 152
101 158
101 171
101 199
101 202
101 221
101 229
101 260
101 266
101 288
101 3
101 14
101 25
101 32
101 40
101 58
101 76
101 102
101 129
101 251
102 153
102 157
102 159
102 163
102 169
102 177
102 222
102 245
102 253
102 263
102 8
102 13
102 44
102 68
102 101
102 119
102 133
102 146
102 147
102 252
103 195
103 206
103 227
103 251
103 280
103 283
103 6
103 85
103 89
103 98
103 126
103 253
104 150
104 187
104 209
104 246
104 298
104 11
104 12
104 14
104 25
104 28
104 30
104 98
104 99
104 128
104 129
104 132
104 133
104 147
104 254
105 165
105 177
105 195
105 203
105 235
105 237
105 281
105 2
105 42
105 46
105 69
105 83
105 118
105 137
105 255
106 150
106 164
106 166
106 170
106 180
106 197
106 222
106 225
106 226
106 247
106 256
106 268
106 294
106 45
106 98
106 121
106 130
106 136
107 157
107 207
107 209
107 244
107 252
107 267
107 276
107 17
107 26
107 39
107 45
107 54
107 60
107 63
107 74
107 82
107 83
107 114
107 120
107 124
107 257
108 150
108 169
108 176
108 199
108 200
108 204
108 227
108 275
108 67
108 80
108 87
108 138
108 258
109 165
109 226
109 259
109 286
109 50
109 52
109 58
109 112
109 120
109 126
109 129
109 132
110 203
110 212
110 221
110 236
110 250
110 252
110 258
110 279
110 297
110 29
110 51
110 57
110 66
110 140
110 260
111 180
111 215
111 273
111 286
111 17
111 52
111 62
111 83
111 113
111 121
111 149
111 261
112 155
112 163
112 226
112 228
112 24
112 95
112 109
112 118
112 262
113 161
113 210
113 232
113 236
113 289
113 42
113 63
113 68
113 78
113 87
113 111
113 263
114 160
114 175
114 200
114 211
114 223
114 224
114 237
114 72
114 80
114 107
114 136
114 139
114 264
115 175
115 193
115 223
115 232
115 246
115 267
115 273
115 280
115 287
115 7
115 14
115 21
115 26
115 48
115 54
115 72
115 265
116 152
116 170
116 205
116 220
116 294
116 299
116 9
116 18
116 31
116 32
116 34
116 43
116 96
116 129
116 149
116 266
117 174
117 189
117 202
117 206
117 219
117 233
117 249
117 273
117 279
117 3
117 13
117 45
117 46
117 267
118 166
118 190
118 192
118 219
118 226
118 261
118 1
118 2
118 14
118 17
118 39
118 42
118 55
118 105
118 112
118 123
118 126
118 268
119 187
119 211
119 225
119 275
119 279
119 40
119 55
119 78
119 102
119 135
119 136
119 145
119 269
120 181
120 191
120 193
120 223
120 273
120 281
120 5
120 20
120 56
120 58
120 74
120 92
120 93
120 96
120 99
120 107
120 109
120 131
120 270
121 178
121 190
121 213
121 233
121 251
121 276
121 285
121 8
121 17
121 22
121 23
121 33
121 42
121 83
121 84
121 106
121 111
121 148
121 271
122 152
122 182
122 221
122 226
122 253
122 287
122 295
122 29
122 63
122 85
122 90
122 127
122 272
123 172
123 184
123 186
123 188
123 200
123 288
123 294
123 1
123 29
123 35
123 42
123 48
123 57
123 83
123 95
123 97
123 99
123 118
123 139
123 143
123 147
123 273
124 153
124 190
124 200
124 213
124 248
124 263
124 275
124 276
124 296
124 4
124 7
124 10
124 14
124 87
124 98
124 107
124 132
124 141
124 146
124 274
125 154
125 159
125 181
125 182
125 186
125 207
125 212
125 236
125 265
125 273
125 278
125 283
125 2
125 3
125 10
125 24
125 31
125 64
125 88
125 99
125 275
126 166
126 196
126 197
126 240
126 256
126 258
126 271
126 276
126 296
126 299
126 11
126 30
126 97
126 103
126 109
126 118
126 133
127 185
127 206
127 213
127 216
127 227
127 235
127 251
127 272
127 20
127 40
127 41
127 47
127 64
127 92
127 98
127 99
127 122
127 128
127 277
128 226
128 247
128 249
128 273
128 284
128 285
128 288
128 294
128 3
128 57
128 104
128 127
128 278
129 176
129 190
129 200
129 218
129 235
129 251
129 259
129 277
129 283
129 35
129 39
129 92
129 101
129 104
129 109
129 116
129 142
129 279
130 160
130 167
130 189
130 206
130 275
130 24
130 75
130 87
130 106
130 280
131 156
131 160
131 171
131 182
131 187
131 188
131 198
131 200
131 209
131 242
131 256
131 9
131 45
131 67
131 120
131 141
131 281
132 167
132 188
132 236
132 287
132 47
132 71
132 78
132 99
132 104
132 109
132 124
132 282
133 182
133 189
133 206
133 225
133 267
133 292
133 295
133 298
133 18
133 43
133 54
133 60
133 62
133 87
133 102
133 104
133 126
133 149
133 283
134 153
134 154
134 180
134 192
134 227
134 241
134 249
134 264
134 271
134 294
134 7
134 23
134 66
134 284
135 195
135 237
135 249
135 267
135 33
135 51
135 67
135 82
135 96
135 99
135 119
135 138
135 143
135 146
135 285
136 187
136 192
136 193
136 208
136 220
136 222
136 226
136 230
136 233
136 235
136 242
136 254
136 271
136 273
136 295
136 66
136 95
136 106
136 114
136 119
136 146
136 286
137 159
137 172
137 214
137 255
137 7
137 22
137 28
137 30
137 45
137 48
137 55
137 60
137 99
137 105
137 143
137 287
138 157
138 169
138 187
138 196
138 201
138 212
138 231
138 236
138 17
138 30
138 71
138 75
138 77
138 80
138 82
138 91
138 108
138 135
138 147
138 288
139 157
139 178
139 234
139 262
139 287
139 3
139 30
139 37
139 59
139 80
139 114
139 123
139 149
139 289
140 155
140 180
140 192
140 215
140 248
140 269
140 295
140 9
140 12
140 55
140 110
140 290
141 160
141 175
141 204
141 234
141 269
141 294
141 298
141 16
141 35
141 47
141 54
141 55
141 91
141 124
141 131
141 291
142 151
142 164
142 165
142 174
142 176
142 180
142 197
142 215
142 228
142 236
142 281
142 288
142 0
142 24
142 37
142 62
142 70
142 129
142 292
143 152
143 157
143 202
143 216
143 221
143 277
143 5
143 60
143 77
143 123
143 135
143 137
143 147
143 293
144 155
144 182
144 195
144 228
144 277
144 289
144 294
144 298
144 14
144 21
144 26
144 27
144 63
145 173
145 210
145 241
145 256
145 278
145 279
145 290
145 297
145 10
145 15
145 48
145 60
145 66
145 85
145 94
145 119
145 148
145 295
146 154
146 209
146 210
146 225
146 234
146 281
146 62
146 83
146 88
146 96
146 99
146 102
146 124
146 135
146 136
146 147
146 296
147 167
147 174
147 195
147 198
147 209
147 216
147 236
147 247
147 256
147 293
147 294
147 2
147 8
147 40
147 60
147 62
147 66
147 74
147 80
147 97
147 102
147 104
147 123
147 138
147 143
147 146
147 297
148 153
148 159
148 162
148 166
148 238
148 267
148 14
148 19
148 20
148 28
148 70
148 71
148 88
148 96
148 121
148 145
148 298
149 159
149 229
149 242
149 254
149 31
149 60
149 74
149 90
149 111
149 116
149 133
149 139
149 299
150 19
150 21
150 28
150 45
150 48
150 75
150 81
150 104
150 106
150 108
150 0
151 14
151 142
151 1
152 1
152 27
152 53
152 65
152 71
152 77
152 101
152 116
152 122
152 143
152 2
153 0
153 14
153 38
153 45
153 55
153 57
153 70
153 72
153 102
153 124
153 134
153 148
153 3
154 1
154 62
154 85
154 100
154 125
154 134
154 146
154 4
155 1
155 25
155 49
155 77
155 87
155 112
155 140
155 144
155 5
156 1
156 5
156 12
156 30
156 80
156 97
156 100
156 131
156 6
157 2
157 26
157 102
157 107
157 138
157 139
157 143
157 7
158 4
158 16
158 32
158 63
158 75
158 101
158 8
159 3
159 11
159 57
159 61
159 81
159 96
159 102
159 125
159 137
159 148
159 149
159 9
160 25
160 33
160 51
160 62
160 94
160 114
160 130
160 131
160 141
160 10
161 39
161 79
161 90
161 113
161 11
162 30
162 34
162 75
162 82
162 148
162 12
163 1
163 35
163 46
163 57
163 102
163 112
163 13
164 7
164 82
164 100
164 106
164 142
164 14
165 70
165 105
165 109
165 142
165 15
166 36
166 60
166 76
166 83
166 97
166 106
166 118
166 126
166 148
166 16
167 12
167 74
167 92
167 130
167 132
167 147
167 17
168 4
168 12
168 71
168 87
168 90
168 18
169 10
169 12
169 13
169 78
169 102
169 108
169 138
169 19
170 34
170 47
170 52
170 67
170 84
170 106
170 116
170 20
171 12
171 26
171 36
171 101
171 131
171 21
172 12
172 29
172 32
172 60
172 63
172 66
172 123
172 137
172 22
173 70
173 81
173 98
173 145
173 23
174 117
174 142
174 147
174 24
175 75
175 88
175 114
175 115
175 141
175 25
176 0
176 7
176 9
176 35
176 41
176 52
176 73
176 75
176 108
176 129
176 142
176 26
177 53
177 65
177 82
177 102
177 105
177 27
178 7
178 17
178 75
178 90
178 97
178 121
178 139
178 28
179 27
179 29
179 34
179 74
179 78
179 98
180 8
180 26
180 96
180 106
180 111
180 134
180 140
180 142
180 30
181 4
181 16
181 24
181 95
181 120
181 125
181 31
182 25
182 37
182 45
182 49
182 75
182 87
182 122
182 125
182 131
182 133
182 144
182 32
183 0
183 7
183 36
183 37
183 38
183 45
183 33
184 21
184 43
184 68
184 123
184 34
185 29
185 32
185 64
185 67
185 91
185 127
185 35
186 41
186 47
186 50
186 56
186 62
186 70
186 82
186 123
186 125
186 36
187 14
187 44
187 51
187 63
187 77
187 104
187 119
187 131
187 136
187 138
187 37
188 9
188 18
188 22
188 28
188 40
188 123
188 131
188 132
188 38
189 65
189 73
189 74
189 117
189 130
189 133
189 39
190 5
190 8
190 12
190 21
190 42
190 66
190 118
190 121
190 124
190 129
190 40
191 11
191 28
191 70
191 72
191 73
191 120
191 41
192 15
192 21
192 26
192 48
192 80
192 83
192 84
192 118
192 134
192 136
192 140
192 42
193 6
193 12
193 13
193 38
193 67
193 82
193 93
193 115
193 120
193 136
193 43
194 13
194 22
194 56
194 66
194 44
195 4
195 17
195 58
195 80
195 94
195 103
195 105
195 135
195 144
195 147
195 45
196 26
196 28
196 49
196 50
196 59
196 83
196 90
196 126
196 138
196 46
197 7
197 22
197 36
197 71
197 79
197 83
197 85
197 89
197 95
197 106
197 126
197 142
197 47
198 1
198 76
198 85
198 131
198 147
198 48
199 38
199 57
199 90
199 96
199 100
199 101
199 108
199 49
200 0
200 44
200 45
200 47
200 65
200 108
200 114
200 123
200 124
200 129
200 131
200 50
201 7
201 41
201 42
201 138
201 51
202 49
202 52
202 92
202 101
202 117
202 143
203 105
203 110
203 53
204 29
204 46
204 57
204 108
204 141
204 54
205 1
205 2
205 3
205 7
205 22
205 32
205 95
205 116
205 55
206 13
206 55
206 67
206 80
206 103
206 117
206 127
206 130
206 133
206 56
207 5
207 46
207 70
207 81
207 93
207 97
207 107
207 125
207 57
208 39
208 83
208 98
208 136
208 58
209 23
209 58
209 67
209 94
209 98
209 104
209 107
209 131
209 146
209 147
209 59
210 25
210 26
210 58
210 84
210 95
210 113
210 145
210 146
210 60
211 6
211 26
211 38
211 81
211 86
211 98
211 114
211 119
211 61
212 9
212 46
212 110
212 125
212 138
212 62
213 3
213 23
213 25
213 63
213 66
213 72
213 86
213 121
213 124
213 127
214 4
214 25
214 63
214 89
214 137
214 64
215 3
215 8
215 23
215 26
215 30
215 40
215 70
215 111
215 140
215 142
215 65
216 28
216 68
216 85
216 127
216 143
216 147
216 66
217 6
217 22
217 71
217 77
217 67
218 13
218 27
218 29
218 33
218 38
218 47
218 55
218 57
218 71
218 72
218 129
218 68
219 45
219 67
219 99
219 117
219 118
219 69
220 6
220 34
220 38
220 47
220 73
220 99
220 116
220 136
220 70
221 20
221 23
221 26
221 40
221 60
221 67
221 70
221 79
221 87
221 89
221 97
221 101
221 110
221 122
221 143
221 71
222 1
222 8
222 48
222 58
222 65
222 87
222 102
222 106
222 136
222 72
223 27
223 114
223 115
223 120
223 73
224 31
224 114
224 74
225 5
225 24
225 30
225 106
225 119
225 133
225 146
225 75
226 5
226 24
226 39
226 50
226 54
226 106
226 109
226 112
226 118
226 122
226 128
226 136
226 76
227 7
227 29
227 71
227 72
227 82
227 103
227 108
227 127
227 134
227 77
228 0
228 15
228 68
228 98
228 112
228 142
228 144
228 78
229 5
229 8
229 12
229 21
229 42
229 44
229 48
229 49
229 101
229 149
229 79
230 41
230 50
230 70
230 79
230 136
230 80
231 7
231 19
231 53
231 138
231 81
232 18
232 19
232 56
232 75
232 78
232 113
232 115
232 82
233 13
233 82
233 83
233 117
233 121
233 136
234 33
234 70
234 75
234 139
234 141
234 146
234 84
235 21
235 25
235 41
235 72
235 75
235 85
235 95
235 105
235 127
235 129
235 136
236 21
236 35
236 73
236 76
236 110
236 113
236 125
236 132
236 138
236 142
236 147
236 86
237 10
237 28
237 39
237 60
237 71
237 77
237 105
237 114
237 135
237 87
238 0
238 2
238 12
238 47
238 53
238 63
238 75
238 148
238 88
239 25
239 46
239 53
239 72
239 73
239 75
239 89
240 6
240 7
240 126
240 90
241 2
241 18
241 34
241 87
241 95
241 134
241 145
241 91
242 49
242 56
242 77
242 84
242 93
242 131
242 136
242 149
242 92
243 0
243 5
243 28
243 96
243 97
243 93
244 29
244 55
244 77
244 89
244 91
244 95
244 107
244 94
245 18
245 48
245 102
245 95
246 11
246 18
246 72
246 104
246 115
246 96
247 9
247 10
247 15
247 31
247 41
247 93
247 106
247 128
247 147
247 97
248 39
248 68
248 96
248 124
248 140
248 98
249 21
249 40
249 53
249 72
249 117
249 128
249 134
249 135
249 99
250 15
250 46
250 53
250 64
250 67
250 99
250 110
250 100
251 13
251 15
251 43
251 85
251 90
251 103
251 121
251 127
251 129
251 101
252 51
252 107
252 110
252 102
253 27
253 95
253 102
253 122
253 103
254 5
254 10
254 60
254 136
254 149
254 104
255 2
255 20
255 45
255 52
255 68
255 71
255 137
255 105
256 21
256 22
256 51
256 106
256 126
256 131
256 145
256 147
257 1
257 3
257 107
258 5
258 7
258 44
258 52
258 71
258 74
258 96
258 110
258 126
258 108
259 29
259 36
259 75
259 86
259 92
259 109
259 129
260 14
260 58
260 84
260 98
260 101
260 110
261 78
261 80
261 118
261 111
262 11
262 46
262 139
262 112
263 6
263 55
263 73
263 80
263 84
263 90
263 94
263 102
263 124
263 113
264 4
264 34
264 35
264 41
264 57
264 73
264 84
264 87
264 94
264 95
264 134
264 114
265 88
265 125
265 115
266 45
266 79
266 101
266 116
267 17
267 35
267 37
267 44
267 53
267 68
267 107
267 115
267 133
267 135
267 148
267 117
268 14
268 20
268 100
268 106
268 118
269 26
269 34
269 56
269 72
269 82
269 140
269 141
269 119
270 10
270 12
270 13
270 34
270 40
270 56
270 66
270 120
271 22
271 38
271 72
271 73
271 82
271 126
271 134
271 136
271 121
272 44
272 61
272 127
272 122
273 20
273 62
273 111
273 115
273 117
273 120
273 125
273 128
273 136
273 123
274 0
274 5
274 27
274 44
274 68
274 71
274 97
274 124
275 6
275 25
275 61
275 108
275 119
275 124
275 130
275 125
276 31
276 97
276 107
276 121
276 124
276 126
277 18
277 21
277 28
277 44
277 80
277 129
277 143
277 144
277 127
278 11
278 36
278 66
278 80
278 85
278 86
278 125
278 145
278 128
279 13
279 17
279 20
279 60
279 92
279 110
279 117
279 119
279 145
279 129
280 21
280 52
280 57
280 93
280 103
280 115
280 130
281 18
281 19
281 23
281 27
281 65
281 87
281 105
281 120
281 142
281 146
281 131
282 8
282 20
282 41
282 51
282 83
282 132
283 25
283 43
283 59
283 71
283 74
283 87
283 94
283 103
283 125
283 129
283 133
284 8
284 27
284 35
284 59
284 64
284 128
284 134
285 2
285 13
285 49
285 58
285 92
285 121
285 128
285 135
286 24
286 27
286 39
286 41
286 60
286 109
286 111
286 136
287 66
287 92
287 115
287 122
287 132
287 139
287 137
288 0
288 5
288 9
288 11
288 24
288 49
288 72
288 76
288 97
288 101
288 123
288 128
288 142
288 138
289 113
289 144
289 139
290 11
290 21
290 24
290 40
290 50
290 67
290 68
290 73
290 76
290 92
290 145
290 140
291 1
291 10
291 22
291 78
291 141
292 21
292 37
292 63
292 67
292 75
292 81
292 96
292 133
292 142
293 2
293 11
293 14
293 58
293 79
293 147
293 143
294 18
294 30
294 32
294 46
294 72
294 84
294 87
294 106
294 116
294 123
294 128
294 134
294 141
294 144
294 147
295 16
295 28
295 50
295 71
295 122
295 133
295 136
295 140
295 145
296 10
296 27
296 44
296 54
296 70
296 78
296 98
296 124
296 126
296 146
297 6
297 13
297 45
297 75
297 87
297 96
297 110
297 145
297 147
298 8
298 43
298 48
298 58
298 63
298 86
298 87
298 99
298 104
298 133
298 141
298 144
298 148
299 0
299 1
299 10
299 12
299 16
299 24
299 43
299 55
299 69
299 88
299 116
299 126
299 149
