  100   203
0 92
0 2
0 50
1 64
1 78
1 94
1 27
1 51
2 98
2 0
2 4
2 52
3 81
3 80
3 11
3 53
4 82
4 81
4 2
4 6
4 54
5 77
5 78
5 23
5 34
5 55
6 54
6 69
6 4
6 7
6 56
7 50
7 90
7 6
7 8
7 57
8 83
8 82
8 7
8 9
8 58
9 87
9 8
9 10
9 59
10 76
10 82
10 9
10 15
10 60
11 68
11 73
11 92
11 3
11 45
11 61
12 71
12 85
12 43
12 62
13 63
13 66
13 68
13 19
13 43
14 84
14 83
14 49
14 64
15 61
15 73
15 78
15 10
15 16
15 65
16 72
16 15
16 17
16 66
17 72
17 96
17 16
17 24
17 67
18 60
18 23
18 29
18 68
19 85
19 84
19 13
19 21
19 69
20 52
20 65
20 35
20 36
20 70
21 67
21 19
21 71
22 68
22 70
22 93
22 39
22 72
23 62
23 83
23 5
23 18
23 73
24 52
24 17
24 25
24 74
25 51
25 75
25 87
25 24
25 26
26 75
26 25
26 27
26 76
27 52
27 67
27 72
27 96
27 1
27 26
27 28
27 77
28 55
28 58
28 88
28 27
28 30
28 78
29 65
29 18
29 79
30 62
30 28
30 31
30 80
31 76
31 30
31 32
31 81
32 89
32 85
32 56
32 53
32 31
32 33
32 82
33 69
33 32
33 34
33 83
34 86
34 5
34 33
34 36
34 84
35 91
35 89
35 57
35 56
35 20
35 85
36 94
36 91
36 59
36 57
36 20
36 34
36 37
36 86
37 50
37 55
37 86
37 93
37 36
37 38
37 87
38 75
38 94
38 37
38 39
38 88
39 91
39 22
39 38
39 40
39 89
40 95
40 94
40 60
40 59
40 39
40 41
40 90
41 96
41 95
41 69
41 60
41 40
41 42
41 91
42 77
42 41
42 43
42 92
43 97
43 12
43 13
43 42
43 44
43 93
44 52
44 43
44 45
44 94
45 97
45 96
45 74
45 69
45 11
45 44
45 46
45 95
46 63
46 45
46 47
46 96
47 98
47 97
47 79
47 74
47 46
47 48
48 85
48 47
48 49
48 98
49 99
49 98
49 80
49 79
49 14
49 48
50 7
50 37
50 0
51 25
51 1
52 20
52 24
52 27
52 44
52 2
53 32
53 3
54 6
54 4
55 28
55 37
55 5
56 32
56 35
56 6
57 35
57 36
57 7
58 28
58 8
59 36
59 40
59 9
60 18
60 40
60 41
60 10
61 15
61 11
62 23
62 30
62 12
63 13
63 46
64 1
64 14
65 20
65 29
65 15
66 13
66 16
67 21
67 27
67 17
68 11
68 13
68 22
68 18
69 6
69 33
69 41
69 45
69 19
70 22
70 20
71 12
71 21
72 16
72 17
72 27
72 22
73 11
73 15
73 23
74 45
74 47
74 24
75 25
75 26
75 38
76 10
76 31
76 26
77 5
77 42
77 27
78 1
78 5
78 15
78 28
79 47
79 49
79 29
80 3
80 49
80 30
81 3
81 4
81 31
82 4
82 8
82 10
82 32
83 8
83 14
83 23
83 33
84 14
84 19
84 34
85 12
85 19
85 32
85 48
85 35
86 34
86 37
86 36
87 9
87 25
87 37
88 28
88 38
89 32
89 35
89 39
90 7
90 40
91 35
91 36
91 39
91 41
92 0
92 11
92 42
93 22
93 37
93 43
94 1
94 36
94 38
94 40
94 44
95 40
95 41
95 45
96 17
96 27
96 41
96 45
96 46
97 43
97 45
97 47
98 2
98 47
98 49
98 48
99 49
