  200   823
0 149
0 148
0 25
0 33
0 43
0 45
0 46
0 51
0 53
0 76
0 78
0 83
0 100
1 150
1 149
1 5
1 12
1 15
1 29
1 33
1 40
1 48
1 49
1 51
1 56
1 57
1 77
1 80
1 83
1 101
2 152
2 150
2 34
2 36
2 48
2 50
2 51
2 52
2 62
2 72
2 95
2 102
3 153
3 152
3 31
3 38
3 42
3 57
3 58
3 59
3 61
3 62
3 85
3 99
3 103
4 189
4 8
4 18
4 24
4 28
4 38
4 53
4 62
4 79
4 80
4 81
4 82
4 104
5 121
5 1
5 8
5 14
5 23
5 35
5 37
5 50
5 53
5 54
5 65
5 80
5 93
5 97
5 105
6 160
6 7
6 10
6 19
6 23
6 24
6 27
6 31
6 56
6 71
6 73
6 98
6 106
7 101
7 142
7 155
7 6
7 30
7 44
7 47
7 68
7 78
7 79
7 88
7 107
8 154
8 153
8 4
8 5
8 10
8 22
8 28
8 35
8 51
8 56
8 63
8 66
8 108
9 118
9 17
9 33
9 63
9 73
9 87
9 92
9 109
10 170
10 6
10 8
10 17
10 20
10 29
10 30
10 40
10 47
10 48
10 68
10 74
10 99
10 110
11 178
11 27
11 50
11 52
11 70
11 71
11 74
11 78
11 84
11 88
11 99
11 111
12 157
12 154
12 1
12 17
12 28
12 42
12 43
12 44
12 64
12 88
12 91
12 95
12 98
12 112
13 175
13 35
13 40
13 43
13 45
13 49
13 60
13 67
13 72
13 83
13 98
13 113
14 158
14 157
14 5
14 22
14 27
14 29
14 43
14 44
14 54
14 57
14 60
14 64
14 69
14 72
14 79
14 81
14 82
14 89
14 97
14 114
15 189
15 1
15 29
15 34
15 38
15 44
15 49
15 115
16 193
16 22
16 26
16 39
16 53
16 58
16 61
16 71
16 77
16 79
16 85
16 94
16 96
16 99
16 116
17 119
17 9
17 10
17 12
17 39
17 43
17 48
17 49
17 53
17 56
17 79
17 89
17 117
18 159
18 158
18 4
18 31
18 38
18 45
18 49
18 67
18 68
18 73
18 78
18 99
18 118
19 168
19 198
19 6
19 23
19 27
19 38
19 60
19 65
19 72
19 77
19 82
19 83
19 98
19 119
20 182
20 10
20 29
20 41
20 43
20 55
20 66
20 70
20 71
20 81
20 120
21 156
21 45
21 53
21 56
21 63
21 76
21 83
21 94
21 121
22 160
22 159
22 8
22 14
22 16
22 43
22 62
22 72
22 86
22 87
22 92
22 122
23 161
23 160
23 5
23 6
23 19
23 70
23 72
23 75
23 85
23 88
23 93
23 123
24 152
24 4
24 6
24 26
24 33
24 42
24 52
24 72
24 78
24 96
24 124
25 162
25 161
25 0
25 26
25 40
25 55
25 57
25 62
25 64
25 92
25 125
26 120
26 136
26 16
26 24
26 25
26 45
26 46
26 54
26 77
26 84
26 90
26 126
27 152
27 6
27 11
27 14
27 19
27 28
27 29
27 48
27 68
27 77
27 80
27 81
27 98
27 127
28 107
28 4
28 8
28 12
28 27
28 34
28 37
28 50
28 69
28 128
29 128
29 1
29 10
29 14
29 15
29 20
29 27
29 31
29 44
29 49
29 55
29 65
29 71
29 81
29 82
29 92
29 95
29 96
29 129
30 163
30 162
30 7
30 10
30 33
30 38
30 41
30 44
30 56
30 68
30 76
30 77
30 130
31 124
31 3
31 6
31 18
31 29
31 33
31 59
31 62
31 66
31 75
31 82
31 85
31 89
31 90
31 91
31 93
31 131
32 164
32 163
32 52
32 62
32 68
32 82
32 84
32 132
33 165
33 164
33 103
33 102
33 0
33 1
33 9
33 24
33 30
33 31
33 69
33 82
33 133
34 139
34 172
34 180
34 2
34 15
34 28
34 50
34 59
34 70
34 77
34 85
34 94
34 134
35 167
35 165
35 104
35 103
35 5
35 8
35 13
35 47
35 59
35 96
35 135
36 126
36 137
36 169
36 2
36 53
36 80
36 86
36 136
37 169
37 167
37 106
37 104
37 5
37 28
37 80
37 82
37 99
37 137
38 127
38 3
38 4
38 15
38 18
38 19
38 30
38 39
38 54
38 67
38 68
38 76
38 92
38 138
39 158
39 16
39 17
39 38
39 51
39 54
39 60
39 63
39 65
39 77
39 79
39 89
39 97
39 139
40 124
40 192
40 1
40 10
40 13
40 25
40 57
40 64
40 69
40 71
40 75
40 80
40 140
41 124
41 145
41 20
41 30
41 44
41 53
41 61
41 65
41 92
41 98
41 141
42 170
42 169
42 108
42 106
42 3
42 12
42 24
42 74
42 88
42 94
42 96
42 142
43 134
43 0
43 12
43 13
43 14
43 17
43 20
43 22
43 54
43 143
44 124
44 7
44 12
44 14
44 15
44 29
44 30
44 41
44 51
44 60
44 66
44 78
44 88
44 96
44 144
45 165
45 0
45 13
45 18
45 21
45 26
45 51
45 62
45 83
45 86
45 94
45 95
45 145
46 124
46 172
46 187
46 0
46 26
46 55
46 89
46 93
46 146
47 131
47 7
47 10
47 35
47 50
47 51
47 55
47 91
47 147
48 173
48 170
48 109
48 108
48 1
48 2
48 10
48 17
48 27
48 53
48 59
48 74
48 75
48 93
48 95
48 98
48 99
48 148
49 111
49 1
49 13
49 15
49 17
49 18
49 29
49 57
49 149
50 174
50 173
50 111
50 109
50 2
50 5
50 11
50 28
50 34
50 47
50 65
50 67
50 72
50 84
50 90
50 93
50 96
50 150
51 105
51 0
51 1
51 2
51 8
51 39
51 44
51 45
51 47
51 73
51 78
51 81
51 82
51 99
51 151
52 125
52 2
52 11
52 24
52 32
52 84
52 92
52 99
52 152
53 175
53 174
53 112
53 111
53 0
53 4
53 5
53 16
53 17
53 21
53 36
53 41
53 48
53 65
53 68
53 72
53 78
53 81
53 85
53 97
53 153
54 100
54 135
54 141
54 5
54 14
54 26
54 38
54 39
54 43
54 66
54 75
54 95
54 96
54 154
55 179
55 20
55 25
55 29
55 46
55 47
55 73
55 83
55 86
55 89
55 94
55 155
56 176
56 175
56 114
56 112
56 1
56 6
56 8
56 17
56 21
56 30
56 59
56 60
56 79
56 82
56 84
56 156
57 177
57 176
57 115
57 114
57 1
57 3
57 14
57 25
57 40
57 49
57 66
57 77
57 87
57 94
57 95
57 157
58 168
58 3
58 16
58 66
58 96
58 98
58 158
59 178
59 177
59 116
59 115
59 3
59 31
59 34
59 35
59 48
59 56
59 81
59 84
59 85
59 87
59 159
60 164
60 13
60 14
60 19
60 39
60 44
60 56
60 67
60 79
60 85
60 86
60 93
60 99
60 160
61 151
61 193
61 3
61 16
61 41
61 72
61 88
61 90
61 161
62 105
62 107
62 181
62 2
62 3
62 4
62 22
62 25
62 31
62 32
62 45
62 64
62 71
62 75
62 85
62 97
62 162
63 155
63 171
63 180
63 8
63 9
63 21
63 39
63 65
63 78
63 87
63 93
63 163
64 179
64 178
64 117
64 116
64 12
64 14
64 25
64 40
64 62
64 73
64 75
64 99
64 164
65 181
65 179
65 118
65 117
65 5
65 19
65 29
65 39
65 41
65 50
65 53
65 63
65 79
65 87
65 89
65 165
66 182
66 181
66 121
66 118
66 8
66 20
66 31
66 44
66 54
66 57
66 58
66 71
66 77
66 166
67 183
67 182
67 122
67 121
67 13
67 18
67 38
67 50
67 60
67 68
67 89
67 167
68 184
68 183
68 123
68 122
68 7
68 10
68 18
68 27
68 30
68 32
68 38
68 53
68 67
68 69
68 88
68 89
68 93
68 168
69 185
69 184
69 125
69 123
69 14
69 28
69 33
69 40
69 68
69 77
69 95
69 96
69 97
69 169
70 186
70 185
70 127
70 125
70 11
70 20
70 23
70 34
70 71
70 93
70 94
70 170
71 157
71 6
71 11
71 16
71 20
71 29
71 40
71 62
71 66
71 70
71 91
71 171
72 100
72 147
72 2
72 13
72 14
72 19
72 22
72 23
72 24
72 50
72 53
72 61
72 75
72 82
72 86
72 87
72 172
73 188
73 186
73 128
73 127
73 6
73 9
73 18
73 51
73 55
73 64
73 84
73 99
73 173
74 111
74 10
74 11
74 42
74 48
74 78
74 79
74 94
74 174
75 189
75 188
75 130
75 128
75 23
75 31
75 40
75 48
75 54
75 62
75 64
75 72
75 84
75 90
75 175
76 135
76 0
76 21
76 30
76 38
76 88
76 89
76 90
76 92
76 176
77 190
77 189
77 131
77 130
77 1
77 16
77 19
77 26
77 27
77 30
77 34
77 39
77 57
77 66
77 69
77 82
77 86
77 87
77 177
78 110
78 118
78 0
78 7
78 11
78 18
78 24
78 44
78 51
78 53
78 63
78 74
78 80
78 96
78 178
79 162
79 4
79 7
79 14
79 16
79 17
79 39
79 56
79 60
79 65
79 74
79 179
80 150
80 1
80 4
80 5
80 27
80 36
80 37
80 40
80 78
80 81
80 84
80 94
80 99
80 180
81 191
81 190
81 133
81 131
81 4
81 14
81 20
81 27
81 29
81 51
81 53
81 59
81 80
81 83
81 88
81 181
82 119
82 153
82 4
82 14
82 19
82 29
82 31
82 32
82 33
82 37
82 51
82 56
82 72
82 77
82 182
83 166
83 173
83 0
83 1
83 13
83 19
83 21
83 45
83 55
83 81
83 92
83 97
83 183
84 192
84 191
84 134
84 133
84 11
84 26
84 32
84 50
84 52
84 56
84 59
84 73
84 75
84 80
84 90
84 95
84 184
85 107
85 132
85 3
85 16
85 23
85 31
85 34
85 53
85 59
85 60
85 62
85 95
85 185
86 193
86 192
86 138
86 134
86 22
86 36
86 45
86 55
86 60
86 72
86 77
86 186
87 194
87 193
87 140
87 138
87 9
87 22
87 57
87 59
87 63
87 65
87 72
87 77
87 89
87 98
87 187
88 129
88 168
88 7
88 11
88 12
88 23
88 42
88 44
88 61
88 68
88 76
88 81
88 92
88 98
88 188
89 195
89 194
89 143
89 140
89 14
89 17
89 31
89 39
89 46
89 55
89 65
89 67
89 68
89 76
89 87
89 95
89 189
90 126
90 156
90 26
90 31
90 50
90 61
90 75
90 76
90 84
90 97
90 190
91 196
91 195
91 144
91 143
91 12
91 31
91 47
91 71
91 94
91 96
91 191
92 136
92 194
92 9
92 22
92 25
92 29
92 38
92 41
92 52
92 76
92 83
92 88
92 192
93 173
93 5
93 23
93 31
93 46
93 48
93 50
93 60
93 63
93 68
93 70
93 99
93 193
94 143
94 16
94 21
94 34
94 42
94 45
94 55
94 57
94 70
94 74
94 80
94 91
94 194
95 189
95 2
95 12
95 29
95 45
95 48
95 54
95 57
95 69
95 84
95 85
95 89
95 195
96 113
96 137
96 16
96 24
96 29
96 35
96 42
96 44
96 50
96 54
96 58
96 69
96 78
96 91
96 196
97 197
97 196
97 146
97 144
97 5
97 14
97 39
97 53
97 62
97 69
97 83
97 90
98 198
98 197
98 147
98 146
98 6
98 12
98 13
98 19
98 27
98 41
98 48
98 58
98 87
98 88
99 199
99 198
99 148
99 147
99 3
99 10
99 11
99 16
99 18
99 37
99 48
99 51
99 52
99 60
99 64
99 73
99 80
99 93
100 54
100 72
100 0
101 7
101 1
102 33
102 2
103 33
103 35
103 3
104 35
104 37
104 4
105 51
105 62
105 5
106 37
106 42
106 6
107 28
107 62
107 85
107 7
108 42
108 48
108 8
109 48
109 50
109 9
110 78
110 10
111 49
111 50
111 53
111 74
111 11
112 53
112 56
112 12
113 96
113 13
114 56
114 57
114 14
115 57
115 59
115 15
116 59
116 64
116 16
117 64
117 65
117 17
118 9
118 65
118 66
118 78
118 18
119 17
119 82
119 19
120 26
120 20
121 5
121 66
121 67
121 21
122 67
122 68
122 22
123 68
123 69
123 23
124 31
124 40
124 41
124 44
124 46
124 24
125 52
125 69
125 70
125 25
126 36
126 90
126 26
127 38
127 70
127 73
127 27
128 29
128 73
128 75
128 28
129 88
129 29
130 75
130 77
130 30
131 47
131 77
131 81
131 31
132 85
132 32
133 81
133 84
133 33
134 43
134 84
134 86
134 34
135 54
135 76
135 35
136 26
136 92
136 36
137 36
137 96
137 37
138 86
138 87
138 38
139 34
139 39
140 87
140 89
140 40
141 54
141 41
142 7
142 42
143 89
143 91
143 94
143 43
144 91
144 97
144 44
145 41
145 45
146 97
146 98
146 46
147 72
147 98
147 99
147 47
148 0
148 99
148 48
149 0
149 1
149 49
150 1
150 2
150 80
150 50
151 61
151 51
152 2
152 3
152 24
152 27
152 52
153 3
153 8
153 82
153 53
154 8
154 12
154 54
155 7
155 63
155 55
156 21
156 90
156 56
157 12
157 14
157 71
157 57
158 14
158 18
158 39
158 58
159 18
159 22
159 59
160 6
160 22
160 23
160 60
161 23
161 25
161 61
162 25
162 30
162 79
162 62
163 30
163 32
163 63
164 32
164 33
164 60
164 64
165 33
165 35
165 45
165 65
166 83
166 66
167 35
167 37
167 67
168 19
168 58
168 88
168 68
169 36
169 37
169 42
169 69
170 10
170 42
170 48
170 70
171 63
171 71
172 34
172 46
172 72
173 48
173 50
173 83
173 93
173 73
174 50
174 53
174 74
175 13
175 53
175 56
175 75
176 56
176 57
176 76
177 57
177 59
177 77
178 11
178 59
178 64
178 78
179 55
179 64
179 65
179 79
180 34
180 63
180 80
181 62
181 65
181 66
181 81
182 20
182 66
182 67
182 82
183 67
183 68
183 83
184 68
184 69
184 84
185 69
185 70
185 85
186 70
186 73
186 86
187 46
187 87
188 73
188 75
188 88
189 4
189 15
189 75
189 77
189 95
189 89
190 77
190 81
190 90
191 81
191 84
191 91
192 40
192 84
192 86
192 92
193 16
193 61
193 86
193 87
193 93
194 87
194 89
194 92
194 94
195 89
195 91
195 95
196 91
196 97
196 96
197 97
197 98
198 19
198 98
198 99
199 99
