  200   876
0 103
0 116
0 124
0 133
0 142
0 147
0 181
0 9
0 11
0 15
0 19
0 26
0 34
0 100
1 103
1 185
1 8
1 26
1 30
1 41
1 51
1 60
1 64
1 66
1 87
1 101
2 110
2 133
2 149
2 5
2 8
2 23
2 60
2 94
2 102
3 110
3 129
3 131
3 146
3 164
3 183
3 199
3 175
3 157
3 114
3 14
3 15
3 19
3 33
3 54
3 60
3 81
3 89
3 96
3 103
4 108
4 125
4 139
4 149
4 190
4 22
4 25
4 31
4 76
4 90
4 97
4 104
5 118
5 140
5 146
5 166
5 2
5 6
5 20
5 40
5 67
5 84
5 105
6 116
6 118
6 119
6 190
6 192
6 5
6 8
6 11
6 28
6 37
6 38
6 50
6 67
6 73
6 87
6 106
7 113
7 196
7 38
7 46
7 87
7 91
7 97
7 107
8 124
8 127
8 146
8 180
8 1
8 2
8 6
8 13
8 15
8 70
8 83
8 85
8 92
8 97
8 98
8 108
9 111
9 122
9 128
9 130
9 184
9 196
9 0
9 12
9 34
9 72
9 85
9 94
9 99
9 109
10 104
10 143
10 159
10 161
10 166
10 167
10 15
10 32
10 49
10 58
10 62
10 68
10 110
11 111
11 133
11 137
11 179
11 0
11 6
11 39
11 41
11 99
12 121
12 155
12 164
12 182
12 9
12 24
12 56
12 58
12 73
12 112
13 107
13 123
13 131
13 143
13 179
13 196
13 8
13 14
13 28
13 63
13 79
13 96
13 113
14 133
14 138
14 173
14 174
14 3
14 13
14 98
14 114
15 106
15 118
15 150
15 180
15 189
15 190
15 0
15 3
15 8
15 10
15 42
15 45
15 115
16 102
16 130
16 133
16 185
16 192
16 41
16 81
16 116
17 116
17 131
17 181
17 199
17 26
17 63
17 70
17 91
17 117
18 111
18 115
18 139
18 142
18 149
18 163
18 173
18 36
18 45
18 47
18 98
18 118
19 183
19 186
19 0
19 3
19 43
19 52
19 57
19 68
19 74
19 79
19 98
19 119
20 107
20 127
20 133
20 192
20 5
20 63
20 71
20 89
20 99
20 120
21 104
21 115
21 132
21 166
21 174
21 24
21 34
21 48
21 63
21 70
21 84
21 99
21 121
22 110
22 121
22 126
22 128
22 153
22 182
22 191
22 198
22 4
22 28
22 48
22 58
22 59
22 63
22 68
22 70
22 72
22 86
22 99
22 122
23 107
23 125
23 144
23 155
23 182
23 197
23 2
23 34
23 72
23 94
23 123
24 133
24 139
24 156
24 199
24 12
24 21
24 25
24 59
24 65
24 70
24 77
24 90
24 124
25 107
25 142
25 151
25 178
25 189
25 4
25 24
25 32
25 38
25 41
25 57
25 67
25 71
25 83
25 95
25 99
25 125
26 101
26 152
26 168
26 0
26 1
26 17
26 67
26 126
27 117
27 181
27 193
27 38
27 48
27 63
27 70
27 75
27 78
27 97
27 127
28 132
28 166
28 192
28 6
28 13
28 22
28 79
28 85
28 128
29 127
29 140
29 169
29 173
29 177
29 190
29 79
29 93
29 97
29 99
29 129
30 110
30 130
30 177
30 1
30 89
30 99
31 103
31 109
31 119
31 129
31 153
31 156
31 186
31 193
31 4
31 43
31 84
31 86
31 95
31 131
32 119
32 155
32 10
32 25
32 45
32 58
32 80
32 94
32 132
33 140
33 153
33 166
33 179
33 187
33 3
33 44
33 74
33 80
33 133
34 102
34 112
34 176
34 0
34 9
34 21
34 23
34 35
34 52
34 57
34 59
34 67
34 72
34 74
34 77
34 134
35 109
35 192
35 194
35 34
35 47
35 52
35 63
35 70
35 79
35 135
36 116
36 147
36 154
36 170
36 189
36 18
36 44
36 47
36 50
36 60
36 86
36 136
37 104
37 128
37 132
37 139
37 152
37 158
37 162
37 173
37 185
37 6
37 61
37 84
37 137
38 109
38 123
38 136
38 138
38 142
38 158
38 159
38 6
38 7
38 25
38 27
38 55
38 57
38 58
38 59
38 74
39 109
39 116
39 159
39 170
39 173
39 185
39 11
39 71
39 75
39 92
39 96
39 139
40 139
40 161
40 169
40 5
40 59
40 62
40 84
40 88
40 93
40 140
41 136
41 161
41 166
41 1
41 11
41 16
41 25
41 79
41 98
41 141
42 120
42 153
42 158
42 173
42 196
42 15
42 51
42 74
42 142
43 104
43 115
43 140
43 149
43 154
43 169
43 182
43 185
43 19
43 31
43 49
43 53
43 79
43 81
43 93
43 98
43 143
44 102
44 130
44 133
44 182
44 33
44 36
44 47
44 63
44 86
44 144
45 104
45 118
45 147
45 152
45 15
45 18
45 32
45 62
45 68
45 82
45 93
45 94
45 99
45 145
46 107
46 121
46 124
46 135
46 156
46 164
46 7
46 57
46 60
46 82
46 98
46 146
47 100
47 106
47 111
47 156
47 176
47 187
47 198
47 18
47 35
47 36
47 44
47 67
47 147
48 139
48 184
48 193
48 21
48 22
48 27
48 66
48 81
48 88
48 148
49 104
49 122
49 143
49 196
49 10
49 43
49 60
49 82
49 149
50 117
50 121
50 6
50 36
50 75
50 95
50 97
50 150
51 105
51 115
51 124
51 178
51 1
51 42
51 62
51 78
51 99
51 151
52 108
52 112
52 131
52 137
52 145
52 19
52 34
52 35
52 67
52 71
52 75
52 81
52 87
52 95
52 97
52 152
53 103
53 116
53 179
53 188
53 43
53 55
53 66
53 67
53 84
53 153
54 127
54 143
54 145
54 149
54 192
54 193
54 198
54 3
54 92
54 154
55 147
55 160
55 165
55 167
55 38
55 53
55 89
55 155
56 117
56 156
56 12
57 128
57 181
57 184
57 19
57 25
57 34
57 38
57 46
57 59
57 63
57 82
57 84
57 92
57 157
58 110
58 140
58 158
58 192
58 10
58 12
58 22
58 32
58 38
58 74
58 88
58 93
59 103
59 155
59 172
59 190
59 22
59 24
59 34
59 38
59 40
59 57
59 77
59 159
60 145
60 154
60 173
60 176
60 1
60 2
60 3
60 36
60 46
60 49
60 98
60 160
61 120
61 153
61 170
61 173
61 193
61 37
61 79
61 98
61 161
62 127
62 137
62 147
62 184
62 197
62 10
62 40
62 45
62 51
62 63
62 88
62 90
62 93
62 162
63 134
63 173
63 188
63 198
63 13
63 17
63 20
63 21
63 22
63 27
63 35
63 44
63 57
63 62
63 67
63 163
64 137
64 138
64 158
64 191
64 1
64 79
64 89
64 164
65 121
65 155
65 24
65 86
65 165
66 128
66 147
66 167
66 1
66 48
66 53
66 78
66 81
66 84
66 91
66 99
66 166
67 126
67 131
67 148
67 156
67 167
67 177
67 196
67 5
67 6
67 25
67 26
67 34
67 47
67 52
67 53
67 63
67 88
68 101
68 102
68 110
68 115
68 124
68 146
68 165
68 199
68 10
68 19
68 22
68 45
68 77
68 98
68 168
69 101
69 188
69 70
69 72
69 169
70 117
70 125
70 8
70 17
70 21
70 22
70 24
70 27
70 35
70 69
70 80
70 170
71 113
71 146
71 173
71 20
71 25
71 39
71 52
71 76
71 89
71 96
71 171
72 101
72 133
72 155
72 156
72 197
72 9
72 22
72 23
72 34
72 69
72 80
72 87
72 172
73 106
73 134
73 147
73 156
73 195
73 6
73 12
73 76
73 97
73 173
74 121
74 136
74 165
74 196
74 19
74 33
74 34
74 38
74 42
74 58
74 75
74 97
74 174
75 196
75 27
75 39
75 50
75 52
75 74
75 77
75 175
76 107
76 130
76 144
76 145
76 151
76 153
76 180
76 181
76 4
76 71
76 73
76 84
76 85
76 95
76 176
77 124
77 125
77 156
77 190
77 24
77 34
77 59
77 68
77 75
77 84
77 177
78 115
78 152
78 185
78 27
78 51
78 66
78 91
78 94
78 95
78 178
79 103
79 105
79 127
79 131
79 155
79 156
79 184
79 13
79 19
79 28
79 29
79 35
79 41
79 43
79 61
79 64
79 95
79 179
80 116
80 118
80 145
80 176
80 190
80 32
80 33
80 70
80 72
80 83
80 86
80 95
80 180
81 155
81 163
81 179
81 181
81 3
81 16
81 43
81 48
81 52
81 66
81 94
82 138
82 156
82 45
82 46
82 49
82 57
82 87
82 89
82 182
83 121
83 143
83 151
83 184
83 189
83 192
83 8
83 25
83 80
83 91
83 92
83 183
84 140
84 164
84 193
84 5
84 21
84 31
84 37
84 40
84 53
84 57
84 66
84 76
84 77
84 88
84 91
84 184
85 101
85 131
85 141
85 179
85 193
85 8
85 9
85 28
85 76
85 97
85 185
86 103
86 107
86 110
86 126
86 139
86 142
86 149
86 150
86 160
86 197
86 22
86 31
86 36
86 44
86 65
86 80
86 186
87 106
87 107
87 145
87 150
87 170
87 185
87 1
87 6
87 7
87 52
87 72
87 82
87 88
87 187
88 124
88 149
88 165
88 179
88 195
88 40
88 48
88 58
88 62
88 67
88 84
88 87
88 93
88 188
89 107
89 178
89 187
89 196
89 3
89 20
89 30
89 55
89 64
89 71
89 82
89 189
90 144
90 153
90 187
90 4
90 24
90 62
90 190
91 104
91 116
91 141
91 7
91 17
91 66
91 78
91 83
91 84
91 94
91 191
92 150
92 174
92 8
92 39
92 54
92 57
92 83
92 192
93 120
93 136
93 148
93 187
93 29
93 40
93 43
93 45
93 58
93 62
93 88
93 193
94 136
94 154
94 159
94 180
94 186
94 187
94 190
94 2
94 9
94 23
94 32
94 45
94 78
94 81
94 91
94 194
95 103
95 164
95 171
95 184
95 197
95 25
95 31
95 50
95 52
95 76
95 78
95 79
95 80
95 195
96 164
96 174
96 3
96 13
96 39
96 71
96 196
97 103
97 143
97 153
97 165
97 181
97 184
97 4
97 7
97 8
97 27
97 29
97 50
97 52
97 73
97 74
97 85
97 197
98 102
98 109
98 113
98 128
98 161
98 170
98 182
98 184
98 192
98 8
98 14
98 18
98 19
98 41
98 43
98 46
98 60
98 61
98 68
98 198
99 107
99 122
99 124
99 137
99 148
99 161
99 168
99 186
99 189
99 9
99 11
99 20
99 21
99 22
99 25
99 29
99 30
99 45
99 51
99 66
99 199
100 47
100 0
101 26
101 68
101 69
101 72
101 85
101 1
102 16
102 34
102 44
102 68
102 98
102 2
103 0
103 1
103 31
103 53
103 59
103 79
103 86
103 95
103 97
103 3
104 10
104 21
104 37
104 43
104 45
104 49
104 91
104 4
105 51
105 79
105 5
106 15
106 47
106 73
106 87
106 6
107 13
107 20
107 23
107 25
107 46
107 76
107 86
107 87
107 89
107 99
107 7
108 4
108 52
108 8
109 31
109 35
109 38
109 39
109 98
109 9
110 2
110 3
110 22
110 30
110 58
110 68
110 86
110 10
111 9
111 11
111 18
111 47
112 34
112 52
112 12
113 7
113 71
113 98
113 13
114 3
114 14
115 18
115 21
115 43
115 51
115 68
115 78
115 15
116 0
116 6
116 17
116 36
116 39
116 53
116 80
116 91
116 16
117 27
117 50
117 56
117 70
117 17
118 5
118 6
118 15
118 45
118 80
118 18
119 6
119 31
119 32
119 19
120 42
120 61
120 93
120 20
121 12
121 22
121 46
121 50
121 65
121 74
121 83
121 21
122 9
122 49
122 99
122 22
123 13
123 38
123 23
124 0
124 8
124 46
124 51
124 68
124 77
124 88
124 99
124 24
125 4
125 23
125 70
125 77
125 25
126 22
126 67
126 86
126 26
127 8
127 20
127 29
127 54
127 62
127 79
127 27
128 9
128 22
128 37
128 57
128 66
128 98
128 28
129 3
129 31
129 29
130 9
130 16
130 30
130 44
130 76
131 3
131 13
131 17
131 52
131 67
131 79
131 85
131 31
132 21
132 28
132 37
132 32
133 0
133 2
133 11
133 14
133 16
133 20
133 24
133 44
133 72
133 33
134 63
134 73
134 34
135 46
135 35
136 38
136 41
136 74
136 93
136 94
136 36
137 11
137 52
137 62
137 64
137 99
137 37
138 14
138 38
138 64
138 82
139 4
139 18
139 24
139 37
139 40
139 48
139 86
139 39
140 5
140 29
140 33
140 43
140 58
140 84
140 40
141 85
141 91
141 41
142 0
142 18
142 25
142 38
142 86
142 42
143 10
143 13
143 49
143 54
143 83
143 97
143 43
144 23
144 76
144 90
144 44
145 52
145 54
145 60
145 76
145 80
145 87
145 45
146 3
146 5
146 8
146 68
146 71
146 46
147 0
147 36
147 45
147 55
147 62
147 66
147 73
147 47
148 67
148 93
148 99
148 48
149 2
149 4
149 18
149 43
149 54
149 86
149 88
149 49
150 15
150 86
150 87
150 92
150 50
151 25
151 76
151 83
151 51
152 26
152 37
152 45
152 78
152 52
153 22
153 31
153 33
153 42
153 61
153 76
153 90
153 97
153 53
154 36
154 43
154 60
154 94
154 54
155 12
155 23
155 32
155 59
155 65
155 72
155 79
155 81
155 55
156 24
156 31
156 46
156 47
156 56
156 67
156 72
156 73
156 77
156 79
156 82
157 3
157 57
158 37
158 38
158 42
158 58
158 64
159 10
159 38
159 39
159 94
159 59
160 55
160 86
160 60
161 10
161 40
161 41
161 98
161 99
161 61
162 37
162 62
163 18
163 81
163 63
164 3
164 12
164 46
164 84
164 95
164 96
164 64
165 55
165 68
165 74
165 88
165 97
165 65
166 5
166 10
166 21
166 28
166 33
166 41
166 66
167 10
167 55
167 66
167 67
168 26
168 99
168 68
169 29
169 40
169 43
169 69
170 36
170 39
170 61
170 87
170 98
170 70
171 95
171 71
172 59
172 72
173 14
173 18
173 29
173 37
173 39
173 42
173 60
173 61
173 63
173 71
173 73
174 14
174 21
174 92
174 96
174 74
175 3
175 75
176 34
176 47
176 60
176 80
176 76
177 29
177 30
177 67
177 77
178 25
178 51
178 89
178 78
179 11
179 13
179 33
179 53
179 81
179 85
179 88
179 79
180 8
180 15
180 76
180 94
180 80
181 0
181 17
181 27
181 57
181 76
181 81
181 97
182 12
182 22
182 23
182 43
182 44
182 98
182 82
183 3
183 19
183 83
184 9
184 48
184 57
184 62
184 79
184 83
184 95
184 97
184 98
184 84
185 1
185 16
185 37
185 39
185 43
185 78
185 87
185 85
186 19
186 31
186 94
186 99
186 86
187 33
187 47
187 89
187 90
187 93
187 94
187 87
188 53
188 63
188 69
188 88
189 15
189 25
189 36
189 83
189 99
189 89
190 4
190 6
190 15
190 29
190 59
190 77
190 80
190 94
190 90
191 22
191 64
191 91
192 6
192 16
192 20
192 28
192 35
192 54
192 58
192 83
192 98
192 92
193 27
193 31
193 48
193 54
193 61
193 84
193 85
193 93
194 35
194 94
195 73
195 88
195 95
196 7
196 9
196 13
196 42
196 49
196 67
196 74
196 75
196 89
196 96
197 23
197 62
197 72
197 86
197 95
197 97
198 22
198 47
198 54
198 63
198 98
199 3
199 17
199 24
199 68
199 99
