  400   2993
0 205
0 227
0 325
0 375
0 15
0 32
0 39
0 48
0 64
0 73
0 76
0 82
0 99
0 104
0 119
0 122
0 124
0 150
0 176
0 183
0 194
0 195
0 199
0 200
1 300
1 314
1 326
1 10
1 33
1 41
1 42
1 59
1 61
1 63
1 64
1 65
1 66
1 84
1 95
1 97
1 103
1 114
1 118
1 135
1 152
1 153
1 154
1 158
1 161
1 164
1 169
1 179
1 191
1 201
2 248
2 324
2 352
2 355
2 385
2 4
2 20
2 32
2 35
2 38
2 54
2 60
2 63
2 71
2 81
2 84
2 86
2 93
2 110
2 114
2 133
2 147
2 166
2 182
2 202
3 252
3 261
3 271
3 301
3 313
3 335
3 13
3 49
3 51
3 101
3 102
3 104
3 117
3 123
3 144
3 148
3 156
3 160
3 179
3 192
3 203
4 228
4 270
4 283
4 2
4 8
4 10
4 11
4 39
4 43
4 56
4 62
4 89
4 118
4 119
4 134
4 136
4 144
4 152
4 167
4 170
4 171
4 180
4 183
4 186
4 194
4 204
5 239
5 258
5 280
5 339
5 366
5 19
5 33
5 47
5 54
5 79
5 108
5 123
5 126
5 145
5 147
5 149
5 150
5 151
5 155
5 167
5 168
5 174
5 185
5 189
5 205
6 269
6 8
6 10
6 24
6 35
6 51
6 56
6 65
6 74
6 80
6 109
6 110
6 113
6 123
6 126
6 131
6 140
6 188
6 191
6 195
6 196
6 206
7 243
7 319
7 393
7 43
7 82
7 84
7 91
7 99
7 100
7 130
7 142
7 144
7 152
7 177
7 189
7 192
7 194
7 197
7 207
8 200
8 291
8 309
8 4
8 6
8 10
8 24
8 25
8 37
8 38
8 41
8 51
8 67
8 70
8 82
8 91
8 104
8 106
8 143
8 150
8 154
8 164
8 165
8 173
8 176
8 181
8 208
9 245
9 399
9 15
9 20
9 24
9 29
9 37
9 45
9 49
9 55
9 65
9 70
9 80
9 86
9 97
9 103
9 118
9 131
9 133
9 148
9 181
9 191
9 194
9 199
9 209
10 272
10 326
10 363
10 368
10 1
10 4
10 6
10 8
10 25
10 29
10 55
10 71
10 73
10 93
10 94
10 99
10 118
10 120
10 133
10 152
10 161
10 164
10 168
10 199
10 210
11 210
11 343
11 4
11 28
11 30
11 49
11 54
11 60
11 89
11 111
11 115
11 116
11 118
11 122
11 125
11 134
11 135
11 155
11 161
11 175
11 180
11 184
11 191
11 211
12 218
12 219
12 372
12 384
12 15
12 16
12 44
12 51
12 66
12 74
12 86
12 112
12 116
12 136
12 142
12 153
12 159
12 163
12 193
12 197
12 212
13 219
13 261
13 267
13 287
13 349
13 394
13 3
13 43
13 45
13 46
13 51
13 55
13 61
13 65
13 95
13 109
13 119
13 131
13 132
13 137
13 141
13 153
13 192
13 213
14 239
14 265
14 273
14 307
14 344
14 362
14 373
14 38
14 40
14 46
14 58
14 107
14 113
14 121
14 127
14 128
14 129
14 132
14 136
14 145
14 148
14 155
14 158
14 167
14 179
14 190
14 192
14 195
14 199
14 214
15 340
15 380
15 399
15 0
15 9
15 12
15 18
15 30
15 31
15 50
15 53
15 68
15 112
15 146
15 154
15 164
15 179
15 180
15 184
15 188
15 192
15 195
15 215
16 280
16 290
16 348
16 390
16 12
16 19
16 21
16 33
16 38
16 56
16 64
16 66
16 71
16 90
16 140
16 148
16 157
16 167
16 216
17 210
17 238
17 241
17 244
17 253
17 271
17 293
17 319
17 330
17 336
17 18
17 41
17 56
17 60
17 67
17 73
17 80
17 81
17 88
17 109
17 114
17 117
17 119
17 127
17 128
17 133
17 134
17 149
17 150
17 152
17 160
17 170
17 175
17 178
17 217
18 229
18 286
18 321
18 331
18 15
18 17
18 35
18 59
18 61
18 63
18 96
18 97
18 107
18 122
18 133
18 137
18 140
18 148
18 160
18 165
18 170
18 183
18 218
19 362
19 5
19 16
19 26
19 37
19 40
19 65
19 72
19 83
19 99
19 111
19 125
19 128
19 138
19 149
19 151
19 170
19 178
19 180
19 181
19 197
19 219
20 212
20 229
20 267
20 295
20 2
20 9
20 21
20 70
20 74
20 76
20 85
20 97
20 108
20 113
20 115
20 116
20 126
20 140
20 149
20 172
20 220
21 222
21 231
21 288
21 345
21 373
21 376
21 16
21 20
21 36
21 48
21 51
21 60
21 63
21 69
21 86
21 130
21 151
21 153
21 162
21 174
21 182
21 191
21 193
21 221
22 205
22 246
22 274
22 295
22 29
22 31
22 42
22 51
22 72
22 101
22 102
22 108
22 113
22 116
22 163
22 167
22 172
22 173
22 178
22 188
22 195
22 222
23 211
23 250
23 24
23 36
23 76
23 85
23 96
23 100
23 101
23 102
23 131
23 144
23 150
23 171
23 178
23 179
23 223
24 338
24 359
24 374
24 387
24 393
24 6
24 8
24 9
24 23
24 29
24 50
24 68
24 70
24 79
24 99
24 121
24 123
24 139
24 142
24 151
24 161
24 176
24 224
25 216
25 294
25 308
25 332
25 8
25 10
25 31
25 34
25 39
25 40
25 46
25 80
25 86
25 100
25 101
25 107
25 114
25 119
25 136
25 151
25 164
25 169
25 170
25 171
25 172
25 177
25 225
26 222
26 274
26 288
26 316
26 318
26 319
26 333
26 371
26 19
26 31
26 41
26 48
26 57
26 66
26 81
26 101
26 104
26 115
26 143
26 145
26 146
26 157
26 159
26 184
26 226
27 284
27 29
27 31
27 41
27 49
27 52
27 78
27 90
27 114
27 118
27 119
27 128
27 132
27 141
27 143
27 172
27 186
27 187
27 194
27 195
27 196
27 227
28 259
28 283
28 293
28 296
28 303
28 358
28 360
28 376
28 11
28 38
28 43
28 44
28 61
28 77
28 92
28 104
28 106
28 109
28 125
28 135
28 143
28 151
28 153
28 156
28 179
28 189
28 228
29 382
29 9
29 10
29 22
29 24
29 27
29 32
29 39
29 44
29 45
29 50
29 55
29 59
29 73
29 88
29 101
29 105
29 131
29 143
29 145
29 150
29 171
29 173
29 174
29 176
29 187
29 190
29 194
29 196
29 229
30 386
30 245
30 11
30 15
30 33
30 58
30 63
30 66
30 69
30 71
30 74
30 96
30 102
30 105
30 116
30 123
30 151
30 157
30 180
30 186
30 230
31 217
31 280
31 358
31 368
31 15
31 22
31 25
31 26
31 27
31 51
31 65
31 66
31 71
31 75
31 104
31 114
31 133
31 149
31 177
31 180
31 183
31 185
31 195
31 231
32 294
32 385
32 0
32 2
32 29
32 50
32 60
32 114
32 140
32 142
32 148
32 155
32 187
32 195
32 197
32 232
33 253
33 282
33 314
33 336
33 342
33 345
33 1
33 5
33 16
33 30
33 35
33 39
33 40
33 67
33 70
33 75
33 89
33 104
33 138
33 140
33 151
33 153
33 160
33 180
33 189
33 233
34 261
34 281
34 285
34 314
34 371
34 25
34 47
34 48
34 52
34 55
34 59
34 64
34 75
34 89
34 90
34 92
34 94
34 121
34 145
34 151
34 152
34 158
34 164
34 168
34 181
34 188
34 196
34 234
35 208
35 353
35 388
35 2
35 6
35 18
35 33
35 50
35 67
35 68
35 79
35 80
35 93
35 105
35 107
35 122
35 149
35 151
35 154
35 158
35 160
35 171
35 172
35 173
35 186
35 191
35 192
35 197
35 235
36 212
36 229
36 278
36 360
36 384
36 21
36 23
36 37
36 42
36 57
36 61
36 71
36 78
36 89
36 92
36 106
36 121
36 127
36 134
36 135
36 147
36 151
36 155
36 193
36 236
37 236
37 271
37 329
37 333
37 338
37 366
37 368
37 8
37 9
37 19
37 36
37 46
37 50
37 68
37 72
37 86
37 94
37 110
37 123
37 127
37 128
37 135
37 138
37 141
37 144
37 153
37 167
37 171
37 185
37 191
37 237
38 289
38 2
38 8
38 14
38 16
38 28
38 68
38 85
38 105
38 110
38 137
38 144
38 154
38 159
38 173
38 181
38 183
38 185
38 197
38 238
39 218
39 0
39 4
39 25
39 29
39 33
39 49
39 52
39 86
39 96
39 107
39 120
39 131
39 154
39 160
39 166
39 175
39 186
39 194
39 239
40 273
40 383
40 395
40 398
40 14
40 19
40 25
40 33
40 50
40 58
40 69
40 71
40 74
40 96
40 101
40 120
40 121
40 144
40 148
40 152
40 167
40 168
40 171
40 172
40 178
40 194
40 240
41 209
41 219
41 278
41 308
41 375
41 1
41 8
41 17
41 26
41 27
41 43
41 51
41 55
41 72
41 79
41 81
41 87
41 89
41 93
41 94
41 99
41 105
41 107
41 135
41 138
41 143
41 148
41 195
41 197
41 199
41 241
42 284
42 298
42 324
42 334
42 351
42 1
42 22
42 36
42 54
42 62
42 74
42 85
42 87
42 96
42 102
42 120
42 123
42 124
42 127
42 128
42 145
42 148
42 153
42 157
42 172
42 174
42 186
42 187
42 189
42 242
43 240
43 259
43 265
43 297
43 299
43 322
43 334
43 377
43 4
43 7
43 13
43 28
43 41
43 50
43 61
43 65
43 70
43 73
43 74
43 77
43 84
43 127
43 137
43 150
43 159
43 160
43 161
43 181
43 243
44 210
44 275
44 289
44 297
44 316
44 326
44 396
44 12
44 28
44 29
44 60
44 70
44 87
44 88
44 92
44 95
44 100
44 104
44 109
44 119
44 131
44 153
44 162
44 183
44 198
44 244
45 289
45 9
45 13
45 29
45 53
45 61
45 67
45 68
45 78
45 91
45 93
45 96
45 120
45 136
45 156
45 162
45 171
45 180
45 181
45 186
45 195
45 245
46 209
46 272
46 375
46 13
46 14
46 25
46 37
46 50
46 51
46 56
46 59
46 63
46 64
46 66
46 80
46 90
46 92
46 96
46 105
46 119
46 130
46 137
46 147
46 148
46 150
46 164
46 179
46 187
46 246
47 267
47 311
47 349
47 356
47 5
47 34
47 54
47 55
47 58
47 62
47 78
47 82
47 85
47 90
47 94
47 114
47 173
47 247
48 234
48 284
48 343
48 0
48 21
48 26
48 34
48 81
48 87
48 88
48 90
48 91
48 92
48 112
48 114
48 132
48 133
48 138
48 146
48 182
48 188
48 192
48 248
49 277
49 398
49 3
49 9
49 11
49 27
49 39
49 52
49 58
49 62
49 77
49 86
49 91
49 124
49 125
49 131
49 155
49 196
49 198
49 249
50 236
50 261
50 291
50 314
50 359
50 364
50 15
50 24
50 29
50 32
50 35
50 37
50 40
50 43
50 46
50 58
50 80
50 94
50 112
50 136
50 148
50 165
50 183
50 196
50 250
51 222
51 236
51 341
51 350
51 3
51 6
51 8
51 12
51 13
51 21
51 22
51 31
51 41
51 46
51 61
51 67
51 75
51 88
51 97
51 101
51 104
51 110
51 116
51 136
51 145
51 153
51 179
51 181
51 184
51 251
52 205
52 251
52 284
52 27
52 34
52 39
52 49
52 53
52 54
52 60
52 151
52 158
52 175
52 252
53 291
53 360
53 15
53 45
53 52
53 56
53 60
53 84
53 95
53 96
53 119
53 125
53 128
53 129
53 132
53 159
53 178
53 181
53 182
53 194
53 199
53 253
54 260
54 360
54 2
54 5
54 11
54 42
54 47
54 52
54 55
54 61
54 69
54 108
54 109
54 111
54 116
54 138
54 143
54 153
54 163
54 176
54 178
54 196
54 254
55 232
55 311
55 341
55 351
55 377
55 9
55 10
55 13
55 29
55 34
55 41
55 47
55 54
55 61
55 92
55 102
55 104
55 116
55 146
55 168
55 196
55 197
55 199
55 255
56 263
56 346
56 4
56 6
56 16
56 17
56 46
56 53
56 67
56 69
56 78
56 79
56 82
56 87
56 89
56 99
56 123
56 128
56 135
56 136
56 142
56 156
56 163
56 177
56 191
56 256
57 241
57 26
57 36
57 58
57 73
57 83
57 101
57 104
57 109
57 110
57 111
57 113
57 115
57 125
57 135
57 148
57 164
57 190
57 257
58 255
58 359
58 360
58 14
58 30
58 40
58 47
58 49
58 50
58 57
58 65
58 77
58 80
58 93
58 96
58 103
58 107
58 109
58 113
58 121
58 124
58 127
58 149
58 152
58 153
58 171
58 172
58 180
58 197
58 258
59 203
59 290
59 302
59 369
59 1
59 18
59 29
59 34
59 46
59 61
59 65
59 68
59 71
59 89
59 105
59 111
59 116
59 134
59 135
59 137
59 138
59 172
59 173
59 174
59 180
59 188
59 199
59 259
60 240
60 295
60 303
60 331
60 2
60 11
60 17
60 21
60 32
60 44
60 52
60 53
60 69
60 76
60 81
60 86
60 89
60 91
60 95
60 96
60 114
60 125
60 164
60 169
60 176
60 181
60 188
60 190
60 197
60 260
61 257
61 295
61 328
61 338
61 1
61 13
61 18
61 28
61 36
61 43
61 45
61 51
61 54
61 55
61 59
61 65
61 69
61 80
61 95
61 107
61 142
61 148
61 149
61 163
61 167
61 177
61 180
61 187
61 261
62 208
62 294
62 4
62 42
62 47
62 49
62 65
62 73
62 75
62 80
62 87
62 88
62 105
62 111
62 131
62 132
62 144
62 149
62 162
62 171
62 178
62 184
62 262
63 202
63 238
63 277
63 281
63 282
63 327
63 343
63 349
63 1
63 2
63 18
63 21
63 30
63 46
63 73
63 74
63 83
63 98
63 101
63 115
63 121
63 130
63 157
63 181
63 189
63 199
63 263
64 223
64 322
64 394
64 0
64 1
64 16
64 34
64 46
64 83
64 106
64 111
64 113
64 114
64 118
64 140
64 154
64 159
64 163
64 177
64 264
65 301
65 333
65 1
65 6
65 9
65 13
65 19
65 31
65 43
65 58
65 59
65 61
65 62
65 76
65 78
65 82
65 98
65 101
65 109
65 110
65 117
65 130
65 131
65 154
65 157
65 172
65 184
65 189
65 191
65 197
65 265
66 294
66 322
66 398
66 1
66 12
66 16
66 26
66 30
66 31
66 46
66 74
66 82
66 84
66 97
66 98
66 100
66 105
66 123
66 134
66 162
66 174
66 176
66 193
66 266
67 227
67 286
67 288
67 324
67 332
67 344
67 8
67 17
67 33
67 35
67 45
67 51
67 56
67 84
67 87
67 105
67 109
67 114
67 137
67 148
67 164
67 165
67 167
67 169
67 191
67 267
68 297
68 337
68 342
68 346
68 355
68 15
68 24
68 35
68 37
68 38
68 45
68 59
68 76
68 82
68 92
68 102
68 110
68 113
68 122
68 129
68 158
68 159
68 171
68 182
68 268
69 210
69 318
69 368
69 372
69 21
69 30
69 40
69 54
69 56
69 60
69 61
69 70
69 77
69 95
69 114
69 115
69 125
69 127
69 129
69 136
69 137
69 158
69 175
69 269
70 206
70 246
70 262
70 274
70 380
70 382
70 8
70 9
70 20
70 24
70 33
70 43
70 44
70 69
70 89
70 90
70 119
70 159
70 166
70 185
70 270
71 217
71 255
71 256
71 343
71 377
71 382
71 2
71 10
71 16
71 30
71 31
71 36
71 40
71 59
71 85
71 88
71 98
71 112
71 118
71 122
71 124
71 171
71 182
71 271
72 251
72 257
72 333
72 392
72 19
72 22
72 37
72 41
72 73
72 83
72 89
72 102
72 123
72 128
72 129
72 140
72 141
72 146
72 147
72 174
72 180
72 181
72 187
72 272
73 261
73 317
73 361
73 0
73 10
73 17
73 29
73 43
73 57
73 62
73 63
73 72
73 83
73 102
73 132
73 137
73 142
73 150
73 152
73 168
73 183
73 193
73 273
74 300
74 6
74 12
74 20
74 30
74 40
74 42
74 43
74 63
74 66
74 76
74 77
74 104
74 138
74 146
74 147
74 154
74 155
74 174
74 175
74 177
74 178
74 187
74 194
74 274
75 328
75 31
75 33
75 34
75 51
75 62
75 79
75 82
75 104
75 108
75 114
75 157
75 167
75 192
75 275
76 314
76 342
76 0
76 20
76 23
76 60
76 65
76 68
76 74
76 89
76 93
76 105
76 115
76 128
76 138
76 143
76 152
76 159
76 163
76 164
76 170
76 178
76 181
76 186
76 191
76 193
76 194
76 276
77 257
77 361
77 28
77 43
77 49
77 58
77 69
77 74
77 110
77 121
77 135
77 145
77 147
77 154
77 156
77 158
77 178
77 185
77 277
78 232
78 271
78 366
78 27
78 36
78 45
78 47
78 56
78 65
78 81
78 86
78 87
78 90
78 107
78 110
78 121
78 130
78 138
78 148
78 152
78 166
78 278
79 234
79 247
79 288
79 5
79 24
79 35
79 41
79 56
79 75
79 110
79 137
79 142
79 147
79 148
79 153
79 163
79 166
79 169
79 172
79 174
79 185
79 279
80 263
80 395
80 6
80 9
80 17
80 25
80 35
80 46
80 50
80 58
80 61
80 62
80 93
80 101
80 118
80 137
80 153
80 157
80 170
80 174
80 175
80 176
80 180
80 197
80 280
81 244
81 281
81 333
81 390
81 399
81 2
81 17
81 26
81 41
81 48
81 60
81 78
81 90
81 102
81 109
81 115
81 134
81 137
81 140
81 167
81 169
81 178
81 185
81 189
81 195
81 196
82 223
82 253
82 349
82 365
82 376
82 0
82 7
82 8
82 47
82 56
82 65
82 66
82 68
82 75
82 95
82 100
82 113
82 115
82 117
82 136
82 138
82 141
82 144
82 148
82 152
82 159
82 161
82 170
82 194
82 282
83 219
83 255
83 257
83 301
83 318
83 385
83 19
83 57
83 63
83 64
83 72
83 73
83 91
83 97
83 132
83 140
83 146
83 151
83 155
83 167
83 176
83 177
83 283
84 329
84 350
84 379
84 380
84 1
84 2
84 7
84 43
84 53
84 66
84 67
84 93
84 98
84 122
84 151
84 162
84 166
84 170
84 176
84 185
84 284
85 229
85 256
85 330
85 345
85 349
85 20
85 23
85 38
85 42
85 47
85 71
85 105
85 106
85 115
85 122
85 138
85 175
85 180
85 196
85 285
86 208
86 221
86 230
86 254
86 281
86 321
86 360
86 373
86 2
86 9
86 12
86 21
86 25
86 37
86 39
86 49
86 60
86 78
86 91
86 93
86 97
86 104
86 107
86 118
86 121
86 124
86 141
86 145
86 157
86 158
86 166
86 286
87 205
87 256
87 366
87 392
87 41
87 42
87 44
87 48
87 56
87 62
87 67
87 78
87 88
87 103
87 113
87 119
87 127
87 164
87 175
87 177
87 184
87 191
87 195
87 287
88 208
88 313
88 324
88 371
88 17
88 29
88 44
88 48
88 51
88 62
88 71
88 87
88 99
88 100
88 117
88 118
88 141
88 142
88 143
88 190
88 288
89 215
89 291
89 319
89 348
89 4
89 11
89 33
89 34
89 36
89 41
89 56
89 59
89 60
89 70
89 72
89 76
89 90
89 94
89 102
89 106
89 115
89 137
89 142
89 160
89 164
89 179
89 183
89 193
89 289
90 243
90 272
90 369
90 16
90 27
90 34
90 46
90 47
90 48
90 70
90 78
90 81
90 89
90 95
90 121
90 126
90 143
90 153
90 165
90 168
90 176
90 183
90 190
90 290
91 230
91 314
91 336
91 361
91 372
91 7
91 8
91 45
91 48
91 49
91 60
91 83
91 86
91 140
91 153
91 161
91 176
91 189
91 194
91 291
92 253
92 338
92 28
92 34
92 36
92 44
92 46
92 48
92 55
92 68
92 98
92 104
92 112
92 117
92 118
92 127
92 131
92 137
92 141
92 144
92 146
92 162
92 163
92 164
92 172
92 176
92 181
92 184
92 292
93 202
93 214
93 231
93 235
93 268
93 284
93 285
93 291
93 338
93 2
93 10
93 35
93 41
93 45
93 58
93 76
93 80
93 84
93 86
93 97
93 115
93 116
93 131
93 135
93 146
93 162
93 170
93 172
93 184
93 185
93 199
93 293
94 208
94 253
94 294
94 330
94 10
94 34
94 37
94 41
94 47
94 50
94 89
94 99
94 118
94 124
94 134
94 136
94 161
94 165
94 183
95 204
95 250
95 302
95 315
95 327
95 1
95 13
95 44
95 53
95 60
95 61
95 69
95 82
95 90
95 99
95 101
95 118
95 149
95 153
95 165
95 167
95 177
95 179
95 180
95 188
95 190
95 195
95 295
96 398
96 18
96 23
96 30
96 39
96 40
96 42
96 45
96 46
96 53
96 58
96 60
96 113
96 116
96 121
96 137
96 141
96 144
96 148
96 163
96 170
96 179
96 184
96 191
96 296
97 220
97 267
97 304
97 356
97 1
97 9
97 18
97 20
97 51
97 66
97 83
97 86
97 93
97 100
97 107
97 113
97 123
97 133
97 167
97 175
97 189
97 297
98 260
98 284
98 302
98 372
98 63
98 65
98 66
98 71
98 84
98 92
98 125
98 132
98 141
98 149
98 158
98 159
98 160
98 192
98 298
99 262
99 277
99 376
99 0
99 7
99 10
99 19
99 24
99 41
99 56
99 88
99 94
99 95
99 102
99 136
99 141
99 146
99 163
99 179
99 190
99 193
99 299
100 307
100 340
100 345
100 7
100 23
100 25
100 44
100 66
100 82
100 88
100 97
100 101
100 105
100 111
100 115
100 130
100 132
100 144
100 151
100 157
100 175
100 177
100 179
100 184
100 188
100 191
100 198
100 300
101 277
101 369
101 3
101 22
101 23
101 25
101 26
101 29
101 40
101 51
101 57
101 63
101 65
101 80
101 95
101 100
101 103
101 104
101 178
101 186
101 301
102 313
102 379
102 3
102 22
102 23
102 30
102 42
102 55
102 68
102 72
102 73
102 81
102 89
102 99
102 108
102 116
102 121
102 129
102 131
102 145
102 146
102 147
102 171
102 173
102 188
102 302
103 216
103 225
103 276
103 303
103 1
103 9
103 58
103 87
103 101
103 105
103 110
103 114
103 116
103 125
103 126
103 132
103 134
103 140
103 153
103 156
103 190
104 208
104 217
104 320
104 0
104 3
104 8
104 26
104 28
104 31
104 33
104 44
104 51
104 55
104 57
104 74
104 75
104 86
104 92
104 101
104 109
104 111
104 117
104 119
104 121
104 137
104 145
104 150
104 159
104 162
104 170
104 184
104 185
104 191
104 193
104 304
105 273
105 374
105 29
105 30
105 35
105 38
105 41
105 46
105 59
105 62
105 66
105 67
105 76
105 85
105 100
105 103
105 107
105 116
105 125
105 128
105 142
105 144
105 146
105 169
105 172
105 175
105 181
105 189
105 190
105 191
105 195
105 305
106 213
106 291
106 364
106 8
106 28
106 36
106 64
106 85
106 89
106 107
106 110
106 125
106 132
106 135
106 159
106 168
106 171
106 191
106 193
106 198
106 199
106 306
107 267
107 278
107 284
107 294
107 364
107 14
107 18
107 25
107 35
107 39
107 41
107 58
107 61
107 78
107 86
107 97
107 105
107 106
107 110
107 126
107 127
107 131
107 135
107 138
107 143
107 155
107 169
107 171
107 188
107 307
108 399
108 386
108 5
108 20
108 22
108 54
108 75
108 102
108 116
108 123
108 129
108 139
108 155
108 156
108 159
108 168
108 174
108 190
108 308
109 226
109 241
109 248
109 276
109 283
109 300
109 380
109 6
109 13
109 17
109 28
109 44
109 54
109 57
109 58
109 65
109 67
109 81
109 104
109 118
109 127
109 130
109 146
109 175
109 181
109 184
109 190
109 193
109 309
110 209
110 223
110 243
110 287
110 308
110 332
110 345
110 2
110 6
110 37
110 38
110 51
110 57
110 65
110 68
110 77
110 78
110 79
110 103
110 106
110 107
110 111
110 115
110 121
110 136
110 147
110 160
110 162
110 177
110 190
110 196
110 310
111 215
111 223
111 276
111 302
111 308
111 317
111 338
111 11
111 19
111 54
111 57
111 59
111 62
111 64
111 100
111 104
111 110
111 124
111 131
111 134
111 138
111 151
111 168
111 195
111 198
111 311
112 245
112 399
112 12
112 15
112 48
112 50
112 71
112 92
112 113
112 121
112 125
112 128
112 131
112 135
112 142
112 146
112 147
112 148
112 153
112 167
112 170
112 182
112 184
112 194
112 312
113 213
113 307
113 345
113 368
113 373
113 398
113 6
113 14
113 20
113 22
113 57
113 58
113 64
113 68
113 82
113 87
113 96
113 97
113 112
113 114
113 119
113 133
113 137
113 144
113 168
113 179
113 185
113 189
113 313
114 294
114 384
114 1
114 2
114 17
114 25
114 27
114 31
114 32
114 47
114 48
114 60
114 64
114 67
114 69
114 75
114 103
114 113
114 118
114 121
114 133
114 136
114 155
114 164
114 188
114 314
115 204
115 271
115 380
115 11
115 20
115 26
115 57
115 63
115 69
115 76
115 81
115 82
115 85
115 89
115 93
115 100
115 110
115 125
115 126
115 157
115 158
115 162
115 163
115 167
115 172
115 184
115 198
115 315
116 234
116 255
116 260
116 300
116 314
116 320
116 376
116 11
116 12
116 20
116 22
116 30
116 51
116 54
116 55
116 59
116 93
116 96
116 102
116 103
116 105
116 108
116 124
116 127
116 150
116 151
116 168
116 178
116 195
116 196
116 316
117 206
117 260
117 292
117 298
117 326
117 329
117 370
117 3
117 17
117 65
117 82
117 88
117 92
117 104
117 120
117 127
117 132
117 136
117 145
117 178
117 180
117 182
117 186
117 192
117 317
118 210
118 243
118 1
118 4
118 9
118 10
118 11
118 27
118 64
118 71
118 80
118 86
118 88
118 92
118 94
118 95
118 109
118 114
118 121
118 122
118 126
118 134
118 145
118 172
118 186
118 190
118 318
119 211
119 227
119 237
119 280
119 333
119 355
119 0
119 4
119 13
119 17
119 25
119 27
119 44
119 46
119 53
119 70
119 87
119 104
119 113
119 130
119 137
119 154
119 177
119 197
119 199
119 319
120 210
120 295
120 351
120 10
120 39
120 40
120 42
120 45
120 117
120 122
120 123
120 144
120 171
120 197
120 198
120 320
121 259
121 319
121 325
121 345
121 14
121 24
121 34
121 36
121 40
121 58
121 63
121 77
121 78
121 86
121 90
121 96
121 102
121 104
121 110
121 112
121 114
121 118
121 129
121 130
121 131
121 133
121 164
121 174
121 175
121 176
121 185
121 189
121 321
122 277
122 358
122 391
122 0
122 11
122 18
122 35
122 68
122 71
122 84
122 85
122 118
122 120
122 124
122 128
122 132
122 142
122 145
122 150
122 151
122 153
122 154
122 156
122 159
122 164
122 183
122 194
122 322
123 240
123 297
123 301
123 377
123 392
123 3
123 5
123 6
123 24
123 30
123 37
123 42
123 56
123 66
123 72
123 97
123 108
123 120
123 126
123 127
123 128
123 160
123 162
123 182
123 187
123 195
123 198
123 323
124 201
124 237
124 294
124 297
124 314
124 387
124 0
124 42
124 49
124 58
124 71
124 86
124 94
124 111
124 116
124 122
124 129
124 133
124 147
124 158
124 164
124 189
124 191
124 195
124 324
125 233
125 243
125 270
125 279
125 292
125 363
125 11
125 19
125 28
125 49
125 53
125 57
125 60
125 69
125 98
125 103
125 105
125 106
125 112
125 115
125 128
125 152
125 175
125 176
125 183
125 198
125 325
126 287
126 5
126 6
126 20
126 90
126 103
126 107
126 115
126 118
126 123
126 141
126 179
126 180
126 192
126 197
126 326
127 306
127 361
127 14
127 17
127 36
127 37
127 42
127 43
127 58
127 69
127 87
127 92
127 107
127 109
127 116
127 117
127 123
127 130
127 132
127 135
127 138
127 147
127 162
127 172
127 181
127 183
127 185
127 186
127 188
127 198
127 327
128 221
128 256
128 284
128 308
128 14
128 17
128 19
128 27
128 37
128 42
128 53
128 56
128 72
128 76
128 105
128 112
128 122
128 123
128 125
128 131
128 133
128 136
128 163
128 188
128 197
128 328
129 202
129 269
129 288
129 347
129 352
129 380
129 14
129 53
129 68
129 69
129 72
129 102
129 108
129 121
129 124
129 131
129 135
129 136
129 139
129 145
129 158
129 161
129 182
129 186
129 188
129 195
129 329
130 256
130 326
130 335
130 355
130 7
130 21
130 46
130 63
130 65
130 78
130 100
130 109
130 119
130 121
130 127
130 133
130 140
130 142
130 187
130 193
130 194
130 195
130 199
130 330
131 220
131 270
131 283
131 298
131 365
131 6
131 9
131 13
131 23
131 29
131 39
131 44
131 49
131 62
131 65
131 92
131 93
131 102
131 107
131 111
131 112
131 121
131 128
131 129
131 148
131 168
131 179
131 191
131 195
131 331
132 206
132 248
132 252
132 285
132 367
132 376
132 13
132 14
132 27
132 48
132 53
132 62
132 73
132 83
132 98
132 100
132 103
132 106
132 117
132 122
132 127
132 137
132 140
132 152
132 164
132 186
132 332
133 285
133 304
133 372
133 2
133 9
133 10
133 17
133 18
133 31
133 48
133 97
133 113
133 114
133 121
133 124
133 128
133 130
133 167
133 179
133 187
133 333
134 299
134 350
134 397
134 4
134 11
134 17
134 36
134 59
134 66
134 81
134 94
134 103
134 111
134 118
134 137
134 156
134 168
134 187
134 195
134 334
135 257
135 377
135 1
135 11
135 28
135 36
135 37
135 41
135 56
135 57
135 59
135 77
135 93
135 106
135 107
135 112
135 127
135 129
135 142
135 160
135 164
135 185
135 193
135 335
136 238
136 261
136 268
136 303
136 4
136 12
136 14
136 25
136 45
136 50
136 51
136 56
136 69
136 82
136 94
136 99
136 110
136 114
136 117
136 128
136 129
136 145
136 146
136 148
136 160
136 196
136 197
136 336
137 260
137 284
137 290
137 13
137 18
137 38
137 43
137 46
137 59
137 67
137 69
137 73
137 79
137 80
137 81
137 89
137 92
137 96
137 104
137 113
137 119
137 132
137 134
137 143
137 148
137 162
137 165
137 173
137 195
137 337
138 264
138 284
138 309
138 337
138 340
138 349
138 361
138 367
138 19
138 33
138 37
138 41
138 48
138 54
138 59
138 74
138 76
138 78
138 82
138 85
138 107
138 111
138 127
138 145
138 155
138 160
138 169
138 175
138 177
138 194
138 338
139 233
139 256
139 318
139 334
139 352
139 396
139 24
139 108
139 129
139 147
139 156
139 167
139 184
139 189
139 339
140 249
140 339
140 6
140 16
140 18
140 20
140 32
140 33
140 64
140 72
140 81
140 83
140 91
140 103
140 130
140 132
140 145
140 149
140 151
140 156
140 162
140 168
140 172
140 196
140 198
140 199
140 340
141 207
141 244
141 247
141 257
141 264
141 316
141 381
141 13
141 27
141 37
141 72
141 82
141 86
141 88
141 92
141 96
141 98
141 99
141 126
141 155
141 176
141 180
141 182
141 187
141 194
141 196
141 341
142 226
142 265
142 340
142 376
142 7
142 12
142 24
142 32
142 56
142 61
142 73
142 79
142 88
142 89
142 105
142 112
142 122
142 130
142 135
142 157
142 169
142 189
142 195
142 342
143 289
143 303
143 323
143 331
143 8
143 26
143 27
143 28
143 29
143 41
143 54
143 76
143 88
143 90
143 107
143 137
143 144
143 191
143 343
144 205
144 265
144 289
144 299
144 313
144 316
144 364
144 375
144 377
144 3
144 4
144 7
144 23
144 37
144 38
144 40
144 62
144 82
144 92
144 96
144 100
144 105
144 113
144 120
144 143
144 161
144 163
144 183
144 193
144 344
145 272
145 316
145 362
145 376
145 381
145 5
145 14
145 26
145 29
145 34
145 42
145 51
145 77
145 86
145 102
145 104
145 117
145 118
145 122
145 129
145 136
145 138
145 140
145 154
145 179
145 190
145 196
145 345
146 276
146 288
146 321
146 327
146 395
146 15
146 26
146 48
146 55
146 72
146 74
146 83
146 92
146 93
146 99
146 102
146 105
146 109
146 112
146 136
146 162
146 165
146 183
146 346
147 294
147 320
147 334
147 344
147 382
147 2
147 5
147 36
147 46
147 72
147 74
147 77
147 79
147 102
147 110
147 112
147 124
147 127
147 139
147 158
147 175
147 187
147 192
147 347
148 251
148 335
148 361
148 3
148 9
148 14
148 16
148 18
148 32
148 40
148 41
148 42
148 46
148 50
148 57
148 61
148 67
148 78
148 79
148 82
148 96
148 112
148 131
148 136
148 137
148 150
148 153
148 172
148 348
149 328
149 5
149 17
149 19
149 20
149 31
149 35
149 58
149 61
149 62
149 95
149 98
149 140
149 152
149 155
149 161
149 163
149 176
149 196
149 349
150 301
150 324
150 360
150 377
150 378
150 0
150 5
150 8
150 17
150 23
150 29
150 43
150 46
150 73
150 104
150 116
150 122
150 148
150 154
150 161
150 187
150 195
150 350
151 223
151 260
151 276
151 317
151 354
151 370
151 374
151 377
151 391
151 399
151 5
151 19
151 21
151 24
151 25
151 28
151 30
151 33
151 34
151 35
151 36
151 52
151 83
151 84
151 100
151 111
151 116
151 122
151 140
151 158
151 160
151 164
151 183
151 194
151 351
152 266
152 268
152 327
152 330
152 359
152 1
152 4
152 7
152 10
152 17
152 34
152 40
152 58
152 73
152 76
152 78
152 82
152 125
152 132
152 149
152 168
152 182
152 199
152 352
153 216
153 301
153 331
153 1
153 12
153 13
153 21
153 28
153 33
153 37
153 42
153 44
153 51
153 54
153 58
153 79
153 80
153 90
153 91
153 95
153 103
153 112
153 122
153 148
153 167
153 172
153 175
153 353
154 336
154 353
154 365
154 384
154 1
154 8
154 15
154 35
154 38
154 39
154 64
154 65
154 74
154 77
154 119
154 122
154 145
154 150
154 157
154 158
154 160
154 186
154 189
154 354
155 237
155 324
155 331
155 5
155 11
155 14
155 32
155 36
155 49
155 74
155 83
155 107
155 108
155 114
155 138
155 141
155 149
155 168
155 185
155 187
155 355
156 213
156 264
156 312
156 340
156 343
156 3
156 28
156 45
156 56
156 77
156 103
156 108
156 122
156 134
156 139
156 140
156 161
156 163
156 179
156 356
157 289
157 294
157 388
157 16
157 26
157 30
157 42
157 63
157 65
157 75
157 80
157 86
157 100
157 115
157 142
157 154
157 164
157 189
157 194
157 197
157 357
158 209
158 283
158 344
158 358
158 1
158 14
158 34
158 35
158 52
158 68
158 69
158 77
158 86
158 98
158 115
158 124
158 129
158 147
158 151
158 154
158 162
158 173
158 186
158 197
159 224
159 261
159 314
159 324
159 343
159 12
159 26
159 38
159 43
159 53
159 64
159 68
159 70
159 76
159 82
159 98
159 104
159 106
159 108
159 122
159 165
159 180
159 183
159 186
159 194
159 197
159 359
160 227
160 248
160 258
160 392
160 3
160 17
160 18
160 33
160 35
160 39
160 43
160 89
160 98
160 110
160 123
160 135
160 136
160 138
160 151
160 154
160 197
160 198
160 199
160 360
161 280
161 290
161 337
161 1
161 10
161 11
161 24
161 43
161 82
161 91
161 94
161 129
161 144
161 149
161 150
161 156
161 187
161 192
161 198
161 361
162 208
162 219
162 282
162 322
162 21
162 44
162 45
162 62
162 66
162 84
162 92
162 93
162 104
162 110
162 115
162 123
162 127
162 137
162 140
162 146
162 158
162 194
162 362
163 290
163 308
163 310
163 328
163 357
163 12
163 22
163 54
163 56
163 61
163 64
163 76
163 79
163 92
163 96
163 99
163 115
163 128
163 144
163 149
163 156
163 165
163 173
163 178
163 193
163 196
163 363
164 298
164 315
164 325
164 361
164 1
164 8
164 10
164 15
164 25
164 34
164 46
164 57
164 60
164 67
164 76
164 87
164 89
164 92
164 114
164 121
164 122
164 124
164 132
164 135
164 151
164 157
164 181
164 364
165 229
165 268
165 289
165 307
165 365
165 392
165 8
165 18
165 50
165 67
165 90
165 94
165 95
165 137
165 146
165 159
165 163
165 171
165 177
165 179
165 182
165 187
165 190
166 252
166 269
166 320
166 339
166 2
166 39
166 70
166 78
166 79
166 84
166 86
166 168
166 174
166 177
166 178
166 179
166 184
166 186
166 366
167 386
167 245
167 4
167 5
167 14
167 16
167 22
167 37
167 40
167 61
167 67
167 75
167 81
167 83
167 95
167 97
167 112
167 115
167 133
167 139
167 153
167 182
167 194
167 367
168 399
168 386
168 5
168 10
168 34
168 40
168 55
168 73
168 90
168 106
168 108
168 111
168 113
168 116
168 131
168 134
168 140
168 152
168 155
168 166
168 172
168 175
168 182
168 191
168 193
168 198
168 368
169 208
169 377
169 1
169 25
169 60
169 67
169 79
169 81
169 105
169 107
169 138
169 142
169 172
169 173
169 174
169 176
169 190
169 192
169 369
170 211
170 241
170 263
170 308
170 360
170 383
170 4
170 17
170 18
170 19
170 25
170 76
170 80
170 82
170 84
170 93
170 96
170 104
170 112
170 199
170 370
171 217
171 257
171 316
171 333
171 360
171 361
171 393
171 4
171 23
171 25
171 29
171 35
171 37
171 40
171 45
171 58
171 62
171 68
171 71
171 102
171 106
171 107
171 120
171 165
171 176
171 187
171 371
172 216
172 244
172 247
172 262
172 303
172 326
172 366
172 20
172 22
172 25
172 27
172 35
172 40
172 42
172 58
172 59
172 65
172 79
172 92
172 93
172 105
172 115
172 118
172 127
172 140
172 148
172 153
172 168
172 169
172 174
172 175
172 191
172 196
172 372
173 268
173 276
173 320
173 336
173 366
173 376
173 8
173 22
173 29
173 35
173 38
173 47
173 59
173 102
173 137
173 158
173 163
173 169
173 179
173 190
173 373
174 242
174 277
174 282
174 305
174 5
174 21
174 29
174 42
174 59
174 66
174 72
174 74
174 79
174 80
174 108
174 121
174 166
174 169
174 172
174 176
174 374
175 283
175 299
175 345
175 360
175 11
175 17
175 39
175 52
175 69
175 74
175 80
175 85
175 87
175 97
175 100
175 105
175 109
175 121
175 125
175 138
175 147
175 153
175 168
175 172
175 180
175 375
176 235
176 246
176 0
176 8
176 24
176 29
176 54
176 60
176 66
176 80
176 83
176 84
176 90
176 91
176 92
176 121
176 125
176 141
176 149
176 169
176 171
176 174
176 180
176 181
176 186
176 188
176 376
177 209
177 275
177 280
177 350
177 7
177 25
177 31
177 56
177 61
177 64
177 74
177 83
177 87
177 95
177 100
177 110
177 119
177 138
177 165
177 166
177 181
177 377
178 243
178 266
178 341
178 356
178 366
178 388
178 17
178 19
178 22
178 23
178 40
178 53
178 54
178 62
178 74
178 76
178 77
178 81
178 101
178 116
178 117
178 163
178 166
178 188
178 190
178 192
178 197
178 378
179 272
179 298
179 299
179 312
179 390
179 1
179 3
179 14
179 15
179 23
179 28
179 46
179 51
179 89
179 95
179 96
179 99
179 100
179 113
179 126
179 131
179 133
179 145
179 156
179 165
179 166
179 173
179 182
179 193
179 195
179 379
180 263
180 318
180 378
180 4
180 11
180 15
180 19
180 30
180 31
180 33
180 45
180 58
180 59
180 61
180 72
180 80
180 85
180 95
180 117
180 126
180 141
180 159
180 175
180 176
180 191
180 197
180 380
181 207
181 343
181 365
181 389
181 8
181 9
181 19
181 34
181 38
181 43
181 45
181 51
181 53
181 60
181 63
181 72
181 76
181 92
181 105
181 109
181 127
181 164
181 176
181 177
181 193
181 195
181 381
182 206
182 225
182 302
182 374
182 399
182 2
182 21
182 48
182 53
182 68
182 71
182 112
182 117
182 123
182 129
182 141
182 152
182 165
182 167
182 168
182 179
182 188
182 199
182 382
183 251
183 266
183 275
183 334
183 0
183 4
183 18
183 31
183 38
183 44
183 50
183 73
183 89
183 90
183 94
183 122
183 125
183 127
183 144
183 146
183 151
183 159
183 184
183 383
184 296
184 329
184 379
184 11
184 15
184 26
184 51
184 62
184 65
184 87
184 92
184 93
184 96
184 100
184 104
184 109
184 112
184 115
184 139
184 166
184 183
184 192
184 384
185 271
185 312
185 393
185 5
185 31
185 37
185 38
185 70
185 77
185 79
185 81
185 84
185 93
185 104
185 113
185 121
185 127
185 135
185 155
185 192
185 385
186 215
186 247
186 4
186 27
186 30
186 35
186 39
186 42
186 45
186 76
186 101
186 117
186 118
186 127
186 129
186 132
186 154
186 158
186 159
186 166
186 176
186 194
186 386
187 246
187 338
187 27
187 29
187 32
187 42
187 46
187 61
187 72
187 74
187 123
187 130
187 133
187 134
187 141
187 147
187 150
187 155
187 161
187 165
187 171
187 191
187 387
188 200
188 203
188 209
188 258
188 264
188 274
188 308
188 346
188 6
188 15
188 22
188 34
188 48
188 59
188 60
188 95
188 100
188 102
188 107
188 114
188 127
188 128
188 129
188 176
188 178
188 182
188 189
188 196
188 388
189 350
189 380
189 387
189 5
189 7
189 28
189 33
189 42
189 63
189 65
189 81
189 91
189 97
189 105
189 113
189 121
189 124
189 139
189 142
189 154
189 157
189 188
189 199
189 389
190 242
190 346
190 357
190 385
190 388
190 14
190 29
190 57
190 60
190 88
190 90
190 95
190 99
190 103
190 105
190 108
190 109
190 110
190 118
190 145
190 165
190 169
190 173
190 178
190 198
190 390
191 221
191 311
191 334
191 377
191 1
191 6
191 9
191 11
191 21
191 35
191 37
191 56
191 65
191 67
191 76
191 87
191 96
191 100
191 104
191 105
191 106
191 124
191 131
191 143
191 168
191 172
191 180
191 187
191 391
192 219
192 284
192 3
192 7
192 13
192 14
192 15
192 35
192 48
192 75
192 98
192 117
192 126
192 147
192 161
192 169
192 178
192 184
192 185
192 392
193 211
193 314
193 315
193 372
193 388
193 12
193 21
193 36
193 66
193 73
193 76
193 89
193 99
193 104
193 106
193 109
193 130
193 135
193 144
193 163
193 168
193 179
193 181
193 393
194 328
194 336
194 0
194 4
194 7
194 9
194 27
194 29
194 39
194 40
194 53
194 74
194 76
194 82
194 91
194 112
194 122
194 130
194 138
194 141
194 151
194 157
194 159
194 162
194 167
194 186
194 198
194 394
195 233
195 289
195 290
195 362
195 0
195 6
195 14
195 15
195 22
195 27
195 31
195 32
195 41
195 45
195 81
195 87
195 95
195 105
195 111
195 116
195 123
195 124
195 129
195 130
195 131
195 134
195 137
195 142
195 150
195 179
195 181
195 395
196 236
196 263
196 348
196 372
196 378
196 6
196 27
196 29
196 34
196 49
196 50
196 54
196 55
196 81
196 85
196 110
196 116
196 136
196 140
196 141
196 145
196 149
196 163
196 172
196 188
196 396
197 238
197 239
197 258
197 329
197 345
197 379
197 7
197 12
197 19
197 32
197 35
197 38
197 41
197 55
197 58
197 60
197 65
197 80
197 119
197 120
197 126
197 128
197 136
197 157
197 158
197 159
197 160
197 178
197 180
197 397
198 307
198 44
198 49
198 100
198 106
198 111
198 115
198 120
198 123
198 125
198 127
198 140
198 160
198 161
198 168
198 190
198 194
198 398
199 206
199 212
199 217
199 311
199 343
199 364
199 0
199 9
199 10
199 14
199 41
199 53
199 55
199 59
199 63
199 93
199 106
199 119
199 130
199 140
199 152
199 160
199 170
199 182
199 189
199 399
200 8
200 188
200 0
201 124
201 1
202 63
202 93
202 129
202 2
203 59
203 188
203 3
204 95
204 115
204 4
205 0
205 22
205 52
205 87
205 144
205 5
206 70
206 117
206 132
206 182
206 199
206 6
207 141
207 181
207 7
208 35
208 62
208 86
208 88
208 94
208 104
208 162
208 169
208 8
209 41
209 46
209 110
209 158
209 177
209 188
209 9
210 11
210 17
210 44
210 69
210 118
210 120
210 10
211 23
211 119
211 170
211 193
211 11
212 20
212 36
212 199
212 12
213 106
213 113
213 156
213 13
214 93
214 14
215 89
215 111
215 186
215 15
216 25
216 103
216 153
216 172
216 16
217 31
217 71
217 104
217 171
217 199
217 17
218 12
218 39
218 18
219 12
219 13
219 41
219 83
219 162
219 192
219 19
220 97
220 131
220 20
221 86
221 128
221 191
221 21
222 21
222 26
222 51
222 22
223 64
223 82
223 110
223 111
223 151
223 23
224 159
224 24
225 103
225 182
225 25
226 109
226 142
226 26
227 0
227 67
227 119
227 160
227 27
228 4
228 28
229 18
229 20
229 36
229 85
229 165
229 29
230 86
230 91
230 30
231 21
231 93
231 31
232 55
232 78
232 32
233 125
233 139
233 195
233 33
234 48
234 79
234 116
234 34
235 93
235 176
235 35
236 37
236 50
236 51
236 196
236 36
237 119
237 124
237 155
237 37
238 17
238 63
238 136
238 197
238 38
239 5
239 14
239 197
239 39
240 43
240 60
240 123
240 40
241 17
241 57
241 109
241 170
241 41
242 174
242 190
242 42
243 7
243 90
243 110
243 118
243 125
243 178
243 43
244 17
244 81
244 141
244 172
244 44
245 9
245 30
245 112
245 167
245 45
246 22
246 70
246 176
246 187
246 46
247 79
247 141
247 172
247 186
247 47
248 2
248 109
248 132
248 160
248 48
249 140
249 49
250 23
250 95
250 50
251 52
251 72
251 148
251 183
251 51
252 3
252 132
252 166
252 52
253 17
253 33
253 82
253 92
253 94
253 53
254 86
254 54
255 58
255 71
255 83
255 116
255 55
256 71
256 85
256 87
256 128
256 130
256 139
256 56
257 61
257 72
257 77
257 83
257 135
257 141
257 171
257 57
258 5
258 160
258 188
258 197
258 58
259 28
259 43
259 121
259 59
260 54
260 98
260 116
260 117
260 137
260 151
260 60
261 3
261 13
261 34
261 50
261 73
261 136
261 159
261 61
262 70
262 99
262 172
262 62
263 56
263 80
263 170
263 180
263 196
263 63
264 138
264 141
264 156
264 188
264 64
265 14
265 43
265 142
265 144
265 65
266 152
266 178
266 183
266 66
267 13
267 20
267 47
267 97
267 107
267 67
268 93
268 136
268 152
268 165
268 173
268 68
269 6
269 129
269 166
269 69
270 4
270 125
270 131
270 70
271 3
271 17
271 37
271 78
271 115
271 185
271 71
272 10
272 46
272 90
272 145
272 179
272 72
273 14
273 40
273 105
273 73
274 22
274 26
274 70
274 188
274 74
275 44
275 177
275 183
275 75
276 103
276 109
276 111
276 146
276 151
276 173
276 76
277 49
277 63
277 99
277 101
277 122
277 174
277 77
278 36
278 41
278 107
278 78
279 125
279 79
280 5
280 16
280 31
280 119
280 161
280 177
280 80
281 34
281 63
281 81
281 86
282 33
282 63
282 162
282 174
282 82
283 4
283 28
283 109
283 131
283 158
283 175
283 83
284 27
284 42
284 48
284 52
284 93
284 98
284 107
284 128
284 137
284 138
284 192
284 84
285 34
285 93
285 132
285 133
285 85
286 18
286 67
286 86
287 13
287 110
287 126
287 87
288 21
288 26
288 67
288 79
288 129
288 146
288 88
289 38
289 44
289 45
289 143
289 144
289 157
289 165
289 195
289 89
290 16
290 59
290 137
290 161
290 163
290 195
290 90
291 8
291 50
291 53
291 89
291 93
291 106
291 91
292 117
292 125
292 92
293 17
293 28
293 93
294 25
294 32
294 62
294 66
294 94
294 107
294 114
294 124
294 147
294 157
295 20
295 22
295 60
295 61
295 120
295 95
296 28
296 184
296 96
297 43
297 44
297 68
297 123
297 124
297 97
298 42
298 117
298 131
298 164
298 179
298 98
299 43
299 134
299 144
299 175
299 179
299 99
300 1
300 74
300 109
300 116
300 100
301 3
301 65
301 83
301 123
301 150
301 153
301 101
302 59
302 95
302 98
302 111
302 182
302 102
303 28
303 60
303 103
303 136
303 143
303 172
304 97
304 133
304 104
305 174
305 105
306 127
306 106
307 14
307 100
307 113
307 165
307 198
307 107
308 25
308 41
308 110
308 111
308 128
308 163
308 170
308 188
308 108
309 8
309 138
309 109
310 163
310 110
311 47
311 55
311 191
311 199
311 111
312 156
312 179
312 185
312 112
313 3
313 88
313 102
313 144
313 113
314 1
314 33
314 34
314 50
314 76
314 91
314 116
314 124
314 159
314 193
314 114
315 95
315 164
315 193
315 115
316 26
316 44
316 141
316 144
316 145
316 171
316 116
317 73
317 111
317 151
317 117
318 26
318 69
318 83
318 139
318 180
318 118
319 7
319 17
319 26
319 89
319 121
319 119
320 104
320 116
320 147
320 166
320 173
320 120
321 18
321 86
321 146
321 121
322 43
322 64
322 66
322 162
322 122
323 143
323 123
324 2
324 42
324 67
324 88
324 150
324 155
324 159
324 124
325 0
325 121
325 164
325 125
326 1
326 10
326 44
326 117
326 130
326 172
326 126
327 63
327 95
327 146
327 152
327 127
328 61
328 75
328 149
328 163
328 194
328 128
329 37
329 84
329 117
329 184
329 197
329 129
330 17
330 85
330 94
330 152
330 130
331 18
331 60
331 143
331 153
331 155
331 131
332 25
332 67
332 110
332 132
333 26
333 37
333 65
333 72
333 81
333 119
333 171
333 133
334 42
334 43
334 139
334 147
334 183
334 191
334 134
335 3
335 130
335 148
335 135
336 17
336 33
336 91
336 154
336 173
336 194
336 136
337 68
337 138
337 161
337 137
338 24
338 37
338 61
338 92
338 93
338 111
338 187
338 138
339 5
339 140
339 166
339 139
340 15
340 100
340 138
340 142
340 156
340 140
341 51
341 55
341 178
341 141
342 33
342 68
342 76
342 142
343 11
343 48
343 63
343 71
343 156
343 159
343 181
343 199
343 143
344 14
344 67
344 147
344 158
344 144
345 21
345 33
345 85
345 100
345 110
345 113
345 121
345 175
345 197
345 145
346 56
346 68
346 188
346 190
346 146
347 129
347 147
348 16
348 89
348 196
348 148
349 13
349 47
349 63
349 82
349 85
349 138
349 149
350 51
350 84
350 134
350 177
350 189
350 150
351 42
351 55
351 120
351 151
352 2
352 129
352 139
352 152
353 35
353 154
353 153
354 151
354 154
355 2
355 68
355 119
355 130
355 155
356 47
356 97
356 178
356 156
357 163
357 190
357 157
358 28
358 31
358 122
358 158
359 24
359 50
359 58
359 152
359 159
360 28
360 36
360 53
360 54
360 58
360 86
360 150
360 170
360 171
360 175
360 160
361 73
361 77
361 91
361 127
361 138
361 148
361 164
361 171
361 161
362 14
362 19
362 145
362 195
362 162
363 10
363 125
363 163
364 50
364 106
364 107
364 144
364 199
364 164
365 82
365 131
365 154
365 165
365 181
366 5
366 37
366 78
366 87
366 172
366 173
366 178
366 166
367 132
367 138
367 167
368 10
368 31
368 37
368 69
368 113
368 168
369 59
369 90
369 101
369 169
370 117
370 151
370 170
371 26
371 34
371 88
371 171
372 12
372 69
372 91
372 98
372 133
372 193
372 196
372 172
373 14
373 21
373 86
373 113
373 173
374 24
374 105
374 151
374 182
374 174
375 0
375 41
375 46
375 144
375 175
376 21
376 28
376 82
376 99
376 116
376 132
376 142
376 145
376 173
376 176
377 43
377 55
377 71
377 123
377 135
377 144
377 150
377 151
377 169
377 191
377 177
378 150
378 180
378 196
378 178
379 84
379 102
379 184
379 197
379 179
380 15
380 70
380 84
380 109
380 115
380 129
380 189
380 180
381 141
381 145
381 181
382 29
382 70
382 71
382 147
382 182
383 40
383 170
383 183
384 12
384 36
384 114
384 154
384 184
385 2
385 32
385 83
385 190
385 185
386 30
386 108
386 167
386 168
386 186
387 24
387 124
387 189
387 187
388 35
388 157
388 178
388 190
388 193
388 188
389 181
389 189
390 16
390 81
390 179
390 190
391 122
391 151
391 191
392 72
392 87
392 123
392 160
392 165
392 192
393 7
393 24
393 171
393 185
393 193
394 13
394 64
394 194
395 40
395 80
395 146
395 195
396 44
396 139
396 196
397 134
397 197
398 40
398 49
398 66
398 96
398 113
398 198
399 9
399 15
399 81
399 108
399 112
399 151
399 168
399 182
399 199
