  100   246
0 57
0 1
0 8
0 38
0 40
0 42
0 50
1 82
1 0
1 39
1 51
2 66
2 65
2 3
2 9
2 21
2 37
2 40
2 45
2 46
2 47
2 52
3 67
3 66
3 2
3 4
3 28
3 33
3 44
3 53
4 68
4 67
4 3
4 16
4 44
4 54
5 69
5 68
5 8
5 9
5 20
5 29
5 55
6 70
6 69
6 25
6 29
6 36
6 56
7 77
7 86
7 22
7 25
7 26
7 28
7 48
7 57
8 72
8 70
8 0
8 5
8 9
8 20
8 48
8 58
9 59
9 91
9 2
9 5
9 8
9 10
9 13
9 24
9 28
9 29
9 43
10 81
10 86
10 9
10 12
10 19
10 21
10 60
11 74
11 72
11 48
11 61
12 71
12 72
12 10
12 20
12 37
12 62
13 69
13 9
13 16
13 18
13 27
13 45
13 63
14 79
14 74
14 40
14 64
15 59
15 78
15 92
15 17
15 24
15 45
15 65
16 57
16 91
16 97
16 4
16 13
16 21
16 49
16 66
17 54
17 90
17 15
17 32
17 48
17 67
18 80
18 79
18 13
18 23
18 31
18 39
18 46
18 68
19 76
19 92
19 10
19 42
19 69
20 50
20 57
20 62
20 84
20 5
20 8
20 12
20 70
21 82
21 80
21 2
21 10
21 16
21 44
21 71
22 83
22 82
22 7
22 36
22 39
22 45
22 47
22 48
22 72
23 50
23 57
23 18
23 26
23 48
23 73
24 85
24 83
24 9
24 15
24 30
24 74
25 86
25 85
25 6
25 7
25 75
26 76
26 7
26 23
26 30
26 35
27 88
27 86
27 13
27 32
27 77
28 89
28 88
28 3
28 7
28 9
28 78
29 53
29 5
29 6
29 9
29 45
29 79
30 90
30 89
30 24
30 26
30 37
30 80
31 51
31 85
31 18
31 33
31 44
31 46
31 81
32 82
32 17
32 27
32 35
33 90
33 3
33 31
33 83
34 61
34 35
34 84
35 73
35 86
35 26
35 32
35 34
35 47
35 85
36 93
36 90
36 6
36 22
36 47
36 86
37 82
37 2
37 12
37 30
37 42
37 49
37 87
38 94
38 93
38 53
38 52
38 0
38 49
38 88
39 95
39 94
39 56
39 53
39 1
39 18
39 22
39 89
40 96
40 95
40 60
40 56
40 0
40 2
40 14
40 42
40 48
40 49
40 90
41 97
41 96
41 63
41 60
41 42
41 49
41 91
42 52
42 0
42 19
42 37
42 40
42 41
42 92
43 50
43 9
43 44
43 93
44 58
44 3
44 4
44 21
44 31
44 43
44 46
44 94
45 86
45 2
45 13
45 15
45 22
45 29
45 95
46 55
46 61
46 75
46 98
46 2
46 18
46 31
46 44
46 96
47 58
47 87
47 96
47 2
47 22
47 35
47 36
47 97
48 98
48 97
48 64
48 63
48 7
48 8
48 11
48 17
48 22
48 23
48 40
49 99
49 98
49 65
49 64
49 16
49 37
49 38
49 40
49 41
50 20
50 23
50 43
50 0
51 31
51 1
52 38
52 42
52 2
53 29
53 38
53 39
53 3
54 17
54 4
55 46
55 5
56 39
56 40
56 6
57 0
57 16
57 20
57 23
57 7
58 44
58 47
58 8
59 9
59 15
60 40
60 41
60 10
61 34
61 46
61 11
62 20
62 12
63 41
63 48
63 13
64 48
64 49
64 14
65 2
65 49
65 15
66 2
66 3
66 16
67 3
67 4
67 17
68 4
68 5
68 18
69 5
69 6
69 13
69 19
70 6
70 8
70 20
71 12
71 21
72 8
72 11
72 12
72 22
73 35
73 23
74 11
74 14
74 24
75 46
75 25
76 19
76 26
77 7
77 27
78 15
78 28
79 14
79 18
79 29
80 18
80 21
80 30
81 10
81 31
82 1
82 21
82 22
82 32
82 37
83 22
83 24
83 33
84 20
84 34
85 24
85 25
85 31
85 35
86 7
86 10
86 25
86 27
86 35
86 45
86 36
87 47
87 37
88 27
88 28
88 38
89 28
89 30
89 39
90 17
90 30
90 33
90 36
90 40
91 9
91 16
91 41
92 15
92 19
92 42
93 36
93 38
93 43
94 38
94 39
94 44
95 39
95 40
95 45
96 40
96 41
96 47
96 46
97 16
97 41
97 48
97 47
98 46
98 48
98 49
99 49
