  100   324
0 77
0 92
0 93
0 98
0 30
0 32
0 41
0 50
1 62
1 84
1 10
1 13
1 20
1 51
2 50
2 72
2 75
2 76
2 97
2 3
2 48
2 52
3 54
3 57
3 60
3 80
3 89
3 90
3 96
3 2
3 12
3 42
3 53
4 75
4 78
4 86
4 10
4 54
5 58
5 65
5 84
5 90
5 96
5 19
5 55
6 58
6 62
6 65
6 66
6 81
6 87
6 88
6 94
6 13
6 56
7 65
7 68
7 76
7 81
7 91
7 33
7 57
8 53
8 58
8 66
8 73
8 14
9 62
9 73
9 79
9 97
9 49
9 59
10 55
10 76
10 82
10 87
10 1
10 4
10 24
10 30
10 60
11 50
11 56
11 62
11 67
11 70
11 91
11 20
11 23
11 25
11 61
12 55
12 57
12 62
12 64
12 68
12 70
12 79
12 89
12 3
12 39
12 48
13 58
13 69
13 77
13 84
13 86
13 90
13 1
13 6
13 26
13 34
13 39
13 63
14 51
14 52
14 70
14 71
14 74
14 80
14 86
14 93
14 8
14 36
14 64
15 73
15 78
15 93
15 99
15 28
15 65
16 50
16 53
16 71
16 77
16 88
16 90
16 97
16 22
16 66
17 55
17 62
17 25
17 38
17 67
18 73
18 80
18 95
18 19
18 40
18 68
19 81
19 5
19 18
19 39
19 69
20 99
20 85
20 1
20 11
20 23
20 70
21 54
21 69
21 33
21 71
22 51
22 57
22 58
22 75
22 90
22 16
22 28
22 72
23 68
23 80
23 82
23 87
23 91
23 11
23 20
23 32
23 39
23 73
24 67
24 96
24 10
24 74
25 57
25 65
25 66
25 73
25 11
25 17
25 75
26 61
26 63
26 66
26 13
26 40
26 76
27 55
27 69
27 81
27 38
27 39
27 77
28 74
28 89
28 15
28 22
28 33
28 78
29 65
29 67
29 70
29 86
29 87
29 39
29 79
30 65
30 68
30 76
30 79
30 84
30 91
30 98
30 99
30 0
30 10
30 80
31 51
31 71
31 82
31 95
31 40
31 81
32 80
32 0
32 23
32 82
33 57
33 70
33 80
33 82
33 94
33 7
33 21
33 28
33 35
33 83
34 55
34 70
34 88
34 90
34 98
34 13
34 84
35 51
35 59
35 66
35 69
35 83
35 86
35 95
35 33
35 37
35 85
36 70
36 74
36 82
36 94
36 14
36 39
36 86
37 54
37 75
37 87
37 99
37 35
37 43
38 52
38 57
38 59
38 60
38 62
38 69
38 70
38 75
38 77
38 84
38 17
38 27
38 40
38 88
39 60
39 62
39 77
39 96
39 12
39 13
39 19
39 23
39 27
39 29
39 36
39 42
39 89
40 60
40 64
40 65
40 72
40 90
40 96
40 18
40 26
40 31
40 38
41 59
41 94
41 0
41 91
42 52
42 54
42 61
42 3
42 39
42 48
42 92
43 66
43 76
43 84
43 92
43 37
43 45
43 93
44 71
44 79
44 45
44 94
45 52
45 65
45 66
45 43
45 44
45 46
45 95
46 73
46 92
46 93
46 96
46 98
46 45
46 48
47 68
47 48
47 97
48 51
48 52
48 77
48 78
48 96
48 2
48 12
48 42
48 46
48 47
48 49
48 98
49 63
49 66
49 68
49 74
49 75
49 81
49 87
49 90
49 96
49 9
49 48
49 99
50 2
50 11
50 16
50 0
51 14
51 22
51 31
51 35
51 48
51 1
52 14
52 38
52 42
52 45
52 48
52 2
53 8
53 16
53 3
54 3
54 21
54 37
54 42
54 4
55 10
55 12
55 17
55 27
55 34
55 5
56 11
56 6
57 3
57 12
57 22
57 25
57 33
57 38
57 7
58 5
58 6
58 8
58 13
58 22
59 35
59 38
59 41
59 9
60 3
60 38
60 39
60 40
60 10
61 26
61 42
61 11
62 1
62 6
62 9
62 11
62 12
62 17
62 38
62 39
63 26
63 49
63 13
64 12
64 40
64 14
65 5
65 6
65 7
65 25
65 29
65 30
65 40
65 45
65 15
66 6
66 8
66 25
66 26
66 35
66 43
66 45
66 49
66 16
67 11
67 24
67 29
67 17
68 7
68 12
68 23
68 30
68 47
68 49
68 18
69 13
69 21
69 27
69 35
69 38
69 19
70 11
70 12
70 14
70 29
70 33
70 34
70 36
70 38
70 20
71 14
71 16
71 31
71 44
71 21
72 2
72 40
72 22
73 8
73 9
73 15
73 18
73 25
73 46
73 23
74 14
74 28
74 36
74 49
74 24
75 2
75 4
75 22
75 37
75 38
75 49
75 25
76 2
76 7
76 10
76 30
76 43
76 26
77 0
77 13
77 16
77 38
77 39
77 48
77 27
78 4
78 15
78 48
78 28
79 9
79 12
79 30
79 44
79 29
80 3
80 14
80 18
80 23
80 32
80 33
80 30
81 6
81 7
81 19
81 27
81 49
81 31
82 10
82 23
82 31
82 33
82 36
82 32
83 35
83 33
84 1
84 5
84 13
84 30
84 38
84 43
84 34
85 20
85 35
86 4
86 13
86 14
86 29
86 35
86 36
87 6
87 10
87 23
87 29
87 37
87 49
88 6
88 16
88 34
88 38
89 3
89 12
89 28
89 39
90 3
90 5
90 13
90 16
90 22
90 34
90 40
90 49
91 7
91 11
91 23
91 30
91 41
92 0
92 43
92 46
92 42
93 0
93 14
93 15
93 46
93 43
94 6
94 33
94 36
94 41
94 44
95 18
95 31
95 35
95 45
96 3
96 5
96 24
96 39
96 40
96 46
96 48
96 49
97 2
97 9
97 16
97 47
98 0
98 30
98 34
98 46
98 48
99 15
99 20
99 30
99 37
99 49
