  400   6295
0 237
0 263
0 281
0 290
0 295
0 314
0 372
0 383
0 2
0 6
0 9
0 13
0 22
0 31
0 32
0 36
0 39
0 47
0 56
0 59
0 62
0 63
0 67
0 68
0 72
0 79
0 93
0 97
0 105
0 107
0 109
0 110
0 115
0 118
0 119
0 126
0 128
0 130
0 132
0 136
0 142
0 144
0 145
0 146
0 147
0 148
0 149
0 150
0 152
0 153
0 154
0 172
0 177
0 179
0 181
0 185
0 195
0 197
0 199
0 200
1 216
1 286
1 305
1 360
1 384
1 391
1 397
1 4
1 10
1 11
1 13
1 19
1 21
1 27
1 29
1 32
1 34
1 43
1 59
1 68
1 69
1 73
1 75
1 76
1 79
1 80
1 84
1 85
1 86
1 87
1 88
1 90
1 94
1 105
1 113
1 117
1 129
1 130
1 134
1 138
1 145
1 147
1 148
1 149
1 152
1 155
1 162
1 171
1 182
1 184
1 186
1 201
2 205
2 246
2 287
2 318
2 341
2 379
2 397
2 0
2 4
2 12
2 18
2 24
2 27
2 28
2 35
2 37
2 41
2 49
2 50
2 53
2 54
2 59
2 72
2 73
2 76
2 83
2 84
2 86
2 87
2 88
2 90
2 92
2 94
2 97
2 99
2 119
2 120
2 125
2 126
2 128
2 139
2 145
2 148
2 149
2 150
2 153
2 155
2 156
2 158
2 178
2 181
2 188
2 196
2 198
2 202
3 210
3 212
3 221
3 225
3 226
3 245
3 271
3 274
3 299
3 326
3 329
3 339
3 353
3 366
3 6
3 10
3 12
3 40
3 45
3 53
3 55
3 63
3 67
3 71
3 72
3 88
3 89
3 101
3 104
3 107
3 113
3 123
3 134
3 136
3 137
3 138
3 148
3 172
3 174
3 179
3 181
3 185
3 191
3 193
3 203
4 256
4 268
4 313
4 321
4 342
4 358
4 1
4 2
4 7
4 11
4 27
4 51
4 58
4 62
4 66
4 69
4 76
4 81
4 84
4 88
4 90
4 103
4 104
4 110
4 112
4 115
4 117
4 121
4 122
4 131
4 134
4 136
4 147
4 156
4 158
4 160
4 164
4 170
4 176
4 182
4 184
4 186
4 187
4 204
5 215
5 242
5 272
5 276
5 281
5 284
5 302
5 341
5 370
5 8
5 10
5 17
5 18
5 22
5 28
5 31
5 40
5 41
5 49
5 53
5 63
5 66
5 69
5 72
5 82
5 83
5 88
5 96
5 97
5 99
5 107
5 120
5 126
5 129
5 130
5 134
5 140
5 145
5 147
5 148
5 149
5 155
5 157
5 160
5 163
5 172
5 189
5 191
5 195
5 205
6 218
6 222
6 226
6 264
6 265
6 298
6 302
6 306
6 315
6 366
6 367
6 0
6 3
6 8
6 20
6 21
6 22
6 27
6 33
6 36
6 40
6 43
6 46
6 52
6 56
6 57
6 61
6 69
6 72
6 76
6 79
6 83
6 86
6 90
6 94
6 96
6 108
6 111
6 113
6 122
6 123
6 147
6 154
6 155
6 158
6 162
6 166
6 168
6 170
6 173
6 174
6 176
6 181
6 182
6 190
6 192
6 198
6 206
7 201
7 252
7 264
7 273
7 283
7 300
7 317
7 329
7 343
7 359
7 4
7 9
7 13
7 29
7 43
7 61
7 65
7 68
7 70
7 71
7 74
7 75
7 77
7 80
7 83
7 90
7 98
7 104
7 111
7 113
7 124
7 126
7 130
7 132
7 133
7 134
7 135
7 144
7 145
7 146
7 153
7 156
7 157
7 158
7 159
7 161
7 167
7 190
7 197
7 198
7 207
8 217
8 243
8 256
8 270
8 272
8 291
8 334
8 369
8 5
8 6
8 20
8 25
8 26
8 27
8 29
8 33
8 45
8 53
8 57
8 60
8 63
8 64
8 70
8 78
8 91
8 96
8 101
8 112
8 114
8 115
8 118
8 123
8 132
8 133
8 136
8 139
8 149
8 153
8 154
8 155
8 157
8 166
8 168
8 173
8 176
8 185
8 188
8 192
8 195
8 199
8 208
9 217
9 235
9 262
9 270
9 278
9 288
9 335
9 340
9 365
9 367
9 376
9 379
9 381
9 0
9 7
9 17
9 31
9 40
9 42
9 45
9 48
9 56
9 64
9 79
9 82
9 90
9 92
9 94
9 99
9 102
9 103
9 104
9 106
9 109
9 119
9 126
9 135
9 136
9 141
9 146
9 147
9 148
9 149
9 152
9 154
9 155
9 157
9 169
9 177
9 178
9 191
9 209
10 216
10 239
10 287
10 317
10 349
10 371
10 379
10 1
10 3
10 5
10 14
10 17
10 21
10 26
10 30
10 31
10 33
10 34
10 36
10 40
10 43
10 49
10 50
10 55
10 59
10 60
10 67
10 68
10 78
10 82
10 84
10 88
10 90
10 91
10 96
10 115
10 125
10 132
10 141
10 142
10 146
10 150
10 154
10 161
10 166
10 169
10 170
10 172
10 175
10 177
10 180
10 187
10 192
10 194
10 198
10 210
11 216
11 217
11 227
11 236
11 243
11 266
11 267
11 270
11 300
11 304
11 322
11 333
11 355
11 393
11 1
11 4
11 16
11 18
11 19
11 22
11 25
11 28
11 29
11 30
11 31
11 32
11 37
11 40
11 48
11 50
11 52
11 57
11 70
11 71
11 76
11 79
11 87
11 108
11 122
11 140
11 145
11 154
11 160
11 163
11 172
11 174
11 180
11 183
11 193
11 194
11 199
11 211
12 204
12 218
12 222
12 246
12 253
12 288
12 304
12 345
12 372
12 386
12 397
12 2
12 3
12 14
12 16
12 19
12 20
12 27
12 34
12 37
12 48
12 57
12 58
12 61
12 62
12 63
12 65
12 67
12 76
12 77
12 86
12 89
12 90
12 99
12 110
12 111
12 118
12 124
12 134
12 135
12 137
12 145
12 147
12 150
12 152
12 158
12 162
12 165
12 181
12 185
12 187
12 188
12 192
12 212
13 209
13 219
13 245
13 252
13 254
13 271
13 286
13 329
13 338
13 370
13 386
13 392
13 395
13 0
13 1
13 7
13 16
13 24
13 34
13 38
13 39
13 40
13 47
13 51
13 52
13 55
13 57
13 58
13 67
13 70
13 71
13 89
13 90
13 92
13 93
13 98
13 107
13 112
13 116
13 119
13 130
13 132
13 139
13 140
13 141
13 142
13 144
13 147
13 148
13 149
13 159
13 167
13 170
13 178
13 179
13 182
13 185
13 194
13 197
13 199
13 213
14 235
14 237
14 264
14 279
14 282
14 288
14 302
14 311
14 315
14 318
14 343
14 346
14 355
14 361
14 398
14 10
14 12
14 20
14 30
14 35
14 38
14 40
14 44
14 49
14 55
14 57
14 60
14 61
14 63
14 64
14 66
14 68
14 77
14 82
14 89
14 93
14 97
14 100
14 107
14 112
14 118
14 123
14 125
14 134
14 146
14 152
14 157
14 161
14 163
14 164
14 176
14 183
14 193
14 214
15 209
15 214
15 216
15 240
15 250
15 268
15 286
15 311
15 318
15 319
15 358
15 368
15 380
15 18
15 34
15 38
15 46
15 53
15 54
15 58
15 59
15 62
15 70
15 72
15 80
15 85
15 87
15 88
15 90
15 91
15 93
15 95
15 99
15 110
15 115
15 119
15 138
15 139
15 141
15 143
15 145
15 151
15 152
15 153
15 154
15 155
15 160
15 162
15 167
15 178
15 180
15 192
15 194
15 215
16 202
16 227
16 271
16 272
16 285
16 294
16 307
16 339
16 384
16 396
16 11
16 12
16 13
16 17
16 24
16 30
16 45
16 46
16 53
16 54
16 60
16 77
16 83
16 86
16 88
16 90
16 97
16 129
16 131
16 132
16 136
16 143
16 149
16 153
16 163
16 166
16 169
16 173
16 183
16 185
16 186
16 189
16 196
16 216
17 250
17 260
17 264
17 267
17 302
17 352
17 373
17 377
17 387
17 5
17 9
17 10
17 16
17 19
17 23
17 24
17 27
17 33
17 46
17 49
17 56
17 60
17 97
17 102
17 103
17 107
17 116
17 121
17 128
17 131
17 137
17 138
17 140
17 145
17 148
17 154
17 161
17 165
17 172
17 178
17 180
17 182
17 183
17 185
17 190
17 192
17 194
17 217
18 201
18 208
18 261
18 287
18 293
18 303
18 316
18 317
18 327
18 345
18 367
18 378
18 2
18 5
18 11
18 15
18 20
18 24
18 25
18 26
18 40
18 43
18 49
18 52
18 53
18 60
18 64
18 70
18 72
18 73
18 74
18 79
18 84
18 90
18 92
18 103
18 116
18 117
18 124
18 125
18 134
18 136
18 140
18 144
18 146
18 147
18 154
18 155
18 165
18 174
18 176
18 177
18 184
18 198
18 199
18 218
19 202
19 220
19 222
19 228
19 247
19 293
19 303
19 340
19 399
19 1
19 11
19 12
19 17
19 21
19 27
19 33
19 35
19 36
19 37
19 44
19 53
19 58
19 60
19 69
19 92
19 94
19 107
19 109
19 115
19 116
19 117
19 124
19 143
19 151
19 154
19 164
19 170
19 172
19 177
19 178
19 185
19 188
19 191
19 196
19 219
20 268
20 282
20 293
20 335
20 336
20 392
20 399
20 6
20 8
20 12
20 14
20 18
20 28
20 36
20 39
20 42
20 52
20 54
20 67
20 70
20 74
20 78
20 90
20 96
20 104
20 105
20 126
20 127
20 132
20 140
20 143
20 159
20 162
20 170
20 172
20 173
20 181
20 187
20 191
20 220
21 231
21 241
21 243
21 251
21 273
21 281
21 302
21 307
21 334
21 337
21 352
21 361
21 362
21 383
21 1
21 6
21 10
21 19
21 37
21 53
21 54
21 56
21 57
21 65
21 70
21 73
21 85
21 86
21 91
21 100
21 109
21 113
21 118
21 122
21 124
21 126
21 131
21 134
21 135
21 140
21 146
21 147
21 150
21 155
21 161
21 163
21 169
21 171
21 175
21 176
21 177
21 178
21 181
21 185
21 189
21 191
21 221
22 241
22 251
22 263
22 276
22 287
22 289
22 318
22 322
22 333
22 348
22 365
22 377
22 398
22 0
22 5
22 6
22 11
22 24
22 30
22 31
22 35
22 40
22 45
22 51
22 55
22 63
22 66
22 68
22 70
22 78
22 84
22 102
22 111
22 118
22 123
22 125
22 127
22 128
22 133
22 134
22 147
22 152
22 154
22 163
22 168
22 170
22 175
22 177
22 178
22 181
22 182
22 188
22 196
22 222
23 221
23 266
23 274
23 283
23 312
23 323
23 397
23 17
23 27
23 34
23 45
23 46
23 53
23 55
23 59
23 63
23 68
23 78
23 79
23 82
23 84
23 87
23 118
23 127
23 133
23 135
23 141
23 152
23 155
23 163
23 173
23 177
23 181
23 184
23 186
23 190
23 194
23 223
24 257
24 287
24 325
24 337
24 372
24 383
24 2
24 13
24 16
24 17
24 18
24 22
24 25
24 26
24 28
24 30
24 32
24 34
24 37
24 48
24 64
24 67
24 71
24 75
24 81
24 86
24 87
24 88
24 98
24 99
24 102
24 103
24 113
24 121
24 122
24 123
24 128
24 129
24 136
24 139
24 144
24 146
24 157
24 159
24 166
24 177
24 183
24 189
24 224
25 216
25 230
25 234
25 246
25 252
25 267
25 269
25 276
25 285
25 331
25 351
25 355
25 357
25 361
25 377
25 8
25 11
25 18
25 24
25 27
25 29
25 32
25 33
25 41
25 48
25 50
25 53
25 57
25 71
25 75
25 88
25 94
25 101
25 103
25 107
25 109
25 114
25 116
25 117
25 129
25 134
25 135
25 139
25 140
25 142
25 145
25 155
25 157
25 159
25 162
25 171
25 175
25 181
25 187
25 192
25 195
25 225
26 226
26 266
26 310
26 311
26 317
26 327
26 360
26 365
26 370
26 376
26 391
26 8
26 10
26 18
26 24
26 28
26 29
26 33
26 35
26 42
26 53
26 58
26 67
26 68
26 84
26 85
26 105
26 107
26 117
26 120
26 124
26 126
26 127
26 128
26 133
26 149
26 154
26 160
26 165
26 173
26 175
26 176
26 181
26 182
26 183
26 193
27 215
27 222
27 266
27 282
27 283
27 290
27 356
27 362
27 364
27 368
27 399
27 1
27 2
27 4
27 6
27 8
27 12
27 17
27 19
27 23
27 25
27 33
27 34
27 38
27 43
27 46
27 49
27 56
27 61
27 69
27 75
27 81
27 88
27 103
27 104
27 112
27 118
27 126
27 131
27 132
27 134
27 147
27 149
27 155
27 158
27 159
27 160
27 169
27 174
27 179
27 184
27 185
27 192
27 227
28 221
28 229
28 262
28 325
28 342
28 399
28 2
28 5
28 11
28 20
28 24
28 26
28 29
28 40
28 42
28 45
28 55
28 66
28 67
28 68
28 71
28 75
28 81
28 87
28 97
28 100
28 105
28 126
28 134
28 137
28 138
28 140
28 143
28 145
28 152
28 153
28 160
28 165
28 167
28 168
28 172
28 173
28 182
28 184
28 185
28 198
28 199
28 228
29 238
29 271
29 273
29 285
29 307
29 337
29 366
29 377
29 1
29 7
29 8
29 11
29 25
29 26
29 28
29 40
29 42
29 58
29 78
29 84
29 89
29 92
29 95
29 112
29 133
29 135
29 142
29 148
29 150
29 152
29 154
29 156
29 157
29 159
29 160
29 175
29 178
29 180
29 182
29 183
29 184
29 193
29 229
30 208
30 219
30 231
30 320
30 342
30 354
30 363
30 371
30 382
30 388
30 10
30 11
30 14
30 16
30 22
30 24
30 32
30 33
30 39
30 46
30 60
30 62
30 64
30 75
30 82
30 88
30 90
30 94
30 95
30 99
30 106
30 114
30 115
30 124
30 126
30 129
30 131
30 132
30 134
30 136
30 137
30 140
30 145
30 159
30 160
30 163
30 170
30 173
30 174
30 176
30 181
30 182
30 192
30 199
30 230
31 203
31 204
31 235
31 250
31 251
31 255
31 295
31 346
31 382
31 384
31 0
31 5
31 9
31 10
31 11
31 22
31 36
31 37
31 43
31 55
31 59
31 60
31 64
31 65
31 71
31 72
31 76
31 84
31 90
31 99
31 111
31 113
31 115
31 118
31 119
31 120
31 123
31 130
31 138
31 141
31 142
31 145
31 152
31 163
31 171
31 172
31 173
31 174
31 178
31 181
31 191
31 196
31 197
31 231
32 226
32 232
32 233
32 314
32 317
32 343
32 351
32 378
32 392
32 399
32 0
32 1
32 11
32 24
32 25
32 30
32 33
32 35
32 41
32 54
32 60
32 62
32 64
32 67
32 71
32 72
32 77
32 84
32 85
32 88
32 103
32 106
32 111
32 115
32 117
32 118
32 130
32 131
32 132
32 138
32 141
32 147
32 148
32 154
32 159
32 175
32 180
33 216
33 223
33 230
33 252
33 260
33 292
33 297
33 301
33 306
33 334
33 362
33 378
33 398
33 6
33 8
33 10
33 17
33 19
33 25
33 26
33 27
33 30
33 32
33 36
33 46
33 54
33 55
33 63
33 65
33 67
33 70
33 72
33 73
33 74
33 82
33 83
33 84
33 96
33 97
33 98
33 99
33 103
33 111
33 113
33 123
33 126
33 132
33 134
33 138
33 146
33 153
33 154
33 162
33 164
33 165
33 168
33 169
33 170
33 172
33 181
33 187
33 188
33 189
33 191
33 192
33 233
34 202
34 209
34 239
34 279
34 280
34 306
34 326
34 343
34 348
34 378
34 1
34 10
34 12
34 13
34 15
34 23
34 24
34 27
34 48
34 56
34 58
34 64
34 66
34 79
34 82
34 83
34 86
34 87
34 89
34 92
34 102
34 105
34 106
34 111
34 115
34 116
34 118
34 120
34 124
34 125
34 126
34 128
34 130
34 132
34 138
34 140
34 142
34 149
34 160
34 161
34 168
34 169
34 174
34 180
34 181
34 186
34 192
34 193
34 194
34 234
35 200
35 218
35 239
35 243
35 251
35 316
35 382
35 386
35 2
35 14
35 19
35 22
35 26
35 32
35 45
35 46
35 47
35 60
35 68
35 72
35 75
35 77
35 78
35 79
35 85
35 87
35 88
35 92
35 111
35 113
35 115
35 117
35 118
35 120
35 123
35 126
35 143
35 146
35 158
35 162
35 169
35 174
35 182
35 190
35 198
35 199
35 235
36 223
36 230
36 268
36 271
36 341
36 365
36 366
36 0
36 6
36 10
36 19
36 20
36 31
36 33
36 41
36 42
36 46
36 49
36 51
36 64
36 65
36 68
36 69
36 72
36 74
36 86
36 87
36 89
36 91
36 95
36 104
36 106
36 108
36 109
36 112
36 117
36 118
36 120
36 129
36 130
36 137
36 150
36 159
36 161
36 164
36 170
36 173
36 185
36 198
36 199
36 236
37 200
37 201
37 205
37 208
37 248
37 286
37 306
37 317
37 327
37 349
37 361
37 2
37 11
37 12
37 19
37 21
37 24
37 31
37 43
37 48
37 51
37 58
37 59
37 62
37 69
37 76
37 80
37 81
37 83
37 89
37 93
37 98
37 103
37 108
37 110
37 117
37 121
37 129
37 133
37 137
37 142
37 146
37 154
37 155
37 157
37 160
37 163
37 165
37 170
37 172
37 175
37 176
37 177
37 178
37 181
37 189
37 190
37 237
38 207
38 210
38 249
38 251
38 265
38 266
38 302
38 308
38 329
38 337
38 342
38 360
38 390
38 13
38 14
38 15
38 27
38 43
38 49
38 58
38 62
38 67
38 77
38 80
38 89
38 93
38 99
38 102
38 104
38 107
38 112
38 113
38 122
38 123
38 124
38 128
38 130
38 142
38 148
38 149
38 150
38 156
38 157
38 158
38 163
38 170
38 174
38 175
38 176
38 178
38 181
38 187
38 188
38 192
38 193
38 238
39 239
39 268
39 278
39 289
39 291
39 320
39 337
39 358
39 364
39 0
39 13
39 20
39 30
39 40
39 55
39 59
39 61
39 62
39 63
39 65
39 72
39 74
39 89
39 95
39 96
39 101
39 107
39 113
39 114
39 115
39 117
39 121
39 132
39 133
39 134
39 138
39 139
39 140
39 142
39 144
39 168
39 169
39 171
39 172
39 175
39 181
39 195
40 220
40 222
40 239
40 257
40 298
40 313
40 336
40 376
40 381
40 3
40 5
40 6
40 9
40 10
40 11
40 13
40 14
40 18
40 22
40 28
40 29
40 39
40 41
40 44
40 45
40 48
40 51
40 54
40 55
40 57
40 61
40 62
40 66
40 75
40 80
40 82
40 85
40 91
40 99
40 102
40 104
40 105
40 109
40 114
40 118
40 119
40 125
40 126
40 138
40 139
40 140
40 148
40 149
40 152
40 154
40 155
40 156
40 157
40 167
40 176
40 191
40 197
40 240
41 200
41 215
41 297
41 311
41 323
41 366
41 381
41 392
41 2
41 5
41 25
41 32
41 36
41 40
41 44
41 47
41 50
41 52
41 61
41 66
41 76
41 84
41 88
41 91
41 97
41 104
41 105
41 110
41 115
41 118
41 130
41 131
41 136
41 137
41 139
41 145
41 150
41 153
41 157
41 160
41 166
41 168
41 176
41 178
41 179
41 181
41 186
41 187
41 188
41 194
41 198
41 241
42 203
42 229
42 233
42 250
42 251
42 252
42 254
42 257
42 274
42 305
42 337
42 347
42 9
42 20
42 26
42 28
42 29
42 36
42 47
42 55
42 67
42 68
42 72
42 73
42 77
42 81
42 88
42 98
42 104
42 108
42 116
42 124
42 125
42 131
42 139
42 142
42 145
42 147
42 149
42 152
42 155
42 171
42 180
42 181
42 182
42 194
42 197
42 198
42 242
43 232
43 237
43 283
43 318
43 332
43 340
43 356
43 363
43 389
43 394
43 1
43 6
43 7
43 10
43 18
43 27
43 31
43 37
43 38
43 46
43 53
43 55
43 61
43 62
43 65
43 70
43 71
43 74
43 79
43 82
43 89
43 96
43 104
43 108
43 110
43 117
43 118
43 119
43 127
43 128
43 133
43 135
43 138
43 139
43 140
43 147
43 150
43 151
43 154
43 163
43 164
43 172
43 184
43 194
43 198
43 243
44 201
44 227
44 228
44 271
44 285
44 305
44 311
44 320
44 14
44 19
44 40
44 41
44 46
44 48
44 60
44 65
44 71
44 72
44 87
44 88
44 97
44 110
44 111
44 114
44 117
44 118
44 120
44 134
44 146
44 148
44 152
44 153
44 155
44 167
44 169
44 176
44 177
44 183
44 184
44 191
44 194
44 196
44 244
45 243
45 249
45 263
45 281
45 286
45 290
45 334
45 345
45 348
45 349
45 389
45 3
45 8
45 9
45 16
45 22
45 23
45 28
45 35
45 40
45 47
45 53
45 54
45 65
45 83
45 84
45 96
45 97
45 105
45 110
45 113
45 125
45 134
45 137
45 138
45 140
45 141
45 146
45 147
45 148
45 155
45 174
45 175
45 184
45 187
45 191
45 197
45 199
45 245
46 232
46 245
46 296
46 298
46 338
46 347
46 377
46 6
46 15
46 16
46 17
46 23
46 27
46 30
46 33
46 35
46 36
46 43
46 44
46 51
46 56
46 74
46 77
46 79
46 90
46 99
46 101
46 109
46 113
46 115
46 118
46 122
46 139
46 154
46 156
46 158
46 171
46 173
46 176
46 186
46 189
46 194
46 195
46 196
46 246
47 206
47 250
47 259
47 272
47 304
47 329
47 349
47 372
47 385
47 0
47 13
47 35
47 41
47 42
47 45
47 49
47 53
47 55
47 63
47 71
47 72
47 74
47 78
47 87
47 104
47 111
47 117
47 128
47 133
47 135
47 137
47 138
47 140
47 146
47 150
47 162
47 168
47 169
47 172
47 176
47 178
47 181
47 184
47 186
47 188
47 197
47 199
47 247
48 220
48 260
48 279
48 313
48 319
48 344
48 355
48 361
48 369
48 371
48 394
48 9
48 11
48 12
48 24
48 25
48 34
48 37
48 40
48 44
48 49
48 54
48 62
48 66
48 67
48 68
48 71
48 83
48 89
48 100
48 101
48 103
48 105
48 113
48 117
48 120
48 127
48 131
48 132
48 135
48 140
48 141
48 143
48 146
48 156
48 159
48 166
48 172
48 186
48 188
48 190
48 194
48 196
48 248
49 203
49 209
49 246
49 284
49 289
49 298
49 307
49 330
49 367
49 369
49 2
49 5
49 10
49 14
49 17
49 18
49 27
49 36
49 38
49 47
49 48
49 50
49 56
49 59
49 68
49 71
49 76
49 81
49 90
49 95
49 97
49 98
49 104
49 112
49 120
49 124
49 125
49 126
49 129
49 137
49 139
49 144
49 149
49 151
49 153
49 155
49 158
49 161
49 164
49 166
49 169
49 170
49 173
49 174
49 177
49 178
49 183
49 187
49 189
49 193
49 249
50 219
50 222
50 226
50 227
50 265
50 276
50 286
50 296
50 317
50 319
50 322
50 381
50 397
50 2
50 10
50 11
50 25
50 41
50 49
50 54
50 66
50 67
50 68
50 71
50 87
50 96
50 99
50 103
50 104
50 112
50 116
50 118
50 119
50 120
50 121
50 122
50 134
50 140
50 148
50 159
50 163
50 174
50 178
50 180
50 188
50 189
50 191
50 195
50 250
51 201
51 205
51 250
51 257
51 302
51 306
51 369
51 4
51 13
51 22
51 36
51 37
51 40
51 46
51 52
51 54
51 56
51 60
51 61
51 68
51 70
51 82
51 83
51 89
51 91
51 92
51 101
51 102
51 104
51 105
51 109
51 118
51 125
51 126
51 131
51 134
51 144
51 155
51 167
51 168
51 169
51 170
51 171
51 173
51 176
51 180
51 185
51 188
51 251
52 207
52 217
52 220
52 221
52 277
52 281
52 282
52 341
52 376
52 385
52 386
52 387
52 389
52 393
52 6
52 11
52 13
52 18
52 20
52 41
52 51
52 54
52 56
52 57
52 65
52 68
52 69
52 72
52 77
52 81
52 85
52 87
52 94
52 96
52 97
52 98
52 103
52 104
52 106
52 108
52 113
52 125
52 135
52 140
52 141
52 148
52 150
52 151
52 153
52 159
52 161
52 165
52 166
52 170
52 171
52 174
52 183
52 185
52 190
52 252
53 209
53 248
53 269
53 290
53 314
53 363
53 388
53 396
53 398
53 399
53 2
53 3
53 5
53 8
53 15
53 16
53 18
53 19
53 21
53 23
53 25
53 26
53 43
53 45
53 47
53 80
53 87
53 95
53 96
53 98
53 106
53 109
53 112
53 119
53 133
53 137
53 141
53 149
53 150
53 151
53 152
53 156
53 162
53 164
53 165
53 166
53 167
53 175
53 178
53 181
53 183
53 188
53 189
53 197
53 198
53 253
54 216
54 227
54 234
54 240
54 254
54 283
54 284
54 300
54 301
54 318
54 342
54 2
54 15
54 16
54 20
54 21
54 32
54 33
54 40
54 45
54 48
54 50
54 51
54 52
54 58
54 62
54 70
54 82
54 84
54 89
54 106
54 108
54 109
54 112
54 114
54 119
54 122
54 132
54 144
54 145
54 147
54 149
54 158
54 165
54 169
54 184
54 188
55 203
55 209
55 210
55 227
55 232
55 290
55 292
55 396
55 398
55 399
55 3
55 10
55 13
55 14
55 22
55 23
55 28
55 31
55 33
55 39
55 40
55 42
55 43
55 47
55 60
55 72
55 82
55 87
55 88
55 92
55 95
55 100
55 111
55 115
55 119
55 123
55 126
55 129
55 130
55 131
55 132
55 136
55 140
55 146
55 156
55 157
55 164
55 167
55 168
55 170
55 173
55 175
55 178
55 180
55 181
55 187
55 188
55 255
56 205
56 217
56 232
56 280
56 289
56 296
56 301
56 323
56 346
56 389
56 0
56 6
56 9
56 17
56 21
56 27
56 34
56 46
56 49
56 51
56 52
56 69
56 78
56 86
56 89
56 101
56 113
56 114
56 126
56 132
56 140
56 141
56 155
56 157
56 158
56 159
56 160
56 170
56 172
56 178
56 188
56 191
56 196
56 256
57 226
57 242
57 253
57 277
57 290
57 313
57 314
57 320
57 328
57 344
57 371
57 383
57 6
57 8
57 11
57 12
57 13
57 14
57 21
57 25
57 40
57 52
57 71
57 74
57 77
57 95
57 97
57 104
57 105
57 107
57 108
57 113
57 124
57 130
57 134
57 139
57 141
57 146
57 154
57 156
57 157
57 166
57 167
57 168
57 172
57 178
57 185
57 187
57 188
57 195
57 198
57 199
57 257
58 244
58 250
58 285
58 315
58 334
58 367
58 375
58 4
58 12
58 13
58 15
58 19
58 26
58 29
58 34
58 37
58 38
58 54
58 75
58 76
58 79
58 84
58 88
58 95
58 96
58 99
58 101
58 109
58 114
58 118
58 121
58 122
58 123
58 124
58 126
58 128
58 131
58 149
58 163
58 166
58 171
58 172
58 178
58 179
58 184
58 185
58 189
58 190
58 191
58 258
59 200
59 230
59 237
59 248
59 270
59 272
59 335
59 350
59 388
59 0
59 1
59 2
59 10
59 15
59 23
59 31
59 37
59 39
59 49
59 67
59 70
59 72
59 79
59 83
59 95
59 103
59 105
59 111
59 124
59 127
59 128
59 129
59 132
59 134
59 139
59 147
59 154
59 156
59 157
59 168
59 180
59 184
59 186
59 188
59 259
60 201
60 237
60 264
60 277
60 281
60 307
60 369
60 372
60 398
60 8
60 10
60 14
60 16
60 17
60 18
60 19
60 30
60 31
60 32
60 35
60 44
60 51
60 55
60 64
60 67
60 68
60 69
60 79
60 85
60 87
60 97
60 108
60 111
60 114
60 116
60 121
60 135
60 136
60 141
60 145
60 146
60 147
60 152
60 154
60 164
60 165
60 170
60 177
60 180
60 182
60 186
60 188
60 197
60 260
61 217
61 218
61 247
61 252
61 264
61 269
61 280
61 283
61 316
61 353
61 359
61 361
61 384
61 6
61 7
61 12
61 14
61 27
61 39
61 40
61 41
61 43
61 51
61 68
61 69
61 74
61 78
61 88
61 90
61 92
61 94
61 98
61 100
61 111
61 112
61 113
61 117
61 118
61 124
61 129
61 130
61 135
61 137
61 139
61 140
61 147
61 148
61 152
61 153
61 159
61 160
61 169
61 171
61 178
61 182
61 186
61 197
61 199
61 261
62 213
62 223
62 274
62 286
62 355
62 357
62 361
62 369
62 0
62 4
62 12
62 15
62 30
62 32
62 37
62 38
62 39
62 40
62 43
62 48
62 54
62 67
62 74
62 80
62 88
62 89
62 92
62 97
62 101
62 102
62 113
62 120
62 122
62 124
62 126
62 140
62 142
62 143
62 154
62 155
62 159
62 160
62 165
62 168
62 173
62 177
62 179
62 182
62 184
62 188
62 191
62 193
62 197
62 262
63 212
63 258
63 266
63 275
63 292
63 349
63 363
63 368
63 377
63 380
63 0
63 3
63 5
63 8
63 12
63 14
63 22
63 23
63 33
63 39
63 47
63 65
63 67
63 68
63 69
63 71
63 72
63 78
63 79
63 80
63 83
63 84
63 90
63 92
63 94
63 97
63 100
63 102
63 111
63 119
63 124
63 128
63 129
63 134
63 135
63 136
63 139
63 143
63 145
63 153
63 168
63 185
63 189
63 195
63 196
63 199
63 263
64 202
64 209
64 262
64 297
64 315
64 318
64 346
64 348
64 350
64 374
64 383
64 388
64 395
64 8
64 9
64 14
64 18
64 24
64 30
64 31
64 32
64 34
64 36
64 60
64 69
64 70
64 72
64 74
64 84
64 98
64 101
64 102
64 107
64 108
64 109
64 110
64 115
64 124
64 135
64 137
64 140
64 143
64 147
64 149
64 154
64 156
64 158
64 161
64 165
64 170
64 178
64 180
64 187
64 264
65 203
65 213
65 245
65 257
65 258
65 297
65 304
65 317
65 326
65 329
65 361
65 366
65 374
65 379
65 380
65 7
65 12
65 21
65 31
65 33
65 36
65 39
65 43
65 44
65 45
65 52
65 63
65 68
65 78
65 89
65 95
65 102
65 105
65 107
65 119
65 121
65 125
65 130
65 140
65 142
65 150
65 155
65 157
65 160
65 161
65 162
65 164
65 185
65 189
65 192
65 193
65 265
66 210
66 221
66 233
66 245
66 253
66 280
66 286
66 289
66 313
66 319
66 331
66 376
66 4
66 5
66 14
66 22
66 28
66 34
66 40
66 41
66 48
66 50
66 72
66 78
66 83
66 109
66 112
66 113
66 121
66 128
66 132
66 138
66 142
66 143
66 150
66 157
66 158
66 167
66 174
66 175
66 185
66 186
66 192
66 194
66 266
67 202
67 218
67 223
67 251
67 266
67 268
67 296
67 325
67 332
67 336
67 355
67 372
67 385
67 0
67 3
67 10
67 12
67 13
67 20
67 24
67 26
67 28
67 32
67 33
67 38
67 42
67 48
67 50
67 59
67 60
67 62
67 63
67 70
67 72
67 73
67 88
67 100
67 101
67 102
67 107
67 110
67 121
67 123
67 124
67 128
67 132
67 144
67 150
67 153
67 154
67 156
67 159
67 161
67 164
67 166
67 174
67 183
67 191
67 193
67 267
68 204
68 279
68 320
68 325
68 332
68 0
68 1
68 7
68 10
68 14
68 22
68 23
68 26
68 28
68 35
68 36
68 42
68 48
68 49
68 50
68 51
68 52
68 60
68 61
68 63
68 65
68 76
68 78
68 80
68 83
68 94
68 95
68 97
68 101
68 103
68 107
68 118
68 119
68 124
68 143
68 153
68 154
68 157
68 163
68 168
68 181
68 187
68 192
68 268
69 213
69 217
69 224
69 235
69 310
69 345
69 346
69 389
69 1
69 4
69 5
69 6
69 19
69 27
69 36
69 37
69 52
69 56
69 60
69 61
69 63
69 64
69 74
69 76
69 78
69 83
69 89
69 93
69 106
69 110
69 117
69 121
69 129
69 130
69 138
69 145
69 157
69 161
69 164
69 169
69 171
69 181
69 183
69 187
69 188
69 193
69 195
69 269
70 203
70 214
70 215
70 219
70 226
70 260
70 283
70 308
70 324
70 355
70 359
70 7
70 8
70 11
70 13
70 15
70 18
70 20
70 21
70 22
70 33
70 43
70 51
70 54
70 59
70 64
70 67
70 74
70 86
70 91
70 93
70 97
70 101
70 104
70 107
70 119
70 120
70 126
70 131
70 136
70 138
70 140
70 146
70 148
70 151
70 152
70 156
70 159
70 160
70 165
70 170
70 171
70 172
70 174
70 177
70 181
70 190
70 192
70 199
70 270
71 200
71 278
71 376
71 387
71 3
71 7
71 11
71 13
71 24
71 25
71 28
71 31
71 32
71 43
71 44
71 47
71 48
71 49
71 50
71 57
71 63
71 72
71 73
71 76
71 82
71 88
71 89
71 93
71 100
71 109
71 114
71 118
71 122
71 136
71 138
71 140
71 143
71 148
71 149
71 159
71 168
71 171
71 173
71 177
71 192
71 193
71 196
71 199
71 271
72 214
72 244
72 245
72 268
72 332
72 334
72 335
72 341
72 354
72 362
72 365
72 397
72 0
72 2
72 3
72 5
72 6
72 15
72 18
72 31
72 32
72 33
72 35
72 36
72 39
72 42
72 44
72 47
72 52
72 55
72 59
72 63
72 64
72 66
72 67
72 71
72 73
72 78
72 85
72 89
72 90
72 91
72 101
72 103
72 105
72 108
72 111
72 113
72 116
72 117
72 125
72 133
72 140
72 145
72 151
72 158
72 161
72 178
72 183
72 192
72 193
72 272
73 233
73 246
73 250
73 258
73 305
73 348
73 1
73 2
73 18
73 21
73 33
73 42
73 67
73 71
73 72
73 74
73 80
73 91
73 94
73 97
73 100
73 105
73 109
73 116
73 123
73 124
73 132
73 137
73 138
73 139
73 141
73 147
73 153
73 155
73 158
73 166
73 169
73 171
73 175
73 191
73 192
73 273
74 245
74 274
74 304
74 315
74 328
74 364
74 389
74 7
74 18
74 20
74 33
74 36
74 39
74 43
74 46
74 47
74 57
74 61
74 62
74 64
74 69
74 70
74 73
74 75
74 92
74 100
74 105
74 109
74 113
74 116
74 118
74 121
74 124
74 125
74 142
74 143
74 158
74 159
74 164
74 166
74 167
74 172
74 174
74 175
74 186
74 192
74 193
74 199
75 207
75 251
75 254
75 264
75 270
75 308
75 309
75 325
75 331
75 1
75 7
75 24
75 25
75 27
75 28
75 30
75 35
75 40
75 58
75 74
75 78
75 93
75 98
75 113
75 114
75 116
75 118
75 134
75 139
75 145
75 150
75 154
75 155
75 168
75 169
75 170
75 179
75 180
75 189
75 193
75 275
76 209
76 217
76 233
76 236
76 251
76 265
76 305
76 307
76 375
76 385
76 389
76 399
76 1
76 2
76 4
76 6
76 11
76 12
76 31
76 37
76 41
76 49
76 58
76 68
76 69
76 71
76 79
76 81
76 93
76 100
76 105
76 107
76 110
76 119
76 121
76 130
76 131
76 138
76 140
76 142
76 143
76 149
76 151
76 154
76 159
76 171
76 174
76 179
76 194
76 276
77 202
77 225
77 237
77 238
77 247
77 301
77 320
77 347
77 350
77 373
77 378
77 7
77 12
77 14
77 16
77 32
77 35
77 38
77 42
77 46
77 52
77 57
77 84
77 87
77 97
77 107
77 108
77 109
77 110
77 111
77 116
77 117
77 121
77 123
77 126
77 135
77 137
77 156
77 178
77 179
77 186
77 194
77 199
77 277
78 280
78 296
78 306
78 354
78 356
78 366
78 377
78 387
78 392
78 8
78 10
78 20
78 22
78 23
78 29
78 35
78 47
78 56
78 61
78 63
78 65
78 66
78 68
78 69
78 72
78 75
78 87
78 97
78 101
78 102
78 114
78 120
78 121
78 127
78 132
78 136
78 149
78 150
78 153
78 155
78 158
78 164
78 167
78 176
78 178
78 189
78 278
79 202
79 204
79 228
79 239
79 243
79 279
79 283
79 295
79 326
79 332
79 335
79 352
79 353
79 361
79 368
79 395
79 0
79 1
79 6
79 9
79 11
79 18
79 23
79 34
79 35
79 43
79 46
79 58
79 59
79 60
79 63
79 76
79 92
79 96
79 101
79 106
79 111
79 115
79 116
79 124
79 125
79 130
79 133
79 134
79 136
79 139
79 143
79 147
79 149
79 162
79 166
79 176
79 191
79 196
80 215
80 223
80 269
80 299
80 318
80 319
80 329
80 338
80 385
80 1
80 7
80 15
80 37
80 38
80 40
80 53
80 62
80 63
80 68
80 73
80 86
80 87
80 91
80 94
80 105
80 117
80 122
80 123
80 127
80 141
80 143
80 144
80 145
80 148
80 152
80 154
80 158
80 165
80 169
80 183
80 184
80 186
80 195
80 197
80 280
81 210
81 212
81 233
81 271
81 285
81 293
81 308
81 314
81 368
81 369
81 371
81 4
81 24
81 27
81 28
81 37
81 42
81 49
81 52
81 76
81 82
81 84
81 91
81 93
81 108
81 117
81 122
81 126
81 136
81 151
81 153
81 161
81 162
81 167
81 171
81 174
81 179
81 181
81 187
81 194
81 281
82 204
82 214
82 243
82 275
82 276
82 287
82 301
82 312
82 354
82 367
82 392
82 398
82 5
82 9
82 10
82 14
82 23
82 30
82 33
82 34
82 40
82 43
82 51
82 54
82 55
82 71
82 81
82 88
82 91
82 101
82 107
82 121
82 138
82 139
82 142
82 148
82 150
82 157
82 158
82 165
82 175
82 178
82 182
82 189
82 198
82 282
83 200
83 236
83 258
83 282
83 283
83 309
83 311
83 314
83 321
83 330
83 366
83 383
83 390
83 2
83 5
83 6
83 7
83 16
83 33
83 34
83 37
83 45
83 48
83 51
83 59
83 63
83 66
83 68
83 69
83 97
83 105
83 108
83 114
83 117
83 118
83 123
83 127
83 130
83 132
83 136
83 141
83 142
83 144
83 146
83 151
83 162
83 165
83 167
83 174
83 176
83 178
83 186
83 190
83 194
83 198
84 204
84 220
84 223
84 226
84 234
84 305
84 352
84 372
84 1
84 2
84 4
84 10
84 18
84 22
84 23
84 26
84 29
84 31
84 32
84 33
84 41
84 45
84 54
84 58
84 63
84 64
84 77
84 81
84 91
84 94
84 97
84 98
84 99
84 100
84 101
84 106
84 109
84 114
84 115
84 117
84 119
84 123
84 130
84 131
84 134
84 135
84 136
84 139
84 141
84 142
84 145
84 158
84 160
84 161
84 167
84 170
84 173
84 183
84 195
84 196
84 198
84 284
85 206
85 222
85 269
85 279
85 318
85 320
85 351
85 369
85 385
85 1
85 15
85 21
85 26
85 32
85 35
85 40
85 52
85 60
85 72
85 86
85 92
85 105
85 113
85 119
85 132
85 137
85 143
85 147
85 148
85 152
85 163
85 167
85 168
85 175
85 180
85 194
85 195
85 285
86 200
86 205
86 221
86 258
86 300
86 314
86 325
86 331
86 336
86 342
86 350
86 360
86 363
86 386
86 1
86 2
86 6
86 12
86 16
86 21
86 24
86 34
86 36
86 56
86 70
86 80
86 85
86 89
86 90
86 105
86 106
86 109
86 111
86 112
86 127
86 133
86 137
86 138
86 139
86 145
86 146
86 168
86 169
86 180
86 189
86 192
86 196
86 197
86 286
87 235
87 236
87 241
87 281
87 282
87 352
87 353
87 354
87 362
87 1
87 2
87 11
87 15
87 23
87 24
87 28
87 34
87 35
87 36
87 44
87 47
87 50
87 52
87 53
87 55
87 60
87 77
87 78
87 80
87 88
87 90
87 92
87 94
87 105
87 106
87 113
87 114
87 117
87 118
87 131
87 143
87 151
87 154
87 155
87 167
87 174
87 178
87 183
87 184
87 195
87 196
87 287
88 210
88 220
88 258
88 304
88 323
88 328
88 361
88 363
88 390
88 397
88 1
88 2
88 3
88 4
88 5
88 10
88 15
88 16
88 24
88 25
88 27
88 30
88 32
88 35
88 41
88 42
88 44
88 55
88 58
88 61
88 62
88 67
88 71
88 82
88 87
88 95
88 98
88 99
88 108
88 124
88 125
88 129
88 131
88 132
88 137
88 146
88 151
88 152
88 155
88 156
88 162
88 165
88 166
88 173
88 174
88 176
88 178
88 179
88 180
88 187
88 188
88 190
88 195
88 288
89 203
89 208
89 220
89 227
89 290
89 339
89 341
89 359
89 381
89 385
89 391
89 3
89 12
89 13
89 14
89 29
89 34
89 36
89 37
89 38
89 39
89 43
89 48
89 51
89 54
89 56
89 62
89 65
89 69
89 71
89 72
89 86
89 91
89 92
89 95
89 97
89 103
89 111
89 119
89 120
89 121
89 124
89 132
89 133
89 137
89 142
89 152
89 155
89 156
89 158
89 167
89 168
89 185
89 190
89 192
89 196
89 199
89 289
90 216
90 240
90 247
90 267
90 272
90 275
90 284
90 290
90 303
90 305
90 318
90 320
90 321
90 330
90 340
90 370
90 395
90 1
90 2
90 4
90 6
90 7
90 9
90 10
90 12
90 13
90 15
90 16
90 18
90 20
90 30
90 31
90 46
90 49
90 61
90 63
90 72
90 86
90 87
90 98
90 106
90 107
90 108
90 109
90 112
90 133
90 139
90 141
90 143
90 151
90 152
90 156
90 157
90 162
90 163
90 164
90 166
90 173
90 191
90 196
91 332
91 342
91 343
91 352
91 386
91 388
91 394
91 8
91 10
91 15
91 21
91 36
91 40
91 41
91 51
91 70
91 72
91 73
91 80
91 81
91 82
91 84
91 89
91 94
91 95
91 102
91 103
91 109
91 113
91 117
91 119
91 125
91 126
91 130
91 133
91 134
91 135
91 141
91 142
91 151
91 152
91 155
91 165
91 167
91 169
91 192
91 196
91 199
91 291
92 205
92 206
92 220
92 245
92 247
92 273
92 276
92 285
92 293
92 349
92 364
92 370
92 388
92 2
92 9
92 13
92 18
92 19
92 29
92 34
92 35
92 51
92 55
92 61
92 62
92 63
92 74
92 79
92 85
92 87
92 89
92 101
92 103
92 105
92 106
92 113
92 117
92 131
92 134
92 136
92 140
92 143
92 149
92 151
92 152
92 153
92 160
92 161
92 168
92 172
92 176
92 183
92 189
92 190
92 292
93 201
93 207
93 213
93 227
93 255
93 274
93 282
93 291
93 301
93 309
93 314
93 346
93 361
93 368
93 0
93 13
93 14
93 15
93 37
93 38
93 69
93 70
93 71
93 75
93 76
93 81
93 98
93 101
93 104
93 108
93 109
93 113
93 114
93 119
93 123
93 131
93 140
93 144
93 156
93 157
93 163
93 165
93 169
93 171
93 172
93 173
93 179
93 188
93 189
93 190
93 293
94 220
94 224
94 241
94 276
94 327
94 360
94 364
94 382
94 1
94 2
94 6
94 9
94 19
94 25
94 30
94 52
94 61
94 63
94 68
94 73
94 80
94 84
94 87
94 91
94 96
94 97
94 98
94 102
94 108
94 110
94 111
94 113
94 115
94 117
94 122
94 132
94 133
94 137
94 144
94 145
94 146
94 149
94 153
94 155
94 156
94 159
94 162
94 166
94 178
94 182
94 183
94 186
94 191
94 199
94 294
95 206
95 224
95 235
95 251
95 266
95 291
95 294
95 297
95 328
95 365
95 15
95 29
95 30
95 36
95 39
95 49
95 53
95 55
95 57
95 58
95 59
95 65
95 68
95 88
95 89
95 91
95 101
95 102
95 107
95 108
95 110
95 127
95 133
95 137
95 140
95 143
95 146
95 151
95 153
95 164
95 172
95 174
95 178
95 181
95 184
95 186
95 190
95 191
95 192
95 193
95 194
95 195
95 197
95 199
95 295
96 207
96 221
96 231
96 249
96 263
96 274
96 319
96 356
96 369
96 5
96 6
96 8
96 10
96 20
96 33
96 39
96 43
96 45
96 50
96 52
96 53
96 58
96 79
96 94
96 99
96 104
96 106
96 108
96 123
96 126
96 142
96 146
96 148
96 151
96 161
96 168
96 182
96 188
96 189
96 196
96 198
96 296
97 203
97 272
97 287
97 295
97 301
97 329
97 0
97 2
97 5
97 14
97 16
97 17
97 28
97 33
97 41
97 44
97 45
97 49
97 52
97 57
97 60
97 62
97 63
97 68
97 70
97 73
97 77
97 78
97 83
97 84
97 89
97 94
97 108
97 110
97 111
97 113
97 117
97 123
97 129
97 132
97 136
97 139
97 153
97 157
97 165
97 168
97 173
97 175
97 179
97 181
97 184
97 185
97 196
97 199
97 297
98 200
98 210
98 228
98 231
98 247
98 251
98 273
98 312
98 317
98 353
98 370
98 7
98 13
98 24
98 33
98 37
98 42
98 49
98 52
98 53
98 61
98 64
98 75
98 84
98 88
98 90
98 93
98 94
98 103
98 107
98 115
98 116
98 120
98 121
98 123
98 126
98 127
98 132
98 135
98 136
98 138
98 140
98 150
98 153
98 170
98 176
98 186
98 192
98 193
98 298
99 237
99 250
99 251
99 261
99 309
99 356
99 392
99 2
99 5
99 9
99 12
99 15
99 24
99 30
99 31
99 33
99 38
99 40
99 46
99 50
99 58
99 84
99 88
99 96
99 106
99 110
99 113
99 118
99 123
99 126
99 137
99 138
99 139
99 140
99 146
99 148
99 157
99 160
99 163
99 165
99 167
99 170
99 174
99 175
99 179
99 180
99 183
99 192
99 299
100 222
100 226
100 227
100 249
100 291
100 335
100 14
100 21
100 28
100 48
100 55
100 61
100 63
100 67
100 71
100 73
100 74
100 76
100 84
100 103
100 115
100 120
100 121
100 124
100 125
100 130
100 138
100 139
100 150
100 167
100 171
100 173
100 175
100 178
100 185
100 186
100 190
100 300
101 201
101 209
101 218
101 257
101 277
101 359
101 363
101 371
101 380
101 3
101 8
101 25
101 39
101 46
101 48
101 51
101 56
101 58
101 62
101 64
101 67
101 68
101 70
101 72
101 78
101 79
101 82
101 84
101 92
101 93
101 95
101 104
101 105
101 110
101 113
101 127
101 132
101 146
101 150
101 151
101 155
101 157
101 158
101 159
101 166
101 167
101 173
101 174
101 176
101 191
101 301
102 217
102 224
102 248
102 276
102 296
102 327
102 329
102 331
102 339
102 349
102 371
102 378
102 385
102 386
102 398
102 9
102 17
102 22
102 24
102 34
102 38
102 40
102 51
102 62
102 63
102 64
102 65
102 67
102 78
102 91
102 94
102 95
102 110
102 117
102 120
102 121
102 125
102 127
102 128
102 133
102 137
102 140
102 141
102 144
102 158
102 163
102 187
102 188
102 190
102 192
102 195
102 199
102 302
103 204
103 222
103 229
103 292
103 305
103 332
103 352
103 375
103 390
103 4
103 9
103 17
103 18
103 24
103 25
103 27
103 32
103 33
103 37
103 48
103 50
103 52
103 59
103 68
103 72
103 89
103 91
103 92
103 98
103 100
103 109
103 112
103 113
103 118
103 161
103 163
103 164
103 171
103 172
103 173
103 174
103 178
103 182
103 190
103 192
103 194
103 198
103 303
104 219
104 224
104 256
104 314
104 333
104 378
104 381
104 388
104 397
104 3
104 4
104 7
104 9
104 20
104 27
104 36
104 38
104 40
104 41
104 42
104 43
104 47
104 49
104 50
104 51
104 52
104 57
104 70
104 93
104 96
104 101
104 105
104 109
104 125
104 129
104 130
104 137
104 143
104 144
104 148
104 149
104 151
104 155
104 156
104 164
104 168
104 176
104 177
104 190
104 304
105 203
105 243
105 277
105 299
105 313
105 320
105 360
105 370
105 386
105 397
105 0
105 1
105 20
105 26
105 28
105 34
105 40
105 41
105 45
105 48
105 51
105 57
105 59
105 65
105 72
105 73
105 74
105 76
105 80
105 83
105 85
105 86
105 87
105 92
105 101
105 104
105 118
105 119
105 120
105 123
105 125
105 127
105 131
105 134
105 148
105 153
105 155
105 157
105 161
105 162
105 168
105 173
105 176
105 192
105 195
105 305
106 210
106 223
106 233
106 260
106 277
106 315
106 326
106 328
106 364
106 384
106 386
106 9
106 30
106 32
106 34
106 36
106 52
106 53
106 54
106 69
106 79
106 84
106 86
106 87
106 90
106 92
106 96
106 99
106 117
106 118
106 132
106 134
106 144
106 149
106 151
106 152
106 154
106 158
106 160
106 162
106 170
106 174
106 175
106 177
106 178
106 187
106 306
107 206
107 242
107 261
107 269
107 295
107 347
107 361
107 376
107 394
107 0
107 3
107 5
107 13
107 14
107 17
107 19
107 25
107 26
107 38
107 39
107 57
107 64
107 65
107 67
107 68
107 70
107 76
107 77
107 82
107 90
107 95
107 98
107 108
107 109
107 113
107 117
107 119
107 120
107 124
107 129
107 131
107 135
107 140
107 143
107 145
107 149
107 150
107 151
107 159
107 163
107 170
107 177
107 184
107 192
107 196
107 307
108 200
108 206
108 211
108 253
108 282
108 293
108 346
108 366
108 6
108 11
108 36
108 37
108 42
108 43
108 52
108 54
108 57
108 60
108 64
108 72
108 77
108 81
108 83
108 88
108 90
108 93
108 94
108 95
108 96
108 97
108 107
108 111
108 119
108 120
108 126
108 133
108 136
108 140
108 153
108 163
108 183
108 192
108 194
108 197
108 308
109 224
109 243
109 246
109 282
109 301
109 307
109 322
109 363
109 373
109 379
109 387
109 396
109 0
109 9
109 19
109 21
109 25
109 36
109 40
109 46
109 51
109 53
109 54
109 58
109 64
109 66
109 71
109 73
109 74
109 77
109 84
109 86
109 90
109 91
109 93
109 103
109 104
109 107
109 110
109 116
109 123
109 125
109 127
109 131
109 134
109 141
109 157
109 162
109 163
109 165
109 166
109 168
109 169
109 174
109 180
109 181
109 197
109 309
110 216
110 232
110 241
110 270
110 276
110 288
110 308
110 315
110 372
110 0
110 4
110 12
110 15
110 37
110 41
110 43
110 44
110 45
110 64
110 67
110 69
110 76
110 77
110 94
110 95
110 97
110 99
110 101
110 102
110 109
110 111
110 116
110 118
110 120
110 129
110 133
110 136
110 137
110 139
110 140
110 146
110 150
110 152
110 153
110 165
110 168
110 172
110 180
110 181
110 185
110 187
110 193
110 196
110 310
111 203
111 207
111 226
111 247
111 263
111 271
111 293
111 298
111 303
111 366
111 391
111 6
111 7
111 12
111 22
111 31
111 32
111 33
111 34
111 35
111 44
111 47
111 55
111 59
111 60
111 61
111 63
111 72
111 77
111 79
111 86
111 89
111 94
111 97
111 108
111 110
111 113
111 120
111 136
111 141
111 142
111 145
111 151
111 152
111 158
111 161
111 162
111 163
111 165
111 172
111 176
111 189
111 191
111 196
111 311
112 208
112 214
112 283
112 294
112 317
112 318
112 338
112 360
112 392
112 4
112 8
112 13
112 14
112 27
112 29
112 36
112 38
112 49
112 50
112 53
112 54
112 61
112 66
112 86
112 90
112 103
112 116
112 121
112 135
112 137
112 140
112 149
112 165
112 171
112 177
112 179
112 180
112 184
112 186
112 188
112 189
112 196
112 197
112 312
113 270
113 278
113 295
113 319
113 370
113 398
113 1
113 3
113 6
113 7
113 21
113 24
113 31
113 33
113 35
113 38
113 39
113 45
113 46
113 48
113 52
113 56
113 57
113 61
113 62
113 66
113 72
113 74
113 75
113 85
113 87
113 91
113 92
113 93
113 94
113 97
113 99
113 101
113 103
113 107
113 111
113 114
113 120
113 124
113 125
113 126
113 130
113 140
113 149
113 159
113 165
113 166
113 169
113 170
113 181
113 182
113 186
113 189
113 192
113 196
113 313
114 216
114 270
114 292
114 302
114 316
114 344
114 364
114 366
114 370
114 8
114 25
114 30
114 39
114 40
114 44
114 54
114 56
114 58
114 60
114 71
114 75
114 78
114 83
114 84
114 87
114 93
114 113
114 123
114 124
114 128
114 129
114 130
114 131
114 140
114 143
114 146
114 151
114 153
114 158
114 162
114 166
114 169
114 173
114 174
114 177
114 179
114 181
114 184
114 189
114 190
114 193
114 196
114 198
114 314
115 214
115 218
115 227
115 228
115 252
115 254
115 271
115 275
115 282
115 285
115 293
115 360
115 0
115 4
115 8
115 10
115 15
115 19
115 30
115 31
115 32
115 34
115 35
115 39
115 41
115 46
115 55
115 64
115 79
115 84
115 94
115 98
115 100
115 117
115 125
115 127
115 136
115 142
115 150
115 152
115 158
115 159
115 164
115 165
115 177
115 195
115 196
115 315
116 210
116 218
116 253
116 254
116 258
116 320
116 359
116 384
116 13
116 17
116 18
116 19
116 25
116 34
116 42
116 50
116 60
116 72
116 73
116 74
116 75
116 77
116 79
116 98
116 109
116 110
116 112
116 133
116 139
116 143
116 150
116 157
116 165
116 169
116 173
116 184
116 188
116 190
116 191
116 192
116 193
116 195
116 196
116 316
117 201
117 217
117 221
117 227
117 239
117 256
117 259
117 264
117 277
117 282
117 326
117 327
117 352
117 383
117 392
117 1
117 4
117 18
117 19
117 25
117 26
117 32
117 35
117 36
117 37
117 39
117 43
117 44
117 47
117 48
117 61
117 69
117 72
117 77
117 80
117 81
117 83
117 84
117 87
117 91
117 92
117 94
117 97
117 102
117 106
117 107
117 115
117 134
117 140
117 143
117 144
117 148
117 156
117 162
117 165
117 170
117 173
117 175
117 177
117 180
117 183
117 190
117 192
117 317
118 208
118 211
118 214
118 225
118 231
118 243
118 254
118 279
118 299
118 307
118 313
118 323
118 330
118 353
118 394
118 0
118 8
118 12
118 14
118 21
118 22
118 23
118 27
118 31
118 32
118 34
118 35
118 36
118 40
118 41
118 43
118 44
118 46
118 50
118 51
118 58
118 61
118 68
118 71
118 74
118 75
118 83
118 87
118 99
118 103
118 105
118 106
118 110
118 120
118 143
118 150
118 154
118 160
118 161
118 181
118 184
118 198
118 318
119 213
119 262
119 301
119 312
119 381
119 388
119 0
119 2
119 9
119 13
119 15
119 31
119 40
119 43
119 50
119 53
119 54
119 55
119 63
119 65
119 68
119 70
119 76
119 84
119 85
119 89
119 91
119 93
119 105
119 107
119 108
119 123
119 132
119 135
119 145
119 146
119 149
119 150
119 151
119 152
119 153
119 157
119 158
119 159
119 166
119 169
119 179
119 184
119 188
119 193
119 196
119 197
119 319
120 234
120 237
120 299
120 306
120 329
120 330
120 337
120 359
120 372
120 396
120 2
120 5
120 26
120 31
120 34
120 35
120 36
120 44
120 48
120 49
120 50
120 62
120 70
120 78
120 89
120 98
120 100
120 102
120 105
120 107
120 108
120 110
120 111
120 113
120 118
120 121
120 122
120 126
120 133
120 145
120 148
120 156
120 158
120 161
120 167
120 182
120 186
120 193
120 195
120 320
121 206
121 269
121 294
121 304
121 325
121 343
121 372
121 4
121 17
121 24
121 37
121 39
121 50
121 58
121 60
121 65
121 66
121 67
121 69
121 74
121 76
121 77
121 78
121 82
121 89
121 98
121 100
121 102
121 112
121 120
121 127
121 138
121 159
121 160
121 161
121 163
121 166
121 169
121 182
121 185
121 187
121 189
121 195
121 321
122 207
122 232
122 237
122 238
122 242
122 279
122 323
122 339
122 368
122 371
122 375
122 4
122 6
122 11
122 21
122 24
122 38
122 46
122 50
122 54
122 58
122 62
122 71
122 80
122 81
122 94
122 120
122 126
122 130
122 137
122 146
122 148
122 153
122 160
122 161
122 169
122 176
122 188
122 191
122 322
123 208
123 230
123 339
123 366
123 372
123 395
123 3
123 6
123 8
123 14
123 22
123 24
123 31
123 33
123 35
123 38
123 55
123 58
123 67
123 73
123 77
123 80
123 83
123 84
123 93
123 96
123 97
123 98
123 99
123 105
123 109
123 114
123 119
123 124
123 125
123 126
123 134
123 135
123 145
123 148
123 150
123 165
123 167
123 186
123 190
123 199
123 323
124 211
124 214
124 232
124 251
124 281
124 303
124 315
124 7
124 12
124 18
124 19
124 21
124 26
124 30
124 34
124 38
124 42
124 49
124 57
124 58
124 59
124 61
124 62
124 63
124 64
124 67
124 68
124 73
124 74
124 79
124 88
124 89
124 100
124 107
124 113
124 114
124 123
124 126
124 127
124 129
124 130
124 141
124 160
124 161
124 165
124 174
124 176
124 184
124 186
124 198
124 324
125 200
125 216
125 227
125 237
125 243
125 287
125 309
125 334
125 359
125 2
125 10
125 14
125 18
125 22
125 34
125 40
125 42
125 45
125 49
125 51
125 52
125 65
125 72
125 74
125 79
125 88
125 91
125 100
125 102
125 104
125 105
125 109
125 113
125 115
125 123
125 129
125 135
125 136
125 139
125 143
125 146
125 149
125 155
125 158
125 159
125 160
125 162
125 164
125 166
125 175
125 182
125 191
125 199
125 325
126 242
126 250
126 253
126 308
126 314
126 347
126 360
126 367
126 374
126 379
126 386
126 392
126 0
126 2
126 5
126 7
126 9
126 20
126 21
126 26
126 27
126 28
126 30
126 33
126 34
126 35
126 40
126 49
126 51
126 55
126 56
126 58
126 62
126 70
126 77
126 81
126 91
126 96
126 98
126 99
126 108
126 113
126 120
126 122
126 123
126 124
126 130
126 160
126 164
126 169
126 172
126 181
126 187
126 326
127 216
127 245
127 253
127 259
127 276
127 287
127 292
127 336
127 355
127 371
127 396
127 20
127 22
127 23
127 26
127 43
127 48
127 59
127 78
127 80
127 83
127 86
127 95
127 98
127 101
127 102
127 105
127 109
127 115
127 121
127 124
127 131
127 140
127 141
127 145
127 153
127 154
127 157
127 164
127 165
127 173
127 176
127 177
127 178
127 185
127 188
127 190
127 193
127 195
127 196
127 327
128 209
128 230
128 286
128 299
128 353
128 372
128 384
128 0
128 2
128 17
128 22
128 24
128 26
128 34
128 38
128 43
128 47
128 58
128 59
128 63
128 66
128 67
128 102
128 114
128 139
128 142
128 145
128 151
128 170
128 173
128 177
128 178
128 181
128 182
128 185
128 193
128 195
128 196
128 198
128 328
129 206
129 210
129 238
129 241
129 243
129 258
129 312
129 338
129 346
129 375
129 1
129 5
129 16
129 24
129 25
129 30
129 36
129 37
129 49
129 55
129 59
129 61
129 63
129 69
129 88
129 97
129 104
129 107
129 110
129 114
129 124
129 125
129 135
129 136
129 147
129 149
129 152
129 179
129 180
129 183
129 193
129 329
130 233
130 249
130 250
130 294
130 317
130 342
130 347
130 353
130 356
130 371
130 377
130 392
130 0
130 1
130 5
130 7
130 13
130 31
130 32
130 34
130 36
130 38
130 41
130 55
130 57
130 61
130 65
130 69
130 76
130 79
130 83
130 84
130 91
130 100
130 104
130 113
130 114
130 122
130 124
130 126
130 136
130 137
130 140
130 145
130 153
130 154
130 155
130 156
130 168
130 171
130 173
130 174
130 180
130 189
130 190
130 191
130 193
130 196
130 199
130 330
131 212
131 228
131 248
131 255
131 272
131 281
131 348
131 356
131 4
131 16
131 17
131 21
131 27
131 30
131 32
131 41
131 42
131 48
131 51
131 55
131 58
131 70
131 76
131 84
131 87
131 88
131 92
131 93
131 105
131 107
131 109
131 114
131 127
131 135
131 136
131 140
131 141
131 171
131 176
131 181
131 182
131 183
131 188
131 189
131 190
131 193
131 331
132 216
132 228
132 232
132 234
132 264
132 273
132 277
132 293
132 314
132 362
132 377
132 0
132 7
132 8
132 10
132 13
132 16
132 20
132 27
132 30
132 32
132 33
132 34
132 39
132 48
132 54
132 55
132 56
132 59
132 66
132 67
132 73
132 78
132 83
132 85
132 88
132 89
132 94
132 97
132 98
132 101
132 106
132 119
132 133
132 137
132 138
132 144
132 150
132 151
132 154
132 158
132 165
132 166
132 181
132 186
132 188
132 193
132 332
133 233
133 248
133 269
133 273
133 277
133 328
133 338
133 353
133 367
133 368
133 375
133 7
133 8
133 22
133 23
133 26
133 29
133 37
133 39
133 43
133 47
133 53
133 72
133 79
133 86
133 89
133 90
133 91
133 94
133 95
133 102
133 108
133 110
133 116
133 120
133 132
133 134
133 141
133 142
133 147
133 149
133 152
133 154
133 156
133 160
133 163
133 170
133 174
133 183
133 189
133 194
133 197
133 333
134 223
134 231
134 279
134 294
134 300
134 308
134 331
134 353
134 373
134 1
134 3
134 4
134 5
134 7
134 12
134 14
134 18
134 21
134 22
134 25
134 27
134 28
134 30
134 33
134 39
134 44
134 45
134 50
134 51
134 57
134 59
134 63
134 75
134 79
134 84
134 91
134 92
134 105
134 106
134 109
134 117
134 123
134 133
134 138
134 142
134 143
134 144
134 146
134 149
134 154
134 155
134 157
134 159
134 183
134 186
134 188
134 189
134 334
135 225
135 240
135 256
135 265
135 272
135 276
135 298
135 312
135 321
135 330
135 335
135 353
135 359
135 377
135 399
135 7
135 9
135 12
135 21
135 23
135 25
135 29
135 43
135 47
135 48
135 52
135 60
135 61
135 63
135 64
135 77
135 84
135 91
135 98
135 107
135 112
135 119
135 123
135 125
135 129
135 131
135 138
135 139
135 140
135 144
135 145
135 149
135 150
135 152
135 154
135 157
135 158
135 175
135 185
135 188
135 193
135 196
136 235
136 275
136 291
136 296
136 317
136 329
136 375
136 0
136 3
136 4
136 8
136 9
136 16
136 18
136 24
136 30
136 41
136 55
136 60
136 63
136 70
136 71
136 78
136 79
136 81
136 83
136 84
136 92
136 97
136 98
136 108
136 110
136 111
136 115
136 125
136 129
136 130
136 131
136 137
136 139
136 149
136 150
136 153
136 156
136 159
136 165
136 169
136 172
136 180
136 182
136 191
136 192
136 336
137 207
137 213
137 218
137 253
137 278
137 310
137 349
137 373
137 374
137 391
137 3
137 12
137 17
137 28
137 30
137 36
137 37
137 41
137 45
137 47
137 49
137 53
137 61
137 64
137 73
137 77
137 85
137 86
137 88
137 89
137 94
137 95
137 99
137 102
137 104
137 110
137 112
137 122
137 130
137 132
137 136
137 142
137 147
137 148
137 149
137 152
137 153
137 154
137 157
137 162
137 170
137 171
137 174
137 175
137 177
137 180
137 186
137 192
137 199
137 337
138 204
138 212
138 221
138 229
138 232
138 244
138 247
138 248
138 316
138 344
138 373
138 1
138 3
138 15
138 17
138 28
138 31
138 32
138 33
138 34
138 39
138 40
138 43
138 45
138 47
138 66
138 69
138 70
138 71
138 73
138 76
138 82
138 86
138 98
138 99
138 100
138 121
138 132
138 134
138 135
138 139
138 156
138 163
138 168
138 172
138 179
138 180
138 181
138 182
138 183
138 184
138 190
138 191
138 196
138 338
139 213
139 228
139 274
139 280
139 327
139 347
139 370
139 2
139 8
139 13
139 15
139 24
139 25
139 39
139 40
139 41
139 42
139 43
139 46
139 49
139 57
139 59
139 61
139 63
139 73
139 75
139 79
139 82
139 84
139 86
139 90
139 97
139 99
139 100
139 110
139 116
139 125
139 128
139 135
139 136
139 138
139 143
139 146
139 147
139 149
139 150
139 152
139 154
139 158
139 159
139 170
139 174
139 176
139 177
139 184
139 189
139 339
140 211
140 245
140 350
140 5
140 11
140 13
140 17
140 18
140 20
140 21
140 25
140 28
140 30
140 34
140 39
140 40
140 43
140 45
140 47
140 48
140 50
140 52
140 55
140 56
140 61
140 62
140 64
140 65
140 70
140 71
140 72
140 76
140 92
140 93
140 95
140 98
140 99
140 102
140 107
140 108
140 110
140 112
140 113
140 114
140 117
140 127
140 130
140 131
140 135
140 142
140 148
140 151
140 158
140 162
140 163
140 177
140 181
140 195
140 196
140 197
140 340
141 216
141 224
141 226
141 227
141 228
141 232
141 245
141 305
141 329
141 337
141 371
141 388
141 395
141 9
141 10
141 13
141 15
141 23
141 31
141 32
141 45
141 48
141 52
141 53
141 56
141 57
141 60
141 73
141 80
141 83
141 84
141 90
141 91
141 102
141 109
141 111
141 124
141 127
141 131
141 133
141 143
141 153
141 158
141 159
141 163
141 165
141 167
141 168
141 173
141 175
141 189
141 193
141 194
141 341
142 219
142 241
142 273
142 317
142 324
142 329
142 359
142 367
142 376
142 394
142 0
142 10
142 13
142 25
142 29
142 31
142 34
142 37
142 38
142 39
142 42
142 62
142 65
142 66
142 74
142 76
142 82
142 83
142 84
142 89
142 91
142 96
142 111
142 115
142 128
142 133
142 134
142 137
142 140
142 146
142 149
142 150
142 151
142 154
142 161
142 183
142 184
142 195
142 342
143 205
143 222
143 233
143 236
143 284
143 310
143 15
143 16
143 19
143 20
143 28
143 35
143 48
143 62
143 63
143 64
143 66
143 68
143 71
143 74
143 76
143 79
143 80
143 85
143 87
143 90
143 92
143 95
143 104
143 107
143 114
143 116
143 117
143 118
143 125
143 134
143 139
143 141
143 150
143 157
143 166
143 174
143 177
143 183
143 187
143 195
143 343
144 275
144 318
144 368
144 370
144 372
144 389
144 396
144 399
144 0
144 7
144 13
144 18
144 24
144 39
144 49
144 51
144 54
144 67
144 80
144 83
144 93
144 94
144 102
144 104
144 106
144 117
144 132
144 134
144 135
144 146
144 151
144 159
144 160
144 161
144 172
144 174
144 185
144 186
144 188
144 344
145 209
145 224
145 241
145 286
145 302
145 312
145 341
145 354
145 398
145 0
145 1
145 2
145 5
145 7
145 11
145 12
145 15
145 17
145 25
145 28
145 30
145 31
145 41
145 42
145 54
145 60
145 63
145 69
145 72
145 75
145 80
145 84
145 86
145 94
145 107
145 111
145 119
145 120
145 123
145 127
145 128
145 130
145 135
145 156
145 160
145 162
145 170
145 171
145 172
145 175
145 177
145 179
145 181
145 182
145 184
145 190
145 191
145 197
145 198
145 345
146 236
146 258
146 265
146 326
146 343
146 370
146 0
146 7
146 9
146 10
146 14
146 18
146 21
146 24
146 33
146 35
146 37
146 44
146 45
146 47
146 48
146 55
146 57
146 60
146 70
146 83
146 86
146 88
146 94
146 95
146 96
146 99
146 101
146 110
146 114
146 119
146 122
146 125
146 134
146 139
146 142
146 144
146 151
146 168
146 170
146 172
146 174
146 181
146 190
146 192
146 195
146 346
147 218
147 231
147 233
147 234
147 244
147 266
147 298
147 306
147 315
147 319
147 334
147 352
147 357
147 381
147 0
147 1
147 4
147 5
147 6
147 9
147 12
147 13
147 18
147 21
147 22
147 27
147 32
147 42
147 43
147 45
147 54
147 59
147 60
147 61
147 64
147 73
147 79
147 85
147 129
147 133
147 137
147 139
147 148
147 152
147 158
147 167
147 173
147 177
147 180
147 181
147 183
147 185
147 188
147 195
147 197
147 347
148 217
148 232
148 255
148 308
148 321
148 359
148 371
148 378
148 0
148 1
148 2
148 3
148 5
148 9
148 13
148 17
148 29
148 32
148 38
148 40
148 44
148 45
148 50
148 52
148 61
148 70
148 71
148 80
148 82
148 85
148 96
148 99
148 104
148 105
148 117
148 120
148 122
148 123
148 137
148 140
148 147
148 149
148 156
148 158
148 159
148 163
148 167
148 170
148 181
148 182
148 184
148 188
148 189
148 191
148 194
148 198
148 348
149 200
149 215
149 304
149 326
149 340
149 341
149 344
149 0
149 1
149 2
149 5
149 8
149 9
149 13
149 16
149 26
149 27
149 34
149 38
149 40
149 42
149 49
149 53
149 54
149 58
149 64
149 71
149 76
149 78
149 79
149 92
149 94
149 104
149 106
149 107
149 112
149 113
149 119
149 125
149 129
149 133
149 134
149 135
149 136
149 137
149 139
149 142
149 148
149 154
149 159
149 162
149 163
149 165
149 167
149 169
149 171
149 189
149 349
150 207
150 208
150 212
150 226
150 250
150 266
150 267
150 270
150 276
150 328
150 335
150 380
150 385
150 392
150 0
150 2
150 10
150 12
150 21
150 29
150 36
150 38
150 41
150 43
150 47
150 52
150 53
150 65
150 66
150 67
150 75
150 78
150 82
150 98
150 100
150 101
150 107
150 110
150 115
150 116
150 118
150 119
150 123
150 132
150 135
150 136
150 139
150 142
150 143
150 151
150 157
150 159
150 160
150 163
150 164
150 177
150 181
150 187
150 191
150 197
150 350
151 200
151 242
151 274
151 295
151 306
151 319
151 329
151 343
151 345
151 398
151 15
151 19
151 43
151 49
151 52
151 53
151 70
151 72
151 76
151 81
151 83
151 87
151 88
151 90
151 91
151 92
151 95
151 96
151 101
151 104
151 106
151 107
151 111
151 114
151 119
151 128
151 132
151 140
151 142
151 144
151 146
151 150
151 153
151 156
151 158
151 163
151 171
151 174
151 175
151 179
151 181
151 184
151 186
151 188
151 195
151 351
152 227
152 277
152 290
152 309
152 354
152 390
152 0
152 1
152 9
152 12
152 14
152 15
152 22
152 23
152 28
152 29
152 31
152 40
152 42
152 44
152 53
152 60
152 61
152 70
152 80
152 85
152 88
152 89
152 90
152 91
152 92
152 106
152 110
152 111
152 115
152 119
152 129
152 133
152 135
152 137
152 139
152 147
152 162
152 169
152 171
152 181
152 190
152 197
152 352
153 201
153 248
153 328
153 334
153 354
153 365
153 0
153 2
153 7
153 8
153 15
153 16
153 28
153 33
153 41
153 44
153 49
153 52
153 61
153 63
153 67
153 68
153 73
153 78
153 81
153 92
153 94
153 95
153 97
153 98
153 105
153 108
153 110
153 114
153 119
153 122
153 127
153 130
153 136
153 137
153 141
153 151
153 155
153 158
153 159
153 166
153 172
153 190
153 195
153 197
153 353
154 212
154 218
154 221
154 227
154 267
154 275
154 344
154 353
154 0
154 6
154 8
154 9
154 10
154 11
154 15
154 17
154 18
154 19
154 22
154 26
154 29
154 32
154 33
154 37
154 40
154 43
154 46
154 57
154 59
154 60
154 62
154 64
154 67
154 68
154 75
154 76
154 80
154 87
154 106
154 118
154 127
154 130
154 132
154 133
154 134
154 135
154 137
154 139
154 142
154 149
154 159
154 162
154 172
154 173
154 178
154 181
154 184
154 188
154 189
154 190
154 192
154 194
154 196
154 354
155 213
155 232
155 253
155 262
155 292
155 324
155 360
155 387
155 1
155 2
155 5
155 6
155 8
155 9
155 15
155 18
155 21
155 23
155 25
155 27
155 37
155 40
155 42
155 44
155 45
155 49
155 51
155 56
155 62
155 65
155 73
155 75
155 78
155 87
155 88
155 89
155 91
155 94
155 101
155 104
155 105
155 125
155 130
155 134
155 153
155 157
155 160
155 164
155 168
155 177
155 181
155 189
155 193
155 196
155 355
156 212
156 220
156 230
156 237
156 253
156 275
156 349
156 2
156 4
156 7
156 29
156 38
156 40
156 46
156 48
156 53
156 55
156 57
156 59
156 64
156 67
156 70
156 77
156 88
156 89
156 90
156 93
156 94
156 104
156 117
156 120
156 130
156 133
156 136
156 138
156 145
156 148
156 151
156 157
156 163
156 166
156 172
156 175
156 184
156 185
156 186
156 188
156 192
156 193
156 194
156 196
156 197
156 356
157 252
157 270
157 302
157 311
157 316
157 317
157 325
157 336
157 357
157 368
157 383
157 385
157 387
157 388
157 394
157 5
157 7
157 8
157 9
157 14
157 24
157 25
157 29
157 37
157 38
157 40
157 41
157 55
157 56
157 57
157 59
157 65
157 66
157 68
157 69
157 82
157 90
157 93
157 97
157 99
157 101
157 105
157 109
157 116
157 119
157 127
157 134
157 135
157 137
157 143
157 150
157 155
157 156
157 161
157 163
157 165
157 170
157 184
157 187
157 190
157 191
157 198
158 242
158 270
158 276
158 292
158 319
158 325
158 334
158 345
158 346
158 351
158 353
158 389
158 2
158 4
158 6
158 7
158 12
158 27
158 35
158 38
158 46
158 49
158 54
158 56
158 64
158 66
158 72
158 73
158 74
158 78
158 80
158 82
158 84
158 89
158 101
158 102
158 106
158 111
158 114
158 115
158 119
158 120
158 125
158 132
158 135
158 139
158 140
158 141
158 147
158 148
158 151
158 153
158 161
158 184
158 187
158 188
158 189
158 194
158 358
159 209
159 230
159 237
159 245
159 284
159 295
159 300
159 330
159 350
159 352
159 376
159 385
159 7
159 13
159 20
159 24
159 25
159 27
159 29
159 30
159 32
159 36
159 48
159 50
159 52
159 56
159 61
159 62
159 67
159 70
159 71
159 74
159 76
159 94
159 101
159 107
159 113
159 115
159 119
159 121
159 125
159 134
159 136
159 139
159 141
159 144
159 148
159 149
159 150
159 153
159 154
159 160
159 161
159 162
159 164
159 168
159 178
159 185
159 191
159 359
160 202
160 222
160 239
160 317
160 322
160 335
160 355
160 365
160 367
160 385
160 390
160 4
160 5
160 11
160 15
160 26
160 27
160 28
160 29
160 30
160 34
160 37
160 41
160 56
160 61
160 62
160 65
160 70
160 84
160 92
160 99
160 106
160 118
160 121
160 122
160 124
160 125
160 126
160 133
160 144
160 145
160 150
160 155
160 159
160 171
160 175
160 177
160 180
160 189
160 360
161 201
161 244
161 252
161 285
161 287
161 296
161 311
161 324
161 327
161 7
161 10
161 14
161 17
161 21
161 34
161 36
161 49
161 52
161 64
161 65
161 67
161 69
161 72
161 81
161 84
161 92
161 96
161 103
161 105
161 111
161 118
161 120
161 121
161 122
161 124
161 142
161 144
161 157
161 158
161 159
161 164
161 165
161 167
161 171
161 189
161 193
161 361
162 200
162 206
162 216
162 269
162 271
162 289
162 314
162 315
162 337
162 340
162 386
162 394
162 1
162 6
162 12
162 15
162 20
162 25
162 33
162 35
162 47
162 53
162 65
162 79
162 81
162 83
162 88
162 90
162 94
162 105
162 106
162 109
162 111
162 114
162 117
162 125
162 137
162 140
162 145
162 149
162 152
162 154
162 159
162 166
162 169
162 177
162 185
162 188
162 190
162 191
162 193
162 195
162 197
162 362
163 202
163 276
163 297
163 315
163 344
163 364
163 391
163 5
163 11
163 14
163 16
163 21
163 22
163 23
163 30
163 31
163 37
163 38
163 43
163 50
163 58
163 68
163 85
163 90
163 93
163 99
163 102
163 103
163 107
163 108
163 109
163 111
163 121
163 133
163 138
163 140
163 141
163 148
163 149
163 150
163 151
163 156
163 157
163 167
163 173
163 174
163 178
163 182
163 183
163 186
163 192
163 197
163 363
164 206
164 208
164 244
164 247
164 272
164 275
164 283
164 289
164 301
164 305
164 348
164 360
164 369
164 379
164 4
164 14
164 19
164 33
164 36
164 43
164 49
164 53
164 55
164 60
164 65
164 67
164 69
164 74
164 78
164 90
164 95
164 103
164 104
164 115
164 125
164 126
164 127
164 150
164 155
164 159
164 161
164 166
164 173
164 175
164 176
164 179
164 180
164 181
164 188
164 364
165 221
165 234
165 240
165 241
165 261
165 281
165 366
165 12
165 17
165 18
165 26
165 28
165 33
165 37
165 52
165 53
165 54
165 60
165 62
165 64
165 70
165 80
165 82
165 83
165 88
165 91
165 93
165 97
165 99
165 109
165 110
165 111
165 112
165 113
165 115
165 116
165 117
165 123
165 124
165 127
165 132
165 136
165 141
165 149
165 157
165 161
165 170
165 173
165 175
165 177
165 180
165 181
165 183
165 184
165 193
165 365
166 221
166 222
166 242
166 280
166 307
166 316
166 326
166 343
166 359
166 373
166 384
166 386
166 388
166 6
166 8
166 10
166 16
166 24
166 41
166 48
166 49
166 52
166 53
166 57
166 58
166 67
166 73
166 74
166 79
166 88
166 90
166 94
166 101
166 109
166 113
166 114
166 119
166 121
166 125
166 132
166 143
166 153
166 156
166 162
166 164
166 167
166 169
166 172
166 173
166 181
166 185
166 190
166 193
166 366
167 211
167 213
167 214
167 217
167 281
167 301
167 314
167 321
167 329
167 339
167 361
167 393
167 7
167 13
167 15
167 28
167 40
167 44
167 51
167 53
167 55
167 57
167 66
167 74
167 78
167 81
167 83
167 84
167 85
167 87
167 89
167 91
167 99
167 100
167 101
167 120
167 123
167 141
167 147
167 148
167 149
167 161
167 163
167 166
167 169
167 173
167 177
167 186
167 188
167 195
167 367
168 225
168 230
168 240
168 241
168 258
168 308
168 333
168 342
168 376
168 6
168 8
168 22
168 28
168 33
168 34
168 39
168 41
168 47
168 51
168 55
168 57
168 59
168 62
168 63
168 68
168 71
168 75
168 85
168 86
168 89
168 92
168 96
168 97
168 104
168 105
168 109
168 110
168 130
168 138
168 141
168 146
168 155
168 159
168 172
168 184
168 186
168 198
168 199
168 368
169 209
169 238
169 245
169 261
169 269
169 283
169 291
169 298
169 324
169 326
169 348
169 350
169 356
169 362
169 373
169 9
169 10
169 16
169 21
169 27
169 33
169 34
169 35
169 39
169 44
169 47
169 49
169 51
169 54
169 61
169 69
169 73
169 75
169 80
169 86
169 91
169 93
169 109
169 113
169 114
169 116
169 119
169 121
169 122
169 126
169 136
169 149
169 152
169 162
169 166
169 167
169 170
169 178
169 186
169 189
169 369
170 240
170 266
170 275
170 290
170 312
170 320
170 328
170 337
170 372
170 380
170 4
170 6
170 10
170 13
170 19
170 20
170 22
170 30
170 33
170 36
170 37
170 38
170 49
170 51
170 52
170 55
170 56
170 60
170 64
170 70
170 75
170 84
170 98
170 99
170 106
170 107
170 113
170 117
170 128
170 133
170 137
170 139
170 145
170 146
170 148
170 157
170 165
170 169
170 175
170 176
170 177
170 180
170 182
170 187
170 193
170 370
171 220
171 246
171 251
171 295
171 302
171 359
171 382
171 388
171 395
171 1
171 21
171 25
171 31
171 39
171 42
171 46
171 51
171 52
171 58
171 61
171 69
171 70
171 71
171 73
171 76
171 81
171 93
171 100
171 103
171 112
171 130
171 131
171 137
171 145
171 149
171 151
171 152
171 160
171 161
171 173
171 176
171 186
171 191
171 195
171 371
172 201
172 238
172 239
172 248
172 258
172 275
172 283
172 309
172 322
172 356
172 360
172 367
172 0
172 3
172 5
172 10
172 11
172 17
172 19
172 20
172 28
172 31
172 33
172 37
172 39
172 43
172 47
172 48
172 56
172 57
172 58
172 70
172 74
172 92
172 93
172 95
172 103
172 110
172 111
172 126
172 136
172 138
172 144
172 145
172 146
172 153
172 154
172 156
172 166
172 168
172 173
172 184
172 189
172 190
172 199
172 372
173 219
173 230
173 242
173 251
173 296
173 305
173 344
173 379
173 6
173 8
173 16
173 20
173 23
173 26
173 28
173 30
173 31
173 36
173 46
173 49
173 51
173 55
173 62
173 71
173 84
173 88
173 90
173 93
173 97
173 100
173 101
173 103
173 105
173 114
173 116
173 117
173 127
173 128
173 130
173 141
173 147
173 154
173 163
173 164
173 165
173 166
173 167
173 171
173 172
173 181
173 182
173 184
173 192
173 193
173 195
173 373
174 211
174 215
174 217
174 300
174 318
174 343
174 3
174 6
174 11
174 18
174 27
174 30
174 31
174 34
174 35
174 38
174 45
174 49
174 50
174 52
174 66
174 67
174 70
174 74
174 76
174 81
174 83
174 87
174 88
174 95
174 99
174 101
174 103
174 106
174 109
174 114
174 124
174 130
174 133
174 137
174 139
174 143
174 144
174 146
174 151
174 163
174 176
174 181
174 183
174 184
174 185
174 186
174 197
174 199
174 374
175 226
175 241
175 281
175 292
175 309
175 327
175 358
175 360
175 364
175 373
175 384
175 390
175 10
175 21
175 22
175 25
175 26
175 29
175 32
175 37
175 38
175 39
175 45
175 53
175 55
175 66
175 73
175 74
175 82
175 85
175 97
175 99
175 100
175 106
175 117
175 125
175 135
175 137
175 141
175 145
175 151
175 156
175 160
175 164
175 165
175 170
175 185
175 190
175 193
175 195
175 199
175 375
176 221
176 223
176 231
176 233
176 244
176 251
176 301
176 313
176 320
176 322
176 324
176 325
176 372
176 4
176 6
176 8
176 14
176 18
176 21
176 26
176 30
176 37
176 38
176 40
176 41
176 44
176 46
176 47
176 51
176 78
176 79
176 83
176 88
176 92
176 98
176 101
176 104
176 105
176 111
176 122
176 124
176 127
176 131
176 139
176 164
176 170
176 171
176 174
176 186
176 188
176 190
176 376
177 205
177 207
177 253
177 273
177 353
177 356
177 0
177 9
177 10
177 18
177 19
177 21
177 22
177 23
177 24
177 37
177 44
177 49
177 60
177 62
177 70
177 71
177 104
177 106
177 107
177 112
177 114
177 115
177 117
177 127
177 128
177 137
177 139
177 140
177 143
177 145
177 147
177 150
177 155
177 160
177 162
177 165
177 167
177 170
177 178
177 180
177 184
177 185
177 193
177 377
178 205
178 217
178 223
178 264
178 272
178 273
178 281
178 288
178 340
178 386
178 2
178 9
178 13
178 15
178 17
178 19
178 21
178 22
178 29
178 31
178 37
178 38
178 41
178 47
178 49
178 50
178 53
178 55
178 56
178 57
178 58
178 61
178 64
178 72
178 77
178 78
178 82
178 83
178 87
178 88
178 94
178 95
178 100
178 103
178 106
178 127
178 128
178 154
178 159
178 163
178 169
178 177
178 185
178 186
178 189
178 190
178 191
178 192
178 378
179 218
179 260
179 267
179 287
179 289
179 290
179 311
179 318
179 319
179 339
179 0
179 3
179 13
179 27
179 41
179 58
179 62
179 75
179 76
179 77
179 81
179 88
179 93
179 97
179 99
179 112
179 114
179 119
179 129
179 138
179 145
179 151
179 164
179 180
179 184
179 187
179 379
180 200
180 210
180 217
180 220
180 243
180 265
180 314
180 347
180 10
180 11
180 15
180 17
180 29
180 32
180 34
180 42
180 50
180 51
180 55
180 59
180 60
180 64
180 75
180 85
180 86
180 88
180 99
180 109
180 110
180 112
180 117
180 129
180 130
180 136
180 137
180 138
180 147
180 160
180 164
180 165
180 170
180 177
180 179
180 191
180 199
180 380
181 280
181 290
181 304
181 319
181 322
181 354
181 383
181 0
181 2
181 3
181 6
181 12
181 20
181 21
181 22
181 23
181 25
181 26
181 30
181 31
181 33
181 34
181 37
181 38
181 39
181 41
181 42
181 47
181 53
181 55
181 68
181 69
181 70
181 81
181 95
181 97
181 109
181 110
181 113
181 114
181 118
181 126
181 128
181 131
181 132
181 138
181 140
181 145
181 146
181 147
181 148
181 150
181 151
181 152
181 154
181 155
181 164
181 165
181 166
181 173
181 174
181 184
181 185
181 197
181 198
181 381
182 209
182 246
182 265
182 278
182 296
182 306
182 307
182 309
182 312
182 345
182 347
182 374
182 1
182 4
182 6
182 13
182 17
182 22
182 26
182 28
182 29
182 30
182 35
182 42
182 60
182 61
182 62
182 82
182 94
182 96
182 103
182 113
182 120
182 121
182 125
182 128
182 131
182 136
182 138
182 145
182 148
182 163
182 170
182 173
182 183
182 186
182 187
182 190
182 197
182 198
182 382
183 220
183 243
183 256
183 296
183 338
183 366
183 11
183 14
183 16
183 17
183 24
183 26
183 29
183 44
183 49
183 52
183 53
183 67
183 69
183 72
183 80
183 84
183 87
183 92
183 94
183 99
183 108
183 117
183 129
183 131
183 133
183 134
183 138
183 142
183 143
183 147
183 163
183 165
183 174
183 182
183 188
183 383
184 224
184 228
184 235
184 253
184 311
184 338
184 347
184 352
184 1
184 4
184 18
184 23
184 27
184 28
184 29
184 43
184 44
184 45
184 47
184 54
184 58
184 59
184 62
184 80
184 87
184 95
184 97
184 107
184 112
184 114
184 116
184 118
184 119
184 124
184 138
184 139
184 142
184 145
184 148
184 151
184 154
184 156
184 157
184 158
184 165
184 168
184 172
184 173
184 174
184 177
184 179
184 181
184 187
184 190
184 195
184 199
184 384
185 238
185 240
185 292
185 296
185 310
185 314
185 333
185 342
185 362
185 363
185 384
185 0
185 3
185 8
185 12
185 13
185 16
185 17
185 19
185 21
185 27
185 28
185 36
185 51
185 52
185 57
185 58
185 63
185 65
185 66
185 89
185 97
185 100
185 110
185 121
185 127
185 128
185 135
185 144
185 147
185 156
185 159
185 162
185 166
185 174
185 175
185 177
185 178
185 181
185 197
185 385
186 216
186 231
186 267
186 282
186 299
186 320
186 325
186 375
186 387
186 1
186 4
186 16
186 23
186 34
186 41
186 46
186 47
186 48
186 59
186 60
186 61
186 66
186 74
186 77
186 80
186 83
186 94
186 95
186 98
186 100
186 112
186 113
186 120
186 123
186 124
186 132
186 134
186 137
186 144
186 151
186 156
186 163
186 167
186 168
186 169
186 171
186 174
186 176
186 178
186 182
186 187
186 188
186 386
187 202
187 242
187 244
187 263
187 271
187 276
187 284
187 287
187 313
187 331
187 332
187 343
187 367
187 374
187 395
187 4
187 10
187 12
187 20
187 25
187 33
187 38
187 41
187 45
187 49
187 55
187 57
187 64
187 68
187 69
187 81
187 88
187 102
187 106
187 110
187 121
187 126
187 143
187 150
187 157
187 158
187 170
187 179
187 182
187 184
187 186
187 189
187 190
187 195
187 199
187 387
188 204
188 208
188 217
188 224
188 229
188 230
188 301
188 342
188 352
188 383
188 393
188 2
188 8
188 12
188 19
188 22
188 33
188 38
188 41
188 47
188 48
188 50
188 51
188 53
188 54
188 55
188 56
188 57
188 59
188 60
188 62
188 69
188 88
188 93
188 96
188 102
188 112
188 116
188 119
188 122
188 127
188 131
188 132
188 134
188 135
188 144
188 147
188 148
188 151
188 154
188 156
188 158
188 162
188 164
188 167
188 176
188 183
188 186
188 192
188 195
188 199
188 388
189 228
189 236
189 296
189 310
189 322
189 5
189 16
189 21
189 24
189 33
189 37
189 46
189 49
189 50
189 53
189 58
189 63
189 65
189 75
189 78
189 82
189 86
189 92
189 93
189 96
189 111
189 112
189 113
189 114
189 121
189 130
189 131
189 133
189 134
189 139
189 141
189 148
189 149
189 154
189 155
189 158
189 160
189 161
189 169
189 172
189 178
189 187
189 190
189 191
189 194
189 195
189 389
190 210
190 242
190 263
190 279
190 295
190 321
190 329
190 334
190 362
190 386
190 6
190 7
190 17
190 23
190 35
190 37
190 48
190 52
190 58
190 70
190 83
190 88
190 89
190 92
190 93
190 95
190 100
190 102
190 103
190 104
190 114
190 116
190 117
190 123
190 127
190 130
190 131
190 138
190 145
190 146
190 152
190 153
190 154
190 157
190 162
190 166
190 172
190 175
190 176
190 178
190 182
190 184
190 187
190 189
190 193
190 390
191 209
191 214
191 217
191 228
191 231
191 265
191 309
191 313
191 334
191 349
191 354
191 361
191 363
191 366
191 381
191 388
191 389
191 3
191 5
191 9
191 19
191 20
191 21
191 31
191 33
191 40
191 44
191 45
191 50
191 56
191 58
191 62
191 67
191 73
191 79
191 90
191 94
191 95
191 101
191 111
191 116
191 122
191 125
191 130
191 136
191 138
191 145
191 148
191 150
191 157
191 159
191 162
191 171
191 178
191 180
191 189
191 192
191 198
191 199
191 391
192 246
192 265
192 271
192 276
192 282
192 288
192 289
192 317
192 320
192 323
192 332
192 346
192 352
192 358
192 369
192 374
192 389
192 392
192 6
192 8
192 10
192 12
192 15
192 17
192 25
192 27
192 30
192 33
192 34
192 38
192 65
192 66
192 68
192 70
192 71
192 72
192 73
192 74
192 86
192 89
192 91
192 95
192 98
192 99
192 102
192 103
192 105
192 107
192 108
192 113
192 116
192 117
192 136
192 137
192 146
192 154
192 156
192 163
192 173
192 178
192 188
192 191
192 195
192 199
193 204
193 218
193 242
193 247
193 277
193 309
193 313
193 319
193 325
193 331
193 353
193 355
193 366
193 3
193 11
193 14
193 26
193 29
193 34
193 38
193 49
193 62
193 65
193 67
193 69
193 71
193 72
193 74
193 75
193 95
193 98
193 110
193 114
193 116
193 119
193 120
193 127
193 128
193 129
193 130
193 131
193 132
193 135
193 141
193 155
193 156
193 161
193 162
193 165
193 166
193 170
193 173
193 175
193 177
193 190
193 393
194 215
194 222
194 292
194 312
194 323
194 325
194 343
194 347
194 355
194 10
194 11
194 13
194 15
194 17
194 23
194 34
194 41
194 42
194 43
194 44
194 46
194 48
194 66
194 76
194 77
194 81
194 83
194 85
194 95
194 103
194 108
194 133
194 141
194 148
194 154
194 156
194 158
194 189
194 197
194 394
195 252
195 257
195 276
195 305
195 318
195 328
195 347
195 386
195 399
195 0
195 5
195 8
195 25
195 39
195 46
195 50
195 57
195 63
195 69
195 80
195 84
195 85
195 87
195 88
195 95
195 102
195 105
195 115
195 116
195 120
195 121
195 127
195 128
195 140
195 142
195 143
195 146
195 147
195 151
195 153
195 162
195 167
195 171
195 173
195 175
195 184
195 187
195 188
195 189
195 192
195 198
195 395
196 203
196 212
196 253
196 269
196 291
196 297
196 300
196 309
196 316
196 353
196 390
196 2
196 16
196 19
196 22
196 31
196 44
196 46
196 48
196 56
196 63
196 71
196 79
196 84
196 86
196 87
196 89
196 90
196 91
196 96
196 97
196 107
196 110
196 111
196 112
196 113
196 114
196 115
196 116
196 119
196 127
196 128
196 130
196 135
196 138
196 140
196 154
196 155
196 156
196 198
196 199
196 396
197 201
197 210
197 219
197 248
197 294
197 313
197 0
197 7
197 13
197 31
197 40
197 42
197 45
197 47
197 53
197 60
197 61
197 62
197 80
197 86
197 95
197 108
197 109
197 112
197 119
197 133
197 140
197 145
197 147
197 150
197 152
197 153
197 156
197 162
197 163
197 174
197 181
197 182
197 185
197 194
197 397
198 237
198 246
198 255
198 261
198 262
198 306
198 316
198 353
198 2
198 6
198 7
198 10
198 18
198 28
198 35
198 36
198 41
198 42
198 43
198 53
198 57
198 82
198 83
198 84
198 96
198 103
198 114
198 118
198 124
198 128
198 145
198 148
198 157
198 168
198 181
198 182
198 191
198 195
198 196
198 199
198 398
199 252
199 259
199 277
199 283
199 373
199 375
199 382
199 0
199 8
199 11
199 13
199 18
199 28
199 30
199 35
199 36
199 45
199 47
199 57
199 61
199 63
199 70
199 71
199 74
199 77
199 89
199 91
199 94
199 95
199 97
199 102
199 123
199 125
199 130
199 137
199 168
199 172
199 174
199 175
199 180
199 184
199 187
199 188
199 191
199 192
199 196
199 198
199 399
200 35
200 37
200 41
200 59
200 71
200 83
200 86
200 98
200 108
200 125
200 149
200 151
200 162
200 180
200 0
201 7
201 18
201 37
201 44
201 51
201 60
201 93
201 101
201 117
201 153
201 161
201 172
201 197
201 1
202 16
202 19
202 34
202 64
202 67
202 77
202 79
202 160
202 163
202 187
202 2
203 31
203 42
203 49
203 55
203 65
203 70
203 89
203 97
203 105
203 111
203 196
203 3
204 12
204 31
204 68
204 79
204 82
204 84
204 103
204 138
204 188
204 193
204 4
205 2
205 37
205 51
205 56
205 86
205 92
205 143
205 177
205 178
205 5
206 47
206 85
206 92
206 95
206 107
206 108
206 121
206 129
206 162
206 164
206 6
207 38
207 52
207 75
207 93
207 96
207 111
207 122
207 137
207 150
207 177
207 7
208 18
208 30
208 37
208 89
208 112
208 118
208 123
208 150
208 164
208 188
208 8
209 13
209 15
209 34
209 49
209 53
209 55
209 64
209 76
209 101
209 128
209 145
209 159
209 169
209 182
209 191
209 9
210 3
210 38
210 55
210 66
210 81
210 88
210 98
210 106
210 116
210 129
210 180
210 190
210 197
210 10
211 108
211 118
211 124
211 140
211 167
211 174
211 11
212 3
212 63
212 81
212 131
212 138
212 150
212 154
212 156
212 196
212 12
213 62
213 65
213 69
213 93
213 119
213 137
213 139
213 155
213 167
213 13
214 15
214 70
214 72
214 82
214 112
214 115
214 118
214 124
214 167
214 191
214 14
215 5
215 27
215 41
215 70
215 80
215 149
215 174
215 194
215 15
216 1
216 10
216 11
216 15
216 25
216 33
216 54
216 90
216 110
216 114
216 125
216 127
216 132
216 141
216 162
216 186
216 16
217 8
217 9
217 11
217 52
217 56
217 61
217 69
217 76
217 102
217 117
217 148
217 167
217 174
217 178
217 180
217 188
217 191
217 17
218 6
218 12
218 35
218 61
218 67
218 101
218 115
218 116
218 137
218 147
218 154
218 179
218 193
218 18
219 13
219 30
219 50
219 70
219 104
219 142
219 173
219 197
219 19
220 19
220 40
220 48
220 52
220 84
220 88
220 89
220 92
220 94
220 156
220 171
220 180
220 183
220 20
221 3
221 23
221 28
221 52
221 66
221 86
221 96
221 117
221 138
221 154
221 165
221 166
221 176
221 21
222 6
222 12
222 19
222 27
222 40
222 50
222 85
222 100
222 103
222 143
222 160
222 166
222 194
222 22
223 33
223 36
223 62
223 67
223 80
223 84
223 106
223 134
223 176
223 178
223 23
224 69
224 94
224 95
224 102
224 104
224 109
224 141
224 145
224 184
224 188
224 24
225 3
225 77
225 118
225 135
225 168
225 25
226 3
226 6
226 26
226 32
226 50
226 57
226 70
226 84
226 100
226 111
226 141
226 150
226 175
227 11
227 16
227 44
227 50
227 54
227 55
227 89
227 93
227 100
227 115
227 117
227 125
227 141
227 152
227 154
227 27
228 19
228 44
228 79
228 98
228 115
228 131
228 132
228 139
228 141
228 184
228 189
228 191
228 28
229 28
229 42
229 103
229 138
229 188
229 29
230 25
230 33
230 36
230 59
230 123
230 128
230 156
230 159
230 168
230 173
230 188
230 30
231 21
231 30
231 96
231 98
231 118
231 134
231 147
231 176
231 186
231 191
231 31
232 32
232 43
232 46
232 55
232 56
232 110
232 122
232 124
232 132
232 138
232 141
232 148
232 155
233 32
233 42
233 66
233 73
233 76
233 81
233 106
233 130
233 133
233 143
233 147
233 176
233 33
234 25
234 54
234 84
234 120
234 132
234 147
234 165
234 34
235 9
235 14
235 31
235 69
235 87
235 95
235 136
235 184
235 35
236 11
236 76
236 83
236 87
236 143
236 146
236 189
236 36
237 0
237 14
237 43
237 59
237 60
237 77
237 99
237 120
237 122
237 125
237 156
237 159
237 198
237 37
238 29
238 77
238 122
238 129
238 169
238 172
238 185
238 38
239 10
239 34
239 35
239 39
239 40
239 79
239 117
239 160
239 172
240 15
240 54
240 90
240 135
240 165
240 168
240 170
240 185
240 40
241 21
241 22
241 87
241 94
241 110
241 129
241 142
241 145
241 165
241 168
241 175
241 41
242 5
242 57
242 107
242 122
242 126
242 151
242 158
242 166
242 173
242 187
242 190
242 193
242 42
243 8
243 11
243 21
243 35
243 45
243 79
243 82
243 105
243 109
243 118
243 125
243 129
243 180
243 183
243 43
244 58
244 72
244 138
244 147
244 161
244 164
244 176
244 187
244 44
245 3
245 13
245 46
245 65
245 66
245 72
245 74
245 92
245 127
245 140
245 141
245 159
245 169
245 45
246 2
246 12
246 25
246 49
246 73
246 109
246 171
246 182
246 192
246 198
246 46
247 19
247 61
247 77
247 90
247 92
247 98
247 111
247 138
247 164
247 193
247 47
248 37
248 53
248 59
248 102
248 131
248 133
248 138
248 153
248 172
248 197
248 48
249 38
249 45
249 96
249 100
249 130
249 49
250 15
250 17
250 31
250 42
250 47
250 51
250 58
250 73
250 99
250 126
250 130
250 150
250 50
251 21
251 22
251 31
251 35
251 38
251 42
251 67
251 75
251 76
251 95
251 98
251 99
251 124
251 171
251 173
251 176
251 51
252 7
252 13
252 25
252 33
252 42
252 61
252 115
252 157
252 161
252 195
252 199
252 52
253 12
253 57
253 66
253 108
253 116
253 126
253 127
253 137
253 155
253 156
253 177
253 184
253 196
253 53
254 13
254 42
254 54
254 75
254 115
254 116
254 118
255 31
255 93
255 131
255 148
255 198
255 55
256 4
256 8
256 104
256 117
256 135
256 183
256 56
257 24
257 40
257 42
257 51
257 65
257 101
257 195
257 57
258 63
258 65
258 73
258 83
258 86
258 88
258 116
258 129
258 146
258 168
258 172
258 58
259 47
259 117
259 127
259 199
259 59
260 17
260 33
260 48
260 70
260 106
260 179
260 60
261 18
261 99
261 107
261 165
261 169
261 198
261 61
262 9
262 28
262 64
262 119
262 155
262 198
262 62
263 0
263 22
263 45
263 96
263 111
263 187
263 190
263 63
264 6
264 7
264 14
264 17
264 60
264 61
264 75
264 117
264 132
264 178
264 64
265 6
265 38
265 50
265 76
265 135
265 146
265 180
265 182
265 191
265 192
265 65
266 11
266 23
266 26
266 27
266 38
266 63
266 67
266 95
266 147
266 150
266 170
266 66
267 11
267 17
267 25
267 90
267 150
267 154
267 179
267 186
267 67
268 4
268 15
268 20
268 36
268 39
268 67
268 72
268 68
269 25
269 53
269 61
269 80
269 85
269 107
269 121
269 133
269 162
269 169
269 196
269 69
270 8
270 9
270 11
270 59
270 75
270 110
270 113
270 114
270 150
270 157
270 158
270 70
271 3
271 13
271 16
271 29
271 36
271 44
271 81
271 111
271 115
271 162
271 187
271 192
271 71
272 5
272 8
272 16
272 47
272 59
272 90
272 97
272 131
272 135
272 164
272 178
272 72
273 7
273 21
273 29
273 92
273 98
273 132
273 133
273 142
273 177
273 178
273 73
274 3
274 23
274 42
274 62
274 74
274 93
274 96
274 139
274 151
275 63
275 82
275 90
275 115
275 136
275 144
275 154
275 156
275 164
275 170
275 172
275 75
276 5
276 22
276 25
276 50
276 82
276 92
276 94
276 102
276 110
276 127
276 135
276 150
276 158
276 163
276 187
276 192
276 195
276 76
277 52
277 57
277 60
277 101
277 105
277 106
277 117
277 132
277 133
277 152
277 193
277 199
277 77
278 9
278 39
278 71
278 113
278 137
278 182
278 78
279 14
279 34
279 48
279 68
279 79
279 85
279 118
279 122
279 134
279 190
280 34
280 56
280 61
280 66
280 78
280 139
280 166
280 181
280 80
281 0
281 5
281 21
281 45
281 52
281 60
281 87
281 124
281 131
281 165
281 167
281 175
281 178
281 81
282 14
282 20
282 27
282 52
282 83
282 87
282 93
282 108
282 109
282 115
282 117
282 186
282 192
282 82
283 7
283 23
283 27
283 43
283 54
283 61
283 70
283 79
283 83
283 112
283 164
283 169
283 172
283 199
284 5
284 49
284 54
284 90
284 143
284 159
284 187
284 84
285 16
285 25
285 29
285 44
285 58
285 81
285 92
285 115
285 161
285 85
286 1
286 13
286 15
286 37
286 45
286 50
286 62
286 66
286 128
286 145
286 86
287 2
287 10
287 18
287 22
287 24
287 82
287 97
287 125
287 127
287 161
287 179
287 187
287 87
288 9
288 12
288 14
288 110
288 178
288 192
288 88
289 22
289 39
289 49
289 56
289 66
289 162
289 164
289 179
289 192
289 89
290 0
290 27
290 45
290 53
290 55
290 57
290 89
290 90
290 152
290 170
290 179
290 181
291 8
291 39
291 93
291 95
291 100
291 136
291 169
291 196
291 91
292 33
292 55
292 63
292 103
292 114
292 127
292 155
292 158
292 175
292 185
292 194
292 92
293 18
293 19
293 20
293 81
293 92
293 108
293 111
293 115
293 132
293 93
294 16
294 95
294 112
294 121
294 130
294 134
294 197
294 94
295 0
295 31
295 79
295 97
295 107
295 113
295 151
295 159
295 171
295 190
295 95
296 46
296 50
296 56
296 67
296 78
296 102
296 136
296 161
296 173
296 182
296 183
296 185
296 189
296 96
297 33
297 41
297 64
297 65
297 95
297 163
297 196
297 97
298 6
298 40
298 46
298 49
298 111
298 135
298 147
298 169
298 98
299 3
299 80
299 105
299 118
299 120
299 128
299 186
299 99
300 7
300 11
300 54
300 86
300 134
300 159
300 174
300 196
300 100
301 33
301 54
301 56
301 77
301 82
301 93
301 97
301 109
301 119
301 164
301 167
301 176
301 188
301 101
302 5
302 6
302 14
302 17
302 21
302 38
302 51
302 114
302 145
302 157
302 171
302 102
303 18
303 19
303 90
303 111
303 124
303 103
304 11
304 12
304 47
304 65
304 74
304 88
304 121
304 149
304 181
304 104
305 1
305 42
305 44
305 73
305 76
305 84
305 90
305 103
305 141
305 164
305 173
305 195
305 105
306 6
306 33
306 34
306 37
306 51
306 78
306 120
306 147
306 151
306 182
306 198
306 106
307 16
307 21
307 29
307 49
307 60
307 76
307 109
307 118
307 166
307 182
307 107
308 38
308 70
308 75
308 81
308 110
308 126
308 134
308 148
308 168
308 108
309 75
309 83
309 93
309 99
309 125
309 152
309 172
309 175
309 182
309 191
309 193
309 196
309 109
310 26
310 69
310 137
310 143
310 185
310 189
310 110
311 14
311 15
311 26
311 41
311 44
311 83
311 157
311 161
311 179
311 184
311 111
312 23
312 82
312 98
312 119
312 129
312 135
312 145
312 170
312 182
312 194
312 112
313 4
313 40
313 48
313 57
313 66
313 105
313 118
313 176
313 187
313 191
313 193
313 197
313 113
314 0
314 32
314 53
314 57
314 81
314 83
314 86
314 93
314 104
314 126
314 132
314 162
314 167
314 180
314 185
314 114
315 6
315 14
315 58
315 64
315 74
315 106
315 110
315 124
315 147
315 162
315 163
315 115
316 18
316 35
316 61
316 114
316 138
316 157
316 166
316 196
316 198
316 116
317 7
317 10
317 18
317 26
317 32
317 37
317 50
317 65
317 98
317 112
317 130
317 136
317 142
317 157
317 160
317 192
317 117
318 2
318 14
318 15
318 22
318 43
318 54
318 64
318 80
318 85
318 90
318 112
318 144
318 174
318 179
318 195
318 118
319 15
319 48
319 50
319 66
319 80
319 96
319 113
319 147
319 151
319 158
319 179
319 181
319 193
319 119
320 30
320 39
320 44
320 57
320 68
320 77
320 85
320 90
320 105
320 116
320 170
320 176
320 186
320 192
320 120
321 4
321 83
321 90
321 135
321 148
321 167
321 190
321 121
322 11
322 22
322 50
322 109
322 160
322 172
322 176
322 181
322 189
322 122
323 23
323 41
323 56
323 88
323 118
323 122
323 192
323 194
323 123
324 70
324 142
324 155
324 161
324 169
324 176
324 124
325 24
325 28
325 67
325 68
325 75
325 86
325 121
325 157
325 158
325 176
325 186
325 193
325 194
325 125
326 3
326 34
326 65
326 79
326 106
326 117
326 146
326 149
326 166
326 169
326 126
327 18
327 26
327 37
327 94
327 102
327 117
327 139
327 161
327 175
327 127
328 57
328 74
328 88
328 95
328 106
328 133
328 150
328 153
328 170
328 195
328 128
329 3
329 7
329 13
329 38
329 47
329 65
329 80
329 97
329 102
329 120
329 136
329 141
329 142
329 151
329 167
329 190
329 129
330 49
330 83
330 90
330 118
330 120
330 135
330 159
330 130
331 25
331 66
331 75
331 86
331 102
331 134
331 187
331 193
331 131
332 43
332 67
332 68
332 72
332 79
332 91
332 103
332 187
332 192
332 132
333 11
333 22
333 104
333 168
333 185
333 133
334 8
334 21
334 33
334 45
334 58
334 72
334 125
334 147
334 153
334 158
334 190
334 191
334 134
335 9
335 20
335 59
335 72
335 79
335 100
335 135
335 150
335 160
336 20
336 40
336 67
336 86
336 127
336 157
336 136
337 21
337 24
337 29
337 38
337 39
337 42
337 120
337 141
337 162
337 170
337 137
338 13
338 46
338 80
338 112
338 129
338 133
338 183
338 184
338 138
339 3
339 16
339 89
339 102
339 122
339 123
339 167
339 179
339 139
340 9
340 19
340 43
340 90
340 149
340 162
340 178
340 140
341 2
341 5
341 36
341 52
341 72
341 89
341 145
341 149
341 141
342 4
342 28
342 30
342 38
342 54
342 86
342 91
342 130
342 168
342 185
342 188
342 142
343 7
343 14
343 32
343 34
343 91
343 121
343 146
343 151
343 166
343 174
343 187
343 194
343 143
344 48
344 57
344 114
344 138
344 149
344 154
344 163
344 173
344 144
345 12
345 18
345 45
345 69
345 151
345 158
345 182
345 145
346 14
346 31
346 56
346 64
346 69
346 93
346 108
346 129
346 158
346 192
346 146
347 42
347 46
347 77
347 107
347 126
347 130
347 139
347 180
347 182
347 184
347 194
347 195
347 147
348 22
348 34
348 45
348 64
348 73
348 131
348 164
348 169
348 148
349 10
349 37
349 45
349 47
349 63
349 92
349 102
349 137
349 156
349 191
349 149
350 59
350 64
350 77
350 86
350 140
350 159
350 169
350 150
351 25
351 32
351 85
351 158
351 151
352 17
352 21
352 79
352 84
352 87
352 91
352 103
352 117
352 147
352 159
352 184
352 188
352 192
352 152
353 3
353 61
353 79
353 87
353 98
353 118
353 128
353 130
353 133
353 134
353 135
353 154
353 158
353 177
353 193
353 196
353 198
353 153
354 30
354 72
354 78
354 82
354 87
354 145
354 152
354 153
354 181
354 191
354 154
355 11
355 14
355 25
355 48
355 62
355 67
355 70
355 127
355 160
355 193
355 194
355 155
356 27
356 43
356 78
356 96
356 99
356 130
356 131
356 169
356 172
356 177
356 156
357 25
357 62
357 147
357 157
358 4
358 15
358 39
358 175
358 192
358 158
359 7
359 61
359 70
359 89
359 101
359 116
359 120
359 125
359 135
359 142
359 148
359 166
359 171
359 159
360 1
360 26
360 38
360 86
360 94
360 105
360 112
360 115
360 126
360 155
360 164
360 172
360 175
360 160
361 14
361 21
361 25
361 37
361 48
361 61
361 62
361 65
361 79
361 88
361 93
361 107
361 167
361 191
361 161
362 21
362 27
362 33
362 72
362 87
362 132
362 169
362 185
362 190
362 162
363 30
363 43
363 53
363 63
363 86
363 88
363 101
363 109
363 185
363 191
363 163
364 27
364 39
364 74
364 92
364 94
364 106
364 114
364 163
364 175
364 164
365 9
365 22
365 26
365 36
365 72
365 95
365 153
365 160
365 165
366 3
366 6
366 29
366 36
366 41
366 65
366 78
366 83
366 108
366 111
366 114
366 123
366 165
366 183
366 191
366 193
366 166
367 6
367 9
367 18
367 49
367 58
367 82
367 126
367 133
367 142
367 160
367 172
367 187
367 167
368 15
368 27
368 63
368 79
368 81
368 93
368 122
368 133
368 144
368 157
368 168
369 8
369 48
369 49
369 51
369 60
369 62
369 81
369 85
369 96
369 164
369 192
369 169
370 5
370 13
370 26
370 90
370 92
370 98
370 105
370 113
370 114
370 139
370 144
370 146
370 170
371 10
371 30
371 48
371 57
371 81
371 101
371 102
371 122
371 127
371 130
371 141
371 148
371 171
372 0
372 12
372 24
372 47
372 60
372 67
372 84
372 110
372 120
372 121
372 123
372 128
372 144
372 170
372 176
372 172
373 17
373 77
373 109
373 134
373 137
373 138
373 166
373 169
373 175
373 199
373 173
374 64
374 65
374 126
374 137
374 182
374 187
374 192
374 174
375 58
375 76
375 103
375 122
375 129
375 133
375 136
375 186
375 199
375 175
376 9
376 26
376 40
376 52
376 66
376 71
376 107
376 142
376 159
376 168
376 176
377 17
377 22
377 25
377 29
377 46
377 63
377 78
377 130
377 132
377 135
377 177
378 18
378 32
378 33
378 34
378 77
378 102
378 104
378 148
378 178
379 2
379 9
379 10
379 65
379 109
379 126
379 164
379 173
379 179
380 15
380 63
380 65
380 101
380 150
380 170
380 180
381 9
381 40
381 41
381 50
381 89
381 104
381 119
381 147
381 191
381 181
382 30
382 31
382 35
382 94
382 171
382 199
382 182
383 0
383 21
383 24
383 57
383 64
383 83
383 117
383 157
383 181
383 188
383 183
384 1
384 16
384 31
384 61
384 106
384 116
384 128
384 166
384 175
384 185
384 184
385 47
385 52
385 67
385 76
385 80
385 85
385 89
385 102
385 150
385 157
385 159
385 160
385 185
386 12
386 13
386 35
386 52
386 86
386 91
386 102
386 105
386 106
386 126
386 162
386 166
386 178
386 190
386 195
386 186
387 17
387 52
387 71
387 78
387 109
387 155
387 157
387 186
387 187
388 30
388 53
388 59
388 64
388 91
388 92
388 104
388 119
388 141
388 157
388 166
388 171
388 191
388 188
389 43
389 45
389 52
389 56
389 69
389 74
389 76
389 144
389 158
389 191
389 192
389 189
390 38
390 83
390 88
390 103
390 152
390 160
390 175
390 196
390 190
391 1
391 26
391 89
391 111
391 137
391 163
391 191
392 13
392 20
392 32
392 41
392 78
392 82
392 99
392 112
392 117
392 126
392 130
392 150
392 192
393 11
393 52
393 167
393 188
393 193
394 43
394 48
394 91
394 107
394 118
394 142
394 157
394 162
394 194
395 13
395 64
395 79
395 90
395 123
395 141
395 171
395 187
395 195
396 16
396 53
396 55
396 109
396 120
396 127
396 144
396 196
397 1
397 2
397 12
397 23
397 50
397 72
397 88
397 104
397 105
397 197
398 14
398 22
398 33
398 53
398 55
398 60
398 82
398 102
398 113
398 145
398 151
398 198
399 19
399 20
399 27
399 28
399 32
399 53
399 55
399 76
399 135
399 144
399 195
399 199
