  700   6566
0 402
0 441
0 530
0 613
0 666
0 685
0 12
0 42
0 48
0 61
0 62
0 63
0 65
0 68
0 80
0 93
0 100
0 104
0 119
0 176
0 185
0 197
0 198
0 202
0 204
0 212
0 213
0 217
0 238
0 251
0 254
0 266
0 267
0 270
0 294
0 301
0 309
0 310
0 312
0 343
0 350
1 437
1 24
1 32
1 64
1 70
1 71
1 83
1 94
1 102
1 119
1 122
1 127
1 130
1 133
1 151
1 156
1 181
1 182
1 194
1 206
1 218
1 231
1 233
1 256
1 264
1 277
1 279
1 293
1 297
1 305
1 332
1 334
1 340
1 351
2 400
2 449
2 464
2 473
2 649
2 25
2 34
2 46
2 49
2 53
2 72
2 74
2 85
2 88
2 107
2 115
2 121
2 137
2 142
2 149
2 150
2 162
2 163
2 204
2 207
2 234
2 238
2 264
2 268
2 306
2 317
2 321
2 323
2 327
2 345
2 348
2 352
3 391
3 535
3 566
3 634
3 16
3 33
3 36
3 55
3 56
3 59
3 64
3 70
3 84
3 97
3 98
3 102
3 106
3 108
3 119
3 152
3 168
3 260
3 296
3 305
3 315
3 316
3 319
3 320
3 325
3 339
3 342
3 353
4 366
4 483
4 501
4 563
4 6
4 11
4 15
4 18
4 28
4 64
4 70
4 83
4 94
4 105
4 117
4 119
4 149
4 167
4 171
4 182
4 206
4 212
4 225
4 229
4 234
4 262
4 265
4 283
4 311
4 341
4 348
4 354
5 408
5 440
5 449
5 460
5 624
5 11
5 12
5 15
5 27
5 39
5 53
5 72
5 96
5 126
5 161
5 162
5 176
5 187
5 208
5 227
5 235
5 244
5 273
5 281
5 284
5 285
5 294
5 332
5 336
5 345
5 355
6 447
6 476
6 628
6 674
6 698
6 4
6 12
6 40
6 44
6 52
6 53
6 65
6 70
6 74
6 89
6 128
6 131
6 141
6 187
6 189
6 191
6 213
6 219
6 229
6 230
6 234
6 266
6 285
6 295
6 298
6 305
6 325
6 331
6 349
6 356
7 356
7 394
7 549
7 12
7 23
7 24
7 31
7 63
7 69
7 72
7 86
7 90
7 98
7 150
7 154
7 155
7 156
7 196
7 234
7 238
7 249
7 288
7 309
7 323
7 331
7 343
7 346
7 357
8 432
8 463
8 567
8 39
8 70
8 96
8 104
8 116
8 130
8 158
8 169
8 177
8 186
8 201
8 213
8 220
8 225
8 233
8 259
8 263
8 285
8 296
8 298
8 303
8 317
8 330
8 337
8 341
8 348
8 349
8 358
9 627
9 23
9 38
9 57
9 61
9 67
9 78
9 96
9 119
9 131
9 157
9 166
9 171
9 175
9 193
9 201
9 210
9 224
9 251
9 257
9 278
9 310
9 317
9 327
9 337
9 342
9 348
9 359
10 492
10 501
10 582
10 589
10 603
10 629
10 23
10 36
10 62
10 66
10 73
10 132
10 147
10 152
10 153
10 158
10 221
10 225
10 233
10 240
10 248
10 270
10 278
10 285
10 296
10 305
10 319
10 322
10 325
10 345
10 349
10 360
11 641
11 4
11 5
11 33
11 38
11 54
11 94
11 101
11 110
11 123
11 129
11 147
11 152
11 160
11 164
11 171
11 179
11 211
11 213
11 223
11 227
11 236
11 242
11 251
11 270
11 278
11 279
11 304
11 305
11 310
11 311
11 320
11 324
11 325
11 327
11 337
11 340
11 342
11 348
11 361
12 554
12 612
12 663
12 0
12 5
12 6
12 7
12 20
12 32
12 64
12 66
12 72
12 95
12 96
12 116
12 124
12 157
12 170
12 174
12 181
12 191
12 214
12 215
12 218
12 220
12 229
12 239
12 240
12 253
12 256
12 267
12 268
12 282
12 283
12 298
12 305
12 334
12 362
13 352
13 362
13 388
13 425
13 453
13 504
13 573
13 639
13 663
13 24
13 25
13 27
13 44
13 58
13 59
13 71
13 80
13 82
13 98
13 107
13 126
13 132
13 149
13 158
13 168
13 182
13 186
13 199
13 221
13 254
13 261
13 266
13 267
13 280
13 304
13 318
13 319
13 321
13 333
13 335
13 346
13 363
14 366
14 443
14 444
14 468
14 481
14 16
14 24
14 30
14 60
14 96
14 127
14 129
14 130
14 136
14 145
14 149
14 156
14 165
14 192
14 200
14 207
14 218
14 229
14 257
14 264
14 272
14 295
14 304
14 335
14 348
14 364
15 370
15 407
15 483
15 494
15 532
15 699
15 4
15 5
15 19
15 20
15 29
15 32
15 56
15 59
15 70
15 78
15 82
15 85
15 101
15 103
15 111
15 113
15 116
15 123
15 127
15 140
15 154
15 175
15 188
15 191
15 204
15 213
15 214
15 216
15 229
15 243
15 251
15 255
15 263
15 264
15 306
15 341
15 346
15 365
16 515
16 507
16 3
16 14
16 43
16 46
16 55
16 71
16 75
16 76
16 97
16 169
16 181
16 209
16 213
16 238
16 322
16 327
16 337
16 346
16 366
17 475
17 22
17 31
17 32
17 44
17 50
17 66
17 73
17 80
17 86
17 116
17 147
17 149
17 153
17 164
17 178
17 188
17 193
17 194
17 202
17 223
17 236
17 240
17 261
17 286
17 287
17 288
17 303
17 319
17 336
17 367
18 570
18 635
18 654
18 686
18 4
18 22
18 33
18 36
18 50
18 53
18 56
18 58
18 114
18 127
18 131
18 136
18 137
18 169
18 195
18 223
18 233
18 239
18 240
18 247
18 249
18 254
18 258
18 282
18 286
18 295
18 302
18 328
18 332
18 340
18 368
19 408
19 417
19 641
19 670
19 15
19 21
19 40
19 44
19 46
19 48
19 51
19 53
19 55
19 57
19 72
19 78
19 135
19 144
19 160
19 181
19 211
19 236
19 243
19 251
19 267
19 297
19 347
19 369
20 416
20 566
20 585
20 634
20 12
20 15
20 26
20 34
20 40
20 48
20 52
20 66
20 95
20 101
20 114
20 126
20 193
20 225
20 230
20 234
20 242
20 249
20 257
20 263
20 269
20 274
20 288
20 289
20 314
20 326
20 328
20 333
20 340
20 349
20 370
21 458
21 696
21 19
21 28
21 44
21 53
21 60
21 74
21 91
21 96
21 101
21 107
21 109
21 132
21 136
21 144
21 147
21 158
21 160
21 176
21 186
21 192
21 225
21 258
21 268
21 286
21 289
21 290
21 302
21 305
21 314
21 317
21 330
21 337
21 371
22 492
22 522
22 548
22 682
22 17
22 18
22 27
22 46
22 56
22 60
22 87
22 99
22 104
22 105
22 112
22 138
22 140
22 143
22 146
22 149
22 152
22 153
22 163
22 170
22 186
22 198
22 242
22 243
22 245
22 248
22 250
22 252
22 277
22 298
22 313
22 317
22 334
22 336
22 343
22 372
23 361
23 367
23 388
23 431
23 440
23 523
23 7
23 9
23 10
23 52
23 63
23 114
23 163
23 174
23 176
23 181
23 207
23 218
23 233
23 244
23 257
23 268
23 279
23 285
23 287
23 290
23 319
23 373
24 361
24 465
24 471
24 526
24 599
24 623
24 635
24 688
24 1
24 7
24 13
24 14
24 28
24 29
24 33
24 54
24 56
24 66
24 78
24 87
24 127
24 140
24 164
24 173
24 176
24 202
24 224
24 263
24 274
24 281
24 284
24 292
24 293
24 303
24 308
24 324
24 340
24 374
25 567
25 642
25 2
25 13
25 27
25 51
25 62
25 74
25 81
25 86
25 90
25 93
25 120
25 128
25 142
25 148
25 152
25 153
25 160
25 161
25 166
25 169
25 193
25 216
25 227
25 231
25 235
25 236
25 244
25 248
25 265
25 274
25 291
25 293
25 297
25 300
25 306
25 318
25 324
25 331
25 375
26 369
26 425
26 653
26 665
26 20
26 35
26 59
26 65
26 87
26 91
26 106
26 119
26 133
26 170
26 175
26 218
26 219
26 224
26 229
26 240
26 241
26 249
26 274
26 280
26 287
26 310
26 320
26 329
26 344
26 376
27 503
27 5
27 13
27 22
27 25
27 34
27 48
27 53
27 57
27 95
27 101
27 118
27 127
27 141
27 147
27 160
27 172
27 235
27 246
27 258
27 283
27 285
27 319
27 344
27 345
27 377
28 402
28 408
28 463
28 687
28 4
28 21
28 24
28 44
28 48
28 51
28 53
28 64
28 69
28 71
28 72
28 78
28 99
28 129
28 131
28 140
28 152
28 154
28 156
28 161
28 191
28 198
28 218
28 241
28 257
28 273
28 294
28 308
28 322
28 324
28 343
28 378
29 409
29 471
29 476
29 610
29 683
29 15
29 24
29 48
29 49
29 81
29 99
29 101
29 106
29 107
29 115
29 119
29 125
29 142
29 152
29 153
29 185
29 193
29 225
29 239
29 254
29 262
29 271
29 273
29 274
29 286
29 297
29 318
29 379
30 410
30 612
30 14
30 37
30 38
30 53
30 63
30 77
30 91
30 96
30 99
30 132
30 133
30 138
30 140
30 148
30 150
30 166
30 169
30 171
30 172
30 177
30 181
30 191
30 192
30 210
30 225
30 239
30 247
30 252
30 254
30 277
30 284
30 295
30 302
30 309
30 329
30 336
30 380
31 372
31 381
31 550
31 622
31 690
31 7
31 17
31 33
31 88
31 90
31 102
31 147
31 158
31 173
31 177
31 181
31 193
31 203
31 216
31 230
31 277
31 278
31 290
31 299
31 301
31 318
31 325
31 339
31 342
32 518
32 515
32 1
32 12
32 15
32 17
32 49
32 58
32 83
32 98
32 100
32 103
32 117
32 168
32 177
32 180
32 184
32 202
32 227
32 231
32 242
32 297
32 303
32 308
32 326
32 330
32 382
33 468
33 626
33 669
33 690
33 693
33 3
33 11
33 18
33 24
33 31
33 56
33 61
33 71
33 75
33 78
33 87
33 120
33 152
33 154
33 156
33 195
33 211
33 214
33 224
33 242
33 268
33 274
33 282
33 286
33 293
33 311
33 324
33 329
33 341
33 383
34 534
34 518
34 2
34 20
34 27
34 51
34 52
34 58
34 63
34 87
34 99
34 105
34 115
34 126
34 132
34 163
34 173
34 204
34 218
34 229
34 232
34 235
34 256
34 257
34 274
34 289
34 309
34 313
34 320
34 327
34 330
34 337
34 340
34 343
34 384
35 432
35 574
35 611
35 26
35 42
35 58
35 76
35 86
35 89
35 121
35 183
35 192
35 198
35 218
35 230
35 250
35 252
35 281
35 292
35 297
35 304
35 317
35 343
35 385
36 359
36 428
36 538
36 661
36 3
36 10
36 18
36 90
36 101
36 108
36 121
36 137
36 144
36 146
36 149
36 150
36 152
36 157
36 159
36 166
36 169
36 174
36 177
36 185
36 192
36 221
36 226
36 268
36 286
36 319
36 334
36 336
36 386
37 618
37 30
37 46
37 60
37 61
37 75
37 82
37 91
37 95
37 99
37 118
37 128
37 152
37 158
37 159
37 167
37 177
37 236
37 237
37 245
37 247
37 252
37 255
37 261
37 263
37 279
37 297
37 309
37 321
37 334
37 348
37 387
38 465
38 521
38 523
38 570
38 650
38 9
38 11
38 30
38 43
38 54
38 107
38 133
38 142
38 144
38 145
38 152
38 156
38 201
38 202
38 211
38 217
38 230
38 233
38 243
38 252
38 255
38 256
38 267
38 276
38 281
38 296
38 304
38 307
38 308
38 311
38 388
39 491
39 496
39 553
39 579
39 674
39 5
39 8
39 46
39 94
39 102
39 142
39 171
39 174
39 183
39 200
39 230
39 260
39 262
39 297
39 304
39 309
39 312
39 389
40 655
40 679
40 6
40 19
40 20
40 54
40 59
40 105
40 123
40 141
40 149
40 169
40 188
40 214
40 223
40 228
40 252
40 276
40 287
40 313
40 322
40 331
40 349
40 390
41 458
41 517
41 564
41 51
41 61
41 72
41 92
41 97
41 108
41 131
41 141
41 147
41 149
41 151
41 163
41 167
41 191
41 199
41 208
41 221
41 227
41 234
41 237
41 258
41 270
41 275
41 295
41 301
41 305
41 312
41 342
41 391
42 400
42 528
42 612
42 0
42 35
42 50
42 75
42 94
42 101
42 117
42 143
42 182
42 206
42 208
42 214
42 242
42 245
42 266
42 276
42 282
42 285
42 299
42 325
42 329
42 392
43 352
43 369
43 411
43 440
43 480
43 640
43 16
43 38
43 47
43 63
43 86
43 92
43 93
43 112
43 127
43 129
43 141
43 146
43 149
43 154
43 170
43 174
43 182
43 185
43 199
43 203
43 208
43 215
43 236
43 239
43 249
43 266
43 294
43 297
43 318
43 319
43 326
43 393
44 352
44 607
44 6
44 13
44 17
44 19
44 21
44 28
44 46
44 53
44 59
44 65
44 66
44 81
44 82
44 95
44 114
44 115
44 129
44 153
44 179
44 180
44 182
44 199
44 227
44 255
44 258
44 264
44 281
44 282
44 289
44 293
44 297
44 314
44 317
44 319
44 394
45 441
45 622
45 51
45 76
45 82
45 88
45 92
45 120
45 141
45 142
45 152
45 166
45 191
45 214
45 220
45 222
45 233
45 241
45 249
45 281
45 285
45 304
45 306
45 308
45 344
45 347
45 395
46 449
46 451
46 2
46 16
46 19
46 22
46 37
46 39
46 44
46 55
46 65
46 79
46 93
46 96
46 127
46 148
46 149
46 150
46 155
46 158
46 159
46 167
46 187
46 195
46 198
46 240
46 246
46 282
46 286
46 298
46 319
46 323
46 324
46 334
46 336
46 337
46 338
46 396
47 513
47 624
47 43
47 53
47 73
47 85
47 92
47 105
47 109
47 115
47 118
47 123
47 145
47 170
47 175
47 184
47 215
47 245
47 257
47 258
47 265
47 285
47 287
47 288
47 304
47 327
47 341
47 397
48 413
48 472
48 584
48 591
48 0
48 19
48 20
48 27
48 28
48 29
48 55
48 65
48 79
48 136
48 141
48 172
48 190
48 205
48 211
48 235
48 239
48 242
48 251
48 291
48 317
48 329
48 330
48 331
48 338
48 340
48 398
49 375
49 661
49 2
49 29
49 32
49 80
49 96
49 109
49 141
49 147
49 153
49 155
49 156
49 159
49 177
49 190
49 191
49 199
49 204
49 205
49 240
49 263
49 268
49 271
49 291
49 320
49 324
49 329
49 335
49 338
49 345
49 399
50 378
50 631
50 17
50 18
50 42
50 84
50 89
50 93
50 110
50 118
50 148
50 161
50 176
50 184
50 199
50 204
50 225
50 233
50 238
50 242
50 244
50 259
50 273
50 309
50 311
50 318
50 347
50 400
51 458
51 19
51 25
51 28
51 34
51 41
51 45
51 58
51 78
51 87
51 94
51 100
51 105
51 106
51 113
51 135
51 140
51 144
51 153
51 157
51 158
51 163
51 176
51 216
51 244
51 247
51 256
51 269
51 275
51 278
51 281
51 283
51 286
51 293
51 294
51 297
51 302
51 307
51 310
51 314
51 321
51 324
51 337
51 339
51 347
51 401
52 433
52 553
52 564
52 567
52 6
52 20
52 23
52 34
52 79
52 81
52 85
52 89
52 105
52 133
52 136
52 140
52 142
52 146
52 161
52 164
52 174
52 177
52 185
52 200
52 203
52 222
52 248
52 264
52 265
52 273
52 285
52 301
52 306
52 343
52 347
52 402
53 668
53 2
53 5
53 6
53 18
53 19
53 21
53 27
53 28
53 30
53 44
53 47
53 57
53 76
53 111
53 113
53 133
53 140
53 141
53 144
53 151
53 155
53 156
53 192
53 218
53 220
53 226
53 260
53 271
53 290
53 310
53 319
53 326
53 334
53 403
54 467
54 473
54 666
54 11
54 24
54 38
54 40
54 56
54 63
54 95
54 102
54 105
54 110
54 113
54 132
54 161
54 182
54 189
54 192
54 194
54 199
54 217
54 219
54 245
54 283
54 299
54 336
54 404
55 385
55 549
55 551
55 3
55 16
55 19
55 46
55 48
55 65
55 78
55 136
55 155
55 182
55 204
55 215
55 216
55 226
55 228
55 260
55 269
55 270
55 271
55 296
55 304
55 308
55 323
55 324
55 405
56 387
56 392
56 522
56 577
56 642
56 655
56 3
56 15
56 18
56 22
56 24
56 33
56 54
56 57
56 76
56 83
56 93
56 96
56 118
56 122
56 126
56 139
56 150
56 165
56 177
56 185
56 186
56 190
56 193
56 196
56 197
56 216
56 228
56 257
56 258
56 267
56 308
56 310
56 331
56 343
56 406
57 568
57 614
57 682
57 695
57 9
57 19
57 27
57 53
57 56
57 71
57 79
57 80
57 82
57 95
57 115
57 146
57 158
57 163
57 173
57 181
57 219
57 224
57 234
57 239
57 254
57 265
57 269
57 275
57 276
57 284
57 305
57 307
57 320
57 322
57 324
57 326
57 330
57 336
57 407
58 435
58 454
58 493
58 494
58 643
58 13
58 18
58 32
58 34
58 35
58 51
58 68
58 70
58 81
58 106
58 115
58 158
58 167
58 187
58 194
58 196
58 229
58 234
58 241
58 254
58 258
58 259
58 260
58 276
58 280
58 285
58 288
58 290
58 291
58 292
58 307
58 311
58 315
58 318
58 320
58 321
58 337
58 348
58 408
59 373
59 505
59 3
59 13
59 15
59 26
59 40
59 44
59 71
59 73
59 98
59 122
59 132
59 160
59 162
59 165
59 168
59 174
59 187
59 193
59 196
59 214
59 225
59 232
59 233
59 245
59 254
59 259
59 271
59 278
59 296
59 304
59 307
59 309
59 311
59 346
59 409
60 393
60 487
60 537
60 560
60 623
60 14
60 21
60 22
60 37
60 66
60 98
60 104
60 106
60 107
60 114
60 116
60 132
60 133
60 148
60 184
60 195
60 204
60 219
60 230
60 258
60 261
60 278
60 281
60 283
60 308
60 316
60 323
60 335
60 347
60 410
61 598
61 534
61 0
61 9
61 33
61 37
61 41
61 62
61 66
61 89
61 101
61 108
61 111
61 112
61 125
61 134
61 147
61 148
61 190
61 209
61 236
61 237
61 250
61 259
61 260
61 283
61 285
61 304
61 315
61 317
61 348
61 411
62 473
62 567
62 587
62 0
62 10
62 25
62 61
62 67
62 74
62 76
62 81
62 91
62 102
62 115
62 137
62 143
62 156
62 158
62 174
62 200
62 208
62 255
62 263
62 269
62 271
62 279
62 299
62 300
62 301
62 307
62 311
62 316
62 323
62 349
62 412
63 441
63 442
63 492
63 551
63 648
63 663
63 0
63 7
63 23
63 30
63 34
63 43
63 54
63 68
63 73
63 85
63 105
63 111
63 115
63 126
63 139
63 142
63 144
63 145
63 174
63 228
63 234
63 249
63 253
63 258
63 264
63 276
63 285
63 291
63 300
63 413
64 356
64 361
64 409
64 556
64 1
64 3
64 4
64 12
64 28
64 85
64 86
64 92
64 114
64 115
64 130
64 131
64 134
64 139
64 144
64 152
64 156
64 157
64 160
64 204
64 208
64 210
64 223
64 224
64 234
64 237
64 247
64 265
64 268
64 270
64 307
64 311
64 336
64 340
64 349
64 414
65 531
65 668
65 0
65 6
65 26
65 44
65 46
65 48
65 55
65 81
65 86
65 88
65 98
65 100
65 107
65 111
65 135
65 154
65 164
65 165
65 168
65 169
65 182
65 214
65 237
65 239
65 245
65 265
65 267
65 268
65 270
65 274
65 278
65 312
65 334
65 338
65 415
66 413
66 612
66 647
66 10
66 12
66 17
66 20
66 24
66 44
66 60
66 61
66 74
66 79
66 100
66 117
66 124
66 128
66 141
66 143
66 171
66 174
66 197
66 210
66 225
66 228
66 253
66 256
66 261
66 282
66 297
66 311
66 312
66 342
66 416
67 355
67 634
67 9
67 62
67 72
67 103
67 105
67 108
67 134
67 166
67 170
67 179
67 188
67 190
67 203
67 214
67 227
67 230
67 240
67 254
67 256
67 261
67 273
67 285
67 317
67 321
67 326
67 342
67 343
67 346
67 417
68 356
68 399
68 465
68 595
68 676
68 698
68 0
68 58
68 63
68 79
68 80
68 105
68 119
68 128
68 136
68 144
68 158
68 194
68 196
68 204
68 210
68 215
68 219
68 228
68 233
68 236
68 249
68 251
68 255
68 257
68 265
68 280
68 309
68 312
68 326
68 328
68 332
68 349
68 418
69 652
69 7
69 28
69 73
69 74
69 84
69 92
69 107
69 123
69 130
69 137
69 138
69 172
69 174
69 199
69 231
69 242
69 244
69 247
69 248
69 254
69 270
69 273
69 298
69 300
69 301
69 333
69 419
70 370
70 382
70 663
70 1
70 3
70 4
70 6
70 8
70 15
70 58
70 99
70 110
70 115
70 116
70 117
70 127
70 136
70 143
70 163
70 165
70 181
70 187
70 189
70 191
70 203
70 215
70 221
70 226
70 228
70 244
70 248
70 249
70 251
70 259
70 264
70 278
70 318
70 333
70 336
70 340
70 345
70 420
71 402
71 428
71 478
71 479
71 1
71 13
71 16
71 28
71 33
71 57
71 59
71 74
71 76
71 81
71 94
71 138
71 162
71 170
71 177
71 198
71 219
71 232
71 243
71 283
71 298
71 300
71 313
71 332
71 336
71 340
71 421
72 432
72 608
72 2
72 5
72 7
72 12
72 19
72 28
72 41
72 67
72 87
72 90
72 98
72 99
72 100
72 101
72 106
72 118
72 119
72 125
72 134
72 145
72 159
72 167
72 168
72 190
72 204
72 206
72 226
72 229
72 230
72 245
72 295
72 299
72 300
72 309
72 313
72 316
72 329
72 422
73 421
73 524
73 555
73 696
73 10
73 17
73 47
73 59
73 63
73 69
73 76
73 80
73 92
73 95
73 99
73 105
73 112
73 114
73 127
73 130
73 136
73 142
73 154
73 176
73 185
73 197
73 220
73 236
73 270
73 276
73 292
73 303
73 307
73 311
73 423
74 474
74 503
74 532
74 693
74 2
74 6
74 21
74 25
74 62
74 66
74 69
74 71
74 79
74 92
74 99
74 104
74 110
74 111
74 112
74 125
74 129
74 133
74 158
74 177
74 226
74 237
74 252
74 268
74 276
74 282
74 292
74 296
74 303
74 319
74 424
75 632
75 685
75 16
75 33
75 37
75 42
75 84
75 87
75 88
75 102
75 103
75 115
75 121
75 135
75 137
75 144
75 157
75 158
75 163
75 172
75 173
75 179
75 199
75 208
75 218
75 224
75 259
75 281
75 287
75 290
75 327
75 333
75 337
75 425
76 580
76 608
76 611
76 625
76 695
76 16
76 35
76 45
76 53
76 56
76 62
76 71
76 73
76 100
76 118
76 124
76 132
76 140
76 142
76 151
76 164
76 180
76 190
76 208
76 210
76 212
76 216
76 218
76 230
76 232
76 238
76 247
76 249
76 258
76 266
76 274
76 280
76 281
76 323
76 325
76 326
76 333
76 348
76 426
77 598
77 30
77 80
77 103
77 104
77 108
77 152
77 171
77 182
77 192
77 220
77 238
77 241
77 242
77 244
77 248
77 283
77 285
77 288
77 292
77 325
77 427
78 415
78 510
78 628
78 9
78 15
78 19
78 24
78 28
78 33
78 51
78 55
78 85
78 99
78 112
78 147
78 152
78 154
78 187
78 236
78 242
78 278
78 286
78 289
78 303
78 326
78 329
78 428
79 412
79 46
79 48
79 52
79 57
79 66
79 68
79 74
79 85
79 95
79 106
79 111
79 127
79 165
79 167
79 172
79 188
79 192
79 208
79 214
79 234
79 258
79 270
79 273
79 320
79 331
79 335
79 341
79 429
80 371
80 431
80 535
80 562
80 573
80 637
80 690
80 0
80 13
80 17
80 49
80 57
80 68
80 73
80 77
80 84
80 104
80 128
80 133
80 146
80 149
80 154
80 163
80 168
80 196
80 205
80 231
80 239
80 240
80 242
80 249
80 257
80 274
80 288
80 290
80 302
80 321
80 327
80 430
81 392
81 403
81 419
81 486
81 522
81 575
81 664
81 25
81 29
81 44
81 52
81 58
81 62
81 65
81 71
81 108
81 140
81 145
81 148
81 162
81 167
81 170
81 179
81 231
81 243
81 258
81 269
81 293
81 306
81 336
81 431
82 432
82 579
82 599
82 13
82 15
82 37
82 44
82 45
82 57
82 87
82 93
82 135
82 136
82 158
82 162
82 197
82 208
82 218
82 231
82 236
82 251
82 252
82 264
82 272
82 275
82 292
82 306
82 315
82 339
82 346
83 364
83 401
83 533
83 574
83 1
83 4
83 32
83 56
83 84
83 94
83 96
83 103
83 123
83 125
83 141
83 162
83 177
83 186
83 191
83 238
83 240
83 253
83 259
83 277
83 283
83 289
83 290
83 305
83 307
83 324
83 336
83 342
83 347
83 349
83 433
84 373
84 479
84 3
84 50
84 69
84 75
84 80
84 83
84 110
84 135
84 167
84 195
84 219
84 220
84 226
84 272
84 292
84 348
84 434
85 359
85 468
85 2
85 15
85 47
85 52
85 63
85 64
85 78
85 79
85 98
85 108
85 109
85 122
85 129
85 133
85 151
85 155
85 170
85 179
85 194
85 198
85 205
85 217
85 222
85 224
85 267
85 281
85 299
85 319
85 347
85 435
86 545
86 588
86 7
86 17
86 25
86 35
86 43
86 64
86 65
86 105
86 116
86 120
86 153
86 183
86 202
86 215
86 217
86 234
86 235
86 251
86 252
86 261
86 280
86 291
86 305
86 320
86 331
86 333
86 344
86 436
87 440
87 596
87 622
87 22
87 24
87 26
87 33
87 34
87 51
87 72
87 75
87 82
87 101
87 111
87 130
87 137
87 138
87 159
87 191
87 199
87 201
87 207
87 224
87 230
87 236
87 246
87 307
87 315
87 321
87 322
87 323
87 339
87 344
87 437
88 363
88 549
88 699
88 2
88 31
88 45
88 65
88 75
88 98
88 103
88 110
88 118
88 128
88 140
88 169
88 176
88 181
88 182
88 202
88 207
88 225
88 226
88 229
88 239
88 248
88 257
88 266
88 277
88 284
88 304
88 309
88 316
88 323
88 333
88 335
88 344
88 347
88 438
89 397
89 466
89 586
89 6
89 35
89 50
89 52
89 61
89 103
89 109
89 119
89 121
89 132
89 136
89 138
89 153
89 157
89 190
89 192
89 204
89 218
89 221
89 225
89 227
89 230
89 252
89 261
89 262
89 270
89 294
89 295
89 299
89 300
89 307
89 309
89 314
89 335
89 338
89 341
89 439
90 621
90 598
90 7
90 25
90 31
90 36
90 72
90 91
90 103
90 114
90 120
90 123
90 125
90 133
90 155
90 162
90 170
90 194
90 213
90 244
90 249
90 271
90 286
90 296
90 301
90 330
90 334
90 348
90 440
91 481
91 485
91 590
91 606
91 21
91 26
91 30
91 37
91 62
91 90
91 94
91 120
91 123
91 139
91 149
91 179
91 184
91 185
91 187
91 196
91 200
91 210
91 220
91 221
91 225
91 261
91 277
91 308
91 320
91 326
91 329
91 441
92 383
92 443
92 681
92 41
92 43
92 45
92 47
92 64
92 69
92 73
92 74
92 98
92 113
92 117
92 120
92 136
92 142
92 146
92 160
92 182
92 191
92 193
92 229
92 231
92 257
92 262
92 269
92 291
92 296
92 299
92 329
92 341
92 342
92 442
93 381
93 389
93 509
93 580
93 612
93 647
93 648
93 0
93 25
93 43
93 46
93 50
93 56
93 82
93 115
93 118
93 119
93 137
93 147
93 153
93 182
93 195
93 209
93 210
93 212
93 216
93 220
93 222
93 239
93 269
93 272
93 274
93 307
93 315
93 320
93 322
93 330
93 342
93 347
93 443
94 399
94 555
94 628
94 1
94 4
94 11
94 39
94 42
94 51
94 71
94 83
94 91
94 107
94 109
94 113
94 119
94 140
94 156
94 176
94 182
94 184
94 201
94 212
94 216
94 219
94 220
94 232
94 242
94 264
94 284
94 293
94 300
94 317
94 342
94 344
94 444
95 512
95 558
95 12
95 20
95 27
95 37
95 44
95 54
95 57
95 73
95 79
95 99
95 102
95 115
95 118
95 126
95 139
95 145
95 147
95 154
95 166
95 177
95 186
95 200
95 205
95 228
95 250
95 259
95 268
95 274
95 288
95 296
95 324
95 325
95 327
95 346
95 445
96 505
96 517
96 580
96 5
96 8
96 9
96 12
96 14
96 21
96 30
96 46
96 49
96 56
96 83
96 132
96 136
96 138
96 169
96 183
96 199
96 211
96 216
96 240
96 245
96 252
96 256
96 270
96 284
96 287
96 294
96 295
96 302
96 309
96 317
96 319
96 334
96 342
96 446
97 354
97 468
97 556
97 575
97 3
97 16
97 41
97 152
97 154
97 157
97 158
97 165
97 170
97 178
97 190
97 195
97 204
97 211
97 214
97 218
97 223
97 234
97 249
97 253
97 261
97 265
97 272
97 282
97 293
97 329
97 447
98 368
98 426
98 457
98 496
98 508
98 573
98 3
98 7
98 13
98 32
98 59
98 60
98 65
98 72
98 85
98 88
98 92
98 116
98 123
98 128
98 172
98 181
98 189
98 191
98 194
98 208
98 212
98 254
98 256
98 257
98 261
98 262
98 276
98 299
98 305
98 317
98 318
98 319
98 328
98 335
98 448
99 502
99 523
99 22
99 28
99 29
99 30
99 34
99 37
99 70
99 72
99 73
99 74
99 78
99 95
99 103
99 150
99 153
99 163
99 167
99 169
99 181
99 199
99 226
99 229
99 239
99 246
99 261
99 284
99 296
99 307
99 320
99 321
99 449
100 388
100 389
100 414
100 675
100 0
100 32
100 51
100 65
100 66
100 72
100 76
100 103
100 110
100 113
100 129
100 145
100 147
100 178
100 195
100 211
100 243
100 247
100 255
100 283
100 293
100 295
100 322
100 328
100 450
101 447
101 655
101 11
101 15
101 20
101 21
101 27
101 29
101 36
101 42
101 61
101 72
101 87
101 111
101 116
101 126
101 137
101 146
101 166
101 178
101 179
101 192
101 194
101 197
101 206
101 209
101 226
101 271
101 277
101 288
101 293
101 312
101 317
101 451
102 538
102 541
102 1
102 3
102 31
102 39
102 54
102 62
102 75
102 95
102 111
102 131
102 132
102 138
102 153
102 172
102 177
102 180
102 194
102 207
102 216
102 217
102 222
102 223
102 226
102 234
102 242
102 262
102 264
102 265
102 270
102 273
102 278
102 289
102 294
102 297
102 308
102 316
102 332
102 335
102 452
103 394
103 411
103 525
103 526
103 577
103 679
103 15
103 32
103 67
103 75
103 77
103 83
103 88
103 89
103 90
103 99
103 100
103 127
103 154
103 155
103 159
103 188
103 191
103 236
103 238
103 240
103 245
103 266
103 280
103 329
103 346
103 453
104 572
104 0
104 8
104 22
104 60
104 74
104 77
104 80
104 177
104 190
104 212
104 217
104 222
104 225
104 231
104 238
104 244
104 248
104 250
104 296
104 313
104 319
104 324
104 327
104 454
105 358
105 395
105 425
105 543
105 607
105 642
105 660
105 687
105 4
105 22
105 34
105 40
105 47
105 51
105 52
105 54
105 63
105 67
105 68
105 73
105 86
105 143
105 177
105 225
105 247
105 257
105 294
105 300
105 312
105 328
105 342
105 455
106 406
106 434
106 3
106 26
106 29
106 51
106 58
106 60
106 72
106 79
106 134
106 145
106 152
106 171
106 179
106 184
106 185
106 216
106 222
106 230
106 255
106 275
106 288
106 296
106 305
106 309
106 330
106 339
106 343
106 456
107 396
107 493
107 2
107 13
107 21
107 29
107 38
107 60
107 65
107 69
107 94
107 110
107 126
107 128
107 150
107 154
107 167
107 184
107 208
107 218
107 221
107 227
107 259
107 269
107 278
107 280
107 282
107 287
107 293
107 325
107 336
107 457
108 422
108 439
108 484
108 497
108 536
108 645
108 3
108 36
108 41
108 61
108 67
108 77
108 81
108 85
108 133
108 169
108 172
108 179
108 182
108 199
108 215
108 218
108 225
108 230
108 236
108 247
108 250
108 261
108 268
108 277
108 293
108 308
108 311
108 315
108 320
108 328
108 341
108 458
109 486
109 541
109 21
109 47
109 49
109 85
109 89
109 94
109 114
109 120
109 135
109 138
109 155
109 181
109 197
109 211
109 223
109 229
109 231
109 247
109 252
109 273
109 283
109 287
109 289
109 317
109 326
109 331
109 343
109 459
110 367
110 475
110 582
110 11
110 50
110 54
110 70
110 74
110 84
110 88
110 100
110 107
110 113
110 115
110 132
110 135
110 166
110 173
110 244
110 254
110 277
110 283
110 289
110 293
110 296
110 339
110 460
111 494
111 533
111 572
111 617
111 696
111 15
111 53
111 61
111 63
111 65
111 74
111 79
111 87
111 101
111 102
111 112
111 115
111 125
111 131
111 133
111 138
111 143
111 168
111 171
111 176
111 190
111 198
111 204
111 206
111 207
111 215
111 219
111 244
111 257
111 263
111 266
111 290
111 301
111 306
111 309
111 320
111 324
111 327
111 461
112 403
112 431
112 444
112 576
112 22
112 43
112 61
112 73
112 74
112 78
112 111
112 129
112 153
112 169
112 203
112 209
112 238
112 241
112 254
112 313
112 462
113 449
113 536
113 570
113 644
113 650
113 15
113 51
113 53
113 54
113 92
113 94
113 100
113 110
113 134
113 136
113 142
113 148
113 188
113 194
113 217
113 228
113 242
113 245
113 268
113 297
113 298
113 314
113 337
113 347
113 463
114 377
114 582
114 583
114 588
114 602
114 18
114 20
114 23
114 44
114 60
114 64
114 73
114 90
114 109
114 122
114 124
114 125
114 126
114 131
114 137
114 144
114 151
114 171
114 180
114 185
114 186
114 187
114 189
114 198
114 223
114 252
114 254
114 258
114 259
114 260
114 268
114 272
114 296
114 313
114 319
114 335
114 345
114 464
115 372
115 388
115 512
115 563
115 648
115 2
115 29
115 34
115 44
115 47
115 57
115 58
115 62
115 63
115 64
115 70
115 75
115 93
115 95
115 110
115 111
115 117
115 122
115 126
115 131
115 137
115 138
115 179
115 202
115 211
115 218
115 222
115 226
115 261
115 274
115 288
115 465
116 631
116 8
116 12
116 15
116 17
116 60
116 70
116 86
116 98
116 101
116 120
116 131
116 150
116 151
116 167
116 168
116 177
116 180
116 210
116 252
116 261
116 268
116 274
116 285
116 298
116 330
116 339
116 466
117 438
117 459
117 537
117 4
117 32
117 42
117 66
117 70
117 92
117 115
117 134
117 153
117 154
117 161
117 181
117 186
117 251
117 277
117 281
117 299
117 302
117 322
117 324
117 467
118 436
118 657
118 697
118 27
118 37
118 47
118 50
118 56
118 72
118 76
118 88
118 93
118 95
118 125
118 160
118 187
118 210
118 230
118 237
118 258
118 271
118 286
118 289
118 293
118 332
118 342
118 347
118 468
119 355
119 407
119 439
119 527
119 602
119 0
119 1
119 3
119 4
119 9
119 26
119 29
119 68
119 72
119 89
119 93
119 94
119 122
119 150
119 152
119 153
119 164
119 169
119 216
119 239
119 246
119 259
119 272
119 277
119 295
119 307
119 332
119 343
119 348
119 349
119 469
120 379
120 432
120 651
120 659
120 25
120 33
120 45
120 86
120 90
120 91
120 92
120 109
120 116
120 148
120 156
120 204
120 222
120 238
120 266
120 268
120 278
120 279
120 280
120 283
120 310
120 334
120 348
120 470
121 469
121 530
121 580
121 639
121 687
121 698
121 2
121 35
121 36
121 75
121 89
121 124
121 126
121 140
121 146
121 154
121 157
121 168
121 180
121 189
121 190
121 205
121 272
121 295
121 302
121 305
121 339
121 471
122 485
122 1
122 56
122 59
122 85
122 114
122 115
122 119
122 147
122 154
122 169
122 177
122 219
122 230
122 248
122 249
122 256
122 259
122 271
122 272
122 276
122 278
122 279
122 286
122 290
122 294
122 297
122 304
122 341
122 472
123 373
123 435
123 445
123 594
123 662
123 11
123 15
123 40
123 47
123 69
123 83
123 90
123 91
123 98
123 130
123 137
123 138
123 154
123 169
123 183
123 185
123 201
123 207
123 226
123 227
123 234
123 235
123 236
123 239
123 251
123 255
123 256
123 263
123 266
123 271
123 299
123 302
123 312
123 322
123 328
123 331
123 332
123 473
124 388
124 413
124 691
124 692
124 12
124 66
124 76
124 114
124 121
124 128
124 154
124 166
124 169
124 199
124 200
124 201
124 204
124 219
124 228
124 229
124 231
124 246
124 259
124 262
124 271
124 303
124 304
124 314
124 326
124 332
124 348
124 474
125 542
125 29
125 61
125 72
125 74
125 83
125 90
125 111
125 114
125 118
125 142
125 144
125 145
125 156
125 202
125 207
125 223
125 244
125 253
125 255
125 270
125 312
125 322
125 342
125 475
126 359
126 692
126 5
126 13
126 20
126 34
126 56
126 63
126 95
126 101
126 107
126 114
126 115
126 121
126 135
126 154
126 155
126 159
126 162
126 172
126 186
126 195
126 204
126 206
126 221
126 223
126 229
126 233
126 246
126 279
126 287
126 292
126 303
126 317
126 332
126 336
126 476
127 372
127 570
127 1
127 14
127 15
127 18
127 24
127 27
127 43
127 46
127 70
127 73
127 79
127 103
127 134
127 135
127 141
127 150
127 151
127 194
127 199
127 200
127 219
127 224
127 241
127 252
127 254
127 259
127 281
127 286
127 327
127 477
128 625
128 6
128 25
128 37
128 66
128 68
128 80
128 88
128 98
128 107
128 124
128 183
128 184
128 187
128 193
128 229
128 250
128 265
128 277
128 291
128 301
128 343
128 478
129 432
129 484
129 11
129 14
129 28
129 43
129 44
129 74
129 85
129 100
129 112
129 131
129 150
129 175
129 176
129 188
129 194
129 208
129 220
129 225
129 258
129 281
129 285
129 302
129 308
129 311
129 312
129 321
129 325
129 336
129 339
129 342
129 479
130 568
130 680
130 683
130 1
130 8
130 14
130 64
130 69
130 73
130 87
130 123
130 141
130 148
130 155
130 156
130 173
130 174
130 180
130 184
130 188
130 201
130 216
130 217
130 233
130 244
130 245
130 252
130 254
130 260
130 294
130 342
130 348
130 480
131 429
131 532
131 6
131 9
131 18
131 28
131 41
131 64
131 102
131 111
131 114
131 115
131 116
131 129
131 137
131 173
131 194
131 234
131 241
131 259
131 293
131 332
131 348
131 481
132 398
132 401
132 408
132 498
132 624
132 10
132 13
132 21
132 30
132 34
132 54
132 59
132 60
132 76
132 89
132 96
132 102
132 110
132 153
132 154
132 194
132 200
132 212
132 252
132 286
132 297
132 302
132 309
132 320
132 326
132 482
133 379
133 424
133 435
133 601
133 667
133 1
133 26
133 30
133 38
133 52
133 53
133 60
133 74
133 80
133 85
133 90
133 108
133 111
133 137
133 142
133 150
133 185
133 194
133 207
133 249
133 263
133 289
133 311
133 326
133 330
133 344
133 483
134 385
134 452
134 462
134 473
134 61
134 64
134 67
134 72
134 106
134 113
134 117
134 127
134 140
134 157
134 158
134 161
134 180
134 197
134 225
134 228
134 242
134 292
134 299
134 300
134 484
135 357
135 468
135 495
135 521
135 562
135 594
135 669
135 19
135 51
135 65
135 75
135 82
135 84
135 109
135 110
135 126
135 127
135 149
135 153
135 157
135 169
135 171
135 208
135 221
135 235
135 243
135 249
135 262
135 264
135 278
135 283
135 296
135 308
135 317
135 321
135 325
135 485
136 400
136 564
136 576
136 14
136 18
136 21
136 48
136 52
136 55
136 68
136 70
136 73
136 82
136 89
136 92
136 96
136 113
136 137
136 152
136 203
136 207
136 209
136 211
136 228
136 230
136 231
136 236
136 237
136 268
136 272
136 279
136 486
137 358
137 502
137 581
137 661
137 689
137 2
137 18
137 36
137 62
137 69
137 75
137 87
137 93
137 101
137 114
137 115
137 123
137 131
137 133
137 136
137 145
137 146
137 153
137 163
137 177
137 187
137 203
137 230
137 238
137 246
137 247
137 249
137 251
137 259
137 260
137 270
137 308
137 312
137 327
137 332
137 348
137 487
138 434
138 471
138 625
138 22
138 30
138 69
138 71
138 87
138 89
138 96
138 102
138 109
138 111
138 115
138 123
138 139
138 142
138 149
138 152
138 157
138 168
138 171
138 182
138 206
138 214
138 230
138 240
138 257
138 261
138 274
138 279
138 308
138 313
138 318
138 326
138 331
138 332
138 488
139 417
139 578
139 615
139 56
139 63
139 64
139 91
139 95
139 138
139 148
139 159
139 184
139 187
139 207
139 210
139 217
139 229
139 233
139 243
139 245
139 263
139 265
139 275
139 276
139 284
139 290
139 293
139 295
139 305
139 327
139 332
139 489
140 386
140 615
140 693
140 15
140 22
140 24
140 28
140 30
140 51
140 52
140 53
140 76
140 81
140 88
140 94
140 121
140 134
140 143
140 149
140 155
140 168
140 189
140 233
140 234
140 248
140 266
140 270
140 296
140 300
140 314
140 322
140 490
141 631
141 6
141 27
141 40
141 41
141 43
141 45
141 48
141 49
141 53
141 66
141 83
141 127
141 130
141 175
141 178
141 193
141 202
141 206
141 216
141 244
141 248
141 291
141 311
141 324
141 331
141 333
141 341
141 491
142 384
142 2
142 25
142 29
142 38
142 39
142 45
142 52
142 63
142 73
142 76
142 92
142 113
142 125
142 133
142 138
142 144
142 164
142 165
142 210
142 259
142 263
142 264
142 269
142 278
142 288
142 296
142 301
142 310
142 315
142 340
142 492
143 365
143 542
143 565
143 613
143 667
143 22
143 42
143 62
143 66
143 70
143 105
143 111
143 140
143 151
143 165
143 187
143 198
143 211
143 229
143 244
143 259
143 264
143 268
143 274
143 277
143 294
143 303
143 306
143 315
143 321
143 343
143 349
143 493
144 646
144 621
144 19
144 21
144 36
144 38
144 51
144 53
144 63
144 64
144 68
144 75
144 114
144 125
144 142
144 147
144 186
144 204
144 215
144 219
144 221
144 222
144 224
144 243
144 258
144 266
144 281
144 294
144 297
144 313
144 323
144 494
145 430
145 493
145 502
145 520
145 594
145 596
145 673
145 14
145 38
145 47
145 63
145 72
145 81
145 95
145 100
145 106
145 125
145 137
145 153
145 163
145 165
145 176
145 181
145 190
145 196
145 206
145 233
145 242
145 252
145 254
145 272
145 299
145 326
145 344
145 347
145 495
146 429
146 582
146 22
146 36
146 43
146 52
146 57
146 80
146 92
146 101
146 121
146 137
146 180
146 200
146 202
146 208
146 211
146 219
146 241
146 290
146 305
146 319
146 347
146 496
147 371
147 415
147 688
147 10
147 11
147 17
147 21
147 27
147 31
147 41
147 49
147 61
147 78
147 93
147 95
147 100
147 122
147 144
147 152
147 166
147 179
147 185
147 186
147 220
147 239
147 277
147 281
147 303
147 304
147 305
147 330
147 334
147 341
147 342
147 348
147 497
148 463
148 648
148 25
148 30
148 46
148 50
148 60
148 61
148 81
148 113
148 120
148 130
148 139
148 149
148 174
148 201
148 205
148 223
148 238
148 245
148 251
148 254
148 260
148 262
148 265
148 280
148 286
148 289
148 335
148 344
148 346
148 349
148 498
149 624
149 679
149 680
149 2
149 4
149 13
149 14
149 17
149 22
149 36
149 40
149 41
149 43
149 46
149 80
149 91
149 135
149 138
149 140
149 148
149 158
149 174
149 179
149 184
149 213
149 225
149 230
149 253
149 263
149 265
149 266
149 267
149 282
149 289
149 292
149 300
149 306
149 338
149 343
149 348
149 499
150 396
150 471
150 543
150 613
150 619
150 640
150 2
150 7
150 30
150 36
150 46
150 56
150 99
150 107
150 116
150 119
150 127
150 129
150 133
150 209
150 220
150 235
150 236
150 253
150 278
150 348
150 500
151 371
151 548
151 559
151 1
151 41
151 53
151 76
151 85
151 114
151 116
151 127
151 143
151 162
151 163
151 174
151 178
151 192
151 214
151 226
151 232
151 240
151 252
151 263
151 272
151 281
151 301
151 324
151 336
151 501
152 408
152 452
152 482
152 538
152 547
152 693
152 3
152 10
152 11
152 22
152 25
152 28
152 29
152 33
152 36
152 37
152 38
152 45
152 64
152 77
152 78
152 97
152 106
152 119
152 136
152 138
152 147
152 166
152 175
152 177
152 200
152 211
152 223
152 224
152 239
152 243
152 253
152 258
152 260
152 263
152 269
152 281
152 310
152 322
152 338
152 341
152 502
153 360
153 415
153 445
153 652
153 10
153 17
153 22
153 25
153 29
153 44
153 49
153 51
153 86
153 89
153 93
153 99
153 102
153 112
153 117
153 119
153 132
153 135
153 137
153 145
153 154
153 165
153 197
153 216
153 221
153 242
153 252
153 258
153 259
153 261
153 278
153 292
153 293
153 298
153 309
153 317
153 320
153 323
153 343
153 503
154 409
154 488
154 552
154 563
154 623
154 695
154 7
154 15
154 28
154 33
154 43
154 65
154 73
154 78
154 80
154 95
154 97
154 103
154 107
154 117
154 121
154 122
154 123
154 124
154 126
154 132
154 153
154 189
154 204
154 213
154 223
154 225
154 239
154 240
154 261
154 262
154 277
154 300
154 304
154 309
154 311
154 319
154 329
154 349
154 504
155 627
155 7
155 46
155 49
155 53
155 55
155 85
155 90
155 103
155 109
155 126
155 130
155 140
155 158
155 170
155 172
155 190
155 196
155 204
155 214
155 242
155 314
155 338
155 505
156 628
156 1
156 7
156 14
156 28
156 33
156 38
156 49
156 53
156 62
156 64
156 94
156 120
156 125
156 130
156 159
156 161
156 165
156 205
156 216
156 219
156 231
156 233
156 250
156 253
156 294
156 308
156 321
156 338
156 506
157 358
157 368
157 454
157 9
157 12
157 36
157 51
157 64
157 75
157 89
157 97
157 121
157 134
157 135
157 138
157 163
157 168
157 180
157 185
157 190
157 237
157 244
157 262
157 287
157 303
157 338
157 507
158 479
158 623
158 693
158 8
158 10
158 13
158 21
158 31
158 37
158 46
158 51
158 57
158 58
158 62
158 68
158 74
158 75
158 82
158 97
158 134
158 149
158 155
158 177
158 182
158 194
158 199
158 206
158 220
158 221
158 228
158 267
158 268
158 273
158 279
158 309
158 313
158 508
159 511
159 552
159 557
159 573
159 629
159 36
159 37
159 46
159 49
159 72
159 87
159 103
159 126
159 139
159 156
159 197
159 205
159 213
159 238
159 269
159 275
159 280
159 285
159 292
159 315
159 323
159 344
159 345
159 347
159 509
160 400
160 11
160 19
160 21
160 25
160 27
160 59
160 64
160 92
160 118
160 171
160 193
160 201
160 204
160 214
160 216
160 230
160 234
160 246
160 247
160 254
160 282
160 296
160 299
160 301
160 325
160 327
160 333
160 334
160 510
161 374
161 450
161 5
161 25
161 28
161 50
161 52
161 54
161 117
161 134
161 156
161 165
161 177
161 179
161 187
161 203
161 241
161 253
161 254
161 270
161 271
161 274
161 275
161 308
161 328
161 334
161 511
162 606
162 661
162 2
162 5
162 59
162 71
162 81
162 82
162 83
162 90
162 126
162 151
162 176
162 200
162 213
162 225
162 226
162 234
162 260
162 261
162 263
162 291
162 292
162 294
162 295
162 309
162 316
162 343
162 344
162 345
162 512
163 434
163 561
163 567
163 2
163 22
163 23
163 34
163 41
163 51
163 57
163 70
163 75
163 80
163 99
163 137
163 145
163 151
163 157
163 168
163 208
163 212
163 213
163 230
163 232
163 308
163 513
164 474
164 493
164 562
164 615
164 11
164 17
164 24
164 52
164 65
164 76
164 119
164 142
164 182
164 194
164 195
164 198
164 203
164 211
164 235
164 236
164 248
164 252
164 253
164 261
164 282
164 299
164 310
164 317
164 328
164 332
164 334
164 514
165 446
165 695
165 14
165 56
165 59
165 65
165 70
165 79
165 97
165 142
165 143
165 145
165 153
165 156
165 161
165 199
165 204
165 220
165 221
165 222
165 228
165 237
165 257
165 261
165 281
165 307
165 309
165 326
165 337
165 345
165 515
166 515
166 9
166 25
166 30
166 36
166 45
166 67
166 95
166 101
166 110
166 124
166 147
166 152
166 176
166 178
166 184
166 217
166 227
166 230
166 245
166 248
166 261
166 263
166 341
166 516
167 383
167 429
167 443
167 516
167 4
167 37
167 41
167 46
167 58
167 72
167 79
167 81
167 84
167 99
167 107
167 116
167 180
167 224
167 234
167 244
167 245
167 249
167 257
167 262
167 263
167 273
167 276
167 278
167 296
167 308
167 324
167 334
167 336
167 517
168 523
168 592
168 3
168 13
168 32
168 59
168 65
168 72
168 80
168 111
168 116
168 121
168 138
168 140
168 157
168 163
168 179
168 187
168 189
168 194
168 196
168 201
168 222
168 228
168 231
168 239
168 253
168 265
168 297
168 318
168 321
168 322
168 335
168 518
169 491
169 612
169 615
169 629
169 680
169 8
169 16
169 18
169 25
169 30
169 36
169 40
169 65
169 88
169 96
169 99
169 108
169 112
169 119
169 122
169 123
169 124
169 135
169 178
169 182
169 187
169 197
169 203
169 211
169 215
169 217
169 218
169 254
169 264
169 275
169 300
169 310
169 336
169 344
169 348
169 519
170 358
170 361
170 397
170 408
170 551
170 565
170 12
170 22
170 26
170 43
170 47
170 67
170 71
170 81
170 85
170 90
170 97
170 155
170 180
170 185
170 186
170 204
170 224
170 225
170 261
170 270
170 288
170 296
170 300
170 333
170 336
170 339
170 520
171 657
171 4
171 9
171 11
171 30
171 39
171 66
171 77
171 106
171 111
171 114
171 135
171 138
171 160
171 176
171 185
171 195
171 212
171 230
171 233
171 259
171 274
171 280
171 285
171 289
171 301
171 325
171 334
171 521
172 416
172 446
172 27
172 30
172 48
172 69
172 75
172 79
172 98
172 102
172 108
172 126
172 155
172 184
172 189
172 197
172 210
172 218
172 233
172 275
172 288
172 296
172 305
172 315
172 335
172 338
172 339
172 344
172 522
173 357
173 371
173 476
173 533
173 24
173 31
173 34
173 57
173 75
173 110
173 130
173 131
173 181
173 185
173 195
173 196
173 214
173 221
173 251
173 257
173 268
173 296
173 312
173 320
173 349
173 523
174 357
174 452
174 578
174 618
174 12
174 23
174 36
174 39
174 43
174 52
174 59
174 62
174 63
174 66
174 69
174 130
174 148
174 149
174 151
174 178
174 183
174 213
174 217
174 224
174 265
174 273
174 285
174 348
174 524
175 365
175 392
175 430
175 478
175 573
175 616
175 9
175 15
175 26
175 47
175 129
175 141
175 152
175 176
175 184
175 209
175 252
175 277
175 281
175 301
175 311
175 332
175 333
175 525
176 452
176 564
176 0
176 5
176 21
176 23
176 24
176 50
176 51
176 73
176 88
176 94
176 111
176 129
176 145
176 162
176 166
176 171
176 175
176 184
176 192
176 204
176 221
176 224
176 225
176 241
176 242
176 248
176 270
176 276
176 283
176 308
176 314
176 329
176 339
176 345
176 526
177 482
177 568
177 615
177 642
177 8
177 30
177 31
177 32
177 36
177 37
177 49
177 52
177 56
177 71
177 74
177 83
177 95
177 102
177 104
177 105
177 116
177 122
177 137
177 152
177 158
177 161
177 190
177 203
177 215
177 218
177 221
177 225
177 237
177 258
177 265
177 274
177 286
177 287
177 289
177 298
177 325
177 326
177 346
177 527
178 442
178 548
178 17
178 97
178 100
178 101
178 141
178 151
178 166
178 169
178 174
178 179
178 182
178 200
178 201
178 232
178 239
178 248
178 251
178 277
178 285
178 299
178 306
178 328
178 339
178 342
178 346
178 528
179 383
179 436
179 489
179 509
179 567
179 639
179 11
179 44
179 67
179 75
179 81
179 85
179 91
179 101
179 106
179 108
179 115
179 147
179 149
179 161
179 168
179 178
179 181
179 188
179 193
179 196
179 203
179 211
179 270
179 272
179 274
179 284
179 290
179 308
179 309
179 317
179 347
179 529
180 402
180 670
180 679
180 32
180 44
180 76
180 102
180 114
180 116
180 121
180 130
180 134
180 146
180 157
180 167
180 170
180 181
180 185
180 205
180 220
180 230
180 235
180 242
180 256
180 258
180 272
180 287
180 291
180 292
180 303
180 313
180 331
180 334
180 344
180 530
181 398
181 586
181 1
181 12
181 16
181 19
181 23
181 30
181 31
181 57
181 70
181 88
181 98
181 99
181 109
181 117
181 145
181 173
181 179
181 180
181 201
181 207
181 230
181 231
181 255
181 257
181 292
181 297
181 306
181 332
181 531
182 555
182 634
182 698
182 1
182 4
182 13
182 42
182 43
182 44
182 54
182 55
182 65
182 77
182 88
182 92
182 93
182 94
182 108
182 138
182 158
182 164
182 169
182 178
182 201
182 236
182 255
182 264
182 272
182 291
182 297
182 298
182 301
182 309
182 310
182 316
182 333
182 343
182 532
183 397
183 506
183 541
183 657
183 679
183 35
183 39
183 86
183 96
183 123
183 128
183 174
183 197
183 209
183 212
183 256
183 264
183 273
183 275
183 284
183 298
183 321
183 341
183 533
184 352
184 438
184 501
184 597
184 32
184 47
184 50
184 60
184 91
184 94
184 106
184 107
184 128
184 130
184 139
184 149
184 166
184 172
184 175
184 176
184 195
184 206
184 230
184 234
184 240
184 293
184 301
184 327
184 340
184 534
185 464
185 492
185 495
185 533
185 614
185 0
185 29
185 36
185 43
185 52
185 56
185 73
185 91
185 106
185 114
185 123
185 133
185 147
185 157
185 170
185 171
185 173
185 180
185 191
185 212
185 213
185 235
185 237
185 240
185 242
185 262
185 266
185 268
185 271
185 279
185 281
185 289
185 299
185 304
185 535
186 374
186 392
186 521
186 595
186 8
186 13
186 21
186 22
186 56
186 83
186 95
186 114
186 117
186 126
186 144
186 147
186 170
186 191
186 219
186 222
186 233
186 241
186 263
186 276
186 300
186 301
186 307
186 309
186 329
186 335
186 344
186 536
187 411
187 451
187 587
187 5
187 6
187 46
187 58
187 59
187 70
187 78
187 91
187 114
187 118
187 128
187 137
187 139
187 143
187 161
187 168
187 169
187 196
187 205
187 212
187 217
187 225
187 229
187 239
187 247
187 248
187 287
187 291
187 305
187 331
187 343
187 346
187 537
188 555
188 15
188 17
188 40
188 67
188 79
188 103
188 113
188 129
188 130
188 179
188 191
188 202
188 222
188 223
188 224
188 245
188 262
188 269
188 281
188 283
188 287
188 289
188 295
188 299
188 309
188 316
188 538
189 445
189 548
189 563
189 634
189 666
189 6
189 54
189 70
189 98
189 114
189 121
189 140
189 154
189 168
189 172
189 193
189 202
189 206
189 213
189 214
189 229
189 237
189 244
189 292
189 303
189 305
189 308
189 311
189 322
189 323
189 332
189 334
189 341
189 539
190 499
190 539
190 552
190 595
190 48
190 49
190 56
190 61
190 67
190 72
190 76
190 89
190 97
190 104
190 111
190 121
190 145
190 155
190 157
190 177
190 219
190 226
190 237
190 238
190 248
190 258
190 259
190 264
190 274
190 304
190 317
190 322
190 324
190 328
190 346
190 540
191 432
191 567
191 6
191 12
191 15
191 28
191 30
191 41
191 45
191 49
191 70
191 83
191 87
191 92
191 98
191 103
191 185
191 186
191 188
191 266
191 269
191 274
191 283
191 289
191 319
191 325
191 338
191 349
191 541
192 514
192 14
192 21
192 30
192 35
192 36
192 53
192 54
192 77
192 79
192 89
192 101
192 151
192 176
192 200
192 202
192 210
192 214
192 221
192 222
192 234
192 240
192 279
192 295
192 310
192 338
192 340
192 341
192 542
193 354
193 486
193 660
193 9
193 17
193 20
193 25
193 29
193 31
193 56
193 59
193 92
193 128
193 141
193 160
193 179
193 189
193 202
193 212
193 268
193 269
193 295
193 296
193 307
193 321
193 330
193 333
193 339
193 340
193 343
193 543
194 365
194 436
194 546
194 559
194 1
194 17
194 54
194 58
194 68
194 85
194 90
194 98
194 101
194 102
194 113
194 127
194 129
194 131
194 132
194 133
194 158
194 164
194 168
194 196
194 230
194 231
194 255
194 267
194 271
194 285
194 290
194 328
194 348
194 544
195 381
195 402
195 422
195 432
195 580
195 639
195 671
195 689
195 18
195 33
195 46
195 60
195 84
195 93
195 97
195 100
195 126
195 164
195 171
195 173
195 184
195 199
195 208
195 211
195 221
195 250
195 252
195 256
195 285
195 286
195 303
195 311
195 312
195 325
195 328
195 338
195 344
195 347
195 545
196 605
196 611
196 7
196 56
196 58
196 59
196 68
196 80
196 91
196 145
196 155
196 168
196 173
196 179
196 187
196 194
196 210
196 237
196 248
196 274
196 284
196 308
196 320
196 343
196 546
197 371
197 381
197 427
197 0
197 56
197 66
197 73
197 82
197 101
197 109
197 134
197 153
197 159
197 169
197 172
197 183
197 215
197 222
197 225
197 238
197 255
197 282
197 291
197 298
197 320
197 547
198 386
198 541
198 613
198 686
198 0
198 22
198 28
198 35
198 46
198 71
198 85
198 111
198 114
198 143
198 164
198 205
198 219
198 227
198 260
198 280
198 310
198 328
198 330
198 548
199 502
199 504
199 643
199 13
199 41
199 43
199 44
199 49
199 50
199 54
199 69
199 75
199 87
199 96
199 99
199 108
199 124
199 127
199 158
199 165
199 195
199 201
199 215
199 236
199 263
199 284
199 297
199 302
199 306
199 311
199 323
199 325
199 328
199 345
199 549
200 532
200 14
200 39
200 52
200 62
200 91
200 95
200 124
200 127
200 132
200 146
200 152
200 162
200 178
200 192
200 208
200 211
200 228
200 229
200 264
200 273
200 275
200 313
200 323
200 336
200 344
200 348
200 550
201 366
201 387
201 408
201 446
201 699
201 8
201 9
201 38
201 87
201 94
201 123
201 124
201 130
201 148
201 160
201 168
201 178
201 181
201 182
201 199
201 232
201 246
201 251
201 265
201 278
201 290
201 292
201 307
201 316
201 326
201 336
201 551
202 503
202 533
202 0
202 17
202 24
202 32
202 38
202 86
202 88
202 115
202 125
202 141
202 146
202 188
202 189
202 192
202 193
202 216
202 224
202 246
202 263
202 312
202 314
202 317
202 344
202 348
202 552
203 355
203 461
203 468
203 577
203 686
203 31
203 43
203 52
203 67
203 70
203 112
203 136
203 137
203 161
203 164
203 169
203 177
203 179
203 271
203 298
203 302
203 345
203 553
204 651
204 0
204 2
204 15
204 34
204 49
204 50
204 55
204 60
204 64
204 68
204 72
204 89
204 97
204 111
204 120
204 124
204 126
204 144
204 154
204 155
204 160
204 165
204 170
204 176
204 214
204 223
204 229
204 232
204 288
204 294
204 313
204 342
204 554
205 404
205 437
205 501
205 553
205 602
205 616
205 48
205 49
205 80
205 85
205 95
205 121
205 148
205 156
205 159
205 180
205 187
205 198
205 208
205 218
205 233
205 235
205 246
205 254
205 255
205 273
205 274
205 276
205 279
205 309
205 314
205 341
205 555
206 384
206 623
206 670
206 687
206 698
206 1
206 4
206 42
206 72
206 101
206 111
206 126
206 138
206 141
206 145
206 158
206 184
206 189
206 208
206 228
206 261
206 275
206 284
206 294
206 556
207 388
207 472
207 640
207 2
207 14
207 23
207 87
207 88
207 102
207 111
207 123
207 125
207 133
207 136
207 139
207 181
207 216
207 217
207 291
207 300
207 305
207 324
207 325
207 342
207 349
207 557
208 548
208 629
208 5
208 41
208 42
208 43
208 62
208 64
208 75
208 76
208 79
208 82
208 98
208 107
208 129
208 135
208 146
208 163
208 195
208 200
208 205
208 206
208 215
208 228
208 240
208 245
208 261
208 272
208 273
208 318
208 326
208 337
208 558
209 559
209 573
209 16
209 61
209 93
209 101
209 112
209 136
209 150
209 175
209 183
209 227
209 230
209 241
209 253
209 263
209 285
209 295
209 319
209 324
209 328
209 349
210 357
210 411
210 475
210 513
210 663
210 9
210 30
210 64
210 66
210 68
210 76
210 91
210 93
210 116
210 118
210 139
210 142
210 172
210 192
210 196
210 212
210 216
210 221
210 251
210 253
210 255
210 259
210 273
210 275
210 285
210 286
210 290
210 291
210 293
210 318
210 321
210 327
210 331
210 560
211 383
211 394
211 410
211 577
211 606
211 610
211 11
211 19
211 33
211 38
211 48
211 96
211 97
211 100
211 109
211 115
211 136
211 143
211 146
211 152
211 164
211 169
211 179
211 195
211 200
211 220
211 229
211 240
211 245
211 251
211 265
211 269
211 278
211 298
211 317
211 322
211 328
211 334
211 341
211 561
212 442
212 459
212 495
212 557
212 611
212 693
212 0
212 4
212 76
212 93
212 94
212 98
212 104
212 132
212 163
212 171
212 183
212 185
212 187
212 193
212 210
212 224
212 238
212 244
212 258
212 264
212 269
212 283
212 296
212 298
212 303
212 323
212 325
212 327
212 336
212 346
212 347
212 562
213 355
213 665
213 0
213 6
213 8
213 11
213 15
213 16
213 90
213 149
213 154
213 159
213 162
213 163
213 174
213 185
213 189
213 216
213 222
213 230
213 258
213 261
213 267
213 282
213 290
213 295
213 300
213 310
213 563
214 388
214 481
214 675
214 680
214 12
214 15
214 33
214 40
214 42
214 45
214 59
214 65
214 67
214 79
214 97
214 138
214 151
214 155
214 160
214 173
214 189
214 192
214 204
214 226
214 238
214 244
214 249
214 252
214 283
214 288
214 297
214 306
214 320
214 325
214 348
214 564
215 492
215 514
215 609
215 12
215 43
215 47
215 55
215 68
215 70
215 86
215 108
215 111
215 144
215 169
215 177
215 197
215 199
215 208
215 254
215 295
215 297
215 299
215 326
215 340
215 565
216 385
216 15
216 25
216 31
216 51
216 55
216 56
216 76
216 93
216 94
216 96
216 102
216 106
216 119
216 130
216 141
216 153
216 156
216 160
216 202
216 207
216 210
216 213
216 218
216 221
216 223
216 224
216 225
216 228
216 232
216 239
216 244
216 255
216 275
216 281
216 291
216 305
216 320
216 328
216 332
216 566
217 423
217 510
217 577
217 608
217 0
217 38
217 54
217 85
217 86
217 102
217 104
217 113
217 130
217 139
217 166
217 169
217 174
217 187
217 207
217 220
217 224
217 228
217 231
217 250
217 302
217 304
217 332
217 334
217 335
217 567
218 355
218 505
218 1
218 12
218 14
218 23
218 26
218 28
218 34
218 35
218 53
218 75
218 76
218 82
218 89
218 97
218 107
218 108
218 115
218 169
218 172
218 177
218 205
218 216
218 219
218 222
218 233
218 237
218 238
218 254
218 292
218 293
218 311
218 331
218 338
218 349
218 568
219 514
219 618
219 6
219 26
219 54
219 57
219 60
219 68
219 71
219 84
219 94
219 111
219 122
219 124
219 127
219 144
219 146
219 156
219 186
219 190
219 198
219 218
219 224
219 226
219 231
219 247
219 259
219 262
219 276
219 280
219 282
219 291
219 303
219 306
219 313
219 316
219 340
219 348
219 569
220 485
220 561
220 562
220 8
220 12
220 45
220 53
220 73
220 77
220 84
220 91
220 93
220 94
220 129
220 147
220 150
220 158
220 165
220 180
220 211
220 217
220 221
220 246
220 250
220 260
220 265
220 270
220 271
220 279
220 305
220 311
220 315
220 327
220 335
220 570
221 381
221 428
221 532
221 566
221 630
221 10
221 13
221 36
221 41
221 70
221 89
221 91
221 107
221 126
221 135
221 144
221 153
221 158
221 165
221 173
221 176
221 177
221 192
221 195
221 210
221 216
221 220
221 234
221 264
221 266
221 278
221 296
221 301
221 306
221 325
221 571
222 424
222 481
222 499
222 45
222 52
222 85
222 93
222 102
222 104
222 106
222 115
222 120
222 144
222 165
222 168
222 186
222 188
222 192
222 197
222 213
222 218
222 233
222 235
222 239
222 267
222 306
222 329
222 572
223 421
223 11
223 17
223 18
223 40
223 64
223 97
223 102
223 109
223 114
223 125
223 126
223 148
223 152
223 154
223 188
223 204
223 216
223 229
223 238
223 245
223 249
223 253
223 263
223 283
223 299
223 305
223 312
223 315
223 320
223 336
223 573
224 360
224 419
224 627
224 697
224 9
224 24
224 26
224 33
224 57
224 64
224 75
224 85
224 87
224 127
224 144
224 152
224 167
224 170
224 174
224 176
224 188
224 202
224 212
224 216
224 217
224 219
224 241
224 243
224 244
224 258
224 260
224 267
224 270
224 277
224 278
224 282
224 300
224 310
224 321
224 336
224 574
225 397
225 613
225 689
225 4
225 8
225 10
225 20
225 21
225 29
225 30
225 50
225 59
225 66
225 88
225 89
225 91
225 104
225 105
225 108
225 129
225 134
225 149
225 154
225 162
225 170
225 176
225 177
225 187
225 197
225 216
225 230
225 234
225 239
225 247
225 278
225 286
225 288
225 295
225 307
225 316
225 319
225 325
225 575
226 656
226 646
226 36
226 53
226 55
226 70
226 72
226 74
226 84
226 88
226 99
226 101
226 102
226 115
226 123
226 151
226 162
226 190
226 214
226 219
226 230
226 233
226 240
226 247
226 278
226 286
226 293
226 297
226 308
226 316
226 330
226 340
226 576
227 413
227 464
227 471
227 540
227 648
227 5
227 11
227 25
227 32
227 41
227 44
227 67
227 89
227 107
227 123
227 166
227 198
227 209
227 229
227 249
227 253
227 272
227 287
227 296
227 307
227 318
227 320
227 341
227 343
227 577
228 505
228 551
228 40
228 55
228 56
228 63
228 66
228 68
228 70
228 95
228 113
228 124
228 134
228 136
228 158
228 165
228 168
228 200
228 206
228 208
228 216
228 217
228 238
228 247
228 255
228 260
228 277
228 284
228 299
228 311
228 319
228 322
228 324
228 331
228 340
228 578
229 424
229 463
229 493
229 519
229 544
229 673
229 698
229 4
229 6
229 12
229 14
229 15
229 26
229 34
229 58
229 72
229 88
229 92
229 99
229 109
229 124
229 126
229 128
229 139
229 143
229 187
229 189
229 200
229 204
229 211
229 223
229 227
229 236
229 272
229 281
229 289
229 308
229 328
229 334
229 344
229 579
230 378
230 477
230 506
230 645
230 681
230 6
230 20
230 31
230 35
230 38
230 39
230 60
230 67
230 72
230 76
230 87
230 89
230 106
230 108
230 118
230 122
230 136
230 137
230 138
230 149
230 160
230 163
230 166
230 171
230 180
230 181
230 184
230 194
230 209
230 213
230 225
230 226
230 239
230 241
230 244
230 252
230 256
230 286
230 299
230 342
230 343
230 580
231 414
231 1
231 25
231 32
231 69
231 80
231 81
231 82
231 92
231 104
231 109
231 124
231 136
231 156
231 168
231 181
231 194
231 217
231 219
231 235
231 240
231 244
231 262
231 276
231 283
231 298
231 305
231 309
231 581
232 461
232 527
232 550
232 650
232 34
232 59
232 71
232 76
232 94
232 151
232 163
232 178
232 201
232 204
232 216
232 242
232 250
232 266
232 270
232 294
232 309
232 332
232 334
232 343
232 582
233 474
233 615
233 674
233 1
233 8
233 10
233 18
233 23
233 38
233 45
233 50
233 59
233 68
233 126
233 130
233 139
233 140
233 145
233 156
233 171
233 172
233 186
233 205
233 218
233 222
233 226
233 234
233 244
233 247
233 257
233 275
233 276
233 278
233 290
233 319
233 322
233 324
233 327
233 333
233 337
233 346
233 583
234 477
234 478
234 498
234 592
234 613
234 626
234 2
234 4
234 6
234 7
234 20
234 41
234 57
234 58
234 63
234 64
234 79
234 86
234 97
234 102
234 123
234 131
234 140
234 160
234 162
234 167
234 184
234 192
234 221
234 225
234 233
234 236
234 237
234 248
234 252
234 278
234 286
234 288
234 290
234 296
234 298
234 301
234 304
234 311
234 326
234 334
234 348
234 349
234 584
235 481
235 490
235 5
235 25
235 27
235 34
235 48
235 86
235 123
235 135
235 150
235 164
235 180
235 185
235 205
235 222
235 231
235 256
235 260
235 273
235 277
235 286
235 290
235 315
235 585
236 407
236 449
236 505
236 649
236 11
236 17
236 19
236 25
236 37
236 43
236 61
236 68
236 73
236 78
236 82
236 87
236 103
236 108
236 123
236 136
236 150
236 164
236 182
236 199
236 229
236 234
236 269
236 301
236 312
236 316
236 337
236 586
237 563
237 575
237 617
237 37
237 41
237 61
237 64
237 65
237 74
237 118
237 136
237 157
237 165
237 177
237 185
237 189
237 190
237 196
237 218
237 234
237 244
237 252
237 255
237 262
237 268
237 274
237 277
237 282
237 298
237 319
237 334
237 340
237 587
238 512
238 622
238 0
238 2
238 7
238 16
238 50
238 76
238 77
238 83
238 103
238 104
238 112
238 120
238 137
238 148
238 159
238 190
238 197
238 212
238 214
238 218
238 223
238 228
238 239
238 240
238 256
238 258
238 281
238 291
238 302
238 322
238 338
238 345
238 349
238 588
239 469
239 600
239 12
239 18
239 29
239 30
239 43
239 48
239 57
239 65
239 80
239 88
239 93
239 99
239 119
239 123
239 147
239 152
239 154
239 168
239 178
239 187
239 216
239 222
239 225
239 230
239 238
239 248
239 261
239 269
239 302
239 307
239 326
239 339
239 589
240 672
240 10
240 12
240 17
240 18
240 26
240 46
240 49
240 67
240 80
240 83
240 96
240 103
240 138
240 151
240 154
240 184
240 185
240 192
240 208
240 211
240 226
240 231
240 238
240 250
240 256
240 264
240 273
240 281
240 285
240 309
240 327
240 329
240 333
240 338
240 349
240 590
241 358
241 451
241 487
241 602
241 612
241 666
241 26
241 28
241 45
241 58
241 77
241 112
241 127
241 131
241 146
241 161
241 176
241 186
241 209
241 224
241 230
241 251
241 253
241 256
241 259
241 281
241 314
241 320
241 321
241 329
241 336
241 337
241 347
241 591
242 402
242 547
242 649
242 11
242 20
242 22
242 32
242 33
242 42
242 48
242 50
242 69
242 77
242 78
242 80
242 94
242 102
242 113
242 134
242 145
242 153
242 155
242 176
242 180
242 185
242 232
242 258
242 261
242 275
242 295
242 312
242 313
242 329
242 333
242 346
242 592
243 606
243 624
243 647
243 15
243 19
243 22
243 38
243 71
243 81
243 100
243 135
243 139
243 144
243 152
243 224
243 251
243 254
243 267
243 273
243 280
243 281
243 297
243 308
243 311
243 313
243 316
243 319
243 325
243 331
243 342
243 593
244 382
244 464
244 481
244 503
244 650
244 5
244 23
244 25
244 50
244 51
244 69
244 70
244 77
244 90
244 104
244 110
244 111
244 125
244 130
244 141
244 143
244 157
244 167
244 189
244 212
244 214
244 216
244 224
244 230
244 231
244 233
244 237
244 249
244 270
244 274
244 282
244 299
244 312
244 316
244 332
244 345
244 594
245 423
245 484
245 501
245 583
245 610
245 615
245 22
245 37
245 42
245 47
245 54
245 59
245 65
245 72
245 96
245 103
245 113
245 130
245 139
245 148
245 166
245 167
245 188
245 208
245 211
245 223
245 251
245 299
245 314
245 319
245 326
245 595
246 428
246 552
246 671
246 673
246 27
246 46
246 87
246 99
246 119
246 124
246 126
246 137
246 160
246 201
246 202
246 205
246 220
246 273
246 282
246 283
246 314
246 324
246 336
246 337
246 340
246 341
246 349
246 596
247 606
247 650
247 18
247 30
247 37
247 51
247 64
247 69
247 76
247 100
247 105
247 108
247 109
247 137
247 160
247 187
247 219
247 225
247 226
247 228
247 233
247 260
247 308
247 322
247 326
247 597
248 398
248 403
248 476
248 586
248 644
248 688
248 10
248 22
248 25
248 52
248 69
248 70
248 77
248 88
248 104
248 122
248 140
248 141
248 164
248 166
248 176
248 178
248 187
248 190
248 196
248 234
248 239
248 250
248 259
248 262
248 265
248 305
248 315
248 323
248 328
248 347
248 598
249 569
249 631
249 7
249 18
249 20
249 26
249 43
249 45
249 63
249 68
249 70
249 76
249 80
249 90
249 97
249 122
249 133
249 135
249 137
249 167
249 214
249 223
249 227
249 244
249 254
249 278
249 306
249 309
249 310
249 334
249 337
249 599
250 394
250 404
250 544
250 603
250 654
250 22
250 35
250 61
250 95
250 104
250 108
250 128
250 156
250 195
250 217
250 220
250 232
250 240
250 248
250 256
250 283
250 288
250 294
250 303
250 316
250 600
251 434
251 449
251 626
251 0
251 9
251 11
251 15
251 19
251 48
251 68
251 70
251 82
251 86
251 117
251 123
251 137
251 148
251 173
251 178
251 201
251 210
251 211
251 241
251 243
251 245
251 252
251 312
251 318
251 319
251 323
251 343
251 601
252 397
252 434
252 446
252 451
252 529
252 620
252 636
252 22
252 30
252 35
252 37
252 38
252 40
252 74
252 82
252 86
252 89
252 96
252 109
252 114
252 116
252 127
252 130
252 132
252 145
252 151
252 153
252 164
252 175
252 195
252 214
252 230
252 234
252 237
252 251
252 265
252 307
252 317
252 329
252 349
252 602
253 377
253 652
253 12
253 63
253 66
253 83
253 97
253 125
253 149
253 150
253 152
253 156
253 161
253 164
253 168
253 209
253 210
253 223
253 227
253 241
253 259
253 260
253 267
253 275
253 279
253 295
253 310
253 330
253 347
253 603
254 402
254 470
254 556
254 561
254 692
254 0
254 13
254 18
254 29
254 30
254 57
254 58
254 59
254 67
254 69
254 98
254 110
254 112
254 114
254 127
254 130
254 145
254 148
254 160
254 161
254 169
254 205
254 215
254 218
254 243
254 249
254 272
254 294
254 317
254 340
254 604
255 356
255 408
255 477
255 671
255 15
255 37
255 38
255 44
255 62
255 68
255 100
255 106
255 123
255 125
255 181
255 182
255 194
255 197
255 205
255 210
255 216
255 228
255 237
255 274
255 276
255 277
255 283
255 296
255 298
255 308
255 333
255 334
255 336
255 605
256 391
256 405
256 440
256 674
256 1
256 12
256 34
256 38
256 51
256 66
256 67
256 96
256 98
256 122
256 123
256 180
256 183
256 195
256 230
256 235
256 238
256 240
256 241
256 250
256 266
256 268
256 295
256 310
256 315
256 340
256 606
257 600
257 639
257 9
257 14
257 20
257 23
257 28
257 34
257 47
257 56
257 68
257 80
257 88
257 92
257 98
257 105
257 111
257 138
257 165
257 167
257 173
257 181
257 233
257 269
257 329
257 333
257 340
257 346
257 607
258 664
258 18
258 21
258 27
258 41
258 44
258 47
258 56
258 58
258 60
258 63
258 76
258 79
258 81
258 114
258 118
258 129
258 144
258 152
258 153
258 177
258 180
258 190
258 212
258 213
258 224
258 238
258 242
258 262
258 266
258 271
258 289
258 313
258 337
258 340
258 608
259 411
259 422
259 466
259 8
259 50
259 58
259 59
259 61
259 70
259 75
259 83
259 95
259 107
259 114
259 119
259 122
259 124
259 127
259 131
259 137
259 142
259 143
259 153
259 171
259 190
259 210
259 219
259 241
259 248
259 253
259 269
259 272
259 281
259 285
259 311
259 328
259 329
259 345
259 346
259 609
260 358
260 594
260 3
260 39
260 53
260 55
260 58
260 61
260 114
260 130
260 137
260 148
260 152
260 162
260 198
260 220
260 224
260 228
260 235
260 247
260 253
260 298
260 309
260 315
260 318
260 327
260 347
260 610
261 639
261 13
261 17
261 37
261 60
261 66
261 67
261 86
261 89
261 91
261 97
261 98
261 99
261 108
261 115
261 116
261 138
261 153
261 154
261 162
261 164
261 165
261 166
261 170
261 206
261 208
261 213
261 239
261 242
261 265
261 276
261 277
261 281
261 305
261 346
261 611
262 397
262 659
262 4
262 29
262 39
262 89
262 92
262 98
262 102
262 124
262 135
262 148
262 154
262 157
262 167
262 185
262 188
262 219
262 231
262 237
262 248
262 258
262 266
262 299
262 310
262 312
262 318
262 328
262 337
262 612
263 504
263 567
263 606
263 8
263 15
263 20
263 24
263 37
263 49
263 62
263 111
263 123
263 133
263 139
263 142
263 149
263 151
263 152
263 162
263 166
263 167
263 186
263 199
263 202
263 209
263 223
263 264
263 329
263 333
263 336
263 613
264 672
264 656
264 376
264 350
264 1
264 2
264 14
264 15
264 44
264 52
264 63
264 70
264 82
264 94
264 102
264 135
264 142
264 143
264 169
264 182
264 183
264 190
264 200
264 212
264 221
264 240
264 263
264 296
264 313
264 314
264 316
264 322
264 323
264 614
265 410
265 416
265 418
265 633
265 655
265 4
265 25
265 47
265 52
265 57
265 64
265 65
265 68
265 97
265 102
265 128
265 139
265 148
265 149
265 168
265 174
265 177
265 201
265 211
265 220
265 248
265 252
265 261
265 287
265 303
265 312
265 322
265 337
265 346
265 615
266 481
266 499
266 551
266 0
266 6
266 13
266 42
266 43
266 76
266 88
266 103
266 111
266 120
266 123
266 140
266 144
266 149
266 185
266 191
266 221
266 232
266 256
266 258
266 262
266 285
266 295
266 323
266 331
266 333
266 347
266 616
267 535
267 0
267 12
267 13
267 19
267 38
267 56
267 65
267 85
267 149
267 158
267 194
267 213
267 222
267 224
267 243
267 253
267 270
267 275
267 276
267 310
267 320
267 333
267 617
268 351
268 475
268 509
268 591
268 2
268 12
268 21
268 23
268 33
268 36
268 49
268 64
268 65
268 74
268 95
268 108
268 113
268 114
268 116
268 120
268 136
268 143
268 158
268 173
268 185
268 193
268 237
268 256
268 290
268 306
268 314
268 318
268 320
268 618
269 449
269 535
269 20
269 51
269 55
269 57
269 62
269 81
269 92
269 93
269 107
269 142
269 152
269 159
269 188
269 191
269 193
269 211
269 212
269 236
269 239
269 257
269 259
269 270
269 277
269 280
269 287
269 306
269 315
269 321
269 336
269 619
270 375
270 386
270 397
270 401
270 408
270 427
270 500
270 544
270 0
270 10
270 11
270 41
270 55
270 64
270 65
270 69
270 73
270 79
270 89
270 96
270 102
270 125
270 137
270 140
270 161
270 170
270 176
270 179
270 220
270 224
270 232
270 244
270 267
270 269
270 280
270 290
270 321
270 330
270 342
270 620
271 399
271 400
271 505
271 547
271 570
271 29
271 49
271 53
271 55
271 59
271 62
271 90
271 101
271 118
271 122
271 123
271 124
271 161
271 185
271 194
271 203
271 220
271 258
271 296
271 305
271 306
271 321
271 329
271 330
271 332
271 337
271 621
272 363
272 369
272 627
272 678
272 14
272 82
272 84
272 93
272 97
272 114
272 119
272 121
272 122
272 136
272 145
272 151
272 179
272 180
272 182
272 208
272 227
272 229
272 254
272 259
272 273
272 293
272 295
272 322
272 329
272 622
273 480
273 506
273 547
273 657
273 698
273 5
273 28
273 29
273 50
273 52
273 67
273 69
273 79
273 102
273 109
273 158
273 167
273 174
273 183
273 200
273 205
273 208
273 210
273 235
273 240
273 243
273 246
273 272
273 275
273 309
273 346
273 623
274 677
274 672
274 390
274 376
274 20
274 24
274 25
274 26
274 29
274 33
274 34
274 65
274 76
274 80
274 93
274 95
274 115
274 116
274 138
274 143
274 161
274 171
274 177
274 179
274 190
274 191
274 196
274 205
274 237
274 244
274 255
274 305
274 327
274 337
274 339
274 624
275 353
275 393
275 667
275 41
275 51
275 57
275 82
275 106
275 139
275 159
275 161
275 169
275 172
275 183
275 200
275 206
275 210
275 216
275 233
275 242
275 253
275 267
275 273
275 298
275 302
275 316
275 625
276 382
276 414
276 496
276 550
276 551
276 559
276 38
276 40
276 42
276 57
276 58
276 63
276 73
276 74
276 98
276 122
276 139
276 167
276 176
276 186
276 205
276 219
276 231
276 233
276 255
276 261
276 267
276 299
276 307
276 311
276 313
276 315
276 323
276 334
276 343
276 346
276 347
276 626
277 508
277 563
277 636
277 648
277 684
277 1
277 22
277 30
277 31
277 83
277 88
277 91
277 101
277 108
277 110
277 117
277 119
277 128
277 143
277 147
277 154
277 175
277 178
277 224
277 228
277 235
277 237
277 255
277 261
277 269
277 290
277 291
277 309
277 311
277 316
277 320
277 330
277 344
277 347
277 348
277 627
278 366
278 592
278 638
278 9
278 10
278 11
278 31
278 51
278 59
278 60
278 65
278 70
278 78
278 102
278 107
278 120
278 122
278 135
278 142
278 150
278 153
278 167
278 201
278 211
278 221
278 224
278 225
278 226
278 233
278 234
278 249
278 280
278 299
278 306
278 311
278 314
278 317
278 319
278 324
278 344
278 346
278 628
279 379
279 639
279 655
279 1
279 11
279 23
279 37
279 62
279 120
279 122
279 126
279 136
279 138
279 158
279 185
279 192
279 205
279 220
279 253
279 290
279 332
279 336
279 337
279 346
279 629
280 381
280 531
280 574
280 13
280 26
280 58
280 68
280 76
280 86
280 103
280 107
280 120
280 148
280 159
280 171
280 198
280 219
280 243
280 269
280 270
280 278
280 286
280 301
280 306
280 325
280 331
280 334
280 337
280 630
281 383
281 422
281 612
281 5
281 24
281 35
281 38
281 44
281 45
281 51
281 60
281 75
281 76
281 85
281 117
281 127
281 129
281 144
281 147
281 151
281 152
281 165
281 175
281 185
281 188
281 216
281 229
281 238
281 240
281 241
281 243
281 259
281 261
281 283
281 285
281 288
281 293
281 297
281 302
281 303
281 312
281 314
281 334
281 631
282 597
282 12
282 18
282 33
282 42
282 44
282 46
282 66
282 74
282 97
282 107
282 149
282 160
282 164
282 197
282 213
282 219
282 224
282 237
282 244
282 246
282 283
282 293
282 315
282 325
282 341
282 349
282 632
283 412
283 578
283 4
283 12
283 27
283 51
283 54
283 60
283 61
283 71
283 77
283 83
283 100
283 109
283 110
283 120
283 135
283 176
283 188
283 191
283 212
283 214
283 223
283 231
283 246
283 250
283 255
283 281
283 282
283 285
283 306
283 308
283 317
283 633
284 634
284 697
284 5
284 24
284 30
284 57
284 88
284 94
284 96
284 99
284 139
284 179
284 183
284 196
284 199
284 206
284 228
284 302
284 310
284 320
284 321
285 360
285 372
285 480
285 653
285 669
285 5
285 6
285 8
285 10
285 23
285 27
285 42
285 45
285 47
285 52
285 58
285 61
285 63
285 67
285 77
285 116
285 129
285 159
285 171
285 174
285 178
285 194
285 195
285 209
285 210
285 240
285 259
285 266
285 281
285 283
285 291
285 299
285 307
285 318
285 320
285 346
285 349
285 635
286 434
286 492
286 579
286 693
286 17
286 18
286 21
286 29
286 33
286 36
286 46
286 51
286 78
286 90
286 118
286 122
286 127
286 132
286 148
286 177
286 195
286 210
286 225
286 226
286 230
286 234
286 235
286 280
286 298
286 321
286 322
286 333
286 335
286 636
287 411
287 506
287 671
287 673
287 17
287 23
287 26
287 40
287 47
287 75
287 96
287 107
287 109
287 126
287 157
287 177
287 180
287 187
287 188
287 227
287 265
287 269
287 304
287 344
287 637
288 694
288 677
288 420
288 390
288 7
288 17
288 20
288 47
288 58
288 77
288 80
288 95
288 101
288 106
288 115
288 142
288 170
288 172
288 204
288 214
288 225
288 234
288 250
288 281
288 297
288 312
288 314
288 335
288 638
289 399
289 503
289 570
289 20
289 21
289 34
289 44
289 78
289 83
289 102
289 109
289 110
289 118
289 133
289 148
289 149
289 171
289 177
289 185
289 188
289 191
289 229
289 258
289 308
289 324
289 346
289 639
290 425
290 682
290 21
290 23
290 31
290 53
290 58
290 75
290 80
290 83
290 111
290 122
290 139
290 146
290 179
290 194
290 201
290 210
290 213
290 233
290 234
290 235
290 268
290 270
290 277
290 279
290 300
290 308
290 331
290 332
290 333
290 334
290 335
290 345
290 640
291 472
291 525
291 25
291 48
291 49
291 58
291 63
291 86
291 92
291 128
291 141
291 162
291 180
291 182
291 187
291 197
291 207
291 210
291 216
291 219
291 238
291 277
291 285
291 294
291 303
291 306
291 324
291 333
291 346
291 641
292 434
292 485
292 499
292 24
292 35
292 58
292 73
292 74
292 77
292 82
292 84
292 126
292 134
292 149
292 153
292 159
292 162
292 180
292 181
292 189
292 201
292 218
292 293
292 297
292 311
292 339
292 347
292 642
293 415
293 440
293 445
293 473
293 476
293 673
293 678
293 1
293 24
293 25
293 33
293 44
293 51
293 81
293 94
293 97
293 100
293 101
293 107
293 108
293 110
293 118
293 131
293 139
293 153
293 184
293 210
293 218
293 226
293 272
293 281
293 282
293 292
293 305
293 317
293 327
293 330
293 337
293 340
293 643
294 503
294 530
294 676
294 0
294 5
294 28
294 43
294 51
294 89
294 96
294 102
294 105
294 122
294 130
294 143
294 144
294 156
294 162
294 204
294 206
294 232
294 250
294 254
294 291
294 312
294 324
294 336
294 343
294 347
294 644
295 360
295 456
295 573
295 593
295 616
295 6
295 14
295 18
295 30
295 41
295 72
295 89
295 96
295 100
295 119
295 121
295 139
295 162
295 188
295 192
295 193
295 209
295 213
295 215
295 225
295 242
295 253
295 256
295 266
295 272
295 301
295 303
295 307
295 309
295 344
295 645
296 391
296 411
296 464
296 3
296 8
296 10
296 38
296 55
296 59
296 74
296 90
296 92
296 95
296 99
296 104
296 106
296 110
296 114
296 135
296 140
296 142
296 160
296 167
296 170
296 172
296 173
296 193
296 212
296 221
296 227
296 234
296 255
296 264
296 271
296 312
296 646
297 422
297 472
297 484
297 611
297 1
297 19
297 25
297 29
297 32
297 35
297 37
297 39
297 43
297 44
297 51
297 66
297 102
297 113
297 122
297 132
297 144
297 168
297 181
297 182
297 199
297 214
297 215
297 226
297 243
297 281
297 288
297 292
297 303
297 306
297 308
297 311
297 318
297 330
297 647
298 494
298 561
298 577
298 588
298 665
298 6
298 8
298 12
298 22
298 46
298 69
298 71
298 113
298 116
298 153
298 177
298 182
298 183
298 197
298 203
298 211
298 212
298 231
298 234
298 237
298 255
298 260
298 275
298 286
298 299
298 648
299 396
299 531
299 31
299 42
299 54
299 62
299 72
299 85
299 89
299 92
299 98
299 117
299 123
299 134
299 145
299 160
299 164
299 178
299 185
299 188
299 215
299 223
299 228
299 230
299 244
299 245
299 262
299 276
299 278
299 285
299 298
299 649
300 416
300 446
300 25
300 62
300 63
300 69
300 71
300 72
300 89
300 94
300 105
300 134
300 140
300 149
300 154
300 169
300 170
300 186
300 207
300 213
300 224
300 290
300 307
300 323
300 347
300 650
301 387
301 546
301 571
301 0
301 31
301 41
301 52
301 62
301 69
301 90
301 111
301 128
301 142
301 151
301 160
301 171
301 175
301 182
301 184
301 186
301 221
301 234
301 236
301 280
301 295
301 313
301 651
302 470
302 482
302 624
302 18
302 21
302 30
302 51
302 80
302 96
302 117
302 121
302 123
302 129
302 132
302 199
302 203
302 217
302 238
302 239
302 275
302 281
302 284
302 326
302 328
302 330
302 336
302 349
302 652
303 380
303 415
303 658
303 8
303 17
303 24
303 32
303 73
303 74
303 78
303 124
303 126
303 143
303 147
303 157
303 180
303 189
303 195
303 212
303 219
303 250
303 265
303 281
303 291
303 295
303 297
303 305
303 317
303 325
303 342
303 653
304 533
304 11
304 13
304 14
304 35
304 38
304 39
304 45
304 47
304 55
304 59
304 61
304 88
304 122
304 124
304 147
304 154
304 185
304 190
304 217
304 234
304 287
304 315
304 342
304 654
305 372
305 487
305 1
305 3
305 6
305 10
305 11
305 12
305 21
305 41
305 57
305 83
305 86
305 98
305 106
305 121
305 139
305 146
305 147
305 172
305 187
305 189
305 207
305 216
305 220
305 223
305 231
305 248
305 261
305 271
305 274
305 293
305 303
305 307
305 336
305 340
305 341
305 655
306 353
306 372
306 479
306 572
306 642
306 2
306 15
306 25
306 45
306 52
306 81
306 82
306 111
306 143
306 149
306 178
306 181
306 199
306 214
306 219
306 221
306 222
306 249
306 268
306 269
306 271
306 278
306 280
306 283
306 291
306 297
306 315
306 317
306 337
306 656
307 413
307 414
307 38
307 51
307 57
307 58
307 59
307 62
307 64
307 73
307 83
307 87
307 89
307 93
307 99
307 119
307 165
307 186
307 193
307 201
307 225
307 227
307 239
307 252
307 276
307 285
307 295
307 300
307 305
307 308
307 328
307 343
307 657
308 421
308 440
308 604
308 606
308 631
308 24
308 28
308 32
308 38
308 45
308 55
308 56
308 60
308 91
308 102
308 108
308 129
308 135
308 137
308 138
308 156
308 161
308 163
308 167
308 176
308 179
308 189
308 196
308 226
308 229
308 243
308 247
308 255
308 283
308 289
308 290
308 297
308 307
308 309
308 310
308 324
308 658
309 465
309 470
309 481
309 503
309 613
309 643
309 0
309 7
309 30
309 34
309 37
309 39
309 50
309 59
309 68
309 72
309 88
309 89
309 96
309 106
309 111
309 132
309 153
309 154
309 158
309 162
309 165
309 179
309 182
309 186
309 188
309 205
309 231
309 232
309 240
309 249
309 260
309 273
309 277
309 295
309 308
309 326
309 340
309 349
309 659
310 384
310 464
310 544
310 558
310 667
310 0
310 9
310 11
310 26
310 51
310 53
310 56
310 120
310 142
310 152
310 164
310 169
310 182
310 192
310 198
310 213
310 224
310 249
310 253
310 256
310 262
310 267
310 284
310 308
310 324
310 335
310 342
310 660
311 397
311 527
311 563
311 570
311 4
311 11
311 33
311 38
311 50
311 58
311 59
311 62
311 64
311 66
311 73
311 108
311 129
311 133
311 141
311 154
311 175
311 189
311 195
311 199
311 218
311 220
311 228
311 234
311 243
311 259
311 276
311 277
311 278
311 292
311 297
311 312
311 325
311 339
311 344
311 661
312 405
312 435
312 460
312 647
312 0
312 39
312 41
312 65
312 66
312 68
312 101
312 105
312 123
312 125
312 129
312 137
312 173
312 195
312 202
312 223
312 236
312 242
312 244
312 251
312 262
312 265
312 281
312 288
312 294
312 296
312 311
312 313
312 314
312 319
312 332
312 343
312 662
313 408
313 458
313 517
313 551
313 573
313 22
313 34
313 40
313 71
313 72
313 104
313 112
313 114
313 138
313 144
313 158
313 180
313 200
313 204
313 219
313 242
313 243
313 258
313 264
313 276
313 301
313 312
313 325
313 663
314 461
314 514
314 535
314 590
314 622
314 683
314 20
314 21
314 44
314 51
314 89
314 113
314 124
314 140
314 155
314 176
314 202
314 205
314 241
314 245
314 246
314 264
314 268
314 278
314 281
314 288
314 312
314 664
315 430
315 509
315 618
315 3
315 58
315 61
315 82
315 87
315 93
315 108
315 142
315 143
315 159
315 172
315 220
315 223
315 235
315 248
315 256
315 260
315 269
315 276
315 282
315 304
315 306
315 318
315 319
315 665
316 453
316 470
316 657
316 3
316 60
316 62
316 72
316 88
316 102
316 162
316 182
316 188
316 201
316 219
316 225
316 226
316 236
316 243
316 244
316 250
316 264
316 275
316 277
316 321
316 666
317 442
317 529
317 556
317 2
317 8
317 9
317 21
317 22
317 35
317 44
317 48
317 61
317 67
317 94
317 96
317 98
317 101
317 109
317 126
317 135
317 153
317 164
317 179
317 190
317 202
317 211
317 252
317 254
317 278
317 283
317 293
317 303
317 306
317 334
317 345
317 346
317 349
317 667
318 451
318 13
318 25
318 29
318 31
318 43
318 50
318 58
318 70
318 98
318 138
318 168
318 208
318 210
318 227
318 251
318 260
318 262
318 268
318 285
318 297
318 315
318 333
318 340
318 668
319 500
319 547
319 578
319 584
319 657
319 693
319 3
319 10
319 13
319 17
319 23
319 27
319 36
319 43
319 44
319 46
319 53
319 74
319 85
319 96
319 98
319 104
319 114
319 146
319 154
319 191
319 209
319 225
319 228
319 233
319 237
319 243
319 245
319 251
319 278
319 312
319 315
319 320
319 334
319 339
319 343
319 346
319 669
320 612
320 3
320 11
320 26
320 34
320 49
320 57
320 58
320 79
320 86
320 91
320 93
320 99
320 108
320 111
320 132
320 153
320 173
320 196
320 197
320 214
320 216
320 223
320 227
320 241
320 267
320 268
320 277
320 284
320 285
320 319
320 329
320 342
320 346
320 670
321 394
321 460
321 486
321 570
321 578
321 591
321 667
321 2
321 13
321 37
321 51
321 58
321 67
321 80
321 87
321 99
321 129
321 135
321 143
321 156
321 168
321 183
321 193
321 210
321 224
321 241
321 269
321 270
321 271
321 284
321 286
321 316
321 325
321 338
321 341
321 344
321 347
321 671
322 367
322 531
322 655
322 10
322 16
322 28
322 40
322 57
322 87
322 93
322 100
322 117
322 123
322 125
322 140
322 152
322 168
322 189
322 190
322 211
322 228
322 233
322 238
322 247
322 264
322 265
322 272
322 286
322 324
322 341
322 346
322 672
323 354
323 640
323 2
323 7
323 46
323 55
323 60
323 62
323 76
323 87
323 88
323 144
323 153
323 159
323 189
323 199
323 200
323 212
323 248
323 251
323 264
323 266
323 276
323 300
323 673
324 378
324 403
324 421
324 473
324 540
324 630
324 648
324 690
324 11
324 24
324 25
324 28
324 33
324 46
324 49
324 51
324 55
324 57
324 83
324 95
324 104
324 111
324 117
324 141
324 151
324 167
324 190
324 207
324 209
324 228
324 233
324 246
324 278
324 289
324 291
324 294
324 308
324 310
324 322
324 343
324 348
324 674
325 485
325 531
325 599
325 3
325 6
325 10
325 11
325 31
325 42
325 76
325 77
325 95
325 107
325 129
325 135
325 160
325 171
325 177
325 191
325 195
325 199
325 207
325 212
325 214
325 221
325 225
325 243
325 280
325 282
325 303
325 311
325 313
325 321
325 333
325 339
325 343
325 675
326 461
326 475
326 543
326 555
326 594
326 595
326 644
326 683
326 20
326 32
326 43
326 53
326 57
326 67
326 68
326 76
326 78
326 91
326 109
326 124
326 132
326 133
326 138
326 145
326 165
326 177
326 201
326 208
326 215
326 234
326 239
326 245
326 247
326 302
326 309
326 335
326 342
326 348
326 676
327 364
327 454
327 464
327 521
327 525
327 537
327 648
327 649
327 671
327 2
327 9
327 11
327 16
327 34
327 47
327 75
327 80
327 95
327 104
327 111
327 127
327 137
327 139
327 160
327 184
327 210
327 212
327 220
327 233
327 240
327 260
327 274
327 293
327 340
327 344
327 677
328 455
328 486
328 572
328 18
328 20
328 68
328 98
328 100
328 105
328 108
328 123
328 161
328 164
328 178
328 190
328 194
328 195
328 198
328 199
328 209
328 211
328 216
328 229
328 248
328 259
328 262
328 302
328 307
328 339
328 341
328 343
328 349
328 678
329 421
329 673
329 26
329 30
329 33
329 42
329 48
329 49
329 72
329 78
329 91
329 92
329 97
329 103
329 154
329 176
329 186
329 222
329 240
329 241
329 242
329 252
329 257
329 259
329 263
329 271
329 272
329 320
329 345
329 679
330 370
330 415
330 421
330 504
330 523
330 583
330 625
330 8
330 21
330 32
330 34
330 48
330 57
330 90
330 93
330 106
330 116
330 133
330 147
330 193
330 198
330 226
330 253
330 270
330 271
330 277
330 293
330 297
330 302
330 336
330 680
331 559
331 561
331 581
331 657
331 6
331 7
331 25
331 40
331 48
331 56
331 79
331 86
331 109
331 123
331 138
331 141
331 180
331 187
331 210
331 218
331 228
331 243
331 266
331 280
331 290
331 336
331 338
331 344
331 681
332 364
332 369
332 409
332 556
332 1
332 5
332 18
332 68
332 71
332 102
332 118
332 119
332 123
332 124
332 126
332 131
332 137
332 138
332 139
332 164
332 175
332 181
332 189
332 216
332 217
332 232
332 244
332 271
332 279
332 290
332 312
332 346
332 682
333 387
333 663
333 13
333 20
333 69
333 70
333 75
333 76
333 86
333 88
333 141
333 160
333 170
333 175
333 182
333 193
333 233
333 240
333 242
333 255
333 257
333 263
333 266
333 267
333 286
333 290
333 291
333 318
333 325
333 339
333 344
333 683
334 352
334 1
334 12
334 22
334 36
334 37
334 46
334 53
334 65
334 90
334 96
334 120
334 147
334 160
334 161
334 164
334 167
334 171
334 180
334 189
334 211
334 217
334 229
334 232
334 234
334 237
334 249
334 255
334 276
334 280
334 281
334 290
334 317
334 319
334 684
335 699
335 694
335 507
335 420
335 13
335 14
335 49
335 60
335 79
335 88
335 89
335 98
335 102
335 114
335 148
335 168
335 172
335 186
335 217
335 220
335 286
335 288
335 290
335 310
335 326
335 339
335 346
335 685
336 561
336 683
336 5
336 17
336 22
336 30
336 36
336 46
336 54
336 57
336 64
336 70
336 71
336 81
336 83
336 107
336 126
336 129
336 151
336 167
336 169
336 170
336 200
336 201
336 212
336 223
336 224
336 241
336 246
336 255
336 263
336 269
336 279
336 294
336 302
336 305
336 330
336 331
336 337
336 686
337 382
337 424
337 514
337 563
337 8
337 9
337 11
337 16
337 21
337 34
337 46
337 51
337 58
337 75
337 113
337 165
337 208
337 233
337 236
337 241
337 246
337 249
337 258
337 262
337 265
337 271
337 274
337 279
337 280
337 293
337 306
337 336
337 338
337 345
337 687
338 448
338 568
338 609
338 46
338 48
338 49
338 65
338 89
338 149
338 152
338 155
338 156
338 157
338 172
338 191
338 192
338 195
338 218
338 238
338 240
338 321
338 331
338 337
338 340
338 688
339 461
339 551
339 3
339 31
339 51
339 82
339 87
339 106
339 110
339 116
339 121
339 129
339 170
339 172
339 176
339 178
339 193
339 239
339 274
339 292
339 311
339 319
339 325
339 328
339 333
339 335
339 689
340 414
340 428
340 511
340 584
340 641
340 655
340 671
340 1
340 11
340 18
340 20
340 24
340 34
340 48
340 64
340 70
340 71
340 142
340 184
340 192
340 193
340 215
340 219
340 226
340 228
340 237
340 246
340 254
340 256
340 257
340 258
340 293
340 305
340 309
340 318
340 327
340 338
340 343
340 349
340 690
341 509
341 4
341 8
341 15
341 33
341 47
341 79
341 89
341 92
341 108
341 122
341 141
341 147
341 152
341 166
341 183
341 189
341 192
341 205
341 211
341 227
341 246
341 282
341 305
341 321
341 322
341 328
341 343
341 691
342 529
342 579
342 681
342 3
342 9
342 11
342 31
342 41
342 66
342 67
342 83
342 92
342 93
342 94
342 96
342 105
342 118
342 125
342 129
342 130
342 147
342 178
342 204
342 207
342 230
342 243
342 270
342 303
342 304
342 310
342 320
342 326
342 692
343 356
343 394
343 411
343 418
343 450
343 546
343 581
343 644
343 665
343 692
343 0
343 7
343 22
343 28
343 34
343 35
343 52
343 56
343 67
343 106
343 109
343 119
343 128
343 143
343 149
343 153
343 162
343 182
343 187
343 193
343 196
343 227
343 230
343 232
343 251
343 276
343 294
343 307
343 312
343 319
343 324
343 325
343 328
343 340
343 341
343 693
344 433
344 483
344 508
344 627
344 648
344 26
344 27
344 45
344 86
344 87
344 88
344 94
344 133
344 145
344 148
344 159
344 162
344 169
344 172
344 180
344 186
344 195
344 200
344 202
344 229
344 277
344 278
344 287
344 295
344 311
344 321
344 327
344 331
344 333
344 694
345 495
345 555
345 608
345 2
345 5
345 10
345 27
345 49
345 70
345 114
345 159
345 162
345 165
345 176
345 199
345 203
345 238
345 244
345 259
345 290
345 317
345 329
345 337
345 695
346 550
346 616
346 653
346 7
346 13
346 15
346 16
346 59
346 67
346 82
346 95
346 103
346 148
346 177
346 178
346 187
346 190
346 212
346 233
346 242
346 257
346 259
346 261
346 265
346 273
346 276
346 278
346 279
346 285
346 289
346 291
346 317
346 319
346 320
346 322
346 332
346 335
346 696
347 424
347 426
347 19
347 45
347 50
347 51
347 52
347 60
347 83
347 85
347 88
347 93
347 113
347 118
347 145
347 146
347 159
347 179
347 195
347 212
347 241
347 248
347 253
347 260
347 266
347 276
347 277
347 292
347 294
347 300
347 321
347 697
348 606
348 654
348 675
348 2
348 4
348 8
348 9
348 11
348 14
348 37
348 58
348 61
348 76
348 84
348 90
348 119
348 120
348 124
348 130
348 131
348 137
348 147
348 149
348 150
348 169
348 174
348 194
348 200
348 202
348 214
348 219
348 234
348 277
348 324
348 326
348 698
349 659
349 699
349 6
349 8
349 10
349 20
349 40
349 62
349 64
349 68
349 83
349 119
349 143
349 148
349 154
349 173
349 191
349 207
349 209
349 218
349 234
349 238
349 240
349 246
349 252
349 282
349 285
349 302
349 309
349 317
349 328
349 340
350 264
350 0
351 268
351 1
352 13
352 43
352 44
352 184
352 334
352 2
353 275
353 306
353 3
354 97
354 193
354 323
354 4
355 67
355 119
355 203
355 213
355 218
355 5
356 7
356 64
356 68
356 255
356 343
356 6
357 135
357 173
357 174
357 210
357 7
358 105
358 137
358 157
358 170
358 241
358 260
358 8
359 36
359 85
359 126
359 9
360 153
360 224
360 285
360 295
360 10
361 23
361 24
361 64
361 170
361 11
362 13
362 12
363 88
363 272
363 13
364 83
364 327
364 332
364 14
365 143
365 175
365 194
365 15
366 4
366 14
366 201
366 278
366 16
367 23
367 110
367 322
367 17
368 98
368 157
368 18
369 26
369 43
369 272
369 332
369 19
370 15
370 70
370 330
370 20
371 80
371 147
371 151
371 173
371 197
371 21
372 31
372 115
372 127
372 285
372 305
372 306
372 22
373 59
373 84
373 123
373 23
374 161
374 186
374 24
375 49
375 270
375 25
376 264
376 274
376 26
377 114
377 253
377 27
378 50
378 230
378 324
378 28
379 120
379 133
379 279
379 29
380 303
380 30
381 31
381 93
381 195
381 197
381 221
381 280
382 70
382 244
382 276
382 337
382 32
383 92
383 167
383 179
383 211
383 281
383 33
384 142
384 206
384 310
384 34
385 55
385 134
385 216
385 35
386 140
386 198
386 270
386 36
387 56
387 201
387 301
387 333
387 37
388 13
388 23
388 100
388 115
388 124
388 207
388 214
388 38
389 93
389 100
389 39
390 274
390 288
390 40
391 3
391 256
391 296
391 41
392 56
392 81
392 175
392 186
392 42
393 60
393 275
393 43
394 7
394 103
394 211
394 250
394 321
394 343
394 44
395 105
395 45
396 107
396 150
396 299
396 46
397 89
397 170
397 183
397 225
397 252
397 262
397 270
397 311
397 47
398 132
398 181
398 248
398 48
399 68
399 94
399 271
399 289
399 49
400 2
400 42
400 136
400 160
400 271
400 50
401 83
401 132
401 270
401 51
402 0
402 28
402 71
402 180
402 195
402 242
402 254
402 52
403 81
403 112
403 248
403 324
403 53
404 205
404 250
404 54
405 256
405 312
405 55
406 106
406 56
407 15
407 119
407 236
407 57
408 5
408 19
408 28
408 132
408 152
408 170
408 201
408 255
408 270
408 313
408 58
409 29
409 64
409 154
409 332
409 59
410 30
410 211
410 265
410 60
411 43
411 103
411 187
411 210
411 259
411 287
411 296
411 343
411 61
412 79
412 283
412 62
413 48
413 66
413 124
413 227
413 307
413 63
414 100
414 231
414 276
414 307
414 340
414 64
415 78
415 147
415 153
415 293
415 303
415 330
415 65
416 20
416 172
416 265
416 300
416 66
417 19
417 139
417 67
418 265
418 343
418 68
419 81
419 224
419 69
420 288
420 335
420 70
421 73
421 223
421 308
421 324
421 329
421 330
421 71
422 108
422 195
422 259
422 281
422 297
422 72
423 217
423 245
423 73
424 133
424 222
424 229
424 337
424 347
424 74
425 13
425 26
425 105
425 290
425 75
426 98
426 347
426 76
427 197
427 270
427 77
428 36
428 71
428 221
428 246
428 340
428 78
429 131
429 146
429 167
429 79
430 145
430 175
430 315
430 80
431 23
431 80
431 112
431 81
432 8
432 35
432 72
432 82
432 120
432 129
432 191
432 195
433 52
433 344
433 83
434 106
434 138
434 163
434 251
434 252
434 286
434 292
434 84
435 58
435 123
435 133
435 312
435 85
436 118
436 179
436 194
436 86
437 1
437 205
437 87
438 117
438 184
438 88
439 108
439 119
439 89
440 5
440 23
440 43
440 87
440 256
440 293
440 308
440 90
441 0
441 45
441 63
441 91
442 63
442 178
442 212
442 317
442 92
443 14
443 92
443 167
443 93
444 14
444 112
444 94
445 123
445 153
445 189
445 293
445 95
446 165
446 172
446 201
446 252
446 300
446 96
447 6
447 101
447 97
448 338
448 98
449 2
449 5
449 46
449 113
449 236
449 251
449 269
449 99
450 161
450 343
450 100
451 46
451 187
451 241
451 252
451 318
451 101
452 134
452 152
452 174
452 176
452 102
453 13
453 316
453 103
454 58
454 157
454 327
454 104
455 328
455 105
456 295
456 106
457 98
457 107
458 21
458 41
458 51
458 313
458 108
459 117
459 212
459 109
460 5
460 312
460 321
460 110
461 203
461 232
461 314
461 326
461 339
461 111
462 134
462 112
463 8
463 28
463 148
463 229
463 113
464 2
464 185
464 227
464 244
464 296
464 310
464 327
464 114
465 24
465 38
465 68
465 309
465 115
466 89
466 259
466 116
467 54
467 117
468 14
468 33
468 85
468 97
468 135
468 203
468 118
469 121
469 239
469 119
470 254
470 302
470 309
470 316
470 120
471 24
471 29
471 138
471 150
471 227
471 121
472 48
472 207
472 291
472 297
472 122
473 2
473 54
473 62
473 134
473 293
473 324
473 123
474 74
474 164
474 233
474 124
475 17
475 110
475 210
475 268
475 326
475 125
476 6
476 29
476 173
476 248
476 293
476 126
477 230
477 234
477 255
477 127
478 71
478 175
478 234
478 128
479 71
479 84
479 158
479 306
479 129
480 43
480 273
480 285
480 130
481 14
481 91
481 214
481 222
481 235
481 244
481 266
481 309
481 131
482 152
482 177
482 302
482 132
483 4
483 15
483 344
483 133
484 108
484 129
484 245
484 297
484 134
485 91
485 122
485 220
485 292
485 325
485 135
486 81
486 109
486 193
486 321
486 328
486 136
487 60
487 241
487 305
487 137
488 154
488 138
489 179
489 139
490 235
490 140
491 39
491 169
491 141
492 10
492 22
492 63
492 185
492 215
492 286
492 142
493 58
493 107
493 145
493 164
493 229
493 143
494 15
494 58
494 111
494 298
494 144
495 135
495 185
495 212
495 345
495 145
496 39
496 98
496 276
496 146
497 108
497 147
498 132
498 234
498 148
499 190
499 222
499 266
499 292
499 149
500 270
500 319
500 150
501 4
501 10
501 184
501 205
501 245
501 151
502 99
502 137
502 145
502 199
502 152
503 27
503 74
503 202
503 244
503 289
503 294
503 309
503 153
504 13
504 199
504 263
504 330
504 154
505 59
505 96
505 218
505 228
505 236
505 271
505 155
506 183
506 230
506 273
506 287
506 156
507 16
507 335
507 157
508 98
508 277
508 344
508 158
509 93
509 179
509 268
509 315
509 341
509 159
510 78
510 217
510 160
511 159
511 340
511 161
512 95
512 115
512 238
512 162
513 47
513 210
513 163
514 192
514 215
514 219
514 314
514 337
514 164
515 16
515 32
515 166
515 165
516 167
516 166
517 41
517 96
517 313
517 167
518 32
518 34
518 168
519 229
519 169
520 145
520 170
521 38
521 135
521 186
521 327
521 171
522 22
522 56
522 81
522 172
523 23
523 38
523 99
523 168
523 330
523 173
524 73
524 174
525 103
525 291
525 327
525 175
526 24
526 103
526 176
527 119
527 232
527 311
527 177
528 42
528 178
529 252
529 317
529 342
529 179
530 0
530 121
530 294
530 180
531 65
531 280
531 299
531 322
531 325
531 181
532 15
532 74
532 131
532 200
532 221
532 182
533 83
533 111
533 173
533 185
533 202
533 304
533 183
534 34
534 61
534 184
535 3
535 80
535 267
535 269
535 314
535 185
536 108
536 113
536 186
537 60
537 117
537 327
537 187
538 36
538 102
538 152
538 188
539 190
539 189
540 227
540 324
540 190
541 102
541 109
541 183
541 198
541 191
542 125
542 143
542 192
543 105
543 150
543 326
543 193
544 229
544 250
544 270
544 310
544 194
545 86
545 195
546 194
546 301
546 343
546 196
547 152
547 242
547 271
547 273
547 319
547 197
548 22
548 151
548 178
548 189
548 208
548 198
549 7
549 55
549 88
549 199
550 31
550 232
550 276
550 346
550 200
551 55
551 63
551 170
551 228
551 266
551 276
551 313
551 339
551 201
552 154
552 159
552 190
552 246
552 202
553 39
553 52
553 205
553 203
554 12
554 204
555 73
555 94
555 182
555 188
555 326
555 345
555 205
556 64
556 97
556 254
556 317
556 332
556 206
557 159
557 212
557 207
558 95
558 310
558 208
559 151
559 194
559 209
559 276
559 331
560 60
560 210
561 163
561 220
561 254
561 298
561 331
561 336
561 211
562 80
562 135
562 164
562 220
562 212
563 4
563 115
563 154
563 189
563 237
563 277
563 311
563 337
563 213
564 41
564 52
564 136
564 176
564 214
565 143
565 170
565 215
566 3
566 20
566 221
566 216
567 8
567 25
567 52
567 62
567 163
567 179
567 191
567 263
567 217
568 57
568 130
568 177
568 338
568 218
569 249
569 219
570 18
570 38
570 113
570 127
570 271
570 289
570 311
570 321
570 220
571 301
571 221
572 104
572 111
572 306
572 328
572 222
573 13
573 80
573 98
573 159
573 175
573 209
573 295
573 313
573 223
574 35
574 83
574 280
574 224
575 81
575 97
575 237
575 225
576 112
576 136
576 226
577 56
577 103
577 203
577 211
577 217
577 298
577 227
578 139
578 174
578 283
578 319
578 321
578 228
579 39
579 82
579 286
579 342
579 229
580 76
580 93
580 96
580 121
580 195
580 230
581 137
581 331
581 343
581 231
582 10
582 110
582 114
582 146
582 232
583 114
583 245
583 330
583 233
584 48
584 319
584 340
584 234
585 20
585 235
586 89
586 181
586 248
586 236
587 62
587 187
587 237
588 86
588 114
588 298
588 238
589 10
589 239
590 91
590 314
590 240
591 48
591 268
591 321
591 241
592 168
592 234
592 278
592 242
593 295
593 243
594 123
594 135
594 145
594 260
594 326
594 244
595 68
595 186
595 190
595 326
595 245
596 87
596 145
596 246
597 184
597 282
597 247
598 61
598 77
598 90
598 248
599 24
599 82
599 325
599 249
600 239
600 257
600 250
601 133
601 251
602 114
602 119
602 205
602 241
602 252
603 10
603 250
603 253
604 308
604 254
605 196
605 255
606 91
606 162
606 211
606 243
606 247
606 263
606 308
606 348
606 256
607 44
607 105
607 257
608 72
608 76
608 217
608 345
608 258
609 215
609 338
609 259
610 29
610 211
610 245
610 260
611 35
611 76
611 196
611 212
611 297
611 261
612 12
612 30
612 42
612 66
612 93
612 169
612 241
612 281
612 320
612 262
613 0
613 143
613 150
613 198
613 225
613 234
613 309
613 263
614 57
614 185
614 264
615 139
615 140
615 164
615 169
615 177
615 233
615 245
615 265
616 175
616 205
616 295
616 346
616 266
617 111
617 237
617 267
618 37
618 174
618 219
618 315
618 268
619 150
619 269
620 252
620 270
621 90
621 144
621 271
622 31
622 45
622 87
622 238
622 314
622 272
623 24
623 60
623 154
623 158
623 206
623 273
624 5
624 47
624 132
624 149
624 243
624 302
624 274
625 76
625 128
625 138
625 330
625 275
626 33
626 234
626 251
626 276
627 9
627 155
627 224
627 272
627 344
627 277
628 6
628 78
628 94
628 156
628 278
629 10
629 159
629 169
629 208
629 279
630 221
630 324
630 280
631 50
631 116
631 141
631 249
631 308
631 281
632 75
632 282
633 265
633 283
634 3
634 20
634 67
634 182
634 189
634 284
635 18
635 24
635 285
636 252
636 277
636 286
637 80
637 287
638 278
638 288
639 13
639 121
639 179
639 195
639 257
639 261
639 279
639 289
640 43
640 150
640 207
640 323
640 290
641 11
641 19
641 340
641 291
642 25
642 56
642 105
642 177
642 306
642 292
643 58
643 199
643 309
643 293
644 113
644 248
644 326
644 343
644 294
645 108
645 230
645 295
646 144
646 226
646 296
647 66
647 93
647 243
647 312
647 297
648 63
648 93
648 115
648 148
648 227
648 277
648 324
648 327
648 344
648 298
649 2
649 236
649 242
649 327
649 299
650 38
650 113
650 232
650 244
650 247
650 300
651 120
651 204
651 301
652 69
652 153
652 253
652 302
653 26
653 285
653 346
653 303
654 18
654 250
654 348
654 304
655 40
655 56
655 101
655 265
655 279
655 322
655 340
655 305
656 226
656 264
656 306
657 118
657 171
657 183
657 273
657 316
657 319
657 331
657 307
658 303
658 308
659 120
659 262
659 349
659 309
660 105
660 193
660 310
661 36
661 49
661 137
661 162
661 311
662 123
662 312
663 12
663 13
663 63
663 70
663 210
663 333
663 313
664 81
664 258
664 314
665 26
665 213
665 298
665 343
665 315
666 0
666 54
666 189
666 241
666 316
667 133
667 143
667 275
667 310
667 321
667 317
668 53
668 65
668 318
669 33
669 135
669 285
669 319
670 19
670 180
670 206
670 320
671 195
671 246
671 255
671 287
671 327
671 340
671 321
672 240
672 264
672 274
672 322
673 145
673 229
673 246
673 287
673 293
673 329
673 323
674 6
674 39
674 233
674 256
674 324
675 100
675 214
675 348
675 325
676 68
676 294
676 326
677 274
677 288
677 327
678 272
678 293
678 328
679 40
679 103
679 149
679 180
679 183
679 329
680 130
680 149
680 169
680 214
680 330
681 92
681 230
681 342
681 331
682 22
682 57
682 290
682 332
683 29
683 130
683 314
683 326
683 336
683 333
684 277
684 334
685 0
685 75
685 335
686 18
686 198
686 203
686 336
687 28
687 105
687 121
687 206
687 337
688 24
688 147
688 248
688 338
689 137
689 195
689 225
689 339
690 31
690 33
690 80
690 324
690 340
691 124
691 341
692 124
692 126
692 254
692 343
692 342
693 33
693 74
693 140
693 152
693 158
693 212
693 286
693 319
693 343
694 288
694 335
694 344
695 57
695 76
695 154
695 165
695 345
696 21
696 73
696 111
696 346
697 118
697 224
697 284
697 347
698 6
698 68
698 121
698 182
698 206
698 229
698 273
698 348
699 15
699 88
699 201
699 335
699 349
