  100   708
0 71
0 72
0 75
0 99
0 82
0 1
0 3
0 5
0 6
0 7
0 9
0 10
0 15
0 19
0 20
0 21
0 22
0 23
0 26
0 27
0 28
0 32
0 38
0 39
0 42
0 45
0 49
0 50
1 58
1 62
1 87
1 0
1 8
1 10
1 11
1 12
1 16
1 17
1 18
1 23
1 25
1 26
1 28
1 30
1 31
1 33
1 41
1 42
1 45
1 47
1 51
2 61
2 84
2 3
2 6
2 7
2 8
2 9
2 13
2 14
2 15
2 16
2 19
2 21
2 22
2 25
2 26
2 27
2 28
2 32
2 33
2 35
2 40
2 44
2 52
3 52
3 59
3 70
3 76
3 91
3 0
3 2
3 5
3 6
3 11
3 13
3 16
3 17
3 21
3 25
3 28
3 32
3 34
3 36
3 37
3 39
3 40
3 42
3 43
3 44
3 45
3 53
4 55
4 64
4 74
4 81
4 5
4 8
4 13
4 14
4 16
4 18
4 20
4 23
4 29
4 30
4 34
4 36
4 37
4 41
4 42
4 43
4 48
4 54
5 67
5 93
5 94
5 0
5 3
5 4
5 6
5 8
5 10
5 14
5 15
5 18
5 19
5 21
5 29
5 31
5 34
5 37
5 41
5 42
5 44
5 49
5 55
6 50
6 65
6 72
6 79
6 86
6 0
6 2
6 3
6 5
6 8
6 10
6 13
6 14
6 18
6 21
6 23
6 26
6 27
6 30
6 32
6 33
6 37
6 38
6 39
6 45
6 48
6 56
7 56
7 60
7 77
7 78
7 87
7 99
7 0
7 2
7 8
7 9
7 14
7 15
7 17
7 21
7 24
7 26
7 35
7 45
7 46
7 48
7 57
8 78
8 83
8 1
8 2
8 4
8 5
8 6
8 7
8 9
8 16
8 21
8 22
8 33
8 37
8 39
8 41
8 42
8 44
8 45
8 46
8 58
9 57
9 84
9 91
9 0
9 2
9 7
9 8
9 12
9 13
9 19
9 22
9 23
9 28
9 29
9 31
9 35
9 37
9 39
9 40
9 49
9 59
10 51
10 57
10 74
10 83
10 96
10 0
10 1
10 5
10 6
10 14
10 17
10 18
10 21
10 22
10 23
10 26
10 27
10 28
10 30
10 32
10 35
10 38
10 40
10 48
10 60
11 52
11 55
11 73
11 1
11 3
11 13
11 14
11 17
11 18
11 19
11 21
11 22
11 23
11 25
11 27
11 29
11 31
11 33
11 36
11 39
11 41
11 45
11 48
11 49
11 61
12 84
12 88
12 1
12 9
12 32
12 33
12 36
12 43
12 47
12 49
12 62
13 54
13 83
13 86
13 2
13 3
13 4
13 6
13 9
13 11
13 14
13 15
13 16
13 17
13 18
13 19
13 22
13 23
13 24
13 25
13 26
13 28
13 33
13 36
13 42
13 63
14 53
14 54
14 58
14 85
14 93
14 98
14 2
14 4
14 5
14 6
14 7
14 10
14 11
14 13
14 19
14 22
14 23
14 26
14 27
14 31
14 34
14 38
14 39
14 45
14 46
14 48
14 49
14 64
15 62
15 92
15 0
15 2
15 5
15 7
15 13
15 19
15 21
15 22
15 24
15 26
15 27
15 30
15 31
15 32
15 39
15 40
15 41
15 42
15 46
15 47
15 48
15 65
16 51
16 65
16 84
16 89
16 1
16 2
16 3
16 4
16 8
16 13
16 19
16 21
16 25
16 31
16 38
16 40
16 41
16 66
17 52
17 58
17 68
17 71
17 97
17 1
17 3
17 7
17 10
17 11
17 13
17 20
17 23
17 25
17 31
17 33
17 34
17 35
17 36
17 42
17 46
17 47
17 49
17 67
18 62
18 76
18 83
18 87
18 1
18 4
18 5
18 6
18 10
18 11
18 13
18 19
18 20
18 21
18 23
18 24
18 27
18 28
18 30
18 31
18 32
18 33
18 35
18 36
18 38
18 39
18 40
18 41
18 68
19 66
19 68
19 79
19 89
19 91
19 94
19 96
19 0
19 2
19 5
19 9
19 11
19 13
19 14
19 15
19 16
19 18
19 22
19 25
19 27
19 31
19 34
19 37
19 41
19 44
19 69
20 56
20 85
20 0
20 4
20 17
20 18
20 24
20 25
20 28
20 29
20 34
20 39
20 42
20 43
20 46
20 47
20 48
20 70
21 68
21 71
21 98
21 0
21 2
21 3
21 5
21 6
21 7
21 8
21 10
21 11
21 15
21 16
21 18
21 22
21 24
21 25
21 26
21 27
21 31
21 32
21 36
21 37
21 38
21 39
21 40
21 43
21 45
21 49
22 64
22 90
22 0
22 2
22 8
22 9
22 10
22 11
22 13
22 14
22 15
22 19
22 21
22 24
22 26
22 27
22 30
22 31
22 32
22 34
22 37
22 39
22 43
22 44
22 46
22 48
22 72
23 56
23 69
23 77
23 83
23 0
23 1
23 4
23 6
23 9
23 10
23 11
23 13
23 14
23 17
23 18
23 25
23 29
23 30
23 31
23 32
23 37
23 40
23 43
23 45
23 48
23 49
23 73
24 54
24 69
24 92
24 7
24 13
24 15
24 18
24 20
24 21
24 22
24 27
24 31
24 32
24 38
24 40
24 41
24 45
24 47
24 48
24 49
24 74
25 57
25 62
25 79
25 83
25 88
25 1
25 2
25 3
25 11
25 13
25 16
25 17
25 19
25 20
25 21
25 23
25 27
25 30
25 31
25 32
25 34
25 39
25 41
25 42
25 43
25 47
25 48
25 49
25 75
26 51
26 52
26 89
26 0
26 1
26 2
26 6
26 7
26 10
26 13
26 14
26 15
26 21
26 22
26 30
26 31
26 32
26 35
26 36
26 43
26 48
26 76
27 64
27 89
27 99
27 0
27 2
27 6
27 10
27 11
27 14
27 15
27 18
27 19
27 21
27 22
27 24
27 25
27 29
27 35
27 36
27 38
27 40
27 43
27 45
27 47
27 77
28 63
28 91
28 0
28 1
28 2
28 3
28 9
28 10
28 13
28 18
28 20
28 31
28 34
28 35
28 36
28 38
28 40
28 44
28 46
28 47
28 48
28 49
28 78
29 50
29 51
29 53
29 55
29 57
29 74
29 92
29 4
29 5
29 9
29 11
29 20
29 23
29 27
29 30
29 32
29 33
29 35
29 36
29 39
29 40
29 41
29 42
29 43
29 44
29 79
30 65
30 80
30 89
30 1
30 4
30 6
30 10
30 15
30 18
30 22
30 23
30 25
30 26
30 29
30 33
30 35
30 38
30 39
30 41
30 43
30 45
30 47
30 49
31 53
31 95
31 1
31 5
31 9
31 11
31 14
31 15
31 16
31 17
31 18
31 19
31 21
31 22
31 23
31 24
31 25
31 26
31 28
31 33
31 36
31 37
31 38
31 39
31 42
31 43
31 44
31 81
32 55
32 58
32 77
32 0
32 2
32 3
32 6
32 10
32 12
32 15
32 18
32 21
32 22
32 23
32 24
32 25
32 26
32 29
32 38
32 41
32 44
32 46
32 48
32 49
32 82
33 56
33 69
33 1
33 2
33 6
33 8
33 11
33 12
33 13
33 17
33 18
33 29
33 30
33 31
33 39
33 43
33 83
34 51
34 53
34 58
34 64
34 86
34 3
34 4
34 5
34 14
34 17
34 19
34 20
34 22
34 25
34 28
34 36
34 37
34 42
34 43
34 46
34 84
35 53
35 55
35 57
35 66
35 87
35 91
35 98
35 2
35 7
35 9
35 10
35 17
35 18
35 26
35 27
35 28
35 29
35 30
35 36
35 37
35 39
35 40
35 41
35 43
35 49
35 85
36 50
36 69
36 75
36 3
36 4
36 11
36 12
36 13
36 17
36 18
36 21
36 26
36 27
36 28
36 29
36 31
36 34
36 35
36 38
36 39
36 42
36 48
36 86
37 70
37 96
37 3
37 4
37 5
37 6
37 8
37 9
37 19
37 21
37 22
37 23
37 31
37 34
37 35
37 39
37 43
37 44
37 45
37 47
37 87
38 62
38 71
38 0
38 6
38 10
38 14
38 16
38 18
38 21
38 24
38 27
38 28
38 30
38 31
38 32
38 36
38 41
38 42
38 47
38 49
38 88
39 55
39 67
39 69
39 80
39 85
39 92
39 93
39 96
39 0
39 3
39 6
39 8
39 9
39 11
39 14
39 15
39 18
39 20
39 21
39 22
39 25
39 29
39 30
39 31
39 33
39 35
39 36
39 37
39 43
39 45
39 47
39 48
39 89
40 58
40 60
40 69
40 85
40 98
40 2
40 3
40 9
40 10
40 15
40 16
40 18
40 21
40 23
40 24
40 27
40 28
40 29
40 35
40 41
40 47
40 48
40 49
40 90
41 55
41 69
41 91
41 95
41 1
41 4
41 5
41 8
41 11
41 15
41 16
41 18
41 19
41 24
41 25
41 29
41 30
41 32
41 35
41 38
41 40
41 44
41 46
41 48
42 61
42 71
42 87
42 0
42 1
42 3
42 4
42 5
42 8
42 13
42 15
42 17
42 20
42 25
42 29
42 31
42 34
42 36
42 38
42 48
42 92
43 59
43 74
43 76
43 80
43 95
43 3
43 4
43 12
43 20
43 21
43 22
43 23
43 25
43 26
43 27
43 29
43 30
43 31
43 33
43 34
43 35
43 37
43 39
43 44
43 46
43 93
44 62
44 2
44 3
44 5
44 8
44 19
44 22
44 28
44 29
44 31
44 32
44 37
44 41
44 43
44 45
44 46
44 49
44 94
45 54
45 65
45 66
45 86
45 91
45 94
45 0
45 1
45 3
45 6
45 7
45 8
45 11
45 14
45 21
45 23
45 24
45 27
45 30
45 37
45 39
45 44
45 49
45 95
46 66
46 71
46 86
46 98
46 7
46 8
46 14
46 15
46 17
46 20
46 22
46 28
46 32
46 34
46 41
46 43
46 44
46 47
46 96
47 76
47 1
47 12
47 15
47 17
47 20
47 24
47 25
47 27
47 28
47 30
47 37
47 38
47 39
47 40
47 46
47 49
47 97
48 58
48 59
48 66
48 72
48 81
48 96
48 4
48 6
48 7
48 10
48 11
48 14
48 15
48 20
48 22
48 23
48 24
48 25
48 26
48 28
48 32
48 36
48 39
48 40
48 41
48 42
48 49
48 98
49 55
49 0
49 5
49 9
49 11
49 12
49 14
49 17
49 21
49 23
49 24
49 25
49 28
49 30
49 32
49 35
49 38
49 40
49 44
49 45
49 47
49 48
49 99
50 6
50 29
50 36
50 0
51 10
51 16
51 26
51 29
51 34
51 1
52 3
52 11
52 17
52 26
52 2
53 14
53 29
53 31
53 34
53 35
53 3
54 13
54 14
54 24
54 45
54 4
55 4
55 11
55 29
55 32
55 35
55 39
55 41
55 49
55 5
56 7
56 20
56 23
56 33
56 6
57 9
57 10
57 25
57 29
57 35
57 7
58 1
58 14
58 17
58 32
58 34
58 40
58 48
58 8
59 3
59 43
59 48
59 9
60 7
60 40
60 10
61 2
61 42
61 11
62 1
62 15
62 18
62 25
62 38
62 44
62 12
63 28
63 13
64 4
64 22
64 27
64 34
64 14
65 6
65 16
65 30
65 45
65 15
66 19
66 35
66 45
66 46
66 48
66 16
67 5
67 39
67 17
68 17
68 19
68 21
68 18
69 23
69 24
69 33
69 36
69 39
69 40
69 41
69 19
70 3
70 37
70 20
71 0
71 17
71 21
71 38
71 42
71 46
72 0
72 6
72 48
72 22
73 11
73 23
74 4
74 10
74 29
74 43
74 24
75 0
75 36
75 25
76 3
76 18
76 43
76 47
76 26
77 7
77 23
77 32
77 27
78 7
78 8
78 28
79 6
79 19
79 25
79 29
80 30
80 39
80 43
81 4
81 48
81 31
82 0
82 32
83 8
83 10
83 13
83 18
83 23
83 25
83 33
84 2
84 9
84 12
84 16
84 34
85 14
85 20
85 39
85 40
85 35
86 6
86 13
86 34
86 45
86 46
86 36
87 1
87 7
87 18
87 35
87 42
87 37
88 12
88 25
88 38
89 16
89 19
89 26
89 27
89 30
89 39
90 22
90 40
91 3
91 9
91 19
91 28
91 35
91 41
91 45
92 15
92 24
92 29
92 39
92 42
93 5
93 14
93 39
93 43
94 5
94 19
94 45
94 44
95 31
95 41
95 43
95 45
96 10
96 19
96 37
96 39
96 48
96 46
97 17
97 47
98 14
98 21
98 35
98 40
98 46
98 48
99 0
99 7
99 27
99 49
