  200   989
0 103
0 116
0 124
0 133
0 142
0 147
0 181
0 19
0 46
0 54
0 71
0 100
1 103
1 185
1 12
1 30
1 37
1 39
1 46
1 50
1 63
1 88
1 91
1 97
1 101
2 110
2 133
2 149
2 14
2 16
2 37
2 87
2 102
3 110
3 129
3 131
3 146
3 164
3 183
3 199
3 175
3 157
3 114
3 10
3 14
3 32
3 49
3 50
3 56
3 84
3 87
3 89
3 90
3 99
3 103
4 108
4 125
4 139
4 149
4 190
4 5
4 13
4 17
4 22
4 30
4 38
4 46
4 63
4 77
4 78
4 87
4 88
4 98
4 104
5 118
5 140
5 146
5 166
5 4
5 15
5 17
5 18
5 20
5 23
5 29
5 30
5 42
5 63
5 70
5 74
5 85
5 105
6 116
6 118
6 119
6 190
6 192
6 11
6 27
6 36
6 42
6 59
6 64
6 76
6 86
6 106
7 113
7 196
7 12
7 19
7 29
7 36
7 46
7 77
7 107
8 124
8 127
8 146
8 180
8 11
8 13
8 14
8 22
8 44
8 72
8 86
8 108
9 111
9 122
9 128
9 130
9 184
9 196
9 41
9 66
9 67
9 73
9 99
9 109
10 104
10 143
10 159
10 161
10 166
10 167
10 3
10 12
10 19
10 54
10 58
10 80
10 110
11 111
11 133
11 137
11 179
11 6
11 8
11 20
11 23
11 34
11 43
11 48
11 72
11 76
11 86
12 121
12 155
12 164
12 182
12 1
12 7
12 10
12 27
12 42
12 66
12 68
12 69
12 76
12 85
12 92
12 98
12 112
13 107
13 123
13 131
13 143
13 179
13 196
13 4
13 8
13 17
13 41
13 50
13 60
13 87
13 113
14 133
14 138
14 173
14 174
14 2
14 3
14 8
14 26
14 28
14 38
14 51
14 53
14 62
14 67
14 77
14 85
14 114
15 106
15 118
15 150
15 180
15 189
15 190
15 5
15 26
15 33
15 47
15 58
15 65
15 80
15 90
15 98
15 115
16 102
16 130
16 133
16 185
16 192
16 2
16 32
16 41
16 55
16 62
16 74
16 78
16 82
16 116
17 116
17 131
17 181
17 199
17 4
17 5
17 13
17 25
17 46
17 51
17 69
17 86
17 92
17 95
17 117
18 111
18 115
18 139
18 142
18 149
18 163
18 173
18 5
18 41
18 43
18 48
18 54
18 56
18 63
18 86
18 93
18 98
18 118
19 183
19 186
19 0
19 7
19 10
19 20
19 26
19 29
19 30
19 34
19 43
19 70
19 72
19 75
19 119
20 107
20 127
20 133
20 192
20 5
20 11
20 19
20 21
20 23
20 31
20 62
20 65
20 66
20 67
20 78
20 96
20 120
21 104
21 115
21 132
21 166
21 174
21 20
21 32
21 40
21 59
21 63
21 64
21 74
21 121
22 110
22 121
22 126
22 128
22 153
22 182
22 191
22 198
22 4
22 8
22 35
22 48
22 49
22 97
22 122
23 107
23 125
23 144
23 155
23 182
23 197
23 5
23 11
23 20
23 26
23 28
23 56
23 68
23 79
23 123
24 133
24 139
24 156
24 199
24 33
24 35
24 46
24 51
24 68
24 74
24 75
24 81
24 89
24 124
25 107
25 142
25 151
25 178
25 189
25 17
25 29
25 56
25 81
25 86
25 125
26 101
26 152
26 168
26 14
26 15
26 19
26 23
26 33
26 41
26 74
26 75
26 77
26 84
26 88
26 126
27 117
27 181
27 193
27 6
27 12
27 44
27 47
27 56
27 62
27 66
27 67
27 81
27 85
27 86
27 88
27 92
27 94
27 97
27 127
28 132
28 166
28 192
28 14
28 23
28 33
28 64
28 77
28 89
28 91
28 92
28 95
28 128
29 127
29 140
29 169
29 173
29 177
29 190
29 5
29 7
29 19
29 25
29 50
29 53
29 68
29 72
29 73
29 93
29 129
30 110
30 130
30 177
30 1
30 4
30 5
30 19
30 32
30 44
30 46
30 69
30 85
30 95
31 103
31 109
31 119
31 129
31 153
31 156
31 186
31 193
31 20
31 32
31 39
31 46
31 63
31 68
31 82
31 131
32 119
32 155
32 3
32 16
32 21
32 30
32 31
32 47
32 56
32 57
32 58
32 83
32 97
32 132
33 140
33 153
33 166
33 179
33 187
33 15
33 24
33 26
33 28
33 80
33 97
33 98
33 99
33 133
34 102
34 112
34 176
34 11
34 19
34 36
34 37
34 59
34 63
34 70
34 78
34 80
34 86
34 134
35 109
35 192
35 194
35 22
35 24
35 36
35 39
35 40
35 66
35 99
35 135
36 116
36 147
36 154
36 170
36 189
36 6
36 7
36 34
36 35
36 60
36 61
36 80
36 97
36 136
37 104
37 128
37 132
37 139
37 152
37 158
37 162
37 173
37 185
37 1
37 2
37 34
37 58
37 63
37 66
37 87
37 91
37 94
37 137
38 109
38 123
38 136
38 138
38 142
38 158
38 159
38 4
38 14
38 39
38 41
38 53
38 58
39 109
39 116
39 159
39 170
39 173
39 185
39 1
39 31
39 35
39 38
39 42
39 50
39 58
39 63
39 64
39 94
39 99
39 139
40 139
40 161
40 169
40 21
40 35
40 64
40 140
41 136
41 161
41 166
41 9
41 13
41 16
41 18
41 26
41 38
41 82
41 84
41 90
41 141
42 120
42 153
42 158
42 173
42 196
42 5
42 6
42 12
42 39
42 45
42 47
42 75
42 88
42 94
42 142
43 104
43 115
43 140
43 149
43 154
43 169
43 182
43 185
43 11
43 18
43 19
43 45
43 59
43 68
43 75
43 77
43 96
43 97
43 143
44 102
44 130
44 133
44 182
44 8
44 27
44 30
44 53
44 54
44 62
44 64
44 69
44 84
44 88
44 93
44 98
44 144
45 104
45 118
45 147
45 152
45 42
45 43
45 57
45 87
45 89
45 145
46 107
46 121
46 124
46 135
46 156
46 164
46 0
46 1
46 4
46 7
46 17
46 24
46 30
46 31
46 49
46 54
46 62
46 67
46 69
46 96
46 146
47 100
47 106
47 111
47 156
47 176
47 187
47 198
47 15
47 27
47 32
47 42
47 60
47 67
47 93
47 147
48 139
48 184
48 193
48 11
48 18
48 22
48 78
48 89
48 90
48 148
49 104
49 122
49 143
49 196
49 3
49 22
49 46
49 58
49 68
49 69
49 85
49 97
49 149
50 117
50 121
50 1
50 3
50 13
50 29
50 39
50 52
50 60
50 150
51 105
51 115
51 124
51 178
51 14
51 17
51 24
51 64
51 66
51 86
51 88
51 151
52 108
52 112
52 131
52 137
52 145
52 50
52 74
52 83
52 92
52 95
52 97
52 99
52 152
53 103
53 116
53 179
53 188
53 14
53 29
53 38
53 44
53 56
53 62
53 88
53 153
54 127
54 143
54 145
54 149
54 192
54 193
54 198
54 0
54 10
54 18
54 44
54 46
54 67
54 76
54 84
54 99
54 154
55 147
55 160
55 165
55 167
55 16
55 58
55 70
55 155
56 117
56 156
56 3
56 18
56 23
56 25
56 27
56 32
56 53
56 62
56 67
56 76
56 85
56 99
57 128
57 181
57 184
57 32
57 45
57 64
57 67
57 77
57 92
57 97
57 157
58 110
58 140
58 158
58 192
58 10
58 15
58 32
58 37
58 38
58 39
58 49
58 55
58 78
58 83
58 87
58 93
59 103
59 155
59 172
59 190
59 6
59 21
59 34
59 43
59 67
59 75
59 77
59 83
59 92
59 96
59 159
60 145
60 154
60 173
60 176
60 13
60 36
60 47
60 50
60 65
60 86
60 98
60 160
61 120
61 153
61 170
61 173
61 193
61 36
61 84
61 89
61 161
62 127
62 137
62 147
62 184
62 197
62 14
62 16
62 20
62 27
62 44
62 46
62 53
62 56
62 66
62 77
62 94
62 162
63 134
63 173
63 188
63 198
63 1
63 4
63 5
63 18
63 21
63 31
63 34
63 37
63 39
63 71
63 74
63 163
64 137
64 138
64 158
64 191
64 6
64 21
64 28
64 39
64 40
64 44
64 51
64 57
64 79
64 87
64 95
64 164
65 121
65 155
65 15
65 20
65 60
65 78
65 165
66 128
66 147
66 167
66 9
66 12
66 20
66 27
66 35
66 37
66 51
66 62
66 71
66 166
67 126
67 131
67 148
67 156
67 167
67 177
67 196
67 9
67 14
67 20
67 27
67 46
67 47
67 54
67 56
67 57
67 59
67 81
67 88
68 101
68 102
68 110
68 115
68 124
68 146
68 165
68 199
68 12
68 23
68 24
68 29
68 31
68 43
68 49
68 79
68 84
68 88
68 89
68 168
69 101
69 188
69 12
69 17
69 30
69 44
69 46
69 49
69 82
69 85
69 169
70 117
70 125
70 5
70 19
70 34
70 55
70 88
70 170
71 113
71 146
71 173
71 0
71 63
71 66
71 75
71 82
71 84
71 95
71 99
71 171
72 101
72 133
72 155
72 156
72 197
72 8
72 11
72 19
72 29
72 86
72 87
72 93
72 97
72 172
73 106
73 134
73 147
73 156
73 195
73 9
73 29
73 81
73 173
74 121
74 136
74 165
74 196
74 5
74 16
74 21
74 24
74 26
74 52
74 63
74 94
74 98
74 174
75 196
75 19
75 24
75 26
75 42
75 43
75 59
75 71
75 78
75 86
75 92
75 175
76 107
76 130
76 144
76 145
76 151
76 153
76 180
76 181
76 6
76 11
76 12
76 54
76 56
76 86
76 97
76 176
77 124
77 125
77 156
77 190
77 4
77 7
77 14
77 26
77 28
77 43
77 57
77 59
77 62
77 78
77 177
78 115
78 152
78 185
78 4
78 16
78 20
78 34
78 48
78 58
78 65
78 75
78 77
78 81
78 178
79 103
79 105
79 127
79 131
79 155
79 156
79 184
79 23
79 64
79 68
79 95
79 179
80 116
80 118
80 145
80 176
80 190
80 10
80 15
80 33
80 34
80 36
80 87
80 180
81 155
81 163
81 179
81 181
81 24
81 25
81 27
81 67
81 73
81 78
81 84
81 88
81 91
82 138
82 156
82 16
82 31
82 41
82 69
82 71
82 85
82 182
83 121
83 143
83 151
83 184
83 189
83 192
83 32
83 52
83 58
83 59
83 95
83 183
84 140
84 164
84 193
84 3
84 26
84 41
84 44
84 54
84 61
84 68
84 71
84 81
84 85
84 90
84 93
84 184
85 101
85 131
85 141
85 179
85 193
85 5
85 12
85 14
85 27
85 30
85 49
85 56
85 69
85 82
85 84
85 92
85 185
86 103
86 107
86 110
86 126
86 139
86 142
86 149
86 150
86 160
86 197
86 6
86 8
86 11
86 17
86 18
86 25
86 27
86 34
86 51
86 60
86 72
86 75
86 76
86 186
87 106
87 107
87 145
87 150
87 170
87 185
87 2
87 3
87 4
87 13
87 37
87 45
87 58
87 64
87 72
87 80
87 92
87 95
87 187
88 124
88 149
88 165
88 179
88 195
88 1
88 4
88 26
88 27
88 42
88 44
88 51
88 53
88 67
88 68
88 70
88 81
88 92
88 188
89 107
89 178
89 187
89 196
89 3
89 24
89 28
89 45
89 48
89 61
89 68
89 189
90 144
90 153
90 187
90 3
90 15
90 41
90 48
90 84
90 97
90 190
91 104
91 116
91 141
91 1
91 28
91 37
91 81
91 99
91 191
92 150
92 174
92 12
92 17
92 27
92 28
92 52
92 57
92 59
92 75
92 85
92 87
92 88
92 94
92 99
92 192
93 120
93 136
93 148
93 187
93 18
93 29
93 44
93 47
93 58
93 72
93 84
93 94
93 193
94 136
94 154
94 159
94 180
94 186
94 187
94 190
94 27
94 37
94 39
94 42
94 62
94 74
94 92
94 93
94 194
95 103
95 164
95 171
95 184
95 197
95 17
95 28
95 30
95 52
95 64
95 71
95 79
95 83
95 87
95 195
96 164
96 174
96 20
96 43
96 46
96 59
96 196
97 103
97 143
97 153
97 165
97 181
97 184
97 1
97 22
97 27
97 32
97 33
97 36
97 43
97 49
97 52
97 57
97 72
97 76
97 90
97 197
98 102
98 109
98 113
98 128
98 161
98 170
98 182
98 184
98 192
98 4
98 12
98 15
98 18
98 33
98 44
98 60
98 74
98 198
99 107
99 122
99 124
99 137
99 148
99 161
99 168
99 186
99 189
99 3
99 9
99 33
99 35
99 39
99 52
99 54
99 56
99 71
99 91
99 92
99 199
100 47
100 0
101 26
101 68
101 69
101 72
101 85
101 1
102 16
102 34
102 44
102 68
102 98
102 2
103 0
103 1
103 31
103 53
103 59
103 79
103 86
103 95
103 97
103 3
104 10
104 21
104 37
104 43
104 45
104 49
104 91
104 4
105 51
105 79
105 5
106 15
106 47
106 73
106 87
106 6
107 13
107 20
107 23
107 25
107 46
107 76
107 86
107 87
107 89
107 99
107 7
108 4
108 52
108 8
109 31
109 35
109 38
109 39
109 98
109 9
110 2
110 3
110 22
110 30
110 58
110 68
110 86
110 10
111 9
111 11
111 18
111 47
112 34
112 52
112 12
113 7
113 71
113 98
113 13
114 3
114 14
115 18
115 21
115 43
115 51
115 68
115 78
115 15
116 0
116 6
116 17
116 36
116 39
116 53
116 80
116 91
116 16
117 27
117 50
117 56
117 70
117 17
118 5
118 6
118 15
118 45
118 80
118 18
119 6
119 31
119 32
119 19
120 42
120 61
120 93
120 20
121 12
121 22
121 46
121 50
121 65
121 74
121 83
121 21
122 9
122 49
122 99
122 22
123 13
123 38
123 23
124 0
124 8
124 46
124 51
124 68
124 77
124 88
124 99
124 24
125 4
125 23
125 70
125 77
125 25
126 22
126 67
126 86
126 26
127 8
127 20
127 29
127 54
127 62
127 79
127 27
128 9
128 22
128 37
128 57
128 66
128 98
128 28
129 3
129 31
129 29
130 9
130 16
130 30
130 44
130 76
131 3
131 13
131 17
131 52
131 67
131 79
131 85
131 31
132 21
132 28
132 37
132 32
133 0
133 2
133 11
133 14
133 16
133 20
133 24
133 44
133 72
133 33
134 63
134 73
134 34
135 46
135 35
136 38
136 41
136 74
136 93
136 94
136 36
137 11
137 52
137 62
137 64
137 99
137 37
138 14
138 38
138 64
138 82
139 4
139 18
139 24
139 37
139 40
139 48
139 86
139 39
140 5
140 29
140 33
140 43
140 58
140 84
140 40
141 85
141 91
141 41
142 0
142 18
142 25
142 38
142 86
142 42
143 10
143 13
143 49
143 54
143 83
143 97
143 43
144 23
144 76
144 90
144 44
145 52
145 54
145 60
145 76
145 80
145 87
145 45
146 3
146 5
146 8
146 68
146 71
146 46
147 0
147 36
147 45
147 55
147 62
147 66
147 73
147 47
148 67
148 93
148 99
148 48
149 2
149 4
149 18
149 43
149 54
149 86
149 88
149 49
150 15
150 86
150 87
150 92
150 50
151 25
151 76
151 83
151 51
152 26
152 37
152 45
152 78
152 52
153 22
153 31
153 33
153 42
153 61
153 76
153 90
153 97
153 53
154 36
154 43
154 60
154 94
154 54
155 12
155 23
155 32
155 59
155 65
155 72
155 79
155 81
155 55
156 24
156 31
156 46
156 47
156 56
156 67
156 72
156 73
156 77
156 79
156 82
157 3
157 57
158 37
158 38
158 42
158 58
158 64
159 10
159 38
159 39
159 94
159 59
160 55
160 86
160 60
161 10
161 40
161 41
161 98
161 99
161 61
162 37
162 62
163 18
163 81
163 63
164 3
164 12
164 46
164 84
164 95
164 96
164 64
165 55
165 68
165 74
165 88
165 97
165 65
166 5
166 10
166 21
166 28
166 33
166 41
166 66
167 10
167 55
167 66
167 67
168 26
168 99
168 68
169 29
169 40
169 43
169 69
170 36
170 39
170 61
170 87
170 98
170 70
171 95
171 71
172 59
172 72
173 14
173 18
173 29
173 37
173 39
173 42
173 60
173 61
173 63
173 71
173 73
174 14
174 21
174 92
174 96
174 74
175 3
175 75
176 34
176 47
176 60
176 80
176 76
177 29
177 30
177 67
177 77
178 25
178 51
178 89
178 78
179 11
179 13
179 33
179 53
179 81
179 85
179 88
179 79
180 8
180 15
180 76
180 94
180 80
181 0
181 17
181 27
181 57
181 76
181 81
181 97
182 12
182 22
182 23
182 43
182 44
182 98
182 82
183 3
183 19
183 83
184 9
184 48
184 57
184 62
184 79
184 83
184 95
184 97
184 98
184 84
185 1
185 16
185 37
185 39
185 43
185 78
185 87
185 85
186 19
186 31
186 94
186 99
186 86
187 33
187 47
187 89
187 90
187 93
187 94
187 87
188 53
188 63
188 69
188 88
189 15
189 25
189 36
189 83
189 99
189 89
190 4
190 6
190 15
190 29
190 59
190 77
190 80
190 94
190 90
191 22
191 64
191 91
192 6
192 16
192 20
192 28
192 35
192 54
192 58
192 83
192 98
192 92
193 27
193 31
193 48
193 54
193 61
193 84
193 85
193 93
194 35
194 94
195 73
195 88
195 95
196 7
196 9
196 13
196 42
196 49
196 67
196 74
196 75
196 89
196 96
197 23
197 62
197 72
197 86
197 95
197 97
198 22
198 47
198 54
198 63
198 98
199 3
199 17
199 24
199 68
199 99
