  100   233
0 52
0 53
0 1
0 50
1 55
1 62
1 0
1 2
1 51
2 60
2 65
2 94
2 1
2 3
2 52
3 92
3 2
3 4
3 53
4 50
4 51
4 60
4 95
4 97
4 98
4 3
4 8
4 54
5 86
5 41
5 55
6 78
6 81
6 11
6 31
6 56
7 65
7 74
7 80
7 90
7 16
7 43
7 57
8 60
8 66
8 4
8 10
8 58
9 85
9 94
9 31
9 59
10 52
10 63
10 66
10 72
10 75
10 8
10 15
10 60
11 62
11 63
11 6
11 61
12 79
12 82
12 43
12 62
13 60
13 69
13 71
13 26
13 63
14 84
14 85
14 19
14 22
14 37
14 64
15 76
15 67
15 10
15 17
15 65
16 87
16 90
16 92
16 7
16 66
17 53
17 90
17 96
17 15
17 18
17 67
18 55
18 63
18 17
18 20
18 68
19 77
19 78
19 82
19 90
19 14
19 69
20 70
20 77
20 92
20 18
20 21
21 93
21 20
21 23
21 71
22 62
22 68
22 14
22 72
23 72
23 21
23 24
23 73
24 51
24 53
24 60
24 80
24 23
24 25
24 74
25 50
25 58
25 61
25 83
25 24
25 26
25 75
26 86
26 76
26 56
26 54
26 13
26 25
26 27
27 59
27 88
27 98
27 26
27 28
27 77
28 70
28 82
28 94
28 27
28 29
28 78
29 58
29 60
29 69
29 80
29 28
29 30
29 79
30 91
30 86
30 57
30 56
30 29
30 31
30 80
31 88
31 92
31 98
31 6
31 9
31 30
31 32
31 81
32 77
32 93
32 95
32 31
32 34
32 82
33 55
33 58
33 41
33 83
34 61
34 92
34 96
34 32
34 35
34 84
35 53
35 34
35 37
35 85
36 64
36 68
36 73
36 75
36 37
36 86
37 69
37 92
37 14
37 35
37 36
37 38
37 87
38 64
38 88
38 37
38 39
39 75
39 83
39 38
39 40
39 89
40 72
40 78
40 89
40 94
40 39
40 41
40 90
41 88
41 90
41 99
41 5
41 33
41 40
41 42
41 91
42 89
42 90
42 41
42 43
42 92
43 51
43 55
43 7
43 12
43 42
43 44
43 93
44 99
44 91
44 67
44 57
44 43
44 45
44 94
45 63
45 44
45 46
45 95
46 63
46 72
46 45
46 47
46 96
47 53
47 55
47 90
47 97
47 99
47 46
47 48
48 58
48 66
48 74
48 84
48 98
48 47
48 49
49 62
49 65
49 68
49 48
49 99
50 4
50 25
50 0
51 4
51 24
51 43
51 1
52 0
52 10
52 2
53 0
53 17
53 24
53 35
53 47
53 3
54 26
54 4
55 1
55 18
55 33
55 43
55 47
55 5
56 26
56 30
56 6
57 30
57 44
57 7
58 25
58 29
58 33
58 48
58 8
59 27
59 9
60 2
60 4
60 8
60 13
60 24
60 29
60 10
61 25
61 34
61 11
62 1
62 11
62 22
62 49
62 12
63 10
63 11
63 18
63 45
63 46
63 13
64 36
64 38
64 14
65 2
65 7
65 49
65 15
66 8
66 10
66 48
66 16
67 15
67 44
67 17
68 22
68 36
68 49
68 18
69 13
69 29
69 37
69 19
70 20
70 28
71 13
71 21
72 10
72 23
72 40
72 46
72 22
73 36
73 23
74 7
74 48
74 24
75 10
75 36
75 39
75 25
76 15
76 26
77 19
77 20
77 32
77 27
78 6
78 19
78 40
78 28
79 12
79 29
80 7
80 24
80 29
80 30
81 6
81 31
82 12
82 19
82 28
82 32
83 25
83 39
83 33
84 14
84 48
84 34
85 9
85 14
85 35
86 5
86 26
86 30
86 36
87 16
87 37
88 27
88 31
88 38
88 41
89 40
89 42
89 39
90 7
90 16
90 17
90 19
90 41
90 42
90 47
90 40
91 30
91 44
91 41
92 3
92 16
92 20
92 31
92 34
92 37
92 42
93 21
93 32
93 43
94 2
94 9
94 28
94 40
94 44
95 4
95 32
95 45
96 17
96 34
96 46
97 4
97 47
98 4
98 27
98 31
98 48
99 41
99 44
99 47
99 49
