  600   5158
0 307
0 331
0 344
0 350
0 363
0 410
0 444
0 485
0 537
0 24
0 89
0 132
0 159
0 168
0 204
0 242
0 260
0 300
1 339
1 369
1 390
1 394
1 423
1 442
1 467
1 497
1 520
1 563
1 565
1 572
1 574
1 576
1 54
1 68
1 78
1 126
1 206
1 213
1 249
1 287
1 292
1 293
1 301
2 341
2 361
2 397
2 474
2 485
2 513
2 541
2 575
2 26
2 46
2 62
2 64
2 219
2 294
2 302
3 328
3 335
3 373
3 374
3 407
3 437
3 445
3 485
3 495
3 509
3 523
3 538
3 546
3 17
3 62
3 104
3 106
3 140
3 173
3 219
3 226
3 247
3 262
3 303
4 361
4 362
4 379
4 380
4 408
4 411
4 416
4 482
4 502
4 510
4 528
4 568
4 577
4 21
4 43
4 58
4 92
4 106
4 151
4 164
4 191
4 205
4 217
4 258
4 263
4 285
4 293
4 299
4 304
5 342
5 349
5 373
5 435
5 453
5 479
5 488
5 516
5 538
5 541
5 543
5 569
5 595
5 26
5 55
5 72
5 100
5 108
5 127
5 217
5 299
5 305
6 314
6 323
6 345
6 366
6 393
6 453
6 474
6 487
6 524
6 565
6 592
6 596
6 129
6 234
6 263
6 296
6 306
7 328
7 332
7 404
7 449
7 568
7 12
7 142
7 149
7 171
7 182
7 189
7 190
7 194
7 208
7 215
7 225
7 232
7 237
7 261
7 307
8 312
8 335
8 341
8 439
8 456
8 484
8 70
8 83
8 119
8 164
8 190
8 209
8 245
8 251
8 281
8 308
9 309
9 387
9 398
9 406
9 412
9 416
9 435
9 446
9 465
9 473
9 475
9 502
9 503
9 515
9 530
9 537
9 575
9 35
9 43
9 158
9 166
9 191
9 200
9 236
9 248
9 288
10 302
10 311
10 316
10 344
10 359
10 362
10 521
10 552
10 554
10 561
10 573
10 24
10 43
10 72
10 125
10 150
10 205
10 213
10 294
10 310
11 362
11 379
11 398
11 451
11 503
11 571
11 587
11 33
11 48
11 83
11 212
11 282
11 311
12 300
12 326
12 360
12 376
12 404
12 407
12 436
12 453
12 464
12 472
12 555
12 575
12 7
12 59
12 78
12 81
12 153
12 161
12 193
12 201
12 207
12 241
12 267
12 312
13 334
13 443
13 458
13 486
13 490
13 514
13 517
13 550
13 558
13 568
13 576
13 578
13 31
13 53
13 109
13 146
13 157
13 194
13 249
13 281
13 289
13 313
14 306
14 390
14 414
14 438
14 462
14 472
14 473
14 546
14 557
14 571
14 29
14 87
14 138
14 139
14 280
14 314
15 330
15 334
15 421
15 428
15 429
15 430
15 454
15 531
15 535
15 560
15 582
15 589
15 594
15 116
15 168
15 171
15 257
15 315
16 312
16 328
16 353
16 377
16 387
16 397
16 407
16 438
16 480
16 498
16 515
16 518
16 529
16 541
16 554
16 556
16 565
16 67
16 73
16 107
16 128
16 198
16 223
16 224
16 261
16 316
17 318
17 320
17 322
17 417
17 420
17 437
17 492
17 529
17 554
17 560
17 564
17 599
17 3
17 38
17 72
17 156
17 206
17 266
17 317
18 316
18 345
18 346
18 424
18 431
18 447
18 449
18 547
18 572
18 593
18 96
18 165
18 176
18 185
18 218
18 258
18 318
19 364
19 367
19 372
19 385
19 397
19 402
19 405
19 482
19 498
19 549
19 596
19 598
19 41
19 54
19 57
19 174
19 189
19 248
19 249
19 319
20 317
20 358
20 378
20 388
20 410
20 417
20 420
20 425
20 474
20 502
20 547
20 26
20 27
20 50
20 86
20 176
20 185
20 213
20 238
20 239
20 320
21 325
21 438
21 458
21 468
21 473
21 533
21 555
21 565
21 568
21 4
21 89
21 117
21 120
21 156
21 238
21 243
21 255
21 321
22 311
22 334
22 363
22 381
22 409
22 427
22 460
22 474
22 487
22 516
22 519
22 522
22 530
22 576
22 579
22 61
22 73
22 221
22 292
22 322
23 303
23 312
23 336
23 341
23 424
23 441
23 450
23 455
23 508
23 533
23 553
23 575
23 576
23 46
23 88
23 147
23 176
23 199
23 237
23 248
23 269
23 295
23 323
24 313
24 340
24 359
24 393
24 426
24 448
24 501
24 519
24 530
24 544
24 565
24 0
24 10
24 41
24 56
24 105
24 150
24 177
24 188
24 203
24 206
24 252
24 265
24 324
25 307
25 310
25 316
25 406
25 514
25 534
25 546
25 45
25 71
25 126
25 141
25 186
25 235
25 252
25 277
25 325
26 328
26 369
26 401
26 433
26 475
26 485
26 525
26 536
26 544
26 554
26 574
26 2
26 5
26 20
26 31
26 91
26 135
26 159
26 177
26 185
26 193
26 297
26 326
27 437
27 462
27 480
27 497
27 552
27 578
27 20
27 41
27 69
27 72
27 99
27 103
27 245
27 262
27 290
27 327
28 364
28 394
28 417
28 454
28 506
28 525
28 534
28 39
28 65
28 87
28 114
28 119
28 121
28 159
28 172
28 174
28 247
28 328
29 356
29 380
29 408
29 413
29 415
29 441
29 444
29 449
29 458
29 467
29 478
29 480
29 530
29 533
29 555
29 566
29 573
29 597
29 599
29 14
29 69
29 89
29 147
29 202
29 246
29 287
29 329
30 335
30 378
30 390
30 417
30 499
30 524
30 557
30 577
30 585
30 588
30 59
30 102
30 138
30 202
30 261
30 262
30 268
30 281
30 294
30 330
31 356
31 378
31 427
31 433
31 439
31 446
31 481
31 490
31 508
31 533
31 553
31 13
31 26
31 60
31 63
31 87
31 125
31 138
31 168
31 218
31 224
31 227
31 285
31 331
32 305
32 312
32 329
32 370
32 376
32 422
32 430
32 463
32 483
32 545
32 552
32 572
32 578
32 51
32 155
32 181
32 214
32 253
32 332
33 311
33 396
33 413
33 456
33 535
33 550
33 585
33 586
33 588
33 589
33 11
33 131
33 156
33 244
33 333
34 305
34 351
34 378
34 382
34 387
34 398
34 399
34 405
34 458
34 481
34 502
34 559
34 561
34 566
34 63
34 65
34 105
34 137
34 190
34 198
34 216
34 237
34 273
34 290
34 334
35 318
35 324
35 342
35 423
35 425
35 432
35 436
35 437
35 475
35 481
35 492
35 570
35 593
35 9
35 51
35 113
35 290
35 295
35 335
36 305
36 339
36 368
36 375
36 380
36 395
36 487
36 498
36 502
36 38
36 66
36 149
36 171
36 178
36 243
36 246
36 293
36 336
37 300
37 413
37 455
37 484
37 507
37 530
37 559
37 52
37 58
37 65
37 77
37 84
37 92
37 145
37 164
37 227
37 265
37 282
37 337
38 341
38 342
38 352
38 360
38 361
38 470
38 471
38 474
38 488
38 505
38 551
38 559
38 561
38 562
38 590
38 17
38 36
38 47
38 68
38 79
38 127
38 147
38 154
38 175
38 182
38 185
38 199
38 287
38 338
39 321
39 327
39 344
39 396
39 400
39 415
39 416
39 430
39 465
39 538
39 543
39 561
39 570
39 594
39 595
39 28
39 55
39 58
39 64
39 68
39 75
39 94
39 220
39 246
39 248
39 339
40 320
40 336
40 339
40 354
40 371
40 389
40 434
40 439
40 447
40 453
40 459
40 463
40 471
40 535
40 589
40 76
40 100
40 128
40 195
40 217
40 231
40 239
40 270
40 285
40 340
41 325
41 330
41 332
41 343
41 362
41 385
41 392
41 401
41 425
41 429
41 450
41 514
41 533
41 537
41 550
41 19
41 24
41 27
41 46
41 114
41 117
41 207
41 210
41 216
41 232
41 296
41 341
42 323
42 326
42 364
42 380
42 411
42 424
42 460
42 495
42 529
42 538
42 545
42 553
42 565
42 592
42 78
42 157
42 161
42 194
42 204
42 342
43 345
43 346
43 369
43 388
43 466
43 481
43 487
43 501
43 523
43 532
43 533
43 596
43 4
43 9
43 10
43 82
43 119
43 135
43 141
43 166
43 178
43 183
43 191
43 194
43 206
43 224
43 247
43 296
43 343
44 308
44 331
44 353
44 399
44 429
44 438
44 479
44 527
44 533
44 569
44 571
44 97
44 126
44 130
44 137
44 170
44 241
44 254
44 344
45 305
45 309
45 352
45 355
45 368
45 410
45 479
45 533
45 536
45 556
45 582
45 596
45 25
45 84
45 149
45 171
45 235
45 345
46 320
46 363
46 386
46 522
46 523
46 569
46 2
46 23
46 41
46 63
46 97
46 113
46 160
46 181
46 183
46 200
46 346
47 310
47 350
47 408
47 435
47 462
47 483
47 515
47 593
47 594
47 38
47 65
47 79
47 117
47 121
47 127
47 166
47 233
47 271
47 347
48 332
48 351
48 357
48 446
48 474
48 495
48 509
48 511
48 11
48 52
48 79
48 84
48 143
48 147
48 161
48 163
48 201
48 208
48 244
48 260
48 299
48 348
49 308
49 389
49 425
49 468
49 517
49 576
49 587
49 152
49 172
49 188
49 349
50 306
50 333
50 334
50 346
50 399
50 404
50 426
50 484
50 498
50 544
50 547
50 570
50 20
50 108
50 132
50 146
50 206
50 235
50 244
50 265
50 350
51 302
51 363
51 396
51 429
51 448
51 459
51 481
51 486
51 494
51 526
51 543
51 559
51 581
51 599
51 32
51 35
51 93
51 98
51 99
51 170
51 171
51 175
51 194
51 198
51 201
51 217
51 241
51 270
51 351
52 304
52 327
52 329
52 330
52 341
52 360
52 405
52 423
52 453
52 502
52 511
52 526
52 540
52 545
52 550
52 582
52 593
52 37
52 48
52 54
52 62
52 91
52 237
52 242
52 262
52 352
53 300
53 329
53 342
53 352
53 355
53 411
53 415
53 442
53 443
53 446
53 488
53 506
53 522
53 527
53 554
53 571
53 576
53 588
53 589
53 594
53 13
53 117
53 148
53 183
53 195
53 219
53 276
53 353
54 307
54 336
54 343
54 366
54 426
54 437
54 446
54 449
54 467
54 514
54 571
54 1
54 19
54 52
54 65
54 121
54 146
54 168
54 205
54 208
54 223
54 224
54 284
54 354
55 309
55 331
55 342
55 379
55 416
55 438
55 461
55 513
55 558
55 579
55 583
55 5
55 39
55 60
55 76
55 78
55 104
55 107
55 128
55 144
55 149
55 154
55 205
55 271
55 355
56 315
56 320
56 439
56 488
56 500
56 554
56 584
56 24
56 146
56 207
56 262
56 274
56 356
57 314
57 364
57 389
57 423
57 438
57 516
57 517
57 551
57 560
57 568
57 19
57 64
57 79
57 86
57 117
57 136
57 166
57 170
57 190
57 234
57 236
57 264
57 291
57 299
57 357
58 315
58 381
58 392
58 425
58 452
58 471
58 519
58 525
58 595
58 4
58 37
58 39
58 69
58 77
58 94
58 105
58 106
58 140
58 145
58 242
58 269
58 358
59 328
59 351
59 361
59 404
59 502
59 522
59 524
59 575
59 12
59 30
59 97
59 129
59 162
59 169
59 186
59 198
59 359
60 304
60 363
60 398
60 404
60 413
60 426
60 438
60 486
60 494
60 568
60 595
60 31
60 55
60 88
60 92
60 97
60 162
60 206
60 227
60 245
60 269
60 276
60 360
61 300
61 327
61 361
61 382
61 384
61 432
61 465
61 494
61 504
61 505
61 510
61 571
61 586
61 596
61 22
61 163
61 257
61 271
61 277
62 402
62 419
62 421
62 448
62 454
62 469
62 478
62 494
62 498
62 510
62 559
62 589
62 2
62 3
62 52
62 94
62 154
62 156
62 160
62 201
62 211
62 223
62 362
63 344
63 362
63 378
63 415
63 437
63 443
63 448
63 467
63 488
63 504
63 511
63 516
63 536
63 539
63 542
63 548
63 550
63 559
63 595
63 31
63 34
63 46
63 79
63 87
63 136
63 188
63 246
63 281
63 363
64 304
64 306
64 334
64 352
64 380
64 434
64 436
64 438
64 443
64 476
64 494
64 495
64 514
64 530
64 534
64 537
64 2
64 39
64 57
64 80
64 109
64 181
64 240
64 246
64 254
64 268
64 271
64 280
64 281
64 289
64 364
65 326
65 337
65 382
65 414
65 471
65 480
65 488
65 500
65 507
65 554
65 559
65 560
65 565
65 573
65 578
65 587
65 28
65 34
65 37
65 47
65 54
65 76
65 99
65 104
65 107
65 260
65 365
66 337
66 376
66 379
66 407
66 410
66 458
66 486
66 495
66 521
66 549
66 550
66 552
66 36
66 113
66 183
66 200
66 212
66 222
66 258
66 366
67 305
67 369
67 407
67 432
67 442
67 472
67 512
67 16
67 82
67 173
67 202
67 260
67 264
67 367
68 312
68 326
68 350
68 382
68 408
68 426
68 431
68 464
68 485
68 501
68 523
68 529
68 532
68 580
68 583
68 584
68 588
68 597
68 1
68 38
68 39
68 88
68 105
68 140
68 151
68 152
68 154
68 247
68 249
68 258
68 260
68 368
69 351
69 376
69 393
69 433
69 453
69 457
69 474
69 490
69 550
69 570
69 593
69 27
69 29
69 58
69 75
69 86
69 152
69 159
69 184
69 205
69 264
69 279
69 296
69 369
70 301
70 316
70 329
70 353
70 360
70 377
70 380
70 386
70 390
70 399
70 401
70 448
70 469
70 482
70 508
70 514
70 589
70 8
70 79
70 99
70 103
70 105
70 124
70 126
70 180
70 184
70 283
70 285
70 291
70 370
71 303
71 387
71 419
71 423
71 425
71 452
71 466
71 474
71 478
71 492
71 493
71 525
71 527
71 547
71 579
71 596
71 25
71 86
71 95
71 135
71 192
71 212
71 213
71 265
71 279
71 286
71 289
71 371
72 339
72 341
72 362
72 387
72 419
72 425
72 490
72 491
72 503
72 582
72 5
72 10
72 17
72 27
72 119
72 129
72 160
72 167
72 189
72 224
72 252
72 265
72 289
72 294
72 372
73 334
73 336
73 401
73 410
73 419
73 438
73 461
73 463
73 480
73 483
73 487
73 516
73 554
73 586
73 588
73 596
73 16
73 22
73 115
73 188
73 196
73 208
73 244
73 266
73 280
73 373
74 342
74 354
74 363
74 375
74 431
74 473
74 475
74 482
74 486
74 498
74 511
74 529
74 87
74 95
74 100
74 135
74 145
74 271
74 374
75 307
75 322
75 356
75 387
75 413
75 425
75 436
75 466
75 472
75 478
75 499
75 530
75 548
75 563
75 39
75 69
75 82
75 91
75 122
75 133
75 155
75 196
75 209
75 244
75 375
76 322
76 327
76 338
76 362
76 423
76 427
76 469
76 476
76 479
76 507
76 512
76 527
76 531
76 555
76 40
76 55
76 65
76 107
76 149
76 222
76 229
76 288
76 376
77 307
77 309
77 335
77 348
77 355
77 387
77 414
77 426
77 428
77 579
77 37
77 58
77 121
77 141
77 186
77 210
77 219
77 231
77 280
77 377
78 300
78 301
78 309
78 322
78 326
78 372
78 399
78 409
78 420
78 465
78 496
78 526
78 540
78 569
78 592
78 1
78 12
78 42
78 55
78 111
78 131
78 161
78 180
78 247
78 292
78 378
79 336
79 341
79 351
79 361
79 407
79 409
79 421
79 458
79 479
79 501
79 521
79 38
79 47
79 48
79 57
79 63
79 70
79 142
79 161
79 163
79 182
79 219
79 232
79 262
79 379
80 307
80 321
80 323
80 353
80 357
80 382
80 391
80 419
80 428
80 500
80 559
80 563
80 64
80 125
80 136
80 165
80 190
80 197
80 273
80 380
81 303
81 354
81 383
81 384
81 393
81 445
81 498
81 517
81 521
81 525
81 537
81 559
81 570
81 575
81 12
81 135
81 195
81 295
81 297
81 381
82 304
82 344
82 365
82 384
82 409
82 479
82 481
82 567
82 43
82 67
82 75
82 88
82 98
82 131
82 181
82 192
82 211
82 258
82 270
82 285
82 382
83 303
83 342
83 393
83 434
83 453
83 494
83 545
83 564
83 8
83 11
83 142
83 153
83 172
83 186
83 241
83 251
83 254
83 261
83 383
84 326
84 328
84 342
84 357
84 363
84 364
84 372
84 373
84 474
84 529
84 535
84 576
84 37
84 45
84 48
84 98
84 114
84 121
84 173
84 240
84 244
84 384
85 304
85 309
85 321
85 323
85 355
85 360
85 362
85 367
85 373
85 375
85 383
85 418
85 456
85 479
85 490
85 521
85 547
85 566
85 588
85 123
85 184
85 274
85 385
86 374
86 380
86 392
86 404
86 417
86 461
86 508
86 524
86 568
86 588
86 20
86 57
86 69
86 71
86 140
86 152
86 204
86 236
86 251
86 253
86 263
86 269
86 294
86 386
87 309
87 401
87 440
87 477
87 485
87 544
87 555
87 14
87 28
87 31
87 63
87 74
87 89
87 137
87 141
87 148
87 150
87 186
87 243
87 287
87 387
88 354
88 362
88 366
88 456
88 487
88 488
88 507
88 508
88 538
88 540
88 552
88 558
88 560
88 567
88 23
88 60
88 68
88 82
88 123
88 140
88 147
88 164
88 180
88 202
88 276
88 388
89 447
89 457
89 496
89 515
89 527
89 532
89 534
89 539
89 556
89 574
89 0
89 21
89 29
89 87
89 125
89 134
89 155
89 156
89 188
89 259
89 261
89 277
89 293
89 389
90 318
90 353
90 395
90 451
90 485
90 491
90 533
90 544
90 564
90 150
90 181
90 203
90 250
90 258
90 390
91 356
91 389
91 413
91 417
91 431
91 434
91 438
91 516
91 521
91 537
91 548
91 555
91 569
91 580
91 26
91 52
91 75
91 128
91 211
91 256
91 279
91 293
91 297
91 391
92 331
92 360
92 379
92 421
92 481
92 493
92 507
92 508
92 520
92 599
92 4
92 37
92 60
92 161
92 185
92 186
92 285
92 392
93 307
93 315
93 324
93 365
93 382
93 397
93 448
93 462
93 479
93 494
93 502
93 532
93 548
93 582
93 51
93 130
93 158
93 161
93 183
93 202
93 211
93 248
93 393
94 304
94 361
94 396
94 457
94 480
94 495
94 543
94 568
94 591
94 39
94 58
94 62
94 96
94 107
94 113
94 249
94 394
95 313
95 396
95 463
95 476
95 489
95 511
95 513
95 524
95 572
95 71
95 74
95 123
95 127
95 157
95 179
95 188
95 190
95 211
95 395
96 302
96 323
96 330
96 351
96 354
96 384
96 421
96 449
96 477
96 501
96 532
96 551
96 566
96 583
96 18
96 94
96 111
96 175
96 181
96 194
96 198
96 204
96 209
96 272
96 284
96 396
97 340
97 341
97 358
97 391
97 438
97 465
97 488
97 497
97 505
97 509
97 510
97 532
97 553
97 44
97 46
97 59
97 60
97 116
97 127
97 154
97 172
97 174
97 239
97 281
97 397
98 316
98 319
98 321
98 333
98 349
98 357
98 369
98 376
98 400
98 402
98 456
98 478
98 483
98 527
98 536
98 543
98 546
98 596
98 51
98 82
98 84
98 170
98 237
98 252
98 281
98 287
98 398
99 315
99 326
99 334
99 376
99 411
99 426
99 483
99 487
99 516
99 522
99 574
99 594
99 27
99 51
99 65
99 70
99 123
99 161
99 169
99 183
99 206
99 220
99 399
100 318
100 360
100 375
100 470
100 489
100 503
100 505
100 508
100 564
100 568
100 590
100 5
100 40
100 74
100 113
100 139
100 199
100 227
100 272
100 282
100 283
100 295
100 400
101 320
101 345
101 383
101 393
101 396
101 426
101 503
101 532
101 561
101 573
101 574
101 582
101 122
101 149
101 156
101 167
101 180
101 184
101 255
101 261
101 299
101 401
102 342
102 347
102 469
102 487
102 512
102 516
102 537
102 541
102 583
102 597
102 30
102 201
102 228
102 246
102 283
102 292
102 297
102 402
103 312
103 327
103 331
103 339
103 340
103 362
103 386
103 443
103 494
103 534
103 585
103 588
103 27
103 70
103 109
103 125
103 133
103 136
103 145
103 147
103 176
103 242
103 256
103 270
103 272
103 273
103 403
104 313
104 316
104 319
104 466
104 491
104 504
104 509
104 549
104 569
104 580
104 3
104 55
104 65
104 147
104 189
104 203
104 213
104 254
104 267
104 290
104 404
105 313
105 345
105 354
105 361
105 379
105 381
105 391
105 396
105 400
105 434
105 438
105 465
105 475
105 494
105 495
105 518
105 525
105 529
105 546
105 549
105 575
105 24
105 34
105 58
105 68
105 70
105 129
105 405
106 338
106 344
106 359
106 408
106 445
106 489
106 497
106 515
106 537
106 543
106 549
106 569
106 570
106 3
106 4
106 58
106 173
106 234
106 254
106 298
106 406
107 361
107 367
107 390
107 452
107 491
107 496
107 519
107 521
107 525
107 536
107 16
107 55
107 65
107 76
107 94
107 114
107 203
107 223
107 259
107 407
108 334
108 361
108 370
108 396
108 414
108 433
108 452
108 471
108 489
108 496
108 584
108 5
108 50
108 136
108 198
108 254
108 271
108 276
108 408
109 348
109 358
109 368
109 369
109 372
109 384
109 406
109 441
109 457
109 512
109 546
109 570
109 587
109 597
109 13
109 64
109 103
109 149
109 212
109 236
109 409
110 353
110 363
110 410
110 440
110 477
110 479
110 490
110 524
110 546
110 560
110 121
110 202
110 224
110 228
111 308
111 339
111 341
111 354
111 409
111 484
111 513
111 517
111 587
111 78
111 96
111 129
111 299
111 411
112 319
112 363
112 370
112 400
112 402
112 415
112 421
112 456
112 465
112 505
112 517
112 532
112 543
112 547
112 548
112 595
112 121
112 123
112 138
112 174
112 199
112 216
112 270
112 293
112 412
113 300
113 341
113 355
113 357
113 358
113 372
113 437
113 444
113 445
113 471
113 486
113 540
113 561
113 565
113 589
113 592
113 594
113 35
113 46
113 66
113 94
113 100
113 154
113 225
113 230
113 245
113 260
113 267
113 271
113 413
114 304
114 384
114 406
114 424
114 430
114 448
114 478
114 495
114 532
114 578
114 583
114 599
114 28
114 41
114 84
114 107
114 116
114 122
114 125
114 138
114 168
114 196
114 199
114 228
114 414
115 306
115 308
115 319
115 353
115 365
115 403
115 419
115 490
115 500
115 501
115 554
115 588
115 594
115 73
115 138
115 148
115 164
115 189
115 211
115 236
115 252
115 254
115 286
115 297
115 415
116 304
116 348
116 355
116 367
116 397
116 409
116 463
116 542
116 592
116 15
116 97
116 114
116 130
116 138
116 273
116 297
116 416
117 301
117 342
117 347
117 362
117 368
117 371
117 384
117 394
117 418
117 460
117 476
117 503
117 504
117 508
117 536
117 539
117 559
117 561
117 575
117 21
117 41
117 47
117 53
117 57
117 160
117 171
117 186
117 198
117 289
117 417
118 303
118 318
118 328
118 402
118 418
118 419
118 432
118 448
118 461
118 496
118 507
118 520
118 522
118 548
118 592
118 596
118 206
118 208
118 255
119 332
119 385
119 421
119 424
119 427
119 428
119 440
119 465
119 507
119 509
119 550
119 551
119 591
119 8
119 28
119 43
119 72
119 205
119 242
119 419
120 323
120 364
120 397
120 443
120 450
120 454
120 459
120 477
120 493
120 501
120 560
120 21
120 128
120 230
120 238
120 242
120 260
120 273
120 420
121 361
121 373
121 375
121 377
121 381
121 397
121 421
121 515
121 548
121 594
121 28
121 47
121 54
121 77
121 84
121 110
121 112
121 134
121 174
121 196
121 206
121 212
121 221
121 236
121 250
121 269
121 295
122 337
122 373
122 402
122 407
122 413
122 436
122 469
122 486
122 487
122 504
122 512
122 555
122 576
122 593
122 75
122 101
122 114
122 151
122 185
122 225
122 247
122 287
122 298
122 422
123 361
123 447
123 569
123 575
123 85
123 88
123 95
123 99
123 112
123 208
123 253
123 277
123 423
124 364
124 368
124 442
124 515
124 521
124 548
124 571
124 70
124 144
124 174
124 190
124 282
124 424
125 305
125 329
125 366
125 461
125 462
125 475
125 540
125 545
125 570
125 594
125 599
125 10
125 31
125 80
125 89
125 103
125 114
125 152
125 222
125 239
125 285
125 293
125 425
126 335
126 360
126 361
126 373
126 386
126 421
126 521
126 548
126 597
126 1
126 25
126 44
126 70
126 127
126 199
126 217
126 218
126 221
126 233
126 282
126 426
127 301
127 319
127 331
127 338
127 386
127 424
127 486
127 500
127 518
127 540
127 556
127 570
127 5
127 38
127 47
127 95
127 97
127 126
127 130
127 140
127 194
127 251
127 427
128 314
128 316
128 341
128 450
128 455
128 457
128 464
128 529
128 555
128 16
128 40
128 55
128 91
128 120
128 172
128 220
128 236
128 270
128 289
128 428
129 329
129 338
129 350
129 375
129 383
129 394
129 424
129 430
129 446
129 480
129 499
129 529
129 548
129 6
129 59
129 72
129 105
129 111
129 130
129 145
129 266
129 429
130 356
130 380
130 475
130 490
130 505
130 546
130 566
130 44
130 93
130 116
130 127
130 129
130 246
130 263
130 272
130 430
131 351
131 362
131 365
131 378
131 388
131 399
131 444
131 458
131 506
131 523
131 33
131 78
131 82
131 132
131 181
131 208
131 230
131 431
132 311
132 329
132 338
132 410
132 418
132 423
132 425
132 438
132 440
132 474
132 537
132 554
132 589
132 0
132 50
132 131
132 146
132 234
132 239
132 249
132 290
132 293
132 297
132 432
133 317
133 320
133 409
133 460
133 471
133 475
133 513
133 516
133 541
133 75
133 103
133 139
133 186
133 193
133 195
133 206
133 252
133 433
134 315
134 368
134 370
134 379
134 440
134 464
134 506
134 525
134 538
134 547
134 557
134 576
134 585
134 89
134 121
134 193
134 203
134 210
134 434
135 442
135 497
135 508
135 514
135 536
135 551
135 555
135 575
135 26
135 43
135 71
135 74
135 81
135 156
135 207
135 245
135 255
135 283
135 286
135 435
136 324
136 359
136 360
136 396
136 400
136 418
136 460
136 489
136 564
136 592
136 57
136 63
136 80
136 103
136 108
136 204
136 206
136 212
136 213
136 218
136 264
136 436
137 349
137 382
137 435
137 472
137 511
137 513
137 535
137 536
137 546
137 559
137 563
137 583
137 34
137 44
137 87
137 142
137 161
137 167
137 168
137 290
137 437
138 308
138 384
138 418
138 437
138 438
138 451
138 483
138 503
138 534
138 541
138 549
138 14
138 30
138 31
138 112
138 114
138 115
138 116
138 139
138 164
138 212
138 215
138 216
138 222
138 256
138 259
138 270
138 274
139 321
139 413
139 421
139 445
139 476
139 538
139 573
139 580
139 581
139 593
139 598
139 14
139 100
139 133
139 138
139 203
139 232
139 236
139 239
139 273
139 283
139 291
139 439
140 315
140 369
140 370
140 440
140 488
140 508
140 574
140 3
140 58
140 68
140 86
140 88
140 127
140 298
141 310
141 311
141 315
141 361
141 383
141 388
141 404
141 408
141 412
141 417
141 427
141 462
141 534
141 550
141 573
141 575
141 25
141 43
141 77
141 87
141 152
141 198
141 200
141 223
141 233
141 251
141 254
141 441
142 309
142 336
142 360
142 400
142 500
142 538
142 550
142 573
142 592
142 7
142 79
142 83
142 137
142 164
142 173
142 226
142 240
142 442
143 300
143 340
143 359
143 361
143 367
143 399
143 405
143 419
143 424
143 466
143 469
143 541
143 568
143 574
143 594
143 48
143 208
143 242
143 253
143 270
143 276
143 443
144 321
144 374
144 378
144 389
144 403
144 409
144 436
144 450
144 495
144 507
144 512
144 541
144 569
144 55
144 124
144 163
144 228
144 232
144 444
145 321
145 326
145 338
145 379
145 422
145 446
145 506
145 514
145 537
145 594
145 37
145 58
145 74
145 103
145 129
145 445
146 336
146 356
146 375
146 387
146 413
146 496
146 513
146 557
146 583
146 587
146 13
146 50
146 54
146 56
146 132
146 240
146 255
146 446
147 342
147 366
147 399
147 436
147 456
147 461
147 535
147 571
147 584
147 590
147 23
147 29
147 38
147 48
147 88
147 103
147 104
147 148
147 153
147 162
147 188
147 254
147 275
147 447
148 335
148 396
148 413
148 430
148 436
148 450
148 458
148 473
148 509
148 511
148 537
148 561
148 582
148 583
148 591
148 599
148 53
148 87
148 115
148 147
148 163
148 186
148 193
148 239
148 248
148 262
148 448
149 326
149 336
149 345
149 379
149 388
149 424
149 446
149 492
149 493
149 545
149 7
149 36
149 45
149 55
149 76
149 101
149 109
149 216
149 219
149 221
149 229
149 240
149 267
149 286
149 289
149 449
150 352
150 356
150 389
150 430
150 442
150 444
150 520
150 527
150 556
150 560
150 10
150 24
150 87
150 90
150 156
150 159
150 168
150 206
150 450
151 306
151 331
151 347
151 351
151 379
151 383
151 424
151 460
151 508
151 531
151 557
151 560
151 4
151 68
151 122
151 201
151 221
151 283
151 451
152 311
152 403
152 411
152 443
152 475
152 476
152 541
152 558
152 592
152 49
152 68
152 69
152 86
152 125
152 141
152 160
152 170
152 209
152 211
152 212
152 219
152 452
153 309
153 312
153 349
153 355
153 376
153 423
153 447
153 476
153 538
153 551
153 579
153 12
153 83
153 147
153 188
153 202
153 253
153 277
153 453
154 302
154 319
154 358
154 363
154 366
154 403
154 491
154 501
154 509
154 524
154 38
154 55
154 62
154 68
154 97
154 113
154 165
154 203
154 454
155 315
155 337
155 344
155 380
155 420
155 423
155 471
155 473
155 493
155 502
155 559
155 563
155 32
155 75
155 89
155 175
155 178
155 184
155 249
155 259
155 260
155 269
155 270
155 290
155 455
156 310
156 373
156 392
156 396
156 520
156 549
156 571
156 585
156 17
156 21
156 33
156 62
156 89
156 101
156 135
156 150
156 174
156 197
156 204
156 225
156 297
156 456
157 318
157 324
157 346
157 348
157 357
157 407
157 411
157 442
157 448
157 507
157 508
157 520
157 538
157 547
157 560
157 584
157 586
157 13
157 42
157 95
157 198
157 242
157 249
157 250
157 267
157 457
158 334
158 353
158 375
158 383
158 409
158 414
158 466
158 472
158 487
158 509
158 536
158 545
158 563
158 597
158 9
158 93
158 187
158 189
158 225
158 458
159 313
159 399
159 439
159 454
159 455
159 494
159 523
159 0
159 26
159 28
159 69
159 150
159 171
159 176
159 182
159 191
159 192
159 228
159 243
159 253
159 459
160 308
160 383
160 411
160 489
160 494
160 546
160 46
160 62
160 72
160 117
160 152
160 180
160 192
160 269
160 276
160 278
160 460
161 322
161 325
161 330
161 459
161 513
161 12
161 42
161 48
161 78
161 79
161 92
161 93
161 99
161 137
161 253
161 461
162 311
162 327
162 333
162 356
162 374
162 392
162 403
162 428
162 464
162 532
162 542
162 549
162 554
162 594
162 59
162 60
162 147
162 200
162 218
162 246
162 462
163 359
163 365
163 379
163 436
163 445
163 447
163 458
163 460
163 510
163 536
163 48
163 61
163 79
163 144
163 148
163 240
163 253
163 278
163 286
163 463
164 314
164 331
164 334
164 341
164 346
164 348
164 354
164 366
164 376
164 379
164 386
164 408
164 450
164 469
164 480
164 485
164 505
164 526
164 593
164 597
164 4
164 8
164 37
164 88
164 115
164 138
164 142
164 194
164 227
164 239
164 294
164 464
165 329
165 331
165 351
165 432
165 468
165 476
165 480
165 481
165 488
165 555
165 559
165 577
165 594
165 18
165 80
165 154
165 197
165 219
165 248
165 270
165 289
165 465
166 302
166 315
166 329
166 351
166 394
166 396
166 404
166 413
166 429
166 496
166 500
166 511
166 9
166 43
166 47
166 57
166 167
166 194
166 252
166 295
166 466
167 303
167 317
167 328
167 337
167 365
167 368
167 377
167 380
167 382
167 383
167 384
167 388
167 398
167 420
167 426
167 430
167 454
167 457
167 471
167 486
167 519
167 542
167 579
167 72
167 101
167 137
167 166
167 175
167 203
167 275
167 297
167 467
168 331
168 337
168 424
168 475
168 515
168 538
168 581
168 0
168 15
168 31
168 54
168 114
168 137
168 150
168 238
168 239
168 281
168 468
169 305
169 325
169 340
169 370
169 425
169 434
169 437
169 445
169 467
169 470
169 496
169 502
169 552
169 556
169 560
169 570
169 581
169 59
169 99
169 207
169 227
169 469
170 355
170 359
170 360
170 365
170 391
170 395
170 427
170 451
170 456
170 560
170 598
170 44
170 51
170 57
170 98
170 152
170 173
170 178
170 186
170 187
170 470
171 304
171 322
171 356
171 372
171 449
171 481
171 489
171 491
171 493
171 497
171 505
171 569
171 7
171 15
171 36
171 45
171 51
171 117
171 159
171 177
171 210
171 217
171 219
171 224
171 226
171 239
171 253
171 267
171 284
171 471
172 309
172 315
172 321
172 346
172 350
172 425
172 436
172 460
172 468
172 519
172 579
172 598
172 28
172 49
172 83
172 97
172 128
172 195
172 198
172 267
172 472
173 332
173 333
173 334
173 337
173 342
173 347
173 399
173 432
173 459
173 496
173 541
173 577
173 582
173 3
173 67
173 84
173 106
173 142
173 170
173 184
173 202
173 276
173 473
174 303
174 331
174 366
174 415
174 440
174 444
174 463
174 537
174 558
174 571
174 578
174 582
174 19
174 28
174 97
174 112
174 121
174 124
174 156
174 230
174 252
174 255
174 281
174 293
174 474
175 361
175 381
175 395
175 438
175 451
175 478
175 479
175 511
175 512
175 518
175 554
175 560
175 576
175 581
175 583
175 38
175 51
175 96
175 155
175 167
175 220
175 244
175 249
175 475
176 325
176 333
176 340
176 437
176 453
176 477
176 494
176 497
176 530
176 547
176 548
176 18
176 20
176 23
176 103
176 159
176 212
176 275
176 476
177 334
177 342
177 372
177 408
177 419
177 426
177 433
177 458
177 493
177 504
177 505
177 528
177 537
177 551
177 594
177 24
177 26
177 171
177 178
177 201
177 240
177 289
177 477
178 318
178 358
178 398
178 440
178 446
178 454
178 469
178 492
178 505
178 511
178 525
178 526
178 533
178 553
178 554
178 563
178 36
178 43
178 155
178 170
178 177
178 478
179 327
179 400
179 412
179 421
179 441
179 467
179 556
179 583
179 95
179 190
179 251
179 266
179 271
179 479
180 315
180 341
180 356
180 359
180 381
180 388
180 392
180 440
180 481
180 486
180 513
180 562
180 588
180 70
180 78
180 88
180 101
180 160
180 184
180 188
180 225
180 295
180 480
181 329
181 397
181 448
181 453
181 455
181 458
181 492
181 509
181 511
181 529
181 559
181 577
181 583
181 32
181 46
181 64
181 82
181 90
181 96
181 131
181 256
181 273
181 481
182 466
182 493
182 517
182 536
182 538
182 7
182 38
182 79
182 159
182 191
182 215
182 224
182 228
182 236
182 261
182 482
183 304
183 312
183 322
183 336
183 413
183 418
183 447
183 454
183 504
183 587
183 43
183 46
183 53
183 66
183 93
183 99
183 235
183 237
183 256
183 262
183 483
184 344
184 399
184 403
184 415
184 419
184 445
184 453
184 467
184 472
184 509
184 546
184 567
184 573
184 598
184 69
184 70
184 85
184 101
184 155
184 173
184 180
184 225
184 268
184 484
185 304
185 314
185 316
185 356
185 366
185 427
185 533
185 546
185 573
185 18
185 20
185 26
185 38
185 92
185 122
185 186
185 193
185 200
185 276
185 485
186 317
186 333
186 341
186 356
186 376
186 378
186 390
186 396
186 436
186 544
186 547
186 560
186 583
186 25
186 59
186 77
186 83
186 87
186 92
186 117
186 133
186 148
186 170
186 185
186 190
186 221
186 263
186 264
186 285
186 486
187 317
187 331
187 350
187 362
187 407
187 425
187 436
187 437
187 449
187 450
187 465
187 498
187 541
187 544
187 561
187 584
187 589
187 158
187 170
187 229
187 282
187 487
188 315
188 318
188 359
188 385
188 405
188 470
188 482
188 488
188 497
188 505
188 510
188 513
188 537
188 24
188 49
188 63
188 73
188 89
188 95
188 147
188 153
188 180
188 195
188 199
188 202
188 286
189 344
189 372
189 375
189 414
189 460
189 466
189 477
189 493
189 522
189 571
189 582
189 7
189 19
189 72
189 104
189 115
189 158
189 218
189 235
189 236
189 489
190 311
190 321
190 326
190 346
190 390
190 391
190 406
190 434
190 437
190 448
190 471
190 486
190 508
190 524
190 535
190 539
190 555
190 7
190 8
190 34
190 57
190 80
190 95
190 124
190 179
190 186
190 234
190 490
191 326
191 339
191 350
191 354
191 357
191 358
191 461
191 490
191 512
191 534
191 539
191 551
191 556
191 4
191 9
191 43
191 159
191 182
191 244
191 262
191 491
192 304
192 345
192 356
192 393
192 438
192 532
192 589
192 593
192 71
192 82
192 159
192 160
192 227
192 259
192 492
193 350
193 393
193 419
193 438
193 478
193 498
193 504
193 514
193 547
193 560
193 578
193 12
193 26
193 133
193 134
193 148
193 185
193 215
193 268
193 274
193 279
193 292
193 493
194 302
194 337
194 339
194 363
194 410
194 411
194 412
194 439
194 459
194 468
194 517
194 595
194 7
194 13
194 42
194 43
194 51
194 96
194 127
194 164
194 166
194 210
194 236
194 494
195 350
195 395
195 420
195 456
195 470
195 502
195 530
195 555
195 580
195 589
195 590
195 599
195 40
195 53
195 81
195 133
195 172
195 188
195 266
195 272
195 297
195 495
196 305
196 351
196 389
196 412
196 414
196 460
196 491
196 493
196 511
196 538
196 73
196 75
196 114
196 121
196 280
196 287
196 496
197 342
197 414
197 416
197 417
197 421
197 446
197 459
197 519
197 521
197 540
197 550
197 565
197 80
197 156
197 165
197 216
197 217
197 225
197 243
197 267
197 269
197 281
197 497
198 307
198 327
198 357
198 371
198 381
198 387
198 389
198 425
198 482
198 483
198 499
198 502
198 504
198 16
198 34
198 51
198 59
198 96
198 108
198 117
198 141
198 157
198 172
198 239
198 248
198 267
198 270
198 291
198 295
198 498
199 301
199 329
199 332
199 355
199 370
199 423
199 430
199 455
199 465
199 505
199 523
199 549
199 563
199 573
199 590
199 591
199 23
199 38
199 100
199 112
199 114
199 126
199 188
199 203
199 245
199 268
199 271
199 499
200 308
200 341
200 373
200 396
200 401
200 416
200 490
200 514
200 557
200 558
200 570
200 9
200 46
200 66
200 141
200 162
200 185
200 263
200 500
201 303
201 326
201 371
201 494
201 510
201 549
201 551
201 12
201 48
201 51
201 62
201 102
201 151
201 177
201 212
201 223
201 276
201 283
201 289
201 295
201 501
202 347
202 351
202 394
202 400
202 402
202 424
202 507
202 517
202 518
202 549
202 556
202 564
202 594
202 29
202 30
202 67
202 88
202 93
202 110
202 153
202 173
202 188
202 233
202 502
203 354
203 406
203 441
203 452
203 459
203 511
203 571
203 598
203 24
203 90
203 104
203 107
203 134
203 139
203 154
203 167
203 199
203 220
203 256
203 271
203 297
203 503
204 350
204 364
204 377
204 383
204 422
204 429
204 513
204 516
204 583
204 0
204 42
204 86
204 96
204 136
204 156
204 211
204 218
204 241
204 242
204 256
204 278
204 504
205 321
205 362
205 366
205 371
205 373
205 462
205 467
205 481
205 532
205 539
205 540
205 543
205 568
205 578
205 590
205 594
205 599
205 4
205 10
205 54
205 55
205 69
205 119
205 253
205 295
205 505
206 319
206 384
206 461
206 467
206 472
206 488
206 565
206 570
206 1
206 17
206 24
206 43
206 50
206 60
206 99
206 118
206 121
206 133
206 136
206 150
206 218
206 230
206 233
206 252
206 282
206 286
206 506
207 304
207 352
207 379
207 393
207 433
207 504
207 510
207 549
207 573
207 599
207 12
207 41
207 56
207 135
207 169
207 507
208 319
208 376
208 389
208 396
208 433
208 434
208 450
208 451
208 455
208 482
208 509
208 550
208 559
208 569
208 570
208 583
208 587
208 7
208 48
208 54
208 73
208 118
208 123
208 131
208 143
208 264
208 508
209 302
209 312
209 367
209 375
209 394
209 423
209 454
209 497
209 532
209 566
209 8
209 75
209 96
209 152
209 220
209 235
209 509
210 305
210 332
210 369
210 408
210 426
210 469
210 472
210 516
210 530
210 544
210 562
210 596
210 41
210 77
210 134
210 171
210 194
210 216
210 220
210 261
210 510
211 306
211 312
211 350
211 372
211 423
211 446
211 448
211 475
211 483
211 517
211 540
211 578
211 62
211 82
211 91
211 93
211 95
211 115
211 152
211 204
211 220
211 279
211 511
212 311
212 312
212 369
212 397
212 400
212 451
212 512
212 513
212 514
212 526
212 11
212 66
212 71
212 109
212 121
212 136
212 138
212 152
212 176
212 201
212 250
212 287
212 289
212 293
213 302
213 304
213 323
213 340
213 347
213 361
213 362
213 405
213 427
213 491
213 504
213 517
213 523
213 574
213 577
213 1
213 10
213 20
213 71
213 104
213 136
213 237
213 248
213 261
213 281
213 287
213 513
214 302
214 355
214 499
214 532
214 577
214 584
214 32
214 222
214 288
214 514
215 321
215 333
215 338
215 363
215 377
215 426
215 441
215 482
215 487
215 496
215 525
215 534
215 554
215 599
215 7
215 138
215 182
215 193
215 218
215 229
215 231
215 236
215 249
215 261
215 286
215 515
216 319
216 416
216 446
216 479
216 485
216 500
216 522
216 561
216 597
216 34
216 41
216 112
216 138
216 149
216 197
216 210
216 245
216 284
216 516
217 334
217 352
217 353
217 361
217 381
217 384
217 395
217 403
217 422
217 428
217 451
217 491
217 503
217 543
217 567
217 591
217 4
217 5
217 40
217 51
217 126
217 171
217 197
217 221
217 227
217 270
217 517
218 306
218 318
218 321
218 323
218 504
218 547
218 589
218 598
218 18
218 31
218 126
218 136
218 162
218 189
218 204
218 206
218 215
218 226
218 243
218 278
218 296
218 518
219 308
219 386
219 428
219 444
219 453
219 515
219 557
219 558
219 564
219 584
219 599
219 2
219 3
219 53
219 77
219 79
219 149
219 152
219 165
219 171
219 265
219 519
220 302
220 351
220 353
220 389
220 428
220 439
220 454
220 495
220 533
220 567
220 589
220 39
220 99
220 128
220 175
220 203
220 209
220 210
220 211
220 292
220 520
221 332
221 342
221 368
221 398
221 414
221 436
221 456
221 471
221 513
221 574
221 581
221 582
221 597
221 22
221 121
221 126
221 149
221 151
221 186
221 217
221 243
221 253
221 257
221 264
221 268
221 521
222 310
222 316
222 350
222 356
222 408
222 453
222 460
222 524
222 541
222 562
222 66
222 76
222 125
222 138
222 214
222 290
222 297
222 522
223 336
223 341
223 399
223 409
223 421
223 481
223 556
223 571
223 577
223 599
223 16
223 54
223 62
223 107
223 141
223 201
223 288
223 291
223 293
223 298
223 523
224 302
224 336
224 412
224 421
224 470
224 484
224 522
224 590
224 16
224 31
224 43
224 54
224 72
224 110
224 171
224 182
224 241
224 245
224 271
224 524
225 312
225 356
225 388
225 432
225 467
225 480
225 550
225 7
225 113
225 122
225 156
225 158
225 180
225 184
225 197
225 260
225 267
225 294
225 297
225 525
226 366
226 449
226 456
226 468
226 476
226 503
226 520
226 544
226 566
226 570
226 572
226 3
226 142
226 171
226 218
226 239
226 267
226 274
226 526
227 370
227 394
227 457
227 510
227 521
227 31
227 37
227 60
227 100
227 164
227 169
227 192
227 217
227 251
227 253
227 278
227 527
228 321
228 355
228 399
228 416
228 422
228 427
228 459
228 467
228 482
228 491
228 511
228 517
228 538
228 552
228 589
228 102
228 110
228 114
228 144
228 159
228 182
228 244
228 293
228 528
229 302
229 360
229 366
229 426
229 434
229 461
229 470
229 545
229 555
229 577
229 76
229 149
229 187
229 215
229 529
230 317
230 381
230 406
230 419
230 430
230 506
230 545
230 580
230 113
230 120
230 131
230 174
230 206
230 240
230 294
230 530
231 326
231 340
231 368
231 391
231 448
231 454
231 455
231 462
231 463
231 466
231 506
231 523
231 525
231 40
231 77
231 215
231 232
231 237
231 244
231 264
231 291
231 531
232 341
232 366
232 367
232 400
232 407
232 481
232 498
232 504
232 583
232 7
232 41
232 79
232 139
232 144
232 231
232 532
233 386
233 392
233 460
233 471
233 474
233 516
233 540
233 544
233 547
233 558
233 47
233 126
233 141
233 202
233 206
233 282
233 533
234 318
234 353
234 365
234 397
234 424
234 440
234 487
234 503
234 524
234 532
234 535
234 561
234 567
234 6
234 57
234 106
234 132
234 190
234 266
234 283
234 534
235 302
235 306
235 342
235 349
235 352
235 369
235 372
235 374
235 389
235 423
235 447
235 459
235 560
235 586
235 592
235 595
235 25
235 45
235 50
235 183
235 189
235 209
235 267
235 270
235 277
235 535
236 329
236 344
236 356
236 381
236 398
236 405
236 451
236 497
236 519
236 522
236 531
236 545
236 572
236 574
236 578
236 9
236 57
236 86
236 109
236 115
236 121
236 128
236 139
236 182
236 189
236 194
236 215
236 240
236 258
236 284
236 536
237 378
237 478
237 515
237 554
237 587
237 7
237 23
237 34
237 52
237 98
237 183
237 213
237 231
237 284
237 537
238 302
238 374
238 418
238 426
238 458
238 464
238 470
238 488
238 501
238 567
238 592
238 599
238 20
238 21
238 120
238 168
238 538
239 302
239 323
239 361
239 366
239 447
239 453
239 464
239 467
239 493
239 503
239 505
239 20
239 40
239 97
239 125
239 132
239 139
239 148
239 164
239 168
239 171
239 198
239 226
239 277
239 292
239 539
240 340
240 427
240 431
240 456
240 478
240 480
240 491
240 500
240 521
240 582
240 597
240 64
240 84
240 142
240 146
240 149
240 163
240 177
240 230
240 236
240 540
241 321
241 340
241 418
241 419
241 453
241 459
241 465
241 512
241 517
241 577
241 599
241 12
241 44
241 51
241 83
241 204
241 224
241 262
241 297
241 541
242 311
242 315
242 372
242 421
242 423
242 443
242 451
242 463
242 493
242 498
242 546
242 0
242 52
242 58
242 103
242 119
242 120
242 143
242 157
242 204
242 542
243 310
243 312
243 355
243 404
243 417
243 426
243 428
243 480
243 495
243 561
243 21
243 36
243 87
243 159
243 197
243 218
243 221
243 543
244 327
244 331
244 355
244 360
244 415
244 421
244 459
244 483
244 529
244 535
244 33
244 48
244 50
244 73
244 75
244 84
244 175
244 191
244 228
244 231
244 286
244 291
244 296
244 544
245 307
245 316
245 319
245 333
245 357
245 382
245 393
245 410
245 413
245 437
245 489
245 563
245 596
245 8
245 27
245 60
245 113
245 135
245 199
245 216
245 224
245 291
245 545
246 337
246 367
246 390
246 445
246 489
246 490
246 491
246 496
246 555
246 572
246 577
246 29
246 36
246 39
246 63
246 64
246 102
246 130
246 162
246 286
246 546
247 334
247 432
247 467
247 489
247 583
247 585
247 588
247 591
247 3
247 28
247 43
247 68
247 78
247 122
247 547
248 302
248 321
248 345
248 398
248 416
248 477
248 514
248 540
248 548
248 550
248 9
248 19
248 23
248 39
248 93
248 148
248 165
248 198
248 213
249 342
249 389
249 397
249 427
249 452
249 590
249 1
249 13
249 19
249 68
249 94
249 132
249 155
249 157
249 175
249 215
249 549
250 307
250 321
250 322
250 351
250 367
250 436
250 497
250 506
250 515
250 90
250 121
250 157
250 212
250 258
250 550
251 315
251 327
251 336
251 403
251 406
251 466
251 480
251 510
251 554
251 562
251 563
251 574
251 580
251 595
251 596
251 8
251 83
251 86
251 127
251 141
251 179
251 227
251 261
251 551
252 307
252 322
252 329
252 338
252 344
252 382
252 393
252 442
252 446
252 457
252 483
252 503
252 504
252 535
252 539
252 553
252 558
252 568
252 24
252 25
252 72
252 98
252 115
252 133
252 166
252 174
252 206
252 263
252 552
253 318
253 332
253 339
253 403
253 425
253 478
253 495
253 545
253 579
253 583
253 32
253 86
253 123
253 143
253 153
253 159
253 161
253 163
253 171
253 205
253 221
253 227
253 289
253 553
254 326
254 361
254 362
254 374
254 404
254 407
254 419
254 432
254 437
254 462
254 493
254 504
254 558
254 564
254 44
254 64
254 83
254 104
254 106
254 108
254 115
254 141
254 147
254 554
255 307
255 346
255 394
255 477
255 507
255 541
255 21
255 101
255 118
255 135
255 146
255 174
255 271
255 281
255 555
256 307
256 329
256 392
256 398
256 424
256 475
256 485
256 552
256 558
256 565
256 594
256 91
256 103
256 138
256 181
256 183
256 203
256 204
256 556
257 316
257 318
257 350
257 394
257 418
257 442
257 480
257 482
257 484
257 514
257 540
257 560
257 569
257 583
257 588
257 591
257 15
257 61
257 221
257 557
258 309
258 313
258 528
258 535
258 543
258 555
258 565
258 4
258 18
258 66
258 68
258 82
258 90
258 236
258 250
258 274
258 558
259 348
259 386
259 399
259 405
259 442
259 448
259 517
259 557
259 566
259 578
259 593
259 89
259 107
259 138
259 155
259 192
259 559
260 335
260 363
260 409
260 465
260 482
260 509
260 533
260 565
260 0
260 48
260 65
260 67
260 68
260 113
260 120
260 155
260 225
260 283
260 291
260 560
261 373
261 381
261 408
261 422
261 426
261 429
261 435
261 458
261 468
261 568
261 7
261 16
261 30
261 83
261 89
261 101
261 182
261 210
261 213
261 215
261 251
261 273
261 561
262 335
262 336
262 403
262 420
262 433
262 441
262 456
262 460
262 465
262 509
262 546
262 562
262 565
262 579
262 3
262 27
262 30
262 52
262 56
262 79
262 148
262 183
262 191
262 241
263 341
263 381
263 392
263 407
263 421
263 437
263 452
263 506
263 518
263 522
263 545
263 546
263 568
263 584
263 4
263 6
263 86
263 130
263 186
263 200
263 252
263 267
263 563
264 349
264 361
264 381
264 391
264 415
264 459
264 519
264 555
264 57
264 67
264 69
264 136
264 186
264 208
264 221
264 231
264 275
264 289
264 564
265 317
265 378
265 397
265 450
265 451
265 524
265 537
265 548
265 550
265 557
265 590
265 24
265 37
265 50
265 71
265 72
265 219
265 267
265 298
265 565
266 317
266 340
266 383
266 389
266 484
266 507
266 579
266 17
266 73
266 129
266 179
266 195
266 234
266 275
266 284
266 566
267 377
267 382
267 384
267 424
267 427
267 428
267 503
267 524
267 585
267 12
267 104
267 113
267 149
267 157
267 171
267 172
267 197
267 198
267 225
267 226
267 235
267 263
267 265
267 297
267 567
268 318
268 355
268 373
268 384
268 417
268 420
268 434
268 435
268 442
268 482
268 491
268 493
268 497
268 506
268 30
268 64
268 184
268 193
268 199
268 221
268 568
269 384
269 392
269 409
269 471
269 484
269 506
269 524
269 527
269 562
269 587
269 23
269 58
269 60
269 86
269 121
269 155
269 160
269 197
269 283
269 569
270 326
270 349
270 378
270 384
270 389
270 393
270 410
270 497
270 501
270 507
270 531
270 556
270 577
270 596
270 40
270 51
270 82
270 103
270 112
270 128
270 138
270 143
270 155
270 165
270 198
270 217
270 235
270 273
270 570
271 305
271 354
271 435
271 463
271 466
271 479
271 533
271 546
271 563
271 566
271 578
271 583
271 47
271 55
271 61
271 64
271 74
271 108
271 113
271 179
271 199
271 203
271 224
271 255
271 272
271 279
271 280
271 295
271 571
272 302
272 311
272 317
272 329
272 338
272 341
272 366
272 369
272 377
272 388
272 427
272 522
272 96
272 100
272 103
272 130
272 195
272 271
272 279
272 572
273 313
273 328
273 368
273 386
273 436
273 459
273 463
273 476
273 518
273 553
273 581
273 588
273 34
273 80
273 103
273 116
273 120
273 139
273 181
273 261
273 270
273 280
273 573
274 310
274 396
274 456
274 463
274 477
274 487
274 517
274 524
274 546
274 567
274 572
274 580
274 56
274 85
274 138
274 193
274 226
274 258
274 279
274 574
275 301
275 331
275 359
275 362
275 375
275 404
275 411
275 413
275 505
275 515
275 526
275 539
275 548
275 562
275 593
275 147
275 167
275 176
275 264
275 266
275 277
275 575
276 324
276 358
276 379
276 386
276 387
276 389
276 458
276 464
276 500
276 514
276 579
276 585
276 590
276 53
276 60
276 88
276 108
276 143
276 160
276 173
276 185
276 201
276 289
276 576
277 300
277 301
277 315
277 325
277 343
277 344
277 351
277 409
277 495
277 514
277 533
277 534
277 542
277 545
277 576
277 25
277 61
277 89
277 123
277 153
277 235
277 239
277 275
277 278
277 297
277 577
278 301
278 304
278 307
278 407
278 411
278 540
278 542
278 566
278 573
278 582
278 586
278 160
278 163
278 204
278 218
278 227
278 277
278 578
279 301
279 304
279 413
279 422
279 432
279 465
279 572
279 586
279 589
279 69
279 71
279 91
279 193
279 211
279 271
279 272
279 274
279 292
279 579
280 324
280 327
280 346
280 372
280 384
280 385
280 451
280 476
280 518
280 541
280 545
280 579
280 594
280 14
280 64
280 73
280 77
280 196
280 271
280 273
280 292
280 580
281 303
281 333
281 339
281 360
281 439
281 479
281 540
281 561
281 563
281 597
281 8
281 13
281 30
281 63
281 64
281 97
281 98
281 168
281 174
281 197
281 213
281 255
281 581
282 357
282 391
282 408
282 419
282 425
282 438
282 468
282 470
282 488
282 489
282 492
282 497
282 509
282 518
282 519
282 11
282 37
282 100
282 124
282 126
282 187
282 206
282 233
282 296
282 582
283 318
283 326
283 336
283 343
283 378
283 436
283 457
283 466
283 508
283 565
283 583
283 592
283 70
283 100
283 102
283 135
283 139
283 151
283 201
283 234
283 260
283 269
284 339
284 358
284 363
284 369
284 380
284 404
284 433
284 477
284 484
284 526
284 542
284 549
284 560
284 581
284 583
284 587
284 54
284 96
284 171
284 216
284 236
284 237
284 266
284 584
285 309
285 316
285 354
285 356
285 363
285 402
285 411
285 412
285 438
285 449
285 469
285 489
285 504
285 508
285 533
285 560
285 561
285 570
285 577
285 4
285 31
285 40
285 70
285 82
285 92
285 125
285 186
285 585
286 326
286 389
286 440
286 445
286 458
286 462
286 537
286 538
286 552
286 71
286 115
286 135
286 149
286 163
286 188
286 206
286 215
286 244
286 246
286 586
287 303
287 307
287 312
287 335
287 346
287 420
287 421
287 436
287 505
287 540
287 566
287 598
287 1
287 29
287 38
287 87
287 98
287 122
287 196
287 212
287 213
287 587
288 313
288 355
288 356
288 370
288 400
288 448
288 455
288 457
288 485
288 491
288 497
288 553
288 568
288 570
288 585
288 9
288 76
288 214
288 223
288 297
288 588
289 437
289 484
289 498
289 544
289 555
289 569
289 597
289 13
289 64
289 71
289 72
289 117
289 128
289 149
289 165
289 177
289 201
289 212
289 253
289 264
289 276
289 589
290 306
290 348
290 400
290 411
290 425
290 436
290 463
290 476
290 483
290 516
290 550
290 559
290 574
290 27
290 34
290 35
290 104
290 132
290 137
290 155
290 222
290 590
291 332
291 348
291 372
291 499
291 534
291 571
291 573
291 595
291 597
291 57
291 70
291 139
291 198
291 223
291 231
291 244
291 245
291 260
291 591
292 300
292 303
292 305
292 308
292 326
292 442
292 464
292 469
292 478
292 498
292 1
292 22
292 78
292 102
292 193
292 220
292 239
292 279
292 280
292 592
293 303
293 330
293 332
293 338
293 342
293 352
293 358
293 385
293 390
293 408
293 433
293 455
293 463
293 478
293 507
293 521
293 525
293 537
293 545
293 550
293 556
293 574
293 587
293 1
293 4
293 36
293 89
293 91
293 112
293 125
293 132
293 174
293 212
293 223
293 228
293 593
294 307
294 308
294 382
294 401
294 481
294 506
294 547
294 552
294 575
294 578
294 2
294 10
294 30
294 72
294 86
294 164
294 225
294 230
294 594
295 305
295 307
295 379
295 386
295 389
295 408
295 436
295 444
295 451
295 510
295 520
295 529
295 554
295 572
295 591
295 23
295 35
295 81
295 100
295 121
295 166
295 180
295 198
295 201
295 205
295 271
295 595
296 319
296 369
296 377
296 398
296 420
296 431
296 440
296 503
296 523
296 537
296 581
296 6
296 41
296 43
296 69
296 218
296 244
296 282
296 596
297 328
297 334
297 350
297 354
297 375
297 431
297 464
297 480
297 502
297 503
297 508
297 523
297 559
297 26
297 81
297 91
297 102
297 115
297 116
297 132
297 156
297 167
297 195
297 203
297 222
297 225
297 241
297 267
297 277
297 288
297 298
297 597
298 320
298 400
298 428
298 431
298 456
298 461
298 486
298 503
298 518
298 572
298 106
298 122
298 140
298 223
298 265
298 297
298 598
299 307
299 329
299 365
299 391
299 423
299 437
299 451
299 460
299 461
299 479
299 554
299 561
299 575
299 4
299 5
299 48
299 57
299 101
299 111
299 599
300 12
300 37
300 53
300 61
300 78
300 113
300 143
300 277
300 292
300 0
301 70
301 78
301 117
301 127
301 199
301 275
301 277
301 278
301 279
301 1
302 10
302 51
302 96
302 154
302 166
302 194
302 209
302 213
302 214
302 220
302 224
302 229
302 235
302 238
302 239
302 248
302 272
302 2
303 23
303 71
303 81
303 83
303 118
303 167
303 174
303 201
303 281
303 287
303 292
303 293
303 3
304 52
304 60
304 64
304 82
304 85
304 94
304 114
304 116
304 171
304 183
304 185
304 192
304 207
304 213
304 278
304 279
304 4
305 32
305 34
305 36
305 45
305 67
305 125
305 169
305 196
305 210
305 271
305 292
305 295
305 5
306 14
306 50
306 64
306 115
306 151
306 211
306 218
306 235
306 290
306 6
307 0
307 25
307 54
307 75
307 77
307 80
307 93
307 198
307 245
307 250
307 252
307 255
307 256
307 278
307 287
307 294
307 295
307 299
307 7
308 44
308 49
308 111
308 115
308 138
308 160
308 200
308 219
308 292
308 294
308 8
309 9
309 45
309 55
309 77
309 78
309 85
309 87
309 142
309 153
309 172
309 258
309 285
310 25
310 47
310 141
310 156
310 222
310 243
310 274
310 10
311 10
311 22
311 33
311 132
311 141
311 152
311 162
311 190
311 212
311 242
311 272
311 11
312 8
312 16
312 23
312 32
312 68
312 103
312 153
312 183
312 209
312 211
312 212
312 225
312 243
312 287
312 12
313 24
313 95
313 104
313 105
313 159
313 258
313 273
313 288
313 13
314 6
314 57
314 128
314 164
314 185
314 14
315 56
315 58
315 93
315 99
315 134
315 140
315 141
315 155
315 166
315 172
315 180
315 188
315 242
315 251
315 277
315 15
316 10
316 18
316 25
316 70
316 98
316 104
316 128
316 185
316 222
316 245
316 257
316 285
316 16
317 20
317 133
317 167
317 186
317 187
317 230
317 265
317 266
317 272
317 17
318 17
318 35
318 90
318 100
318 118
318 157
318 178
318 188
318 218
318 234
318 253
318 257
318 268
318 283
318 18
319 98
319 104
319 112
319 115
319 127
319 154
319 206
319 208
319 216
319 245
319 296
319 19
320 17
320 40
320 46
320 56
320 101
320 133
320 298
320 20
321 39
321 80
321 85
321 98
321 139
321 144
321 145
321 172
321 190
321 205
321 215
321 218
321 228
321 241
321 248
321 250
321 21
322 17
322 75
322 76
322 78
322 161
322 171
322 183
322 250
322 252
322 22
323 6
323 42
323 80
323 85
323 96
323 120
323 213
323 218
323 239
323 23
324 35
324 93
324 136
324 157
324 276
324 280
324 24
325 21
325 41
325 161
325 169
325 176
325 277
325 25
326 12
326 42
326 65
326 68
326 78
326 84
326 99
326 145
326 149
326 190
326 191
326 201
326 231
326 254
326 270
326 283
326 286
326 292
326 26
327 39
327 52
327 61
327 76
327 103
327 162
327 179
327 198
327 244
327 251
327 280
327 27
328 3
328 7
328 16
328 26
328 59
328 84
328 118
328 167
328 273
328 297
328 28
329 32
329 52
329 53
329 70
329 125
329 129
329 132
329 165
329 166
329 181
329 199
329 236
329 252
329 256
329 272
329 299
329 29
330 15
330 41
330 52
330 96
330 161
330 293
330 30
331 0
331 44
331 55
331 92
331 103
331 127
331 151
331 164
331 165
331 168
331 174
331 187
331 244
331 275
331 31
332 7
332 41
332 48
332 119
332 173
332 199
332 210
332 221
332 253
332 291
332 293
332 32
333 50
333 98
333 162
333 173
333 176
333 186
333 215
333 245
333 281
333 33
334 13
334 15
334 22
334 50
334 64
334 73
334 99
334 108
334 158
334 164
334 173
334 177
334 217
334 247
334 297
334 34
335 3
335 8
335 30
335 77
335 126
335 148
335 260
335 262
335 287
335 35
336 23
336 40
336 54
336 73
336 79
336 142
336 146
336 149
336 183
336 223
336 224
336 251
336 262
336 283
336 36
337 65
337 66
337 122
337 155
337 167
337 168
337 173
337 194
337 246
337 37
338 76
338 106
338 127
338 129
338 132
338 145
338 215
338 252
338 272
338 293
338 38
339 1
339 36
339 40
339 72
339 103
339 111
339 191
339 194
339 253
339 281
339 284
339 39
340 24
340 97
340 103
340 143
340 169
340 176
340 213
340 231
340 240
340 241
340 266
340 40
341 2
341 8
341 23
341 38
341 52
341 72
341 79
341 97
341 111
341 113
341 128
341 164
341 180
341 186
341 200
341 223
341 232
341 263
341 272
341 41
342 5
342 35
342 38
342 53
342 55
342 74
342 83
342 84
342 102
342 117
342 147
342 173
342 177
342 197
342 221
342 235
342 249
342 293
342 42
343 41
343 54
343 277
343 283
343 43
344 0
344 10
344 39
344 63
344 82
344 106
344 155
344 184
344 189
344 236
344 252
344 277
344 44
345 6
345 18
345 43
345 101
345 105
345 149
345 192
345 248
345 45
346 18
346 43
346 50
346 157
346 164
346 172
346 190
346 255
346 280
346 287
346 46
347 102
347 117
347 151
347 173
347 202
347 213
347 47
348 77
348 109
348 116
348 157
348 164
348 259
348 290
348 291
348 48
349 5
349 98
349 137
349 153
349 235
349 264
349 270
349 49
350 0
350 47
350 68
350 129
350 172
350 187
350 191
350 193
350 195
350 204
350 211
350 222
350 257
350 297
350 50
351 34
351 48
351 59
351 69
351 79
351 96
351 131
351 151
351 165
351 166
351 196
351 202
351 220
351 250
351 277
351 51
352 38
352 45
352 53
352 64
352 150
352 207
352 217
352 235
352 293
352 52
353 16
353 44
353 70
353 80
353 90
353 110
353 115
353 158
353 217
353 220
353 234
353 53
354 40
354 74
354 81
354 88
354 96
354 105
354 111
354 164
354 191
354 203
354 271
354 285
354 297
354 54
355 45
355 53
355 77
355 85
355 113
355 116
355 153
355 170
355 199
355 214
355 228
355 243
355 244
355 268
355 288
355 55
356 29
356 31
356 75
356 91
356 130
356 146
356 150
356 162
356 171
356 180
356 185
356 186
356 192
356 222
356 225
356 236
356 285
356 288
356 56
357 48
357 80
357 84
357 98
357 113
357 157
357 191
357 198
357 245
357 282
357 57
358 20
358 97
358 109
358 113
358 154
358 178
358 191
358 276
358 284
358 293
358 58
359 10
359 24
359 106
359 136
359 143
359 163
359 170
359 180
359 188
359 275
359 59
360 12
360 38
360 52
360 70
360 85
360 92
360 100
360 126
360 136
360 142
360 170
360 229
360 244
360 281
360 60
361 2
361 4
361 38
361 59
361 61
361 79
361 94
361 105
361 107
361 108
361 121
361 123
361 126
361 141
361 143
361 175
361 213
361 217
361 239
361 254
361 264
362 4
362 10
362 11
362 41
362 63
362 72
362 76
362 85
362 88
362 103
362 117
362 131
362 187
362 205
362 213
362 254
362 275
362 62
363 0
363 22
363 46
363 51
363 60
363 74
363 84
363 110
363 112
363 154
363 194
363 215
363 260
363 284
363 285
363 63
364 19
364 28
364 42
364 57
364 84
364 120
364 124
364 204
364 64
365 82
365 93
365 115
365 131
365 163
365 167
365 170
365 234
365 299
365 65
366 6
366 54
366 88
366 125
366 147
366 154
366 164
366 174
366 185
366 205
366 226
366 229
366 232
366 239
366 272
366 66
367 19
367 85
367 107
367 116
367 143
367 209
367 232
367 246
367 250
367 67
368 36
368 45
368 109
368 117
368 124
368 134
368 167
368 221
368 231
368 273
368 68
369 1
369 26
369 43
369 67
369 98
369 109
369 140
369 210
369 212
369 235
369 272
369 284
369 296
369 69
370 32
370 108
370 112
370 134
370 140
370 169
370 199
370 227
370 288
370 70
371 40
371 117
371 198
371 201
371 205
371 71
372 19
372 78
372 84
372 109
372 113
372 171
372 177
372 189
372 211
372 235
372 242
372 280
372 291
372 72
373 3
373 5
373 84
373 85
373 121
373 122
373 126
373 156
373 200
373 205
373 261
373 268
373 73
374 3
374 86
374 144
374 162
374 235
374 238
374 254
374 74
375 36
375 74
375 85
375 100
375 121
375 129
375 146
375 158
375 189
375 209
375 275
375 297
375 75
376 12
376 32
376 66
376 69
376 98
376 99
376 153
376 164
376 186
376 208
376 76
377 16
377 70
377 121
377 167
377 204
377 215
377 267
377 272
377 296
377 77
378 20
378 30
378 31
378 34
378 63
378 131
378 144
378 186
378 237
378 265
378 270
378 283
378 78
379 4
379 11
379 55
379 66
379 92
379 105
379 134
379 145
379 149
379 151
379 163
379 164
379 207
379 276
379 295
379 79
380 4
380 29
380 36
380 42
380 64
380 70
380 86
380 130
380 155
380 167
380 284
380 80
381 22
381 58
381 105
381 121
381 175
381 180
381 198
381 217
381 230
381 236
381 261
381 263
381 264
381 81
382 34
382 61
382 65
382 68
382 80
382 93
382 137
382 167
382 245
382 252
382 267
382 294
382 82
383 81
383 85
383 101
383 129
383 141
383 151
383 158
383 160
383 167
383 204
383 266
383 83
384 61
384 81
384 82
384 96
384 109
384 114
384 117
384 138
384 167
384 206
384 217
384 267
384 268
384 269
384 270
384 280
384 84
385 19
385 41
385 119
385 188
385 280
385 293
385 85
386 46
386 70
386 103
386 126
386 127
386 164
386 219
386 233
386 259
386 273
386 276
386 295
386 86
387 9
387 16
387 34
387 71
387 72
387 75
387 77
387 146
387 198
387 276
387 87
388 20
388 43
388 131
388 141
388 149
388 167
388 180
388 225
388 272
388 88
389 40
389 49
389 57
389 91
389 144
389 150
389 196
389 198
389 208
389 220
389 235
389 249
389 266
389 270
389 276
389 286
389 295
389 89
390 1
390 14
390 30
390 70
390 107
390 186
390 190
390 246
390 293
390 90
391 80
391 97
391 105
391 170
391 190
391 231
391 264
391 282
391 299
391 91
392 41
392 58
392 86
392 156
392 162
392 180
392 233
392 256
392 263
392 269
392 92
393 6
393 24
393 69
393 81
393 83
393 101
393 192
393 193
393 207
393 245
393 252
393 270
393 93
394 1
394 28
394 117
394 129
394 166
394 202
394 209
394 227
394 255
394 257
394 94
395 36
395 90
395 170
395 175
395 195
395 217
395 95
396 33
396 39
396 51
396 94
396 95
396 101
396 105
396 108
396 136
396 148
396 156
396 166
396 186
396 200
396 208
396 274
396 96
397 2
397 16
397 19
397 93
397 116
397 120
397 121
397 181
397 212
397 234
397 249
397 265
397 97
398 9
398 11
398 34
398 60
398 167
398 178
398 221
398 236
398 248
398 256
398 296
398 98
399 34
399 44
399 50
399 70
399 78
399 131
399 143
399 147
399 159
399 173
399 184
399 223
399 228
399 259
399 99
400 39
400 98
400 105
400 112
400 136
400 142
400 179
400 202
400 212
400 232
400 288
400 290
400 298
400 100
401 26
401 41
401 70
401 73
401 87
401 200
401 294
401 101
402 19
402 62
402 98
402 112
402 118
402 122
402 202
402 285
402 102
403 115
403 144
403 152
403 154
403 162
403 184
403 217
403 251
403 253
403 262
403 103
404 7
404 12
404 50
404 59
404 60
404 86
404 141
404 166
404 243
404 254
404 275
404 284
404 104
405 19
405 34
405 52
405 143
405 188
405 213
405 236
405 259
405 105
406 9
406 25
406 109
406 114
406 190
406 203
406 230
406 251
406 106
407 3
407 12
407 16
407 66
407 67
407 79
407 122
407 157
407 187
407 232
407 254
407 263
407 278
407 107
408 4
408 29
408 47
408 68
408 106
408 141
408 164
408 177
408 210
408 222
408 261
408 282
408 293
408 295
408 108
409 22
409 78
409 79
409 82
409 111
409 116
409 133
409 144
409 158
409 223
409 260
409 269
409 277
409 109
410 0
410 20
410 45
410 66
410 73
410 110
410 132
410 194
410 245
410 270
411 4
411 42
411 53
411 99
411 152
411 157
411 160
411 194
411 275
411 278
411 285
411 290
411 111
412 9
412 141
412 179
412 194
412 196
412 224
412 285
412 112
413 29
413 33
413 37
413 60
413 75
413 91
413 122
413 139
413 146
413 148
413 166
413 183
413 245
413 275
413 279
413 113
414 14
414 65
414 77
414 108
414 158
414 189
414 196
414 197
414 221
414 114
415 29
415 39
415 53
415 63
415 112
415 174
415 184
415 244
415 264
415 115
416 4
416 9
416 39
416 55
416 197
416 200
416 216
416 228
416 248
416 116
417 17
417 20
417 28
417 30
417 86
417 91
417 141
417 197
417 243
417 268
417 117
418 85
418 117
418 118
418 132
418 136
418 138
418 183
418 238
418 241
418 257
419 62
419 71
419 72
419 73
419 80
419 115
419 118
419 143
419 177
419 184
419 193
419 230
419 241
419 254
419 282
419 119
420 17
420 20
420 78
420 155
420 167
420 195
420 262
420 268
420 287
420 296
420 120
421 15
421 62
421 79
421 92
421 96
421 112
421 119
421 121
421 126
421 139
421 179
421 197
421 223
421 224
421 242
421 244
421 263
421 287
422 32
422 145
422 204
422 217
422 228
422 261
422 279
422 122
423 1
423 35
423 52
423 57
423 71
423 76
423 132
423 153
423 155
423 199
423 209
423 211
423 235
423 242
423 299
423 123
424 18
424 23
424 42
424 114
424 119
424 127
424 129
424 143
424 149
424 151
424 168
424 202
424 234
424 256
424 267
424 124
425 20
425 35
425 41
425 49
425 58
425 71
425 72
425 75
425 132
425 169
425 172
425 187
425 198
425 253
425 282
425 290
425 125
426 24
426 50
426 54
426 60
426 68
426 77
426 99
426 101
426 167
426 177
426 210
426 215
426 229
426 238
426 243
426 261
426 126
427 22
427 31
427 76
427 119
427 141
427 170
427 185
427 213
427 228
427 240
427 249
427 267
427 272
427 127
428 15
428 77
428 80
428 119
428 162
428 217
428 219
428 220
428 243
428 267
428 298
428 128
429 15
429 41
429 44
429 51
429 166
429 204
429 261
429 129
430 15
430 32
430 39
430 114
430 129
430 148
430 150
430 167
430 199
430 230
430 130
431 18
431 68
431 74
431 91
431 240
431 296
431 297
431 298
431 131
432 35
432 61
432 67
432 118
432 165
432 173
432 225
432 247
432 254
432 279
432 132
433 26
433 31
433 69
433 108
433 177
433 207
433 208
433 262
433 284
433 293
433 133
434 40
434 64
434 83
434 91
434 105
434 169
434 190
434 208
434 229
434 268
434 134
435 5
435 9
435 47
435 137
435 261
435 268
435 271
435 135
436 12
436 35
436 64
436 75
436 122
436 144
436 147
436 148
436 163
436 172
436 186
436 187
436 221
436 250
436 273
436 283
436 287
436 290
436 295
436 136
437 3
437 17
437 27
437 35
437 54
437 63
437 113
437 138
437 169
437 176
437 187
437 190
437 245
437 254
437 263
437 289
437 299
437 137
438 14
438 16
438 21
438 44
438 55
438 57
438 60
438 64
438 73
438 91
438 97
438 105
438 132
438 138
438 175
438 192
438 193
438 282
438 285
439 8
439 31
439 40
439 56
439 159
439 194
439 220
439 281
439 139
440 87
440 110
440 119
440 132
440 134
440 140
440 174
440 178
440 180
440 234
440 286
440 296
441 23
441 29
441 109
441 179
441 203
441 215
441 262
441 141
442 1
442 53
442 67
442 124
442 135
442 150
442 157
442 252
442 257
442 259
442 268
442 292
442 142
443 13
443 53
443 63
443 64
443 103
443 120
443 152
443 242
443 143
444 0
444 29
444 113
444 131
444 150
444 174
444 219
444 295
444 144
445 3
445 81
445 106
445 113
445 139
445 163
445 169
445 184
445 246
445 286
445 145
446 9
446 31
446 48
446 53
446 54
446 129
446 145
446 149
446 178
446 197
446 211
446 216
446 252
446 146
447 18
447 40
447 89
447 123
447 153
447 163
447 183
447 235
447 239
447 147
448 24
448 51
448 62
448 63
448 70
448 93
448 114
448 118
448 157
448 181
448 190
448 211
448 231
448 259
448 288
448 148
449 7
449 18
449 29
449 54
449 96
449 171
449 187
449 226
449 285
449 149
450 23
450 41
450 120
450 128
450 144
450 148
450 164
450 187
450 208
450 265
450 150
451 11
451 90
451 138
451 170
451 175
451 208
451 212
451 217
451 236
451 242
451 265
451 280
451 295
451 299
451 151
452 58
452 71
452 107
452 108
452 203
452 249
452 263
452 152
453 5
453 6
453 12
453 40
453 52
453 69
453 83
453 176
453 181
453 184
453 219
453 222
453 239
453 241
453 153
454 15
454 28
454 62
454 120
454 159
454 167
454 178
454 183
454 209
454 220
454 231
454 154
455 23
455 37
455 128
455 159
455 181
455 199
455 208
455 231
455 288
455 293
455 155
456 8
456 33
456 85
456 88
456 98
456 112
456 147
456 170
456 195
456 221
456 226
456 240
456 262
456 274
456 298
456 156
457 69
457 89
457 94
457 109
457 128
457 167
457 227
457 252
457 283
457 288
457 157
458 13
458 21
458 29
458 34
458 66
458 79
458 131
458 148
458 163
458 177
458 181
458 238
458 261
458 276
458 286
458 158
459 40
459 51
459 120
459 161
459 173
459 194
459 197
459 203
459 228
459 235
459 241
459 244
459 264
459 273
459 159
460 22
460 42
460 117
460 133
460 136
460 151
460 163
460 172
460 189
460 196
460 222
460 233
460 262
460 299
460 160
461 55
461 73
461 86
461 118
461 125
461 147
461 191
461 206
461 229
461 298
461 299
461 161
462 14
462 27
462 47
462 93
462 125
462 141
462 205
462 231
462 254
462 286
462 162
463 32
463 40
463 73
463 95
463 116
463 174
463 231
463 242
463 271
463 273
463 274
463 290
463 293
463 163
464 12
464 68
464 128
464 134
464 162
464 238
464 239
464 276
464 292
464 297
464 164
465 9
465 39
465 61
465 78
465 97
465 105
465 112
465 119
465 187
465 199
465 241
465 260
465 262
465 279
465 165
466 43
466 71
466 75
466 104
466 143
466 158
466 182
466 189
466 231
466 251
466 271
466 283
466 166
467 1
467 29
467 54
467 63
467 169
467 179
467 184
467 205
467 206
467 225
467 228
467 239
467 247
467 167
468 21
468 49
468 165
468 172
468 194
468 226
468 261
468 282
468 168
469 62
469 70
469 76
469 102
469 122
469 143
469 164
469 178
469 210
469 285
469 292
469 169
470 38
470 100
470 169
470 188
470 195
470 224
470 229
470 238
470 282
470 170
471 38
471 40
471 58
471 65
471 108
471 113
471 133
471 155
471 167
471 190
471 221
471 233
471 269
471 171
472 12
472 14
472 67
472 75
472 137
472 158
472 184
472 206
472 210
472 172
473 9
473 14
473 21
473 74
473 148
473 155
473 173
474 2
474 6
474 20
474 22
474 38
474 48
474 69
474 71
474 84
474 132
474 233
474 174
475 9
475 26
475 35
475 74
475 105
475 125
475 130
475 133
475 152
475 168
475 211
475 256
475 175
476 64
476 76
476 95
476 117
476 139
476 152
476 153
476 165
476 226
476 273
476 280
476 290
476 176
477 87
477 96
477 110
477 120
477 176
477 189
477 248
477 255
477 274
477 284
477 177
478 29
478 62
478 71
478 75
478 98
478 114
478 175
478 193
478 237
478 240
478 253
478 292
478 293
478 178
479 5
479 44
479 45
479 76
479 79
479 82
479 85
479 93
479 110
479 175
479 216
479 271
479 281
479 299
479 179
480 16
480 27
480 29
480 65
480 73
480 94
480 129
480 164
480 165
480 225
480 240
480 243
480 251
480 257
480 297
480 180
481 31
481 34
481 35
481 43
481 51
481 82
481 92
481 165
481 171
481 180
481 205
481 223
481 232
481 294
481 181
482 4
482 19
482 70
482 74
482 188
482 198
482 208
482 215
482 228
482 257
482 260
482 268
482 182
483 32
483 47
483 73
483 98
483 99
483 138
483 198
483 211
483 244
483 252
483 290
483 183
484 8
484 37
484 50
484 111
484 224
484 257
484 266
484 269
484 284
484 289
484 184
485 0
485 2
485 3
485 26
485 68
485 87
485 90
485 164
485 216
485 256
485 288
485 185
486 13
486 51
486 60
486 66
486 74
486 113
486 122
486 127
486 167
486 180
486 190
486 298
486 186
487 6
487 22
487 36
487 43
487 73
487 88
487 99
487 102
487 122
487 158
487 215
487 234
487 274
487 187
488 5
488 38
488 53
488 56
488 63
488 65
488 88
488 97
488 140
488 165
488 188
488 206
488 238
488 282
489 95
489 100
489 106
489 108
489 136
489 160
489 171
489 245
489 246
489 247
489 282
489 285
489 189
490 13
490 31
490 69
490 72
490 85
490 110
490 115
490 130
490 191
490 200
490 246
490 190
491 72
491 90
491 104
491 107
491 154
491 171
491 196
491 213
491 217
491 228
491 240
491 246
491 268
491 288
491 191
492 17
492 35
492 71
492 149
492 178
492 181
492 282
492 192
493 71
493 92
493 120
493 149
493 155
493 171
493 177
493 182
493 189
493 196
493 239
493 242
493 254
493 268
493 193
494 51
494 60
494 61
494 62
494 64
494 83
494 93
494 103
494 105
494 159
494 160
494 176
494 201
494 194
495 3
495 42
495 48
495 64
495 66
495 94
495 105
495 114
495 144
495 220
495 243
495 253
495 277
495 195
496 78
496 89
496 107
496 108
496 118
496 146
496 166
496 169
496 173
496 215
496 246
496 196
497 1
497 27
497 97
497 106
497 135
497 171
497 176
497 188
497 209
497 236
497 250
497 268
497 270
497 282
497 288
497 197
498 16
498 19
498 36
498 50
498 62
498 74
498 81
498 187
498 193
498 232
498 242
498 289
498 292
498 198
499 30
499 75
499 129
499 198
499 214
499 291
499 199
500 56
500 65
500 80
500 115
500 127
500 142
500 166
500 216
500 240
500 276
500 200
501 24
501 43
501 68
501 79
501 96
501 115
501 120
501 154
501 238
501 270
501 201
502 4
502 9
502 20
502 34
502 36
502 52
502 59
502 93
502 155
502 169
502 195
502 198
502 297
502 202
503 9
503 11
503 72
503 100
503 101
503 117
503 138
503 217
503 226
503 234
503 239
503 252
503 267
503 296
503 297
503 298
503 203
504 61
504 63
504 104
504 117
504 122
504 177
504 183
504 193
504 198
504 207
504 213
504 218
504 232
504 252
504 254
504 285
504 204
505 38
505 61
505 97
505 100
505 112
505 130
505 164
505 171
505 177
505 178
505 188
505 199
505 239
505 275
505 287
505 205
506 28
506 53
506 131
506 134
506 145
506 230
506 231
506 250
506 263
506 268
506 269
506 294
506 206
507 37
507 65
507 76
507 88
507 92
507 118
507 119
507 144
507 157
507 202
507 255
507 266
507 270
507 293
507 207
508 23
508 31
508 70
508 86
508 88
508 92
508 100
508 117
508 135
508 140
508 151
508 157
508 190
508 283
508 285
508 297
508 208
509 3
509 48
509 97
509 104
509 119
509 148
509 154
509 158
509 181
509 184
509 208
509 260
509 262
509 282
509 209
510 4
510 61
510 62
510 97
510 163
510 188
510 201
510 207
510 227
510 251
510 295
510 210
511 48
511 52
511 63
511 74
511 95
511 137
511 148
511 166
511 175
511 178
511 181
511 196
511 203
511 228
511 211
512 67
512 76
512 102
512 109
512 122
512 144
512 175
512 191
512 212
512 241
513 2
513 55
513 95
513 111
513 133
513 137
513 146
513 161
513 180
513 188
513 204
513 212
513 221
513 213
514 13
514 25
514 41
514 54
514 64
514 70
514 135
514 145
514 193
514 200
514 212
514 248
514 257
514 276
514 277
514 214
515 9
515 16
515 47
515 89
515 106
515 121
515 124
515 168
515 219
515 237
515 250
515 275
515 215
516 5
516 22
516 57
516 63
516 73
516 91
516 99
516 102
516 133
516 204
516 210
516 233
516 290
516 216
517 13
517 49
517 57
517 81
517 111
517 112
517 182
517 194
517 202
517 211
517 213
517 228
517 241
517 259
517 274
517 217
518 16
518 105
518 127
518 175
518 202
518 263
518 273
518 280
518 282
518 298
518 218
519 22
519 24
519 58
519 107
519 167
519 172
519 197
519 236
519 264
519 282
519 219
520 1
520 92
520 118
520 150
520 156
520 157
520 226
520 295
520 220
521 10
521 66
521 79
521 81
521 85
521 91
521 107
521 124
521 126
521 197
521 227
521 240
521 293
521 221
522 22
522 46
522 53
522 59
522 99
522 118
522 189
522 216
522 224
522 236
522 263
522 272
522 222
523 3
523 43
523 46
523 68
523 131
523 159
523 199
523 213
523 231
523 296
523 297
523 223
524 6
524 30
524 59
524 86
524 95
524 110
524 154
524 190
524 222
524 234
524 265
524 267
524 269
524 274
524 224
525 26
525 28
525 58
525 71
525 81
525 105
525 107
525 134
525 178
525 215
525 231
525 293
525 225
526 51
526 52
526 78
526 164
526 178
526 212
526 275
526 284
526 226
527 44
527 53
527 71
527 76
527 89
527 98
527 150
527 269
527 227
528 4
528 177
528 258
528 228
529 16
529 17
529 42
529 68
529 74
529 84
529 105
529 128
529 129
529 181
529 244
529 295
529 229
530 9
530 22
530 24
530 29
530 37
530 64
530 75
530 176
530 195
530 210
530 230
531 15
531 76
531 151
531 236
531 270
531 231
532 43
532 68
532 89
532 93
532 96
532 97
532 101
532 112
532 114
532 162
532 192
532 205
532 209
532 214
532 234
532 232
533 21
533 23
533 29
533 31
533 41
533 43
533 44
533 45
533 90
533 178
533 185
533 220
533 260
533 271
533 277
533 285
533 233
534 25
534 28
534 64
534 89
534 103
534 138
534 141
534 191
534 215
534 277
534 291
534 234
535 15
535 33
535 40
535 84
535 137
535 147
535 190
535 234
535 244
535 252
535 258
535 235
536 26
536 45
536 63
536 98
536 107
536 117
536 135
536 137
536 158
536 163
536 182
536 236
537 0
537 9
537 41
537 64
537 81
537 91
537 102
537 106
537 132
537 145
537 148
537 174
537 177
537 188
537 265
537 286
537 293
537 296
537 237
538 3
538 5
538 39
538 42
538 88
538 134
538 139
538 142
538 153
538 157
538 168
538 182
538 196
538 228
538 286
538 238
539 63
539 89
539 117
539 190
539 191
539 205
539 252
539 275
539 239
540 52
540 78
540 88
540 113
540 125
540 127
540 197
540 205
540 211
540 233
540 248
540 257
540 278
540 281
540 287
540 240
541 2
541 5
541 16
541 102
541 133
541 138
541 143
541 144
541 152
541 173
541 187
541 222
541 255
541 280
541 241
542 63
542 116
542 162
542 167
542 277
542 278
542 284
542 242
543 5
543 39
543 51
543 94
543 98
543 106
543 112
543 205
543 217
543 258
543 243
544 24
544 26
544 50
544 87
544 90
544 186
544 187
544 210
544 226
544 233
544 289
544 244
545 32
545 42
545 52
545 83
545 125
545 149
545 158
545 229
545 230
545 236
545 253
545 263
545 277
545 280
545 293
545 245
546 3
546 14
546 25
546 98
546 105
546 109
546 110
546 130
546 137
546 160
546 184
546 185
546 242
546 262
546 263
546 271
546 274
546 246
547 18
547 20
547 50
547 71
547 85
547 112
547 134
547 157
547 176
547 186
547 193
547 218
547 233
547 294
547 247
548 63
548 75
548 91
548 93
548 112
548 118
548 121
548 124
548 126
548 129
548 176
548 248
548 265
548 275
549 19
549 66
549 104
549 105
549 106
549 138
549 156
549 162
549 199
549 201
549 202
549 207
549 284
549 249
550 13
550 33
550 41
550 52
550 63
550 66
550 69
550 119
550 141
550 142
550 197
550 208
550 225
550 248
550 265
550 290
550 293
550 250
551 38
551 57
551 96
551 119
551 135
551 153
551 177
551 191
551 201
551 251
552 10
552 27
552 32
552 66
552 88
552 169
552 228
552 256
552 286
552 294
552 252
553 23
553 31
553 42
553 97
553 178
553 252
553 273
553 288
553 253
554 10
554 16
554 17
554 26
554 53
554 56
554 65
554 73
554 115
554 132
554 162
554 175
554 178
554 215
554 237
554 251
554 295
554 299
554 254
555 12
555 21
555 29
555 76
555 87
555 91
555 122
555 128
555 135
555 165
555 190
555 195
555 229
555 246
555 258
555 264
555 289
555 255
556 16
556 45
556 89
556 127
556 150
556 169
556 179
556 191
556 202
556 223
556 270
556 293
556 256
557 14
557 30
557 134
557 146
557 151
557 200
557 219
557 259
557 265
557 257
558 13
558 55
558 88
558 152
558 174
558 200
558 219
558 233
558 252
558 254
558 256
558 258
559 34
559 37
559 38
559 51
559 62
559 63
559 65
559 80
559 81
559 117
559 137
559 155
559 165
559 181
559 208
559 290
559 297
559 259
560 15
560 17
560 57
560 65
560 88
560 110
560 120
560 150
560 151
560 157
560 169
560 170
560 175
560 186
560 193
560 235
560 257
560 284
560 285
560 260
561 10
561 34
561 38
561 39
561 101
561 113
561 117
561 148
561 187
561 216
561 234
561 243
561 281
561 285
561 299
561 261
562 38
562 180
562 210
562 222
562 251
562 262
562 269
562 275
563 1
563 75
563 80
563 137
563 155
563 158
563 178
563 199
563 245
563 251
563 271
563 281
563 263
564 17
564 83
564 90
564 100
564 136
564 202
564 219
564 254
564 264
565 1
565 6
565 16
565 21
565 24
565 42
565 65
565 113
565 197
565 206
565 256
565 258
565 260
565 262
565 283
565 265
566 29
566 34
566 85
566 96
566 130
566 209
566 226
566 259
566 271
566 278
566 287
566 266
567 82
567 88
567 184
567 217
567 220
567 234
567 238
567 274
567 267
568 4
568 7
568 13
568 21
568 57
568 60
568 86
568 94
568 100
568 143
568 205
568 252
568 261
568 263
568 288
568 268
569 5
569 44
569 46
569 78
569 91
569 104
569 106
569 123
569 144
569 171
569 208
569 257
569 289
569 269
570 35
570 39
570 50
570 69
570 81
570 106
570 109
570 125
570 127
570 169
570 200
570 206
570 208
570 226
570 285
570 288
570 270
571 11
571 14
571 44
571 53
571 54
571 61
571 124
571 147
571 156
571 174
571 189
571 203
571 223
571 291
571 271
572 1
572 18
572 32
572 95
572 226
572 236
572 246
572 274
572 279
572 295
572 298
572 272
573 10
573 29
573 65
573 101
573 139
573 141
573 142
573 184
573 185
573 199
573 207
573 278
573 291
573 273
574 1
574 26
574 89
574 99
574 101
574 140
574 143
574 213
574 221
574 236
574 251
574 290
574 293
574 274
575 2
575 9
575 12
575 23
575 59
575 81
575 105
575 117
575 123
575 135
575 141
575 294
575 299
575 275
576 1
576 13
576 22
576 23
576 49
576 53
576 84
576 122
576 134
576 175
576 277
576 276
577 4
577 30
577 165
577 173
577 181
577 213
577 214
577 223
577 229
577 241
577 246
577 270
577 285
577 277
578 13
578 27
578 32
578 65
578 114
578 174
578 193
578 205
578 211
578 236
578 259
578 271
578 294
578 278
579 22
579 55
579 71
579 77
579 153
579 167
579 172
579 253
579 262
579 266
579 276
579 280
579 279
580 68
580 91
580 104
580 139
580 195
580 230
580 251
580 274
580 280
581 51
581 139
581 168
581 169
581 175
581 221
581 273
581 284
581 296
581 281
582 15
582 45
582 52
582 72
582 93
582 101
582 148
582 173
582 174
582 189
582 221
582 240
582 278
582 282
583 55
583 68
583 96
583 102
583 114
583 137
583 146
583 148
583 175
583 179
583 181
583 186
583 204
583 208
583 232
583 247
583 253
583 257
583 271
583 283
583 284
584 56
584 68
584 108
584 147
584 157
584 187
584 214
584 219
584 263
584 284
585 30
585 33
585 103
585 134
585 156
585 247
585 267
585 276
585 288
585 285
586 33
586 61
586 73
586 157
586 235
586 278
586 279
586 286
587 11
587 49
587 65
587 109
587 111
587 146
587 183
587 208
587 237
587 269
587 284
587 293
587 287
588 30
588 33
588 53
588 68
588 73
588 85
588 86
588 103
588 115
588 180
588 247
588 257
588 273
588 288
589 15
589 33
589 40
589 53
589 62
589 70
589 113
589 132
589 187
589 192
589 195
589 218
589 220
589 228
589 279
589 289
590 38
590 100
590 147
590 195
590 199
590 205
590 224
590 249
590 265
590 276
590 290
591 94
591 119
591 148
591 199
591 217
591 247
591 257
591 295
591 291
592 6
592 42
592 78
592 113
592 116
592 118
592 136
592 142
592 152
592 235
592 238
592 283
592 292
593 18
593 35
593 47
593 52
593 69
593 122
593 139
593 164
593 192
593 259
593 275
593 293
594 15
594 39
594 47
594 53
594 99
594 113
594 115
594 121
594 125
594 143
594 145
594 162
594 165
594 177
594 202
594 205
594 256
594 280
594 294
595 5
595 39
595 58
595 60
595 63
595 112
595 194
595 235
595 251
595 291
595 295
596 6
596 19
596 43
596 45
596 61
596 71
596 73
596 98
596 118
596 210
596 245
596 251
596 270
596 296
597 29
597 68
597 102
597 109
597 126
597 158
597 164
597 216
597 221
597 240
597 281
597 289
597 291
597 297
598 19
598 139
598 170
598 172
598 184
598 203
598 218
598 287
598 298
599 17
599 29
599 51
599 92
599 114
599 125
599 148
599 195
599 205
599 207
599 215
599 219
599 223
599 238
599 241
599 299
