  100   292
0 57
0 91
0 96
0 30
0 32
0 41
0 50
1 60
1 98
1 10
1 13
1 20
1 51
2 53
2 58
2 59
2 84
2 3
2 48
2 52
3 62
3 70
3 71
3 2
3 12
3 42
3 53
4 51
4 58
4 78
4 84
4 10
4 54
5 57
5 60
5 62
5 68
5 73
5 85
5 88
5 98
5 19
5 55
6 78
6 13
6 56
7 61
7 62
7 90
7 33
7 57
8 86
8 95
8 99
8 92
8 87
8 14
8 58
9 60
9 68
9 75
9 89
9 97
9 49
9 59
10 57
10 62
10 71
10 74
10 75
10 78
10 84
10 1
10 4
10 24
10 30
10 60
11 51
11 52
11 53
11 55
11 57
11 58
11 66
11 84
11 97
11 20
11 23
11 25
11 61
12 59
12 3
12 39
12 48
12 62
13 82
13 84
13 1
13 6
13 26
13 34
13 39
13 63
14 57
14 62
14 68
14 70
14 77
14 8
14 36
14 64
15 61
15 74
15 28
15 65
16 66
16 75
16 22
17 51
17 52
17 53
17 68
17 76
17 79
17 81
17 94
17 25
17 38
17 67
18 84
18 93
18 95
18 19
18 40
18 68
19 81
19 94
19 5
19 18
19 39
19 69
20 60
20 67
20 79
20 80
20 99
20 1
20 11
20 23
20 70
21 58
21 64
21 65
21 93
21 98
21 33
21 71
22 71
22 74
22 81
22 16
22 28
22 72
23 86
23 11
23 20
23 32
23 39
23 73
24 65
24 82
24 86
24 95
24 10
24 74
25 52
25 11
25 17
25 75
26 78
26 99
26 13
26 40
26 76
27 75
27 76
27 38
27 39
27 77
28 66
28 75
28 15
28 22
28 33
28 78
29 60
29 65
29 66
29 70
29 72
29 82
29 96
29 39
29 79
30 50
30 53
30 75
30 97
30 98
30 0
30 10
30 80
31 56
31 99
31 40
31 81
32 51
32 66
32 73
32 99
32 0
32 23
32 82
33 61
33 67
33 78
33 86
33 97
33 7
33 21
33 28
33 35
33 83
34 54
34 67
34 69
34 99
34 13
34 84
35 52
35 55
35 74
35 78
35 33
35 37
35 85
36 51
36 67
36 72
36 82
36 14
36 39
36 86
37 62
37 82
37 35
37 43
37 87
38 64
38 72
38 77
38 79
38 88
38 17
38 27
38 40
39 70
39 81
39 95
39 99
39 12
39 13
39 19
39 23
39 27
39 29
39 36
39 42
39 89
40 57
40 72
40 94
40 18
40 26
40 31
40 38
40 90
41 51
41 64
41 66
41 91
41 0
42 70
42 85
42 96
42 3
42 39
42 48
42 92
43 81
43 90
43 91
43 96
43 37
43 45
43 93
44 50
44 67
44 70
44 74
44 77
44 45
44 94
45 58
45 74
45 82
45 83
45 43
45 44
45 46
45 95
46 50
46 54
46 62
46 45
46 48
46 96
47 63
47 74
47 48
47 97
48 50
48 53
48 57
48 58
48 79
48 98
48 2
48 12
48 42
48 46
48 47
48 49
49 56
49 64
49 70
49 89
49 9
49 48
49 99
50 30
50 44
50 46
50 48
50 0
51 4
51 11
51 17
51 32
51 36
51 41
51 1
52 11
52 17
52 25
52 35
52 2
53 2
53 11
53 17
53 30
53 48
53 3
54 34
54 46
54 4
55 11
55 35
55 5
56 31
56 49
56 6
57 0
57 5
57 10
57 11
57 14
57 40
57 48
57 7
58 2
58 4
58 11
58 21
58 45
58 48
58 8
59 2
59 12
59 9
60 1
60 5
60 9
60 20
60 29
60 10
61 7
61 15
61 33
61 11
62 3
62 5
62 7
62 10
62 14
62 37
62 46
62 12
63 47
63 13
64 21
64 38
64 41
64 49
64 14
65 21
65 24
65 29
65 15
66 11
66 16
66 28
66 29
66 32
66 41
67 20
67 33
67 34
67 36
67 44
67 17
68 5
68 9
68 14
68 17
68 18
69 34
69 19
70 3
70 14
70 29
70 39
70 42
70 44
70 49
70 20
71 3
71 10
71 22
71 21
72 29
72 36
72 38
72 40
72 22
73 5
73 32
73 23
74 10
74 15
74 22
74 35
74 44
74 45
74 47
74 24
75 9
75 10
75 16
75 27
75 28
75 30
75 25
76 17
76 27
76 26
77 14
77 38
77 44
77 27
78 4
78 6
78 10
78 26
78 33
78 35
78 28
79 17
79 20
79 38
79 48
79 29
80 20
80 30
81 17
81 19
81 22
81 39
81 43
81 31
82 13
82 24
82 29
82 36
82 37
82 45
82 32
83 45
83 33
84 2
84 4
84 10
84 11
84 13
84 18
84 34
85 5
85 42
85 35
86 8
86 23
86 24
86 33
86 36
87 8
87 37
88 5
88 38
89 9
89 49
89 39
90 7
90 43
90 40
91 0
91 41
91 43
92 8
92 42
93 18
93 21
93 43
94 17
94 19
94 40
94 44
95 8
95 18
95 24
95 39
95 45
96 0
96 29
96 42
96 43
96 46
97 9
97 11
97 30
97 33
97 47
98 1
98 5
98 21
98 30
98 48
99 8
99 20
99 26
99 31
99 32
99 34
99 39
99 49
