  200   566
0 106
0 134
0 172
0 186
0 5
0 6
0 36
0 48
0 50
0 53
0 68
0 80
0 85
0 100
1 156
1 6
1 48
1 52
1 65
1 96
1 101
2 109
2 147
2 164
2 178
2 197
2 11
2 75
2 102
3 112
3 126
3 133
3 6
3 75
3 84
3 103
4 111
4 136
4 19
4 51
4 89
4 93
4 104
5 126
5 135
5 0
5 26
5 50
5 86
5 93
5 105
6 134
6 0
6 1
6 3
6 41
6 53
6 55
6 62
6 99
6 106
7 136
7 128
7 20
7 36
7 48
7 69
7 84
7 95
7 107
8 179
8 37
8 44
8 73
8 108
9 174
9 40
9 109
10 163
10 173
10 176
10 190
10 19
10 110
11 125
11 142
11 2
11 55
11 81
11 83
11 85
11 91
11 111
12 131
12 21
12 49
12 75
12 77
12 87
12 96
12 112
13 132
13 133
13 147
13 150
13 194
13 21
13 38
13 53
13 54
13 113
14 124
14 166
14 196
14 84
14 85
14 114
15 157
15 177
15 17
15 31
15 78
15 88
15 96
15 115
16 130
16 140
16 157
16 165
16 199
16 69
16 91
16 116
17 120
17 138
17 153
17 15
17 26
17 80
17 117
18 150
18 155
18 187
18 74
18 118
19 103
19 129
19 149
19 184
19 4
19 10
19 29
19 83
19 97
19 119
20 141
20 136
20 7
20 70
20 78
20 97
20 120
21 199
21 12
21 13
21 25
21 39
21 63
21 76
21 80
21 85
21 121
22 129
22 23
22 70
22 122
23 104
23 129
23 144
23 154
23 166
23 183
23 184
23 22
23 55
23 84
23 90
23 123
24 106
24 144
24 173
24 41
24 48
24 57
24 83
24 124
25 106
25 113
25 170
25 21
25 33
25 58
25 59
25 125
26 108
26 115
26 140
26 5
26 17
26 28
26 88
26 89
26 96
26 126
27 143
27 141
27 36
27 43
27 49
27 54
27 127
28 145
28 143
28 26
28 51
28 89
28 128
29 169
29 192
29 19
29 54
29 81
29 82
29 87
29 129
30 190
30 198
30 44
30 61
30 62
30 68
30 130
31 100
31 115
31 126
31 15
31 65
31 69
31 71
31 131
32 110
32 137
32 150
32 168
32 35
32 96
32 132
33 126
33 162
33 25
33 72
33 133
34 119
34 57
34 67
34 69
34 134
35 152
35 145
35 32
35 39
35 59
35 70
35 77
35 83
35 84
35 85
35 135
36 118
36 135
36 0
36 7
36 27
36 46
36 98
36 136
37 107
37 126
37 138
37 147
37 8
37 89
37 137
38 187
38 198
38 13
38 138
39 138
39 187
39 21
39 35
39 48
39 98
39 139
40 161
40 152
40 9
40 42
40 140
41 105
41 167
41 196
41 6
41 24
41 141
42 104
42 160
42 164
42 178
42 40
42 56
42 142
43 141
43 27
43 66
43 89
43 143
44 112
44 180
44 197
44 8
44 30
44 64
44 144
45 170
45 174
45 193
45 71
45 83
45 145
46 163
46 168
46 36
46 74
46 78
46 80
46 146
47 106
47 121
47 181
47 64
47 65
47 83
47 94
47 147
48 125
48 135
48 138
48 172
48 0
48 1
48 7
48 24
48 39
48 68
48 89
48 148
49 130
49 183
49 12
49 27
49 79
49 84
49 149
50 115
50 0
50 5
50 86
50 150
51 113
51 127
51 134
51 142
51 181
51 4
51 28
51 81
51 83
51 92
51 93
51 151
52 168
52 1
52 59
52 66
52 68
52 74
52 75
52 90
52 152
53 139
53 181
53 0
53 6
53 13
53 153
54 127
54 150
54 164
54 13
54 27
54 29
54 72
54 154
55 162
55 183
55 191
55 196
55 6
55 11
55 23
55 78
55 155
56 104
56 146
56 151
56 157
56 42
56 99
56 156
57 117
57 24
57 34
57 65
57 87
57 99
57 157
58 106
58 25
58 158
59 142
59 197
59 25
59 35
59 52
59 76
59 79
59 80
59 159
60 184
60 63
60 160
61 179
61 184
61 186
61 30
61 95
61 161
62 122
62 149
62 185
62 6
62 30
62 91
62 162
63 148
63 165
63 21
63 60
63 78
63 81
63 84
63 88
63 92
63 163
64 105
64 148
64 174
64 44
64 47
64 70
64 72
64 164
65 100
65 103
65 132
65 144
65 178
65 180
65 1
65 31
65 47
65 57
65 78
65 165
66 175
66 161
66 116
66 102
66 43
66 52
66 70
66 73
66 76
66 166
67 153
67 34
67 81
67 167
68 114
68 189
68 0
68 30
68 48
68 52
68 99
68 168
69 100
69 178
69 199
69 7
69 16
69 31
69 34
69 77
69 96
69 97
69 169
70 152
70 20
70 22
70 35
70 64
70 66
70 170
71 105
71 114
71 31
71 45
71 171
72 175
72 33
72 54
72 64
72 81
72 88
72 172
73 119
73 129
73 131
73 196
73 8
73 66
73 81
73 89
73 173
74 182
74 175
74 117
74 116
74 18
74 46
74 52
74 86
74 94
74 174
75 107
75 109
75 156
75 186
75 2
75 3
75 12
75 52
75 175
76 193
76 21
76 59
76 66
76 81
76 85
76 176
77 158
77 171
77 193
77 196
77 198
77 12
77 35
77 69
77 177
78 133
78 137
78 165
78 15
78 20
78 46
78 55
78 63
78 65
78 86
78 98
78 178
79 157
79 181
79 49
79 59
79 97
79 179
80 135
80 159
80 0
80 17
80 21
80 46
80 59
80 180
81 147
81 154
81 166
81 188
81 11
81 29
81 51
81 63
81 67
81 72
81 73
81 76
81 98
81 181
82 130
82 181
82 29
82 182
83 195
83 182
83 123
83 117
83 11
83 19
83 24
83 35
83 45
83 47
83 51
83 88
83 183
84 114
84 180
84 3
84 7
84 14
84 23
84 35
84 49
84 63
84 184
85 130
85 188
85 0
85 11
85 14
85 21
85 35
85 76
85 185
86 100
86 5
86 50
86 74
86 78
86 186
87 121
87 12
87 29
87 57
87 187
88 124
88 146
88 164
88 171
88 15
88 26
88 63
88 72
88 83
88 188
89 120
89 4
89 26
89 28
89 37
89 43
89 48
89 73
89 189
90 146
90 169
90 179
90 23
90 52
90 190
91 179
91 11
91 16
91 62
91 191
92 104
92 155
92 165
92 171
92 192
92 51
92 63
93 138
93 185
93 4
93 5
93 51
93 193
94 120
94 171
94 194
94 47
94 74
94 99
95 101
95 169
95 186
95 7
95 61
95 97
95 98
95 195
96 166
96 186
96 1
96 12
96 15
96 26
96 32
96 69
96 196
97 199
97 195
97 128
97 123
97 19
97 20
97 69
97 79
97 95
97 197
98 103
98 114
98 134
98 155
98 165
98 36
98 39
98 78
98 81
98 95
98 198
99 131
99 6
99 56
99 57
99 68
99 94
99 199
100 31
100 65
100 69
100 86
100 0
101 95
101 1
102 66
102 2
103 19
103 65
103 98
103 3
104 23
104 42
104 56
104 92
104 4
105 41
105 64
105 71
105 5
106 0
106 24
106 25
106 47
106 58
106 6
107 37
107 75
107 7
108 26
108 8
109 2
109 75
109 9
110 32
110 10
111 4
111 11
112 3
112 44
112 12
113 25
113 51
113 13
114 68
114 71
114 84
114 98
114 14
115 26
115 31
115 50
115 15
116 66
116 74
116 16
117 57
117 74
117 83
117 17
118 36
118 18
119 34
119 73
119 19
120 17
120 89
120 94
120 20
121 47
121 87
121 21
122 62
122 22
123 83
123 97
123 23
124 14
124 88
124 24
125 11
125 48
125 25
126 3
126 5
126 31
126 33
126 37
126 26
127 51
127 54
127 27
128 7
128 97
128 28
129 19
129 22
129 23
129 73
129 29
130 16
130 49
130 82
130 85
130 30
131 12
131 73
131 99
131 31
132 13
132 65
132 32
133 3
133 13
133 78
133 33
134 0
134 6
134 51
134 98
134 34
135 5
135 36
135 48
135 80
135 35
136 4
136 7
136 20
136 36
137 32
137 78
137 37
138 17
138 37
138 39
138 48
138 93
138 38
139 53
139 39
140 16
140 26
140 40
141 20
141 27
141 43
141 41
142 11
142 51
142 59
142 42
143 27
143 28
143 43
144 23
144 24
144 65
144 44
145 28
145 35
145 45
146 56
146 88
146 90
146 46
147 2
147 13
147 37
147 81
147 47
148 63
148 64
148 48
149 19
149 62
149 49
150 13
150 18
150 32
150 54
150 50
151 56
151 51
152 35
152 40
152 70
152 52
153 17
153 67
153 53
154 23
154 81
154 54
155 18
155 92
155 98
155 55
156 1
156 75
156 56
157 15
157 16
157 56
157 79
157 57
158 77
158 58
159 80
159 59
160 42
160 60
161 40
161 66
161 61
162 33
162 55
162 62
163 10
163 46
163 63
164 2
164 42
164 54
164 88
164 64
165 16
165 63
165 78
165 92
165 98
165 65
166 14
166 23
166 81
166 96
166 66
167 41
167 67
168 32
168 46
168 52
168 68
169 29
169 90
169 95
169 69
170 25
170 45
170 70
171 77
171 88
171 92
171 94
171 71
172 0
172 48
172 72
173 10
173 24
173 73
174 9
174 45
174 64
174 74
175 66
175 72
175 74
175 75
176 10
176 76
177 15
177 77
178 2
178 42
178 65
178 69
178 78
179 8
179 61
179 90
179 91
179 79
180 44
180 65
180 84
180 80
181 47
181 51
181 53
181 79
181 82
181 81
182 74
182 83
182 82
183 23
183 49
183 55
183 83
184 19
184 23
184 60
184 61
184 84
185 62
185 93
185 85
186 0
186 61
186 75
186 95
186 96
186 86
187 18
187 38
187 39
187 87
188 81
188 85
188 88
189 68
189 89
190 10
190 30
190 90
191 55
191 91
192 29
192 92
193 45
193 76
193 77
193 93
194 13
194 94
195 83
195 97
195 95
196 14
196 41
196 55
196 73
196 77
196 96
197 2
197 44
197 59
197 97
198 30
198 38
198 77
198 98
199 16
199 21
199 69
199 97
199 99
