  600   5216
0 323
0 451
0 533
0 581
0 599
0 15
0 34
0 46
0 54
0 57
0 58
0 62
0 96
0 103
0 106
0 107
0 135
0 139
0 142
0 146
0 163
0 177
0 180
0 185
0 195
0 211
0 212
0 214
0 229
0 273
0 299
0 300
1 505
1 576
1 585
1 26
1 35
1 36
1 52
1 62
1 92
1 103
1 124
1 148
1 157
1 158
1 170
1 177
1 186
1 189
1 196
1 279
1 290
1 301
2 320
2 376
2 431
2 467
2 544
2 597
2 41
2 51
2 73
2 89
2 99
2 107
2 122
2 124
2 129
2 131
2 146
2 147
2 150
2 153
2 158
2 196
2 244
2 264
2 270
2 281
2 291
2 302
3 303
3 314
3 343
3 388
3 531
3 25
3 37
3 60
3 72
3 76
3 90
3 134
3 161
3 177
3 180
3 186
3 219
3 223
3 249
3 260
3 262
3 268
3 273
3 296
4 358
4 375
4 436
4 523
4 539
4 5
4 22
4 35
4 47
4 67
4 72
4 89
4 95
4 104
4 114
4 126
4 134
4 141
4 161
4 170
4 184
4 194
4 198
4 219
4 236
4 248
4 258
4 274
4 279
4 287
4 295
4 304
5 366
5 413
5 497
5 526
5 544
5 4
5 70
5 116
5 137
5 153
5 174
5 189
5 195
5 208
5 219
5 227
5 231
5 241
5 251
5 268
5 285
5 287
5 288
5 305
6 343
6 421
6 434
6 458
6 472
6 494
6 514
6 33
6 46
6 53
6 69
6 85
6 105
6 121
6 125
6 127
6 139
6 146
6 165
6 170
6 180
6 191
6 234
6 243
6 268
6 270
6 282
6 292
6 294
6 306
7 340
7 493
7 511
7 539
7 542
7 593
7 8
7 9
7 15
7 30
7 32
7 33
7 69
7 75
7 95
7 151
7 158
7 164
7 186
7 212
7 218
7 227
7 231
7 255
7 278
7 280
7 281
7 307
8 371
8 464
8 488
8 7
8 12
8 15
8 29
8 52
8 70
8 85
8 110
8 117
8 127
8 134
8 146
8 160
8 164
8 170
8 172
8 195
8 209
8 210
8 224
8 227
8 240
8 249
8 251
8 262
8 265
8 267
8 272
8 296
8 308
9 323
9 355
9 391
9 398
9 432
9 479
9 535
9 552
9 7
9 20
9 34
9 69
9 76
9 83
9 88
9 120
9 133
9 143
9 148
9 159
9 161
9 164
9 167
9 171
9 191
9 205
9 211
9 239
9 249
9 266
9 272
9 283
9 295
9 297
9 309
10 376
10 537
10 563
10 569
10 16
10 23
10 40
10 44
10 49
10 58
10 60
10 94
10 124
10 126
10 130
10 154
10 161
10 166
10 172
10 187
10 209
10 218
10 235
10 254
10 263
10 273
10 275
10 284
10 310
11 405
11 445
11 15
11 22
11 29
11 31
11 41
11 45
11 68
11 89
11 90
11 106
11 113
11 128
11 140
11 153
11 166
11 195
11 222
11 278
11 283
11 295
11 311
12 302
12 310
12 463
12 477
12 567
12 573
12 8
12 18
12 34
12 37
12 42
12 45
12 50
12 60
12 105
12 130
12 171
12 177
12 178
12 188
12 192
12 204
12 218
12 272
12 296
12 298
12 312
13 301
13 349
13 378
13 494
13 501
13 513
13 49
13 52
13 71
13 84
13 89
13 124
13 158
13 164
13 190
13 204
13 216
13 222
13 246
13 261
13 264
13 286
13 290
13 299
13 313
14 313
14 326
14 398
14 435
14 440
14 508
14 531
14 21
14 29
14 32
14 39
14 66
14 72
14 77
14 88
14 137
14 161
14 186
14 188
14 194
14 195
14 204
14 211
14 214
14 245
14 278
14 299
14 314
15 321
15 331
15 343
15 436
15 440
15 570
15 0
15 7
15 8
15 11
15 33
15 44
15 48
15 60
15 72
15 74
15 92
15 94
15 97
15 104
15 116
15 117
15 134
15 144
15 148
15 158
15 163
15 210
15 220
15 258
15 262
15 272
15 275
15 282
15 292
15 315
16 315
16 316
16 420
16 448
16 475
16 488
16 541
16 576
16 599
16 10
16 32
16 59
16 67
16 118
16 134
16 192
16 202
16 207
16 209
16 241
16 258
16 270
17 306
17 414
17 500
17 510
17 512
17 25
17 26
17 28
17 46
17 54
17 58
17 64
17 138
17 191
17 192
17 215
17 233
17 236
17 237
17 240
17 252
17 255
17 276
17 285
17 291
17 317
18 302
18 402
18 403
18 407
18 460
18 516
18 548
18 12
18 23
18 36
18 48
18 57
18 84
18 118
18 128
18 131
18 132
18 135
18 141
18 163
18 166
18 201
18 202
18 219
18 220
18 223
18 239
18 252
18 265
18 276
18 293
18 296
18 318
19 305
19 369
19 444
19 593
19 34
19 57
19 90
19 126
19 162
19 184
19 205
19 260
19 280
19 291
19 319
20 335
20 382
20 430
20 448
20 494
20 523
20 536
20 544
20 552
20 9
20 37
20 40
20 97
20 99
20 119
20 134
20 146
20 155
20 164
20 167
20 173
20 198
20 232
20 261
20 271
20 287
20 296
20 298
20 320
21 367
21 426
21 478
21 494
21 516
21 526
21 550
21 593
21 14
21 24
21 42
21 58
21 88
21 90
21 132
21 138
21 159
21 162
21 165
21 177
21 189
21 199
21 222
21 269
21 285
21 321
22 300
22 419
22 431
22 555
22 593
22 4
22 11
22 24
22 25
22 58
22 68
22 89
22 109
22 133
22 143
22 146
22 179
22 185
22 189
22 246
22 252
22 264
22 267
22 268
22 285
22 297
22 322
23 306
23 311
23 347
23 415
23 428
23 498
23 580
23 10
23 18
23 24
23 28
23 34
23 45
23 50
23 56
23 59
23 63
23 68
23 69
23 95
23 113
23 118
23 120
23 151
23 178
23 191
23 195
23 197
23 206
23 231
23 241
23 245
23 258
23 272
23 297
23 323
24 331
24 357
24 365
24 366
24 370
24 378
24 502
24 524
24 537
24 21
24 22
24 23
24 25
24 35
24 37
24 53
24 67
24 105
24 109
24 111
24 127
24 159
24 165
24 230
24 235
24 245
24 253
24 264
24 275
24 290
24 324
25 425
25 431
25 490
25 523
25 532
25 3
25 17
25 22
25 24
25 38
25 39
25 49
25 78
25 102
25 108
25 118
25 128
25 132
25 185
25 193
25 201
25 213
25 221
25 237
25 249
25 261
25 266
25 270
25 288
25 290
25 325
26 301
26 441
26 448
26 481
26 532
26 570
26 1
26 17
26 40
26 50
26 89
26 123
26 130
26 131
26 146
26 159
26 178
26 207
26 214
26 231
26 232
26 252
26 293
26 296
26 298
26 326
27 316
27 343
27 366
27 372
27 447
27 486
27 497
27 503
27 530
27 594
27 49
27 67
27 78
27 99
27 118
27 124
27 154
27 166
27 207
27 213
27 235
27 267
27 276
27 280
27 295
27 327
28 429
28 489
28 502
28 547
28 574
28 17
28 23
28 48
28 57
28 64
28 110
28 121
28 130
28 139
28 174
28 182
28 187
28 191
28 195
28 201
28 210
28 250
28 267
28 290
28 294
28 328
29 302
29 305
29 386
29 453
29 472
29 479
29 555
29 568
29 8
29 11
29 14
29 33
29 58
29 71
29 80
29 91
29 95
29 105
29 148
29 156
29 162
29 163
29 171
29 176
29 226
29 249
29 251
29 263
29 273
29 293
29 329
30 317
30 338
30 475
30 7
30 33
30 36
30 44
30 68
30 69
30 71
30 102
30 111
30 112
30 114
30 116
30 120
30 140
30 171
30 190
30 203
30 205
30 222
30 226
30 241
30 250
30 257
30 267
30 279
30 284
30 286
30 288
30 298
30 330
31 314
31 371
31 570
31 11
31 37
31 95
31 97
31 139
31 148
31 189
31 206
31 222
31 242
31 253
31 263
31 273
31 331
32 320
32 352
32 375
32 425
32 437
32 455
32 483
32 490
32 558
32 7
32 14
32 16
32 92
32 105
32 122
32 125
32 126
32 128
32 131
32 139
32 143
32 156
32 160
32 176
32 208
32 213
32 220
32 238
32 247
32 261
32 294
32 295
32 332
33 318
33 319
33 356
33 370
33 402
33 418
33 469
33 507
33 511
33 544
33 547
33 572
33 6
33 7
33 15
33 29
33 30
33 34
33 38
33 43
33 47
33 48
33 54
33 76
33 95
33 119
33 125
33 127
33 159
33 161
33 179
33 186
33 214
33 259
33 287
33 291
33 299
33 333
34 404
34 413
34 456
34 468
34 473
34 487
34 539
34 560
34 0
34 9
34 12
34 19
34 23
34 33
34 55
34 118
34 137
34 142
34 145
34 176
34 181
34 203
34 218
34 232
34 262
34 269
34 275
34 298
34 334
35 360
35 417
35 421
35 423
35 515
35 525
35 535
35 542
35 566
35 589
35 1
35 4
35 24
35 36
35 37
35 45
35 46
35 50
35 52
35 57
35 62
35 65
35 66
35 88
35 110
35 113
35 118
35 119
35 123
35 135
35 136
35 140
35 154
35 166
35 168
35 171
35 188
35 223
35 238
35 252
35 264
35 272
35 277
35 295
35 335
36 319
36 352
36 384
36 391
36 453
36 1
36 18
36 30
36 35
36 54
36 56
36 100
36 105
36 112
36 145
36 171
36 179
36 189
36 213
36 231
36 235
36 239
36 251
36 263
36 267
36 268
36 288
36 289
36 299
36 336
37 316
37 323
37 343
37 360
37 412
37 512
37 514
37 551
37 559
37 589
37 3
37 12
37 20
37 24
37 31
37 35
37 52
37 65
37 67
37 73
37 97
37 113
37 132
37 138
37 157
37 172
37 181
37 192
37 217
37 239
37 240
37 254
37 274
37 337
38 409
38 496
38 541
38 543
38 25
38 33
38 62
38 72
38 77
38 87
38 99
38 103
38 104
38 107
38 133
38 149
38 162
38 164
38 191
38 194
38 200
38 205
38 226
38 245
38 255
38 338
39 322
39 373
39 487
39 518
39 562
39 14
39 25
39 55
39 85
39 86
39 109
39 114
39 127
39 142
39 145
39 149
39 151
39 160
39 163
39 170
39 173
39 177
39 191
39 198
39 209
39 227
39 231
39 258
39 270
39 271
39 279
39 296
39 339
40 378
40 386
40 431
40 443
40 483
40 499
40 579
40 581
40 593
40 10
40 20
40 26
40 43
40 48
40 69
40 89
40 90
40 128
40 136
40 156
40 159
40 160
40 172
40 204
40 225
40 243
40 266
40 284
40 290
40 291
40 295
40 340
41 327
41 479
41 481
41 494
41 540
41 2
41 11
41 73
41 75
41 79
41 86
41 92
41 94
41 131
41 136
41 143
41 161
41 193
41 197
41 220
41 230
41 234
41 261
41 269
41 341
42 324
42 420
42 426
42 444
42 464
42 534
42 12
42 21
42 45
42 47
42 78
42 107
42 110
42 119
42 129
42 130
42 131
42 139
42 158
42 171
42 211
42 222
42 277
42 279
42 287
42 342
43 345
43 469
43 479
43 556
43 575
43 33
43 40
43 44
43 60
43 84
43 89
43 105
43 131
43 140
43 149
43 170
43 174
43 192
43 214
43 225
43 273
43 286
43 287
43 343
44 324
44 328
44 377
44 396
44 456
44 496
44 549
44 562
44 596
44 10
44 15
44 30
44 43
44 51
44 53
44 74
44 87
44 88
44 103
44 105
44 157
44 162
44 227
44 239
44 261
44 268
44 278
44 291
44 344
45 309
45 311
45 404
45 447
45 515
45 583
45 11
45 12
45 23
45 35
45 42
45 65
45 68
45 89
45 116
45 121
45 132
45 151
45 183
45 192
45 219
45 243
45 249
45 345
46 462
46 471
46 0
46 6
46 17
46 35
46 47
46 50
46 51
46 75
46 85
46 93
46 102
46 112
46 145
46 162
46 180
46 193
46 201
46 212
46 221
46 225
46 235
46 248
46 262
46 277
46 283
46 346
47 376
47 380
47 402
47 426
47 463
47 578
47 581
47 4
47 33
47 42
47 46
47 92
47 164
47 175
47 183
47 228
47 239
47 249
47 271
47 347
48 304
48 343
48 360
48 458
48 15
48 18
48 28
48 33
48 40
48 80
48 100
48 105
48 128
48 135
48 163
48 166
48 174
48 176
48 177
48 198
48 200
48 210
48 225
48 233
48 265
48 284
48 297
48 348
49 317
49 351
49 379
49 547
49 583
49 10
49 13
49 25
49 27
49 68
49 89
49 102
49 118
49 124
49 138
49 144
49 167
49 177
49 179
49 180
49 181
49 192
49 218
49 349
50 354
50 424
50 489
50 527
50 541
50 558
50 590
50 12
50 23
50 26
50 35
50 46
50 55
50 84
50 96
50 124
50 139
50 142
50 195
50 196
50 207
50 211
50 215
50 217
50 219
50 245
50 248
50 256
50 263
50 264
50 282
50 297
50 350
51 316
51 338
51 355
51 424
51 462
51 473
51 483
51 543
51 551
51 2
51 44
51 46
51 56
51 107
51 127
51 149
51 157
51 160
51 166
51 169
51 170
51 179
51 189
51 266
51 274
51 277
51 282
51 287
51 351
52 300
52 325
52 333
52 339
52 351
52 532
52 591
52 1
52 8
52 13
52 35
52 37
52 79
52 88
52 151
52 173
52 177
52 189
52 208
52 241
52 266
52 272
52 293
52 295
52 352
53 310
53 403
53 420
53 487
53 543
53 568
53 569
53 577
53 6
53 24
53 44
53 61
53 63
53 65
53 71
53 106
53 119
53 141
53 158
53 160
53 181
53 185
53 187
53 212
53 269
53 290
53 353
54 452
54 547
54 560
54 597
54 0
54 17
54 33
54 36
54 113
54 119
54 122
54 125
54 136
54 159
54 198
54 201
54 205
54 210
54 223
54 227
54 228
54 230
54 244
54 245
54 249
54 267
54 269
54 280
54 354
55 343
55 345
55 400
55 479
55 495
55 520
55 527
55 544
55 548
55 556
55 34
55 39
55 50
55 66
55 72
55 105
55 137
55 156
55 169
55 181
55 202
55 204
55 217
55 218
55 224
55 225
55 229
55 253
55 272
55 293
55 355
56 304
56 324
56 358
56 406
56 409
56 552
56 560
56 565
56 23
56 36
56 51
56 67
56 73
56 84
56 105
56 131
56 162
56 169
56 201
56 204
56 247
56 253
56 356
57 341
57 423
57 463
57 513
57 596
57 0
57 18
57 19
57 28
57 35
57 69
57 106
57 133
57 158
57 175
57 201
57 206
57 207
57 217
57 226
57 229
57 232
57 244
57 252
57 288
57 293
57 357
58 406
58 415
58 422
58 447
58 528
58 0
58 10
58 17
58 21
58 22
58 29
58 60
58 80
58 95
58 104
58 105
58 125
58 130
58 163
58 168
58 187
58 199
58 238
58 276
58 358
59 304
59 465
59 501
59 517
59 16
59 23
59 90
59 92
59 93
59 112
59 121
59 128
59 139
59 145
59 173
59 189
59 202
59 219
59 236
59 277
59 289
59 359
60 320
60 326
60 334
60 355
60 388
60 421
60 526
60 545
60 3
60 10
60 12
60 15
60 43
60 58
60 70
60 109
60 128
60 135
60 138
60 142
60 165
60 189
60 192
60 198
60 205
60 206
60 233
60 247
60 249
60 259
60 263
60 271
60 272
60 283
60 360
61 346
61 364
61 484
61 572
61 53
61 81
61 82
61 88
61 184
61 210
61 230
61 275
61 280
61 361
62 354
62 414
62 436
62 501
62 0
62 1
62 35
62 38
62 82
62 88
62 104
62 106
62 107
62 115
62 128
62 140
62 163
62 165
62 180
62 181
62 183
62 199
62 201
62 218
62 238
62 262
62 263
62 275
62 277
62 284
62 299
62 362
63 421
63 422
63 23
63 53
63 67
63 70
63 74
63 75
63 81
63 90
63 110
63 115
63 131
63 133
63 136
63 148
63 151
63 158
63 211
63 216
63 274
63 275
63 278
63 285
63 363
64 314
64 376
64 388
64 469
64 489
64 563
64 17
64 28
64 78
64 150
64 167
64 174
64 181
64 202
64 207
64 208
64 224
64 228
64 249
64 262
64 265
64 287
64 364
65 334
65 489
65 495
65 501
65 550
65 35
65 37
65 45
65 53
65 71
65 77
65 78
65 93
65 98
65 107
65 127
65 161
65 169
65 172
65 213
65 227
65 231
65 246
65 262
65 264
65 276
65 288
65 295
65 297
65 365
66 350
66 401
66 415
66 421
66 437
66 505
66 548
66 559
66 14
66 35
66 55
66 75
66 93
66 94
66 118
66 124
66 129
66 154
66 169
66 176
66 187
66 200
66 208
66 211
66 220
66 221
66 255
66 271
66 287
66 291
66 297
66 366
67 387
67 462
67 488
67 569
67 4
67 16
67 24
67 27
67 37
67 56
67 63
67 87
67 90
67 97
67 121
67 137
67 171
67 193
67 198
67 211
67 219
67 227
67 273
67 282
67 293
67 367
68 308
68 333
68 339
68 356
68 549
68 582
68 11
68 22
68 23
68 30
68 45
68 49
68 74
68 78
68 89
68 92
68 94
68 102
68 124
68 139
68 143
68 173
68 180
68 190
68 192
68 197
68 205
68 206
68 218
68 222
68 244
68 272
68 275
68 368
69 312
69 327
69 333
69 485
69 509
69 6
69 7
69 9
69 23
69 30
69 40
69 57
69 76
69 102
69 104
69 127
69 146
69 178
69 179
69 194
69 211
69 212
69 216
69 217
69 223
69 228
69 229
69 251
69 263
69 290
69 294
69 297
69 369
70 355
70 387
70 465
70 520
70 569
70 588
70 5
70 8
70 60
70 63
70 92
70 99
70 112
70 120
70 146
70 173
70 179
70 188
70 216
70 235
70 278
70 279
70 294
70 370
71 305
71 505
71 523
71 558
71 559
71 13
71 29
71 30
71 53
71 65
71 85
71 108
71 126
71 182
71 183
71 188
71 223
71 229
71 233
71 246
71 271
71 277
71 287
71 294
71 371
72 367
72 369
72 408
72 489
72 535
72 3
72 4
72 14
72 15
72 38
72 55
72 99
72 146
72 149
72 177
72 178
72 180
72 198
72 245
72 246
72 252
72 259
72 279
72 283
72 284
72 285
72 372
73 324
73 330
73 331
73 386
73 500
73 549
73 599
73 2
73 37
73 41
73 56
73 78
73 79
73 87
73 94
73 122
73 126
73 149
73 158
73 169
73 173
73 187
73 199
73 223
73 248
73 256
73 271
73 373
74 320
74 341
74 363
74 402
74 405
74 527
74 541
74 575
74 15
74 44
74 63
74 68
74 90
74 116
74 127
74 152
74 156
74 186
74 192
74 198
74 214
74 217
74 261
74 283
74 297
74 374
75 404
75 411
75 438
75 452
75 498
75 514
75 7
75 41
75 46
75 63
75 66
75 77
75 114
75 129
75 134
75 151
75 152
75 153
75 172
75 181
75 202
75 226
75 227
75 252
75 255
75 261
75 375
76 320
76 331
76 392
76 468
76 475
76 477
76 539
76 578
76 3
76 9
76 33
76 69
76 108
76 113
76 120
76 146
76 160
76 163
76 169
76 219
76 220
76 238
76 256
76 271
76 275
76 276
76 289
76 291
76 376
77 347
77 477
77 487
77 501
77 538
77 14
77 38
77 65
77 75
77 82
77 87
77 145
77 213
77 217
77 234
77 296
77 377
78 304
78 338
78 386
78 514
78 531
78 532
78 555
78 565
78 25
78 27
78 42
78 64
78 65
78 68
78 73
78 102
78 153
78 167
78 168
78 169
78 202
78 206
78 227
78 239
78 260
78 276
78 378
79 306
79 392
79 418
79 438
79 443
79 488
79 527
79 529
79 548
79 41
79 52
79 73
79 98
79 99
79 152
79 174
79 179
79 189
79 191
79 193
79 204
79 210
79 215
79 230
79 276
79 379
80 314
80 324
80 332
80 359
80 368
80 386
80 398
80 437
80 467
80 518
80 29
80 48
80 58
80 108
80 119
80 136
80 157
80 159
80 169
80 170
80 201
80 221
80 226
80 229
80 257
80 264
80 289
80 298
80 380
81 317
81 436
81 449
81 455
81 477
81 480
81 61
81 63
81 152
81 174
81 175
81 176
81 184
81 247
81 256
81 263
81 381
82 382
82 401
82 425
82 434
82 504
82 514
82 531
82 572
82 578
82 61
82 62
82 77
82 96
82 97
82 100
82 127
82 144
82 170
82 177
82 178
82 179
82 184
82 193
82 228
82 231
82 237
82 254
82 276
82 280
82 288
83 452
83 480
83 484
83 9
83 97
83 102
83 108
83 137
83 147
83 156
83 159
83 217
83 225
83 226
83 232
83 243
83 269
83 271
83 274
83 291
83 383
84 381
84 421
84 508
84 583
84 13
84 18
84 43
84 50
84 56
84 128
84 165
84 182
84 184
84 211
84 259
84 289
84 296
84 298
84 384
85 427
85 437
85 492
85 507
85 534
85 542
85 6
85 8
85 39
85 46
85 71
85 104
85 115
85 131
85 132
85 151
85 173
85 194
85 198
85 205
85 217
85 225
85 228
85 230
85 250
85 253
85 264
85 276
85 385
86 304
86 325
86 355
86 371
86 488
86 571
86 599
86 39
86 41
86 115
86 117
86 119
86 137
86 145
86 163
86 178
86 179
86 183
86 197
86 207
86 210
86 214
86 222
86 227
86 238
86 246
86 248
86 268
86 271
86 279
86 288
86 386
87 312
87 319
87 538
87 38
87 44
87 67
87 73
87 77
87 91
87 111
87 123
87 145
87 151
87 158
87 173
87 175
87 176
87 195
87 218
87 236
87 237
87 251
87 258
87 280
87 387
88 371
88 455
88 529
88 543
88 581
88 593
88 9
88 14
88 21
88 35
88 44
88 52
88 61
88 62
88 89
88 112
88 151
88 152
88 162
88 200
88 213
88 218
88 233
88 234
88 249
88 253
88 254
88 388
89 355
89 356
89 362
89 380
89 464
89 485
89 495
89 540
89 549
89 2
89 4
89 11
89 13
89 22
89 26
89 40
89 43
89 45
89 49
89 68
89 88
89 104
89 120
89 127
89 128
89 161
89 178
89 211
89 213
89 226
89 389
90 347
90 355
90 357
90 458
90 506
90 546
90 572
90 3
90 11
90 19
90 21
90 40
90 59
90 63
90 67
90 74
90 129
90 136
90 138
90 145
90 165
90 191
90 211
90 220
90 223
90 231
90 238
90 241
90 266
90 286
90 390
91 318
91 350
91 407
91 454
91 478
91 490
91 492
91 29
91 87
91 93
91 144
91 153
91 200
91 215
91 227
91 228
91 229
91 231
91 245
91 252
91 254
91 266
91 273
91 283
91 288
91 291
91 391
92 407
92 412
92 429
92 435
92 453
92 480
92 490
92 516
92 1
92 15
92 32
92 41
92 47
92 59
92 68
92 70
92 102
92 135
92 138
92 141
92 155
92 158
92 163
92 166
92 171
92 240
92 248
92 251
92 258
92 297
92 392
93 335
93 343
93 389
93 406
93 420
93 46
93 59
93 65
93 66
93 91
93 98
93 101
93 106
93 108
93 109
93 117
93 124
93 200
93 219
93 230
93 233
93 268
93 283
93 393
94 311
94 326
94 335
94 355
94 392
94 541
94 590
94 10
94 15
94 41
94 66
94 68
94 73
94 95
94 106
94 112
94 121
94 180
94 221
94 230
94 237
94 260
94 394
95 357
95 406
95 417
95 450
95 553
95 597
95 4
95 7
95 23
95 29
95 31
95 33
95 58
95 94
95 110
95 119
95 123
95 129
95 136
95 151
95 154
95 165
95 175
95 193
95 199
95 211
95 215
95 221
95 246
95 279
95 395
96 314
96 408
96 423
96 447
96 541
96 549
96 0
96 50
96 82
96 121
96 131
96 139
96 148
96 184
96 216
96 241
96 263
96 290
96 293
96 396
97 363
97 377
97 395
97 398
97 458
97 505
97 15
97 20
97 31
97 37
97 67
97 82
97 83
97 106
97 165
97 172
97 210
97 218
97 242
97 244
97 397
98 317
98 328
98 358
98 430
98 530
98 559
98 65
98 79
98 93
98 103
98 113
98 121
98 125
98 126
98 163
98 179
98 181
98 193
98 197
98 200
98 201
98 219
98 248
98 252
98 257
98 277
98 398
99 452
99 551
99 2
99 20
99 27
99 38
99 70
99 72
99 79
99 101
99 125
99 131
99 143
99 167
99 168
99 177
99 185
99 189
99 190
99 200
99 248
99 255
99 276
99 286
99 399
100 369
100 466
100 36
100 48
100 82
100 142
100 178
100 201
100 202
100 223
100 224
100 238
100 241
100 243
100 267
100 278
100 283
100 400
101 395
101 423
101 578
101 93
101 99
101 104
101 116
101 127
101 133
101 139
101 159
101 161
101 164
101 184
101 190
101 208
101 220
101 238
101 249
101 257
101 263
101 280
101 282
101 287
101 294
101 401
102 314
102 324
102 335
102 391
102 429
102 436
102 469
102 511
102 557
102 576
102 25
102 30
102 46
102 49
102 68
102 69
102 78
102 83
102 92
102 107
102 121
102 150
102 155
102 176
102 217
102 235
102 251
102 265
102 275
102 281
102 283
102 402
103 345
103 360
103 474
103 501
103 0
103 1
103 38
103 44
103 98
103 118
103 119
103 178
103 187
103 195
103 200
103 202
103 207
103 231
103 403
104 347
104 365
104 473
104 524
104 555
104 4
104 15
104 38
104 58
104 62
104 69
104 85
104 89
104 101
104 119
104 124
104 160
104 166
104 170
104 178
104 196
104 225
104 252
104 266
104 268
104 288
104 291
104 404
105 338
105 355
105 384
105 481
105 483
105 533
105 559
105 6
105 12
105 24
105 29
105 32
105 36
105 43
105 44
105 48
105 55
105 56
105 58
105 106
105 107
105 133
105 137
105 145
105 150
105 155
105 240
105 244
105 256
105 286
105 405
106 321
106 339
106 345
106 381
106 405
106 451
106 514
106 0
106 11
106 53
106 57
106 62
106 93
106 94
106 97
106 105
106 109
106 134
106 148
106 151
106 163
106 177
106 185
106 186
106 194
106 204
106 209
106 225
106 233
106 268
106 270
106 299
106 406
107 310
107 338
107 517
107 585
107 589
107 0
107 2
107 38
107 42
107 51
107 62
107 65
107 102
107 105
107 116
107 119
107 137
107 190
107 208
107 237
107 240
107 244
107 246
107 278
107 285
107 289
107 290
107 294
107 295
107 407
108 322
108 361
108 378
108 402
108 403
108 409
108 527
108 25
108 71
108 76
108 80
108 83
108 93
108 124
108 130
108 147
108 188
108 191
108 235
108 239
108 250
108 259
108 261
108 408
109 379
109 394
109 445
109 521
109 545
109 574
109 22
109 24
109 39
109 60
109 93
109 106
109 126
109 128
109 132
109 141
109 147
109 161
109 187
109 193
109 203
109 245
109 264
109 280
109 286
109 293
109 294
109 409
110 312
110 334
110 369
110 377
110 386
110 404
110 459
110 8
110 28
110 35
110 42
110 63
110 95
110 112
110 122
110 124
110 129
110 139
110 140
110 176
110 190
110 200
110 217
110 222
110 238
110 241
110 243
110 273
110 287
110 410
111 315
111 353
111 420
111 422
111 495
111 499
111 520
111 558
111 579
111 24
111 30
111 87
111 128
111 143
111 153
111 186
111 193
111 201
111 212
111 232
111 234
111 250
111 253
111 254
111 256
111 297
111 411
112 314
112 409
112 457
112 471
112 521
112 523
112 572
112 595
112 30
112 36
112 46
112 59
112 70
112 88
112 94
112 110
112 129
112 138
112 150
112 154
112 155
112 167
112 189
112 190
112 193
112 195
112 197
112 205
112 222
112 239
112 257
112 258
112 271
112 273
112 412
113 549
113 550
113 574
113 11
113 23
113 35
113 37
113 54
113 76
113 98
113 120
113 183
113 186
113 193
113 200
113 203
113 222
113 248
113 264
113 266
113 271
113 273
113 281
113 413
114 300
114 312
114 475
114 524
114 585
114 596
114 4
114 30
114 39
114 75
114 120
114 123
114 124
114 125
114 137
114 212
114 239
114 242
114 244
114 255
114 275
114 278
114 279
114 283
114 287
114 295
114 296
114 414
115 387
115 501
115 511
115 514
115 552
115 588
115 62
115 63
115 85
115 86
115 129
115 132
115 152
115 209
115 216
115 219
115 241
115 242
115 253
115 275
115 290
115 415
116 381
116 392
116 401
116 430
116 473
116 477
116 547
116 554
116 563
116 5
116 15
116 30
116 45
116 74
116 101
116 107
116 119
116 120
116 125
116 132
116 135
116 136
116 163
116 166
116 190
116 227
116 229
116 233
116 239
116 246
116 258
116 275
116 287
116 416
117 301
117 307
117 394
117 451
117 549
117 553
117 8
117 15
117 86
117 93
117 120
117 128
117 135
117 162
117 186
117 232
117 239
117 280
117 417
118 347
118 417
118 451
118 539
118 16
118 18
118 23
118 25
118 27
118 34
118 35
118 49
118 66
118 103
118 134
118 156
118 183
118 193
118 202
118 228
118 249
118 256
118 277
118 296
118 418
119 390
119 400
119 413
119 476
119 481
119 505
119 519
119 20
119 33
119 35
119 42
119 53
119 54
119 80
119 86
119 95
119 103
119 104
119 107
119 116
119 136
119 143
119 151
119 167
119 173
119 245
119 247
119 249
119 258
119 263
119 271
119 272
119 419
120 327
120 342
120 376
120 533
120 561
120 9
120 23
120 30
120 70
120 76
120 89
120 113
120 114
120 116
120 117
120 139
120 149
120 177
120 186
120 203
120 218
120 232
120 256
120 257
120 272
120 287
120 420
121 382
121 384
121 440
121 450
121 490
121 497
121 547
121 571
121 585
121 6
121 28
121 45
121 59
121 67
121 94
121 96
121 98
121 102
121 135
121 204
121 216
121 222
121 231
121 244
121 254
121 259
121 262
121 264
121 271
121 277
121 279
121 292
121 294
121 295
121 421
122 330
122 418
122 476
122 526
122 536
122 2
122 32
122 54
122 73
122 110
122 162
122 167
122 193
122 195
122 210
122 227
122 231
122 267
122 271
122 273
122 280
122 282
122 422
123 315
123 438
123 515
123 576
123 591
123 26
123 35
123 87
123 95
123 114
123 133
123 136
123 141
123 144
123 236
123 239
123 244
123 248
123 255
123 267
123 277
123 294
123 423
124 301
124 421
124 424
124 454
124 458
124 522
124 564
124 582
124 1
124 2
124 10
124 13
124 27
124 49
124 50
124 66
124 68
124 93
124 104
124 108
124 110
124 114
124 140
124 164
124 166
124 175
124 185
124 207
124 213
124 218
124 269
124 281
124 287
124 293
125 393
125 445
125 450
125 464
125 507
125 575
125 6
125 32
125 33
125 54
125 58
125 98
125 99
125 114
125 116
125 153
125 154
125 168
125 186
125 243
125 244
125 255
125 263
125 272
125 286
125 287
125 295
125 425
126 309
126 320
126 334
126 459
126 529
126 4
126 10
126 19
126 32
126 71
126 73
126 98
126 109
126 140
126 173
126 195
126 219
126 227
126 228
126 241
126 248
126 262
126 266
126 280
126 285
126 297
126 426
127 324
127 330
127 353
127 356
127 362
127 367
127 404
127 424
127 434
127 441
127 485
127 488
127 553
127 555
127 568
127 6
127 8
127 24
127 33
127 39
127 51
127 65
127 69
127 74
127 82
127 89
127 101
127 131
127 132
127 159
127 162
127 189
127 195
127 198
127 214
127 260
127 283
127 289
127 292
127 427
128 523
128 562
128 11
128 18
128 25
128 32
128 40
128 48
128 59
128 60
128 62
128 84
128 89
128 109
128 111
128 117
128 130
128 137
128 141
128 155
128 170
128 174
128 178
128 236
128 258
128 271
128 272
128 282
128 428
129 313
129 335
129 528
129 559
129 2
129 42
129 66
129 75
129 90
129 95
129 110
129 112
129 115
129 138
129 146
129 157
129 159
129 180
129 195
129 198
129 209
129 216
129 218
129 220
129 227
129 231
129 240
129 242
129 271
129 429
130 409
130 587
130 10
130 12
130 26
130 28
130 42
130 58
130 108
130 128
130 140
130 169
130 181
130 183
130 186
130 204
130 238
130 251
130 252
130 253
130 259
130 299
130 430
131 306
131 341
131 347
131 382
131 404
131 422
131 438
131 455
131 459
131 493
131 535
131 553
131 571
131 2
131 18
131 26
131 32
131 41
131 42
131 43
131 56
131 63
131 85
131 96
131 99
131 127
131 166
131 170
131 176
131 202
131 244
131 263
131 269
131 283
131 285
131 292
131 431
132 323
132 533
132 595
132 599
132 18
132 21
132 25
132 37
132 45
132 85
132 109
132 115
132 116
132 127
132 147
132 195
132 204
132 219
132 241
132 255
132 261
132 278
132 291
132 432
133 313
133 355
133 377
133 432
133 470
133 9
133 22
133 38
133 57
133 63
133 101
133 105
133 123
133 138
133 154
133 162
133 171
133 173
133 178
133 179
133 195
133 199
133 202
133 224
133 232
133 242
133 276
133 433
134 356
134 362
134 374
134 542
134 3
134 4
134 8
134 15
134 16
134 20
134 75
134 106
134 118
134 146
134 148
134 154
134 159
134 165
134 168
134 193
134 198
134 217
134 221
134 237
134 252
134 262
134 280
134 282
134 434
135 320
135 417
135 422
135 494
135 0
135 18
135 35
135 48
135 60
135 92
135 116
135 117
135 121
135 155
135 157
135 165
135 204
135 214
135 216
135 249
135 270
135 295
135 435
136 425
136 487
136 517
136 537
136 568
136 35
136 40
136 41
136 54
136 63
136 80
136 90
136 95
136 116
136 119
136 123
136 139
136 183
136 192
136 197
136 219
136 229
136 230
136 231
136 240
136 436
137 315
137 367
137 469
137 519
137 5
137 14
137 34
137 55
137 67
137 83
137 86
137 105
137 107
137 114
137 128
137 140
137 149
137 226
137 249
137 299
137 437
138 300
138 310
138 382
138 483
138 487
138 496
138 562
138 17
138 21
138 37
138 49
138 60
138 90
138 92
138 112
138 129
138 133
138 141
138 183
138 194
138 267
138 271
138 280
138 299
138 438
139 436
139 492
139 505
139 519
139 542
139 573
139 0
139 6
139 28
139 31
139 32
139 42
139 50
139 59
139 68
139 96
139 101
139 110
139 120
139 136
139 142
139 143
139 147
139 158
139 182
139 184
139 230
139 234
139 245
139 246
139 252
139 253
139 262
139 295
139 439
140 321
140 374
140 376
140 432
140 482
140 494
140 505
140 11
140 30
140 35
140 43
140 62
140 110
140 124
140 126
140 130
140 137
140 158
140 164
140 225
140 226
140 233
140 247
140 257
140 276
140 284
140 440
141 300
141 307
141 311
141 328
141 331
141 347
141 361
141 394
141 479
141 490
141 516
141 518
141 4
141 18
141 53
141 92
141 109
141 123
141 128
141 138
141 192
141 211
141 213
141 214
141 232
141 238
141 258
141 441
142 394
142 429
142 477
142 487
142 502
142 590
142 0
142 34
142 39
142 50
142 60
142 100
142 139
142 146
142 155
142 180
142 193
142 199
142 229
142 248
142 262
142 278
142 282
142 289
142 442
143 327
143 344
143 490
143 493
143 503
143 515
143 580
143 595
143 9
143 22
143 32
143 41
143 68
143 99
143 111
143 119
143 139
143 162
143 181
143 230
143 233
143 235
143 244
143 255
143 265
143 291
143 443
144 364
144 503
144 15
144 49
144 82
144 91
144 123
144 146
144 161
144 172
144 244
144 261
144 284
144 287
144 294
144 295
144 444
145 323
145 328
145 406
145 484
145 560
145 580
145 590
145 34
145 36
145 39
145 46
145 59
145 77
145 86
145 87
145 90
145 105
145 167
145 242
145 243
145 292
145 297
145 299
145 445
146 368
146 423
146 429
146 470
146 490
146 503
146 530
146 542
146 564
146 0
146 2
146 6
146 8
146 20
146 22
146 26
146 69
146 70
146 72
146 76
146 129
146 134
146 142
146 144
146 152
146 162
146 164
146 168
146 169
146 174
146 184
146 252
146 268
146 280
146 289
146 295
146 446
147 310
147 370
147 445
147 544
147 2
147 83
147 108
147 109
147 132
147 139
147 180
147 203
147 209
147 216
147 229
147 235
147 244
147 246
147 247
147 266
147 284
147 293
147 296
147 297
147 447
148 396
148 398
148 401
148 408
148 431
148 510
148 545
148 551
148 555
148 1
148 9
148 15
148 29
148 31
148 63
148 96
148 106
148 134
148 161
148 188
148 190
148 211
148 219
148 222
148 223
148 234
148 251
148 252
148 267
148 281
148 285
148 448
149 316
149 327
149 345
149 386
149 439
149 477
149 485
149 535
149 38
149 39
149 43
149 51
149 72
149 73
149 120
149 137
149 150
149 157
149 167
149 188
149 192
149 214
149 215
149 221
149 223
149 244
149 256
149 262
149 271
149 286
149 449
150 371
150 382
150 383
150 388
150 444
150 569
150 2
150 64
150 102
150 105
150 112
150 149
150 155
150 178
150 182
150 197
150 201
150 242
150 243
150 269
150 278
150 290
150 450
151 312
151 382
151 7
151 23
151 39
151 45
151 52
151 63
151 75
151 85
151 87
151 88
151 95
151 106
151 119
151 161
151 182
151 193
151 210
151 211
151 215
151 277
151 286
151 288
151 290
151 291
151 296
151 297
151 451
152 350
152 429
152 458
152 485
152 577
152 74
152 75
152 79
152 81
152 88
152 115
152 146
152 155
152 165
152 170
152 211
152 235
152 236
152 243
152 266
152 267
152 277
152 452
153 356
153 365
153 404
153 419
153 580
153 2
153 5
153 11
153 75
153 78
153 91
153 111
153 125
153 165
153 173
153 179
153 193
153 202
153 215
153 216
153 244
153 269
153 286
153 453
154 358
154 403
154 442
154 10
154 27
154 35
154 66
154 95
154 112
154 125
154 133
154 134
154 155
154 163
154 164
154 168
154 238
154 266
154 269
154 278
154 454
155 325
155 341
155 366
155 384
155 400
155 523
155 541
155 20
155 92
155 102
155 105
155 112
155 128
155 135
155 142
155 150
155 152
155 154
155 177
155 182
155 191
155 211
155 275
155 293
155 455
156 377
156 446
156 561
156 29
156 32
156 40
156 55
156 74
156 83
156 118
156 165
156 167
156 193
156 206
156 210
156 224
156 232
156 257
156 266
156 269
156 275
156 279
156 281
156 292
156 456
157 327
157 349
157 369
157 375
157 409
157 425
157 447
157 476
157 539
157 591
157 1
157 37
157 44
157 51
157 80
157 129
157 135
157 149
157 171
157 172
157 181
157 195
157 211
157 217
157 236
157 247
157 270
157 275
157 279
157 280
157 290
157 295
157 457
158 319
158 325
158 374
158 421
158 500
158 543
158 564
158 579
158 1
158 2
158 7
158 13
158 15
158 42
158 53
158 57
158 63
158 73
158 87
158 92
158 139
158 140
158 162
158 167
158 178
158 192
158 206
158 209
158 210
158 239
158 240
158 242
158 259
158 276
158 281
158 292
158 298
158 458
159 378
159 384
159 491
159 492
159 564
159 573
159 594
159 9
159 21
159 24
159 26
159 33
159 40
159 54
159 80
159 83
159 101
159 127
159 129
159 134
159 178
159 186
159 189
159 201
159 225
159 241
159 249
159 262
159 271
159 276
159 292
159 299
159 459
160 419
160 467
160 530
160 580
160 8
160 32
160 39
160 40
160 51
160 53
160 76
160 104
160 167
160 209
160 224
160 237
160 240
160 247
160 250
160 252
160 260
160 261
160 273
160 279
160 286
160 297
160 460
161 323
161 383
161 395
161 408
161 412
161 429
161 554
161 555
161 561
161 578
161 584
161 3
161 4
161 9
161 10
161 14
161 33
161 41
161 65
161 89
161 101
161 109
161 144
161 148
161 151
161 211
161 214
161 225
161 228
161 248
161 250
161 255
161 258
161 277
161 280
161 284
161 296
161 461
162 465
162 546
162 585
162 595
162 19
162 21
162 29
162 38
162 44
162 46
162 56
162 88
162 117
162 122
162 127
162 133
162 143
162 146
162 158
162 185
162 189
162 212
162 215
162 230
162 244
162 252
162 273
162 292
162 462
163 386
163 521
163 543
163 0
163 15
163 18
163 29
163 39
163 48
163 58
163 62
163 76
163 86
163 92
163 98
163 106
163 116
163 154
163 166
163 193
163 200
163 240
163 282
163 284
163 299
163 463
164 305
164 468
164 473
164 480
164 509
164 530
164 557
164 590
164 7
164 8
164 9
164 13
164 20
164 38
164 47
164 101
164 124
164 140
164 146
164 154
164 184
164 204
164 208
164 218
164 231
164 237
164 253
164 298
164 464
165 308
165 323
165 371
165 377
165 504
165 580
165 6
165 21
165 24
165 60
165 62
165 84
165 90
165 95
165 97
165 134
165 135
165 152
165 153
165 156
165 175
165 187
165 189
165 201
165 208
165 214
165 227
165 232
165 245
165 299
165 465
166 365
166 470
166 547
166 10
166 11
166 18
166 27
166 35
166 48
166 51
166 92
166 104
166 116
166 124
166 131
166 163
166 190
166 194
166 216
166 220
166 240
166 466
167 346
167 352
167 426
167 453
167 494
167 499
167 530
167 9
167 20
167 49
167 64
167 78
167 99
167 112
167 119
167 122
167 145
167 149
167 156
167 158
167 160
167 176
167 180
167 191
167 194
167 209
167 220
167 222
167 236
167 256
167 262
167 274
167 279
167 280
167 291
167 296
167 467
168 355
168 363
168 388
168 412
168 478
168 508
168 548
168 35
168 58
168 78
168 99
168 125
168 134
168 146
168 154
168 170
168 184
168 193
168 202
168 203
168 225
168 229
168 230
168 264
168 269
168 468
169 412
169 453
169 480
169 518
169 51
169 55
169 56
169 65
169 66
169 73
169 76
169 78
169 80
169 130
169 146
169 230
169 252
169 469
170 309
170 348
170 355
170 477
170 573
170 1
170 4
170 6
170 8
170 39
170 43
170 51
170 80
170 82
170 104
170 128
170 131
170 152
170 168
170 186
170 189
170 199
170 200
170 227
170 238
170 250
170 268
170 293
170 470
171 309
171 356
171 398
171 568
171 9
171 12
171 29
171 30
171 35
171 36
171 42
171 67
171 92
171 133
171 157
171 174
171 192
171 198
171 220
171 221
171 239
171 257
171 278
171 298
171 471
172 331
172 388
172 420
172 524
172 568
172 8
172 10
172 37
172 40
172 65
172 75
172 97
172 144
172 157
172 180
172 186
172 208
172 211
172 215
172 247
172 472
173 326
173 353
173 378
173 466
173 468
173 554
173 584
173 20
173 39
173 52
173 59
173 68
173 70
173 73
173 85
173 87
173 119
173 126
173 133
173 153
173 178
173 210
173 217
173 235
173 246
173 261
173 268
173 276
173 286
173 473
174 313
174 316
174 318
174 506
174 512
174 549
174 594
174 5
174 28
174 43
174 48
174 64
174 79
174 81
174 128
174 146
174 171
174 181
174 195
174 225
174 260
174 269
174 283
174 285
174 474
175 304
175 329
175 344
175 583
175 47
175 57
175 81
175 87
175 95
175 124
175 165
175 187
175 190
175 193
175 222
175 245
175 267
175 269
175 287
175 288
175 295
175 475
176 372
176 488
176 489
176 530
176 29
176 32
176 34
176 48
176 66
176 81
176 87
176 102
176 110
176 131
176 167
176 201
176 202
176 209
176 229
176 236
176 241
176 246
176 250
176 256
176 274
176 282
176 288
176 476
177 310
177 329
177 375
177 392
177 396
177 455
177 528
177 574
177 0
177 1
177 3
177 12
177 21
177 39
177 48
177 49
177 52
177 72
177 82
177 99
177 106
177 120
177 155
177 215
177 238
177 267
177 296
177 299
177 477
178 354
178 370
178 398
178 457
178 465
178 480
178 12
178 23
178 26
178 69
178 72
178 82
178 86
178 89
178 100
178 103
178 104
178 128
178 133
178 150
178 158
178 159
178 173
178 183
178 219
178 242
178 247
178 257
178 268
178 478
179 389
179 445
179 500
179 524
179 547
179 584
179 22
179 33
179 36
179 49
179 51
179 69
179 70
179 79
179 82
179 86
179 98
179 133
179 153
179 211
179 213
179 220
179 226
179 228
179 238
179 251
179 253
179 255
179 268
179 294
179 295
179 479
180 301
180 343
180 370
180 382
180 416
180 466
180 474
180 527
180 569
180 0
180 3
180 6
180 46
180 49
180 62
180 68
180 72
180 94
180 129
180 142
180 147
180 167
180 172
180 189
180 229
180 230
180 253
180 261
180 265
180 272
180 293
180 480
181 314
181 317
181 382
181 387
181 438
181 542
181 34
181 37
181 49
181 53
181 55
181 62
181 64
181 75
181 98
181 130
181 143
181 157
181 174
181 205
181 213
181 257
181 283
181 481
182 304
182 395
182 429
182 577
182 594
182 28
182 71
182 84
182 139
182 150
182 151
182 155
182 183
182 199
182 222
182 235
182 270
182 275
182 285
182 482
183 343
183 413
183 552
183 45
183 47
183 62
183 71
183 86
183 113
183 118
183 130
183 136
183 138
183 178
183 182
183 184
183 222
183 229
183 231
183 270
183 272
183 284
183 286
183 483
184 339
184 400
184 534
184 4
184 19
184 61
184 81
184 82
184 84
184 96
184 101
184 139
184 146
184 164
184 168
184 183
184 227
184 233
184 255
184 259
184 294
184 296
184 484
185 336
185 415
185 480
185 0
185 22
185 25
185 53
185 99
185 106
185 124
185 162
185 209
185 247
185 252
185 265
185 281
185 299
185 485
186 323
186 415
186 426
186 530
186 1
186 3
186 7
186 14
186 33
186 74
186 106
186 111
186 113
186 117
186 120
186 125
186 130
186 159
186 170
186 172
186 189
186 202
186 214
186 224
186 239
186 486
187 369
187 467
187 533
187 10
187 28
187 53
187 58
187 66
187 73
187 103
187 109
187 165
187 175
187 189
187 210
187 240
187 255
187 262
187 271
187 276
187 298
187 487
188 326
188 328
188 344
188 368
188 438
188 478
188 487
188 498
188 499
188 579
188 12
188 14
188 35
188 70
188 71
188 108
188 148
188 149
188 192
188 201
188 206
188 222
188 229
188 230
188 233
188 246
188 249
188 254
188 266
188 268
188 287
188 488
189 305
189 310
189 332
189 397
189 453
189 483
189 525
189 541
189 583
189 598
189 1
189 5
189 21
189 22
189 31
189 36
189 51
189 52
189 59
189 60
189 79
189 99
189 112
189 127
189 159
189 162
189 165
189 170
189 180
189 186
189 187
189 197
189 208
189 209
189 220
189 234
189 256
189 264
189 285
189 290
189 489
190 318
190 387
190 454
190 462
190 503
190 530
190 593
190 13
190 30
190 68
190 99
190 101
190 107
190 110
190 112
190 116
190 148
190 166
190 175
190 194
190 207
190 211
190 237
190 249
190 254
190 255
190 292
190 490
191 411
191 466
191 475
191 490
191 582
191 6
191 9
191 17
191 23
191 28
191 38
191 39
191 79
191 90
191 108
191 155
191 167
191 195
191 204
191 213
191 223
191 226
191 238
191 246
191 261
191 292
191 297
191 299
191 491
192 416
192 420
192 523
192 556
192 12
192 16
192 17
192 37
192 43
192 45
192 49
192 60
192 68
192 74
192 136
192 141
192 149
192 158
192 171
192 188
192 194
192 222
192 263
192 267
192 283
192 492
193 338
193 379
193 455
193 469
193 509
193 537
193 547
193 562
193 25
193 41
193 46
193 67
193 79
193 82
193 95
193 98
193 109
193 111
193 112
193 113
193 118
193 122
193 134
193 142
193 151
193 153
193 156
193 163
193 168
193 175
193 197
193 207
193 210
193 211
193 216
193 249
193 262
193 267
193 268
193 280
193 293
193 294
193 493
194 304
194 311
194 533
194 564
194 4
194 14
194 38
194 69
194 85
194 106
194 138
194 166
194 167
194 190
194 192
194 209
194 223
194 232
194 241
194 272
194 291
194 494
195 308
195 351
195 447
195 495
195 529
195 537
195 0
195 5
195 8
195 11
195 14
195 23
195 28
195 50
195 87
195 103
195 112
195 122
195 126
195 127
195 129
195 132
195 133
195 157
195 174
195 191
195 198
195 202
195 237
195 238
195 252
195 268
195 269
196 363
196 398
196 488
196 524
196 599
196 1
196 2
196 50
196 104
196 203
196 207
196 226
196 262
196 272
196 276
196 283
196 292
196 496
197 367
197 403
197 441
197 476
197 568
197 23
197 41
197 68
197 86
197 98
197 112
197 136
197 150
197 189
197 193
197 200
197 214
197 215
197 251
197 262
197 264
197 267
197 274
197 283
197 299
197 497
198 325
198 412
198 414
198 446
198 475
198 508
198 539
198 581
198 4
198 20
198 39
198 48
198 54
198 60
198 67
198 72
198 74
198 85
198 127
198 129
198 134
198 171
198 195
198 229
198 273
198 275
198 289
198 498
199 406
199 412
199 564
199 581
199 590
199 21
199 58
199 62
199 73
199 95
199 133
199 142
199 170
199 182
199 200
199 288
199 499
200 304
200 356
200 443
200 543
200 579
200 586
200 38
200 48
200 66
200 88
200 91
200 93
200 98
200 99
200 103
200 110
200 113
200 163
200 170
200 197
200 199
200 203
200 212
200 214
200 218
200 220
200 226
200 229
200 237
200 256
200 264
200 500
201 399
201 420
201 490
201 514
201 536
201 548
201 597
201 18
201 25
201 28
201 46
201 54
201 56
201 57
201 62
201 80
201 98
201 100
201 111
201 150
201 159
201 165
201 176
201 188
201 208
201 234
201 275
201 280
201 501
202 384
202 395
202 399
202 401
202 429
202 432
202 550
202 590
202 16
202 18
202 55
202 59
202 64
202 75
202 78
202 100
202 103
202 118
202 131
202 133
202 153
202 168
202 176
202 186
202 195
202 226
202 236
202 242
202 244
202 274
202 276
202 288
202 502
203 318
203 321
203 334
203 335
203 352
203 402
203 449
203 515
203 576
203 30
203 34
203 109
203 113
203 120
203 147
203 168
203 196
203 200
203 208
203 211
203 214
203 236
203 239
203 247
203 257
203 268
203 272
203 280
203 297
203 299
203 503
204 303
204 493
204 529
204 546
204 598
204 12
204 13
204 14
204 40
204 55
204 56
204 79
204 106
204 121
204 130
204 132
204 135
204 164
204 191
204 207
204 210
204 214
204 222
204 224
204 247
204 271
204 281
204 298
204 504
205 322
205 417
205 468
205 524
205 571
205 9
205 19
205 30
205 38
205 54
205 60
205 68
205 85
205 112
205 181
205 209
205 230
205 234
205 268
205 505
206 340
206 357
206 427
206 434
206 469
206 476
206 552
206 584
206 23
206 31
206 57
206 60
206 68
206 78
206 156
206 158
206 188
206 220
206 227
206 255
206 261
206 279
206 284
206 287
206 295
206 506
207 332
207 514
207 543
207 575
207 578
207 16
207 26
207 27
207 50
207 57
207 64
207 86
207 103
207 124
207 190
207 193
207 196
207 204
207 217
207 251
207 258
207 263
207 281
207 288
207 298
207 507
208 448
208 561
208 562
208 579
208 5
208 32
208 52
208 64
208 66
208 101
208 107
208 164
208 165
208 172
208 189
208 201
208 203
208 212
208 221
208 226
208 234
208 236
208 270
208 275
208 508
209 358
209 388
209 435
209 491
209 520
209 576
209 599
209 8
209 10
209 16
209 39
209 106
209 115
209 129
209 147
209 158
209 160
209 167
209 176
209 185
209 189
209 194
209 205
209 233
209 243
209 279
209 287
209 509
210 337
210 376
210 411
210 451
210 461
210 488
210 543
210 547
210 558
210 8
210 15
210 28
210 48
210 54
210 61
210 79
210 86
210 97
210 122
210 151
210 156
210 158
210 173
210 187
210 193
210 204
210 213
210 219
210 241
210 266
210 285
210 292
210 293
210 510
211 374
211 391
211 408
211 414
211 529
211 530
211 0
211 9
211 14
211 42
211 50
211 63
211 66
211 67
211 69
211 84
211 89
211 90
211 95
211 141
211 148
211 151
211 152
211 155
211 157
211 161
211 172
211 179
211 190
211 193
211 203
211 213
211 226
211 237
211 249
211 258
211 262
211 267
211 275
211 290
211 511
212 368
212 383
212 486
212 526
212 589
212 0
212 7
212 46
212 53
212 69
212 111
212 114
212 162
212 200
212 208
212 214
212 222
212 235
212 274
212 278
212 283
212 284
212 292
212 512
213 314
213 334
213 344
213 353
213 486
213 554
213 25
213 27
213 32
213 36
213 65
213 77
213 88
213 89
213 124
213 141
213 179
213 181
213 191
213 210
213 211
213 214
213 230
213 233
213 293
213 513
214 352
214 466
214 500
214 576
214 580
214 0
214 14
214 26
214 33
214 43
214 74
214 86
214 127
214 135
214 141
214 149
214 161
214 165
214 186
214 197
214 200
214 203
214 204
214 212
214 213
214 229
214 233
214 243
214 259
214 262
214 297
214 514
215 326
215 335
215 349
215 377
215 532
215 562
215 571
215 589
215 17
215 50
215 79
215 91
215 95
215 149
215 151
215 153
215 162
215 172
215 177
215 197
215 243
215 247
215 278
215 292
215 515
216 313
216 392
216 456
216 475
216 483
216 571
216 13
216 63
216 69
216 70
216 96
216 115
216 121
216 129
216 135
216 147
216 153
216 166
216 193
216 228
216 232
216 238
216 253
216 259
216 276
216 291
216 516
217 302
217 346
217 394
217 406
217 417
217 449
217 539
217 543
217 37
217 50
217 55
217 57
217 69
217 74
217 77
217 83
217 85
217 102
217 110
217 134
217 157
217 173
217 207
217 236
217 263
217 296
217 517
218 340
218 357
218 478
218 7
218 10
218 12
218 34
218 49
218 55
218 62
218 68
218 87
218 88
218 97
218 120
218 124
218 129
218 164
218 200
218 226
218 238
218 261
218 268
218 283
218 285
218 287
218 292
218 518
219 386
219 396
219 510
219 554
219 3
219 4
219 5
219 18
219 45
219 50
219 59
219 67
219 76
219 93
219 98
219 115
219 126
219 132
219 136
219 148
219 178
219 210
219 241
219 283
219 519
220 351
220 476
220 15
220 18
220 32
220 41
220 66
220 76
220 90
220 101
220 129
220 166
220 167
220 171
220 179
220 189
220 200
220 206
220 241
220 242
220 249
220 253
220 254
220 268
220 285
220 294
220 520
221 377
221 391
221 508
221 584
221 589
221 25
221 46
221 66
221 80
221 94
221 95
221 134
221 149
221 171
221 208
221 246
221 280
221 521
222 411
222 420
222 486
222 579
222 11
222 13
222 21
222 30
222 31
222 42
222 68
222 86
222 110
222 112
222 113
222 121
222 148
222 167
222 175
222 182
222 183
222 188
222 192
222 204
222 212
222 233
222 250
222 254
222 271
222 294
222 522
223 370
223 441
223 493
223 574
223 3
223 18
223 35
223 54
223 69
223 71
223 73
223 90
223 100
223 148
223 149
223 191
223 194
223 226
223 239
223 241
223 242
223 243
223 269
223 523
224 322
224 323
224 375
224 503
224 8
224 55
224 64
224 100
224 133
224 156
224 160
224 186
224 204
224 277
224 289
224 291
224 524
225 325
225 452
225 543
225 40
225 43
225 46
225 48
225 55
225 83
225 85
225 104
225 106
225 140
225 159
225 161
225 168
225 174
225 259
225 280
225 298
225 525
226 330
226 379
226 388
226 414
226 439
226 456
226 583
226 29
226 30
226 38
226 57
226 75
226 80
226 83
226 89
226 137
226 140
226 179
226 191
226 196
226 200
226 202
226 208
226 211
226 218
226 223
226 227
226 231
226 233
226 252
226 253
226 261
226 269
226 273
226 526
227 310
227 335
227 340
227 343
227 462
227 484
227 533
227 543
227 578
227 5
227 7
227 8
227 39
227 44
227 54
227 65
227 67
227 75
227 78
227 86
227 91
227 116
227 122
227 126
227 129
227 165
227 170
227 184
227 206
227 226
227 258
227 268
227 527
228 418
228 482
228 47
228 54
228 64
228 69
228 82
228 85
228 91
228 118
228 126
228 161
228 179
228 216
228 231
228 243
228 253
228 257
228 259
228 293
228 528
229 329
229 354
229 401
229 533
229 545
229 557
229 561
229 564
229 0
229 55
229 57
229 69
229 71
229 80
229 91
229 116
229 136
229 142
229 147
229 168
229 176
229 180
229 183
229 188
229 198
229 200
229 214
229 233
229 250
229 260
229 267
229 293
229 294
229 299
229 529
230 368
230 24
230 41
230 54
230 61
230 79
230 85
230 93
230 94
230 136
230 139
230 143
230 162
230 168
230 169
230 180
230 188
230 205
230 213
230 231
230 244
230 258
230 273
230 289
230 530
231 364
231 412
231 422
231 454
231 480
231 516
231 548
231 558
231 5
231 7
231 23
231 26
231 36
231 39
231 65
231 82
231 90
231 91
231 103
231 121
231 122
231 129
231 136
231 164
231 183
231 226
231 228
231 230
231 240
231 250
231 260
231 266
231 271
231 295
231 531
232 309
232 501
232 534
232 568
232 20
232 26
232 34
232 57
232 83
232 111
232 117
232 120
232 133
232 141
232 156
232 165
232 194
232 216
232 532
233 388
233 465
233 476
233 503
233 517
233 559
233 564
233 575
233 594
233 17
233 48
233 60
233 71
233 88
233 93
233 106
233 116
233 140
233 143
233 184
233 188
233 209
233 213
233 214
233 222
233 226
233 229
233 234
233 245
233 255
233 263
233 278
233 279
233 533
234 309
234 408
234 418
234 434
234 547
234 559
234 6
234 41
234 77
234 88
234 111
234 139
234 148
234 189
234 201
234 205
234 208
234 233
234 246
234 275
234 284
234 286
234 297
234 534
235 312
235 314
235 315
235 350
235 354
235 387
235 437
235 463
235 496
235 560
235 10
235 24
235 27
235 36
235 46
235 70
235 102
235 108
235 143
235 147
235 152
235 173
235 182
235 212
235 281
235 286
235 290
235 535
236 345
236 357
236 404
236 410
236 446
236 513
236 525
236 4
236 17
236 59
236 87
236 123
236 128
236 152
236 157
236 167
236 176
236 202
236 203
236 208
236 217
236 240
236 269
236 273
236 281
236 536
237 307
237 331
237 384
237 410
237 445
237 446
237 17
237 25
237 82
237 87
237 94
237 107
237 134
237 160
237 164
237 190
237 195
237 200
237 211
237 240
237 269
237 282
237 537
238 300
238 310
238 314
238 342
238 366
238 440
238 447
238 32
238 35
238 58
238 62
238 76
238 86
238 90
238 100
238 101
238 110
238 130
238 141
238 154
238 170
238 177
238 179
238 191
238 195
238 216
238 218
238 249
238 259
238 282
238 289
238 293
238 297
238 538
239 342
239 346
239 362
239 363
239 410
239 534
239 577
239 588
239 9
239 18
239 36
239 37
239 44
239 47
239 78
239 108
239 112
239 114
239 116
239 117
239 123
239 158
239 171
239 186
239 203
239 223
239 244
239 287
239 539
240 374
240 376
240 461
240 462
240 483
240 553
240 8
240 17
240 37
240 92
240 105
240 107
240 129
240 136
240 158
240 160
240 163
240 166
240 187
240 231
240 236
240 237
240 276
240 281
240 540
241 301
241 347
241 348
241 473
241 492
241 511
241 5
241 16
241 23
241 30
241 52
241 90
241 96
241 100
241 110
241 115
241 126
241 132
241 159
241 176
241 194
241 210
241 219
241 220
241 223
241 259
241 273
241 284
241 294
241 541
242 382
242 31
242 97
242 114
242 115
242 129
242 133
242 145
242 150
242 158
242 178
242 202
242 220
242 223
242 246
242 251
242 542
243 322
243 356
243 472
243 478
243 487
243 570
243 6
243 40
243 45
243 83
243 100
243 110
243 125
243 145
243 150
243 152
243 209
243 214
243 215
243 223
243 228
243 259
243 271
243 285
243 289
243 296
243 543
244 307
244 321
244 360
244 427
244 458
244 550
244 552
244 574
244 2
244 54
244 57
244 68
244 97
244 105
244 107
244 114
244 121
244 123
244 125
244 131
244 143
244 144
244 147
244 149
244 153
244 162
244 202
244 230
244 239
244 280
244 285
244 288
244 291
244 544
245 330
245 480
245 596
245 14
245 23
245 24
245 38
245 50
245 54
245 72
245 91
245 109
245 119
245 139
245 165
245 175
245 233
245 258
245 260
245 266
245 267
245 268
245 278
245 299
245 545
246 306
246 334
246 337
246 389
246 424
246 500
246 560
246 13
246 22
246 65
246 71
246 72
246 86
246 95
246 107
246 116
246 139
246 147
246 173
246 176
246 188
246 191
246 221
246 234
246 242
246 250
246 272
246 546
247 335
247 387
247 399
247 421
247 474
247 560
247 32
247 56
247 60
247 81
247 119
247 140
247 147
247 157
247 160
247 172
247 178
247 185
247 203
247 204
247 215
247 249
247 260
247 261
247 263
247 277
247 281
247 282
247 293
247 547
248 327
248 339
248 353
248 386
248 460
248 505
248 527
248 545
248 4
248 46
248 50
248 73
248 86
248 92
248 98
248 99
248 113
248 123
248 126
248 142
248 161
248 252
248 259
248 262
248 263
248 548
249 319
249 325
249 358
249 521
249 590
249 3
249 8
249 9
249 25
249 29
249 45
249 47
249 54
249 60
249 64
249 88
249 101
249 118
249 119
249 135
249 137
249 159
249 188
249 190
249 193
249 211
249 220
249 238
249 247
249 251
249 260
249 549
250 342
250 441
250 582
250 28
250 30
250 85
250 108
250 111
250 160
250 161
250 170
250 176
250 222
250 229
250 231
250 246
250 550
251 332
251 340
251 515
251 530
251 5
251 8
251 29
251 36
251 69
251 87
251 92
251 102
251 130
251 148
251 179
251 197
251 207
251 242
251 249
251 259
251 288
251 551
252 551
252 17
252 18
252 22
252 26
252 35
252 57
252 72
252 75
252 91
252 98
252 104
252 130
252 134
252 139
252 146
252 148
252 160
252 162
252 169
252 185
252 195
252 226
252 248
252 273
252 280
252 281
252 552
253 308
253 355
253 407
253 464
253 494
253 24
253 31
253 55
253 56
253 85
253 88
253 111
253 115
253 130
253 139
253 164
253 179
253 180
253 216
253 220
253 226
253 228
253 294
253 296
253 553
254 362
254 379
254 385
254 468
254 475
254 543
254 10
254 37
254 82
254 88
254 91
254 111
254 121
254 188
254 190
254 220
254 222
254 268
254 275
254 554
255 322
255 331
255 345
255 378
255 385
255 433
255 505
255 524
255 7
255 17
255 38
255 66
255 75
255 99
255 114
255 123
255 125
255 132
255 143
255 161
255 179
255 184
255 187
255 190
255 206
255 233
255 258
255 283
255 555
256 343
256 511
256 519
256 531
256 564
256 50
256 73
256 76
256 81
256 105
256 111
256 118
256 120
256 149
256 167
256 176
256 189
256 200
256 260
256 277
256 280
256 287
256 556
257 304
257 308
257 338
257 395
257 475
257 534
257 553
257 574
257 579
257 30
257 80
257 98
257 101
257 112
257 120
257 140
257 156
257 171
257 178
257 181
257 203
257 228
257 275
257 277
257 298
257 557
258 360
258 389
258 407
258 410
258 462
258 4
258 15
258 16
258 23
258 39
258 87
258 92
258 112
258 116
258 119
258 128
258 141
258 161
258 207
258 211
258 227
258 230
258 245
258 255
258 267
258 289
258 558
259 348
259 492
259 579
259 592
259 33
259 60
259 72
259 84
259 108
259 121
259 130
259 158
259 184
259 214
259 216
259 225
259 228
259 238
259 241
259 243
259 248
259 251
259 266
259 287
259 290
259 297
259 299
259 559
260 300
260 495
260 557
260 569
260 3
260 19
260 78
260 94
260 127
260 160
260 174
260 229
260 231
260 245
260 247
260 249
260 256
260 262
260 277
260 287
260 560
261 320
261 332
261 375
261 415
261 424
261 452
261 460
261 13
261 20
261 25
261 32
261 41
261 44
261 74
261 75
261 108
261 132
261 144
261 160
261 173
261 180
261 191
261 206
261 218
261 226
261 247
261 262
261 274
261 287
261 298
261 561
262 352
262 362
262 407
262 420
262 458
262 468
262 485
262 596
262 3
262 8
262 15
262 34
262 46
262 62
262 64
262 65
262 121
262 126
262 134
262 139
262 142
262 149
262 159
262 167
262 187
262 193
262 196
262 197
262 211
262 214
262 248
262 260
262 261
262 284
262 289
262 292
262 562
263 377
263 379
263 387
263 404
263 405
263 408
263 435
263 459
263 509
263 550
263 594
263 10
263 29
263 31
263 36
263 50
263 60
263 62
263 69
263 81
263 96
263 101
263 119
263 125
263 131
263 192
263 207
263 217
263 233
263 247
263 248
263 269
263 288
263 563
264 314
264 352
264 375
264 407
264 543
264 597
264 2
264 13
264 22
264 24
264 35
264 50
264 65
264 80
264 85
264 109
264 113
264 121
264 168
264 189
264 197
264 200
264 265
264 272
264 277
264 286
264 290
264 291
264 564
265 333
265 348
265 385
265 462
265 526
265 534
265 583
265 8
265 18
265 48
265 64
265 102
265 143
265 180
265 185
265 264
265 282
265 286
265 291
265 565
266 321
266 367
266 429
266 550
266 581
266 9
266 25
266 40
266 51
266 52
266 90
266 91
266 104
266 113
266 126
266 147
266 152
266 154
266 156
266 188
266 210
266 231
266 245
266 259
266 278
266 289
266 566
267 323
267 331
267 353
267 413
267 514
267 534
267 545
267 563
267 594
267 8
267 22
267 27
267 28
267 30
267 36
267 54
267 100
267 122
267 123
267 138
267 148
267 152
267 175
267 177
267 192
267 193
267 197
267 211
267 229
267 245
267 258
267 288
267 296
267 567
268 380
268 456
268 477
268 497
268 510
268 518
268 541
268 542
268 558
268 3
268 5
268 6
268 22
268 36
268 44
268 86
268 93
268 104
268 106
268 146
268 170
268 173
268 178
268 179
268 188
268 193
268 195
268 203
268 205
268 218
268 220
268 227
268 245
268 254
268 270
268 288
268 568
269 400
269 405
269 429
269 467
269 483
269 531
269 546
269 572
269 21
269 34
269 41
269 53
269 54
269 83
269 124
269 131
269 150
269 153
269 154
269 156
269 168
269 174
269 175
269 195
269 223
269 226
269 236
269 237
269 263
269 288
269 290
269 569
270 338
270 436
270 561
270 593
270 2
270 6
270 16
270 25
270 39
270 106
270 135
270 157
270 182
270 183
270 208
270 268
270 274
270 275
270 276
270 277
270 283
270 290
270 570
271 325
271 401
271 490
271 500
271 551
271 568
271 583
271 20
271 39
271 47
271 60
271 66
271 71
271 73
271 76
271 83
271 86
271 112
271 113
271 119
271 121
271 122
271 128
271 129
271 138
271 149
271 159
271 187
271 204
271 222
271 231
271 243
271 275
271 278
271 293
271 571
272 390
272 448
272 573
272 8
272 9
272 12
272 15
272 23
272 35
272 52
272 55
272 60
272 68
272 119
272 120
272 125
272 128
272 180
272 183
272 194
272 196
272 203
272 246
272 264
272 279
272 286
272 288
272 294
272 295
272 572
273 301
273 304
273 312
273 325
273 397
273 503
273 548
273 0
273 3
273 10
273 29
273 31
273 43
273 67
273 91
273 110
273 112
273 113
273 122
273 160
273 162
273 198
273 226
273 230
273 236
273 241
273 252
273 275
273 299
273 573
274 352
274 505
274 510
274 519
274 4
274 37
274 51
274 63
274 83
274 167
274 176
274 197
274 202
274 212
274 261
274 270
274 294
274 574
275 317
275 335
275 347
275 389
275 407
275 465
275 476
275 545
275 551
275 10
275 15
275 24
275 34
275 61
275 62
275 63
275 68
275 76
275 102
275 114
275 115
275 116
275 155
275 156
275 157
275 182
275 198
275 201
275 208
275 211
275 234
275 254
275 257
275 270
275 271
275 273
275 575
276 333
276 347
276 359
276 467
276 486
276 490
276 545
276 578
276 580
276 17
276 18
276 27
276 58
276 65
276 76
276 78
276 79
276 82
276 85
276 99
276 133
276 140
276 158
276 159
276 173
276 187
276 196
276 202
276 216
276 240
276 270
276 282
276 291
276 576
277 398
277 417
277 515
277 521
277 596
277 35
277 42
277 46
277 51
277 59
277 62
277 71
277 98
277 118
277 121
277 123
277 151
277 152
277 161
277 224
277 247
277 256
277 257
277 260
277 264
277 270
277 281
277 577
278 312
278 329
278 371
278 374
278 496
278 538
278 583
278 7
278 11
278 14
278 44
278 63
278 70
278 100
278 107
278 114
278 132
278 142
278 150
278 154
278 171
278 212
278 215
278 233
278 245
278 266
278 271
278 578
279 321
279 338
279 354
279 369
279 420
279 498
279 504
279 521
279 589
279 1
279 4
279 30
279 39
279 42
279 70
279 72
279 86
279 95
279 114
279 121
279 156
279 157
279 160
279 167
279 206
279 209
279 233
279 272
279 281
279 285
279 288
279 579
280 343
280 373
280 425
280 465
280 514
280 545
280 588
280 7
280 19
280 27
280 54
280 61
280 82
280 87
280 101
280 109
280 117
280 122
280 126
280 134
280 138
280 146
280 157
280 161
280 167
280 193
280 201
280 203
280 221
280 225
280 244
280 252
280 256
280 282
280 292
280 580
281 314
281 330
281 431
281 436
281 442
281 447
281 457
281 463
281 468
281 503
281 580
281 584
281 2
281 7
281 102
281 113
281 124
281 148
281 156
281 158
281 185
281 204
281 207
281 235
281 236
281 240
281 247
281 252
281 277
281 279
281 296
281 581
282 302
282 313
282 317
282 499
282 6
282 15
282 50
282 51
282 67
282 101
282 122
282 128
282 134
282 142
282 163
282 176
282 237
282 238
282 247
282 265
282 276
282 280
282 290
282 299
282 582
283 368
283 394
283 396
283 426
283 433
283 579
283 9
283 11
283 46
283 60
283 72
283 74
283 91
283 93
283 100
283 102
283 114
283 127
283 131
283 174
283 181
283 192
283 196
283 197
283 212
283 218
283 219
283 255
283 270
283 290
283 294
283 583
284 330
284 357
284 389
284 391
284 598
284 10
284 30
284 40
284 48
284 62
284 72
284 140
284 144
284 147
284 161
284 163
284 183
284 206
284 212
284 234
284 241
284 262
284 584
285 403
285 428
285 456
285 507
285 509
285 520
285 592
285 5
285 17
285 21
285 22
285 63
285 72
285 107
285 126
285 131
285 148
285 174
285 182
285 189
285 210
285 218
285 220
285 243
285 244
285 279
285 299
285 585
286 324
286 346
286 403
286 451
286 465
286 499
286 588
286 13
286 30
286 43
286 90
286 99
286 105
286 109
286 125
286 149
286 151
286 153
286 160
286 173
286 183
286 234
286 235
286 264
286 265
286 272
286 586
287 383
287 405
287 408
287 443
287 521
287 541
287 553
287 566
287 4
287 5
287 20
287 33
287 42
287 43
287 51
287 64
287 66
287 71
287 101
287 110
287 114
287 116
287 120
287 124
287 125
287 144
287 175
287 188
287 206
287 209
287 218
287 239
287 256
287 259
287 260
287 261
287 587
288 419
288 432
288 436
288 478
288 570
288 5
288 25
288 30
288 36
288 57
288 65
288 82
288 86
288 91
288 104
288 151
288 175
288 176
288 199
288 202
288 207
288 244
288 251
288 263
288 267
288 268
288 269
288 272
288 279
288 298
288 588
289 348
289 377
289 407
289 437
289 512
289 527
289 568
289 570
289 36
289 59
289 76
289 80
289 84
289 107
289 127
289 142
289 146
289 198
289 224
289 230
289 238
289 243
289 258
289 262
289 266
289 291
289 292
289 589
290 409
290 468
290 500
290 510
290 577
290 1
290 13
290 24
290 25
290 28
290 40
290 53
290 69
290 96
290 107
290 115
290 150
290 151
290 157
290 189
290 211
290 235
290 259
290 264
290 269
290 270
290 282
290 283
290 296
290 590
291 335
291 355
291 413
291 461
291 2
291 17
291 19
291 33
291 40
291 44
291 66
291 76
291 83
291 91
291 104
291 132
291 143
291 151
291 167
291 194
291 216
291 224
291 244
291 264
291 265
291 276
291 289
291 591
292 380
292 397
292 410
292 417
292 455
292 478
292 483
292 486
292 553
292 558
292 570
292 6
292 15
292 121
292 127
292 131
292 145
292 156
292 158
292 159
292 162
292 190
292 191
292 196
292 210
292 212
292 215
292 218
292 262
292 280
292 289
292 592
293 345
293 432
293 471
293 544
293 18
293 26
293 29
293 52
293 55
293 57
293 67
293 96
293 109
293 124
293 147
293 155
293 170
293 180
293 193
293 210
293 213
293 228
293 229
293 238
293 247
293 271
293 297
293 593
294 313
294 365
294 430
294 561
294 575
294 597
294 6
294 28
294 32
294 69
294 70
294 71
294 101
294 107
294 109
294 121
294 123
294 144
294 179
294 184
294 193
294 220
294 222
294 229
294 241
294 253
294 272
294 274
294 283
294 594
295 441
295 446
295 470
295 493
295 508
295 531
295 4
295 9
295 11
295 27
295 32
295 35
295 40
295 52
295 65
295 107
295 114
295 121
295 125
295 135
295 139
295 144
295 146
295 157
295 175
295 179
295 206
295 231
295 272
295 299
295 595
296 318
296 413
296 438
296 459
296 465
296 492
296 513
296 515
296 3
296 8
296 12
296 18
296 20
296 26
296 39
296 77
296 84
296 114
296 118
296 147
296 151
296 161
296 167
296 177
296 184
296 217
296 243
296 253
296 267
296 281
296 290
296 596
297 341
297 520
297 558
297 9
297 22
297 23
297 48
297 50
297 65
297 66
297 69
297 74
297 92
297 111
297 126
297 145
297 147
297 151
297 160
297 191
297 203
297 214
297 234
297 238
297 259
297 293
297 299
297 597
298 302
298 345
298 385
298 386
298 446
298 512
298 569
298 582
298 12
298 20
298 26
298 30
298 34
298 80
298 84
298 158
298 164
298 171
298 187
298 204
298 207
298 225
298 257
298 261
298 288
298 598
299 331
299 443
299 484
299 591
299 0
299 13
299 14
299 33
299 36
299 62
299 106
299 130
299 137
299 138
299 145
299 159
299 163
299 165
299 177
299 185
299 191
299 197
299 203
299 229
299 245
299 259
299 273
299 282
299 285
299 295
299 297
299 599
300 22
300 52
300 114
300 138
300 141
300 238
300 260
300 0
301 13
301 26
301 117
301 124
301 180
301 241
301 273
301 1
302 12
302 18
302 29
302 217
302 282
302 298
302 2
303 3
303 204
304 48
304 56
304 59
304 78
304 86
304 175
304 182
304 194
304 200
304 257
304 273
304 4
305 19
305 29
305 71
305 164
305 189
305 5
306 17
306 23
306 79
306 131
306 246
306 6
307 117
307 141
307 237
307 244
307 7
308 68
308 165
308 195
308 253
308 257
308 8
309 45
309 126
309 170
309 171
309 232
309 234
309 9
310 12
310 53
310 107
310 138
310 147
310 177
310 189
310 227
310 238
310 10
311 23
311 45
311 94
311 141
311 194
311 11
312 69
312 87
312 110
312 114
312 151
312 235
312 273
312 278
312 12
313 14
313 129
313 133
313 174
313 216
313 282
313 294
313 13
314 3
314 31
314 64
314 80
314 96
314 102
314 112
314 181
314 213
314 235
314 238
314 264
314 281
314 14
315 16
315 111
315 123
315 137
315 235
315 15
316 16
316 27
316 37
316 51
316 149
316 174
317 30
317 49
317 81
317 98
317 181
317 275
317 282
317 17
318 33
318 91
318 174
318 190
318 203
318 296
318 18
319 33
319 36
319 87
319 158
319 249
319 19
320 2
320 32
320 60
320 74
320 76
320 126
320 135
320 261
320 20
321 15
321 106
321 140
321 203
321 244
321 266
321 279
321 21
322 39
322 108
322 205
322 224
322 243
322 255
322 22
323 0
323 9
323 37
323 132
323 145
323 161
323 165
323 186
323 224
323 267
323 23
324 42
324 44
324 56
324 73
324 80
324 102
324 127
324 286
324 24
325 52
325 86
325 155
325 158
325 198
325 225
325 249
325 271
325 273
325 25
326 14
326 60
326 94
326 173
326 188
326 215
326 26
327 41
327 69
327 120
327 143
327 149
327 157
327 248
327 27
328 44
328 98
328 141
328 145
328 188
328 28
329 175
329 177
329 229
329 278
329 29
330 73
330 122
330 127
330 226
330 245
330 281
330 284
330 30
331 15
331 24
331 73
331 76
331 141
331 172
331 237
331 255
331 267
331 299
331 31
332 80
332 189
332 207
332 251
332 261
332 32
333 52
333 68
333 69
333 265
333 276
333 33
334 60
334 65
334 110
334 126
334 203
334 213
334 246
334 34
335 20
335 93
335 94
335 102
335 129
335 203
335 215
335 227
335 247
335 275
335 291
335 35
336 185
336 36
337 210
337 246
337 37
338 30
338 51
338 78
338 105
338 107
338 193
338 257
338 270
338 279
338 38
339 52
339 68
339 106
339 184
339 248
339 39
340 7
340 206
340 218
340 227
340 251
340 40
341 57
341 74
341 131
341 155
341 297
341 41
342 120
342 238
342 239
342 250
342 42
343 3
343 6
343 15
343 27
343 37
343 48
343 55
343 93
343 180
343 183
343 227
343 256
343 280
343 43
344 143
344 175
344 188
344 213
344 44
345 43
345 55
345 103
345 106
345 149
345 236
345 255
345 293
345 298
345 45
346 61
346 167
346 217
346 239
346 286
346 46
347 23
347 77
347 90
347 104
347 118
347 131
347 141
347 241
347 275
347 276
347 47
348 170
348 241
348 259
348 265
348 289
348 48
349 13
349 157
349 215
349 49
350 66
350 91
350 152
350 235
350 50
351 49
351 52
351 195
351 220
351 51
352 32
352 36
352 167
352 203
352 214
352 262
352 264
352 274
352 52
353 111
353 127
353 173
353 213
353 248
353 267
353 53
354 50
354 62
354 178
354 229
354 235
354 279
354 54
355 9
355 51
355 60
355 70
355 86
355 89
355 90
355 94
355 105
355 133
355 168
355 170
355 253
355 291
355 55
356 33
356 68
356 89
356 127
356 134
356 153
356 171
356 200
356 243
356 56
357 24
357 90
357 95
357 206
357 218
357 236
357 284
357 57
358 4
358 56
358 98
358 154
358 209
358 249
358 58
359 80
359 276
359 59
360 35
360 37
360 48
360 103
360 244
360 258
360 60
361 108
361 141
361 61
362 89
362 127
362 134
362 239
362 254
362 262
362 62
363 74
363 97
363 168
363 196
363 239
363 63
364 61
364 144
364 231
364 64
365 24
365 104
365 153
365 166
365 294
365 65
366 5
366 24
366 27
366 155
366 238
366 66
367 21
367 72
367 127
367 137
367 197
367 266
367 67
368 80
368 146
368 188
368 212
368 230
368 283
368 68
369 19
369 72
369 100
369 110
369 157
369 187
369 279
369 69
370 24
370 33
370 147
370 178
370 180
370 223
370 70
371 8
371 31
371 86
371 88
371 150
371 165
371 278
371 71
372 27
372 176
372 72
373 39
373 280
373 73
374 134
374 140
374 158
374 211
374 240
374 278
374 74
375 4
375 32
375 157
375 177
375 224
375 261
375 264
375 75
376 2
376 10
376 47
376 64
376 120
376 140
376 210
376 240
376 76
377 44
377 97
377 110
377 133
377 156
377 165
377 215
377 221
377 263
377 289
377 77
378 13
378 24
378 40
378 108
378 159
378 173
378 255
378 78
379 49
379 109
379 193
379 226
379 254
379 263
379 79
380 47
380 89
380 268
380 292
380 80
381 84
381 106
381 116
381 81
382 20
382 82
382 121
382 131
382 138
382 150
382 151
382 180
382 181
382 242
383 150
383 161
383 212
383 287
383 83
384 36
384 105
384 121
384 155
384 159
384 202
384 237
384 84
385 254
385 255
385 265
385 298
385 85
386 29
386 40
386 73
386 78
386 80
386 110
386 149
386 163
386 219
386 248
386 298
386 86
387 67
387 70
387 115
387 181
387 190
387 235
387 247
387 263
387 87
388 3
388 60
388 64
388 150
388 168
388 172
388 209
388 226
388 233
388 88
389 93
389 179
389 246
389 258
389 275
389 284
389 89
390 119
390 272
390 90
391 9
391 36
391 102
391 211
391 221
391 284
391 91
392 76
392 79
392 94
392 116
392 177
392 216
392 92
393 125
393 93
394 109
394 117
394 141
394 142
394 217
394 283
394 94
395 97
395 101
395 161
395 182
395 202
395 257
395 95
396 44
396 148
396 177
396 219
396 283
396 96
397 189
397 273
397 292
397 97
398 9
398 14
398 80
398 97
398 148
398 171
398 178
398 196
398 277
398 98
399 201
399 202
399 247
399 99
400 55
400 119
400 155
400 184
400 269
400 100
401 66
401 82
401 116
401 148
401 202
401 229
401 271
401 101
402 18
402 33
402 47
402 74
402 108
402 203
402 102
403 18
403 53
403 108
403 154
403 197
403 285
403 286
403 103
404 34
404 45
404 75
404 110
404 127
404 131
404 153
404 236
404 263
404 104
405 11
405 74
405 106
405 263
405 269
405 287
405 105
406 56
406 58
406 93
406 95
406 145
406 199
406 217
406 106
407 18
407 91
407 92
407 253
407 258
407 262
407 264
407 275
407 289
407 107
408 72
408 96
408 148
408 161
408 211
408 234
408 263
408 287
408 108
409 38
409 56
409 108
409 112
409 130
409 157
409 290
409 109
410 236
410 237
410 239
410 258
410 292
410 110
411 75
411 191
411 210
411 222
411 111
412 37
412 92
412 161
412 168
412 169
412 198
412 199
412 231
412 112
413 5
413 34
413 119
413 183
413 267
413 291
413 296
413 113
414 17
414 62
414 198
414 211
414 226
414 114
415 23
415 58
415 66
415 185
415 186
415 261
415 115
416 180
416 192
416 116
417 35
417 95
417 118
417 135
417 205
417 217
417 277
417 292
417 117
418 33
418 79
418 122
418 228
418 234
418 118
419 22
419 153
419 160
419 288
419 119
420 16
420 42
420 53
420 93
420 111
420 172
420 192
420 201
420 222
420 262
420 279
420 120
421 6
421 35
421 60
421 63
421 66
421 84
421 124
421 158
421 247
421 121
422 58
422 63
422 111
422 131
422 135
422 231
422 122
423 35
423 57
423 96
423 101
423 146
423 123
424 50
424 51
424 124
424 127
424 246
424 261
425 25
425 32
425 82
425 136
425 157
425 280
425 125
426 21
426 42
426 47
426 167
426 186
426 283
426 126
427 85
427 206
427 244
427 127
428 23
428 285
428 128
429 28
429 92
429 102
429 142
429 146
429 152
429 161
429 182
429 202
429 266
429 269
429 129
430 20
430 98
430 116
430 294
430 130
431 2
431 22
431 25
431 40
431 148
431 281
431 131
432 9
432 133
432 140
432 202
432 288
432 293
432 132
433 255
433 283
433 133
434 6
434 82
434 127
434 206
434 234
434 134
435 14
435 92
435 209
435 263
435 135
436 4
436 15
436 62
436 81
436 102
436 139
436 270
436 281
436 288
436 136
437 32
437 66
437 80
437 85
437 235
437 289
437 137
438 75
438 79
438 123
438 131
438 181
438 188
438 296
438 138
439 149
439 226
439 139
440 14
440 15
440 121
440 238
440 140
441 26
441 127
441 197
441 223
441 250
441 295
441 141
442 154
442 281
442 142
443 40
443 79
443 200
443 287
443 299
443 143
444 19
444 42
444 150
444 144
445 11
445 109
445 125
445 147
445 179
445 237
445 145
446 156
446 198
446 236
446 237
446 295
446 298
446 146
447 27
447 45
447 58
447 96
447 157
447 195
447 238
447 281
447 147
448 16
448 20
448 26
448 208
448 272
448 148
449 81
449 203
449 217
449 149
450 95
450 121
450 125
450 150
451 0
451 106
451 117
451 118
451 210
451 286
451 151
452 54
452 75
452 83
452 99
452 225
452 261
452 152
453 29
453 36
453 92
453 167
453 169
453 189
453 153
454 91
454 124
454 190
454 231
454 154
455 32
455 81
455 88
455 131
455 177
455 193
455 292
455 155
456 34
456 44
456 216
456 226
456 268
456 285
456 156
457 112
457 178
457 281
457 157
458 6
458 48
458 90
458 97
458 124
458 152
458 244
458 262
458 158
459 110
459 126
459 131
459 263
459 296
459 159
460 18
460 248
460 261
460 160
461 210
461 240
461 291
461 161
462 46
462 51
462 67
462 190
462 227
462 240
462 258
462 265
462 162
463 12
463 47
463 57
463 235
463 281
463 163
464 8
464 42
464 89
464 125
464 253
464 164
465 59
465 70
465 162
465 178
465 233
465 275
465 280
465 286
465 296
465 165
466 100
466 173
466 180
466 191
466 214
466 166
467 2
467 80
467 160
467 187
467 269
467 276
467 167
468 34
468 76
468 164
468 173
468 205
468 254
468 262
468 281
468 290
468 168
469 33
469 43
469 64
469 102
469 137
469 193
469 206
469 169
470 133
470 146
470 166
470 295
470 170
471 46
471 112
471 293
471 171
472 6
472 29
472 243
472 172
473 34
473 51
473 104
473 116
473 164
473 241
473 173
474 103
474 180
474 247
474 174
475 16
475 30
475 76
475 114
475 191
475 198
475 216
475 254
475 257
475 175
476 119
476 122
476 157
476 197
476 206
476 220
476 233
476 275
476 176
477 12
477 76
477 77
477 81
477 116
477 142
477 149
477 170
477 268
477 177
478 21
478 91
478 168
478 188
478 218
478 243
478 288
478 292
478 178
479 9
479 29
479 41
479 43
479 55
479 141
479 179
480 81
480 83
480 92
480 164
480 169
480 178
480 185
480 231
480 245
480 180
481 26
481 41
481 105
481 119
481 181
482 140
482 228
482 182
483 32
483 40
483 51
483 105
483 138
483 189
483 216
483 240
483 269
483 292
483 183
484 61
484 83
484 145
484 227
484 299
484 184
485 69
485 89
485 127
485 149
485 152
485 262
485 185
486 27
486 212
486 213
486 222
486 276
486 292
486 186
487 34
487 39
487 53
487 77
487 136
487 138
487 142
487 188
487 243
487 187
488 8
488 16
488 67
488 79
488 86
488 127
488 176
488 196
488 210
488 188
489 28
489 50
489 64
489 65
489 72
489 176
489 189
490 25
490 32
490 91
490 92
490 121
490 141
490 143
490 146
490 191
490 201
490 271
490 276
490 190
491 159
491 209
491 191
492 85
492 91
492 139
492 159
492 241
492 259
492 296
492 192
493 7
493 131
493 143
493 204
493 223
493 295
493 193
494 6
494 13
494 20
494 21
494 41
494 135
494 140
494 167
494 253
494 194
495 55
495 65
495 89
495 111
495 195
495 260
496 38
496 44
496 138
496 235
496 278
496 196
497 5
497 27
497 121
497 268
497 197
498 23
498 75
498 188
498 279
498 198
499 40
499 111
499 167
499 188
499 282
499 286
499 199
500 17
500 73
500 158
500 179
500 214
500 246
500 271
500 290
500 200
501 13
501 59
501 62
501 65
501 77
501 103
501 115
501 232
501 201
502 24
502 28
502 142
502 202
503 27
503 143
503 144
503 146
503 190
503 224
503 233
503 273
503 281
503 203
504 82
504 165
504 279
504 204
505 1
505 66
505 71
505 97
505 119
505 139
505 140
505 248
505 255
505 274
505 205
506 90
506 174
506 206
507 33
507 85
507 125
507 285
507 207
508 14
508 84
508 168
508 198
508 221
508 295
508 208
509 69
509 164
509 193
509 263
509 285
509 209
510 17
510 148
510 219
510 268
510 274
510 290
510 210
511 7
511 33
511 102
511 115
511 241
511 256
511 211
512 17
512 37
512 174
512 289
512 298
512 212
513 13
513 57
513 236
513 296
513 213
514 6
514 37
514 75
514 78
514 82
514 106
514 115
514 201
514 207
514 267
514 280
514 214
515 35
515 45
515 123
515 143
515 203
515 251
515 277
515 296
515 215
516 18
516 21
516 92
516 141
516 231
516 216
517 59
517 107
517 136
517 233
517 217
518 39
518 80
518 141
518 169
518 268
518 218
519 119
519 137
519 139
519 256
519 274
519 219
520 55
520 70
520 111
520 209
520 285
520 297
520 220
521 109
521 112
521 163
521 249
521 277
521 279
521 287
521 221
522 124
522 222
523 4
523 20
523 25
523 71
523 112
523 128
523 155
523 192
523 223
524 24
524 104
524 114
524 172
524 179
524 196
524 205
524 255
524 224
525 35
525 189
525 236
525 225
526 5
526 21
526 60
526 122
526 212
526 265
526 226
527 50
527 55
527 74
527 79
527 108
527 180
527 248
527 289
527 227
528 58
528 129
528 177
528 228
529 79
529 88
529 126
529 195
529 204
529 211
529 229
530 27
530 98
530 146
530 160
530 164
530 167
530 176
530 186
530 190
530 211
530 251
530 230
531 3
531 14
531 78
531 82
531 256
531 269
531 295
531 231
532 25
532 26
532 52
532 78
532 215
532 232
533 0
533 105
533 120
533 132
533 187
533 194
533 227
533 229
533 233
534 42
534 85
534 184
534 232
534 239
534 257
534 265
534 267
534 234
535 9
535 35
535 72
535 131
535 149
535 235
536 20
536 122
536 201
536 236
537 10
537 24
537 136
537 193
537 195
537 237
538 77
538 87
538 278
538 238
539 4
539 7
539 34
539 76
539 118
539 157
539 198
539 217
539 239
540 41
540 89
540 240
541 16
541 38
541 50
541 74
541 94
541 96
541 155
541 189
541 268
541 287
541 241
542 7
542 35
542 85
542 134
542 139
542 146
542 181
542 268
542 242
543 38
543 51
543 53
543 88
543 158
543 163
543 200
543 207
543 210
543 217
543 225
543 227
543 254
543 264
543 243
544 2
544 5
544 20
544 33
544 55
544 147
544 293
544 244
545 60
545 109
545 148
545 229
545 248
545 267
545 275
545 276
545 280
545 245
546 90
546 162
546 204
546 269
546 246
547 28
547 33
547 49
547 54
547 116
547 121
547 166
547 179
547 193
547 210
547 234
547 247
548 18
548 55
548 66
548 79
548 168
548 201
548 231
548 273
548 248
549 44
549 68
549 73
549 89
549 96
549 113
549 117
549 174
549 249
550 21
550 65
550 113
550 202
550 244
550 263
550 266
550 250
551 37
551 51
551 99
551 148
551 252
551 271
551 275
551 251
552 9
552 20
552 56
552 115
552 183
552 206
552 244
552 252
553 95
553 117
553 127
553 131
553 240
553 257
553 287
553 292
553 253
554 116
554 161
554 173
554 213
554 219
554 254
555 22
555 29
555 78
555 104
555 127
555 148
555 161
555 255
556 43
556 55
556 192
556 256
557 102
557 164
557 229
557 260
557 257
558 32
558 50
558 71
558 111
558 210
558 231
558 268
558 292
558 297
558 258
559 37
559 66
559 71
559 98
559 105
559 129
559 233
559 234
559 259
560 34
560 54
560 56
560 145
560 235
560 246
560 247
560 260
561 120
561 156
561 161
561 208
561 229
561 270
561 294
561 261
562 39
562 44
562 128
562 138
562 193
562 208
562 215
562 262
563 10
563 64
563 116
563 267
563 263
564 124
564 146
564 158
564 159
564 194
564 199
564 229
564 233
564 256
564 264
565 56
565 78
565 265
566 35
566 287
566 266
567 12
567 267
568 29
568 53
568 127
568 136
568 171
568 172
568 197
568 232
568 271
568 289
568 268
569 10
569 53
569 67
569 70
569 150
569 180
569 260
569 298
569 269
570 15
570 26
570 31
570 243
570 288
570 289
570 292
570 270
571 86
571 121
571 131
571 205
571 215
571 216
571 271
572 33
572 61
572 82
572 90
572 112
572 269
572 272
573 12
573 139
573 159
573 170
573 272
573 273
574 28
574 109
574 113
574 177
574 223
574 244
574 257
574 274
575 43
575 74
575 125
575 207
575 233
575 294
575 275
576 1
576 16
576 102
576 123
576 203
576 209
576 214
576 276
577 53
577 152
577 182
577 239
577 290
577 277
578 47
578 76
578 82
578 101
578 161
578 207
578 227
578 276
578 278
579 40
579 111
579 158
579 188
579 200
579 208
579 222
579 257
579 259
579 283
579 279
580 23
580 143
580 145
580 153
580 160
580 165
580 214
580 276
580 281
580 280
581 0
581 40
581 47
581 88
581 198
581 199
581 266
581 281
582 68
582 124
582 191
582 250
582 298
582 282
583 45
583 49
583 84
583 175
583 189
583 226
583 265
583 271
583 278
583 283
584 161
584 173
584 179
584 206
584 221
584 281
584 284
585 1
585 107
585 114
585 121
585 162
585 285
586 200
586 286
587 130
587 287
588 70
588 115
588 239
588 280
588 286
588 288
589 35
589 37
589 107
589 212
589 215
589 221
589 279
589 289
590 50
590 94
590 142
590 145
590 164
590 199
590 202
590 249
590 290
591 52
591 123
591 157
591 299
591 291
592 259
592 285
592 292
593 7
593 19
593 21
593 22
593 40
593 88
593 190
593 270
593 293
594 27
594 159
594 174
594 182
594 233
594 263
594 267
594 294
595 112
595 132
595 143
595 162
595 295
596 44
596 57
596 114
596 245
596 262
596 277
596 296
597 2
597 54
597 95
597 201
597 264
597 294
597 297
598 189
598 204
598 284
598 298
599 0
599 16
599 73
599 86
599 132
599 196
599 209
599 299
