  300   3287
0 161
0 173
0 218
0 225
0 255
0 1
0 2
0 10
0 16
0 35
0 40
0 49
0 53
0 59
0 60
0 66
0 72
0 84
0 87
0 90
0 94
0 97
0 99
0 103
0 106
0 110
0 119
0 123
0 132
0 136
0 138
0 140
0 147
0 150
1 159
1 164
1 183
1 185
1 194
1 229
1 257
1 260
1 265
1 0
1 2
1 5
1 14
1 16
1 27
1 29
1 30
1 31
1 35
1 41
1 45
1 51
1 61
1 68
1 72
1 78
1 79
1 84
1 105
1 108
1 115
1 122
1 123
1 135
1 136
1 140
1 143
1 146
1 149
1 151
2 160
2 169
2 170
2 205
2 0
2 1
2 10
2 16
2 18
2 19
2 23
2 24
2 27
2 28
2 36
2 37
2 39
2 40
2 41
2 47
2 51
2 56
2 57
2 67
2 68
2 78
2 80
2 91
2 92
2 95
2 96
2 99
2 107
2 110
2 111
2 120
2 122
2 152
3 187
3 202
3 210
3 10
3 14
3 15
3 16
3 20
3 21
3 25
3 27
3 41
3 48
3 49
3 55
3 57
3 58
3 63
3 66
3 70
3 75
3 81
3 84
3 87
3 91
3 103
3 109
3 125
3 127
3 133
3 145
3 148
3 153
4 218
4 240
4 261
4 275
4 286
4 293
4 5
4 16
4 21
4 23
4 24
4 30
4 31
4 36
4 37
4 38
4 45
4 59
4 62
4 64
4 72
4 75
4 77
4 82
4 83
4 84
4 87
4 90
4 92
4 96
4 98
4 102
4 103
4 115
4 118
4 119
4 124
4 125
4 129
4 131
4 141
4 154
5 204
5 234
5 1
5 4
5 17
5 18
5 20
5 24
5 30
5 37
5 39
5 40
5 46
5 52
5 55
5 72
5 73
5 74
5 84
5 89
5 105
5 115
5 116
5 122
5 124
5 126
5 128
5 134
5 136
5 148
5 155
6 152
6 163
6 173
6 265
6 267
6 9
6 32
6 35
6 37
6 45
6 46
6 48
6 65
6 69
6 71
6 75
6 76
6 79
6 83
6 86
6 97
6 100
6 106
6 108
6 110
6 116
6 118
6 119
6 123
6 130
6 131
6 138
6 142
6 156
7 157
7 208
7 242
7 254
7 14
7 17
7 19
7 20
7 30
7 36
7 38
7 41
7 42
7 45
7 49
7 57
7 59
7 60
7 62
7 65
7 72
7 77
7 79
7 82
7 101
7 133
7 142
7 147
8 234
8 293
8 11
8 13
8 16
8 18
8 31
8 32
8 43
8 49
8 56
8 70
8 80
8 82
8 85
8 99
8 100
8 106
8 108
8 114
8 122
8 123
8 126
8 128
8 131
8 158
9 158
9 211
9 6
9 24
9 28
9 35
9 37
9 56
9 57
9 59
9 61
9 67
9 72
9 92
9 104
9 105
9 106
9 107
9 112
9 113
9 121
9 123
9 124
9 126
9 128
9 129
9 135
9 146
9 148
9 159
10 248
10 260
10 272
10 0
10 2
10 3
10 14
10 19
10 25
10 26
10 28
10 31
10 34
10 38
10 44
10 61
10 67
10 71
10 72
10 77
10 86
10 87
10 89
10 91
10 95
10 101
10 106
10 110
10 111
10 113
10 115
10 118
10 120
10 121
10 122
10 130
10 132
10 133
10 134
10 136
10 137
10 140
10 141
10 142
10 149
10 160
11 189
11 212
11 243
11 249
11 250
11 263
11 282
11 291
11 8
11 17
11 18
11 20
11 38
11 40
11 43
11 46
11 48
11 49
11 50
11 51
11 55
11 57
11 69
11 71
11 79
11 80
11 88
11 90
11 110
11 118
11 123
11 125
11 126
11 136
11 143
11 149
11 161
12 178
12 179
12 192
12 214
12 232
12 244
12 245
12 269
12 271
12 23
12 26
12 34
12 36
12 40
12 45
12 51
12 56
12 59
12 63
12 77
12 79
12 80
12 83
12 85
12 89
12 90
12 98
12 99
12 106
12 107
12 112
12 113
12 114
12 118
12 126
12 138
12 142
12 162
13 161
13 167
13 179
13 184
13 190
13 194
13 197
13 216
13 256
13 286
13 288
13 8
13 20
13 22
13 25
13 27
13 30
13 31
13 33
13 40
13 44
13 53
13 60
13 65
13 73
13 85
13 93
13 96
13 102
13 111
13 115
13 116
13 120
13 121
13 140
13 142
13 163
14 161
14 254
14 261
14 267
14 1
14 3
14 7
14 10
14 22
14 23
14 26
14 27
14 33
14 34
14 47
14 49
14 53
14 54
14 60
14 62
14 65
14 66
14 87
14 91
14 98
14 99
14 101
14 112
14 121
14 122
14 137
14 138
14 139
14 141
14 164
15 204
15 227
15 250
15 3
15 20
15 24
15 25
15 32
15 34
15 40
15 45
15 46
15 50
15 53
15 56
15 57
15 63
15 65
15 74
15 75
15 86
15 95
15 98
15 100
15 103
15 104
15 110
15 111
15 124
15 134
15 149
15 165
16 158
16 178
16 195
16 215
16 241
16 0
16 1
16 2
16 3
16 4
16 8
16 24
16 30
16 33
16 35
16 46
16 55
16 56
16 57
16 63
16 64
16 72
16 73
16 74
16 78
16 79
16 82
16 85
16 88
16 96
16 97
16 101
16 106
16 109
16 113
16 114
16 117
16 123
16 124
16 130
16 133
16 138
16 140
16 146
16 166
17 183
17 214
17 221
17 232
17 5
17 7
17 11
17 26
17 31
17 33
17 36
17 39
17 41
17 46
17 56
17 61
17 65
17 74
17 76
17 94
17 95
17 99
17 102
17 104
17 107
17 109
17 114
17 120
17 124
17 136
17 144
17 146
17 148
17 167
18 177
18 188
18 190
18 261
18 296
18 2
18 5
18 8
18 11
18 21
18 34
18 41
18 44
18 49
18 51
18 57
18 59
18 66
18 70
18 72
18 73
18 79
18 82
18 84
18 87
18 88
18 96
18 101
18 109
18 113
18 114
18 116
18 119
18 125
18 133
18 135
18 168
19 154
19 173
19 262
19 286
19 293
19 2
19 7
19 10
19 21
19 27
19 43
19 44
19 54
19 60
19 61
19 62
19 64
19 78
19 82
19 86
19 90
19 91
19 92
19 93
19 96
19 100
19 108
19 111
19 112
19 116
19 119
19 121
19 128
19 131
19 133
19 141
19 147
19 169
20 153
20 160
20 165
20 182
20 186
20 198
20 244
20 248
20 259
20 275
20 3
20 5
20 7
20 11
20 13
20 15
20 23
20 28
20 36
20 38
20 40
20 41
20 42
20 62
20 64
20 82
20 83
20 90
20 93
20 96
20 97
20 98
20 99
20 105
20 106
20 115
20 127
20 128
20 129
20 133
20 135
20 138
20 170
21 155
21 176
21 200
21 252
21 3
21 4
21 18
21 19
21 25
21 29
21 30
21 35
21 40
21 41
21 42
21 43
21 45
21 51
21 53
21 54
21 56
21 60
21 65
21 68
21 73
21 75
21 76
21 81
21 92
21 94
21 98
21 99
21 101
21 108
21 109
21 111
21 114
21 117
21 122
21 125
21 134
21 138
21 140
21 145
21 146
21 147
21 171
22 152
22 153
22 176
22 200
22 201
22 253
22 284
22 290
22 13
22 14
22 28
22 29
22 33
22 36
22 45
22 56
22 59
22 63
22 67
22 70
22 75
22 78
22 82
22 84
22 92
22 93
22 102
22 105
22 106
22 112
22 114
22 115
22 120
22 127
22 133
22 135
22 136
22 141
22 148
22 172
23 163
23 170
23 178
23 203
23 210
23 220
23 258
23 279
23 2
23 4
23 12
23 14
23 20
23 28
23 34
23 39
23 41
23 44
23 51
23 52
23 55
23 58
23 61
23 66
23 70
23 88
23 113
23 117
23 118
23 121
23 122
23 131
23 146
23 147
23 149
23 173
24 157
24 162
24 166
24 176
24 190
24 200
24 202
24 213
24 224
24 230
24 236
24 243
24 256
24 286
24 2
24 4
24 5
24 9
24 15
24 16
24 26
24 27
24 30
24 35
24 41
24 43
24 53
24 54
24 58
24 61
24 62
24 72
24 74
24 84
24 85
24 91
24 95
24 100
24 104
24 114
24 116
24 118
24 120
24 131
24 135
24 137
24 139
24 144
24 146
24 174
25 174
25 181
25 195
25 206
25 252
25 3
25 10
25 13
25 15
25 21
25 29
25 36
25 46
25 50
25 52
25 54
25 60
25 72
25 77
25 89
25 94
25 95
25 102
25 106
25 111
25 112
25 134
25 144
25 146
25 149
25 175
26 166
26 175
26 181
26 186
26 196
26 197
26 203
26 214
26 217
26 218
26 259
26 288
26 10
26 12
26 14
26 17
26 24
26 30
26 34
26 42
26 43
26 44
26 57
26 65
26 68
26 72
26 78
26 84
26 90
26 92
26 93
26 112
26 113
26 115
26 116
26 117
26 124
26 126
26 128
26 132
26 133
26 134
26 135
26 137
26 144
26 149
26 176
27 153
27 176
27 193
27 215
27 218
27 258
27 269
27 294
27 297
27 1
27 2
27 3
27 13
27 14
27 19
27 24
27 30
27 35
27 36
27 54
27 61
27 62
27 63
27 67
27 75
27 82
27 86
27 87
27 88
27 89
27 92
27 95
27 97
27 100
27 101
27 109
27 112
27 113
27 115
27 122
27 124
27 126
27 133
27 135
27 139
27 144
27 148
27 177
28 150
28 179
28 225
28 2
28 9
28 10
28 20
28 22
28 23
28 31
28 37
28 45
28 57
28 62
28 68
28 74
28 76
28 86
28 101
28 103
28 104
28 109
28 110
28 117
28 118
28 130
28 142
28 145
28 146
28 178
29 176
29 186
29 224
29 235
29 236
29 244
29 259
29 296
29 1
29 21
29 22
29 25
29 31
29 36
29 40
29 42
29 46
29 50
29 55
29 56
29 58
29 63
29 73
29 77
29 81
29 85
29 86
29 88
29 89
29 90
29 93
29 106
29 119
29 123
29 129
29 130
29 134
29 136
29 144
29 147
29 179
30 166
30 178
30 242
30 275
30 276
30 278
30 281
30 282
30 289
30 1
30 4
30 5
30 7
30 13
30 16
30 21
30 24
30 26
30 27
30 33
30 35
30 45
30 49
30 52
30 56
30 59
30 60
30 61
30 63
30 78
30 85
30 89
30 101
30 102
30 103
30 106
30 109
30 114
30 118
30 119
30 123
30 132
30 138
30 140
30 180
31 189
31 204
31 210
31 252
31 255
31 283
31 286
31 1
31 4
31 8
31 10
31 13
31 17
31 28
31 29
31 39
31 42
31 45
31 48
31 62
31 67
31 68
31 77
31 100
31 108
31 128
31 129
31 131
31 134
31 146
31 181
32 163
32 241
32 6
32 8
32 15
32 34
32 46
32 48
32 49
32 56
32 58
32 59
32 78
32 82
32 84
32 89
32 92
32 98
32 100
32 104
32 109
32 131
32 133
32 135
32 142
32 182
33 157
33 163
33 164
33 215
33 249
33 254
33 13
33 14
33 16
33 17
33 22
33 30
33 35
33 59
33 64
33 65
33 70
33 72
33 74
33 78
33 81
33 83
33 85
33 88
33 94
33 104
33 105
33 113
33 114
33 130
33 143
33 145
33 183
34 152
34 185
34 197
34 200
34 202
34 227
34 273
34 286
34 294
34 10
34 12
34 14
34 15
34 18
34 23
34 26
34 32
34 35
34 43
34 56
34 57
34 58
34 59
34 69
34 70
34 74
34 81
34 91
34 96
34 97
34 101
34 107
34 108
34 110
34 111
34 112
34 115
34 118
34 132
34 141
34 146
34 184
35 170
35 172
35 188
35 196
35 225
35 244
35 255
35 285
35 0
35 1
35 6
35 9
35 16
35 21
35 24
35 27
35 30
35 33
35 34
35 37
35 40
35 43
35 51
35 55
35 72
35 75
35 77
35 79
35 82
35 85
35 91
35 92
35 93
35 94
35 95
35 96
35 103
35 105
35 106
35 109
35 113
35 115
35 145
35 147
35 185
36 161
36 182
36 212
36 238
36 244
36 275
36 282
36 2
36 4
36 7
36 12
36 17
36 20
36 22
36 25
36 27
36 29
36 38
36 48
36 50
36 55
36 57
36 62
36 73
36 76
36 92
36 99
36 100
36 110
36 115
36 116
36 117
36 123
36 132
36 134
36 136
36 138
36 186
37 215
37 231
37 278
37 2
37 4
37 5
37 6
37 9
37 28
37 35
37 38
37 40
37 44
37 46
37 48
37 59
37 60
37 66
37 67
37 82
37 83
37 86
37 87
37 89
37 91
37 95
37 102
37 115
37 129
37 132
37 140
37 147
37 187
38 153
38 167
38 170
38 223
38 227
38 295
38 4
38 7
38 10
38 11
38 20
38 36
38 37
38 39
38 43
38 48
38 50
38 52
38 53
38 60
38 63
38 71
38 79
38 90
38 96
38 105
38 127
38 128
38 131
38 132
38 134
38 137
38 140
38 141
38 142
38 143
38 147
38 149
38 188
39 194
39 232
39 256
39 267
39 268
39 297
39 2
39 5
39 17
39 23
39 31
39 38
39 43
39 45
39 49
39 50
39 51
39 61
39 67
39 71
39 72
39 75
39 79
39 81
39 101
39 106
39 114
39 115
39 120
39 125
39 126
39 135
39 149
39 189
40 168
40 201
40 204
40 221
40 255
40 256
40 295
40 0
40 2
40 5
40 11
40 12
40 13
40 15
40 20
40 21
40 29
40 35
40 37
40 47
40 49
40 51
40 53
40 65
40 74
40 77
40 82
40 87
40 90
40 92
40 94
40 106
40 107
40 114
40 124
40 136
40 147
40 190
41 175
41 208
41 242
41 258
41 1
41 2
41 3
41 7
41 17
41 18
41 20
41 21
41 23
41 24
41 46
41 57
41 66
41 72
41 84
41 89
41 91
41 98
41 102
41 103
41 106
41 107
41 114
41 119
41 124
41 136
41 191
42 162
42 169
42 226
42 227
42 241
42 245
42 246
42 7
42 20
42 21
42 26
42 29
42 31
42 43
42 49
42 53
42 54
42 56
42 62
42 63
42 64
42 69
42 72
42 77
42 78
42 84
42 92
42 95
42 98
42 100
42 103
42 110
42 122
42 124
42 125
42 128
42 131
42 136
42 137
42 142
42 149
42 192
43 194
43 201
43 205
43 8
43 11
43 19
43 21
43 24
43 26
43 34
43 35
43 38
43 39
43 42
43 44
43 52
43 60
43 80
43 81
43 82
43 83
43 85
43 86
43 88
43 91
43 92
43 98
43 103
43 104
43 106
43 108
43 113
43 122
43 144
43 193
44 150
44 165
44 223
44 258
44 275
44 294
44 10
44 13
44 18
44 19
44 23
44 26
44 37
44 43
44 46
44 50
44 57
44 64
44 71
44 80
44 84
44 89
44 94
44 98
44 100
44 107
44 113
44 114
44 119
44 134
44 135
44 137
44 141
44 144
44 145
44 148
44 149
44 194
45 155
45 164
45 177
45 184
45 210
45 219
45 248
45 265
45 283
45 286
45 1
45 4
45 6
45 7
45 12
45 15
45 21
45 22
45 28
45 30
45 31
45 39
45 48
45 53
45 59
45 62
45 63
45 64
45 66
45 69
45 85
45 86
45 91
45 93
45 96
45 119
45 122
45 125
45 129
45 132
45 136
45 145
45 147
45 149
45 195
46 153
46 176
46 180
46 181
46 207
46 229
46 261
46 5
46 6
46 11
46 15
46 16
46 17
46 25
46 29
46 32
46 37
46 41
46 44
46 47
46 48
46 59
46 60
46 62
46 66
46 71
46 78
46 85
46 86
46 87
46 88
46 96
46 107
46 112
46 113
46 115
46 117
46 118
46 122
46 124
46 131
46 139
46 147
46 196
47 157
47 168
47 173
47 182
47 216
47 238
47 244
47 246
47 286
47 290
47 2
47 14
47 40
47 46
47 52
47 57
47 59
47 60
47 65
47 66
47 76
47 84
47 96
47 100
47 102
47 123
47 125
47 129
47 146
47 197
48 160
48 164
48 204
48 210
48 246
48 3
48 6
48 11
48 31
48 32
48 36
48 37
48 38
48 45
48 46
48 50
48 51
48 52
48 55
48 66
48 73
48 78
48 84
48 86
48 93
48 98
48 103
48 104
48 105
48 107
48 116
48 119
48 123
48 143
48 146
48 149
48 198
49 208
49 0
49 3
49 7
49 8
49 11
49 14
49 18
49 30
49 32
49 39
49 40
49 42
49 51
49 57
49 58
49 64
49 65
49 66
49 67
49 68
49 74
49 75
49 79
49 85
49 86
49 88
49 89
49 105
49 111
49 113
49 115
49 116
49 120
49 127
49 140
49 141
49 145
49 199
50 199
50 231
50 241
50 249
50 266
50 11
50 15
50 25
50 29
50 36
50 38
50 39
50 44
50 48
50 53
50 58
50 68
50 70
50 71
50 78
50 80
50 86
50 102
50 107
50 109
50 111
50 113
50 125
50 143
50 200
51 177
51 256
51 1
51 2
51 11
51 12
51 18
51 21
51 23
51 35
51 39
51 40
51 48
51 49
51 52
51 61
51 62
51 63
51 71
51 72
51 91
51 92
51 93
51 94
51 100
51 101
51 112
51 113
51 115
51 116
51 117
51 120
51 123
51 129
51 131
51 133
51 138
51 140
51 147
51 201
52 205
52 259
52 286
52 5
52 23
52 25
52 30
52 38
52 43
52 47
52 48
52 51
52 56
52 57
52 68
52 69
52 85
52 88
52 96
52 99
52 104
52 111
52 116
52 127
52 133
52 134
52 138
52 148
52 202
53 152
53 202
53 204
53 0
53 13
53 14
53 15
53 21
53 24
53 38
53 40
53 42
53 45
53 50
53 63
53 66
53 73
53 80
53 95
53 96
53 101
53 110
53 112
53 131
53 133
53 134
53 135
53 139
53 142
53 148
53 203
54 155
54 168
54 202
54 217
54 219
54 226
54 253
54 283
54 14
54 19
54 21
54 24
54 25
54 27
54 42
54 56
54 61
54 62
54 70
54 78
54 84
54 91
54 95
54 101
54 102
54 106
54 116
54 118
54 120
54 121
54 122
54 127
54 130
54 132
54 140
54 142
54 204
55 154
55 182
55 210
55 225
55 243
55 250
55 257
55 275
55 3
55 5
55 11
55 16
55 23
55 29
55 35
55 36
55 48
55 68
55 70
55 81
55 82
55 90
55 91
55 94
55 97
55 100
55 103
55 114
55 118
55 119
55 120
55 121
55 143
55 205
56 155
56 213
56 2
56 8
56 9
56 12
56 15
56 16
56 17
56 21
56 22
56 29
56 30
56 32
56 34
56 42
56 52
56 54
56 63
56 73
56 75
56 100
56 113
56 115
56 117
56 118
56 121
56 128
56 137
56 141
56 145
56 147
56 206
57 271
57 2
57 3
57 7
57 9
57 11
57 15
57 16
57 18
57 26
57 28
57 34
57 36
57 41
57 44
57 47
57 49
57 52
57 62
57 65
57 66
57 78
57 83
57 84
57 85
57 88
57 108
57 116
57 119
57 120
57 132
57 135
57 145
57 146
57 148
57 149
57 207
58 299
58 298
58 292
58 3
58 23
58 24
58 29
58 32
58 34
58 49
58 50
58 62
58 65
58 73
58 78
58 80
58 88
58 90
58 99
58 102
58 104
58 107
58 108
58 113
58 115
58 116
58 120
58 123
58 126
58 132
58 134
58 140
58 141
58 144
58 208
59 169
59 187
59 247
59 282
59 290
59 0
59 4
59 7
59 9
59 12
59 18
59 22
59 30
59 32
59 33
59 34
59 37
59 45
59 46
59 47
59 62
59 70
59 72
59 88
59 94
59 101
59 104
59 106
59 111
59 115
59 123
59 128
59 131
59 134
59 144
59 148
59 209
60 168
60 197
60 212
60 240
60 251
60 285
60 0
60 7
60 13
60 14
60 19
60 21
60 25
60 30
60 37
60 38
60 43
60 46
60 47
60 62
60 68
60 76
60 85
60 95
60 97
60 105
60 119
60 121
60 127
60 133
60 137
60 141
60 147
60 210
61 174
61 191
61 230
61 247
61 263
61 276
61 1
61 9
61 10
61 17
61 19
61 23
61 24
61 27
61 30
61 39
61 51
61 54
61 62
61 65
61 66
61 67
61 79
61 81
61 101
61 102
61 107
61 112
61 123
61 125
61 126
61 130
61 136
61 145
61 146
61 211
62 166
62 4
62 7
62 14
62 19
62 20
62 24
62 27
62 28
62 31
62 36
62 42
62 45
62 46
62 51
62 54
62 57
62 58
62 59
62 60
62 61
62 65
62 66
62 67
62 68
62 82
62 83
62 104
62 113
62 114
62 116
62 124
62 132
62 133
62 141
62 144
62 148
62 149
62 212
63 181
63 204
63 233
63 235
63 276
63 3
63 12
63 15
63 16
63 22
63 27
63 29
63 30
63 38
63 42
63 45
63 51
63 53
63 56
63 72
63 80
63 84
63 87
63 91
63 96
63 100
63 101
63 106
63 109
63 113
63 114
63 122
63 125
63 133
63 137
63 142
63 145
63 147
63 149
63 213
64 154
64 158
64 159
64 180
64 240
64 248
64 4
64 16
64 19
64 20
64 33
64 42
64 44
64 45
64 49
64 72
64 76
64 77
64 87
64 96
64 106
64 107
64 111
64 114
64 122
64 129
64 132
64 139
64 147
64 214
65 196
65 204
65 225
65 241
65 274
65 293
65 299
65 6
65 7
65 13
65 14
65 15
65 17
65 21
65 26
65 33
65 40
65 47
65 49
65 57
65 58
65 61
65 62
65 70
65 74
65 86
65 88
65 91
65 96
65 100
65 108
65 119
65 120
65 123
65 124
65 125
65 137
65 140
65 141
65 146
65 215
66 191
66 206
66 222
66 233
66 269
66 0
66 3
66 14
66 18
66 23
66 37
66 41
66 45
66 46
66 47
66 48
66 49
66 53
66 57
66 61
66 62
66 69
66 75
66 77
66 79
66 84
66 86
66 94
66 102
66 103
66 111
66 113
66 117
66 119
66 123
66 125
66 127
66 149
66 216
67 158
67 181
67 186
67 209
67 212
67 213
67 253
67 264
67 286
67 290
67 2
67 9
67 10
67 22
67 27
67 31
67 37
67 39
67 49
67 61
67 62
67 81
67 86
67 88
67 89
67 91
67 94
67 97
67 98
67 113
67 116
67 124
67 131
67 134
67 138
67 149
67 217
68 152
68 187
68 217
68 229
68 272
68 291
68 1
68 2
68 21
68 26
68 28
68 31
68 49
68 50
68 52
68 55
68 60
68 62
68 73
68 96
68 99
68 106
68 109
68 112
68 113
68 117
68 125
68 131
68 133
68 135
68 143
68 147
68 218
69 175
69 191
69 198
69 217
69 6
69 11
69 34
69 42
69 45
69 52
69 66
69 71
69 81
69 82
69 84
69 95
69 99
69 103
69 110
69 113
69 116
69 119
69 121
69 126
69 139
69 219
70 150
70 175
70 220
70 226
70 254
70 266
70 283
70 289
70 3
70 8
70 18
70 22
70 23
70 33
70 34
70 50
70 54
70 55
70 59
70 65
70 71
70 72
70 73
70 74
70 77
70 84
70 92
70 93
70 100
70 103
70 104
70 117
70 119
70 121
70 124
70 137
70 138
71 172
71 179
71 182
71 208
71 232
71 245
71 260
71 263
71 270
71 274
71 6
71 10
71 11
71 38
71 39
71 44
71 46
71 50
71 51
71 69
71 70
71 85
71 88
71 89
71 98
71 104
71 127
71 137
71 144
71 221
72 158
72 174
72 178
72 180
72 214
72 216
72 228
72 260
72 265
72 271
72 289
72 0
72 1
72 4
72 5
72 7
72 9
72 10
72 16
72 18
72 24
72 25
72 26
72 33
72 35
72 39
72 41
72 42
72 51
72 59
72 63
72 64
72 70
72 79
72 84
72 94
72 96
72 97
72 102
72 103
72 106
72 112
72 119
72 123
72 131
72 144
72 146
72 222
73 151
73 176
73 192
73 210
73 219
73 230
73 252
73 271
73 275
73 5
73 13
73 16
73 18
73 21
73 29
73 36
73 48
73 53
73 56
73 58
73 68
73 70
73 97
73 99
73 104
73 105
73 114
73 116
73 122
73 123
73 124
73 131
73 132
73 135
73 142
73 223
74 155
74 215
74 238
74 245
74 266
74 5
74 15
74 16
74 17
74 24
74 28
74 33
74 34
74 40
74 49
74 65
74 70
74 77
74 79
74 80
74 89
74 93
74 106
74 115
74 126
74 135
74 137
74 139
74 141
74 143
74 147
74 224
75 152
75 192
75 244
75 268
75 3
75 4
75 6
75 15
75 21
75 22
75 27
75 35
75 39
75 49
75 56
75 66
75 79
75 81
75 87
75 89
75 100
75 105
75 109
75 111
75 137
75 143
75 144
75 146
75 149
75 225
76 155
76 184
76 193
76 250
76 256
76 265
76 286
76 290
76 6
76 17
76 21
76 28
76 36
76 47
76 60
76 64
76 98
76 121
76 131
76 135
76 138
76 142
76 145
76 226
77 154
77 155
77 189
77 242
77 266
77 270
77 278
77 4
77 7
77 10
77 12
77 25
77 29
77 31
77 35
77 40
77 42
77 64
77 66
77 70
77 74
77 82
77 87
77 93
77 98
77 101
77 103
77 106
77 109
77 114
77 117
77 118
77 120
77 121
77 122
77 124
77 129
77 144
77 227
78 223
78 293
78 1
78 2
78 16
78 19
78 22
78 26
78 30
78 32
78 33
78 42
78 46
78 48
78 50
78 54
78 57
78 58
78 80
78 87
78 103
78 104
78 112
78 121
78 124
78 128
78 131
78 132
78 135
78 138
78 142
78 145
78 146
78 148
78 228
79 152
79 188
79 199
79 248
79 257
79 286
79 1
79 6
79 7
79 11
79 12
79 16
79 18
79 35
79 38
79 39
79 49
79 61
79 66
79 72
79 74
79 75
79 83
79 86
79 88
79 101
79 104
79 106
79 112
79 113
79 119
79 120
79 121
79 122
79 129
79 140
79 143
79 146
79 229
80 192
80 193
80 212
80 253
80 256
80 288
80 2
80 8
80 11
80 12
80 43
80 44
80 50
80 53
80 58
80 63
80 74
80 78
80 81
80 86
80 87
80 89
80 93
80 94
80 97
80 103
80 105
80 107
80 131
80 135
80 138
80 139
80 149
80 230
81 155
81 190
81 270
81 276
81 279
81 297
81 3
81 21
81 29
81 33
81 34
81 39
81 43
81 55
81 61
81 67
81 69
81 75
81 80
81 85
81 92
81 108
81 109
81 113
81 130
81 132
81 133
81 138
81 142
81 144
81 147
81 148
81 231
82 153
82 170
82 188
82 195
82 208
82 221
82 225
82 245
82 268
82 281
82 4
82 7
82 8
82 16
82 18
82 19
82 20
82 22
82 27
82 32
82 35
82 37
82 40
82 43
82 55
82 62
82 69
82 77
82 86
82 90
82 92
82 93
82 94
82 96
82 97
82 99
82 104
82 112
82 113
82 116
82 127
82 128
82 129
82 130
82 145
82 146
82 232
83 187
83 216
83 251
83 4
83 6
83 12
83 20
83 33
83 37
83 43
83 57
83 62
83 79
83 93
83 94
83 95
83 96
83 100
83 106
83 107
83 110
83 113
83 114
83 115
83 117
83 119
83 130
83 132
83 136
83 138
83 145
83 146
83 147
83 233
84 165
84 176
84 196
84 217
84 224
84 227
84 245
84 288
84 291
84 0
84 1
84 3
84 4
84 5
84 18
84 22
84 24
84 26
84 32
84 41
84 42
84 44
84 47
84 48
84 54
84 57
84 63
84 66
84 69
84 70
84 72
84 91
84 93
84 100
84 105
84 119
84 121
84 123
84 127
84 129
84 132
84 133
84 137
84 145
84 234
85 155
85 191
85 192
85 193
85 245
85 8
85 12
85 13
85 16
85 24
85 29
85 30
85 33
85 35
85 43
85 45
85 46
85 49
85 52
85 57
85 60
85 71
85 81
85 87
85 102
85 106
85 112
85 125
85 133
85 134
85 140
85 141
85 148
85 149
85 235
86 154
86 201
86 205
86 231
86 281
86 285
86 287
86 6
86 10
86 15
86 19
86 27
86 28
86 29
86 37
86 43
86 45
86 46
86 48
86 49
86 50
86 65
86 66
86 67
86 79
86 80
86 82
86 87
86 93
86 106
86 109
86 110
86 112
86 125
86 130
86 131
86 132
86 137
86 145
86 147
86 148
86 236
87 163
87 198
87 201
87 274
87 0
87 3
87 4
87 10
87 14
87 18
87 27
87 37
87 40
87 46
87 63
87 64
87 75
87 77
87 78
87 80
87 85
87 86
87 109
87 110
87 119
87 120
87 126
87 135
87 140
87 145
87 146
87 149
87 237
88 162
88 166
88 167
88 168
88 173
88 177
88 195
88 209
88 266
88 273
88 11
88 16
88 18
88 23
88 27
88 29
88 33
88 43
88 46
88 49
88 52
88 57
88 58
88 59
88 65
88 67
88 71
88 79
88 93
88 96
88 105
88 106
88 107
88 108
88 109
88 122
88 124
88 126
88 128
88 130
88 132
88 148
88 238
89 159
89 166
89 180
89 182
89 186
89 213
89 234
89 266
89 5
89 10
89 12
89 25
89 27
89 29
89 30
89 32
89 37
89 41
89 44
89 49
89 67
89 71
89 74
89 75
89 80
89 98
89 99
89 110
89 115
89 123
89 126
89 139
89 145
89 146
89 149
89 239
90 176
90 183
90 192
90 233
90 263
90 296
90 0
90 4
90 11
90 12
90 19
90 20
90 26
90 29
90 38
90 40
90 55
90 58
90 82
90 91
90 92
90 104
90 108
90 122
90 126
90 128
90 130
90 132
90 138
90 140
90 240
91 165
91 195
91 243
91 2
91 3
91 10
91 14
91 19
91 24
91 34
91 35
91 37
91 41
91 43
91 45
91 51
91 54
91 55
91 63
91 65
91 67
91 84
91 90
91 93
91 96
91 97
91 98
91 103
91 111
91 146
91 241
92 169
92 177
92 193
92 201
92 268
92 287
92 293
92 2
92 4
92 9
92 19
92 21
92 22
92 26
92 27
92 32
92 35
92 36
92 40
92 42
92 43
92 51
92 70
92 81
92 82
92 90
92 95
92 99
92 101
92 102
92 105
92 118
92 124
92 125
92 129
92 132
92 140
92 242
93 167
93 221
93 225
93 246
93 249
93 296
93 13
93 19
93 20
93 22
93 26
93 29
93 35
93 45
93 48
93 51
93 70
93 74
93 77
93 80
93 82
93 83
93 84
93 86
93 88
93 91
93 94
93 107
93 109
93 113
93 114
93 115
93 118
93 119
93 128
93 134
93 139
93 142
93 146
93 147
93 148
93 149
93 243
94 214
94 229
94 251
94 0
94 17
94 21
94 25
94 33
94 35
94 40
94 44
94 51
94 55
94 59
94 66
94 67
94 72
94 80
94 82
94 83
94 93
94 97
94 109
94 111
94 115
94 120
94 125
94 128
94 131
94 139
94 144
94 146
94 148
94 244
95 186
95 230
95 240
95 255
95 2
95 10
95 15
95 17
95 24
95 25
95 27
95 35
95 37
95 42
95 53
95 54
95 60
95 69
95 83
95 92
95 102
95 107
95 117
95 120
95 122
95 123
95 138
95 139
95 142
95 146
95 148
95 245
96 155
96 161
96 205
96 207
96 219
96 233
96 240
96 264
96 276
96 2
96 4
96 13
96 16
96 18
96 19
96 20
96 34
96 35
96 38
96 45
96 46
96 47
96 52
96 53
96 63
96 64
96 65
96 68
96 72
96 82
96 83
96 88
96 91
96 98
96 99
96 102
96 104
96 109
96 114
96 126
96 128
96 132
96 138
96 246
97 163
97 169
97 170
97 174
97 202
97 209
97 231
97 243
97 246
97 297
97 0
97 6
97 16
97 20
97 27
97 34
97 55
97 60
97 67
97 72
97 73
97 80
97 82
97 91
97 94
97 103
97 134
97 143
97 147
97 149
97 247
98 163
98 175
98 192
98 227
98 235
98 4
98 12
98 14
98 15
98 20
98 21
98 32
98 41
98 42
98 43
98 44
98 48
98 67
98 71
98 76
98 77
98 89
98 91
98 96
98 100
98 102
98 105
98 109
98 112
98 113
98 121
98 126
98 130
98 137
98 140
98 142
98 248
99 160
99 175
99 243
99 249
99 288
99 0
99 2
99 8
99 12
99 14
99 17
99 20
99 21
99 36
99 52
99 58
99 68
99 69
99 73
99 82
99 89
99 92
99 96
99 100
99 101
99 106
99 108
99 113
99 114
99 119
99 120
99 136
99 139
99 141
99 143
99 149
100 154
100 180
100 223
100 227
100 273
100 6
100 8
100 15
100 19
100 24
100 27
100 31
100 32
100 36
100 42
100 44
100 47
100 51
100 55
100 56
100 63
100 65
100 70
100 75
100 83
100 84
100 98
100 99
100 104
100 107
100 114
100 116
100 117
100 123
100 145
100 146
100 149
100 250
101 160
101 173
101 193
101 203
101 222
101 234
101 253
101 274
101 280
101 7
101 10
101 14
101 16
101 18
101 21
101 27
101 28
101 30
101 34
101 39
101 51
101 53
101 54
101 59
101 61
101 63
101 77
101 79
101 92
101 99
101 107
101 113
101 117
101 121
101 122
101 125
101 126
101 133
101 141
101 144
101 251
102 157
102 158
102 177
102 204
102 210
102 237
102 243
102 288
102 4
102 13
102 17
102 22
102 25
102 30
102 37
102 41
102 47
102 50
102 54
102 58
102 61
102 66
102 72
102 85
102 92
102 95
102 96
102 98
102 104
102 108
102 112
102 115
102 119
102 127
102 133
102 135
102 139
102 140
102 142
102 144
102 148
102 252
103 177
103 187
103 203
103 219
103 244
103 257
103 294
103 0
103 3
103 4
103 15
103 28
103 30
103 35
103 41
103 42
103 43
103 48
103 55
103 66
103 69
103 70
103 72
103 77
103 78
103 80
103 91
103 97
103 107
103 116
103 131
103 138
103 140
103 146
103 147
103 148
103 253
104 153
104 169
104 200
104 210
104 212
104 216
104 226
104 239
104 265
104 9
104 15
104 17
104 24
104 28
104 32
104 33
104 43
104 48
104 52
104 58
104 59
104 62
104 70
104 71
104 73
104 78
104 79
104 82
104 90
104 96
104 100
104 102
104 105
104 107
104 108
104 127
104 131
104 132
104 137
104 140
104 254
105 214
105 239
105 256
105 1
105 5
105 9
105 20
105 22
105 33
105 35
105 38
105 48
105 49
105 60
105 73
105 75
105 80
105 84
105 88
105 92
105 98
105 104
105 109
105 110
105 111
105 113
105 114
105 116
105 120
105 121
105 125
105 129
105 130
105 133
105 136
105 145
105 149
105 255
106 181
106 200
106 209
106 217
106 277
106 278
106 282
106 293
106 0
106 6
106 8
106 9
106 10
106 12
106 16
106 20
106 22
106 25
106 29
106 30
106 35
106 39
106 40
106 41
106 43
106 54
106 59
106 63
106 64
106 68
106 72
106 74
106 77
106 79
106 83
106 85
106 86
106 88
106 99
106 107
106 113
106 114
106 138
106 144
106 146
106 256
107 155
107 158
107 167
107 187
107 285
107 289
107 2
107 9
107 12
107 17
107 34
107 40
107 41
107 44
107 46
107 48
107 50
107 58
107 61
107 64
107 80
107 83
107 88
107 93
107 95
107 100
107 101
107 103
107 104
107 106
107 110
107 112
107 115
107 123
107 127
107 140
107 142
107 143
107 145
107 257
108 157
108 164
108 193
108 231
108 281
108 291
108 294
108 1
108 6
108 8
108 19
108 21
108 31
108 34
108 43
108 57
108 58
108 65
108 81
108 88
108 90
108 99
108 102
108 104
108 109
108 112
108 131
108 142
108 144
108 258
109 184
109 214
109 250
109 261
109 262
109 282
109 3
109 16
109 17
109 18
109 21
109 27
109 28
109 30
109 32
109 35
109 50
109 63
109 68
109 75
109 77
109 81
109 86
109 87
109 88
109 93
109 94
109 96
109 98
109 105
109 108
109 114
109 116
109 128
109 133
109 143
109 149
109 259
110 157
110 257
110 265
110 278
110 0
110 2
110 6
110 10
110 11
110 15
110 28
110 34
110 36
110 42
110 53
110 69
110 83
110 86
110 87
110 89
110 105
110 107
110 116
110 122
110 123
110 131
110 139
110 143
110 147
110 260
111 185
111 200
111 212
111 219
111 282
111 2
111 10
111 13
111 15
111 19
111 21
111 25
111 34
111 49
111 50
111 52
111 59
111 64
111 66
111 75
111 91
111 94
111 105
111 114
111 115
111 128
111 141
111 148
111 149
111 261
112 177
112 204
112 222
112 287
112 293
112 294
112 9
112 12
112 14
112 19
112 22
112 25
112 26
112 27
112 34
112 46
112 51
112 53
112 61
112 68
112 72
112 78
112 79
112 82
112 85
112 86
112 98
112 102
112 107
112 108
112 119
112 123
112 125
112 126
112 128
112 138
112 144
112 262
113 152
113 158
113 172
113 175
113 198
113 205
113 9
113 10
113 12
113 16
113 18
113 23
113 26
113 27
113 33
113 35
113 43
113 44
113 46
113 49
113 50
113 51
113 56
113 58
113 62
113 63
113 66
113 67
113 68
113 69
113 79
113 81
113 82
113 83
113 93
113 98
113 99
113 101
113 105
113 106
113 125
113 128
113 142
113 143
113 144
113 147
113 263
114 163
114 215
114 231
114 261
114 268
114 8
114 12
114 16
114 17
114 18
114 21
114 22
114 24
114 30
114 33
114 39
114 40
114 41
114 44
114 55
114 62
114 63
114 64
114 73
114 77
114 83
114 93
114 96
114 99
114 100
114 105
114 106
114 109
114 111
114 119
114 129
114 130
114 135
114 137
114 142
114 145
114 149
114 264
115 153
115 161
115 241
115 253
115 283
115 1
115 4
115 5
115 10
115 13
115 20
115 22
115 26
115 27
115 34
115 35
115 36
115 37
115 39
115 46
115 49
115 51
115 56
115 58
115 59
115 74
115 83
115 89
115 93
115 94
115 102
115 107
115 111
115 132
115 140
115 265
116 163
116 171
116 190
116 204
116 248
116 5
116 6
116 13
116 18
116 19
116 24
116 26
116 36
116 48
116 49
116 51
116 52
116 54
116 57
116 58
116 62
116 67
116 69
116 73
116 82
116 100
116 103
116 105
116 109
116 110
116 121
116 125
116 128
116 131
116 135
116 142
116 144
116 147
116 266
117 176
117 177
117 187
117 192
117 194
117 274
117 296
117 16
117 21
117 23
117 26
117 28
117 36
117 46
117 51
117 56
117 66
117 68
117 70
117 77
117 83
117 95
117 100
117 101
117 121
117 123
117 130
117 137
117 138
117 144
117 145
117 146
117 147
117 267
118 178
118 200
118 220
118 222
118 283
118 290
118 293
118 297
118 4
118 6
118 10
118 11
118 12
118 23
118 24
118 28
118 30
118 34
118 46
118 54
118 55
118 56
118 77
118 92
118 93
118 120
118 122
118 140
118 143
118 146
118 268
119 170
119 184
119 187
119 196
119 255
119 0
119 4
119 6
119 18
119 19
119 29
119 30
119 41
119 44
119 45
119 48
119 55
119 57
119 60
119 65
119 66
119 69
119 70
119 72
119 79
119 83
119 84
119 87
119 93
119 99
119 102
119 112
119 114
119 124
119 136
119 137
119 139
119 269
120 182
120 221
120 267
120 279
120 280
120 282
120 2
120 10
120 13
120 17
120 22
120 24
120 39
120 49
120 51
120 54
120 55
120 57
120 58
120 65
120 77
120 79
120 87
120 94
120 95
120 99
120 105
120 118
120 122
120 128
120 130
120 140
120 141
120 145
120 270
121 194
121 196
121 214
121 247
121 254
121 258
121 262
121 297
121 9
121 10
121 13
121 14
121 19
121 23
121 54
121 55
121 56
121 60
121 69
121 70
121 76
121 77
121 78
121 79
121 84
121 98
121 101
121 105
121 116
121 117
121 122
121 135
121 148
121 271
122 180
122 192
122 206
122 217
122 221
122 255
122 268
122 297
122 1
122 2
122 5
122 8
122 10
122 14
122 21
122 23
122 27
122 42
122 43
122 45
122 46
122 54
122 63
122 64
122 73
122 77
122 79
122 88
122 90
122 95
122 101
122 110
122 118
122 120
122 121
122 126
122 134
122 138
122 145
122 146
122 149
122 272
123 154
123 158
123 214
123 223
123 273
123 0
123 1
123 6
123 8
123 9
123 11
123 16
123 29
123 30
123 36
123 47
123 48
123 51
123 58
123 59
123 61
123 65
123 66
123 72
123 73
123 84
123 89
123 95
123 100
123 107
123 110
123 112
123 117
123 124
123 125
123 136
123 137
123 141
124 189
124 225
124 234
124 275
124 284
124 286
124 4
124 5
124 9
124 15
124 16
124 17
124 26
124 27
124 40
124 41
124 42
124 46
124 62
124 65
124 67
124 70
124 73
124 77
124 78
124 88
124 92
124 119
124 123
124 127
124 128
124 139
124 140
124 145
124 149
124 274
125 161
125 165
125 190
125 191
125 204
125 215
125 233
125 241
125 260
125 270
125 277
125 296
125 297
125 3
125 4
125 11
125 18
125 21
125 39
125 42
125 45
125 47
125 50
125 61
125 63
125 65
125 66
125 68
125 85
125 86
125 92
125 94
125 101
125 105
125 112
125 113
125 116
125 123
125 133
125 142
125 144
125 149
125 275
126 190
126 215
126 224
126 240
126 243
126 279
126 5
126 8
126 9
126 11
126 12
126 26
126 27
126 39
126 58
126 61
126 69
126 74
126 87
126 88
126 89
126 90
126 96
126 98
126 101
126 112
126 122
126 127
126 129
126 133
126 135
126 147
126 276
127 166
127 179
127 184
127 205
127 244
127 249
127 254
127 257
127 260
127 290
127 3
127 20
127 22
127 38
127 49
127 52
127 54
127 60
127 66
127 71
127 82
127 84
127 102
127 104
127 107
127 124
127 126
127 129
127 140
127 146
127 277
128 153
128 169
128 171
128 189
128 211
128 214
128 246
128 261
128 284
128 287
128 5
128 8
128 9
128 19
128 20
128 26
128 31
128 38
128 42
128 56
128 59
128 78
128 82
128 88
128 90
128 93
128 94
128 96
128 109
128 111
128 112
128 113
128 116
128 120
128 124
128 132
128 137
128 142
128 146
128 278
129 161
129 200
129 227
129 282
129 295
129 4
129 9
129 20
129 29
129 31
129 37
129 45
129 47
129 51
129 64
129 77
129 79
129 82
129 84
129 92
129 105
129 114
129 126
129 127
129 133
129 136
129 147
129 279
130 185
130 236
130 253
130 259
130 6
130 10
130 16
130 28
130 29
130 33
130 54
130 61
130 81
130 82
130 83
130 86
130 88
130 90
130 98
130 105
130 114
130 117
130 120
130 132
130 133
130 138
130 145
130 148
130 280
131 184
131 228
131 266
131 282
131 4
131 6
131 8
131 19
131 23
131 24
131 31
131 32
131 38
131 42
131 46
131 51
131 53
131 59
131 67
131 68
131 72
131 73
131 76
131 78
131 80
131 86
131 94
131 103
131 104
131 108
131 110
131 116
131 133
131 138
131 140
131 146
131 281
132 154
132 168
132 198
132 237
132 241
132 244
132 247
132 295
132 0
132 10
132 26
132 30
132 34
132 36
132 37
132 38
132 45
132 54
132 57
132 58
132 62
132 64
132 73
132 78
132 81
132 83
132 84
132 86
132 88
132 90
132 92
132 96
132 104
132 115
132 128
132 130
132 138
132 141
132 146
132 282
133 195
133 198
133 219
133 259
133 264
133 285
133 3
133 7
133 10
133 16
133 18
133 19
133 20
133 22
133 26
133 27
133 32
133 51
133 52
133 53
133 60
133 62
133 63
133 68
133 81
133 84
133 85
133 101
133 102
133 105
133 109
133 125
133 126
133 129
133 130
133 131
133 138
133 141
133 142
133 283
134 152
134 190
134 231
134 232
134 243
134 248
134 249
134 265
134 275
134 285
134 299
134 5
134 10
134 15
134 21
134 25
134 26
134 29
134 31
134 36
134 38
134 44
134 52
134 53
134 58
134 59
134 67
134 85
134 93
134 97
134 122
134 135
134 143
134 145
134 284
135 213
135 1
135 9
135 18
135 20
135 22
135 24
135 26
135 27
135 32
135 39
135 44
135 53
135 57
135 68
135 73
135 74
135 76
135 78
135 80
135 87
135 102
135 114
135 116
135 121
135 126
135 134
135 137
135 138
135 144
135 146
135 148
135 285
136 181
136 183
136 190
136 201
136 209
136 210
136 211
136 212
136 220
136 221
136 237
136 0
136 1
136 5
136 10
136 11
136 17
136 22
136 29
136 36
136 40
136 41
136 42
136 45
136 61
136 83
136 99
136 105
136 119
136 123
136 129
136 141
136 143
136 286
137 230
137 291
137 297
137 10
137 14
137 24
137 26
137 38
137 42
137 44
137 56
137 60
137 63
137 65
137 70
137 71
137 74
137 75
137 84
137 86
137 98
137 104
137 114
137 117
137 119
137 123
137 128
137 135
137 138
137 142
137 146
137 287
138 157
138 180
138 183
138 187
138 212
138 221
138 256
138 266
138 278
138 0
138 6
138 12
138 14
138 16
138 20
138 21
138 30
138 36
138 51
138 52
138 67
138 70
138 76
138 78
138 80
138 81
138 83
138 90
138 95
138 96
138 103
138 106
138 112
138 117
138 122
138 130
138 131
138 132
138 133
138 135
138 137
138 139
138 144
138 146
138 147
138 148
138 288
139 188
139 196
139 239
139 291
139 14
139 24
139 27
139 46
139 53
139 64
139 69
139 74
139 80
139 89
139 93
139 94
139 95
139 99
139 102
139 110
139 119
139 124
139 138
139 141
139 149
139 289
140 159
140 164
140 170
140 174
140 191
140 222
140 249
140 257
140 268
140 0
140 1
140 10
140 13
140 16
140 21
140 30
140 37
140 38
140 49
140 51
140 54
140 58
140 65
140 79
140 85
140 87
140 90
140 92
140 98
140 102
140 103
140 104
140 107
140 115
140 118
140 120
140 124
140 127
140 131
140 141
140 147
140 290
141 206
141 228
141 265
141 4
141 10
141 14
141 19
141 22
141 34
141 38
141 44
141 49
141 56
141 58
141 60
141 62
141 65
141 74
141 85
141 99
141 101
141 111
141 120
141 123
141 132
141 133
141 136
141 139
141 140
141 146
141 291
142 150
142 167
142 174
142 199
142 209
142 247
142 275
142 6
142 7
142 10
142 12
142 13
142 28
142 32
142 38
142 42
142 53
142 54
142 63
142 73
142 76
142 78
142 81
142 93
142 95
142 98
142 102
142 107
142 108
142 113
142 114
142 116
142 125
142 128
142 133
142 137
142 146
142 292
143 197
143 1
143 11
143 33
143 38
143 48
143 50
143 55
143 68
143 74
143 75
143 79
143 97
143 99
143 107
143 109
143 110
143 113
143 118
143 134
143 136
143 148
143 293
144 184
144 188
144 212
144 244
144 261
144 290
144 17
144 24
144 25
144 26
144 27
144 29
144 43
144 44
144 58
144 59
144 62
144 71
144 72
144 75
144 77
144 81
144 94
144 101
144 102
144 106
144 108
144 112
144 113
144 116
144 117
144 125
144 135
144 138
144 146
144 148
144 149
144 294
145 153
145 156
145 167
145 197
145 198
145 268
145 273
145 297
145 3
145 21
145 28
145 33
145 35
145 44
145 45
145 49
145 56
145 57
145 61
145 63
145 76
145 78
145 82
145 83
145 84
145 86
145 87
145 89
145 100
145 105
145 107
145 114
145 117
145 120
145 122
145 124
145 130
145 134
145 148
145 295
146 161
146 186
146 218
146 226
146 263
146 269
146 1
146 9
146 16
146 17
146 21
146 23
146 24
146 25
146 28
146 31
146 34
146 47
146 48
146 57
146 61
146 65
146 72
146 75
146 78
146 79
146 82
146 83
146 87
146 89
146 91
146 93
146 94
146 95
146 100
146 103
146 106
146 117
146 118
146 122
146 127
146 128
146 131
146 132
146 135
146 137
146 138
146 141
146 142
146 144
146 296
147 172
147 190
147 259
147 274
147 288
147 0
147 7
147 19
147 21
147 23
147 29
147 35
147 37
147 38
147 40
147 45
147 46
147 51
147 56
147 60
147 63
147 64
147 68
147 74
147 81
147 83
147 86
147 93
147 97
147 103
147 110
147 113
147 116
147 117
147 126
147 129
147 138
147 140
147 148
147 149
147 297
148 155
148 163
148 173
148 180
148 182
148 183
148 229
148 288
148 3
148 5
148 9
148 17
148 22
148 27
148 44
148 52
148 53
148 57
148 59
148 62
148 78
148 81
148 85
148 86
148 88
148 93
148 94
148 95
148 102
148 103
148 111
148 121
148 130
148 135
148 138
148 143
148 144
148 145
148 147
148 298
149 168
149 220
149 245
149 1
149 10
149 11
149 15
149 23
149 25
149 26
149 38
149 39
149 42
149 44
149 45
149 48
149 57
149 62
149 63
149 66
149 67
149 75
149 80
149 85
149 87
149 89
149 93
149 97
149 99
149 100
149 105
149 109
149 111
149 114
149 122
149 124
149 125
149 139
149 144
149 147
149 299
150 28
150 44
150 70
150 142
150 0
151 73
151 1
152 6
152 22
152 34
152 53
152 68
152 75
152 79
152 113
152 134
152 2
153 20
153 22
153 27
153 38
153 46
153 82
153 104
153 115
153 128
153 145
153 3
154 19
154 55
154 64
154 77
154 86
154 100
154 123
154 132
154 4
155 21
155 45
155 54
155 56
155 74
155 76
155 77
155 81
155 85
155 96
155 107
155 148
155 5
156 145
156 6
157 7
157 24
157 33
157 47
157 102
157 108
157 110
157 138
158 9
158 16
158 64
158 67
158 72
158 102
158 107
158 113
158 123
158 8
159 1
159 64
159 89
159 140
159 9
160 2
160 20
160 48
160 99
160 101
160 10
161 0
161 13
161 14
161 36
161 96
161 115
161 125
161 129
161 146
161 11
162 24
162 42
162 88
162 12
163 6
163 23
163 32
163 33
163 87
163 97
163 98
163 114
163 116
163 148
163 13
164 1
164 33
164 45
164 48
164 108
164 140
164 14
165 20
165 44
165 84
165 91
165 125
165 15
166 24
166 26
166 30
166 62
166 88
166 89
166 127
166 16
167 13
167 38
167 88
167 93
167 107
167 142
167 145
167 17
168 40
168 47
168 54
168 60
168 88
168 132
168 149
168 18
169 2
169 42
169 59
169 92
169 97
169 104
169 128
169 19
170 2
170 23
170 35
170 38
170 82
170 97
170 119
170 140
170 20
171 116
171 128
171 21
172 35
172 71
172 113
172 147
172 22
173 0
173 6
173 19
173 47
173 88
173 101
173 148
173 23
174 25
174 61
174 72
174 97
174 140
174 142
174 24
175 26
175 41
175 69
175 70
175 98
175 99
175 113
175 25
176 21
176 22
176 24
176 27
176 29
176 46
176 73
176 84
176 90
176 117
176 26
177 18
177 45
177 51
177 88
177 92
177 102
177 103
177 112
177 117
177 27
178 12
178 16
178 23
178 30
178 72
178 118
178 28
179 12
179 13
179 28
179 71
179 127
179 29
180 46
180 64
180 72
180 89
180 100
180 122
180 138
180 148
180 30
181 25
181 26
181 46
181 63
181 67
181 106
181 136
181 31
182 20
182 36
182 47
182 55
182 71
182 89
182 120
182 148
182 32
183 1
183 17
183 90
183 136
183 138
183 148
183 33
184 13
184 45
184 76
184 109
184 119
184 127
184 131
184 144
184 34
185 1
185 34
185 111
185 130
185 35
186 20
186 26
186 29
186 67
186 89
186 95
186 146
186 36
187 3
187 59
187 68
187 83
187 103
187 107
187 117
187 119
187 138
187 37
188 18
188 35
188 79
188 82
188 139
188 144
188 38
189 11
189 31
189 77
189 124
189 128
189 39
190 13
190 18
190 24
190 81
190 116
190 125
190 126
190 134
190 136
190 147
190 40
191 61
191 66
191 69
191 85
191 125
191 140
191 41
192 12
192 73
192 75
192 80
192 85
192 90
192 98
192 117
192 122
192 42
193 27
193 76
193 80
193 85
193 92
193 101
193 108
193 43
194 1
194 13
194 39
194 43
194 117
194 121
194 44
195 16
195 25
195 82
195 88
195 91
195 133
195 45
196 26
196 35
196 65
196 84
196 119
196 121
196 139
196 46
197 13
197 26
197 34
197 60
197 143
197 145
197 47
198 20
198 69
198 87
198 113
198 132
198 133
198 145
198 48
199 50
199 79
199 142
199 49
200 21
200 22
200 24
200 34
200 104
200 106
200 111
200 118
200 129
200 50
201 22
201 40
201 43
201 86
201 87
201 92
201 136
201 51
202 3
202 24
202 34
202 53
202 54
202 97
202 52
203 23
203 26
203 101
203 103
203 53
204 5
204 15
204 31
204 40
204 48
204 53
204 63
204 65
204 102
204 112
204 116
204 125
204 54
205 2
205 43
205 52
205 86
205 96
205 113
205 127
205 55
206 25
206 66
206 122
206 141
206 56
207 46
207 96
207 57
208 7
208 41
208 49
208 71
208 82
208 58
209 67
209 88
209 97
209 106
209 136
209 142
209 59
210 3
210 23
210 31
210 45
210 48
210 55
210 73
210 102
210 104
210 136
210 60
211 9
211 128
211 136
211 61
212 11
212 36
212 60
212 67
212 80
212 104
212 111
212 136
212 138
212 144
212 62
213 24
213 56
213 67
213 89
213 135
213 63
214 12
214 17
214 26
214 72
214 94
214 105
214 109
214 121
214 123
214 128
214 64
215 16
215 27
215 33
215 37
215 74
215 114
215 125
215 126
215 65
216 13
216 47
216 72
216 83
216 104
216 66
217 26
217 54
217 68
217 69
217 84
217 106
217 122
217 67
218 0
218 4
218 26
218 27
218 146
218 68
219 45
219 54
219 73
219 96
219 103
219 111
219 133
219 69
220 23
220 70
220 118
220 136
220 149
221 17
221 40
221 82
221 93
221 120
221 122
221 136
221 138
221 71
222 66
222 101
222 112
222 118
222 140
222 72
223 38
223 44
223 78
223 100
223 123
223 73
224 24
224 29
224 84
224 126
224 74
225 0
225 28
225 35
225 55
225 65
225 82
225 93
225 124
225 75
226 42
226 54
226 70
226 104
226 146
226 76
227 15
227 34
227 38
227 42
227 84
227 98
227 100
227 129
227 77
228 72
228 131
228 141
228 78
229 1
229 46
229 68
229 94
229 148
229 79
230 24
230 61
230 73
230 95
230 137
230 80
231 37
231 50
231 86
231 97
231 108
231 114
231 134
231 81
232 12
232 17
232 39
232 71
232 134
232 82
233 63
233 66
233 90
233 96
233 125
233 83
234 5
234 8
234 89
234 101
234 124
234 84
235 29
235 63
235 98
235 85
236 24
236 29
236 130
236 86
237 102
237 132
237 136
237 87
238 36
238 47
238 74
238 88
239 104
239 105
239 139
239 89
240 4
240 60
240 64
240 95
240 96
240 126
240 90
241 16
241 32
241 42
241 50
241 65
241 115
241 125
241 132
241 91
242 7
242 30
242 41
242 77
242 92
243 11
243 24
243 55
243 91
243 97
243 99
243 102
243 126
243 134
243 93
244 12
244 20
244 29
244 35
244 36
244 47
244 75
244 103
244 127
244 132
244 144
244 94
245 12
245 42
245 71
245 74
245 82
245 84
245 85
245 149
245 95
246 42
246 47
246 48
246 93
246 97
246 128
246 96
247 59
247 61
247 121
247 132
247 142
247 97
248 10
248 20
248 45
248 64
248 79
248 116
248 134
248 98
249 11
249 33
249 50
249 93
249 99
249 127
249 134
249 140
250 11
250 15
250 55
250 76
250 109
250 100
251 60
251 83
251 94
251 101
252 21
252 25
252 31
252 73
252 102
253 22
253 54
253 67
253 80
253 101
253 115
253 130
253 103
254 7
254 14
254 33
254 70
254 121
254 127
254 104
255 0
255 31
255 35
255 40
255 95
255 119
255 122
255 105
256 13
256 24
256 39
256 40
256 51
256 76
256 80
256 105
256 138
256 106
257 1
257 55
257 79
257 103
257 110
257 127
257 140
257 107
258 23
258 27
258 41
258 44
258 121
258 108
259 20
259 26
259 29
259 52
259 130
259 133
259 147
259 109
260 1
260 10
260 71
260 72
260 125
260 127
260 110
261 4
261 14
261 18
261 46
261 109
261 114
261 128
261 144
261 111
262 19
262 109
262 121
262 112
263 11
263 61
263 71
263 90
263 146
263 113
264 67
264 96
264 133
264 114
265 1
265 6
265 45
265 72
265 76
265 104
265 110
265 134
265 141
265 115
266 50
266 70
266 74
266 77
266 88
266 89
266 131
266 138
266 116
267 6
267 14
267 39
267 120
267 117
268 39
268 75
268 82
268 92
268 114
268 122
268 140
268 145
268 118
269 12
269 27
269 66
269 146
269 119
270 71
270 77
270 81
270 125
270 120
271 12
271 57
271 72
271 73
271 121
272 10
272 68
272 122
273 34
273 88
273 100
273 123
273 145
274 65
274 71
274 87
274 101
274 117
274 147
274 124
275 4
275 20
275 30
275 36
275 44
275 55
275 73
275 124
275 134
275 142
275 125
276 30
276 61
276 63
276 81
276 96
276 126
277 106
277 125
277 127
278 30
278 37
278 77
278 106
278 110
278 138
278 128
279 23
279 81
279 120
279 126
279 129
280 101
280 120
280 130
281 30
281 82
281 86
281 108
281 131
282 11
282 30
282 36
282 59
282 106
282 109
282 111
282 120
282 129
282 131
282 132
283 31
283 45
283 54
283 70
283 115
283 118
283 133
284 22
284 124
284 128
284 134
285 35
285 60
285 86
285 107
285 133
285 134
285 135
286 4
286 13
286 19
286 24
286 31
286 34
286 45
286 47
286 52
286 67
286 76
286 79
286 124
286 136
287 86
287 92
287 112
287 128
287 137
288 13
288 26
288 80
288 84
288 99
288 102
288 147
288 148
288 138
289 30
289 70
289 72
289 107
289 139
290 22
290 47
290 59
290 67
290 76
290 118
290 127
290 144
290 140
291 11
291 68
291 84
291 108
291 137
291 139
291 141
292 58
292 142
293 4
293 8
293 19
293 65
293 78
293 92
293 106
293 112
293 118
293 143
294 27
294 34
294 44
294 103
294 108
294 112
294 144
295 38
295 40
295 129
295 132
295 145
296 18
296 29
296 90
296 93
296 117
296 125
296 146
297 27
297 39
297 81
297 97
297 118
297 121
297 122
297 125
297 137
297 145
297 147
298 58
298 148
299 58
299 65
299 134
299 149
