  400   4021
0 218
0 229
0 234
0 237
0 238
0 246
0 249
0 268
0 291
0 308
0 334
0 365
0 384
0 8
0 47
0 78
0 129
0 200
1 212
1 215
1 217
1 222
1 226
1 228
1 242
1 247
1 251
1 284
1 295
1 301
1 309
1 314
1 320
1 325
1 330
1 339
1 341
1 349
1 376
1 377
1 382
1 389
1 392
1 393
1 399
1 32
1 101
1 146
1 201
2 207
2 210
2 239
2 244
2 247
2 252
2 257
2 261
2 276
2 283
2 285
2 295
2 313
2 323
2 325
2 326
2 341
2 64
2 81
2 87
2 89
2 134
2 174
2 202
3 206
3 215
3 216
3 231
3 252
3 255
3 257
3 276
3 295
3 305
3 320
3 359
3 386
3 396
3 37
3 43
3 66
3 102
3 126
3 130
3 146
3 203
4 231
4 256
4 258
4 270
4 280
4 286
4 289
4 312
4 319
4 320
4 352
4 360
4 389
4 390
4 398
4 36
4 59
4 74
4 116
4 154
4 204
5 211
5 215
5 217
5 220
5 223
5 235
5 236
5 250
5 253
5 256
5 260
5 261
5 289
5 290
5 296
5 318
5 325
5 330
5 341
5 351
5 352
5 368
5 369
5 375
5 376
5 388
5 395
5 13
5 34
5 67
5 125
5 146
5 155
5 173
5 187
5 205
6 201
6 208
6 223
6 226
6 260
6 265
6 271
6 278
6 290
6 298
6 300
6 304
6 311
6 319
6 327
6 348
6 356
6 371
6 372
6 396
6 32
6 33
6 96
6 125
6 143
6 150
6 153
6 185
6 187
6 206
7 200
7 215
7 251
7 255
7 287
7 294
7 300
7 326
7 335
7 338
7 344
7 374
7 380
7 385
7 386
7 72
7 87
7 104
7 133
7 151
7 173
7 207
8 206
8 217
8 271
8 272
8 299
8 315
8 320
8 324
8 328
8 360
8 372
8 385
8 386
8 398
8 0
8 18
8 52
8 54
8 107
8 150
8 152
8 154
8 181
8 187
8 208
9 220
9 222
9 225
9 233
9 243
9 254
9 280
9 282
9 285
9 304
9 307
9 334
9 336
9 340
9 341
9 349
9 353
9 357
9 366
9 382
9 386
9 392
9 396
9 397
9 29
9 164
9 165
9 199
9 209
10 211
10 216
10 226
10 236
10 247
10 303
10 309
10 311
10 320
10 328
10 358
10 363
10 371
10 29
10 85
10 150
10 187
10 210
11 202
11 205
11 241
11 245
11 247
11 248
11 252
11 265
11 315
11 322
11 338
11 345
11 359
11 372
11 374
11 380
11 26
11 70
11 71
11 109
11 123
11 135
11 142
11 211
12 228
12 236
12 263
12 272
12 278
12 315
12 316
12 322
12 329
12 336
12 338
12 350
12 351
12 359
12 362
12 367
12 383
12 384
12 387
12 399
12 19
12 29
12 78
12 86
12 121
12 159
12 212
13 216
13 225
13 228
13 232
13 252
13 275
13 282
13 316
13 341
13 345
13 348
13 356
13 362
13 371
13 380
13 385
13 390
13 393
13 398
13 5
13 18
13 22
13 44
13 45
13 62
13 66
13 95
13 110
13 169
13 190
13 213
14 200
14 204
14 221
14 226
14 245
14 247
14 275
14 278
14 293
14 303
14 322
14 327
14 330
14 355
14 358
14 369
14 379
14 380
14 383
14 56
14 114
14 167
14 168
14 171
14 176
14 214
15 208
15 233
15 244
15 248
15 252
15 254
15 260
15 272
15 274
15 275
15 276
15 287
15 316
15 321
15 324
15 327
15 331
15 335
15 351
15 360
15 371
15 373
15 390
15 17
15 31
15 87
15 99
15 215
16 225
16 231
16 260
16 273
16 279
16 298
16 302
16 312
16 337
16 346
16 350
16 354
16 374
16 111
16 143
16 153
16 181
16 184
16 190
16 216
17 225
17 230
17 255
17 259
17 279
17 285
17 305
17 308
17 315
17 329
17 330
17 337
17 355
17 367
17 368
17 379
17 382
17 383
17 397
17 15
17 60
17 132
17 217
18 215
18 220
18 226
18 227
18 240
18 248
18 258
18 265
18 305
18 317
18 330
18 339
18 342
18 343
18 358
18 361
18 376
18 398
18 8
18 13
18 46
18 81
18 100
18 104
18 149
18 173
18 179
18 218
19 207
19 211
19 216
19 223
19 229
19 243
19 247
19 253
19 267
19 280
19 292
19 323
19 344
19 378
19 379
19 386
19 12
19 30
19 87
19 110
19 142
19 174
19 219
20 212
20 219
20 231
20 232
20 235
20 249
20 254
20 255
20 281
20 289
20 331
20 342
20 358
20 385
20 29
20 60
20 114
20 131
20 167
20 220
21 221
21 231
21 249
21 254
21 285
21 297
21 301
21 308
21 317
21 329
21 330
21 334
21 336
21 339
21 346
21 352
21 353
21 354
21 357
21 360
21 386
21 396
21 50
21 55
21 63
21 88
21 108
21 158
21 169
21 187
21 192
21 199
22 249
22 265
22 274
22 283
22 292
22 300
22 303
22 322
22 335
22 341
22 375
22 392
22 13
22 61
22 90
22 93
22 152
22 161
22 166
22 222
23 211
23 237
23 243
23 247
23 262
23 276
23 279
23 289
23 300
23 318
23 319
23 344
23 352
23 355
23 357
23 373
23 395
23 76
23 113
23 116
23 184
23 196
23 223
24 202
24 204
24 213
24 227
24 235
24 243
24 262
24 283
24 284
24 323
24 339
24 362
24 379
24 384
24 25
24 83
24 93
24 95
24 131
24 140
24 167
24 176
24 189
24 224
25 200
25 210
25 222
25 223
25 232
25 233
25 249
25 254
25 273
25 279
25 285
25 297
25 302
25 333
25 364
25 370
25 375
25 386
25 387
25 391
25 392
25 24
25 52
25 92
25 129
25 225
26 207
26 215
26 225
26 233
26 240
26 255
26 279
26 288
26 294
26 307
26 309
26 322
26 328
26 370
26 391
26 396
26 398
26 11
26 31
26 55
26 70
26 121
26 163
26 174
26 199
26 226
27 204
27 209
27 235
27 239
27 269
27 277
27 289
27 296
27 302
27 303
27 308
27 315
27 323
27 338
27 352
27 394
27 49
27 74
27 105
27 127
27 165
27 179
27 227
28 205
28 222
28 233
28 238
28 261
28 262
28 283
28 295
28 303
28 308
28 332
28 341
28 358
28 392
28 396
28 399
28 32
28 75
28 84
28 140
28 228
29 222
29 225
29 227
29 230
29 249
29 274
29 282
29 300
29 305
29 313
29 315
29 331
29 389
29 399
29 9
29 10
29 12
29 20
29 33
29 48
29 74
29 95
29 115
29 148
29 157
29 229
30 200
30 207
30 222
30 223
30 242
30 248
30 251
30 254
30 261
30 269
30 291
30 309
30 310
30 337
30 352
30 363
30 365
30 385
30 19
30 88
30 110
30 230
31 221
31 225
31 231
31 242
31 245
31 246
31 250
31 258
31 265
31 275
31 279
31 280
31 300
31 305
31 325
31 333
31 336
31 341
31 344
31 375
31 389
31 15
31 26
31 37
31 83
31 105
31 139
31 143
31 164
31 177
32 203
32 206
32 213
32 225
32 244
32 277
32 293
32 295
32 297
32 304
32 308
32 312
32 317
32 326
32 341
32 348
32 369
32 372
32 386
32 395
32 398
32 1
32 6
32 28
32 47
32 182
32 232
33 205
33 228
33 230
33 239
33 261
33 266
33 280
33 287
33 324
33 336
33 345
33 359
33 369
33 372
33 385
33 387
33 6
33 29
33 84
33 107
33 115
33 139
33 141
33 186
33 233
34 204
34 232
34 233
34 258
34 290
34 306
34 307
34 320
34 324
34 344
34 349
34 368
34 372
34 375
34 5
34 44
34 65
34 76
34 77
34 90
34 108
34 109
34 155
34 234
35 249
35 267
35 275
35 322
35 349
35 374
35 380
35 384
35 396
35 86
35 110
35 171
35 235
36 207
36 216
36 227
36 229
36 243
36 256
36 279
36 290
36 306
36 308
36 326
36 331
36 343
36 377
36 380
36 383
36 396
36 4
36 94
36 110
36 120
36 132
36 172
36 236
37 201
37 202
37 204
37 209
37 213
37 227
37 270
37 284
37 290
37 294
37 325
37 330
37 331
37 349
37 354
37 367
37 384
37 3
37 31
37 55
37 97
37 170
37 237
38 208
38 209
38 215
38 222
38 226
38 232
38 246
38 267
38 269
38 289
38 290
38 293
38 316
38 328
38 331
38 360
38 382
38 385
38 395
38 82
38 85
38 144
38 170
38 238
39 204
39 207
39 229
39 230
39 238
39 244
39 245
39 273
39 280
39 336
39 348
39 354
39 390
39 51
39 63
39 64
39 115
39 127
39 161
39 167
39 173
39 239
40 207
40 208
40 227
40 230
40 248
40 263
40 267
40 271
40 287
40 297
40 316
40 328
40 336
40 354
40 358
40 361
40 362
40 379
40 77
40 108
40 123
40 132
40 141
40 150
40 159
40 165
40 240
41 212
41 247
41 248
41 249
41 257
41 260
41 289
41 311
41 326
41 327
41 376
41 384
41 106
41 241
42 201
42 212
42 228
42 234
42 243
42 248
42 256
42 262
42 273
42 305
42 316
42 326
42 353
42 354
42 365
42 388
42 391
42 397
42 93
42 140
42 185
42 242
43 222
43 230
43 252
43 271
43 285
43 294
43 311
43 355
43 360
43 381
43 383
43 390
43 398
43 3
43 141
43 148
43 160
43 243
44 212
44 213
44 219
44 238
44 261
44 268
44 282
44 309
44 326
44 368
44 385
44 393
44 13
44 34
44 93
44 105
44 137
44 138
44 244
45 207
45 223
45 224
45 227
45 230
45 235
45 241
45 248
45 271
45 279
45 283
45 284
45 297
45 310
45 319
45 342
45 347
45 365
45 13
45 67
45 77
45 84
45 90
45 158
45 173
45 179
45 195
45 245
46 202
46 208
46 211
46 213
46 248
46 257
46 267
46 271
46 273
46 274
46 275
46 278
46 297
46 313
46 317
46 321
46 324
46 336
46 342
46 356
46 366
46 381
46 396
46 18
46 78
46 82
46 93
46 99
46 100
46 181
46 246
47 220
47 221
47 230
47 254
47 262
47 265
47 267
47 273
47 292
47 313
47 322
47 354
47 360
47 370
47 382
47 390
47 0
47 32
47 50
47 70
47 121
47 129
47 179
47 180
47 247
48 203
48 227
48 244
48 267
48 277
48 290
48 301
48 306
48 315
48 316
48 331
48 336
48 359
48 368
48 382
48 398
48 29
48 50
48 64
48 121
48 248
49 213
49 214
49 220
49 222
49 228
49 234
49 235
49 247
49 281
49 287
49 300
49 310
49 326
49 337
49 353
49 374
49 27
49 136
49 171
49 249
50 206
50 211
50 219
50 227
50 232
50 241
50 259
50 289
50 309
50 313
50 319
50 331
50 347
50 350
50 364
50 377
50 379
50 385
50 21
50 47
50 48
50 80
50 101
50 139
50 177
50 189
50 250
51 203
51 218
51 233
51 238
51 253
51 256
51 259
51 267
51 269
51 297
51 321
51 328
51 329
51 340
51 348
51 355
51 364
51 367
51 369
51 384
51 387
51 39
51 89
51 118
51 159
51 251
52 201
52 209
52 212
52 216
52 223
52 233
52 240
52 241
52 248
52 253
52 292
52 318
52 333
52 340
52 362
52 373
52 388
52 397
52 8
52 25
52 82
52 102
52 110
52 122
52 146
52 169
52 252
53 224
53 245
53 260
53 263
53 272
53 274
53 280
53 282
53 293
53 296
53 300
53 303
53 305
53 312
53 318
53 330
53 353
53 365
53 391
53 89
53 137
53 253
54 209
54 234
54 260
54 283
54 285
54 290
54 294
54 308
54 310
54 322
54 339
54 347
54 360
54 8
54 84
54 129
54 153
54 158
54 193
54 254
55 225
55 236
55 255
55 285
55 299
55 304
55 311
55 325
55 333
55 347
55 352
55 376
55 393
55 21
55 26
55 37
55 61
56 216
56 261
56 267
56 280
56 284
56 296
56 328
56 342
56 343
56 344
56 345
56 350
56 365
56 381
56 386
56 394
56 14
56 74
56 90
56 131
56 193
56 256
57 243
57 254
57 256
57 278
57 289
57 293
57 301
57 306
57 383
57 387
57 388
57 63
57 73
57 77
57 89
57 101
57 150
57 183
57 257
58 219
58 241
58 244
58 250
58 258
58 265
58 274
58 320
58 321
58 327
58 346
58 351
58 374
58 375
58 391
58 144
58 151
59 205
59 210
59 216
59 247
59 250
59 251
59 253
59 282
59 289
59 299
59 308
59 328
59 354
59 355
59 359
59 398
59 4
59 89
59 93
59 140
59 189
59 259
60 207
60 218
60 221
60 233
60 244
60 253
60 282
60 285
60 289
60 294
60 308
60 310
60 319
60 323
60 340
60 367
60 372
60 375
60 387
60 17
60 20
60 93
60 108
60 260
61 209
61 213
61 216
61 233
61 234
61 238
61 249
61 259
61 260
61 269
61 289
61 306
61 314
61 315
61 320
61 330
61 334
61 353
61 388
61 392
61 22
61 55
61 71
61 140
61 168
61 186
61 261
62 203
62 218
62 248
62 289
62 301
62 330
62 336
62 351
62 355
62 368
62 370
62 386
62 390
62 391
62 13
62 70
62 140
62 150
62 162
62 172
62 187
62 262
63 210
63 214
63 217
63 236
63 279
63 284
63 328
63 339
63 340
63 343
63 346
63 352
63 368
63 21
63 39
63 57
63 116
63 121
63 185
63 263
64 200
64 249
64 265
64 271
64 273
64 287
64 326
64 330
64 347
64 367
64 370
64 394
64 2
64 39
64 48
64 117
64 264
65 222
65 226
65 255
65 290
65 306
65 308
65 310
65 324
65 327
65 333
65 344
65 351
65 353
65 357
65 363
65 370
65 374
65 397
65 34
65 71
65 92
65 122
65 129
65 160
65 176
65 196
65 265
66 205
66 210
66 218
66 223
66 273
66 277
66 297
66 304
66 306
66 307
66 322
66 334
66 346
66 349
66 351
66 364
66 392
66 394
66 3
66 13
66 161
66 266
67 203
67 205
67 210
67 212
67 220
67 231
67 244
67 292
67 294
67 314
67 319
67 324
67 326
67 330
67 331
67 346
67 364
67 379
67 389
67 397
67 5
67 45
67 77
67 103
67 132
67 160
67 267
68 200
68 201
68 225
68 241
68 246
68 256
68 263
68 271
68 276
68 289
68 293
68 304
68 311
68 319
68 330
68 334
68 362
68 365
68 374
68 376
68 378
68 380
68 388
68 391
68 98
68 169
68 170
68 268
69 203
69 226
69 260
69 263
69 298
69 304
69 309
69 311
69 313
69 315
69 342
69 388
69 85
69 96
69 143
69 269
70 213
70 218
70 240
70 243
70 245
70 277
70 280
70 321
70 328
70 346
70 372
70 376
70 380
70 385
70 386
70 396
70 11
70 26
70 47
70 62
70 97
70 99
70 125
70 127
70 128
70 157
70 170
70 186
70 270
71 214
71 232
71 247
71 255
71 275
71 276
71 278
71 280
71 300
71 305
71 315
71 321
71 387
71 395
71 11
71 61
71 65
71 122
71 157
71 185
71 271
72 229
72 240
72 241
72 267
72 274
72 283
72 296
72 313
72 345
72 346
72 355
72 361
72 368
72 370
72 7
72 89
72 126
72 272
73 206
73 207
73 218
73 224
73 229
73 232
73 239
73 257
73 260
73 261
73 263
73 273
73 291
73 300
73 327
73 335
73 336
73 337
73 338
73 361
73 57
73 87
73 96
73 133
73 150
74 200
74 206
74 209
74 259
74 270
74 274
74 306
74 327
74 328
74 332
74 344
74 350
74 353
74 359
74 385
74 4
74 27
74 29
74 56
74 101
74 107
74 111
74 138
74 144
74 180
75 218
75 227
75 234
75 256
75 257
75 267
75 292
75 293
75 317
75 352
75 355
75 356
75 367
75 376
75 381
75 28
75 79
75 120
75 275
76 226
76 235
76 240
76 272
76 276
76 296
76 300
76 316
76 340
76 343
76 352
76 362
76 367
76 380
76 381
76 383
76 394
76 396
76 23
76 34
76 107
76 122
76 164
76 176
77 219
77 225
77 266
77 270
77 280
77 293
77 310
77 342
77 364
77 372
77 384
77 391
77 394
77 34
77 40
77 45
77 57
77 67
77 157
77 277
78 220
78 239
78 242
78 257
78 258
78 270
78 273
78 282
78 298
78 320
78 329
78 346
78 347
78 367
78 390
78 394
78 0
78 12
78 46
78 85
78 108
78 109
78 131
78 177
78 186
78 278
79 216
79 221
79 282
79 290
79 304
79 305
79 312
79 327
79 370
79 376
79 382
79 75
79 142
79 183
79 279
80 210
80 214
80 220
80 229
80 238
80 256
80 281
80 286
80 298
80 306
80 307
80 339
80 352
80 372
80 373
80 375
80 377
80 392
80 398
80 50
80 127
80 182
80 186
80 280
81 227
81 238
81 259
81 277
81 282
81 297
81 304
81 319
81 331
81 336
81 339
81 363
81 377
81 382
81 385
81 389
81 2
81 18
81 107
81 140
81 158
81 281
82 200
82 211
82 247
82 259
82 268
82 277
82 294
82 309
82 331
82 333
82 340
82 346
82 353
82 380
82 383
82 386
82 392
82 393
82 38
82 46
82 52
82 92
82 136
82 138
82 146
82 282
83 219
83 226
83 234
83 305
83 316
83 319
83 334
83 339
83 343
83 354
83 24
83 31
83 134
83 135
83 283
84 201
84 204
84 207
84 216
84 226
84 229
84 233
84 247
84 266
84 282
84 293
84 309
84 330
84 334
84 339
84 352
84 366
84 372
84 387
84 389
84 28
84 33
84 45
84 54
84 95
84 158
84 163
84 168
84 183
84 284
85 217
85 222
85 266
85 272
85 284
85 300
85 303
85 310
85 345
85 366
85 395
85 10
85 38
85 69
85 78
85 90
85 93
85 97
85 114
85 129
85 148
85 193
85 285
86 207
86 212
86 221
86 224
86 232
86 241
86 247
86 253
86 254
86 256
86 259
86 335
86 340
86 342
86 366
86 389
86 390
86 399
86 12
86 35
86 88
86 108
86 152
86 194
86 286
87 214
87 222
87 225
87 288
87 302
87 320
87 341
87 381
87 386
87 2
87 7
87 15
87 19
87 73
87 135
87 287
88 225
88 230
88 247
88 269
88 286
88 289
88 296
88 320
88 325
88 337
88 342
88 345
88 348
88 351
88 394
88 21
88 30
88 86
88 192
88 288
89 204
89 208
89 221
89 223
89 241
89 274
89 285
89 286
89 293
89 295
89 307
89 313
89 320
89 335
89 338
89 342
89 348
89 360
89 361
89 368
89 382
89 2
89 51
89 53
89 57
89 59
89 72
89 182
89 289
90 201
90 207
90 208
90 251
90 255
90 260
90 264
90 319
90 329
90 351
90 359
90 371
90 387
90 392
90 22
90 34
90 45
90 56
90 85
90 104
90 161
90 165
90 185
90 290
91 222
91 228
91 230
91 232
91 236
91 256
91 286
91 314
91 317
91 321
91 335
91 365
91 369
91 105
91 110
91 291
92 208
92 224
92 231
92 234
92 274
92 278
92 302
92 304
92 327
92 332
92 341
92 345
92 352
92 355
92 357
92 366
92 367
92 381
92 25
92 65
92 82
92 138
92 140
92 147
92 184
92 191
92 292
93 201
93 203
93 207
93 210
93 221
93 234
93 258
93 262
93 276
93 285
93 303
93 306
93 307
93 311
93 348
93 354
93 368
93 22
93 24
93 42
93 44
93 46
93 59
93 60
93 85
93 94
93 111
93 175
93 293
94 202
94 253
94 256
94 260
94 277
94 289
94 291
94 321
94 335
94 366
94 373
94 36
94 93
94 167
94 294
95 203
95 214
95 219
95 221
95 242
95 247
95 251
95 257
95 277
95 289
95 297
95 304
95 306
95 307
95 308
95 339
95 381
95 386
95 388
95 397
95 13
95 24
95 29
95 84
95 100
95 129
95 152
95 174
95 295
96 209
96 216
96 218
96 245
96 254
96 268
96 286
96 287
96 291
96 295
96 314
96 336
96 378
96 395
96 6
96 69
96 73
96 141
96 164
96 180
96 296
97 223
97 227
97 231
97 246
97 249
97 250
97 253
97 255
97 266
97 275
97 300
97 303
97 312
97 337
97 338
97 351
97 361
97 380
97 37
97 70
97 85
97 125
97 179
97 192
97 297
98 233
98 241
98 254
98 288
98 296
98 298
98 306
98 307
98 334
98 336
98 337
98 355
98 366
98 374
98 376
98 382
98 384
98 388
98 391
98 393
98 68
98 159
98 188
99 210
99 211
99 236
99 240
99 259
99 264
99 267
99 279
99 288
99 290
99 327
99 341
99 352
99 369
99 378
99 15
99 46
99 70
99 184
99 198
99 299
100 201
100 225
100 237
100 242
100 251
100 274
100 279
100 283
100 285
100 308
100 316
100 317
100 327
100 374
100 377
100 18
100 46
100 95
100 131
100 187
100 190
100 196
100 300
101 202
101 257
101 261
101 262
101 265
101 286
101 302
101 314
101 317
101 322
101 336
101 355
101 361
101 365
101 373
101 375
101 1
101 50
101 57
101 74
101 126
101 165
101 176
101 193
101 196
101 301
102 202
102 207
102 212
102 213
102 239
102 251
102 253
102 257
102 268
102 308
102 311
102 316
102 325
102 336
102 347
102 374
102 379
102 381
102 392
102 3
102 52
102 153
102 181
102 182
102 302
103 229
103 234
103 235
103 261
103 267
103 328
103 329
103 340
103 343
103 398
103 399
103 67
103 303
104 208
104 210
104 211
104 213
104 220
104 225
104 240
104 261
104 264
104 277
104 303
104 319
104 336
104 358
104 372
104 377
104 7
104 18
104 90
104 154
104 155
104 178
104 304
105 204
105 211
105 217
105 238
105 242
105 243
105 244
105 248
105 254
105 255
105 279
105 286
105 318
105 322
105 323
105 341
105 351
105 367
105 371
105 382
105 384
105 387
105 395
105 27
105 31
105 44
105 91
105 198
105 305
106 207
106 210
106 212
106 242
106 246
106 247
106 286
106 296
106 309
106 313
106 367
106 41
106 170
106 176
106 306
107 212
107 213
107 231
107 247
107 248
107 273
107 284
107 286
107 295
107 306
107 308
107 320
107 359
107 395
107 8
107 33
107 74
107 76
107 81
107 307
108 203
108 252
108 260
108 276
108 302
108 306
108 321
108 346
108 354
108 21
108 34
108 40
108 60
108 78
108 86
108 154
108 308
109 212
109 216
109 217
109 219
109 240
109 244
109 260
109 262
109 264
109 270
109 295
109 304
109 319
109 344
109 357
109 373
109 376
109 399
109 11
109 34
109 78
109 166
109 197
109 309
110 205
110 228
110 230
110 232
110 254
110 266
110 276
110 280
110 284
110 298
110 301
110 356
110 367
110 370
110 376
110 393
110 13
110 19
110 30
110 35
110 36
110 52
110 91
110 148
110 173
110 310
111 201
111 211
111 216
111 236
111 243
111 249
111 254
111 256
111 273
111 297
111 298
111 309
111 320
111 370
111 16
111 74
111 93
111 311
112 208
112 213
112 215
112 269
112 271
112 280
112 294
112 318
112 329
112 337
112 347
112 362
112 364
112 395
112 123
112 151
112 154
112 180
112 312
113 205
113 207
113 230
113 236
113 249
113 254
113 278
113 285
113 292
113 302
113 313
113 319
113 335
113 355
113 358
113 373
113 396
113 399
113 23
113 158
114 230
114 255
114 267
114 271
114 292
114 309
114 321
114 350
114 364
114 376
114 380
114 397
114 14
114 20
114 85
114 119
114 138
114 188
114 314
115 202
115 240
115 241
115 253
115 254
115 258
115 280
115 283
115 293
115 308
115 369
115 380
115 388
115 29
115 33
115 39
115 116
115 181
115 315
116 205
116 212
116 220
116 223
116 227
116 230
116 272
116 290
116 297
116 301
116 304
116 311
116 331
116 357
116 4
116 23
116 63
116 115
116 125
116 183
116 192
116 316
117 205
117 232
117 236
117 239
117 243
117 250
117 259
117 284
117 287
117 290
117 294
117 317
117 336
117 340
117 342
117 347
117 355
117 360
117 377
117 378
117 381
117 393
117 64
117 135
117 194
118 201
118 218
118 220
118 232
118 247
118 265
118 283
118 298
118 368
118 370
118 371
118 380
118 387
118 395
118 396
118 51
118 132
118 169
118 318
119 200
119 201
119 208
119 211
119 254
119 265
119 278
119 309
119 311
119 319
119 351
119 353
119 376
119 114
119 121
119 140
119 169
120 200
120 206
120 207
120 242
120 245
120 249
120 250
120 262
120 274
120 279
120 287
120 299
120 314
120 322
120 325
120 346
120 347
120 365
120 367
120 372
120 378
120 379
120 389
120 392
120 394
120 36
120 75
120 137
120 143
120 154
120 320
121 213
121 225
121 246
121 252
121 259
121 269
121 283
121 287
121 300
121 306
121 308
121 320
121 323
121 363
121 364
121 12
121 26
121 47
121 48
121 63
121 119
121 154
121 182
121 185
121 198
121 321
122 200
122 202
122 238
122 252
122 254
122 261
122 276
122 302
122 358
122 384
122 387
122 52
122 65
122 71
122 76
122 131
122 161
122 175
122 322
123 203
123 222
123 242
123 259
123 276
123 281
123 302
123 304
123 307
123 316
123 345
123 359
123 366
123 371
123 395
123 11
123 40
123 112
123 323
124 211
124 236
124 305
124 306
124 323
124 376
124 389
124 150
124 151
124 324
125 229
125 235
125 241
125 245
125 276
125 345
125 358
125 377
125 382
125 387
125 389
125 394
125 395
125 5
125 6
125 70
125 97
125 116
125 151
125 191
125 198
125 325
126 211
126 247
126 256
126 264
126 273
126 287
126 306
126 315
126 318
126 326
126 332
126 334
126 337
126 338
126 339
126 355
126 397
126 399
126 3
126 72
126 101
126 127
126 175
126 190
126 194
127 246
127 259
127 261
127 269
127 285
127 287
127 308
127 309
127 313
127 316
127 326
127 332
127 345
127 354
127 357
127 368
127 373
127 382
127 27
127 39
127 70
127 80
127 126
127 160
127 327
128 210
128 222
128 226
128 235
128 260
128 270
128 293
128 309
128 329
128 352
128 353
128 364
128 365
128 369
128 386
128 388
128 70
128 155
128 189
128 192
128 328
129 207
129 216
129 226
129 234
129 247
129 252
129 254
129 278
129 289
129 298
129 299
129 315
129 317
129 320
129 334
129 336
129 347
129 357
129 372
129 0
129 25
129 47
129 54
129 65
129 85
129 95
129 151
129 155
129 164
129 329
130 209
130 212
130 224
130 230
130 236
130 250
130 251
130 287
130 315
130 316
130 321
130 322
130 375
130 3
130 176
130 181
130 191
130 330
131 204
131 225
131 227
131 228
131 242
131 244
131 248
131 255
131 261
131 268
131 281
131 295
131 305
131 329
131 337
131 349
131 365
131 368
131 371
131 391
131 396
131 398
131 20
131 24
131 56
131 78
131 100
131 122
131 142
131 331
132 201
132 212
132 232
132 243
132 258
132 272
132 275
132 278
132 292
132 302
132 308
132 314
132 320
132 323
132 324
132 328
132 337
132 350
132 359
132 364
132 367
132 370
132 383
132 386
132 397
132 17
132 36
132 40
132 67
132 118
132 145
132 194
132 332
133 212
133 213
133 222
133 235
133 239
133 249
133 252
133 270
133 276
133 297
133 301
133 315
133 320
133 326
133 337
133 353
133 355
133 376
133 7
133 73
133 157
133 189
133 333
134 202
134 203
134 258
134 280
134 282
134 286
134 294
134 296
134 301
134 320
134 335
134 336
134 346
134 348
134 371
134 2
134 83
134 142
134 149
134 156
134 334
135 222
135 249
135 262
135 270
135 275
135 291
135 298
135 301
135 302
135 323
135 325
135 329
135 358
135 379
135 384
135 11
135 83
135 87
135 117
135 136
135 174
135 335
136 208
136 213
136 229
136 248
136 260
136 261
136 266
136 284
136 293
136 309
136 317
136 332
136 345
136 351
136 353
136 374
136 377
136 390
136 399
136 49
136 82
136 135
136 187
136 336
137 239
137 274
137 285
137 300
137 306
137 308
137 320
137 332
137 351
137 361
137 378
137 399
137 44
137 53
137 120
137 145
137 156
137 196
137 337
138 205
138 215
138 218
138 228
138 232
138 249
138 258
138 265
138 276
138 282
138 317
138 318
138 327
138 328
138 334
138 337
138 348
138 382
138 383
138 386
138 44
138 74
138 82
138 92
138 114
138 153
138 338
139 203
139 263
139 266
139 275
139 306
139 342
139 362
139 376
139 379
139 393
139 396
139 31
139 33
139 50
139 339
140 210
140 223
140 228
140 246
140 247
140 262
140 264
140 271
140 283
140 295
140 304
140 309
140 316
140 361
140 366
140 374
140 388
140 399
140 24
140 28
140 42
140 59
140 61
140 62
140 81
140 92
140 119
140 184
140 340
141 203
141 209
141 216
141 233
141 241
141 253
141 267
141 290
141 303
141 307
141 319
141 325
141 338
141 354
141 359
141 360
141 380
141 382
141 385
141 399
141 33
141 40
141 43
141 96
141 160
141 163
141 173
141 175
141 196
141 341
142 200
142 201
142 220
142 226
142 240
142 259
142 267
142 272
142 277
142 291
142 299
142 301
142 311
142 313
142 316
142 333
142 336
142 341
142 357
142 371
142 381
142 382
142 396
142 11
142 19
142 79
142 131
142 134
142 172
142 342
143 210
143 218
143 225
143 233
143 241
143 242
143 250
143 255
143 259
143 265
143 270
143 275
143 337
143 343
143 369
143 373
143 386
143 6
143 16
143 31
143 69
143 120
143 185
143 192
143 198
143 199
144 282
144 299
144 307
144 313
144 346
144 363
144 370
144 38
144 58
144 74
144 148
144 344
145 202
145 207
145 210
145 222
145 233
145 249
145 259
145 266
145 272
145 276
145 288
145 321
145 352
145 356
145 132
145 137
145 153
145 165
145 173
145 345
146 213
146 217
146 223
146 236
146 244
146 270
146 281
146 301
146 338
146 343
146 349
146 356
146 395
146 1
146 3
146 5
146 52
146 82
146 196
146 346
147 203
147 223
147 234
147 276
147 283
147 284
147 304
147 306
147 310
147 327
147 331
147 349
147 350
147 352
147 358
147 369
147 376
147 392
147 394
147 92
147 199
147 347
148 209
148 212
148 219
148 223
148 228
148 229
148 263
148 269
148 281
148 302
148 305
148 313
148 326
148 331
148 341
148 351
148 358
148 374
148 381
148 386
148 29
148 43
148 85
148 110
148 144
148 348
149 211
149 213
149 226
149 241
149 244
149 255
149 271
149 281
149 291
149 319
149 322
149 343
149 345
149 355
149 358
149 361
149 391
149 396
149 18
149 134
149 349
150 202
150 206
150 220
150 223
150 238
150 250
150 262
150 263
150 282
150 302
150 305
150 306
150 317
150 323
150 345
150 350
150 353
150 369
150 398
150 6
150 8
150 10
150 40
150 57
150 62
150 73
150 124
150 169
151 217
151 218
151 220
151 227
151 238
151 268
151 275
151 278
151 280
151 292
151 306
151 309
151 317
151 325
151 350
151 7
151 58
151 112
151 124
151 125
151 129
151 162
151 351
152 203
152 205
152 208
152 244
152 249
152 256
152 262
152 285
152 289
152 327
152 350
152 353
152 357
152 380
152 382
152 392
152 393
152 8
152 22
152 86
152 95
152 158
152 177
152 352
153 214
153 232
153 235
153 237
153 238
153 239
153 245
153 264
153 265
153 282
153 283
153 292
153 296
153 302
153 315
153 343
153 363
153 370
153 6
153 16
153 54
153 102
153 138
153 145
153 353
154 202
154 203
154 208
154 222
154 223
154 229
154 242
154 251
154 255
154 268
154 278
154 324
154 344
154 350
154 351
154 363
154 371
154 389
154 4
154 8
154 104
154 108
154 112
154 120
154 121
154 156
154 354
155 217
155 233
155 237
155 240
155 245
155 247
155 248
155 254
155 263
155 282
155 285
155 292
155 304
155 320
155 321
155 325
155 372
155 389
155 5
155 34
155 104
155 128
155 129
155 182
155 185
155 199
155 355
156 216
156 229
156 244
156 262
156 267
156 279
156 299
156 305
156 361
156 370
156 375
156 388
156 134
156 137
156 154
156 167
156 356
157 209
157 235
157 241
157 249
157 257
157 261
157 267
157 275
157 281
157 290
157 310
157 317
157 331
157 335
157 378
157 29
157 70
157 71
157 77
157 133
157 357
158 206
158 259
158 271
158 280
158 283
158 303
158 306
158 326
158 351
158 354
158 357
158 361
158 368
158 374
158 384
158 21
158 45
158 54
158 81
158 84
158 113
158 152
158 164
158 358
159 224
159 241
159 246
159 256
159 279
159 305
159 309
159 310
159 312
159 318
159 345
159 349
159 359
159 388
159 389
159 395
159 12
159 40
159 51
159 98
159 162
159 185
160 202
160 207
160 208
160 209
160 215
160 216
160 223
160 227
160 249
160 259
160 263
160 268
160 271
160 276
160 294
160 298
160 324
160 329
160 350
160 351
160 378
160 383
160 392
160 398
160 43
160 65
160 67
160 127
160 141
160 164
160 177
160 194
160 360
161 214
161 228
161 252
161 255
161 262
161 270
161 290
161 298
161 301
161 316
161 322
161 334
161 335
161 347
161 362
161 371
161 380
161 396
161 22
161 39
161 66
161 90
161 122
161 172
161 188
161 361
162 209
162 210
162 225
162 240
162 244
162 250
162 277
162 283
162 286
162 292
162 345
162 364
162 374
162 387
162 62
162 151
162 159
162 173
162 362
163 200
163 212
163 262
163 265
163 272
163 284
163 286
163 289
163 295
163 296
163 300
163 309
163 314
163 338
163 341
163 354
163 359
163 360
163 361
163 26
163 84
163 141
163 363
164 225
164 226
164 245
164 250
164 255
164 277
164 306
164 318
164 323
164 347
164 351
164 372
164 394
164 9
164 31
164 76
164 96
164 129
164 158
164 160
164 364
165 200
165 201
165 205
165 212
165 221
165 240
165 243
165 256
165 275
165 292
165 298
165 300
165 311
165 341
165 376
165 380
165 399
165 9
165 27
165 40
165 90
165 101
165 145
165 171
165 365
166 202
166 207
166 224
166 229
166 236
166 261
166 265
166 274
166 279
166 284
166 288
166 302
166 330
166 333
166 382
166 22
166 109
166 187
166 192
166 366
167 214
167 224
167 242
167 243
167 253
167 261
167 281
167 289
167 301
167 342
167 356
167 367
167 369
167 383
167 394
167 395
167 398
167 14
167 20
167 24
167 39
167 94
167 156
167 177
167 183
167 195
168 202
168 211
168 249
168 279
168 292
168 293
168 297
168 305
168 314
168 315
168 326
168 329
168 341
168 343
168 347
168 348
168 352
168 353
168 365
168 385
168 386
168 14
168 61
168 84
168 368
169 210
169 242
169 249
169 267
169 279
169 291
169 299
169 306
169 325
169 333
169 348
169 370
169 381
169 385
169 386
169 13
169 21
169 52
169 68
169 118
169 119
169 150
169 369
170 207
170 211
170 222
170 237
170 241
170 249
170 258
170 265
170 272
170 273
170 280
170 282
170 284
170 289
170 291
170 300
170 308
170 311
170 321
170 348
170 363
170 367
170 376
170 377
170 387
170 391
170 397
170 37
170 38
170 68
170 70
170 106
170 181
170 185
170 196
170 370
171 202
171 209
171 212
171 216
171 224
171 231
171 234
171 245
171 252
171 254
171 258
171 266
171 275
171 276
171 280
171 282
171 309
171 332
171 351
171 365
171 385
171 14
171 35
171 49
171 165
171 174
171 185
171 371
172 200
172 201
172 225
172 247
172 251
172 275
172 314
172 321
172 322
172 340
172 342
172 345
172 355
172 357
172 361
172 365
172 366
172 375
172 36
172 62
172 142
172 161
172 198
172 372
173 244
173 261
173 262
173 271
173 284
173 285
173 291
173 309
173 318
173 320
173 323
173 325
173 333
173 339
173 362
173 374
173 379
173 5
173 7
173 18
173 39
173 45
173 110
173 141
173 145
173 162
173 373
174 204
174 230
174 235
174 246
174 255
174 339
174 350
174 384
174 392
174 398
174 2
174 19
174 26
174 95
174 135
174 171
174 183
174 374
175 214
175 218
175 233
175 245
175 261
175 281
175 308
175 345
175 363
175 369
175 371
175 374
175 391
175 394
175 93
175 122
175 126
175 141
175 375
176 204
176 230
176 281
176 294
176 325
176 341
176 359
176 373
176 390
176 397
176 14
176 24
176 65
176 76
176 101
176 106
176 130
176 376
177 201
177 226
177 245
177 282
177 287
177 288
177 292
177 328
177 361
177 362
177 370
177 393
177 31
177 50
177 78
177 152
177 160
177 167
177 377
178 212
178 218
178 220
178 224
178 229
178 232
178 242
178 246
178 249
178 252
178 362
178 364
178 104
178 378
179 241
179 242
179 265
179 268
179 270
179 275
179 278
179 310
179 312
179 337
179 341
179 349
179 383
179 385
179 399
179 18
179 27
179 45
179 47
179 97
179 379
180 210
180 211
180 224
180 272
180 278
180 286
180 314
180 323
180 325
180 357
180 372
180 47
180 74
180 96
180 112
180 380
181 204
181 246
181 263
181 284
181 285
181 286
181 322
181 324
181 327
181 338
181 339
181 341
181 354
181 355
181 363
181 378
181 390
181 391
181 394
181 8
181 16
181 46
181 102
181 115
181 130
181 170
181 196
181 381
182 202
182 207
182 235
182 238
182 256
182 268
182 269
182 295
182 302
182 314
182 329
182 337
182 343
182 358
182 359
182 374
182 381
182 396
182 32
182 80
182 89
182 102
182 121
182 155
182 382
183 240
183 253
183 292
183 303
183 316
183 319
183 329
183 340
183 347
183 352
183 363
183 369
183 391
183 395
183 57
183 79
183 84
183 116
183 167
183 174
183 383
184 203
184 210
184 215
184 228
184 233
184 243
184 247
184 263
184 267
184 269
184 280
184 282
184 284
184 299
184 324
184 325
184 335
184 336
184 348
184 349
184 363
184 366
184 390
184 398
184 399
184 16
184 23
184 92
184 99
184 140
184 384
185 205
185 248
185 249
185 263
185 285
185 301
185 304
185 314
185 321
185 339
185 345
185 363
185 375
185 384
185 389
185 6
185 42
185 63
185 71
185 90
185 121
185 143
185 155
185 159
185 170
185 171
185 385
186 204
186 221
186 229
186 248
186 265
186 286
186 291
186 297
186 314
186 317
186 322
186 326
186 359
186 394
186 399
186 33
186 61
186 70
186 78
186 80
186 197
186 386
187 216
187 221
187 240
187 267
187 270
187 290
187 305
187 314
187 317
187 318
187 320
187 336
187 353
187 367
187 383
187 5
187 6
187 8
187 10
187 21
187 62
187 100
187 136
187 166
187 387
188 208
188 223
188 231
188 243
188 277
188 301
188 344
188 353
188 361
188 365
188 98
188 114
188 161
188 388
189 204
189 205
189 209
189 220
189 231
189 243
189 244
189 251
189 263
189 268
189 288
189 309
189 322
189 329
189 331
189 341
189 359
189 362
189 374
189 378
189 381
189 384
189 24
189 50
189 59
189 128
189 133
189 193
189 389
190 211
190 222
190 229
190 235
190 238
190 267
190 277
190 280
190 294
190 295
190 308
190 309
190 311
190 342
190 354
190 358
190 398
190 13
190 16
190 100
190 126
190 390
191 203
191 217
191 219
191 239
191 245
191 248
191 254
191 264
191 288
191 305
191 312
191 364
191 365
191 367
191 379
191 395
191 398
191 92
191 125
191 130
191 391
192 254
192 274
192 282
192 283
192 298
192 307
192 308
192 342
192 346
192 357
192 359
192 371
192 378
192 21
192 88
192 97
192 116
192 128
192 143
192 166
192 392
193 240
193 288
193 293
193 295
193 306
193 310
193 321
193 324
193 338
193 341
193 348
193 353
193 354
193 357
193 361
193 392
193 54
193 56
193 85
193 101
193 189
193 393
194 209
194 224
194 234
194 261
194 279
194 297
194 298
194 308
194 337
194 338
194 369
194 377
194 386
194 387
194 395
194 398
194 86
194 117
194 126
194 132
194 160
194 394
195 203
195 229
195 236
195 306
195 311
195 318
195 332
195 355
195 357
195 359
195 365
195 45
195 167
195 395
196 207
196 213
196 230
196 236
196 284
196 298
196 312
196 316
196 317
196 337
196 357
196 367
196 377
196 382
196 23
196 65
196 100
196 101
196 137
196 141
196 146
196 170
196 181
196 396
197 214
197 222
197 231
197 276
197 322
197 326
197 332
197 337
197 350
197 362
197 373
197 374
197 375
197 382
197 109
197 186
197 397
198 200
198 210
198 213
198 221
198 223
198 227
198 255
198 258
198 279
198 280
198 297
198 325
198 341
198 347
198 361
198 365
198 367
198 376
198 99
198 105
198 121
198 125
198 143
198 172
198 398
199 206
199 212
199 221
199 269
199 306
199 307
199 311
199 313
199 320
199 322
199 335
199 344
199 359
199 382
199 9
199 21
199 26
199 143
199 147
199 155
199 399
200 7
200 14
200 25
200 30
200 64
200 68
200 74
200 82
200 119
200 120
200 122
200 142
200 163
200 165
200 172
200 198
200 0
201 6
201 37
201 42
201 52
201 68
201 84
201 90
201 93
201 100
201 111
201 118
201 119
201 132
201 142
201 165
201 172
201 177
201 1
202 11
202 24
202 37
202 46
202 94
202 101
202 102
202 115
202 122
202 134
202 145
202 150
202 154
202 160
202 166
202 168
202 171
202 182
202 2
203 32
203 48
203 51
203 62
203 67
203 69
203 93
203 95
203 108
203 123
203 134
203 139
203 141
203 147
203 152
203 154
203 184
203 191
203 195
203 3
204 14
204 24
204 27
204 34
204 37
204 39
204 84
204 89
204 105
204 131
204 174
204 176
204 181
204 186
204 189
204 4
205 11
205 28
205 33
205 59
205 66
205 67
205 110
205 113
205 116
205 117
205 138
205 152
205 165
205 185
205 189
205 5
206 3
206 8
206 32
206 50
206 73
206 74
206 120
206 150
206 158
206 199
206 6
207 2
207 19
207 26
207 30
207 36
207 39
207 40
207 45
207 60
207 73
207 84
207 86
207 90
207 93
207 102
207 106
207 113
207 120
207 129
207 145
207 160
207 166
207 170
207 182
207 196
207 7
208 6
208 15
208 38
208 40
208 46
208 89
208 90
208 92
208 104
208 112
208 119
208 136
208 152
208 154
208 160
208 188
208 8
209 27
209 37
209 38
209 52
209 54
209 61
209 74
209 96
209 130
209 141
209 148
209 157
209 160
209 162
209 171
209 189
209 194
209 9
210 2
210 25
210 59
210 63
210 66
210 67
210 80
210 93
210 99
210 104
210 106
210 128
210 140
210 143
210 145
210 162
210 169
210 180
210 184
210 198
210 10
211 5
211 10
211 19
211 23
211 46
211 50
211 82
211 99
211 104
211 105
211 111
211 119
211 124
211 126
211 149
211 168
211 170
211 180
211 190
211 11
212 1
212 20
212 41
212 42
212 44
212 52
212 67
212 86
212 102
212 106
212 107
212 109
212 116
212 130
212 132
212 133
212 148
212 163
212 165
212 171
212 178
212 199
212 12
213 24
213 32
213 37
213 44
213 46
213 49
213 61
213 70
213 102
213 104
213 107
213 112
213 121
213 133
213 136
213 146
213 149
213 196
213 198
213 13
214 49
214 63
214 71
214 80
214 87
214 95
214 153
214 161
214 167
214 175
214 197
214 14
215 1
215 3
215 5
215 7
215 18
215 26
215 38
215 112
215 138
215 160
215 184
215 15
216 3
216 10
216 13
216 19
216 36
216 52
216 56
216 59
216 61
216 79
216 84
216 96
216 109
216 111
216 129
216 141
216 156
216 160
216 171
216 187
216 16
217 1
217 5
217 8
217 63
217 85
217 105
217 109
217 146
217 151
217 155
217 191
217 17
218 0
218 51
218 60
218 62
218 66
218 70
218 73
218 75
218 96
218 118
218 138
218 143
218 151
218 175
218 178
218 18
219 20
219 44
219 50
219 58
219 77
219 83
219 95
219 109
219 148
219 191
219 19
220 5
220 9
220 18
220 47
220 49
220 67
220 78
220 80
220 104
220 116
220 118
220 142
220 150
220 151
220 178
220 189
220 20
221 14
221 21
221 31
221 47
221 60
221 79
221 86
221 89
221 93
221 95
221 165
221 186
221 187
221 198
221 199
222 1
222 9
222 25
222 28
222 29
222 30
222 38
222 43
222 49
222 65
222 85
222 87
222 91
222 123
222 128
222 133
222 135
222 145
222 154
222 170
222 190
222 197
222 22
223 5
223 6
223 19
223 25
223 30
223 45
223 52
223 66
223 89
223 97
223 116
223 140
223 146
223 147
223 148
223 150
223 154
223 160
223 188
223 198
223 23
224 45
224 53
224 73
224 86
224 92
224 130
224 159
224 166
224 167
224 171
224 178
224 180
224 194
224 24
225 9
225 13
225 16
225 17
225 26
225 29
225 31
225 32
225 55
225 68
225 77
225 87
225 88
225 100
225 104
225 121
225 131
225 143
225 162
225 164
225 172
225 25
226 1
226 6
226 10
226 14
226 18
226 38
226 65
226 69
226 76
226 83
226 84
226 128
226 129
226 142
226 149
226 164
226 177
226 26
227 18
227 24
227 29
227 36
227 37
227 40
227 45
227 48
227 50
227 75
227 81
227 97
227 116
227 131
227 151
227 160
227 198
227 27
228 1
228 12
228 13
228 33
228 42
228 49
228 91
228 110
228 131
228 138
228 140
228 148
228 161
228 184
228 28
229 0
229 19
229 36
229 39
229 72
229 73
229 80
229 84
229 103
229 125
229 136
229 148
229 154
229 156
229 166
229 178
229 186
229 190
229 195
229 29
230 17
230 29
230 33
230 39
230 40
230 43
230 45
230 47
230 88
230 91
230 110
230 113
230 114
230 116
230 130
230 174
230 176
230 196
230 30
231 3
231 4
231 16
231 20
231 21
231 31
231 67
231 92
231 97
231 107
231 171
231 188
231 189
231 197
232 13
232 20
232 25
232 34
232 38
232 50
232 71
232 73
232 86
232 91
232 110
232 117
232 118
232 132
232 138
232 153
232 178
232 32
233 9
233 15
233 25
233 26
233 28
233 34
233 51
233 52
233 60
233 61
233 84
233 98
233 141
233 143
233 145
233 155
233 175
233 184
233 33
234 0
234 42
234 49
234 54
234 61
234 75
234 83
234 92
234 93
234 103
234 129
234 147
234 171
234 194
234 34
235 5
235 20
235 24
235 27
235 45
235 49
235 76
235 103
235 125
235 128
235 133
235 153
235 157
235 174
235 182
235 190
235 35
236 5
236 10
236 12
236 55
236 63
236 91
236 99
236 111
236 113
236 117
236 124
236 130
236 146
236 166
236 195
236 196
236 36
237 0
237 23
237 100
237 153
237 155
237 170
237 37
238 0
238 28
238 39
238 44
238 51
238 61
238 80
238 81
238 105
238 122
238 150
238 151
238 153
238 182
238 190
238 38
239 2
239 27
239 33
239 73
239 78
239 102
239 117
239 133
239 137
239 153
239 191
239 39
240 18
240 26
240 52
240 70
240 72
240 76
240 99
240 104
240 109
240 115
240 142
240 155
240 162
240 165
240 183
240 187
240 193
240 40
241 11
241 45
241 50
241 52
241 58
241 68
241 72
241 86
241 89
241 98
241 115
241 125
241 141
241 143
241 149
241 157
241 159
241 170
241 179
241 41
242 1
242 30
242 31
242 78
242 95
242 100
242 105
242 106
242 120
242 123
242 131
242 143
242 154
242 167
242 169
242 178
242 179
242 42
243 9
243 19
243 23
243 24
243 36
243 42
243 57
243 70
243 105
243 111
243 117
243 132
243 165
243 167
243 184
243 188
243 189
243 43
244 2
244 15
244 32
244 39
244 48
244 58
244 60
244 67
244 105
244 109
244 131
244 146
244 149
244 152
244 156
244 162
244 173
244 189
244 44
245 11
245 14
245 31
245 39
245 53
245 70
245 96
245 120
245 125
245 153
245 155
245 164
245 171
245 175
245 177
245 191
245 45
246 0
246 31
246 38
246 68
246 97
246 106
246 121
246 127
246 140
246 159
246 174
246 178
246 181
246 46
247 1
247 2
247 10
247 11
247 14
247 19
247 23
247 41
247 49
247 59
247 71
247 82
247 84
247 86
247 88
247 95
247 106
247 107
247 118
247 126
247 129
247 140
247 155
247 172
247 184
247 47
248 11
248 15
248 18
248 30
248 40
248 41
248 42
248 45
248 46
248 52
248 62
248 105
248 107
248 131
248 136
248 155
248 185
248 186
248 191
248 48
249 0
249 20
249 21
249 22
249 25
249 29
249 35
249 41
249 61
249 64
249 97
249 111
249 113
249 120
249 133
249 135
249 138
249 145
249 152
249 157
249 160
249 168
249 169
249 170
249 178
249 185
249 49
250 5
250 31
250 58
250 59
250 97
250 117
250 120
250 130
250 143
250 150
250 162
250 164
250 50
251 1
251 7
251 30
251 59
251 90
251 95
251 100
251 102
251 130
251 154
251 172
251 189
251 51
252 2
252 3
252 11
252 13
252 15
252 43
252 108
252 121
252 122
252 129
252 133
252 161
252 171
252 178
252 52
253 5
253 19
253 51
253 52
253 59
253 60
253 86
253 94
253 97
253 102
253 115
253 141
253 167
253 183
253 53
254 9
254 15
254 20
254 21
254 25
254 30
254 47
254 57
254 86
254 96
254 98
254 105
254 110
254 111
254 113
254 115
254 119
254 122
254 129
254 155
254 171
254 191
254 192
254 54
255 3
255 7
255 17
255 20
255 26
255 55
255 65
255 71
255 90
255 97
255 105
255 114
255 131
255 143
255 149
255 154
255 161
255 164
255 174
255 198
256 4
256 5
256 36
256 42
256 51
256 57
256 68
256 75
256 80
256 86
256 91
256 94
256 111
256 126
256 152
256 159
256 165
256 182
256 56
257 2
257 3
257 41
257 46
257 73
257 75
257 78
257 95
257 101
257 102
257 157
257 57
258 4
258 18
258 31
258 34
258 58
258 78
258 93
258 115
258 132
258 134
258 138
258 170
258 171
258 198
259 17
259 50
259 51
259 61
259 74
259 81
259 82
259 86
259 99
259 117
259 121
259 123
259 127
259 142
259 143
259 145
259 158
259 160
259 59
260 5
260 6
260 15
260 16
260 41
260 53
260 54
260 61
260 69
260 73
260 90
260 94
260 108
260 109
260 128
260 136
260 60
261 2
261 5
261 28
261 30
261 33
261 44
261 56
261 73
261 101
261 103
261 104
261 122
261 127
261 131
261 136
261 157
261 166
261 167
261 173
261 175
261 194
261 61
262 23
262 24
262 28
262 42
262 47
262 93
262 101
262 109
262 120
262 135
262 140
262 150
262 152
262 156
262 161
262 163
262 173
262 62
263 12
263 40
263 53
263 68
263 69
263 73
263 139
263 148
263 150
263 155
263 160
263 181
263 184
263 185
263 189
263 63
264 90
264 99
264 104
264 109
264 126
264 140
264 153
264 191
264 64
265 6
265 11
265 18
265 22
265 31
265 47
265 58
265 64
265 101
265 118
265 119
265 138
265 143
265 153
265 163
265 166
265 170
265 179
265 186
265 65
266 33
266 77
266 84
266 85
266 97
266 110
266 136
266 139
266 145
266 171
266 66
267 19
267 35
267 38
267 40
267 46
267 47
267 48
267 51
267 56
267 72
267 75
267 99
267 103
267 114
267 141
267 142
267 156
267 157
267 169
267 184
267 187
267 190
267 67
268 0
268 44
268 82
268 96
268 102
268 131
268 151
268 154
268 160
268 179
268 182
268 189
268 68
269 27
269 30
269 38
269 51
269 61
269 88
269 112
269 121
269 127
269 148
269 182
269 184
269 199
269 69
270 4
270 37
270 74
270 77
270 78
270 109
270 128
270 133
270 135
270 143
270 146
270 161
270 179
270 187
270 70
271 6
271 8
271 40
271 43
271 45
271 46
271 64
271 68
271 112
271 114
271 140
271 149
271 158
271 160
271 173
271 71
272 8
272 12
272 15
272 53
272 76
272 85
272 116
272 132
272 142
272 145
272 163
272 170
272 180
272 72
273 16
273 25
273 39
273 42
273 46
273 47
273 64
273 66
273 73
273 78
273 107
273 111
273 126
273 170
274 15
274 22
274 29
274 46
274 53
274 58
274 72
274 74
274 89
274 92
274 100
274 120
274 137
274 166
274 192
275 13
275 14
275 15
275 31
275 35
275 46
275 71
275 97
275 132
275 135
275 139
275 143
275 151
275 157
275 165
275 171
275 172
275 179
275 75
276 2
276 3
276 15
276 23
276 68
276 71
276 76
276 93
276 108
276 110
276 122
276 123
276 125
276 133
276 138
276 145
276 147
276 160
276 171
276 197
277 27
277 32
277 48
277 66
277 70
277 81
277 82
277 94
277 95
277 104
277 142
277 162
277 164
277 188
277 190
277 77
278 6
278 12
278 14
278 46
278 57
278 71
278 92
278 113
278 119
278 129
278 132
278 151
278 154
278 179
278 180
278 78
279 16
279 17
279 23
279 25
279 26
279 31
279 36
279 45
279 63
279 99
279 100
279 105
279 120
279 156
279 159
279 166
279 168
279 169
279 194
279 198
279 79
280 4
280 9
280 19
280 31
280 33
280 39
280 53
280 56
280 70
280 71
280 77
280 110
280 112
280 115
280 134
280 151
280 158
280 170
280 171
280 184
280 190
280 198
280 80
281 20
281 49
281 80
281 123
281 131
281 146
281 148
281 149
281 157
281 167
281 175
281 176
281 81
282 9
282 13
282 29
282 44
282 53
282 59
282 60
282 78
282 79
282 81
282 84
282 134
282 138
282 144
282 150
282 153
282 155
282 170
282 171
282 177
282 184
282 192
282 82
283 2
283 22
283 24
283 28
283 45
283 54
283 72
283 100
283 115
283 118
283 121
283 140
283 147
283 153
283 158
283 162
283 192
283 83
284 1
284 24
284 37
284 45
284 56
284 63
284 85
284 107
284 110
284 117
284 136
284 147
284 163
284 166
284 170
284 173
284 181
284 184
284 196
284 84
285 2
285 9
285 17
285 21
285 25
285 43
285 54
285 55
285 60
285 89
285 93
285 100
285 113
285 127
285 137
285 152
285 155
285 173
285 181
285 185
285 85
286 4
286 80
286 88
286 89
286 91
286 96
286 101
286 105
286 106
286 107
286 134
286 162
286 163
286 180
286 181
286 186
286 86
287 7
287 15
287 33
287 40
287 49
287 64
287 96
287 117
287 120
287 121
287 126
287 127
287 130
287 177
287 87
288 26
288 87
288 98
288 99
288 145
288 166
288 177
288 189
288 191
288 193
288 88
289 4
289 5
289 20
289 23
289 27
289 38
289 41
289 50
289 57
289 59
289 60
289 61
289 62
289 68
289 88
289 94
289 95
289 129
289 152
289 163
289 167
289 170
289 89
290 5
290 6
290 34
290 36
290 37
290 38
290 48
290 54
290 65
290 79
290 99
290 116
290 117
290 141
290 157
290 161
290 187
290 90
291 0
291 30
291 73
291 94
291 96
291 135
291 142
291 149
291 169
291 170
291 173
291 186
291 91
292 19
292 22
292 47
292 52
292 67
292 75
292 113
292 114
292 132
292 151
292 153
292 155
292 162
292 165
292 168
292 177
292 183
292 92
293 14
293 32
293 38
293 53
293 57
293 68
293 75
293 77
293 84
293 89
293 115
293 128
293 136
293 168
293 193
293 93
294 7
294 26
294 37
294 43
294 54
294 60
294 67
294 82
294 112
294 117
294 134
294 160
294 176
294 190
294 94
295 1
295 2
295 3
295 28
295 32
295 89
295 96
295 107
295 109
295 131
295 140
295 163
295 182
295 190
295 193
295 95
296 5
296 27
296 53
296 56
296 72
296 76
296 88
296 98
296 106
296 134
296 153
296 163
296 96
297 21
297 25
297 32
297 40
297 45
297 46
297 51
297 66
297 81
297 95
297 111
297 116
297 133
297 168
297 186
297 194
297 198
297 97
298 6
298 16
298 69
298 78
298 80
298 98
298 110
298 111
298 118
298 129
298 135
298 160
298 161
298 165
298 192
298 194
298 196
299 8
299 55
299 59
299 120
299 129
299 142
299 144
299 156
299 169
299 184
299 99
300 6
300 7
300 22
300 23
300 29
300 31
300 49
300 53
300 71
300 73
300 76
300 85
300 97
300 121
300 137
300 163
300 165
300 170
300 100
301 1
301 21
301 48
301 57
301 62
301 110
301 116
301 133
301 134
301 135
301 142
301 146
301 161
301 167
301 185
301 188
301 101
302 16
302 25
302 27
302 87
302 92
302 101
302 108
302 113
302 122
302 123
302 132
302 135
302 148
302 150
302 153
302 166
302 182
302 102
303 10
303 14
303 22
303 27
303 28
303 53
303 85
303 93
303 97
303 104
303 141
303 158
303 183
303 103
304 6
304 9
304 32
304 55
304 66
304 68
304 69
304 79
304 81
304 92
304 95
304 109
304 116
304 123
304 140
304 147
304 155
304 185
304 104
305 3
305 17
305 18
305 29
305 31
305 42
305 53
305 71
305 79
305 83
305 124
305 131
305 148
305 150
305 156
305 159
305 168
305 187
305 191
305 105
306 34
306 36
306 48
306 57
306 61
306 65
306 66
306 74
306 80
306 93
306 95
306 98
306 107
306 108
306 121
306 124
306 126
306 137
306 139
306 147
306 150
306 151
306 158
306 164
306 169
306 193
306 195
306 199
306 106
307 9
307 26
307 34
307 66
307 80
307 89
307 93
307 95
307 98
307 123
307 141
307 144
307 192
307 199
307 107
308 0
308 17
308 21
308 27
308 28
308 32
308 36
308 54
308 59
308 60
308 65
308 95
308 100
308 102
308 107
308 115
308 121
308 127
308 132
308 137
308 170
308 175
308 190
308 192
308 194
308 108
309 1
309 10
309 26
309 30
309 44
309 50
309 69
309 82
309 84
309 106
309 111
309 114
309 119
309 127
309 128
309 136
309 140
309 151
309 159
309 163
309 171
309 173
309 189
309 190
309 109
310 30
310 45
310 49
310 54
310 60
310 65
310 77
310 85
310 147
310 157
310 159
310 179
310 193
310 110
311 6
311 10
311 41
311 43
311 55
311 68
311 69
311 93
311 102
311 116
311 119
311 142
311 165
311 170
311 190
311 195
311 199
311 111
312 4
312 16
312 32
312 53
312 79
312 97
312 159
312 179
312 191
312 196
312 112
313 2
313 29
313 46
313 47
313 50
313 69
313 72
313 89
313 106
313 113
313 127
313 142
313 144
313 148
313 199
314 1
314 61
314 67
314 91
314 96
314 101
314 120
314 132
314 163
314 168
314 172
314 180
314 182
314 185
314 186
314 187
314 114
315 8
315 11
315 12
315 17
315 27
315 29
315 48
315 61
315 69
315 71
315 126
315 129
315 130
315 133
315 153
315 168
315 115
316 12
316 13
316 15
316 38
316 40
316 42
316 48
316 76
316 83
316 100
316 102
316 123
316 127
316 130
316 140
316 142
316 161
316 183
316 196
316 116
317 18
317 21
317 32
317 46
317 75
317 91
317 100
317 101
317 117
317 129
317 136
317 138
317 150
317 151
317 157
317 186
317 187
317 196
318 5
318 23
318 52
318 53
318 105
318 112
318 126
318 138
318 159
318 164
318 173
318 187
318 195
318 118
319 4
319 6
319 23
319 45
319 50
319 60
319 67
319 68
319 81
319 83
319 90
319 104
319 109
319 113
319 119
319 141
319 149
319 183
320 1
320 3
320 4
320 8
320 10
320 34
320 58
320 61
320 78
320 87
320 88
320 89
320 107
320 111
320 121
320 129
320 132
320 133
320 134
320 137
320 155
320 173
320 187
320 199
320 120
321 15
321 46
321 51
321 58
321 70
321 71
321 91
321 94
321 108
321 114
321 130
321 145
321 155
321 170
321 172
321 185
321 193
321 121
322 11
322 12
322 14
322 22
322 26
322 35
322 47
322 54
322 66
322 101
322 105
322 120
322 130
322 149
322 161
322 172
322 181
322 186
322 189
322 197
322 199
322 122
323 2
323 19
323 24
323 27
323 60
323 105
323 121
323 124
323 132
323 135
323 150
323 164
323 173
323 180
323 123
324 8
324 15
324 33
324 34
324 46
324 65
324 67
324 132
324 154
324 160
324 181
324 184
324 193
324 124
325 1
325 2
325 5
325 31
325 37
325 55
325 88
325 102
325 120
325 135
325 141
325 151
325 155
325 169
325 173
325 176
325 180
325 184
325 198
325 125
326 2
326 7
326 32
326 36
326 41
326 42
326 44
326 49
326 64
326 67
326 126
326 127
326 133
326 148
326 158
326 168
326 186
326 197
327 6
327 14
327 15
327 41
327 58
327 65
327 73
327 74
327 79
327 92
327 99
327 100
327 138
327 147
327 152
327 181
327 127
328 8
328 10
328 26
328 38
328 40
328 51
328 56
328 59
328 63
328 70
328 74
328 103
328 132
328 138
328 177
328 128
329 12
329 17
329 21
329 51
329 78
329 90
329 103
329 112
329 128
329 131
329 135
329 160
329 168
329 182
329 183
329 189
329 129
330 1
330 5
330 14
330 17
330 18
330 21
330 37
330 53
330 61
330 62
330 64
330 67
330 68
330 84
330 166
330 130
331 15
331 20
331 29
331 36
331 37
331 38
331 48
331 50
331 67
331 81
331 82
331 116
331 147
331 148
331 157
331 189
331 131
332 28
332 74
332 92
332 126
332 127
332 136
332 137
332 171
332 195
332 197
332 132
333 25
333 31
333 52
333 55
333 65
333 82
333 142
333 166
333 169
333 173
333 133
334 0
334 9
334 21
334 61
334 66
334 68
334 83
334 84
334 98
334 126
334 129
334 138
334 161
334 134
335 7
335 15
335 22
335 73
335 86
335 89
335 91
335 94
335 113
335 134
335 157
335 161
335 184
335 199
335 135
336 9
336 12
336 21
336 31
336 33
336 39
336 40
336 46
336 48
336 62
336 73
336 81
336 96
336 98
336 101
336 102
336 104
336 117
336 129
336 134
336 142
336 184
336 187
336 136
337 16
337 17
337 30
337 49
337 73
337 88
337 97
337 98
337 112
337 126
337 131
337 132
337 133
337 138
337 143
337 179
337 182
337 194
337 196
337 197
337 137
338 7
338 11
338 12
338 27
338 73
338 89
338 97
338 126
338 141
338 146
338 163
338 181
338 193
338 194
338 138
339 1
339 18
339 21
339 24
339 54
339 63
339 80
339 81
339 83
339 84
339 95
339 126
339 173
339 174
339 181
339 185
339 139
340 9
340 51
340 52
340 60
340 63
340 76
340 82
340 86
340 103
340 117
340 172
340 183
340 140
341 1
341 2
341 5
341 9
341 13
341 22
341 28
341 31
341 32
341 87
341 92
341 99
341 105
341 142
341 148
341 163
341 165
341 168
341 176
341 179
341 181
341 189
341 193
341 198
341 141
342 18
342 20
342 45
342 46
342 56
342 69
342 77
342 86
342 88
342 89
342 117
342 139
342 167
342 172
342 190
342 192
342 142
343 18
343 36
343 56
343 63
343 76
343 83
343 103
343 143
343 146
343 149
343 153
343 168
343 182
344 7
344 19
344 23
344 31
344 34
344 56
344 65
344 74
344 109
344 154
344 188
344 199
344 144
345 11
345 13
345 33
345 56
345 72
345 85
345 88
345 92
345 123
345 125
345 127
345 136
345 149
345 150
345 159
345 162
345 172
345 175
345 185
345 145
346 16
346 21
346 58
346 63
346 66
346 67
346 70
346 72
346 78
346 82
346 108
346 120
346 134
346 144
346 192
346 146
347 45
347 50
347 54
347 55
347 64
347 78
347 102
347 112
347 117
347 120
347 129
347 161
347 164
347 168
347 183
347 198
347 147
348 6
348 13
348 32
348 39
348 51
348 88
348 89
348 93
348 134
348 138
348 168
348 169
348 170
348 184
348 193
348 148
349 1
349 9
349 34
349 35
349 37
349 66
349 131
349 146
349 147
349 159
349 179
349 184
349 149
350 12
350 16
350 50
350 56
350 74
350 114
350 132
350 147
350 150
350 151
350 152
350 154
350 160
350 174
350 197
351 5
351 12
351 15
351 58
351 62
351 65
351 66
351 88
351 90
351 97
351 105
351 119
351 136
351 137
351 148
351 154
351 158
351 160
351 164
351 171
351 151
352 4
352 5
352 21
352 23
352 27
352 30
352 55
352 63
352 75
352 76
352 80
352 84
352 92
352 99
352 128
352 145
352 147
352 168
352 183
352 152
353 9
353 21
353 42
353 49
353 53
353 61
353 65
353 74
353 82
353 119
353 128
353 133
353 136
353 150
353 152
353 168
353 187
353 188
353 193
353 153
354 16
354 21
354 37
354 39
354 40
354 42
354 47
354 59
354 83
354 93
354 108
354 127
354 141
354 158
354 163
354 181
354 190
354 193
354 154
355 14
355 17
355 23
355 43
355 51
355 59
355 62
355 72
355 75
355 92
355 98
355 101
355 113
355 117
355 126
355 133
355 149
355 172
355 181
355 195
355 155
356 6
356 13
356 46
356 75
356 110
356 145
356 146
356 167
356 156
357 9
357 21
357 23
357 65
357 92
357 109
357 116
357 127
357 129
357 142
357 152
357 158
357 172
357 180
357 192
357 193
357 195
357 196
357 157
358 10
358 14
358 18
358 20
358 28
358 40
358 104
358 113
358 122
358 125
358 135
358 147
358 148
358 149
358 182
358 190
358 158
359 3
359 11
359 12
359 33
359 48
359 59
359 74
359 90
359 107
359 123
359 132
359 141
359 159
359 163
359 176
359 182
359 186
359 189
359 192
359 195
359 199
360 4
360 8
360 15
360 21
360 38
360 43
360 47
360 54
360 89
360 117
360 141
360 163
360 160
361 18
361 40
361 72
361 73
361 89
361 97
361 101
361 137
361 140
361 149
361 156
361 158
361 163
361 172
361 177
361 188
361 193
361 198
361 161
362 12
362 13
362 24
362 40
362 52
362 68
362 76
362 112
362 139
362 161
362 173
362 177
362 178
362 189
362 197
362 162
363 10
363 30
363 65
363 81
363 121
363 144
363 153
363 154
363 170
363 175
363 181
363 183
363 184
363 185
363 163
364 25
364 50
364 51
364 66
364 67
364 77
364 112
364 114
364 121
364 128
364 132
364 162
364 178
364 191
364 164
365 0
365 30
365 42
365 45
365 53
365 56
365 68
365 91
365 101
365 120
365 128
365 131
365 168
365 171
365 172
365 188
365 191
365 195
365 198
365 165
366 9
366 46
366 84
366 85
366 86
366 92
366 94
366 98
366 123
366 140
366 172
366 184
366 166
367 12
367 17
367 37
367 51
367 60
367 64
367 75
367 76
367 78
367 92
367 105
367 106
367 110
367 120
367 132
367 167
367 170
367 187
367 191
367 196
367 198
368 5
368 17
368 34
368 44
368 48
368 62
368 63
368 72
368 89
368 93
368 118
368 127
368 131
368 158
368 168
369 5
369 14
369 32
369 33
369 51
369 91
369 99
369 115
369 128
369 143
369 147
369 150
369 167
369 175
369 183
369 194
369 169
370 25
370 26
370 47
370 62
370 64
370 65
370 72
370 79
370 110
370 111
370 118
370 132
370 144
370 153
370 156
370 169
370 177
370 170
371 6
371 10
371 13
371 15
371 90
371 105
371 118
371 123
371 131
371 134
371 142
371 154
371 161
371 175
371 192
371 171
372 6
372 8
372 11
372 32
372 33
372 34
372 60
372 70
372 77
372 80
372 84
372 104
372 120
372 129
372 155
372 164
372 180
372 172
373 15
373 23
373 52
373 80
373 94
373 101
373 109
373 113
373 127
373 143
373 176
373 197
373 173
374 7
374 11
374 16
374 35
374 49
374 58
374 65
374 68
374 98
374 100
374 102
374 136
374 140
374 148
374 158
374 162
374 173
374 175
374 182
374 189
374 197
374 174
375 5
375 22
375 25
375 31
375 34
375 58
375 60
375 80
375 101
375 130
375 156
375 172
375 185
375 197
375 175
376 1
376 5
376 18
376 41
376 55
376 68
376 70
376 75
376 79
376 98
376 109
376 110
376 114
376 119
376 124
376 133
376 139
376 147
376 165
376 170
376 198
376 176
377 1
377 36
377 50
377 80
377 81
377 100
377 104
377 117
377 125
377 136
377 170
377 194
377 196
377 177
378 19
378 68
378 96
378 99
378 117
378 120
378 137
378 157
378 160
378 181
378 189
378 192
378 178
379 14
379 17
379 19
379 24
379 40
379 50
379 67
379 102
379 120
379 135
379 139
379 173
379 191
379 179
380 7
380 11
380 13
380 14
380 35
380 36
380 68
380 70
380 76
380 82
380 97
380 114
380 115
380 118
380 141
380 152
380 161
380 165
380 180
381 43
381 46
381 56
381 75
381 76
381 87
381 92
381 95
381 102
381 117
381 142
381 148
381 169
381 182
381 189
381 181
382 1
382 9
382 17
382 38
382 47
382 48
382 79
382 81
382 89
382 98
382 105
382 125
382 127
382 138
382 141
382 142
382 152
382 166
382 196
382 197
382 199
382 182
383 12
383 14
383 17
383 36
383 43
383 57
383 76
383 82
383 132
383 138
383 160
383 167
383 179
383 187
383 183
384 0
384 12
384 24
384 35
384 37
384 41
384 51
384 77
384 98
384 105
384 122
384 135
384 158
384 174
384 185
384 189
384 184
385 7
385 8
385 13
385 20
385 30
385 33
385 38
385 44
385 50
385 70
385 74
385 81
385 141
385 168
385 169
385 171
385 179
385 185
386 3
386 7
386 8
386 9
386 19
386 21
386 25
386 32
386 56
386 62
386 70
386 82
386 87
386 95
386 128
386 132
386 138
386 143
386 148
386 168
386 169
386 194
386 186
387 12
387 25
387 33
387 51
387 57
387 60
387 71
387 84
387 90
387 105
387 118
387 122
387 125
387 162
387 170
387 194
387 187
388 5
388 42
388 52
388 57
388 61
388 68
388 69
388 95
388 98
388 115
388 128
388 140
388 156
388 159
388 188
389 1
389 4
389 29
389 31
389 67
389 81
389 84
389 86
389 120
389 124
389 125
389 154
389 155
389 159
389 185
389 189
390 4
390 13
390 15
390 39
390 43
390 47
390 62
390 78
390 86
390 136
390 176
390 181
390 184
390 190
391 25
391 26
391 42
391 53
391 58
391 62
391 68
391 77
391 98
391 131
391 149
391 170
391 175
391 181
391 183
391 191
392 1
392 9
392 22
392 25
392 28
392 61
392 66
392 80
392 82
392 90
392 102
392 120
392 147
392 152
392 160
392 174
392 193
392 192
393 1
393 13
393 44
393 55
393 82
393 98
393 110
393 117
393 139
393 152
393 177
393 193
394 27
394 56
394 64
394 66
394 76
394 77
394 78
394 88
394 120
394 125
394 147
394 164
394 167
394 175
394 181
394 186
394 194
395 5
395 23
395 32
395 38
395 71
395 85
395 96
395 105
395 107
395 112
395 118
395 123
395 125
395 146
395 159
395 167
395 183
395 191
395 194
395 195
396 3
396 6
396 9
396 21
396 26
396 28
396 35
396 36
396 46
396 70
396 76
396 113
396 118
396 131
396 139
396 142
396 149
396 161
396 182
396 196
397 9
397 17
397 42
397 52
397 65
397 67
397 95
397 114
397 126
397 132
397 170
397 176
397 197
398 4
398 8
398 13
398 18
398 26
398 32
398 43
398 48
398 59
398 80
398 103
398 131
398 150
398 160
398 167
398 174
398 184
398 190
398 191
398 194
398 198
399 1
399 12
399 28
399 29
399 86
399 103
399 109
399 113
399 126
399 136
399 137
399 140
399 141
399 165
399 179
399 184
399 186
399 199
