  700   3395
0 402
0 441
0 530
0 613
0 666
0 685
0 58
0 122
0 135
0 180
0 186
0 257
0 263
0 297
0 324
0 348
0 350
1 437
1 29
1 90
1 102
1 124
1 147
1 176
1 211
1 240
1 351
2 400
2 449
2 464
2 473
2 649
2 18
2 44
2 70
2 77
2 96
2 110
2 129
2 130
2 151
2 153
2 160
2 178
2 207
2 209
2 285
2 318
2 342
2 343
2 352
3 391
3 535
3 566
3 634
3 5
3 97
3 123
3 148
3 153
3 170
3 195
3 234
3 270
3 297
3 308
3 315
3 336
3 353
4 366
4 483
4 501
4 563
4 18
4 115
4 121
4 124
4 195
4 196
4 219
4 306
4 354
5 408
5 440
5 449
5 460
5 624
5 3
5 22
5 82
5 106
5 108
5 166
5 178
5 209
5 313
5 355
6 447
6 476
6 628
6 674
6 698
6 37
6 44
6 54
6 71
6 83
6 91
6 167
6 181
6 183
6 238
6 333
6 356
7 356
7 394
7 549
7 31
7 33
7 44
7 83
7 100
7 109
7 201
7 205
7 213
7 307
7 357
8 432
8 463
8 567
8 36
8 58
8 109
8 118
8 167
8 230
8 252
8 267
8 345
8 358
9 627
9 204
9 294
9 304
9 359
10 492
10 501
10 582
10 589
10 603
10 629
10 17
10 77
10 88
10 101
10 137
10 231
10 278
10 360
11 641
11 26
11 75
11 84
11 98
11 116
11 125
11 131
11 132
11 135
11 174
11 182
11 190
11 221
11 255
11 290
11 301
11 315
11 339
11 344
11 361
12 554
12 612
12 663
12 34
12 68
12 103
12 115
12 116
12 129
12 168
12 178
12 279
12 335
12 337
12 362
13 352
13 362
13 388
13 425
13 453
13 504
13 573
13 639
13 663
13 27
13 34
13 39
13 87
13 129
13 204
13 208
13 212
13 253
13 262
13 265
13 363
14 366
14 443
14 444
14 468
14 481
14 56
14 192
14 213
14 220
14 262
14 276
14 336
14 364
15 370
15 407
15 483
15 494
15 532
15 699
15 53
15 175
15 180
15 188
15 195
15 225
15 242
15 277
15 286
15 291
15 323
15 365
16 515
16 507
16 84
16 85
16 126
16 130
16 160
16 163
16 171
16 184
16 218
16 234
16 254
16 328
16 366
17 475
17 10
17 22
17 109
17 110
17 168
17 173
17 225
17 279
17 292
17 307
17 315
17 367
18 570
18 635
18 654
18 686
18 2
18 4
18 29
18 34
18 72
18 97
18 118
18 119
18 157
18 163
18 200
18 205
18 219
18 231
18 240
18 247
18 255
18 298
18 301
18 368
19 408
19 417
19 641
19 670
19 28
19 46
19 51
19 59
19 142
19 198
19 207
19 243
19 272
19 293
19 327
19 347
19 369
20 416
20 566
20 585
20 634
20 87
20 92
20 105
20 128
20 268
20 273
20 313
20 370
21 458
21 696
21 40
21 77
21 155
21 182
21 186
21 192
21 279
21 284
21 371
22 492
22 522
22 548
22 682
22 5
22 17
22 46
22 70
22 71
22 95
22 150
22 164
22 208
22 257
22 372
23 361
23 367
23 388
23 431
23 440
23 523
23 27
23 32
23 69
23 109
23 150
23 244
23 246
23 255
23 284
23 340
23 373
24 361
24 465
24 471
24 526
24 599
24 623
24 635
24 688
24 69
24 71
24 141
24 208
24 286
24 374
25 567
25 642
25 34
25 100
25 111
25 128
25 160
25 180
25 200
25 247
25 257
25 375
26 369
26 425
26 653
26 665
26 11
26 68
26 109
26 116
26 132
26 135
26 177
26 313
26 376
27 503
27 13
27 23
27 52
27 67
27 74
27 151
27 156
27 200
27 249
27 252
27 269
27 340
27 377
28 402
28 408
28 463
28 687
28 19
28 73
28 124
28 132
28 141
28 160
28 163
28 280
28 336
28 378
29 409
29 471
29 476
29 610
29 683
29 1
29 18
29 69
29 78
29 80
29 90
29 102
29 109
29 111
29 120
29 145
29 154
29 182
29 185
29 221
29 298
29 315
29 379
30 410
30 612
30 54
30 214
30 217
30 236
30 259
30 300
30 380
31 372
31 381
31 550
31 622
31 690
31 7
31 64
31 102
31 109
31 123
31 140
31 158
31 167
31 203
31 219
31 342
32 518
32 515
32 23
32 49
32 65
32 74
32 124
32 169
32 288
32 305
32 307
32 382
33 468
33 626
33 669
33 690
33 693
33 7
33 127
33 152
33 167
33 170
33 177
33 189
33 250
33 383
34 534
34 518
34 12
34 13
34 18
34 25
34 42
34 48
34 49
34 115
34 153
34 213
34 235
34 341
34 384
35 432
35 574
35 611
35 47
35 90
35 130
35 167
35 186
35 220
35 327
35 385
36 359
36 428
36 538
36 661
36 8
36 40
36 73
36 160
36 187
36 265
36 297
36 337
36 386
37 618
37 6
37 44
37 131
37 138
37 147
37 152
37 232
37 233
37 235
37 272
37 282
37 299
37 330
37 387
38 465
38 521
38 523
38 570
38 650
38 49
38 89
38 94
38 111
38 139
38 175
38 214
38 224
38 338
38 388
39 491
39 496
39 553
39 579
39 674
39 13
39 47
39 51
39 78
39 88
39 147
39 159
39 193
39 247
39 326
39 327
39 389
40 655
40 679
40 21
40 36
40 44
40 58
40 112
40 115
40 116
40 140
40 141
40 199
40 229
40 233
40 250
40 390
41 458
41 517
41 564
41 44
41 121
41 150
41 161
41 218
41 272
41 301
41 306
41 334
41 337
41 347
41 391
42 400
42 528
42 612
42 34
42 58
42 82
42 85
42 91
42 96
42 186
42 197
42 249
42 302
42 392
43 352
43 369
43 411
43 440
43 480
43 640
43 71
43 90
43 92
43 123
43 220
43 236
43 252
43 267
43 284
43 324
43 393
44 352
44 607
44 2
44 6
44 7
44 37
44 40
44 41
44 81
44 91
44 92
44 99
44 104
44 108
44 127
44 133
44 147
44 201
44 216
44 220
44 248
44 251
44 293
44 319
44 394
45 441
45 622
45 166
45 168
45 173
45 180
45 209
45 217
45 228
45 285
45 310
45 319
45 348
45 349
45 395
46 449
46 451
46 19
46 22
46 79
46 87
46 91
46 125
46 154
46 181
46 206
46 275
46 335
46 347
46 396
47 513
47 624
47 35
47 39
47 91
47 113
47 150
47 247
47 265
47 274
47 278
47 292
47 345
47 397
48 413
48 472
48 584
48 591
48 34
48 102
48 106
48 113
48 118
48 166
48 167
48 196
48 267
48 279
48 343
48 346
48 398
49 375
49 661
49 32
49 34
49 38
49 60
49 100
49 178
49 183
49 198
49 232
49 256
49 277
49 307
49 343
49 399
50 378
50 631
50 66
50 83
50 130
50 137
50 185
50 249
50 274
50 291
50 320
50 327
50 338
50 400
51 458
51 19
51 39
51 86
51 103
51 122
51 128
51 147
51 201
51 203
51 215
51 229
51 291
51 301
51 307
51 314
51 320
51 401
52 433
52 553
52 564
52 567
52 27
52 58
52 94
52 107
52 157
52 180
52 228
52 235
52 303
52 402
53 668
53 15
53 102
53 120
53 181
53 235
53 317
53 403
54 467
54 473
54 666
54 6
54 30
54 71
54 79
54 80
54 103
54 173
54 180
54 191
54 245
54 264
54 286
54 304
54 340
54 404
55 385
55 549
55 551
55 133
55 154
55 160
55 197
55 217
55 236
55 239
55 268
55 330
55 332
55 405
56 387
56 392
56 522
56 577
56 642
56 655
56 14
56 155
56 160
56 252
56 258
56 285
56 292
56 312
56 332
56 348
56 406
57 568
57 614
57 682
57 695
57 89
57 124
57 254
57 260
57 264
57 269
57 296
57 313
57 322
57 407
58 435
58 454
58 493
58 494
58 643
58 0
58 8
58 40
58 42
58 52
58 115
58 117
58 132
58 137
58 201
58 225
58 318
58 341
58 408
59 373
59 505
59 19
59 97
59 143
59 150
59 162
59 175
59 193
59 201
59 289
59 307
59 330
59 409
60 393
60 487
60 537
60 560
60 623
60 49
60 98
60 144
60 199
60 210
60 235
60 241
60 244
60 313
60 341
60 410
61 598
61 534
61 74
61 87
61 125
61 138
61 168
61 173
61 188
61 201
61 327
61 328
61 337
61 411
62 473
62 567
62 587
62 75
62 128
62 163
62 167
62 178
62 184
62 243
62 307
62 313
62 412
63 441
63 442
63 492
63 551
63 648
63 663
63 76
63 115
63 128
63 184
63 261
63 289
63 292
63 303
63 343
63 413
64 356
64 361
64 409
64 556
64 31
64 68
64 81
64 84
64 118
64 121
64 156
64 167
64 176
64 183
64 236
64 270
64 287
64 298
64 301
64 325
64 335
64 414
65 531
65 668
65 32
65 100
65 117
65 177
65 194
65 227
65 257
65 285
65 289
65 337
65 348
65 415
66 413
66 612
66 647
66 50
66 71
66 95
66 106
66 115
66 119
66 127
66 147
66 167
66 168
66 267
66 336
66 416
67 355
67 634
67 27
67 77
67 145
67 223
67 243
67 248
67 251
67 272
67 278
67 295
67 305
67 417
68 356
68 399
68 465
68 595
68 676
68 698
68 12
68 26
68 64
68 83
68 120
68 156
68 223
68 319
68 340
68 418
69 652
69 23
69 24
69 29
69 95
69 215
69 226
69 230
69 310
69 318
69 419
70 370
70 382
70 663
70 2
70 22
70 132
70 152
70 164
70 170
70 180
70 254
70 263
70 345
70 420
71 402
71 428
71 478
71 479
71 6
71 22
71 24
71 43
71 54
71 66
71 143
71 192
71 246
71 298
71 345
71 421
72 432
72 608
72 18
72 142
72 179
72 181
72 187
72 217
72 344
72 422
73 421
73 524
73 555
73 696
73 28
73 36
73 125
73 170
73 217
73 286
73 319
73 423
74 474
74 503
74 532
74 693
74 27
74 32
74 61
74 119
74 151
74 179
74 242
74 264
74 280
74 288
74 306
74 315
74 344
74 424
75 632
75 685
75 11
75 62
75 114
75 131
75 218
75 266
75 290
75 314
75 322
75 425
76 580
76 608
76 611
76 625
76 695
76 63
76 78
76 165
76 171
76 210
76 244
76 269
76 270
76 293
76 323
76 336
76 340
76 341
76 426
77 598
77 2
77 10
77 21
77 67
77 117
77 205
77 275
77 427
78 415
78 510
78 628
78 29
78 39
78 76
78 111
78 115
78 149
78 170
78 200
78 284
78 428
79 412
79 46
79 54
79 109
79 175
79 177
79 268
79 309
79 324
79 349
79 429
80 371
80 431
80 535
80 562
80 573
80 637
80 690
80 29
80 54
80 188
80 244
80 341
80 430
81 392
81 403
81 419
81 486
81 522
81 575
81 664
81 44
81 64
81 135
81 142
81 167
81 188
81 306
81 431
82 432
82 579
82 599
82 5
82 42
82 104
82 117
82 152
82 161
82 205
82 210
82 310
82 338
82 343
83 364
83 401
83 533
83 574
83 6
83 7
83 50
83 68
83 149
83 150
83 154
83 224
83 241
83 251
83 271
83 279
83 330
83 433
84 373
84 479
84 11
84 16
84 64
84 100
84 101
84 112
84 129
84 170
84 171
84 192
84 237
84 248
84 249
84 254
84 257
84 263
84 305
84 434
85 359
85 468
85 16
85 42
85 98
85 192
85 283
85 337
85 435
86 545
86 588
86 51
86 125
86 136
86 142
86 171
86 436
87 440
87 596
87 622
87 13
87 20
87 46
87 61
87 99
87 100
87 106
87 125
87 148
87 152
87 176
87 200
87 242
87 328
87 333
87 437
88 363
88 549
88 699
88 10
88 39
88 121
88 141
88 159
88 182
88 279
88 310
88 438
89 397
89 466
89 586
89 38
89 57
89 159
89 179
89 193
89 285
89 288
89 439
90 621
90 598
90 1
90 29
90 35
90 43
90 100
90 104
90 108
90 148
90 186
90 197
90 223
90 226
90 268
90 328
90 333
90 440
91 481
91 485
91 590
91 606
91 6
91 42
91 44
91 46
91 47
91 305
91 314
91 441
92 383
92 443
92 681
92 20
92 43
92 44
92 160
92 167
92 442
93 381
93 389
93 509
93 580
93 612
93 647
93 648
93 101
93 162
93 256
93 271
93 293
93 310
93 332
93 443
94 399
94 555
94 628
94 38
94 52
94 131
94 145
94 164
94 229
94 255
94 311
94 333
94 339
94 345
94 349
94 444
95 512
95 558
95 22
95 66
95 69
95 135
95 143
95 179
95 293
95 445
96 505
96 517
96 580
96 2
96 42
96 119
96 128
96 153
96 302
96 446
97 354
97 468
97 556
97 575
97 3
97 18
97 59
97 166
97 193
97 201
97 230
97 278
97 288
97 293
97 295
97 301
97 303
97 447
98 368
98 426
98 457
98 496
98 508
98 573
98 11
98 60
98 85
98 133
98 185
98 250
98 274
98 303
98 448
99 502
99 523
99 44
99 87
99 159
99 169
99 203
99 296
99 314
99 449
100 388
100 389
100 414
100 675
100 7
100 25
100 49
100 65
100 84
100 87
100 90
100 134
100 160
100 261
100 336
100 450
101 447
101 655
101 10
101 84
101 93
101 185
101 195
101 259
101 261
101 270
101 286
101 287
101 290
101 310
101 341
101 451
102 538
102 541
102 1
102 29
102 31
102 48
102 53
102 193
102 262
102 452
103 394
103 411
103 525
103 526
103 577
103 679
103 12
103 51
103 54
103 123
103 162
103 183
103 220
103 241
103 285
103 324
103 336
103 346
103 349
103 453
104 572
104 44
104 82
104 90
104 118
104 160
104 169
104 200
104 284
104 324
104 454
105 358
105 395
105 425
105 543
105 607
105 642
105 660
105 687
105 20
105 157
105 201
105 257
105 315
105 324
105 335
105 455
106 406
106 434
106 5
106 48
106 66
106 87
106 126
106 138
106 170
106 225
106 271
106 294
106 302
106 303
106 344
106 456
107 396
107 493
107 52
107 121
107 127
107 141
107 146
107 159
107 203
107 222
107 231
107 239
107 251
107 255
107 306
107 457
108 422
108 439
108 484
108 497
108 536
108 645
108 5
108 44
108 90
108 110
108 120
108 124
108 188
108 209
108 217
108 225
108 322
108 327
108 458
109 486
109 541
109 7
109 8
109 17
109 23
109 26
109 29
109 31
109 79
109 153
109 165
109 171
109 240
109 253
109 302
109 321
109 324
109 459
110 367
110 475
110 582
110 2
110 17
110 108
110 179
110 182
110 251
110 284
110 460
111 494
111 533
111 572
111 617
111 696
111 25
111 29
111 38
111 78
111 178
111 180
111 218
111 461
112 403
112 431
112 444
112 576
112 40
112 84
112 129
112 180
112 187
112 226
112 309
112 462
113 449
113 536
113 570
113 644
113 650
113 47
113 48
113 122
113 189
113 201
113 209
113 282
113 309
113 463
114 377
114 582
114 583
114 588
114 602
114 75
114 122
114 162
114 183
114 190
114 200
114 212
114 236
114 243
114 322
114 325
114 464
115 372
115 388
115 512
115 563
115 648
115 4
115 12
115 34
115 40
115 58
115 63
115 66
115 78
115 191
115 197
115 235
115 274
115 284
115 291
115 292
115 309
115 465
116 631
116 11
116 12
116 26
116 40
116 148
116 159
116 265
116 300
116 319
116 325
116 466
117 438
117 459
117 537
117 58
117 65
117 77
117 82
117 138
117 154
117 176
117 203
117 231
117 234
117 289
117 340
117 467
118 436
118 657
118 697
118 8
118 18
118 48
118 64
118 104
118 129
118 181
118 225
118 230
118 336
118 468
119 355
119 407
119 439
119 527
119 602
119 18
119 66
119 74
119 96
119 142
119 165
119 188
119 200
119 203
119 267
119 273
119 294
119 302
119 318
119 338
119 340
119 469
120 379
120 432
120 651
120 659
120 29
120 53
120 68
120 108
120 146
120 192
120 198
120 293
120 311
120 326
120 332
120 470
121 469
121 530
121 580
121 639
121 687
121 698
121 4
121 41
121 64
121 88
121 107
121 131
121 192
121 249
121 269
121 279
121 317
121 471
122 485
122 0
122 51
122 113
122 114
122 158
122 195
122 197
122 216
122 233
122 237
122 318
122 326
122 337
122 472
123 373
123 435
123 445
123 594
123 662
123 3
123 31
123 43
123 103
123 162
123 167
123 189
123 207
123 291
123 473
124 388
124 413
124 691
124 692
124 1
124 4
124 28
124 32
124 57
124 108
124 130
124 147
124 197
124 220
124 223
124 224
124 245
124 250
124 474
125 542
125 11
125 46
125 61
125 73
125 86
125 87
125 159
125 175
125 303
125 342
125 475
126 359
126 692
126 16
126 106
126 156
126 171
126 250
126 269
126 327
126 476
127 372
127 570
127 33
127 44
127 66
127 107
127 156
127 223
127 237
127 269
127 270
127 299
127 323
127 337
127 346
127 477
128 625
128 20
128 25
128 51
128 62
128 63
128 96
128 183
128 220
128 294
128 478
129 432
129 484
129 2
129 12
129 13
129 84
129 112
129 118
129 169
129 284
129 297
129 309
129 320
129 334
129 339
129 479
130 568
130 680
130 683
130 2
130 16
130 35
130 50
130 124
130 145
130 156
130 169
130 242
130 252
130 254
130 274
130 286
130 300
130 322
130 480
131 429
131 532
131 11
131 37
131 75
131 94
131 121
131 194
131 245
131 270
131 272
131 278
131 318
131 481
132 398
132 401
132 408
132 498
132 624
132 11
132 26
132 28
132 58
132 70
132 135
132 209
132 222
132 231
132 232
132 243
132 286
132 301
132 482
133 379
133 424
133 435
133 601
133 667
133 44
133 55
133 98
133 164
133 168
133 171
133 202
133 273
133 301
133 310
133 334
133 341
133 483
134 385
134 452
134 462
134 473
134 100
134 229
134 259
134 298
134 320
134 484
135 357
135 468
135 495
135 521
135 562
135 594
135 669
135 0
135 11
135 26
135 81
135 95
135 132
135 156
135 176
135 242
135 246
135 275
135 290
135 485
136 400
136 564
136 576
136 86
136 215
136 227
136 254
136 260
136 486
137 358
137 502
137 581
137 661
137 689
137 10
137 50
137 58
137 159
137 199
137 215
137 231
137 328
137 330
137 336
137 487
138 434
138 471
138 625
138 37
138 61
138 106
138 117
138 166
138 193
138 197
138 229
138 233
138 248
138 299
138 315
138 318
138 320
138 326
138 488
139 417
139 578
139 615
139 38
139 158
139 197
139 235
139 244
139 339
139 489
140 386
140 615
140 693
140 31
140 40
140 218
140 223
140 270
140 277
140 290
140 490
141 631
141 24
141 28
141 40
141 88
141 107
141 142
141 153
141 169
141 177
141 182
141 203
141 226
141 228
141 284
141 302
141 491
142 384
142 19
142 72
142 81
142 86
142 119
142 141
142 239
142 263
142 319
142 492
143 365
143 542
143 565
143 613
143 667
143 59
143 71
143 95
143 255
143 258
143 265
143 310
143 345
143 493
144 646
144 621
144 60
144 219
144 225
144 242
144 494
145 430
145 493
145 502
145 520
145 594
145 596
145 673
145 29
145 67
145 94
145 130
145 147
145 149
145 179
145 240
145 242
145 254
145 259
145 300
145 318
145 319
145 333
145 340
145 495
146 429
146 582
146 107
146 120
146 168
146 265
146 302
146 328
146 496
147 371
147 415
147 688
147 1
147 37
147 39
147 44
147 51
147 66
147 124
147 145
147 226
147 318
147 321
147 497
148 463
148 648
148 3
148 87
148 90
148 116
148 149
148 172
148 186
148 241
148 267
148 270
148 315
148 498
149 624
149 679
149 680
149 78
149 83
149 145
149 148
149 167
149 178
149 221
149 275
149 310
149 499
150 396
150 471
150 543
150 613
150 619
150 640
150 22
150 23
150 41
150 47
150 59
150 83
150 175
150 230
150 231
150 251
150 277
150 314
150 331
150 500
151 371
151 548
151 559
151 2
151 27
151 74
151 161
151 175
151 195
151 233
151 249
151 251
151 281
151 333
151 501
152 408
152 452
152 482
152 538
152 547
152 693
152 33
152 37
152 70
152 82
152 87
152 177
152 182
152 258
152 293
152 502
153 360
153 415
153 445
153 652
153 2
153 3
153 34
153 96
153 109
153 141
153 199
153 215
153 249
153 317
153 322
153 337
153 344
153 503
154 409
154 488
154 552
154 563
154 623
154 695
154 29
154 46
154 55
154 83
154 117
154 164
154 176
154 204
154 207
154 240
154 253
154 267
154 320
154 504
155 627
155 21
155 56
155 195
155 252
155 265
155 285
155 299
155 505
156 628
156 27
156 64
156 68
156 126
156 127
156 130
156 135
156 170
156 179
156 233
156 239
156 242
156 268
156 324
156 329
156 348
156 506
157 358
157 368
157 454
157 18
157 52
157 105
157 204
157 224
157 233
157 273
157 283
157 289
157 507
158 479
158 623
158 693
158 31
158 122
158 139
158 313
158 508
159 511
159 552
159 557
159 573
159 629
159 39
159 88
159 89
159 99
159 107
159 116
159 125
159 137
159 185
159 207
159 217
159 225
159 268
159 509
160 400
160 2
160 16
160 25
160 28
160 36
160 55
160 56
160 92
160 100
160 104
160 164
160 200
160 219
160 224
160 229
160 297
160 510
161 374
161 450
161 41
161 82
161 151
161 166
161 209
161 270
161 282
161 309
161 313
161 511
162 606
162 661
162 59
162 93
162 103
162 114
162 123
162 234
162 244
162 261
162 311
162 332
162 512
163 434
163 561
163 567
163 16
163 18
163 28
163 62
163 173
163 188
163 195
163 197
163 332
163 513
164 474
164 493
164 562
164 615
164 22
164 70
164 94
164 133
164 154
164 160
164 174
164 178
164 181
164 244
164 263
164 330
164 340
164 514
165 446
165 695
165 76
165 109
165 119
165 253
165 287
165 288
165 515
166 515
166 5
166 45
166 48
166 97
166 138
166 161
166 245
166 311
166 326
166 516
167 383
167 429
167 443
167 516
167 6
167 8
167 31
167 33
167 35
167 48
167 62
167 64
167 66
167 81
167 92
167 123
167 149
167 213
167 223
167 244
167 261
167 301
167 517
168 523
168 592
168 12
168 17
168 45
168 61
168 66
168 133
168 146
168 184
168 190
168 222
168 306
168 313
168 318
168 340
168 518
169 491
169 612
169 615
169 629
169 680
169 32
169 99
169 104
169 129
169 130
169 141
169 209
169 213
169 238
169 519
170 358
170 361
170 397
170 408
170 551
170 565
170 3
170 33
170 70
170 73
170 78
170 84
170 106
170 156
170 181
170 253
170 323
170 340
170 520
171 657
171 16
171 76
171 84
171 86
171 109
171 126
171 133
171 175
171 228
171 277
171 287
171 306
171 307
171 312
171 521
172 416
172 446
172 148
172 225
172 230
172 234
172 241
172 335
172 336
172 522
173 357
173 371
173 476
173 533
173 17
173 45
173 54
173 61
173 163
173 207
173 266
173 285
173 317
173 523
174 357
174 452
174 578
174 618
174 11
174 164
174 225
174 269
174 279
174 282
174 524
175 365
175 392
175 430
175 478
175 573
175 616
175 15
175 38
175 59
175 79
175 125
175 150
175 151
175 171
175 198
175 208
175 232
175 238
175 284
175 310
175 322
175 525
176 452
176 564
176 1
176 64
176 87
176 117
176 135
176 154
176 182
176 185
176 222
176 322
176 329
176 341
176 526
177 482
177 568
177 615
177 642
177 26
177 33
177 65
177 79
177 141
177 152
177 207
177 217
177 251
177 287
177 306
177 328
177 527
178 442
178 548
178 2
178 5
178 12
178 49
178 62
178 111
178 149
178 164
178 199
178 200
178 237
178 277
178 306
178 308
178 316
178 326
178 346
178 528
179 383
179 436
179 489
179 509
179 567
179 639
179 72
179 74
179 89
179 95
179 110
179 145
179 156
179 206
179 243
179 245
179 267
179 529
180 402
180 670
180 679
180 0
180 15
180 25
180 45
180 52
180 54
180 70
180 111
180 112
180 186
180 213
180 220
180 238
180 255
180 530
181 398
181 586
181 6
181 46
181 53
181 72
181 118
181 164
181 170
181 219
181 249
181 275
181 290
181 531
182 555
182 634
182 698
182 11
182 21
182 29
182 88
182 110
182 141
182 152
182 176
182 204
182 207
182 210
182 215
182 226
182 247
182 255
182 532
183 397
183 506
183 541
183 657
183 679
183 6
183 49
183 64
183 103
183 114
183 128
183 188
183 190
183 202
183 204
183 242
183 313
183 314
183 318
183 327
183 337
183 346
183 533
184 352
184 438
184 501
184 597
184 16
184 62
184 63
184 168
184 214
184 230
184 282
184 309
184 534
185 464
185 492
185 495
185 533
185 614
185 29
185 50
185 98
185 101
185 159
185 176
185 204
185 226
185 227
185 349
185 535
186 374
186 392
186 521
186 595
186 0
186 21
186 35
186 42
186 90
186 148
186 180
186 212
186 220
186 333
186 345
186 536
187 411
187 451
187 587
187 36
187 72
187 112
187 237
187 246
187 291
187 326
187 333
187 347
187 537
188 555
188 15
188 61
188 80
188 81
188 108
188 119
188 163
188 183
188 223
188 246
188 252
188 256
188 272
188 333
188 339
188 344
188 538
189 445
189 548
189 563
189 634
189 666
189 33
189 113
189 123
189 193
189 242
189 274
189 275
189 295
189 305
189 334
189 539
190 499
190 539
190 552
190 595
190 11
190 114
190 168
190 183
190 200
190 213
190 216
190 242
190 256
190 260
190 301
190 318
190 335
190 341
190 540
191 432
191 567
191 54
191 115
191 216
191 286
191 298
191 318
191 319
191 336
191 541
192 514
192 14
192 21
192 71
192 84
192 85
192 120
192 121
192 202
192 231
192 238
192 261
192 268
192 272
192 310
192 320
192 336
192 338
192 542
193 354
193 486
193 660
193 39
193 59
193 89
193 97
193 102
193 138
193 189
193 219
193 321
193 344
193 543
194 365
194 436
194 546
194 559
194 65
194 131
194 223
194 243
194 255
194 332
194 347
194 544
195 381
195 402
195 422
195 432
195 580
195 639
195 671
195 689
195 3
195 4
195 15
195 101
195 122
195 151
195 155
195 163
195 301
195 344
195 545
196 605
196 611
196 4
196 48
196 198
196 223
196 243
196 255
196 259
196 299
196 304
196 306
196 319
196 546
197 371
197 381
197 427
197 42
197 55
197 90
197 115
197 122
197 124
197 138
197 139
197 163
197 251
197 316
197 547
198 386
198 541
198 613
198 686
198 19
198 49
198 120
198 175
198 196
198 226
198 276
198 290
198 344
198 347
198 548
199 502
199 504
199 643
199 40
199 60
199 137
199 153
199 178
199 201
199 253
199 281
199 284
199 287
199 314
199 335
199 549
200 532
200 18
200 25
200 27
200 78
200 87
200 104
200 114
200 119
200 160
200 178
200 190
200 318
200 329
200 550
201 366
201 387
201 408
201 446
201 699
201 7
201 44
201 51
201 58
201 59
201 61
201 97
201 105
201 113
201 199
201 247
201 259
201 285
201 288
201 310
201 349
201 551
202 503
202 533
202 133
202 183
202 192
202 270
202 291
202 292
202 302
202 330
202 342
202 552
203 355
203 461
203 468
203 577
203 686
203 31
203 51
203 99
203 107
203 117
203 119
203 141
203 204
203 214
203 223
203 283
203 284
203 295
203 553
204 651
204 9
204 13
204 154
204 157
204 182
204 183
204 185
204 203
204 282
204 347
204 554
205 404
205 437
205 501
205 553
205 602
205 616
205 7
205 18
205 77
205 82
205 232
205 255
205 326
205 555
206 384
206 623
206 670
206 687
206 698
206 46
206 179
206 212
206 219
206 221
206 230
206 556
207 388
207 472
207 640
207 2
207 19
207 123
207 154
207 159
207 173
207 177
207 182
207 236
207 261
207 274
207 557
208 548
208 629
208 13
208 22
208 24
208 175
208 298
208 302
208 309
208 319
208 326
208 342
208 558
209 559
209 573
209 2
209 5
209 45
209 108
209 113
209 132
209 161
209 169
209 270
210 357
210 411
210 475
210 513
210 663
210 60
210 76
210 82
210 182
210 242
210 293
210 325
210 560
211 383
211 394
211 410
211 577
211 606
211 610
211 1
211 241
211 323
211 330
211 561
212 442
212 459
212 495
212 557
212 611
212 693
212 13
212 114
212 186
212 206
212 315
212 343
212 562
213 355
213 665
213 7
213 14
213 34
213 167
213 169
213 180
213 190
213 245
213 324
213 330
213 563
214 388
214 481
214 675
214 680
214 30
214 38
214 184
214 203
214 258
214 269
214 294
214 316
214 326
214 328
214 346
214 347
214 564
215 492
215 514
215 609
215 51
215 69
215 136
215 137
215 153
215 182
215 267
215 275
215 287
215 291
215 332
215 342
215 565
216 385
216 44
216 122
216 190
216 191
216 281
216 282
216 329
216 566
217 423
217 510
217 577
217 608
217 30
217 45
217 55
217 72
217 73
217 108
217 159
217 177
217 262
217 273
217 317
217 567
218 355
218 505
218 16
218 41
218 75
218 111
218 140
218 270
218 327
218 568
219 514
219 618
219 4
219 18
219 31
219 144
219 160
219 181
219 193
219 206
219 263
219 270
219 291
219 294
219 569
220 485
220 561
220 562
220 14
220 35
220 43
220 44
220 103
220 124
220 128
220 180
220 186
220 570
221 381
221 428
221 532
221 566
221 630
221 11
221 29
221 149
221 206
221 266
221 286
221 571
222 424
222 481
222 499
222 107
222 132
222 168
222 176
222 254
222 286
222 287
222 313
222 327
222 572
223 421
223 67
223 68
223 90
223 124
223 127
223 140
223 167
223 188
223 194
223 196
223 203
223 253
223 255
223 267
223 309
223 333
223 573
224 360
224 419
224 627
224 697
224 38
224 83
224 124
224 157
224 160
224 252
224 272
224 285
224 293
224 298
224 299
224 303
224 574
225 397
225 613
225 689
225 15
225 17
225 58
225 106
225 108
225 118
225 144
225 159
225 172
225 174
225 280
225 304
225 575
226 656
226 646
226 69
226 90
226 112
226 141
226 147
226 182
226 185
226 198
226 232
226 274
226 307
226 308
226 576
227 413
227 464
227 471
227 540
227 648
227 65
227 136
227 185
227 237
227 249
227 254
227 259
227 289
227 577
228 505
228 551
228 45
228 52
228 141
228 171
228 234
228 256
228 321
228 323
228 578
229 424
229 463
229 493
229 519
229 544
229 673
229 698
229 40
229 51
229 94
229 134
229 138
229 160
229 270
229 289
229 293
229 314
229 326
229 330
229 579
230 378
230 477
230 506
230 645
230 681
230 8
230 69
230 97
230 118
230 150
230 172
230 184
230 206
230 231
230 237
230 256
230 276
230 295
230 297
230 300
230 329
230 334
230 580
231 414
231 10
231 18
231 107
231 117
231 132
231 137
231 150
231 192
231 230
231 238
231 260
231 267
231 288
231 295
231 325
231 581
232 461
232 527
232 550
232 650
232 37
232 49
232 132
232 175
232 205
232 226
232 291
232 582
233 474
233 615
233 674
233 37
233 40
233 122
233 138
233 151
233 156
233 157
233 237
233 274
233 284
233 289
233 333
233 583
234 477
234 478
234 498
234 592
234 613
234 626
234 3
234 16
234 117
234 162
234 172
234 228
234 261
234 305
234 584
235 481
235 490
235 34
235 37
235 52
235 53
235 60
235 115
235 139
235 241
235 281
235 298
235 323
235 330
235 338
235 346
235 585
236 407
236 449
236 505
236 649
236 30
236 43
236 55
236 64
236 114
236 207
236 264
236 271
236 303
236 306
236 333
236 586
237 563
237 575
237 617
237 84
237 122
237 127
237 178
237 187
237 227
237 230
237 233
237 294
237 587
238 512
238 622
238 6
238 169
238 175
238 180
238 192
238 231
238 297
238 322
238 588
239 469
239 600
239 55
239 107
239 142
239 156
239 248
239 288
239 305
239 315
239 338
239 589
240 672
240 1
240 18
240 109
240 145
240 154
240 275
240 297
240 319
240 590
241 358
241 451
241 487
241 602
241 612
241 666
241 60
241 83
241 103
241 148
241 172
241 211
241 235
241 591
242 402
242 547
242 649
242 15
242 74
242 87
242 130
242 135
242 144
242 145
242 156
242 183
242 189
242 190
242 210
242 592
243 606
243 624
243 647
243 19
243 62
243 67
243 114
243 132
243 179
243 194
243 196
243 245
243 285
243 593
244 382
244 464
244 481
244 503
244 650
244 23
244 60
244 76
244 80
244 139
244 162
244 164
244 167
244 245
244 269
244 299
244 333
244 341
244 594
245 423
245 484
245 501
245 583
245 610
245 615
245 54
245 124
245 131
245 166
245 179
245 213
245 243
245 244
245 274
245 289
245 595
246 428
246 552
246 671
246 673
246 23
246 71
246 135
246 187
246 188
246 271
246 274
246 315
246 317
246 336
246 596
247 606
247 650
247 18
247 25
247 39
247 47
247 182
247 201
247 300
247 301
247 324
247 345
247 597
248 398
248 403
248 476
248 586
248 644
248 688
248 44
248 67
248 84
248 138
248 239
248 310
248 598
249 569
249 631
249 27
249 42
249 50
249 84
249 121
249 151
249 153
249 181
249 227
249 599
250 394
250 404
250 544
250 603
250 654
250 33
250 40
250 98
250 124
250 126
250 264
250 318
250 328
250 329
250 600
251 434
251 449
251 626
251 44
251 67
251 83
251 107
251 110
251 150
251 151
251 177
251 197
251 297
251 313
251 601
252 397
252 434
252 446
252 451
252 529
252 620
252 636
252 8
252 27
252 43
252 56
252 130
252 155
252 188
252 224
252 256
252 269
252 297
252 300
252 329
252 602
253 377
253 652
253 13
253 109
253 154
253 165
253 170
253 199
253 223
253 261
253 267
253 298
253 310
253 323
253 331
253 603
254 402
254 470
254 556
254 561
254 692
254 16
254 57
254 70
254 84
254 130
254 136
254 145
254 222
254 227
254 286
254 604
255 356
255 408
255 477
255 671
255 11
255 18
255 23
255 94
255 107
255 143
255 180
255 182
255 194
255 196
255 205
255 223
255 300
255 346
255 605
256 391
256 405
256 440
256 674
256 49
256 93
256 188
256 190
256 228
256 230
256 252
256 606
257 600
257 639
257 0
257 22
257 25
257 65
257 84
257 105
257 348
257 607
258 664
258 56
258 143
258 152
258 214
258 608
259 411
259 422
259 466
259 30
259 101
259 134
259 145
259 196
259 201
259 227
259 290
259 343
259 346
259 609
260 358
260 594
260 57
260 136
260 190
260 231
260 348
260 610
261 639
261 63
261 100
261 101
261 162
261 167
261 192
261 207
261 234
261 253
261 273
261 277
261 288
261 291
261 307
261 313
261 611
262 397
262 659
262 13
262 14
262 102
262 217
262 305
262 612
263 504
263 567
263 606
263 0
263 70
263 84
263 142
263 164
263 219
263 613
264 672
264 656
264 376
264 350
264 54
264 57
264 74
264 236
264 250
264 290
264 614
265 410
265 416
265 418
265 633
265 655
265 13
265 36
265 47
265 116
265 143
265 146
265 155
265 304
265 312
265 615
266 481
266 499
266 551
266 75
266 173
266 221
266 283
266 328
266 333
266 337
266 338
266 616
267 535
267 8
267 43
267 48
267 66
267 119
267 148
267 154
267 179
267 215
267 223
267 231
267 253
267 272
267 285
267 290
267 325
267 345
267 617
268 351
268 475
268 509
268 591
268 20
268 55
268 79
268 90
268 156
268 159
268 192
268 320
268 618
269 449
269 535
269 27
269 57
269 76
269 121
269 126
269 127
269 174
269 214
269 244
269 252
269 302
269 348
269 619
270 375
270 386
270 397
270 401
270 408
270 427
270 500
270 544
270 3
270 64
270 76
270 101
270 127
270 131
270 140
270 148
270 161
270 202
270 209
270 218
270 219
270 229
270 279
270 288
270 293
270 299
270 330
270 344
270 620
271 399
271 400
271 505
271 547
271 570
271 83
271 93
271 106
271 236
271 246
271 277
271 278
271 283
271 621
272 363
272 369
272 627
272 678
272 19
272 37
272 41
272 67
272 131
272 188
272 192
272 224
272 267
272 288
272 310
272 622
273 480
273 506
273 547
273 657
273 698
273 20
273 119
273 133
273 157
273 217
273 261
273 296
273 310
273 623
274 677
274 672
274 390
274 376
274 47
274 50
274 98
274 115
274 130
274 189
274 207
274 226
274 233
274 245
274 246
274 287
274 293
274 328
274 624
275 353
275 393
275 667
275 46
275 77
275 135
275 149
275 181
275 189
275 215
275 240
275 625
276 382
276 414
276 496
276 550
276 551
276 559
276 14
276 198
276 230
276 281
276 334
276 626
277 508
277 563
277 636
277 648
277 684
277 15
277 49
277 140
277 150
277 171
277 178
277 261
277 271
277 295
277 311
277 333
277 627
278 366
278 592
278 638
278 10
278 47
278 67
278 97
278 131
278 271
278 293
278 308
278 628
279 379
279 639
279 655
279 12
279 17
279 21
279 48
279 83
279 88
279 121
279 174
279 270
279 287
279 629
280 381
280 531
280 574
280 28
280 74
280 225
280 312
280 630
281 383
281 422
281 612
281 151
281 199
281 216
281 235
281 276
281 321
281 631
282 597
282 37
282 113
282 161
282 174
282 184
282 204
282 216
282 292
282 322
282 329
282 632
283 412
283 578
283 85
283 157
283 203
283 266
283 271
283 286
283 314
283 315
283 334
283 633
284 634
284 697
284 21
284 23
284 43
284 78
284 104
284 110
284 115
284 129
284 141
284 175
284 199
284 203
284 233
284 304
284 326
285 360
285 372
285 480
285 653
285 669
285 2
285 45
285 56
285 65
285 89
285 103
285 155
285 173
285 201
285 224
285 243
285 267
285 330
285 635
286 434
286 492
286 579
286 693
286 15
286 24
286 54
286 73
286 101
286 130
286 132
286 191
286 221
286 222
286 254
286 283
286 311
286 326
286 636
287 411
287 506
287 671
287 673
287 64
287 101
287 165
287 171
287 177
287 199
287 215
287 222
287 274
287 279
287 637
288 694
288 677
288 420
288 390
288 32
288 74
288 89
288 97
288 165
288 201
288 231
288 239
288 261
288 270
288 272
288 349
288 638
289 399
289 503
289 570
289 59
289 63
289 65
289 117
289 157
289 227
289 229
289 233
289 245
289 307
289 639
290 425
290 682
290 11
290 75
290 101
290 135
290 140
290 181
290 198
290 259
290 264
290 267
290 291
290 332
290 640
291 472
291 525
291 15
291 50
291 51
291 115
291 123
291 187
291 202
291 215
291 219
291 232
291 261
291 290
291 317
291 641
292 434
292 485
292 499
292 17
292 47
292 56
292 63
292 115
292 202
292 282
292 303
292 314
292 333
292 642
293 415
293 440
293 445
293 473
293 476
293 673
293 678
293 19
293 44
293 76
293 93
293 95
293 97
293 120
293 152
293 210
293 224
293 229
293 270
293 274
293 278
293 296
293 337
293 341
293 643
294 503
294 530
294 676
294 9
294 106
294 119
294 128
294 214
294 219
294 237
294 317
294 339
294 644
295 360
295 456
295 573
295 593
295 616
295 67
295 97
295 189
295 203
295 230
295 231
295 277
295 298
295 324
295 645
296 391
296 411
296 464
296 57
296 99
296 273
296 293
296 336
296 646
297 422
297 472
297 484
297 611
297 0
297 3
297 36
297 129
297 160
297 230
297 238
297 240
297 251
297 252
297 315
297 338
297 348
297 647
298 494
298 561
298 577
298 588
298 665
298 18
298 29
298 64
298 71
298 134
298 191
298 208
298 224
298 235
298 253
298 295
298 336
298 648
299 396
299 531
299 37
299 127
299 138
299 155
299 196
299 224
299 244
299 270
299 347
299 649
300 416
300 446
300 30
300 116
300 130
300 145
300 230
300 247
300 252
300 255
300 303
300 310
300 321
300 332
300 650
301 387
301 546
301 571
301 11
301 18
301 41
301 51
301 64
301 97
301 132
301 133
301 167
301 190
301 195
301 247
301 304
301 338
301 345
301 651
302 470
302 482
302 624
302 42
302 96
302 106
302 109
302 119
302 141
302 146
302 202
302 208
302 269
302 652
303 380
303 415
303 658
303 52
303 63
303 97
303 98
303 106
303 125
303 224
303 236
303 292
303 300
303 653
304 533
304 9
304 54
304 196
304 225
304 265
304 284
304 301
304 319
304 654
305 372
305 487
305 32
305 67
305 84
305 91
305 189
305 234
305 239
305 262
305 326
305 344
305 655
306 353
306 372
306 479
306 572
306 642
306 4
306 41
306 74
306 81
306 107
306 168
306 171
306 177
306 178
306 196
306 236
306 314
306 321
306 334
306 341
306 656
307 413
307 414
307 7
307 17
307 32
307 49
307 51
307 59
307 62
307 171
307 226
307 261
307 289
307 657
308 421
308 440
308 604
308 606
308 631
308 3
308 178
308 226
308 278
308 340
308 346
308 658
309 465
309 470
309 481
309 503
309 613
309 643
309 79
309 112
309 113
309 115
309 129
309 161
309 184
309 208
309 223
309 339
309 340
309 659
310 384
310 464
310 544
310 558
310 667
310 45
310 69
310 82
310 88
310 93
310 101
310 133
310 143
310 149
310 175
310 192
310 201
310 248
310 253
310 272
310 273
310 300
310 660
311 397
311 527
311 563
311 570
311 94
311 120
311 162
311 166
311 277
311 286
311 337
311 661
312 405
312 435
312 460
312 647
312 56
312 171
312 265
312 280
312 662
313 408
313 458
313 517
313 551
313 573
313 5
313 20
313 26
313 57
313 60
313 62
313 158
313 161
313 168
313 183
313 222
313 251
313 261
313 318
313 327
313 663
314 461
314 514
314 535
314 590
314 622
314 683
314 51
314 75
314 91
314 99
314 150
314 183
314 199
314 229
314 283
314 292
314 306
314 664
315 430
315 509
315 618
315 3
315 11
315 17
315 29
315 74
315 105
315 138
315 148
315 212
315 239
315 246
315 283
315 297
315 665
316 453
316 470
316 657
316 178
316 197
316 214
316 326
316 331
316 666
317 442
317 529
317 556
317 53
317 121
317 153
317 173
317 217
317 246
317 291
317 294
317 324
317 667
318 451
318 2
318 58
318 69
318 119
318 122
318 131
318 138
318 145
318 147
318 168
318 183
318 190
318 191
318 200
318 250
318 313
318 668
319 500
319 547
319 578
319 584
319 657
319 693
319 44
319 45
319 68
319 73
319 116
319 142
319 145
319 191
319 196
319 208
319 240
319 304
319 669
320 612
320 50
320 51
320 129
320 134
320 138
320 154
320 192
320 268
320 670
321 394
321 460
321 486
321 570
321 578
321 591
321 667
321 109
321 147
321 193
321 228
321 281
321 300
321 306
321 671
322 367
322 531
322 655
322 57
322 75
322 108
322 114
322 130
322 153
322 175
322 176
322 238
322 282
322 324
322 672
323 354
323 640
323 15
323 76
323 127
323 170
323 211
323 228
323 235
323 253
323 673
324 378
324 403
324 421
324 473
324 540
324 630
324 648
324 690
324 0
324 43
324 79
324 103
324 104
324 105
324 109
324 156
324 213
324 247
324 295
324 317
324 322
324 336
324 674
325 485
325 531
325 599
325 64
325 114
325 116
325 210
325 231
325 267
325 675
326 461
326 475
326 543
326 555
326 594
326 595
326 644
326 683
326 39
326 120
326 122
326 138
326 166
326 178
326 187
326 205
326 208
326 214
326 229
326 284
326 286
326 305
326 316
326 334
326 676
327 364
327 454
327 464
327 521
327 525
327 537
327 648
327 649
327 671
327 19
327 35
327 39
327 50
327 61
327 108
327 126
327 183
327 218
327 222
327 313
327 677
328 455
328 486
328 572
328 16
328 61
328 87
328 90
328 137
328 146
328 177
328 214
328 250
328 266
328 274
328 329
328 337
328 678
329 421
329 673
329 156
329 176
329 200
329 216
329 230
329 250
329 252
329 282
329 328
329 679
330 370
330 415
330 421
330 504
330 523
330 583
330 625
330 37
330 55
330 59
330 83
330 137
330 164
330 202
330 211
330 213
330 229
330 235
330 270
330 285
330 680
331 559
331 561
331 581
331 657
331 150
331 253
331 316
331 681
332 364
332 369
332 409
332 556
332 55
332 56
332 93
332 120
332 162
332 163
332 194
332 215
332 290
332 300
332 682
333 387
333 663
333 6
333 87
333 90
333 94
333 145
333 151
333 186
333 187
333 188
333 223
333 233
333 236
333 244
333 266
333 277
333 292
333 683
334 352
334 41
334 129
334 133
334 189
334 230
334 276
334 283
334 306
334 326
334 684
335 699
335 694
335 507
335 420
335 12
335 46
335 64
335 105
335 172
335 190
335 199
335 339
335 685
336 561
336 683
336 3
336 14
336 28
336 66
336 76
336 100
336 103
336 118
336 137
336 172
336 191
336 192
336 246
336 296
336 298
336 324
336 686
337 382
337 424
337 514
337 563
337 12
337 36
337 41
337 61
337 65
337 85
337 122
337 127
337 153
337 183
337 266
337 293
337 311
337 328
337 341
337 687
338 448
338 568
338 609
338 38
338 50
338 82
338 119
338 192
338 235
338 239
338 266
338 297
338 301
338 688
339 461
339 551
339 11
339 94
339 129
339 139
339 188
339 294
339 309
339 335
339 689
340 414
340 428
340 511
340 584
340 641
340 655
340 671
340 23
340 27
340 54
340 68
340 76
340 117
340 119
340 145
340 164
340 168
340 170
340 308
340 309
340 690
341 509
341 34
341 58
341 60
341 76
341 80
341 101
341 133
341 176
341 190
341 244
341 293
341 306
341 337
341 691
342 529
342 579
342 681
342 2
342 31
342 125
342 202
342 208
342 215
342 692
343 356
343 394
343 411
343 418
343 450
343 546
343 581
343 644
343 665
343 692
343 2
343 48
343 49
343 63
343 82
343 212
343 259
343 693
344 433
344 483
344 508
344 627
344 648
344 11
344 72
344 74
344 106
344 153
344 188
344 193
344 195
344 198
344 270
344 305
344 694
345 495
345 555
345 608
345 8
345 47
345 70
345 71
345 94
345 143
345 186
345 247
345 267
345 301
345 695
346 550
346 616
346 653
346 48
346 103
346 127
346 178
346 183
346 214
346 235
346 255
346 259
346 308
346 696
347 424
347 426
347 19
347 41
347 46
347 187
347 194
347 198
347 204
347 214
347 299
347 697
348 606
348 654
348 675
348 0
348 45
348 56
348 65
348 156
348 257
348 260
348 269
348 297
348 698
349 659
349 699
349 45
349 79
349 94
349 103
349 185
349 201
349 288
350 264
350 0
351 268
351 1
352 13
352 43
352 44
352 184
352 334
352 2
353 275
353 306
353 3
354 97
354 193
354 323
354 4
355 67
355 119
355 203
355 213
355 218
355 5
356 7
356 64
356 68
356 255
356 343
356 6
357 135
357 173
357 174
357 210
357 7
358 105
358 137
358 157
358 170
358 241
358 260
358 8
359 36
359 85
359 126
359 9
360 153
360 224
360 285
360 295
360 10
361 23
361 24
361 64
361 170
361 11
362 13
362 12
363 88
363 272
363 13
364 83
364 327
364 332
364 14
365 143
365 175
365 194
365 15
366 4
366 14
366 201
366 278
366 16
367 23
367 110
367 322
367 17
368 98
368 157
368 18
369 26
369 43
369 272
369 332
369 19
370 15
370 70
370 330
370 20
371 80
371 147
371 151
371 173
371 197
371 21
372 31
372 115
372 127
372 285
372 305
372 306
372 22
373 59
373 84
373 123
373 23
374 161
374 186
374 24
375 49
375 270
375 25
376 264
376 274
376 26
377 114
377 253
377 27
378 50
378 230
378 324
378 28
379 120
379 133
379 279
379 29
380 303
380 30
381 31
381 93
381 195
381 197
381 221
381 280
382 70
382 244
382 276
382 337
382 32
383 92
383 167
383 179
383 211
383 281
383 33
384 142
384 206
384 310
384 34
385 55
385 134
385 216
385 35
386 140
386 198
386 270
386 36
387 56
387 201
387 301
387 333
387 37
388 13
388 23
388 100
388 115
388 124
388 207
388 214
388 38
389 93
389 100
389 39
390 274
390 288
390 40
391 3
391 256
391 296
391 41
392 56
392 81
392 175
392 186
392 42
393 60
393 275
393 43
394 7
394 103
394 211
394 250
394 321
394 343
394 44
395 105
395 45
396 107
396 150
396 299
396 46
397 89
397 170
397 183
397 225
397 252
397 262
397 270
397 311
397 47
398 132
398 181
398 248
398 48
399 68
399 94
399 271
399 289
399 49
400 2
400 42
400 136
400 160
400 271
400 50
401 83
401 132
401 270
401 51
402 0
402 28
402 71
402 180
402 195
402 242
402 254
402 52
403 81
403 112
403 248
403 324
403 53
404 205
404 250
404 54
405 256
405 312
405 55
406 106
406 56
407 15
407 119
407 236
407 57
408 5
408 19
408 28
408 132
408 152
408 170
408 201
408 255
408 270
408 313
408 58
409 29
409 64
409 154
409 332
409 59
410 30
410 211
410 265
410 60
411 43
411 103
411 187
411 210
411 259
411 287
411 296
411 343
411 61
412 79
412 283
412 62
413 48
413 66
413 124
413 227
413 307
413 63
414 100
414 231
414 276
414 307
414 340
414 64
415 78
415 147
415 153
415 293
415 303
415 330
415 65
416 20
416 172
416 265
416 300
416 66
417 19
417 139
417 67
418 265
418 343
418 68
419 81
419 224
419 69
420 288
420 335
420 70
421 73
421 223
421 308
421 324
421 329
421 330
421 71
422 108
422 195
422 259
422 281
422 297
422 72
423 217
423 245
423 73
424 133
424 222
424 229
424 337
424 347
424 74
425 13
425 26
425 105
425 290
425 75
426 98
426 347
426 76
427 197
427 270
427 77
428 36
428 71
428 221
428 246
428 340
428 78
429 131
429 146
429 167
429 79
430 145
430 175
430 315
430 80
431 23
431 80
431 112
431 81
432 8
432 35
432 72
432 82
432 120
432 129
432 191
432 195
433 52
433 344
433 83
434 106
434 138
434 163
434 251
434 252
434 286
434 292
434 84
435 58
435 123
435 133
435 312
435 85
436 118
436 179
436 194
436 86
437 1
437 205
437 87
438 117
438 184
438 88
439 108
439 119
439 89
440 5
440 23
440 43
440 87
440 256
440 293
440 308
440 90
441 0
441 45
441 63
441 91
442 63
442 178
442 212
442 317
442 92
443 14
443 92
443 167
443 93
444 14
444 112
444 94
445 123
445 153
445 189
445 293
445 95
446 165
446 172
446 201
446 252
446 300
446 96
447 6
447 101
447 97
448 338
448 98
449 2
449 5
449 46
449 113
449 236
449 251
449 269
449 99
450 161
450 343
450 100
451 46
451 187
451 241
451 252
451 318
451 101
452 134
452 152
452 174
452 176
452 102
453 13
453 316
453 103
454 58
454 157
454 327
454 104
455 328
455 105
456 295
456 106
457 98
457 107
458 21
458 41
458 51
458 313
458 108
459 117
459 212
459 109
460 5
460 312
460 321
460 110
461 203
461 232
461 314
461 326
461 339
461 111
462 134
462 112
463 8
463 28
463 148
463 229
463 113
464 2
464 185
464 227
464 244
464 296
464 310
464 327
464 114
465 24
465 38
465 68
465 309
465 115
466 89
466 259
466 116
467 54
467 117
468 14
468 33
468 85
468 97
468 135
468 203
468 118
469 121
469 239
469 119
470 254
470 302
470 309
470 316
470 120
471 24
471 29
471 138
471 150
471 227
471 121
472 48
472 207
472 291
472 297
472 122
473 2
473 54
473 62
473 134
473 293
473 324
473 123
474 74
474 164
474 233
474 124
475 17
475 110
475 210
475 268
475 326
475 125
476 6
476 29
476 173
476 248
476 293
476 126
477 230
477 234
477 255
477 127
478 71
478 175
478 234
478 128
479 71
479 84
479 158
479 306
479 129
480 43
480 273
480 285
480 130
481 14
481 91
481 214
481 222
481 235
481 244
481 266
481 309
481 131
482 152
482 177
482 302
482 132
483 4
483 15
483 344
483 133
484 108
484 129
484 245
484 297
484 134
485 91
485 122
485 220
485 292
485 325
485 135
486 81
486 109
486 193
486 321
486 328
486 136
487 60
487 241
487 305
487 137
488 154
488 138
489 179
489 139
490 235
490 140
491 39
491 169
491 141
492 10
492 22
492 63
492 185
492 215
492 286
492 142
493 58
493 107
493 145
493 164
493 229
493 143
494 15
494 58
494 111
494 298
494 144
495 135
495 185
495 212
495 345
495 145
496 39
496 98
496 276
496 146
497 108
497 147
498 132
498 234
498 148
499 190
499 222
499 266
499 292
499 149
500 270
500 319
500 150
501 4
501 10
501 184
501 205
501 245
501 151
502 99
502 137
502 145
502 199
502 152
503 27
503 74
503 202
503 244
503 289
503 294
503 309
503 153
504 13
504 199
504 263
504 330
504 154
505 59
505 96
505 218
505 228
505 236
505 271
505 155
506 183
506 230
506 273
506 287
506 156
507 16
507 335
507 157
508 98
508 277
508 344
508 158
509 93
509 179
509 268
509 315
509 341
509 159
510 78
510 217
510 160
511 159
511 340
511 161
512 95
512 115
512 238
512 162
513 47
513 210
513 163
514 192
514 215
514 219
514 314
514 337
514 164
515 16
515 32
515 166
515 165
516 167
516 166
517 41
517 96
517 313
517 167
518 32
518 34
518 168
519 229
519 169
520 145
520 170
521 38
521 135
521 186
521 327
521 171
522 22
522 56
522 81
522 172
523 23
523 38
523 99
523 168
523 330
523 173
524 73
524 174
525 103
525 291
525 327
525 175
526 24
526 103
526 176
527 119
527 232
527 311
527 177
528 42
528 178
529 252
529 317
529 342
529 179
530 0
530 121
530 294
530 180
531 65
531 280
531 299
531 322
531 325
531 181
532 15
532 74
532 131
532 200
532 221
532 182
533 83
533 111
533 173
533 185
533 202
533 304
533 183
534 34
534 61
534 184
535 3
535 80
535 267
535 269
535 314
535 185
536 108
536 113
536 186
537 60
537 117
537 327
537 187
538 36
538 102
538 152
538 188
539 190
539 189
540 227
540 324
540 190
541 102
541 109
541 183
541 198
541 191
542 125
542 143
542 192
543 105
543 150
543 326
543 193
544 229
544 250
544 270
544 310
544 194
545 86
545 195
546 194
546 301
546 343
546 196
547 152
547 242
547 271
547 273
547 319
547 197
548 22
548 151
548 178
548 189
548 208
548 198
549 7
549 55
549 88
549 199
550 31
550 232
550 276
550 346
550 200
551 55
551 63
551 170
551 228
551 266
551 276
551 313
551 339
551 201
552 154
552 159
552 190
552 246
552 202
553 39
553 52
553 205
553 203
554 12
554 204
555 73
555 94
555 182
555 188
555 326
555 345
555 205
556 64
556 97
556 254
556 317
556 332
556 206
557 159
557 212
557 207
558 95
558 310
558 208
559 151
559 194
559 209
559 276
559 331
560 60
560 210
561 163
561 220
561 254
561 298
561 331
561 336
561 211
562 80
562 135
562 164
562 220
562 212
563 4
563 115
563 154
563 189
563 237
563 277
563 311
563 337
563 213
564 41
564 52
564 136
564 176
564 214
565 143
565 170
565 215
566 3
566 20
566 221
566 216
567 8
567 25
567 52
567 62
567 163
567 179
567 191
567 263
567 217
568 57
568 130
568 177
568 338
568 218
569 249
569 219
570 18
570 38
570 113
570 127
570 271
570 289
570 311
570 321
570 220
571 301
571 221
572 104
572 111
572 306
572 328
572 222
573 13
573 80
573 98
573 159
573 175
573 209
573 295
573 313
573 223
574 35
574 83
574 280
574 224
575 81
575 97
575 237
575 225
576 112
576 136
576 226
577 56
577 103
577 203
577 211
577 217
577 298
577 227
578 139
578 174
578 283
578 319
578 321
578 228
579 39
579 82
579 286
579 342
579 229
580 76
580 93
580 96
580 121
580 195
580 230
581 137
581 331
581 343
581 231
582 10
582 110
582 114
582 146
582 232
583 114
583 245
583 330
583 233
584 48
584 319
584 340
584 234
585 20
585 235
586 89
586 181
586 248
586 236
587 62
587 187
587 237
588 86
588 114
588 298
588 238
589 10
589 239
590 91
590 314
590 240
591 48
591 268
591 321
591 241
592 168
592 234
592 278
592 242
593 295
593 243
594 123
594 135
594 145
594 260
594 326
594 244
595 68
595 186
595 190
595 326
595 245
596 87
596 145
596 246
597 184
597 282
597 247
598 61
598 77
598 90
598 248
599 24
599 82
599 325
599 249
600 239
600 257
600 250
601 133
601 251
602 114
602 119
602 205
602 241
602 252
603 10
603 250
603 253
604 308
604 254
605 196
605 255
606 91
606 162
606 211
606 243
606 247
606 263
606 308
606 348
606 256
607 44
607 105
607 257
608 72
608 76
608 217
608 345
608 258
609 215
609 338
609 259
610 29
610 211
610 245
610 260
611 35
611 76
611 196
611 212
611 297
611 261
612 12
612 30
612 42
612 66
612 93
612 169
612 241
612 281
612 320
612 262
613 0
613 143
613 150
613 198
613 225
613 234
613 309
613 263
614 57
614 185
614 264
615 139
615 140
615 164
615 169
615 177
615 233
615 245
615 265
616 175
616 205
616 295
616 346
616 266
617 111
617 237
617 267
618 37
618 174
618 219
618 315
618 268
619 150
619 269
620 252
620 270
621 90
621 144
621 271
622 31
622 45
622 87
622 238
622 314
622 272
623 24
623 60
623 154
623 158
623 206
623 273
624 5
624 47
624 132
624 149
624 243
624 302
624 274
625 76
625 128
625 138
625 330
625 275
626 33
626 234
626 251
626 276
627 9
627 155
627 224
627 272
627 344
627 277
628 6
628 78
628 94
628 156
628 278
629 10
629 159
629 169
629 208
629 279
630 221
630 324
630 280
631 50
631 116
631 141
631 249
631 308
631 281
632 75
632 282
633 265
633 283
634 3
634 20
634 67
634 182
634 189
634 284
635 18
635 24
635 285
636 252
636 277
636 286
637 80
637 287
638 278
638 288
639 13
639 121
639 179
639 195
639 257
639 261
639 279
639 289
640 43
640 150
640 207
640 323
640 290
641 11
641 19
641 340
641 291
642 25
642 56
642 105
642 177
642 306
642 292
643 58
643 199
643 309
643 293
644 113
644 248
644 326
644 343
644 294
645 108
645 230
645 295
646 144
646 226
646 296
647 66
647 93
647 243
647 312
647 297
648 63
648 93
648 115
648 148
648 227
648 277
648 324
648 327
648 344
648 298
649 2
649 236
649 242
649 327
649 299
650 38
650 113
650 232
650 244
650 247
650 300
651 120
651 204
651 301
652 69
652 153
652 253
652 302
653 26
653 285
653 346
653 303
654 18
654 250
654 348
654 304
655 40
655 56
655 101
655 265
655 279
655 322
655 340
655 305
656 226
656 264
656 306
657 118
657 171
657 183
657 273
657 316
657 319
657 331
657 307
658 303
658 308
659 120
659 262
659 349
659 309
660 105
660 193
660 310
661 36
661 49
661 137
661 162
661 311
662 123
662 312
663 12
663 13
663 63
663 70
663 210
663 333
663 313
664 81
664 258
664 314
665 26
665 213
665 298
665 343
665 315
666 0
666 54
666 189
666 241
666 316
667 133
667 143
667 275
667 310
667 321
667 317
668 53
668 65
668 318
669 33
669 135
669 285
669 319
670 19
670 180
670 206
670 320
671 195
671 246
671 255
671 287
671 327
671 340
671 321
672 240
672 264
672 274
672 322
673 145
673 229
673 246
673 287
673 293
673 329
673 323
674 6
674 39
674 233
674 256
674 324
675 100
675 214
675 348
675 325
676 68
676 294
676 326
677 274
677 288
677 327
678 272
678 293
678 328
679 40
679 103
679 149
679 180
679 183
679 329
680 130
680 149
680 169
680 214
680 330
681 92
681 230
681 342
681 331
682 22
682 57
682 290
682 332
683 29
683 130
683 314
683 326
683 336
683 333
684 277
684 334
685 0
685 75
685 335
686 18
686 198
686 203
686 336
687 28
687 105
687 121
687 206
687 337
688 24
688 147
688 248
688 338
689 137
689 195
689 225
689 339
690 31
690 33
690 80
690 324
690 340
691 124
691 341
692 124
692 126
692 254
692 343
692 342
693 33
693 74
693 140
693 152
693 158
693 212
693 286
693 319
693 343
694 288
694 335
694 344
695 57
695 76
695 154
695 165
695 345
696 21
696 73
696 111
696 346
697 118
697 224
697 284
697 347
698 6
698 68
698 121
698 182
698 206
698 229
698 273
698 348
699 15
699 88
699 201
699 335
699 349
