  300   2177
0 153
0 176
0 183
0 200
0 228
0 238
0 243
0 274
0 288
0 299
0 9
0 10
0 16
0 19
0 21
0 34
0 52
0 68
0 85
0 91
0 103
0 105
0 117
0 123
0 140
0 146
0 150
1 152
1 154
1 155
1 156
1 163
1 198
1 205
1 222
1 257
1 291
1 299
1 4
1 5
1 14
1 16
1 23
1 24
1 31
1 45
1 52
1 63
1 64
1 81
1 82
1 83
1 84
1 91
1 97
1 111
1 143
1 151
2 157
2 205
2 238
2 241
2 255
2 285
2 293
2 8
2 13
2 19
2 30
2 64
2 65
2 79
2 82
2 90
2 116
2 128
2 129
2 149
2 152
3 159
3 205
3 213
3 215
3 257
3 9
3 17
3 21
3 53
3 87
3 102
3 131
3 136
3 137
3 153
4 158
4 168
4 181
4 195
4 214
4 264
4 1
4 18
4 44
4 56
4 62
4 66
4 87
4 89
4 94
4 95
4 100
4 102
4 128
4 131
4 135
4 154
5 156
5 190
5 207
5 225
5 226
5 229
5 243
5 254
5 258
5 274
5 288
5 1
5 9
5 10
5 12
5 13
5 21
5 39
5 41
5 58
5 65
5 73
5 107
5 131
5 139
5 140
5 155
6 193
6 211
6 217
6 220
6 240
6 263
6 275
6 297
6 21
6 47
6 57
6 59
6 61
6 72
6 94
6 100
6 102
6 114
6 138
6 144
6 156
7 164
7 176
7 178
7 183
7 197
7 201
7 205
7 227
7 231
7 240
7 258
7 40
7 44
7 45
7 50
7 86
7 87
7 97
7 102
7 105
7 113
7 119
7 124
7 125
7 135
7 157
8 180
8 190
8 215
8 222
8 229
8 282
8 284
8 298
8 2
8 16
8 30
8 50
8 64
8 71
8 75
8 96
8 103
8 106
8 123
8 147
8 158
9 176
9 188
9 212
9 247
9 288
9 0
9 3
9 5
9 38
9 40
9 60
9 84
9 91
9 104
9 106
9 126
9 128
9 130
9 159
10 169
10 237
10 247
10 254
10 270
10 291
10 296
10 299
10 0
10 5
10 39
10 48
10 54
10 56
10 98
10 101
10 103
10 104
10 105
10 146
10 160
11 159
11 191
11 246
11 262
11 278
11 288
11 290
11 293
11 32
11 57
11 68
11 100
11 105
11 108
11 109
11 121
11 125
11 127
11 138
11 161
12 156
12 167
12 168
12 169
12 171
12 172
12 190
12 193
12 229
12 238
12 270
12 299
12 5
12 32
12 37
12 41
12 65
12 89
12 102
12 115
12 132
12 148
12 149
12 162
13 169
13 193
13 194
13 206
13 218
13 233
13 251
13 270
13 279
13 285
13 297
13 2
13 5
13 14
13 16
13 27
13 28
13 39
13 41
13 44
13 57
13 67
13 74
13 83
13 84
13 95
13 98
13 105
13 115
13 118
13 125
13 128
13 134
13 138
13 149
13 163
14 151
14 153
14 187
14 260
14 268
14 293
14 1
14 13
14 17
14 21
14 53
14 57
14 63
14 87
14 90
14 110
14 117
14 129
14 132
14 135
14 141
14 146
14 164
15 192
15 228
15 247
15 250
15 251
15 19
15 28
15 32
15 57
15 86
15 107
15 119
15 125
15 130
15 147
15 165
16 158
16 181
16 295
16 299
16 0
16 1
16 8
16 13
16 26
16 28
16 33
16 35
16 42
16 44
16 92
16 99
16 140
16 166
17 178
17 195
17 267
17 279
17 3
17 14
17 30
17 34
17 46
17 66
17 75
17 86
17 124
17 133
17 135
17 138
17 142
17 144
17 167
18 188
18 232
18 241
18 245
18 246
18 277
18 281
18 294
18 4
18 19
18 25
18 32
18 52
18 54
18 61
18 72
18 107
18 116
18 122
18 131
18 133
18 136
18 138
18 168
19 150
19 231
19 232
19 281
19 0
19 2
19 15
19 18
19 28
19 50
19 52
19 54
19 65
19 75
19 114
19 124
19 169
20 221
20 255
20 268
20 273
20 279
20 282
20 30
20 56
20 104
20 110
20 118
20 121
20 132
20 170
21 150
21 184
21 190
21 192
21 229
21 235
21 236
21 249
21 256
21 277
21 280
21 290
21 292
21 0
21 3
21 5
21 6
21 14
21 31
21 53
21 57
21 75
21 76
21 81
21 84
21 104
21 108
21 118
21 120
21 131
21 136
21 137
21 171
22 188
22 194
22 197
22 205
22 217
22 256
22 271
22 291
22 23
22 24
22 29
22 43
22 86
22 95
22 102
22 122
22 123
22 126
22 143
22 172
23 209
23 213
23 215
23 221
23 281
23 1
23 22
23 28
23 33
23 41
23 80
23 84
23 90
23 97
23 98
23 99
23 107
23 112
23 115
23 173
24 181
24 225
24 226
24 286
24 288
24 290
24 299
24 1
24 22
24 28
24 38
24 43
24 47
24 54
24 55
24 73
24 77
24 82
24 83
24 85
24 91
24 97
24 110
24 113
24 124
24 129
24 130
24 145
24 146
24 147
24 174
25 155
25 160
25 182
25 210
25 213
25 214
25 235
25 239
25 275
25 283
25 18
25 68
25 93
25 105
25 115
25 133
25 135
25 136
25 175
26 157
26 171
26 180
26 192
26 196
26 210
26 211
26 215
26 221
26 269
26 16
26 37
26 51
26 52
26 72
26 76
26 83
26 86
26 87
26 88
26 91
26 92
26 97
26 105
26 116
26 127
26 139
26 148
26 176
27 152
27 179
27 218
27 223
27 253
27 274
27 281
27 284
27 286
27 296
27 13
27 42
27 55
27 56
27 57
27 61
27 79
27 83
27 91
27 125
27 138
27 177
28 150
28 188
28 191
28 196
28 216
28 237
28 243
28 277
28 295
28 13
28 15
28 16
28 19
28 23
28 24
28 35
28 39
28 41
28 46
28 54
28 60
28 65
28 73
28 111
28 121
28 122
28 148
28 178
29 172
29 179
29 185
29 204
29 218
29 227
29 244
29 259
29 22
29 62
29 88
29 99
29 109
29 113
29 114
29 137
29 145
30 156
30 162
30 215
30 225
30 294
30 2
30 8
30 17
30 20
30 33
30 41
30 65
30 67
30 126
30 142
30 180
31 224
31 247
31 276
31 1
31 21
31 34
31 38
31 51
31 67
31 78
31 79
31 100
31 118
31 128
31 137
31 181
32 158
32 172
32 185
32 205
32 294
32 11
32 12
32 15
32 18
32 40
32 41
32 45
32 50
32 86
32 94
32 98
32 105
32 113
32 124
32 182
33 160
33 218
33 234
33 16
33 23
33 30
33 38
33 43
33 44
33 71
33 78
33 88
33 92
33 95
33 113
33 117
33 118
33 143
33 147
33 183
34 162
34 170
34 179
34 220
34 241
34 264
34 269
34 270
34 0
34 17
34 31
34 72
34 113
34 124
34 136
34 184
35 163
35 176
35 236
35 264
35 267
35 284
35 16
35 28
35 37
35 51
35 55
35 84
35 95
35 100
35 106
35 110
35 132
35 137
35 139
35 185
36 166
36 171
36 183
36 197
36 259
36 278
36 37
36 52
36 55
36 57
36 73
36 86
36 88
36 96
36 131
36 148
36 186
37 182
37 183
37 267
37 292
37 12
37 26
37 35
37 36
37 40
37 45
37 49
37 68
37 83
37 84
37 87
37 89
37 103
37 117
37 120
37 130
37 187
38 153
38 183
38 193
38 199
38 211
38 218
38 220
38 271
38 9
38 24
38 31
38 33
38 72
38 85
38 89
38 109
38 122
38 136
38 188
39 161
39 208
39 226
39 237
39 248
39 286
39 5
39 10
39 13
39 28
39 47
39 55
39 57
39 59
39 62
39 75
39 76
39 77
39 80
39 82
39 85
39 106
39 116
39 189
40 188
40 215
40 221
40 249
40 270
40 290
40 7
40 9
40 32
40 37
40 50
40 64
40 67
40 88
40 89
40 94
40 109
40 134
40 190
41 176
41 186
41 201
41 230
41 235
41 247
41 264
41 282
41 286
41 5
41 12
41 13
41 23
41 28
41 30
41 32
41 47
41 48
41 63
41 94
41 100
41 109
41 113
41 122
41 127
41 128
41 191
42 190
42 201
42 229
42 16
42 27
42 47
42 59
42 70
42 76
42 79
42 80
42 88
42 96
42 104
42 122
42 123
42 145
42 192
43 184
43 251
43 283
43 298
43 299
43 22
43 24
43 33
43 58
43 71
43 72
43 73
43 106
43 139
43 193
44 187
44 200
44 229
44 258
44 267
44 272
44 274
44 277
44 296
44 4
44 7
44 13
44 16
44 33
44 63
44 72
44 76
44 89
44 101
44 110
44 119
44 149
44 194
45 150
45 153
45 182
45 183
45 200
45 219
45 255
45 266
45 297
45 1
45 7
45 32
45 37
45 54
45 58
45 96
45 110
45 118
45 141
45 143
45 195
46 163
46 204
46 207
46 212
46 239
46 250
46 262
46 294
46 17
46 28
46 58
46 73
46 79
46 83
46 90
46 108
46 125
46 132
46 196
47 170
47 186
47 200
47 218
47 220
47 238
47 6
47 24
47 39
47 41
47 42
47 57
47 93
47 97
47 111
47 117
47 136
47 197
48 150
48 192
48 222
48 229
48 245
48 298
48 10
48 41
48 49
48 68
48 87
48 107
48 110
48 116
48 138
48 143
48 146
48 198
49 155
49 182
49 196
49 202
49 229
49 242
49 285
49 288
49 37
49 48
49 72
49 83
49 94
49 122
49 126
49 131
49 137
49 145
49 147
49 199
50 186
50 196
50 226
50 230
50 290
50 295
50 7
50 8
50 19
50 32
50 40
50 72
50 88
50 112
50 113
50 121
50 122
50 133
50 137
50 139
50 200
51 160
51 187
51 252
51 256
51 282
51 26
51 31
51 35
51 59
51 60
51 79
51 89
51 98
51 119
51 127
51 128
51 131
51 139
51 201
52 170
52 176
52 202
52 255
52 258
52 280
52 0
52 1
52 18
52 19
52 26
52 36
52 67
52 76
52 80
52 123
52 128
52 144
52 146
52 148
53 152
53 177
53 231
53 238
53 239
53 249
53 250
53 267
53 3
53 14
53 21
53 54
53 70
53 87
53 106
53 114
53 119
53 139
53 203
54 226
54 296
54 10
54 18
54 19
54 24
54 28
54 45
54 53
54 60
54 61
54 66
54 102
54 112
54 204
55 153
55 206
55 218
55 244
55 263
55 299
55 24
55 27
55 35
55 36
55 39
55 65
55 66
55 76
55 83
55 97
55 108
55 109
55 114
55 117
55 205
56 186
56 194
56 232
56 242
56 269
56 270
56 4
56 10
56 20
56 27
56 83
56 88
56 100
56 126
56 142
56 148
56 206
57 153
57 159
57 163
57 199
57 204
57 218
57 264
57 280
57 6
57 11
57 13
57 14
57 15
57 21
57 27
57 36
57 39
57 47
57 69
57 75
57 101
57 104
57 124
57 144
57 207
58 195
58 209
58 210
58 222
58 260
58 285
58 293
58 298
58 5
58 43
58 45
58 46
58 59
58 66
58 71
58 74
58 75
58 105
58 106
58 107
58 128
58 132
58 208
59 196
59 283
59 284
59 6
59 39
59 42
59 51
59 58
59 69
59 90
59 110
59 118
59 140
59 209
60 166
60 172
60 221
60 237
60 254
60 279
60 286
60 9
60 28
60 51
60 54
60 85
60 118
60 120
60 129
60 130
60 139
60 141
60 210
61 159
61 272
61 275
61 6
61 18
61 27
61 54
61 64
61 75
61 85
61 97
61 109
61 110
61 124
61 131
61 144
61 149
61 211
62 154
62 160
62 186
62 273
62 4
62 29
62 39
62 81
62 105
62 112
62 113
62 117
62 130
62 212
63 158
63 172
63 187
63 213
63 214
63 238
63 292
63 298
63 1
63 14
63 41
63 44
63 81
63 85
63 99
63 117
63 125
63 137
64 185
64 250
64 284
64 1
64 2
64 8
64 40
64 61
64 66
64 95
64 103
64 106
64 120
64 128
64 133
64 134
64 137
64 139
64 145
64 214
65 152
65 177
65 189
65 200
65 222
65 281
65 2
65 5
65 12
65 19
65 28
65 30
65 55
65 69
65 88
65 92
65 112
65 123
65 125
65 132
65 138
65 147
65 149
65 215
66 172
66 190
66 194
66 213
66 270
66 278
66 287
66 4
66 17
66 54
66 55
66 58
66 64
66 75
66 78
66 89
66 101
66 123
66 128
66 216
67 170
67 185
67 193
67 206
67 209
67 219
67 221
67 250
67 290
67 292
67 13
67 30
67 31
67 40
67 52
67 68
67 70
67 100
67 135
67 146
67 217
68 184
68 216
68 228
68 248
68 255
68 267
68 274
68 290
68 0
68 11
68 25
68 37
68 48
68 67
68 73
68 108
68 112
68 124
68 218
69 299
69 57
69 59
69 65
69 70
69 75
69 79
69 80
69 91
69 107
69 117
69 124
69 140
69 141
69 219
70 153
70 165
70 173
70 186
70 191
70 207
70 215
70 221
70 230
70 234
70 296
70 42
70 53
70 67
70 69
70 74
70 101
70 131
70 220
71 152
71 168
71 197
71 217
71 218
71 227
71 237
71 255
71 258
71 274
71 283
71 295
71 8
71 33
71 43
71 58
71 75
71 89
71 97
71 105
71 110
71 111
71 120
71 221
72 153
72 191
72 213
72 218
72 227
72 235
72 239
72 246
72 249
72 269
72 271
72 288
72 294
72 6
72 18
72 26
72 34
72 38
72 43
72 44
72 49
72 50
72 74
72 90
72 103
72 104
72 131
72 137
72 141
72 149
72 222
73 176
73 189
73 191
73 220
73 236
73 239
73 263
73 264
73 271
73 290
73 5
73 24
73 28
73 36
73 43
73 46
73 68
73 86
73 94
73 95
73 104
73 109
73 114
73 117
73 125
73 130
73 136
73 138
73 223
74 167
74 179
74 189
74 258
74 283
74 13
74 58
74 70
74 72
74 89
74 92
74 93
74 111
74 112
74 113
74 123
74 130
74 145
74 224
75 150
75 158
75 162
75 175
75 176
75 178
75 182
75 232
75 234
75 235
75 238
75 239
75 259
75 292
75 297
75 8
75 17
75 19
75 21
75 39
75 57
75 58
75 61
75 66
75 69
75 71
75 92
75 97
75 100
75 129
75 135
75 139
75 225
76 166
76 198
76 236
76 288
76 290
76 21
76 26
76 39
76 42
76 44
76 52
76 55
76 92
76 126
76 127
76 130
76 226
77 152
77 155
77 187
77 217
77 237
77 242
77 244
77 24
77 39
77 91
77 99
77 104
77 112
77 113
77 146
77 227
78 169
78 179
78 232
78 261
78 291
78 296
78 31
78 33
78 66
78 93
78 94
78 96
78 111
78 129
78 135
78 144
78 147
78 228
79 161
79 197
79 221
79 230
79 266
79 293
79 2
79 27
79 31
79 42
79 46
79 51
79 69
79 94
79 99
79 101
79 108
79 138
79 229
80 156
80 192
80 195
80 206
80 261
80 263
80 277
80 278
80 23
80 39
80 42
80 52
80 69
80 86
80 94
80 104
80 119
80 133
80 134
80 140
80 149
80 230
81 150
81 159
81 173
81 207
81 211
81 292
81 1
81 21
81 62
81 63
81 85
81 102
81 111
81 146
81 149
81 231
82 162
82 164
82 177
82 186
82 193
82 227
82 233
82 269
82 271
82 1
82 2
82 24
82 39
82 99
82 105
82 128
82 131
82 232
83 166
83 192
83 196
83 197
83 208
83 233
83 282
83 1
83 13
83 24
83 26
83 27
83 37
83 46
83 49
83 55
83 56
83 100
83 107
83 108
83 124
83 134
84 170
84 192
84 210
84 242
84 260
84 263
84 264
84 294
84 1
84 9
84 13
84 21
84 23
84 35
84 37
84 107
84 114
84 125
84 133
84 137
84 145
84 234
85 154
85 197
85 198
85 216
85 235
85 251
85 278
85 0
85 24
85 38
85 39
85 60
85 61
85 63
85 81
85 98
85 102
85 103
85 114
85 118
85 130
85 131
85 139
86 211
86 213
86 259
86 278
86 298
86 7
86 15
86 17
86 22
86 26
86 32
86 36
86 73
86 80
86 100
86 128
86 131
86 132
86 138
86 236
87 155
87 168
87 182
87 221
87 222
87 241
87 264
87 281
87 283
87 294
87 297
87 298
87 3
87 4
87 7
87 14
87 26
87 37
87 48
87 53
87 91
87 109
87 237
88 175
88 265
88 299
88 26
88 29
88 33
88 36
88 40
88 42
88 50
88 56
88 65
88 91
88 112
88 123
88 133
88 238
89 197
89 214
89 221
89 244
89 4
89 12
89 37
89 38
89 40
89 44
89 51
89 66
89 71
89 74
89 95
89 131
89 137
89 239
90 161
90 168
90 178
90 196
90 199
90 251
90 263
90 2
90 14
90 23
90 46
90 59
90 72
90 92
90 100
90 103
90 105
90 111
90 134
90 136
90 144
90 240
91 185
91 244
91 0
91 1
91 9
91 24
91 26
91 27
91 69
91 77
91 87
91 88
91 100
91 109
91 114
91 127
91 140
91 143
91 241
92 167
92 202
92 259
92 279
92 285
92 287
92 290
92 16
92 26
92 33
92 65
92 74
92 75
92 76
92 90
92 97
92 98
92 111
92 141
92 242
93 193
93 207
93 242
93 247
93 280
93 25
93 47
93 74
93 78
93 122
93 146
93 148
93 243
94 160
94 195
94 209
94 263
94 264
94 283
94 4
94 6
94 32
94 40
94 41
94 49
94 73
94 78
94 79
94 80
94 100
94 107
94 124
94 136
94 244
95 181
95 197
95 205
95 210
95 235
95 241
95 244
95 253
95 264
95 4
95 13
95 22
95 33
95 35
95 64
95 73
95 89
95 97
95 101
95 112
95 116
95 118
95 146
95 149
95 245
96 159
96 180
96 199
96 243
96 248
96 258
96 292
96 297
96 8
96 36
96 42
96 45
96 78
96 103
96 112
96 246
97 156
97 166
97 178
97 207
97 221
97 243
97 274
97 276
97 288
97 1
97 7
97 23
97 24
97 26
97 47
97 55
97 61
97 71
97 75
97 92
97 95
97 102
97 133
97 138
97 145
97 148
97 247
98 173
98 179
98 208
98 209
98 211
98 228
98 260
98 296
98 10
98 13
98 23
98 32
98 51
98 85
98 92
98 102
98 121
98 134
98 248
99 219
99 220
99 250
99 298
99 16
99 23
99 29
99 63
99 77
99 79
99 82
99 107
99 113
99 114
99 138
99 249
100 154
100 156
100 164
100 199
100 268
100 4
100 6
100 11
100 31
100 35
100 41
100 56
100 67
100 75
100 83
100 86
100 90
100 91
100 94
100 102
100 111
100 116
100 125
100 148
100 250
101 152
101 158
101 171
101 199
101 202
101 221
101 229
101 260
101 266
101 288
101 10
101 44
101 57
101 66
101 70
101 79
101 95
101 103
101 104
101 127
101 132
101 133
101 139
101 142
101 143
101 251
102 153
102 157
102 159
102 163
102 169
102 177
102 222
102 245
102 253
102 263
102 3
102 4
102 6
102 7
102 12
102 22
102 54
102 81
102 85
102 97
102 98
102 100
102 106
102 252
103 195
103 206
103 227
103 251
103 280
103 283
103 0
103 8
103 10
103 37
103 64
103 72
103 85
103 90
103 96
103 101
103 111
103 117
103 253
104 150
104 187
104 209
104 246
104 298
104 9
104 10
104 20
104 21
104 42
104 57
104 72
104 73
104 77
104 80
104 101
104 122
104 124
104 126
104 141
104 147
104 254
105 165
105 177
105 195
105 203
105 235
105 237
105 281
105 0
105 7
105 10
105 11
105 13
105 25
105 26
105 32
105 58
105 62
105 71
105 82
105 90
105 107
105 125
105 137
105 140
105 148
105 255
106 150
106 164
106 166
106 170
106 180
106 197
106 222
106 225
106 226
106 247
106 256
106 268
106 294
106 8
106 9
106 35
106 39
106 43
106 53
106 58
106 64
106 102
106 113
106 117
106 118
106 123
106 138
106 147
107 157
107 207
107 209
107 244
107 252
107 267
107 276
107 5
107 15
107 18
107 23
107 48
107 58
107 69
107 83
107 84
107 94
107 99
107 105
107 114
107 257
108 150
108 169
108 176
108 199
108 200
108 204
108 227
108 275
108 11
108 21
108 46
108 55
108 68
108 79
108 83
108 114
108 127
108 142
108 258
109 165
109 226
109 259
109 286
109 11
109 29
109 38
109 40
109 41
109 55
109 61
109 73
109 87
109 91
109 117
109 118
109 129
109 134
109 141
110 203
110 212
110 221
110 236
110 250
110 252
110 258
110 279
110 297
110 14
110 20
110 24
110 35
110 44
110 45
110 48
110 59
110 61
110 71
110 118
110 123
110 135
110 144
110 260
111 180
111 215
111 273
111 286
111 1
111 28
111 47
111 71
111 74
111 78
111 81
111 90
111 92
111 100
111 103
111 118
111 119
111 125
111 129
111 141
111 142
111 261
112 155
112 163
112 226
112 228
112 23
112 50
112 54
112 62
112 65
112 68
112 74
112 77
112 88
112 95
112 96
112 114
112 122
112 262
113 161
113 210
113 232
113 236
113 289
113 7
113 24
113 29
113 32
113 33
113 34
113 41
113 50
113 62
113 74
113 77
113 99
113 106
113 114
113 135
113 142
113 263
114 160
114 175
114 200
114 211
114 223
114 224
114 237
114 6
114 19
114 29
114 53
114 55
114 73
114 84
114 85
114 91
114 99
114 107
114 108
114 112
114 113
114 116
114 122
114 139
114 141
114 264
115 175
115 193
115 223
115 232
115 246
115 267
115 273
115 280
115 287
115 12
115 13
115 23
115 25
115 126
115 129
115 265
116 152
116 170
116 205
116 220
116 294
116 299
116 2
116 18
116 26
116 39
116 48
116 95
116 100
116 114
116 122
116 266
117 174
117 189
117 202
117 206
117 219
117 233
117 249
117 273
117 279
117 0
117 14
117 33
117 37
117 47
117 55
117 62
117 63
117 69
117 73
117 103
117 106
117 109
117 120
117 134
117 144
117 145
117 267
118 166
118 190
118 192
118 219
118 226
118 261
118 13
118 20
118 21
118 31
118 33
118 45
118 59
118 60
118 85
118 95
118 106
118 109
118 110
118 111
118 133
118 146
118 268
119 187
119 211
119 225
119 275
119 279
119 7
119 15
119 44
119 51
119 53
119 80
119 111
119 145
119 147
119 269
120 181
120 191
120 193
120 223
120 273
120 281
120 21
120 37
120 60
120 64
120 71
120 117
120 121
120 125
120 128
120 270
121 178
121 190
121 213
121 233
121 251
121 276
121 285
121 11
121 20
121 28
121 50
121 98
121 120
121 136
121 140
121 141
121 149
121 271
122 152
122 182
122 221
122 226
122 253
122 287
122 295
122 18
122 22
122 28
122 38
122 41
122 42
122 49
122 50
122 93
122 104
122 112
122 114
122 116
122 138
122 139
122 272
123 172
123 184
123 186
123 188
123 200
123 288
123 294
123 0
123 8
123 22
123 42
123 52
123 65
123 66
123 74
123 88
123 106
123 110
123 273
124 153
124 190
124 200
124 213
124 248
124 263
124 275
124 276
124 296
124 7
124 17
124 19
124 24
124 32
124 34
124 57
124 61
124 68
124 69
124 83
124 94
124 104
124 127
124 145
124 274
125 154
125 159
125 181
125 182
125 186
125 207
125 212
125 236
125 265
125 273
125 278
125 283
125 7
125 11
125 13
125 15
125 27
125 46
125 63
125 65
125 73
125 84
125 100
125 105
125 111
125 120
125 128
125 130
125 275
126 166
126 196
126 197
126 240
126 256
126 258
126 271
126 276
126 296
126 299
126 9
126 22
126 30
126 49
126 56
126 76
126 104
126 115
126 133
127 185
127 206
127 213
127 216
127 227
127 235
127 251
127 272
127 11
127 26
127 41
127 51
127 76
127 91
127 101
127 108
127 124
127 129
127 131
127 145
127 277
128 226
128 247
128 249
128 273
128 284
128 285
128 288
128 294
128 2
128 4
128 9
128 13
128 31
128 41
128 51
128 52
128 58
128 64
128 66
128 82
128 86
128 120
128 125
128 138
128 145
128 278
129 176
129 190
129 200
129 218
129 235
129 251
129 259
129 277
129 283
129 2
129 14
129 24
129 60
129 75
129 78
129 109
129 111
129 115
129 127
129 145
129 279
130 160
130 167
130 189
130 206
130 275
130 9
130 15
130 24
130 37
130 60
130 62
130 73
130 74
130 76
130 85
130 125
130 140
130 280
131 156
131 160
131 171
131 182
131 187
131 188
131 198
131 200
131 209
131 242
131 256
131 3
131 4
131 5
131 18
131 21
131 36
131 49
131 51
131 61
131 70
131 72
131 82
131 85
131 86
131 89
131 127
131 133
131 281
132 167
132 188
132 236
132 287
132 12
132 14
132 20
132 35
132 46
132 58
132 65
132 86
132 101
132 142
132 145
132 282
133 182
133 189
133 206
133 225
133 267
133 292
133 295
133 298
133 17
133 18
133 25
133 50
133 64
133 80
133 84
133 88
133 97
133 101
133 118
133 126
133 131
133 142
133 283
134 153
134 154
134 180
134 192
134 227
134 241
134 249
134 264
134 271
134 294
134 13
134 40
134 64
134 80
134 83
134 90
134 98
134 109
134 117
134 284
135 195
135 237
135 249
135 267
135 4
135 7
135 14
135 17
135 25
135 67
135 75
135 78
135 110
135 113
135 141
135 144
135 285
136 187
136 192
136 193
136 208
136 220
136 222
136 226
136 230
136 233
136 235
136 242
136 254
136 271
136 273
136 295
136 3
136 18
136 21
136 25
136 34
136 38
136 47
136 73
136 90
136 94
136 121
136 141
136 286
137 159
137 172
137 214
137 255
137 3
137 21
137 29
137 31
137 35
137 49
137 50
137 63
137 64
137 72
137 84
137 89
137 105
137 148
137 287
138 157
138 169
138 187
138 196
138 201
138 212
138 231
138 236
138 6
138 11
138 13
138 17
138 18
138 27
138 48
138 65
138 73
138 79
138 86
138 97
138 99
138 106
138 122
138 128
138 288
139 157
139 178
139 234
139 262
139 287
139 5
139 26
139 35
139 43
139 50
139 51
139 53
139 60
139 64
139 75
139 85
139 101
139 114
139 122
139 289
140 155
140 180
140 192
140 215
140 248
140 269
140 295
140 0
140 5
140 16
140 59
140 69
140 80
140 91
140 105
140 121
140 130
140 290
141 160
141 175
141 204
141 234
141 269
141 294
141 298
141 14
141 45
141 60
141 69
141 72
141 92
141 104
141 109
141 111
141 114
141 121
141 135
141 136
141 143
141 291
142 151
142 164
142 165
142 174
142 176
142 180
142 197
142 215
142 228
142 236
142 281
142 288
142 17
142 30
142 56
142 101
142 108
142 111
142 113
142 132
142 133
142 144
142 146
142 292
143 152
143 157
143 202
143 216
143 221
143 277
143 1
143 22
143 33
143 45
143 48
143 91
143 101
143 141
143 293
144 155
144 182
144 195
144 228
144 277
144 289
144 294
144 298
144 6
144 17
144 52
144 57
144 61
144 78
144 90
144 110
144 117
144 135
144 142
145 173
145 210
145 241
145 256
145 278
145 279
145 290
145 297
145 24
145 29
145 42
145 49
145 64
145 74
145 84
145 97
145 117
145 119
145 124
145 127
145 128
145 129
145 132
145 295
146 154
146 209
146 210
146 225
146 234
146 281
146 0
146 10
146 14
146 24
146 48
146 52
146 67
146 77
146 81
146 93
146 95
146 118
146 142
146 296
147 167
147 174
147 195
147 198
147 209
147 216
147 236
147 247
147 256
147 293
147 294
147 8
147 15
147 24
147 33
147 49
147 65
147 78
147 104
147 106
147 119
147 297
148 153
148 159
148 162
148 166
148 238
148 267
148 12
148 26
148 28
148 36
148 52
148 56
148 93
148 97
148 100
148 105
148 137
148 298
149 159
149 229
149 242
149 254
149 2
149 12
149 13
149 44
149 61
149 65
149 72
149 80
149 81
149 95
149 121
149 299
150 19
150 21
150 28
150 45
150 48
150 75
150 81
150 104
150 106
150 108
150 0
151 14
151 142
151 1
152 1
152 27
152 53
152 65
152 71
152 77
152 101
152 116
152 122
152 143
152 2
153 0
153 14
153 38
153 45
153 55
153 57
153 70
153 72
153 102
153 124
153 134
153 148
153 3
154 1
154 62
154 85
154 100
154 125
154 134
154 146
154 4
155 1
155 25
155 49
155 77
155 87
155 112
155 140
155 144
155 5
156 1
156 5
156 12
156 30
156 80
156 97
156 100
156 131
156 6
157 2
157 26
157 102
157 107
157 138
157 139
157 143
157 7
158 4
158 16
158 32
158 63
158 75
158 101
158 8
159 3
159 11
159 57
159 61
159 81
159 96
159 102
159 125
159 137
159 148
159 149
159 9
160 25
160 33
160 51
160 62
160 94
160 114
160 130
160 131
160 141
160 10
161 39
161 79
161 90
161 113
161 11
162 30
162 34
162 75
162 82
162 148
162 12
163 1
163 35
163 46
163 57
163 102
163 112
163 13
164 7
164 82
164 100
164 106
164 142
164 14
165 70
165 105
165 109
165 142
165 15
166 36
166 60
166 76
166 83
166 97
166 106
166 118
166 126
166 148
166 16
167 12
167 74
167 92
167 130
167 132
167 147
167 17
168 4
168 12
168 71
168 87
168 90
168 18
169 10
169 12
169 13
169 78
169 102
169 108
169 138
169 19
170 34
170 47
170 52
170 67
170 84
170 106
170 116
170 20
171 12
171 26
171 36
171 101
171 131
171 21
172 12
172 29
172 32
172 60
172 63
172 66
172 123
172 137
172 22
173 70
173 81
173 98
173 145
173 23
174 117
174 142
174 147
174 24
175 75
175 88
175 114
175 115
175 141
175 25
176 0
176 7
176 9
176 35
176 41
176 52
176 73
176 75
176 108
176 129
176 142
176 26
177 53
177 65
177 82
177 102
177 105
177 27
178 7
178 17
178 75
178 90
178 97
178 121
178 139
178 28
179 27
179 29
179 34
179 74
179 78
179 98
180 8
180 26
180 96
180 106
180 111
180 134
180 140
180 142
180 30
181 4
181 16
181 24
181 95
181 120
181 125
181 31
182 25
182 37
182 45
182 49
182 75
182 87
182 122
182 125
182 131
182 133
182 144
182 32
183 0
183 7
183 36
183 37
183 38
183 45
183 33
184 21
184 43
184 68
184 123
184 34
185 29
185 32
185 64
185 67
185 91
185 127
185 35
186 41
186 47
186 50
186 56
186 62
186 70
186 82
186 123
186 125
186 36
187 14
187 44
187 51
187 63
187 77
187 104
187 119
187 131
187 136
187 138
187 37
188 9
188 18
188 22
188 28
188 40
188 123
188 131
188 132
188 38
189 65
189 73
189 74
189 117
189 130
189 133
189 39
190 5
190 8
190 12
190 21
190 42
190 66
190 118
190 121
190 124
190 129
190 40
191 11
191 28
191 70
191 72
191 73
191 120
191 41
192 15
192 21
192 26
192 48
192 80
192 83
192 84
192 118
192 134
192 136
192 140
192 42
193 6
193 12
193 13
193 38
193 67
193 82
193 93
193 115
193 120
193 136
193 43
194 13
194 22
194 56
194 66
194 44
195 4
195 17
195 58
195 80
195 94
195 103
195 105
195 135
195 144
195 147
195 45
196 26
196 28
196 49
196 50
196 59
196 83
196 90
196 126
196 138
196 46
197 7
197 22
197 36
197 71
197 79
197 83
197 85
197 89
197 95
197 106
197 126
197 142
197 47
198 1
198 76
198 85
198 131
198 147
198 48
199 38
199 57
199 90
199 96
199 100
199 101
199 108
199 49
200 0
200 44
200 45
200 47
200 65
200 108
200 114
200 123
200 124
200 129
200 131
200 50
201 7
201 41
201 42
201 138
201 51
202 49
202 52
202 92
202 101
202 117
202 143
203 105
203 110
203 53
204 29
204 46
204 57
204 108
204 141
204 54
205 1
205 2
205 3
205 7
205 22
205 32
205 95
205 116
205 55
206 13
206 55
206 67
206 80
206 103
206 117
206 127
206 130
206 133
206 56
207 5
207 46
207 70
207 81
207 93
207 97
207 107
207 125
207 57
208 39
208 83
208 98
208 136
208 58
209 23
209 58
209 67
209 94
209 98
209 104
209 107
209 131
209 146
209 147
209 59
210 25
210 26
210 58
210 84
210 95
210 113
210 145
210 146
210 60
211 6
211 26
211 38
211 81
211 86
211 98
211 114
211 119
211 61
212 9
212 46
212 110
212 125
212 138
212 62
213 3
213 23
213 25
213 63
213 66
213 72
213 86
213 121
213 124
213 127
214 4
214 25
214 63
214 89
214 137
214 64
215 3
215 8
215 23
215 26
215 30
215 40
215 70
215 111
215 140
215 142
215 65
216 28
216 68
216 85
216 127
216 143
216 147
216 66
217 6
217 22
217 71
217 77
217 67
218 13
218 27
218 29
218 33
218 38
218 47
218 55
218 57
218 71
218 72
218 129
218 68
219 45
219 67
219 99
219 117
219 118
219 69
220 6
220 34
220 38
220 47
220 73
220 99
220 116
220 136
220 70
221 20
221 23
221 26
221 40
221 60
221 67
221 70
221 79
221 87
221 89
221 97
221 101
221 110
221 122
221 143
221 71
222 1
222 8
222 48
222 58
222 65
222 87
222 102
222 106
222 136
222 72
223 27
223 114
223 115
223 120
223 73
224 31
224 114
224 74
225 5
225 24
225 30
225 106
225 119
225 133
225 146
225 75
226 5
226 24
226 39
226 50
226 54
226 106
226 109
226 112
226 118
226 122
226 128
226 136
226 76
227 7
227 29
227 71
227 72
227 82
227 103
227 108
227 127
227 134
227 77
228 0
228 15
228 68
228 98
228 112
228 142
228 144
228 78
229 5
229 8
229 12
229 21
229 42
229 44
229 48
229 49
229 101
229 149
229 79
230 41
230 50
230 70
230 79
230 136
230 80
231 7
231 19
231 53
231 138
231 81
232 18
232 19
232 56
232 75
232 78
232 113
232 115
232 82
233 13
233 82
233 83
233 117
233 121
233 136
234 33
234 70
234 75
234 139
234 141
234 146
234 84
235 21
235 25
235 41
235 72
235 75
235 85
235 95
235 105
235 127
235 129
235 136
236 21
236 35
236 73
236 76
236 110
236 113
236 125
236 132
236 138
236 142
236 147
236 86
237 10
237 28
237 39
237 60
237 71
237 77
237 105
237 114
237 135
237 87
238 0
238 2
238 12
238 47
238 53
238 63
238 75
238 148
238 88
239 25
239 46
239 53
239 72
239 73
239 75
239 89
240 6
240 7
240 126
240 90
241 2
241 18
241 34
241 87
241 95
241 134
241 145
241 91
242 49
242 56
242 77
242 84
242 93
242 131
242 136
242 149
242 92
243 0
243 5
243 28
243 96
243 97
243 93
244 29
244 55
244 77
244 89
244 91
244 95
244 107
244 94
245 18
245 48
245 102
245 95
246 11
246 18
246 72
246 104
246 115
246 96
247 9
247 10
247 15
247 31
247 41
247 93
247 106
247 128
247 147
247 97
248 39
248 68
248 96
248 124
248 140
248 98
249 21
249 40
249 53
249 72
249 117
249 128
249 134
249 135
249 99
250 15
250 46
250 53
250 64
250 67
250 99
250 110
250 100
251 13
251 15
251 43
251 85
251 90
251 103
251 121
251 127
251 129
251 101
252 51
252 107
252 110
252 102
253 27
253 95
253 102
253 122
253 103
254 5
254 10
254 60
254 136
254 149
254 104
255 2
255 20
255 45
255 52
255 68
255 71
255 137
255 105
256 21
256 22
256 51
256 106
256 126
256 131
256 145
256 147
257 1
257 3
257 107
258 5
258 7
258 44
258 52
258 71
258 74
258 96
258 110
258 126
258 108
259 29
259 36
259 75
259 86
259 92
259 109
259 129
260 14
260 58
260 84
260 98
260 101
260 110
261 78
261 80
261 118
261 111
262 11
262 46
262 139
262 112
263 6
263 55
263 73
263 80
263 84
263 90
263 94
263 102
263 124
263 113
264 4
264 34
264 35
264 41
264 57
264 73
264 84
264 87
264 94
264 95
264 134
264 114
265 88
265 125
265 115
266 45
266 79
266 101
266 116
267 17
267 35
267 37
267 44
267 53
267 68
267 107
267 115
267 133
267 135
267 148
267 117
268 14
268 20
268 100
268 106
268 118
269 26
269 34
269 56
269 72
269 82
269 140
269 141
269 119
270 10
270 12
270 13
270 34
270 40
270 56
270 66
270 120
271 22
271 38
271 72
271 73
271 82
271 126
271 134
271 136
271 121
272 44
272 61
272 127
272 122
273 20
273 62
273 111
273 115
273 117
273 120
273 125
273 128
273 136
273 123
274 0
274 5
274 27
274 44
274 68
274 71
274 97
274 124
275 6
275 25
275 61
275 108
275 119
275 124
275 130
275 125
276 31
276 97
276 107
276 121
276 124
276 126
277 18
277 21
277 28
277 44
277 80
277 129
277 143
277 144
277 127
278 11
278 36
278 66
278 80
278 85
278 86
278 125
278 145
278 128
279 13
279 17
279 20
279 60
279 92
279 110
279 117
279 119
279 145
279 129
280 21
280 52
280 57
280 93
280 103
280 115
280 130
281 18
281 19
281 23
281 27
281 65
281 87
281 105
281 120
281 142
281 146
281 131
282 8
282 20
282 41
282 51
282 83
282 132
283 25
283 43
283 59
283 71
283 74
283 87
283 94
283 103
283 125
283 129
283 133
284 8
284 27
284 35
284 59
284 64
284 128
284 134
285 2
285 13
285 49
285 58
285 92
285 121
285 128
285 135
286 24
286 27
286 39
286 41
286 60
286 109
286 111
286 136
287 66
287 92
287 115
287 122
287 132
287 139
287 137
288 0
288 5
288 9
288 11
288 24
288 49
288 72
288 76
288 97
288 101
288 123
288 128
288 142
288 138
289 113
289 144
289 139
290 11
290 21
290 24
290 40
290 50
290 67
290 68
290 73
290 76
290 92
290 145
290 140
291 1
291 10
291 22
291 78
291 141
292 21
292 37
292 63
292 67
292 75
292 81
292 96
292 133
292 142
293 2
293 11
293 14
293 58
293 79
293 147
293 143
294 18
294 30
294 32
294 46
294 72
294 84
294 87
294 106
294 116
294 123
294 128
294 134
294 141
294 144
294 147
295 16
295 28
295 50
295 71
295 122
295 133
295 136
295 140
295 145
296 10
296 27
296 44
296 54
296 70
296 78
296 98
296 124
296 126
296 146
297 6
297 13
297 45
297 75
297 87
297 96
297 110
297 145
297 147
298 8
298 43
298 48
298 58
298 63
298 86
298 87
298 99
298 104
298 133
298 141
298 144
298 148
299 0
299 1
299 10
299 12
299 16
299 24
299 43
299 55
299 69
299 88
299 116
299 126
299 149
