  500   6391
0 258
0 281
0 297
0 300
0 301
0 318
0 339
0 387
0 402
0 403
0 423
0 9
0 71
0 75
0 108
0 127
0 134
0 136
0 193
0 206
0 236
0 250
1 253
1 282
1 292
1 305
1 311
1 317
1 336
1 343
1 382
1 383
1 391
1 406
1 407
1 415
1 447
1 466
1 472
1 484
1 492
1 498
1 23
1 62
1 70
1 73
1 109
1 114
1 132
1 135
1 147
1 149
1 168
1 175
1 178
1 202
1 251
2 260
2 261
2 269
2 277
2 303
2 348
2 377
2 408
2 426
2 428
2 431
2 456
2 491
2 497
2 3
2 7
2 22
2 37
2 39
2 56
2 58
2 112
2 117
2 119
2 138
2 146
2 151
2 160
2 167
2 201
2 232
2 252
3 255
3 256
3 295
3 300
3 306
3 321
3 330
3 335
3 339
3 340
3 353
3 373
3 387
3 388
3 393
3 454
3 460
3 493
3 2
3 16
3 39
3 48
3 107
3 132
3 143
3 173
3 199
3 236
3 253
4 258
4 266
4 279
4 288
4 294
4 317
4 322
4 340
4 341
4 360
4 386
4 394
4 410
4 439
4 451
4 465
4 492
4 37
4 93
4 94
4 101
4 174
4 254
5 250
5 251
5 257
5 278
5 281
5 295
5 310
5 325
5 353
5 359
5 375
5 408
5 415
5 429
5 435
5 440
5 445
5 450
5 459
5 473
5 474
5 497
5 34
5 61
5 97
5 128
5 141
5 151
5 164
5 171
5 221
5 231
5 241
5 255
6 273
6 275
6 291
6 309
6 336
6 340
6 370
6 380
6 383
6 419
6 420
6 428
6 444
6 445
6 455
6 459
6 466
6 485
6 489
6 491
6 494
6 31
6 39
6 44
6 117
6 126
6 133
6 180
6 212
6 256
7 263
7 270
7 276
7 278
7 282
7 290
7 293
7 306
7 315
7 319
7 377
7 379
7 395
7 431
7 457
7 463
7 478
7 487
7 488
7 494
7 2
7 80
7 83
7 208
7 227
7 257
8 250
8 257
8 280
8 317
8 336
8 342
8 377
8 391
8 393
8 399
8 407
8 414
8 467
8 471
8 475
8 493
8 14
8 33
8 45
8 81
8 188
8 220
8 231
8 258
9 258
9 264
9 282
9 289
9 302
9 305
9 348
9 406
9 421
9 428
9 444
9 448
9 465
9 491
9 498
9 0
9 21
9 46
9 47
9 70
9 75
9 79
9 85
9 107
9 198
9 218
9 259
10 271
10 308
10 312
10 341
10 343
10 344
10 349
10 356
10 362
10 365
10 366
10 370
10 378
10 379
10 399
10 406
10 416
10 421
10 423
10 427
10 430
10 431
10 439
10 458
10 465
10 474
10 476
10 483
10 486
10 489
10 494
10 22
10 28
10 41
10 74
10 115
10 127
10 167
10 191
10 209
10 242
10 260
11 254
11 260
11 265
11 268
11 308
11 316
11 334
11 349
11 402
11 404
11 408
11 409
11 424
11 436
11 440
11 453
11 458
11 464
11 478
11 487
11 495
11 496
11 498
11 15
11 20
11 22
11 48
11 83
11 85
11 116
11 121
11 128
11 158
11 167
11 214
11 247
11 261
12 250
12 256
12 264
12 276
12 278
12 281
12 284
12 291
12 315
12 331
12 332
12 344
12 352
12 365
12 366
12 371
12 391
12 402
12 415
12 441
12 462
12 464
12 468
12 476
12 494
12 21
12 69
12 96
12 161
12 214
12 219
12 226
12 262
13 256
13 260
13 280
13 295
13 297
13 316
13 319
13 325
13 328
13 337
13 346
13 393
13 395
13 399
13 408
13 410
13 446
13 459
13 470
13 487
13 493
13 498
13 45
13 122
13 129
13 196
13 205
13 229
13 249
13 263
14 262
14 292
14 322
14 337
14 361
14 366
14 382
14 388
14 396
14 409
14 461
14 462
14 474
14 475
14 489
14 8
14 25
14 26
14 40
14 41
14 49
14 56
14 57
14 99
14 115
14 164
14 169
14 191
14 197
14 241
14 264
15 283
15 288
15 303
15 343
15 347
15 353
15 365
15 382
15 384
15 396
15 406
15 420
15 439
15 441
15 447
15 453
15 457
15 462
15 486
15 11
15 25
15 28
15 38
15 68
15 104
15 144
15 160
15 167
15 173
15 201
15 210
15 219
15 265
16 256
16 271
16 287
16 288
16 301
16 302
16 310
16 319
16 354
16 371
16 392
16 399
16 403
16 438
16 459
16 468
16 491
16 3
16 33
16 70
16 88
16 145
16 182
16 184
16 203
16 239
16 266
17 250
17 255
17 275
17 279
17 294
17 304
17 311
17 315
17 321
17 328
17 329
17 335
17 337
17 357
17 362
17 364
17 373
17 379
17 389
17 391
17 399
17 415
17 465
17 477
17 488
17 28
17 70
17 114
17 150
17 167
17 216
17 242
17 267
18 250
18 256
18 271
18 290
18 302
18 347
18 381
18 382
18 384
18 417
18 426
18 428
18 457
18 476
18 492
18 493
18 58
18 68
18 96
18 110
18 167
18 175
18 181
18 209
18 212
18 268
19 253
19 266
19 269
19 283
19 300
19 336
19 342
19 348
19 373
19 377
19 381
19 394
19 411
19 437
19 438
19 443
19 444
19 449
19 459
19 471
19 474
19 483
19 118
19 144
19 215
19 240
19 248
20 262
20 273
20 278
20 280
20 285
20 306
20 308
20 311
20 312
20 323
20 370
20 384
20 402
20 408
20 409
20 414
20 449
20 489
20 11
20 22
20 77
20 97
20 115
20 132
20 209
20 270
21 272
21 295
21 307
21 309
21 318
21 350
21 366
21 367
21 373
21 387
21 395
21 408
21 411
21 434
21 445
21 479
21 484
21 9
21 12
21 29
21 50
21 76
21 94
21 146
21 148
21 161
21 271
22 260
22 264
22 272
22 275
22 278
22 291
22 333
22 365
22 379
22 386
22 420
22 445
22 448
22 455
22 458
22 464
22 476
22 485
22 491
22 2
22 10
22 11
22 20
22 67
22 96
22 100
22 131
22 213
22 214
22 241
22 248
23 264
23 267
23 275
23 297
23 301
23 322
23 340
23 346
23 354
23 361
23 363
23 378
23 386
23 398
23 402
23 416
23 424
23 426
23 459
23 493
23 495
23 1
23 35
23 44
23 56
23 126
23 161
23 206
23 232
23 273
24 292
24 293
24 312
24 333
24 335
24 368
24 374
24 385
24 388
24 402
24 403
24 413
24 419
24 421
24 422
24 427
24 441
24 459
24 474
24 485
24 493
24 25
24 31
24 41
24 67
24 82
24 115
24 131
24 133
24 274
25 258
25 259
25 260
25 262
25 264
25 272
25 283
25 292
25 321
25 325
25 343
25 352
25 361
25 363
25 382
25 396
25 403
25 404
25 407
25 427
25 432
25 434
25 435
25 446
25 473
25 487
25 491
25 14
25 15
25 24
25 103
25 113
25 179
25 183
25 203
25 227
25 241
25 275
26 259
26 265
26 266
26 279
26 285
26 287
26 308
26 312
26 355
26 369
26 397
26 434
26 452
26 497
26 499
26 14
26 47
26 80
26 131
26 147
26 184
26 204
26 209
26 276
27 252
27 256
27 270
27 276
27 281
27 338
27 339
27 351
27 367
27 396
27 409
27 410
27 413
27 423
27 427
27 428
27 437
27 443
27 460
27 490
27 47
27 57
27 78
27 92
27 111
27 135
27 177
27 183
27 210
27 229
27 230
27 233
27 277
28 256
28 259
28 264
28 270
28 275
28 287
28 288
28 290
28 294
28 298
28 320
28 340
28 348
28 351
28 368
28 370
28 376
28 379
28 381
28 390
28 406
28 435
28 436
28 477
28 496
28 10
28 15
28 17
28 34
28 50
28 71
28 75
28 80
28 92
28 105
28 117
28 127
28 179
28 185
28 220
28 223
28 278
29 253
29 257
29 277
29 310
29 323
29 324
29 338
29 351
29 356
29 361
29 375
29 382
29 383
29 386
29 393
29 407
29 411
29 431
29 465
29 469
29 478
29 479
29 485
29 497
29 21
29 50
29 60
29 101
29 124
29 135
29 156
29 175
29 184
29 194
29 279
30 250
30 285
30 290
30 321
30 331
30 334
30 358
30 364
30 377
30 381
30 395
30 403
30 408
30 409
30 415
30 430
30 451
30 455
30 462
30 469
30 474
30 484
30 50
30 73
30 98
30 125
30 142
30 170
30 193
30 222
30 243
30 280
31 255
31 264
31 285
31 295
31 309
31 314
31 330
31 360
31 373
31 374
31 395
31 400
31 417
31 418
31 419
31 424
31 430
31 433
31 444
31 447
31 495
31 6
31 24
31 182
31 213
31 239
31 281
32 251
32 261
32 265
32 269
32 271
32 272
32 278
32 280
32 310
32 359
32 363
32 364
32 396
32 408
32 417
32 445
32 453
32 462
32 474
32 56
32 134
32 210
32 235
32 282
33 257
33 258
33 261
33 319
33 334
33 336
33 351
33 352
33 364
33 367
33 370
33 375
33 395
33 397
33 398
33 404
33 405
33 424
33 435
33 451
33 452
33 468
33 484
33 8
33 16
33 43
33 99
33 143
33 174
33 182
33 249
33 283
34 267
34 287
34 293
34 309
34 359
34 362
34 376
34 384
34 386
34 388
34 395
34 408
34 423
34 426
34 435
34 459
34 473
34 495
34 5
34 28
34 47
34 56
34 83
34 162
34 171
34 198
34 205
34 207
34 284
35 259
35 268
35 272
35 273
35 295
35 310
35 315
35 334
35 340
35 346
35 367
35 376
35 381
35 384
35 396
35 425
35 444
35 470
35 474
35 476
35 494
35 23
35 45
35 62
35 74
35 98
35 123
35 125
35 133
35 144
35 148
35 173
35 285
36 255
36 256
36 269
36 278
36 288
36 304
36 311
36 313
36 330
36 334
36 353
36 369
36 396
36 398
36 400
36 416
36 453
36 462
36 467
36 477
36 478
36 487
36 112
36 142
36 172
36 182
36 193
36 286
37 250
37 256
37 277
37 284
37 305
37 341
37 350
37 353
37 359
37 380
37 381
37 391
37 406
37 407
37 410
37 415
37 429
37 451
37 476
37 482
37 489
37 2
37 4
37 59
37 160
37 171
37 175
37 190
37 191
37 202
37 214
37 237
37 287
38 255
38 261
38 262
38 274
38 285
38 287
38 288
38 300
38 315
38 319
38 323
38 354
38 363
38 364
38 381
38 404
38 436
38 15
38 116
38 145
38 163
38 203
38 208
38 231
39 251
39 253
39 260
39 264
39 266
39 278
39 293
39 306
39 308
39 338
39 344
39 347
39 373
39 396
39 400
39 429
39 457
39 463
39 468
39 473
39 483
39 2
39 3
39 6
39 47
39 94
39 111
39 131
39 132
39 152
39 161
39 289
40 270
40 273
40 279
40 288
40 323
40 326
40 350
40 367
40 384
40 391
40 402
40 425
40 426
40 447
40 461
40 472
40 473
40 484
40 490
40 14
40 46
40 50
40 126
40 144
40 148
40 167
40 174
40 290
41 257
41 259
41 274
41 302
41 303
41 309
41 335
41 337
41 366
41 375
41 379
41 382
41 406
41 414
41 416
41 423
41 430
41 435
41 441
41 464
41 476
41 481
41 483
41 10
41 14
41 24
41 45
41 47
41 90
41 99
41 103
41 106
41 109
41 110
41 130
41 133
41 156
41 174
41 219
41 291
42 272
42 275
42 288
42 302
42 308
42 316
42 325
42 333
42 337
42 339
42 369
42 378
42 403
42 414
42 420
42 441
42 442
42 448
42 462
42 487
42 492
42 100
42 102
42 136
42 139
42 195
42 225
42 234
42 292
43 290
43 297
43 305
43 311
43 315
43 316
43 327
43 370
43 373
43 389
43 398
43 426
43 438
43 458
43 474
43 485
43 494
43 33
43 47
43 91
43 136
43 187
43 240
43 293
44 251
44 280
44 282
44 290
44 291
44 326
44 333
44 350
44 388
44 403
44 431
44 434
44 440
44 473
44 482
44 496
44 6
44 23
44 83
44 92
44 102
44 122
44 183
44 229
44 294
45 258
45 268
45 284
45 302
45 314
45 325
45 332
45 357
45 379
45 382
45 417
45 437
45 450
45 469
45 480
45 484
45 8
45 13
45 35
45 41
45 94
45 113
45 201
45 230
45 236
45 295
46 250
46 267
46 276
46 309
46 321
46 337
46 348
46 357
46 370
46 381
46 415
46 416
46 425
46 439
46 457
46 466
46 473
46 9
46 40
46 64
46 72
46 129
46 131
46 135
46 154
46 171
46 296
47 269
47 286
47 306
47 314
47 315
47 316
47 330
47 333
47 334
47 362
47 370
47 375
47 377
47 381
47 387
47 404
47 407
47 419
47 456
47 460
47 469
47 483
47 485
47 494
47 9
47 26
47 27
47 34
47 39
47 41
47 43
47 55
47 77
47 109
47 110
47 129
47 182
47 190
47 198
47 208
47 212
47 227
47 297
48 253
48 263
48 265
48 272
48 273
48 275
48 297
48 302
48 318
48 325
48 346
48 353
48 356
48 363
48 373
48 384
48 398
48 414
48 424
48 440
48 453
48 462
48 486
48 3
48 11
48 57
48 59
48 117
48 126
48 134
48 153
48 187
48 198
48 227
48 249
48 298
49 264
49 276
49 284
49 293
49 295
49 306
49 345
49 355
49 361
49 368
49 376
49 379
49 391
49 403
49 408
49 415
49 441
49 443
49 446
49 488
49 14
49 84
49 91
49 139
49 169
49 187
49 299
50 265
50 270
50 304
50 312
50 324
50 326
50 337
50 366
50 385
50 396
50 398
50 400
50 421
50 431
50 445
50 450
50 466
50 476
50 490
50 497
50 21
50 28
50 29
50 30
50 40
50 57
50 71
50 141
50 147
50 163
50 179
50 202
50 209
50 300
51 259
51 265
51 269
51 280
51 290
51 291
51 303
51 307
51 314
51 336
51 340
51 343
51 367
51 371
51 380
51 388
51 410
51 442
51 444
51 460
51 464
51 479
51 69
51 76
51 79
51 91
51 117
51 133
51 149
51 162
51 185
51 195
51 207
51 209
51 301
52 269
52 293
52 297
52 311
52 314
52 330
52 338
52 366
52 369
52 389
52 395
52 404
52 419
52 433
52 452
52 482
52 498
52 59
52 86
52 100
52 128
52 131
52 184
52 226
52 249
52 302
53 271
53 291
53 307
53 311
53 315
53 360
53 394
53 409
53 412
53 413
53 422
53 434
53 448
53 451
53 478
53 488
53 95
53 108
53 133
53 142
53 143
53 155
53 214
53 241
53 303
54 300
54 301
54 310
54 317
54 332
54 340
54 352
54 383
54 410
54 412
54 416
54 421
54 434
54 451
54 457
54 480
54 498
54 117
54 154
54 166
54 180
54 189
54 190
54 191
54 202
54 304
55 264
55 271
55 283
55 285
55 299
55 313
55 315
55 322
55 331
55 340
55 344
55 350
55 353
55 354
55 384
55 397
55 405
55 413
55 418
55 442
55 483
55 497
55 47
55 70
55 108
55 137
55 143
55 145
55 154
55 206
55 214
55 235
55 305
56 252
56 255
56 256
56 263
56 308
56 321
56 325
56 327
56 343
56 376
56 397
56 401
56 403
56 446
56 456
56 469
56 474
56 2
56 14
56 23
56 32
56 34
56 63
56 74
56 81
56 85
56 86
56 92
56 99
56 182
56 193
56 306
57 250
57 266
57 271
57 272
57 285
57 291
57 308
57 309
57 321
57 332
57 361
57 368
57 376
57 381
57 387
57 417
57 421
57 427
57 443
57 444
57 449
57 450
57 452
57 454
57 479
57 496
57 14
57 27
57 48
57 50
57 65
57 66
57 73
57 107
57 110
57 124
57 138
57 144
57 149
57 230
57 237
57 307
58 252
58 262
58 277
58 287
58 296
58 302
58 303
58 308
58 313
58 329
58 358
58 367
58 380
58 389
58 398
58 413
58 417
58 419
58 429
58 461
58 469
58 476
58 483
58 495
58 499
58 2
58 18
58 79
58 84
58 85
58 86
58 90
58 128
58 179
58 192
58 193
58 203
58 208
58 221
58 224
59 257
59 277
59 282
59 310
59 318
59 323
59 334
59 338
59 355
59 389
59 406
59 413
59 419
59 427
59 452
59 460
59 488
59 37
59 48
59 52
59 92
59 101
59 175
59 239
59 309
60 255
60 260
60 265
60 291
60 311
60 370
60 371
60 376
60 404
60 407
60 412
60 428
60 468
60 481
60 29
60 70
60 82
60 131
60 139
60 167
60 170
60 174
60 205
60 221
60 223
60 236
60 246
60 310
61 258
61 272
61 291
61 299
61 321
61 336
61 354
61 361
61 376
61 414
61 426
61 427
61 448
61 452
61 477
61 5
61 67
61 70
61 97
61 98
61 103
61 145
61 157
61 204
61 205
61 209
61 223
61 226
61 231
61 235
61 311
62 265
62 268
62 280
62 284
62 289
62 299
62 305
62 312
62 326
62 358
62 362
62 373
62 395
62 426
62 427
62 434
62 446
62 462
62 463
62 469
62 470
62 474
62 478
62 1
62 35
62 104
62 129
62 138
62 157
62 165
62 176
62 183
62 223
62 229
63 251
63 257
63 268
63 302
63 312
63 314
63 322
63 325
63 327
63 355
63 364
63 369
63 396
63 397
63 408
63 432
63 456
63 497
63 56
63 107
63 118
63 126
63 141
63 171
63 182
63 243
63 313
64 265
64 292
64 322
64 335
64 340
64 341
64 357
64 372
64 391
64 409
64 426
64 435
64 461
64 476
64 487
64 494
64 46
64 71
64 97
64 106
64 135
64 152
64 160
64 186
64 187
64 206
64 314
65 267
65 275
65 295
65 311
65 324
65 338
65 345
65 370
65 377
65 379
65 383
65 402
65 410
65 416
65 417
65 421
65 427
65 454
65 462
65 466
65 57
65 89
65 146
65 175
65 210
65 228
65 315
66 264
66 265
66 270
66 272
66 273
66 284
66 311
66 324
66 339
66 340
66 342
66 352
66 355
66 359
66 380
66 390
66 433
66 436
66 448
66 463
66 471
66 473
66 486
66 489
66 495
66 57
66 69
66 93
66 138
66 211
66 235
66 238
66 242
66 316
67 274
67 304
67 315
67 326
67 330
67 333
67 339
67 352
67 359
67 366
67 374
67 382
67 403
67 414
67 439
67 491
67 22
67 24
67 61
67 100
67 115
67 141
67 211
67 317
68 265
68 276
68 280
68 327
68 328
68 329
68 331
68 344
68 350
68 352
68 386
68 400
68 416
68 471
68 476
68 477
68 490
68 498
68 15
68 18
68 100
68 108
68 150
68 183
68 198
68 318
69 253
69 270
69 290
69 291
69 303
69 308
69 329
69 333
69 344
69 346
69 357
69 359
69 365
69 372
69 381
69 386
69 387
69 390
69 403
69 404
69 420
69 428
69 431
69 451
69 465
69 494
69 12
69 51
69 66
69 80
69 152
69 319
70 262
70 263
70 266
70 273
70 282
70 283
70 288
70 292
70 298
70 308
70 310
70 313
70 318
70 351
70 358
70 366
70 379
70 402
70 411
70 418
70 437
70 440
70 447
70 455
70 459
70 468
70 474
70 479
70 483
70 486
70 490
70 1
70 9
70 16
70 17
70 55
70 60
70 61
70 110
70 115
70 133
70 158
70 166
70 179
70 187
70 195
70 219
70 244
70 320
71 269
71 273
71 281
71 311
71 345
71 363
71 371
71 387
71 392
71 409
71 416
71 447
71 456
71 0
71 28
71 50
71 64
71 119
71 121
71 168
71 197
71 205
71 321
72 265
72 266
72 267
72 296
72 326
72 338
72 349
72 359
72 400
72 401
72 402
72 404
72 407
72 409
72 435
72 438
72 452
72 453
72 456
72 469
72 482
72 488
72 46
72 127
72 169
72 198
72 322
73 255
73 318
73 320
73 325
73 351
73 365
73 374
73 380
73 388
73 401
73 406
73 430
73 439
73 458
73 459
73 462
73 464
73 485
73 488
73 497
73 1
73 30
73 57
73 79
73 80
73 101
73 142
73 185
73 202
73 211
73 323
74 279
74 297
74 310
74 321
74 323
74 342
74 344
74 352
74 357
74 366
74 400
74 401
74 407
74 454
74 473
74 478
74 498
74 10
74 35
74 56
74 155
74 162
74 203
74 233
74 324
75 254
75 277
75 293
75 318
75 332
75 340
75 359
75 363
75 369
75 374
75 407
75 409
75 410
75 413
75 420
75 427
75 484
75 498
75 0
75 9
75 28
75 122
75 158
75 200
75 221
75 325
76 255
76 260
76 261
76 264
76 275
76 277
76 283
76 287
76 290
76 292
76 307
76 309
76 345
76 350
76 375
76 434
76 435
76 437
76 446
76 470
76 474
76 481
76 483
76 494
76 21
76 51
76 168
76 178
76 326
77 258
77 264
77 265
77 269
77 275
77 294
77 312
77 313
77 339
77 347
77 356
77 360
77 397
77 422
77 423
77 428
77 430
77 460
77 469
77 471
77 481
77 20
77 47
77 91
77 144
77 156
77 179
77 204
77 218
77 239
77 327
78 254
78 259
78 273
78 275
78 276
78 295
78 296
78 315
78 329
78 348
78 364
78 380
78 404
78 408
78 417
78 419
78 464
78 489
78 27
78 98
78 138
78 169
78 174
78 186
78 238
78 328
79 252
79 261
79 287
79 316
79 318
79 345
79 354
79 374
79 378
79 417
79 434
79 439
79 450
79 459
79 467
79 485
79 487
79 490
79 492
79 499
79 9
79 51
79 58
79 73
79 102
79 125
79 158
79 198
79 204
79 233
79 329
80 250
80 253
80 258
80 277
80 293
80 300
80 305
80 327
80 333
80 344
80 349
80 376
80 388
80 398
80 400
80 404
80 406
80 409
80 460
80 470
80 476
80 479
80 486
80 487
80 7
80 26
80 28
80 69
80 73
80 147
80 148
80 249
80 330
81 259
81 263
81 268
81 270
81 299
81 326
81 335
81 367
81 375
81 376
81 379
81 382
81 387
81 388
81 416
81 435
81 437
81 448
81 472
81 486
81 8
81 56
81 90
81 112
81 167
81 179
81 206
81 209
81 242
81 331
82 286
82 295
82 310
82 317
82 319
82 331
82 346
82 351
82 361
82 393
82 420
82 421
82 433
82 454
82 491
82 492
82 496
82 24
82 60
82 130
82 131
82 135
82 177
82 218
82 227
82 332
83 279
83 304
83 309
83 320
83 341
83 372
83 388
83 398
83 399
83 405
83 413
83 418
83 432
83 444
83 454
83 462
83 469
83 472
83 474
83 479
83 488
83 7
83 11
83 34
83 44
83 110
83 123
83 178
83 184
83 243
83 333
84 251
84 259
84 273
84 285
84 295
84 312
84 323
84 325
84 326
84 332
84 333
84 347
84 359
84 364
84 387
84 388
84 404
84 447
84 453
84 468
84 482
84 49
84 58
84 100
84 183
84 204
84 206
84 225
84 237
84 334
85 255
85 262
85 276
85 296
85 308
85 318
85 319
85 343
85 358
85 367
85 378
85 414
85 419
85 438
85 451
85 474
85 484
85 9
85 11
85 56
85 58
85 119
85 129
85 136
85 162
85 175
85 335
86 250
86 260
86 275
86 279
86 281
86 307
86 315
86 319
86 324
86 360
86 365
86 386
86 390
86 400
86 403
86 422
86 436
86 438
86 454
86 466
86 476
86 489
86 490
86 493
86 495
86 52
86 56
86 58
86 88
86 104
86 124
86 134
86 149
86 161
86 176
86 184
86 191
86 194
86 202
86 336
87 250
87 260
87 272
87 281
87 303
87 318
87 326
87 332
87 335
87 344
87 350
87 351
87 375
87 389
87 391
87 407
87 418
87 420
87 440
87 448
87 469
87 473
87 488
87 494
87 93
87 99
87 121
87 124
87 168
87 172
87 177
87 194
87 227
87 229
87 231
87 337
88 263
88 272
88 275
88 276
88 292
88 294
88 321
88 335
88 340
88 344
88 352
88 358
88 393
88 394
88 427
88 432
88 434
88 445
88 449
88 466
88 470
88 478
88 488
88 495
88 16
88 86
88 91
88 108
88 119
88 152
88 172
88 179
88 187
88 198
88 338
89 280
89 282
89 316
89 322
89 329
89 337
89 349
89 354
89 359
89 371
89 392
89 405
89 414
89 420
89 448
89 466
89 469
89 481
89 494
89 498
89 65
89 93
89 186
89 198
89 234
89 242
89 339
90 280
90 284
90 295
90 296
90 333
90 352
90 380
90 381
90 383
90 391
90 393
90 401
90 406
90 431
90 433
90 441
90 458
90 466
90 481
90 483
90 41
90 58
90 81
90 98
90 113
90 121
90 167
90 172
90 213
90 235
90 240
90 340
91 256
91 265
91 274
91 278
91 283
91 294
91 323
91 331
91 334
91 341
91 343
91 377
91 381
91 390
91 392
91 394
91 407
91 408
91 437
91 487
91 490
91 43
91 49
91 51
91 77
91 88
91 114
91 134
91 183
91 217
92 252
92 260
92 280
92 298
92 299
92 304
92 305
92 309
92 318
92 347
92 372
92 373
92 376
92 380
92 381
92 394
92 395
92 401
92 428
92 434
92 440
92 464
92 468
92 474
92 27
92 28
92 44
92 56
92 59
92 94
92 121
92 142
92 153
92 159
92 178
92 203
92 216
92 237
92 342
93 251
93 255
93 277
93 285
93 291
93 298
93 303
93 327
93 343
93 348
93 361
93 373
93 445
93 456
93 470
93 479
93 488
93 4
93 66
93 87
93 89
93 99
93 105
93 117
93 122
93 126
93 159
93 203
94 250
94 251
94 256
94 263
94 290
94 292
94 296
94 299
94 348
94 373
94 387
94 395
94 412
94 446
94 450
94 453
94 461
94 473
94 478
94 481
94 493
94 4
94 21
94 39
94 45
94 92
94 96
94 129
94 167
94 174
94 240
94 344
95 255
95 261
95 293
95 294
95 326
95 350
95 394
95 402
95 426
95 428
95 438
95 494
95 53
95 123
95 130
95 132
95 144
95 146
95 157
95 158
95 210
95 233
95 345
96 252
96 253
96 261
96 292
96 299
96 326
96 334
96 353
96 383
96 416
96 428
96 445
96 446
96 448
96 466
96 479
96 493
96 12
96 18
96 22
96 94
96 127
96 129
96 158
96 208
96 224
96 247
96 346
97 253
97 264
97 269
97 277
97 291
97 375
97 386
97 413
97 420
97 434
97 440
97 452
97 466
97 485
97 5
97 20
97 61
97 64
97 161
97 173
97 347
98 298
98 309
98 338
98 342
98 360
98 381
98 442
98 460
98 462
98 30
98 35
98 61
98 78
98 90
98 122
98 125
98 142
98 165
98 205
98 227
98 243
98 348
99 255
99 256
99 259
99 265
99 284
99 296
99 313
99 333
99 336
99 341
99 354
99 366
99 372
99 373
99 388
99 400
99 407
99 421
99 436
99 449
99 495
99 499
99 14
99 33
99 41
99 56
99 87
99 93
99 131
99 243
99 349
100 304
100 314
100 317
100 421
100 438
100 449
100 461
100 470
100 474
100 497
100 499
100 22
100 42
100 52
100 67
100 68
100 84
100 106
100 128
100 170
100 172
100 191
100 224
100 350
101 259
101 262
101 291
101 309
101 315
101 325
101 329
101 335
101 348
101 350
101 380
101 384
101 397
101 399
101 403
101 404
101 443
101 445
101 456
101 461
101 465
101 468
101 4
101 29
101 59
101 73
101 132
101 149
101 156
101 166
101 188
101 216
101 219
101 241
101 242
101 351
102 263
102 265
102 273
102 285
102 298
102 304
102 308
102 314
102 321
102 329
102 331
102 369
102 380
102 427
102 436
102 445
102 452
102 458
102 485
102 488
102 494
102 42
102 44
102 79
102 188
102 203
102 228
102 234
102 238
102 243
102 352
103 258
103 277
103 295
103 318
103 323
103 326
103 331
103 334
103 367
103 371
103 372
103 376
103 377
103 382
103 386
103 411
103 415
103 416
103 457
103 464
103 486
103 25
103 41
103 61
103 106
103 127
103 147
103 213
103 353
104 254
104 264
104 278
104 299
104 335
104 342
104 353
104 358
104 364
104 385
104 395
104 449
104 451
104 462
104 463
104 490
104 491
104 493
104 15
104 62
104 86
104 126
104 187
104 190
104 217
104 218
104 221
104 223
104 225
104 235
104 242
104 354
105 258
105 263
105 285
105 312
105 328
105 335
105 341
105 363
105 366
105 377
105 380
105 387
105 391
105 442
105 458
105 473
105 485
105 489
105 28
105 93
105 111
105 142
105 167
105 170
105 173
105 194
105 206
105 216
105 219
105 224
105 355
106 253
106 269
106 297
106 326
106 337
106 348
106 359
106 363
106 371
106 383
106 390
106 396
106 401
106 409
106 415
106 443
106 444
106 462
106 495
106 41
106 64
106 100
106 103
106 122
106 156
106 183
106 195
106 232
106 247
106 356
107 258
107 262
107 281
107 282
107 288
107 293
107 308
107 342
107 356
107 360
107 390
107 392
107 428
107 432
107 439
107 446
107 453
107 472
107 3
107 9
107 57
107 63
107 192
107 241
107 357
108 251
108 261
108 284
108 286
108 309
108 318
108 335
108 346
108 349
108 350
108 366
108 375
108 378
108 405
108 417
108 425
108 436
108 438
108 447
108 474
108 476
108 479
108 488
108 498
108 0
108 53
108 55
108 68
108 88
108 151
108 184
108 202
108 216
108 358
109 251
109 262
109 281
109 283
109 287
109 303
109 310
109 356
109 362
109 376
109 382
109 387
109 399
109 423
109 431
109 453
109 468
109 476
109 481
109 482
109 484
109 487
109 1
109 41
109 47
109 155
109 216
109 242
109 359
110 254
110 258
110 261
110 262
110 270
110 272
110 277
110 278
110 280
110 302
110 315
110 326
110 364
110 399
110 413
110 443
110 452
110 470
110 482
110 488
110 492
110 18
110 41
110 47
110 57
110 70
110 83
110 166
110 189
110 210
110 218
110 224
110 237
110 360
111 265
111 274
111 275
111 292
111 322
111 323
111 332
111 358
111 379
111 390
111 404
111 405
111 433
111 440
111 459
111 466
111 27
111 39
111 105
111 122
111 160
111 189
111 215
111 361
112 261
112 290
112 295
112 308
112 313
112 317
112 323
112 361
112 378
112 381
112 383
112 389
112 392
112 408
112 427
112 428
112 474
112 485
112 2
112 36
112 81
112 118
112 142
112 171
112 228
112 362
113 260
113 262
113 275
113 277
113 295
113 301
113 303
113 307
113 313
113 325
113 330
113 336
113 354
113 359
113 371
113 394
113 405
113 418
113 419
113 430
113 443
113 447
113 450
113 453
113 456
113 464
113 465
113 486
113 491
113 25
113 45
113 90
113 138
113 146
113 197
113 200
113 216
113 224
113 363
114 273
114 275
114 290
114 302
114 352
114 361
114 373
114 377
114 379
114 390
114 397
114 400
114 407
114 425
114 428
114 433
114 442
114 445
114 473
114 484
114 1
114 17
114 91
114 137
114 161
114 169
114 203
114 210
114 228
114 248
114 364
115 270
115 288
115 293
115 295
115 297
115 353
115 363
115 372
115 383
115 391
115 428
115 431
115 432
115 433
115 434
115 435
115 444
115 449
115 456
115 483
115 485
115 495
115 10
115 14
115 20
115 24
115 67
115 70
115 163
115 165
115 183
115 221
115 235
115 240
115 243
115 365
116 255
116 266
116 284
116 297
116 302
116 312
116 334
116 362
116 365
116 380
116 424
116 430
116 435
116 447
116 453
116 456
116 463
116 466
116 468
116 475
116 481
116 489
116 493
116 11
116 38
116 150
116 155
116 159
116 193
116 366
117 255
117 257
117 263
117 269
117 279
117 281
117 286
117 297
117 301
117 304
117 311
117 314
117 321
117 322
117 327
117 328
117 364
117 368
117 389
117 390
117 404
117 450
117 458
117 466
117 481
117 484
117 492
117 495
117 2
117 6
117 28
117 48
117 51
117 54
117 93
117 129
117 136
117 148
117 161
117 162
117 176
117 179
117 183
117 234
117 367
118 262
118 265
118 272
118 291
118 299
118 317
118 319
118 349
118 355
118 359
118 361
118 363
118 386
118 393
118 400
118 404
118 431
118 437
118 438
118 448
118 471
118 484
118 486
118 19
118 63
118 112
118 152
118 159
118 188
118 368
119 254
119 268
119 273
119 276
119 295
119 302
119 325
119 340
119 342
119 350
119 352
119 353
119 395
119 405
119 408
119 437
119 444
119 446
119 461
119 478
119 485
119 487
119 2
119 71
119 85
119 88
119 125
119 133
119 147
119 160
119 170
119 203
119 210
119 228
119 369
120 258
120 274
120 294
120 317
120 327
120 329
120 332
120 337
120 353
120 360
120 363
120 380
120 387
120 433
120 436
120 437
120 454
120 123
120 144
120 184
120 188
120 204
120 208
120 225
120 370
121 251
121 266
121 280
121 290
121 297
121 335
121 339
121 340
121 341
121 352
121 353
121 378
121 384
121 399
121 424
121 438
121 480
121 490
121 498
121 11
121 71
121 87
121 90
121 92
121 371
122 255
122 262
122 264
122 281
122 291
122 304
122 311
122 312
122 321
122 329
122 332
122 335
122 347
122 363
122 366
122 382
122 404
122 405
122 450
122 459
122 475
122 13
122 44
122 75
122 93
122 98
122 106
122 111
122 142
122 157
122 372
123 259
123 266
123 278
123 284
123 299
123 307
123 308
123 312
123 313
123 329
123 336
123 339
123 349
123 350
123 376
123 378
123 380
123 393
123 410
123 414
123 422
123 426
123 437
123 442
123 469
123 482
123 497
123 35
123 83
123 95
123 120
123 211
123 214
123 373
124 263
124 297
124 302
124 305
124 323
124 352
124 376
124 388
124 394
124 403
124 426
124 435
124 456
124 471
124 29
124 57
124 86
124 87
124 160
124 170
124 185
124 199
124 228
124 374
125 251
125 272
125 279
125 288
125 303
125 319
125 340
125 341
125 352
125 354
125 357
125 372
125 378
125 401
125 405
125 439
125 444
125 446
125 30
125 35
125 79
125 98
125 119
125 148
125 161
125 163
125 180
125 196
125 245
125 375
126 266
126 267
126 269
126 301
126 313
126 314
126 317
126 320
126 330
126 350
126 356
126 359
126 360
126 382
126 401
126 434
126 464
126 481
126 484
126 493
126 496
126 6
126 23
126 40
126 48
126 63
126 93
126 104
126 143
126 165
126 184
126 244
126 376
127 256
127 292
127 300
127 306
127 312
127 347
127 367
127 369
127 373
127 375
127 385
127 403
127 473
127 484
127 494
127 497
127 0
127 10
127 28
127 72
127 96
127 103
127 180
127 240
127 377
128 270
128 276
128 312
128 319
128 323
128 346
128 377
128 378
128 389
128 395
128 408
128 409
128 415
128 429
128 466
128 481
128 5
128 11
128 52
128 58
128 100
128 141
128 153
128 164
128 171
128 187
128 217
128 223
128 225
129 273
129 277
129 287
129 288
129 289
129 290
129 322
129 328
129 337
129 395
129 403
129 406
129 421
129 428
129 431
129 434
129 460
129 476
129 480
129 13
129 46
129 47
129 62
129 85
129 94
129 96
129 117
129 139
129 146
129 153
129 161
129 166
129 240
129 379
130 288
130 299
130 301
130 311
130 313
130 324
130 336
130 347
130 354
130 365
130 371
130 426
130 436
130 447
130 457
130 478
130 41
130 82
130 95
130 161
130 171
130 194
130 199
130 202
130 380
131 263
131 267
131 270
131 272
131 306
131 311
131 313
131 335
131 336
131 337
131 347
131 348
131 359
131 363
131 370
131 386
131 391
131 404
131 407
131 415
131 439
131 448
131 455
131 461
131 22
131 24
131 26
131 39
131 46
131 52
131 60
131 82
131 99
131 171
131 242
131 381
132 257
132 269
132 270
132 272
132 276
132 281
132 300
132 311
132 319
132 342
132 351
132 354
132 366
132 378
132 392
132 423
132 430
132 431
132 453
132 457
132 492
132 1
132 3
132 20
132 39
132 95
132 101
132 141
132 148
132 165
132 188
132 210
132 382
133 337
133 345
133 348
133 387
133 389
133 399
133 414
133 418
133 426
133 436
133 441
133 457
133 478
133 479
133 486
133 493
133 6
133 24
133 35
133 41
133 51
133 53
133 70
133 119
133 210
133 383
134 265
134 274
134 282
134 287
134 294
134 322
134 325
134 340
134 349
134 353
134 372
134 378
134 381
134 402
134 406
134 426
134 427
134 444
134 452
134 499
134 0
134 32
134 48
134 86
134 91
134 175
134 234
134 243
134 384
135 280
135 283
135 284
135 293
135 323
135 336
135 351
135 361
135 388
135 436
135 469
135 483
135 491
135 497
135 1
135 27
135 29
135 46
135 64
135 82
135 204
135 231
135 385
136 251
136 259
136 296
136 299
136 301
136 316
136 343
136 348
136 350
136 365
136 375
136 379
136 401
136 412
136 415
136 441
136 442
136 450
136 460
136 471
136 478
136 479
136 481
136 490
136 0
136 42
136 43
136 85
136 117
136 137
136 164
136 173
136 181
136 192
136 197
136 198
136 220
136 223
136 242
136 386
137 255
137 303
137 319
137 320
137 340
137 391
137 428
137 443
137 453
137 456
137 459
137 471
137 474
137 477
137 489
137 55
137 114
137 136
137 189
137 232
137 233
137 237
137 248
137 387
138 270
138 272
138 273
138 274
138 275
138 282
138 283
138 287
138 292
138 305
138 324
138 332
138 346
138 347
138 350
138 367
138 371
138 381
138 382
138 389
138 425
138 434
138 448
138 456
138 475
138 2
138 57
138 62
138 66
138 78
138 113
138 171
138 201
138 203
138 230
138 237
138 245
138 388
139 253
139 256
139 260
139 273
139 278
139 280
139 282
139 283
139 292
139 298
139 362
139 366
139 369
139 379
139 382
139 409
139 428
139 443
139 449
139 458
139 479
139 485
139 489
139 42
139 49
139 60
139 129
139 171
139 196
139 198
139 223
139 228
139 244
139 389
140 282
140 294
140 299
140 307
140 309
140 335
140 345
140 349
140 378
140 400
140 406
140 419
140 444
140 451
140 463
140 478
140 484
140 488
140 497
140 158
140 164
140 200
140 235
140 390
141 261
141 272
141 281
141 329
141 344
141 356
141 362
141 365
141 391
141 392
141 402
141 415
141 452
141 460
141 466
141 5
141 50
141 63
141 67
141 128
141 132
141 145
141 165
141 197
141 206
141 214
142 251
142 255
142 263
142 275
142 284
142 288
142 295
142 296
142 313
142 320
142 354
142 357
142 358
142 364
142 365
142 386
142 396
142 405
142 410
142 411
142 416
142 417
142 463
142 473
142 478
142 485
142 30
142 36
142 53
142 73
142 92
142 98
142 105
142 112
142 122
142 151
142 165
142 176
142 201
142 238
142 392
143 268
143 272
143 294
143 305
143 321
143 322
143 330
143 352
143 371
143 374
143 391
143 443
143 459
143 469
143 476
143 482
143 485
143 495
143 3
143 33
143 53
143 55
143 126
143 181
143 212
143 220
143 241
143 393
144 279
144 286
144 291
144 306
144 312
144 328
144 335
144 340
144 343
144 344
144 354
144 362
144 368
144 371
144 375
144 383
144 390
144 393
144 403
144 410
144 444
144 448
144 470
144 482
144 492
144 15
144 19
144 35
144 40
144 57
144 77
144 95
144 120
144 150
144 173
144 214
144 217
144 218
144 231
144 394
145 278
145 295
145 323
145 353
145 367
145 405
145 422
145 432
145 455
145 466
145 483
145 485
145 486
145 489
145 16
145 38
145 55
145 61
145 141
145 147
145 212
145 215
145 218
145 395
146 258
146 273
146 286
146 311
146 315
146 323
146 360
146 361
146 363
146 397
146 405
146 413
146 428
146 432
146 435
146 440
146 495
146 2
146 21
146 65
146 95
146 113
146 129
146 164
146 187
146 188
146 230
146 396
147 250
147 253
147 259
147 271
147 279
147 300
147 308
147 309
147 324
147 325
147 335
147 348
147 357
147 375
147 400
147 436
147 444
147 448
147 454
147 1
147 26
147 50
147 80
147 103
147 119
147 145
147 195
147 217
147 397
148 253
148 264
148 306
148 311
148 337
148 363
148 368
148 385
148 394
148 417
148 422
148 425
148 482
148 493
148 21
148 35
148 40
148 80
148 117
148 125
148 132
148 159
148 175
148 210
148 398
149 277
149 309
149 355
149 369
149 376
149 387
149 399
149 401
149 420
149 447
149 469
149 479
149 485
149 494
149 1
149 51
149 57
149 86
149 101
149 151
149 192
149 194
149 211
150 259
150 260
150 272
150 280
150 296
150 314
150 316
150 329
150 330
150 347
150 363
150 370
150 404
150 417
150 421
150 425
150 436
150 455
150 465
150 475
150 490
150 493
150 17
150 68
150 116
150 144
150 152
150 158
150 185
150 189
150 202
150 204
150 228
150 232
150 236
150 400
151 251
151 257
151 261
151 284
151 285
151 311
151 338
151 353
151 370
151 379
151 392
151 408
151 409
151 424
151 430
151 432
151 466
151 467
151 477
151 485
151 2
151 5
151 108
151 142
151 149
151 176
151 188
151 209
151 212
151 221
151 235
151 242
151 401
152 251
152 257
152 268
152 285
152 289
152 290
152 302
152 310
152 331
152 366
152 392
152 403
152 405
152 416
152 453
152 454
152 458
152 467
152 473
152 486
152 496
152 39
152 64
152 69
152 88
152 118
152 150
152 219
152 220
152 402
153 255
153 275
153 280
153 282
153 284
153 288
153 306
153 309
153 339
153 354
153 355
153 378
153 405
153 421
153 434
153 482
153 486
153 491
153 493
153 48
153 92
153 128
153 129
153 168
153 169
153 174
153 202
153 403
154 255
154 263
154 265
154 277
154 279
154 288
154 294
154 297
154 361
154 369
154 375
154 395
154 424
154 448
154 479
154 481
154 46
154 54
154 55
154 155
154 156
154 158
154 183
154 224
154 237
154 404
155 251
155 261
155 268
155 269
155 273
155 296
155 299
155 316
155 329
155 330
155 331
155 337
155 340
155 362
155 435
155 441
155 457
155 459
155 464
155 53
155 74
155 109
155 116
155 154
155 172
155 174
155 175
155 405
156 251
156 262
156 302
156 307
156 326
156 334
156 335
156 360
156 376
156 390
156 404
156 405
156 414
156 428
156 433
156 451
156 466
156 476
156 477
156 481
156 491
156 29
156 41
156 77
156 101
156 106
156 154
156 163
156 177
156 180
156 184
156 244
156 406
157 261
157 272
157 286
157 312
157 318
157 331
157 362
157 364
157 391
157 398
157 406
157 407
157 411
157 412
157 434
157 473
157 61
157 62
157 95
157 122
157 182
157 184
157 215
157 216
157 224
157 238
158 250
158 253
158 287
158 299
158 306
158 324
158 352
158 353
158 385
158 394
158 410
158 432
158 483
158 11
158 70
158 75
158 79
158 95
158 96
158 140
158 150
158 154
158 208
158 211
158 247
158 408
159 261
159 264
159 267
159 269
159 305
159 310
159 320
159 348
159 352
159 379
159 425
159 436
159 441
159 444
159 450
159 469
159 479
159 490
159 493
159 92
159 93
159 116
159 118
159 148
159 177
159 188
159 189
159 220
159 221
159 409
160 255
160 302
160 324
160 335
160 343
160 361
160 392
160 401
160 408
160 415
160 458
160 473
160 482
160 483
160 492
160 494
160 498
160 2
160 15
160 37
160 64
160 111
160 119
160 124
160 216
160 410
161 253
161 254
161 257
161 258
161 283
161 284
161 299
161 300
161 307
161 323
161 330
161 331
161 341
161 361
161 371
161 384
161 391
161 392
161 396
161 397
161 415
161 419
161 433
161 441
161 442
161 475
161 497
161 498
161 12
161 21
161 23
161 39
161 86
161 97
161 114
161 117
161 125
161 129
161 130
161 168
161 170
161 197
161 206
161 220
161 222
161 411
162 252
162 256
162 262
162 281
162 284
162 287
162 292
162 294
162 306
162 315
162 318
162 320
162 326
162 338
162 370
162 378
162 418
162 422
162 435
162 437
162 34
162 51
162 74
162 85
162 117
162 200
162 412
163 263
163 284
163 286
163 306
163 310
163 326
163 332
163 347
163 353
163 358
163 376
163 385
163 387
163 397
163 416
163 421
163 424
163 433
163 441
163 450
163 453
163 463
163 472
163 474
163 482
163 483
163 38
163 50
163 115
163 125
163 156
163 166
163 174
163 176
163 194
163 205
163 209
163 222
163 230
163 233
163 413
164 292
164 302
164 307
164 309
164 330
164 342
164 351
164 363
164 378
164 399
164 420
164 464
164 467
164 468
164 478
164 479
164 487
164 5
164 14
164 128
164 136
164 140
164 146
164 182
164 184
164 185
164 186
164 207
164 228
164 414
165 257
165 260
165 302
165 309
165 327
165 347
165 359
165 389
165 391
165 392
165 406
165 410
165 426
165 450
165 492
165 62
165 98
165 115
165 126
165 132
165 141
165 142
165 193
165 415
166 271
166 284
166 303
166 312
166 319
166 324
166 327
166 341
166 367
166 398
166 437
166 449
166 54
166 70
166 101
166 110
166 129
166 163
166 174
166 416
167 262
167 272
167 275
167 290
167 303
167 306
167 309
167 315
167 323
167 366
167 382
167 416
167 417
167 440
167 445
167 451
167 462
167 463
167 475
167 497
167 2
167 10
167 11
167 15
167 17
167 18
167 40
167 60
167 81
167 90
167 94
167 105
167 191
167 220
168 261
168 262
168 309
168 321
168 329
168 337
168 360
168 372
168 431
168 454
168 469
168 473
168 487
168 497
168 1
168 71
168 76
168 87
168 153
168 161
168 185
168 418
169 263
169 268
169 299
169 305
169 308
169 313
169 321
169 323
169 336
169 351
169 376
169 394
169 415
169 429
169 444
169 448
169 480
169 489
169 491
169 496
169 498
169 14
169 49
169 72
169 78
169 114
169 153
169 174
169 205
169 248
169 419
170 254
170 261
170 262
170 265
170 297
170 303
170 307
170 309
170 318
170 329
170 346
170 350
170 363
170 388
170 401
170 411
170 423
170 428
170 445
170 457
170 458
170 462
170 471
170 473
170 476
170 477
170 30
170 60
170 100
170 105
170 119
170 124
170 161
170 218
170 420
171 251
171 298
171 300
171 326
171 332
171 344
171 368
171 389
171 401
171 402
171 409
171 419
171 440
171 456
171 464
171 478
171 490
171 5
171 34
171 37
171 46
171 63
171 112
171 128
171 130
171 131
171 138
171 139
171 182
171 185
171 186
171 189
171 242
171 421
172 267
172 269
172 276
172 290
172 291
172 300
172 302
172 325
172 352
172 354
172 392
172 393
172 398
172 435
172 444
172 449
172 451
172 462
172 494
172 499
172 36
172 87
172 88
172 90
172 100
172 155
172 226
172 235
172 242
172 243
172 422
173 250
173 256
173 265
173 270
173 282
173 293
173 296
173 299
173 300
173 355
173 360
173 367
173 380
173 414
173 452
173 457
173 462
173 482
173 489
173 3
173 15
173 35
173 97
173 105
173 136
173 144
173 195
173 212
173 218
173 423
174 255
174 256
174 267
174 286
174 311
174 329
174 356
174 358
174 360
174 365
174 374
174 392
174 401
174 402
174 406
174 434
174 444
174 450
174 457
174 462
174 469
174 471
174 498
174 499
174 4
174 33
174 40
174 41
174 60
174 78
174 94
174 153
174 155
174 163
174 166
174 169
174 424
175 252
175 276
175 281
175 286
175 289
175 301
175 312
175 316
175 326
175 331
175 341
175 342
175 343
175 352
175 353
175 365
175 378
175 383
175 386
175 407
175 418
175 423
175 439
175 441
175 461
175 483
175 1
175 18
175 29
175 37
175 59
175 65
175 85
175 134
175 148
175 155
175 232
175 235
175 237
175 425
176 255
176 257
176 267
176 272
176 278
176 284
176 309
176 324
176 342
176 349
176 350
176 365
176 367
176 376
176 424
176 425
176 427
176 438
176 468
176 475
176 498
176 62
176 86
176 117
176 142
176 151
176 163
176 205
176 228
176 244
176 426
177 255
177 260
177 268
177 269
177 282
177 284
177 285
177 313
177 319
177 321
177 335
177 338
177 341
177 342
177 344
177 346
177 386
177 403
177 442
177 464
177 498
177 27
177 82
177 87
177 156
177 159
177 180
177 206
177 427
178 262
178 264
178 265
178 282
178 289
178 298
178 318
178 323
178 324
178 328
178 331
178 348
178 353
178 370
178 381
178 385
178 395
178 405
178 441
178 450
178 458
178 485
178 486
178 1
178 76
178 83
178 92
178 218
178 228
178 244
178 428
179 258
179 268
179 283
179 302
179 324
179 325
179 334
179 356
179 361
179 370
179 374
179 385
179 388
179 412
179 423
179 425
179 431
179 437
179 445
179 450
179 474
179 487
179 493
179 499
179 25
179 28
179 50
179 58
179 70
179 77
179 81
179 88
179 117
179 193
179 429
180 256
180 293
180 306
180 331
180 340
180 346
180 350
180 355
180 358
180 365
180 384
180 390
180 396
180 416
180 428
180 440
180 468
180 481
180 486
180 6
180 54
180 125
180 127
180 156
180 177
180 193
180 203
180 216
180 248
180 430
181 256
181 257
181 278
181 282
181 291
181 306
181 324
181 335
181 336
181 370
181 399
181 405
181 426
181 429
181 458
181 468
181 477
181 479
181 18
181 136
181 143
181 431
182 261
182 274
182 279
182 283
182 291
182 301
182 319
182 321
182 322
182 324
182 343
182 345
182 354
182 363
182 365
182 376
182 382
182 383
182 384
182 385
182 416
182 426
182 431
182 436
182 447
182 491
182 492
182 16
182 31
182 33
182 36
182 47
182 56
182 63
182 157
182 164
182 171
182 243
182 432
183 257
183 267
183 292
183 306
183 313
183 330
183 332
183 338
183 360
183 370
183 373
183 383
183 411
183 419
183 444
183 449
183 475
183 483
183 485
183 490
183 492
183 25
183 27
183 44
183 62
183 68
183 84
183 91
183 106
183 115
183 117
183 154
183 188
183 216
183 219
183 224
183 228
183 433
184 269
184 286
184 291
184 293
184 314
184 329
184 335
184 339
184 349
184 350
184 356
184 359
184 388
184 396
184 403
184 417
184 431
184 438
184 440
184 443
184 445
184 456
184 468
184 483
184 491
184 16
184 26
184 29
184 52
184 83
184 86
184 108
184 120
184 126
184 156
184 157
184 164
184 249
184 434
185 251
185 257
185 278
185 279
185 286
185 287
185 326
185 330
185 341
185 342
185 344
185 356
185 357
185 358
185 361
185 412
185 432
185 435
185 443
185 456
185 458
185 474
185 495
185 28
185 51
185 73
185 124
185 150
185 164
185 168
185 171
185 230
186 250
186 262
186 263
186 268
186 297
186 407
186 414
186 422
186 430
186 434
186 443
186 447
186 457
186 480
186 64
186 78
186 89
186 164
186 171
186 190
186 211
186 436
187 279
187 298
187 299
187 302
187 324
187 367
187 375
187 376
187 377
187 387
187 400
187 406
187 410
187 440
187 446
187 456
187 463
187 478
187 485
187 43
187 48
187 49
187 64
187 70
187 88
187 104
187 128
187 146
187 234
187 437
188 272
188 285
188 293
188 301
188 308
188 315
188 340
188 341
188 359
188 386
188 390
188 401
188 402
188 415
188 426
188 437
188 439
188 443
188 446
188 456
188 458
188 461
188 478
188 491
188 499
188 8
188 101
188 102
188 118
188 120
188 132
188 146
188 151
188 159
188 183
188 438
189 251
189 257
189 261
189 275
189 290
189 294
189 302
189 314
189 346
189 351
189 362
189 364
189 387
189 392
189 395
189 409
189 431
189 442
189 455
189 464
189 468
189 479
189 491
189 497
189 54
189 110
189 111
189 137
189 150
189 159
189 171
189 196
189 221
189 246
189 439
190 254
190 263
190 293
190 295
190 296
190 316
190 317
190 330
190 337
190 357
190 369
190 385
190 392
190 429
190 435
190 452
190 454
190 458
190 460
190 465
190 474
190 479
190 37
190 47
190 54
190 104
190 186
190 201
190 219
190 440
191 250
191 259
191 271
191 309
191 323
191 344
191 354
191 364
191 378
191 380
191 398
191 415
191 421
191 434
191 442
191 451
191 470
191 471
191 476
191 480
191 497
191 499
191 10
191 14
191 37
191 54
191 86
191 100
191 167
191 210
191 441
192 252
192 255
192 296
192 331
192 352
192 378
192 382
192 403
192 410
192 418
192 419
192 431
192 434
192 435
192 451
192 455
192 457
192 471
192 485
192 58
192 107
192 136
192 149
192 209
192 442
193 250
193 265
193 272
193 286
193 310
193 313
193 321
193 329
193 337
193 356
193 358
193 362
193 396
193 398
193 411
193 441
193 446
193 456
193 459
193 473
193 0
193 30
193 36
193 56
193 58
193 116
193 165
193 179
193 180
193 217
193 243
193 244
193 443
194 257
194 260
194 275
194 285
194 300
194 305
194 310
194 312
194 326
194 343
194 378
194 382
194 393
194 399
194 411
194 420
194 434
194 462
194 488
194 490
194 29
194 86
194 87
194 105
194 130
194 149
194 163
194 206
194 212
194 217
194 233
194 235
194 444
195 266
195 281
195 294
195 299
195 303
195 308
195 337
195 347
195 355
195 365
195 372
195 399
195 412
195 424
195 449
195 467
195 473
195 491
195 42
195 51
195 70
195 106
195 147
195 173
195 207
195 210
195 445
196 251
196 254
196 255
196 273
196 277
196 283
196 296
196 338
196 354
196 358
196 359
196 382
196 437
196 443
196 445
196 454
196 455
196 472
196 475
196 496
196 13
196 125
196 139
196 189
196 222
196 227
196 234
196 245
196 446
197 267
197 285
197 291
197 309
197 329
197 332
197 334
197 339
197 341
197 364
197 367
197 417
197 426
197 427
197 436
197 449
197 457
197 481
197 14
197 71
197 113
197 136
197 141
197 161
197 222
197 447
198 251
198 252
198 269
198 271
198 282
198 289
198 306
198 307
198 332
198 341
198 357
198 363
198 395
198 408
198 429
198 439
198 442
198 450
198 483
198 487
198 488
198 495
198 499
198 9
198 34
198 47
198 48
198 68
198 72
198 79
198 88
198 89
198 136
198 139
198 448
199 274
199 305
199 306
199 309
199 325
199 335
199 340
199 342
199 353
199 377
199 379
199 397
199 404
199 409
199 414
199 439
199 464
199 3
199 124
199 130
199 248
199 449
200 251
200 281
200 299
200 315
200 328
200 375
200 379
200 387
200 392
200 416
200 419
200 423
200 487
200 75
200 113
200 140
200 162
200 241
200 245
200 450
201 251
201 258
201 284
201 291
201 295
201 308
201 326
201 343
201 356
201 357
201 369
201 372
201 377
201 398
201 420
201 445
201 480
201 484
201 495
201 2
201 15
201 45
201 138
201 142
201 190
201 239
201 451
202 253
202 259
202 269
202 271
202 281
202 289
202 301
202 346
202 347
202 349
202 392
202 403
202 410
202 430
202 438
202 442
202 463
202 478
202 481
202 492
202 1
202 37
202 50
202 54
202 73
202 86
202 108
202 130
202 150
202 153
202 225
202 241
202 452
203 250
203 253
203 258
203 289
203 312
203 329
203 345
203 356
203 386
203 388
203 404
203 423
203 426
203 431
203 436
203 441
203 462
203 470
203 479
203 16
203 25
203 38
203 58
203 74
203 92
203 93
203 102
203 114
203 119
203 138
203 180
203 225
203 227
203 235
203 453
204 250
204 275
204 290
204 292
204 302
204 323
204 344
204 348
204 354
204 355
204 358
204 369
204 370
204 410
204 432
204 451
204 467
204 469
204 483
204 487
204 499
204 26
204 61
204 77
204 79
204 84
204 120
204 135
204 150
204 235
204 454
205 259
205 275
205 287
205 289
205 291
205 306
205 309
205 323
205 335
205 345
205 369
205 373
205 421
205 432
205 453
205 467
205 498
205 13
205 34
205 60
205 61
205 71
205 98
205 163
205 169
205 176
205 247
205 455
206 262
206 291
206 292
206 307
206 324
206 330
206 338
206 344
206 362
206 363
206 366
206 369
206 370
206 399
206 426
206 465
206 472
206 473
206 0
206 23
206 55
206 64
206 81
206 84
206 105
206 141
206 161
206 177
206 194
206 232
206 241
206 247
206 456
207 264
207 288
207 297
207 326
207 332
207 338
207 369
207 388
207 409
207 412
207 414
207 430
207 437
207 453
207 462
207 466
207 477
207 34
207 51
207 164
207 195
207 230
207 234
207 238
207 457
208 254
208 259
208 260
208 263
208 280
208 298
208 300
208 303
208 308
208 311
208 354
208 377
208 396
208 398
208 407
208 411
208 422
208 429
208 431
208 432
208 453
208 459
208 469
208 478
208 481
208 488
208 490
208 497
208 7
208 38
208 47
208 58
208 96
208 120
208 158
208 458
209 250
209 269
209 276
209 287
209 296
209 303
209 307
209 322
209 325
209 343
209 352
209 384
209 394
209 402
209 403
209 405
209 406
209 417
209 433
209 438
209 446
209 458
209 466
209 471
209 10
209 18
209 20
209 26
209 50
209 51
209 61
209 81
209 151
209 163
209 192
209 213
209 234
209 459
210 292
210 338
210 351
210 355
210 375
210 376
210 389
210 398
210 402
210 404
210 407
210 414
210 421
210 441
210 444
210 483
210 493
210 15
210 27
210 32
210 65
210 95
210 110
210 114
210 119
210 132
210 133
210 148
210 191
210 195
210 229
210 460
211 278
211 285
211 294
211 300
211 303
211 333
211 342
211 344
211 363
211 373
211 379
211 400
211 408
211 417
211 426
211 433
211 444
211 461
211 486
211 492
211 66
211 67
211 73
211 123
211 149
211 158
211 186
211 228
212 255
212 267
212 269
212 270
212 280
212 282
212 296
212 317
212 318
212 339
212 352
212 354
212 362
212 363
212 368
212 369
212 379
212 391
212 393
212 401
212 409
212 445
212 499
212 6
212 18
212 47
212 143
212 145
212 151
212 173
212 194
212 213
212 462
213 266
213 289
213 291
213 327
213 334
213 363
213 385
213 386
213 414
213 434
213 440
213 480
213 22
213 31
213 90
213 103
213 209
213 212
213 227
213 242
213 463
214 257
214 261
214 270
214 271
214 333
214 338
214 341
214 347
214 353
214 354
214 402
214 404
214 412
214 417
214 428
214 431
214 452
214 454
214 464
214 469
214 482
214 488
214 11
214 12
214 22
214 37
214 53
214 55
214 123
214 141
214 144
214 225
215 260
215 277
215 296
215 301
215 304
215 325
215 344
215 354
215 365
215 396
215 431
215 470
215 488
215 490
215 19
215 111
215 145
215 157
215 217
215 225
215 240
215 465
216 259
216 262
216 263
216 268
216 271
216 284
216 296
216 309
216 321
216 332
216 347
216 354
216 367
216 369
216 382
216 391
216 393
216 427
216 432
216 446
216 461
216 481
216 485
216 17
216 92
216 101
216 105
216 108
216 109
216 113
216 157
216 160
216 180
216 183
216 227
216 466
217 258
217 265
217 272
217 287
217 293
217 297
217 299
217 324
217 329
217 343
217 348
217 355
217 365
217 378
217 380
217 383
217 386
217 397
217 415
217 440
217 444
217 449
217 470
217 488
217 91
217 104
217 128
217 144
217 147
217 193
217 194
217 215
217 225
217 231
217 467
218 263
218 282
218 283
218 330
218 345
218 356
218 367
218 369
218 373
218 379
218 393
218 404
218 420
218 423
218 432
218 434
218 435
218 437
218 465
218 480
218 9
218 77
218 82
218 104
218 110
218 144
218 145
218 170
218 173
218 178
218 248
218 468
219 255
219 262
219 272
219 285
219 287
219 292
219 306
219 307
219 312
219 316
219 331
219 342
219 349
219 371
219 379
219 381
219 383
219 394
219 449
219 469
219 487
219 491
219 12
219 15
219 41
219 70
219 101
219 105
219 152
219 183
219 190
220 271
220 279
220 286
220 287
220 302
220 308
220 325
220 329
220 331
220 332
220 340
220 353
220 356
220 357
220 361
220 366
220 382
220 383
220 404
220 426
220 429
220 430
220 438
220 470
220 492
220 498
220 499
220 8
220 28
220 136
220 143
220 152
220 159
220 161
220 167
220 235
221 251
221 263
221 274
221 365
221 370
221 378
221 394
221 395
221 419
221 420
221 476
221 486
221 497
221 5
221 58
221 60
221 75
221 104
221 115
221 151
221 159
221 189
221 471
222 262
222 268
222 272
222 283
222 284
222 294
222 307
222 308
222 310
222 330
222 365
222 388
222 398
222 404
222 406
222 417
222 441
222 450
222 475
222 482
222 495
222 30
222 161
222 163
222 196
222 197
222 224
222 228
222 248
222 472
223 254
223 258
223 260
223 262
223 268
223 280
223 281
223 323
223 352
223 364
223 383
223 410
223 428
223 429
223 469
223 28
223 60
223 61
223 62
223 104
223 128
223 136
223 139
223 246
223 473
224 269
224 275
224 288
224 300
224 308
224 329
224 340
224 373
224 445
224 452
224 464
224 468
224 470
224 479
224 58
224 96
224 100
224 105
224 110
224 113
224 154
224 157
224 183
224 222
224 243
224 474
225 272
225 301
225 312
225 371
225 377
225 383
225 390
225 426
225 438
225 439
225 456
225 464
225 486
225 492
225 42
225 84
225 104
225 120
225 128
225 202
225 203
225 214
225 215
225 217
225 234
225 475
226 254
226 292
226 321
226 325
226 352
226 363
226 365
226 368
226 385
226 399
226 413
226 414
226 439
226 454
226 464
226 488
226 12
226 52
226 61
226 172
226 476
227 283
227 295
227 300
227 309
227 323
227 340
227 351
227 409
227 421
227 440
227 448
227 464
227 470
227 477
227 478
227 486
227 499
227 7
227 25
227 47
227 48
227 82
227 87
227 98
227 196
227 203
227 213
227 216
228 305
228 309
228 341
228 350
228 354
228 356
228 360
228 370
228 394
228 404
228 413
228 414
228 428
228 447
228 478
228 482
228 484
228 65
228 102
228 112
228 114
228 119
228 124
228 139
228 150
228 164
228 176
228 178
228 183
228 211
228 222
229 251
229 252
229 267
229 272
229 279
229 315
229 342
229 348
229 404
229 423
229 432
229 435
229 462
229 467
229 487
229 499
229 13
229 27
229 44
229 62
229 87
229 210
229 479
230 254
230 257
230 262
230 318
230 320
230 333
230 344
230 350
230 363
230 372
230 380
230 409
230 428
230 27
230 45
230 57
230 138
230 146
230 163
230 185
230 207
230 237
230 480
231 261
231 271
231 275
231 279
231 285
231 299
231 302
231 315
231 331
231 332
231 374
231 386
231 390
231 401
231 416
231 433
231 435
231 439
231 443
231 454
231 455
231 460
231 476
231 487
231 497
231 5
231 8
231 38
231 61
231 87
231 135
231 144
231 217
231 241
231 481
232 266
232 273
232 276
232 278
232 285
232 286
232 304
232 310
232 352
232 354
232 366
232 399
232 421
232 432
232 436
232 445
232 462
232 472
232 473
232 476
232 478
232 491
232 2
232 23
232 106
232 137
232 150
232 175
232 206
232 236
232 482
233 254
233 264
233 267
233 268
233 292
233 301
233 331
233 353
233 374
233 386
233 393
233 394
233 426
233 428
233 455
233 463
233 475
233 476
233 496
233 27
233 74
233 79
233 95
233 137
233 163
233 194
233 236
233 239
233 483
234 250
234 265
234 274
234 280
234 282
234 285
234 286
234 304
234 308
234 318
234 319
234 325
234 331
234 332
234 352
234 363
234 372
234 382
234 396
234 419
234 422
234 424
234 468
234 469
234 475
234 483
234 485
234 490
234 496
234 498
234 42
234 89
234 102
234 117
234 134
234 187
234 196
234 207
234 209
234 225
234 484
235 257
235 268
235 269
235 271
235 294
235 301
235 323
235 376
235 379
235 387
235 407
235 408
235 415
235 423
235 436
235 439
235 440
235 456
235 463
235 483
235 32
235 55
235 61
235 66
235 90
235 104
235 115
235 140
235 151
235 172
235 175
235 194
235 203
235 204
235 220
235 485
236 251
236 263
236 269
236 283
236 287
236 295
236 306
236 316
236 319
236 322
236 338
236 341
236 355
236 359
236 390
236 413
236 456
236 458
236 462
236 0
236 3
236 45
236 60
236 150
236 232
236 233
236 486
237 251
237 260
237 266
237 268
237 272
237 340
237 364
237 372
237 393
237 423
237 452
237 468
237 492
237 37
237 57
237 84
237 92
237 110
237 137
237 138
237 154
237 175
237 230
237 487
238 254
238 295
238 313
238 319
238 324
238 337
238 357
238 359
238 366
238 378
238 392
238 406
238 431
238 445
238 458
238 463
238 484
238 492
238 66
238 78
238 102
238 142
238 157
238 207
238 488
239 264
239 266
239 277
239 284
239 285
239 291
239 303
239 328
239 346
239 366
239 378
239 379
239 396
239 400
239 407
239 413
239 419
239 436
239 446
239 455
239 462
239 485
239 16
239 31
239 59
239 77
239 201
239 233
239 244
239 489
240 252
240 253
240 255
240 265
240 267
240 296
240 303
240 306
240 309
240 326
240 362
240 366
240 369
240 373
240 376
240 387
240 391
240 392
240 408
240 410
240 417
240 419
240 435
240 442
240 445
240 467
240 477
240 486
240 493
240 498
240 19
240 43
240 90
240 94
240 115
240 127
240 129
240 215
240 490
241 257
241 264
241 266
241 285
241 286
241 288
241 305
241 311
241 344
241 378
241 380
241 385
241 390
241 401
241 439
241 448
241 449
241 480
241 493
241 494
241 498
241 5
241 14
241 22
241 25
241 53
241 101
241 107
241 143
241 200
241 202
241 206
241 231
241 491
242 250
242 255
242 258
242 264
242 269
242 274
242 283
242 299
242 303
242 305
242 311
242 344
242 362
242 364
242 369
242 399
242 403
242 406
242 417
242 427
242 455
242 457
242 462
242 481
242 491
242 493
242 10
242 17
242 66
242 81
242 89
242 101
242 104
242 109
242 131
242 136
242 151
242 171
242 172
242 213
242 248
242 492
243 253
243 255
243 267
243 291
243 292
243 293
243 313
243 332
243 337
243 345
243 350
243 354
243 357
243 361
243 377
243 385
243 407
243 410
243 413
243 427
243 432
243 439
243 440
243 452
243 474
243 476
243 497
243 30
243 63
243 83
243 98
243 99
243 102
243 115
243 134
243 172
243 182
243 193
243 224
243 248
243 493
244 261
244 272
244 277
244 280
244 286
244 293
244 302
244 306
244 310
244 311
244 316
244 318
244 345
244 360
244 371
244 379
244 388
244 389
244 390
244 391
244 396
244 408
244 434
244 461
244 464
244 475
244 480
244 488
244 494
244 70
244 126
244 139
244 156
244 176
244 178
244 193
244 239
245 261
245 262
245 264
245 266
245 277
245 312
245 313
245 334
245 338
245 360
245 371
245 375
245 384
245 396
245 470
245 472
245 125
245 138
245 196
245 200
245 495
246 261
246 263
246 265
246 279
246 287
246 298
246 304
246 336
246 350
246 368
246 376
246 380
246 404
246 410
246 413
246 435
246 445
246 457
246 461
246 467
246 492
246 497
246 499
246 60
246 189
246 223
246 496
247 259
247 286
247 307
247 309
247 341
247 351
247 355
247 363
247 387
247 428
247 463
247 466
247 479
247 480
247 489
247 11
247 96
247 106
247 158
247 205
247 206
247 497
248 251
248 270
248 279
248 286
248 293
248 308
248 309
248 327
248 333
248 356
248 410
248 413
248 418
248 431
248 433
248 436
248 445
248 485
248 495
248 499
248 19
248 22
248 114
248 137
248 169
248 180
248 199
248 218
248 222
248 242
248 243
248 498
249 259
249 274
249 286
249 287
249 289
249 302
249 338
249 350
249 356
249 357
249 373
249 381
249 387
249 390
249 435
249 444
249 447
249 455
249 464
249 476
249 483
249 13
249 33
249 48
249 52
249 80
249 184
249 499
250 5
250 8
250 12
250 17
250 18
250 30
250 37
250 46
250 57
250 80
250 86
250 87
250 94
250 147
250 158
250 173
250 186
250 191
250 193
250 203
250 204
250 209
250 234
250 242
250 0
251 5
251 32
251 39
251 44
251 63
251 84
251 93
251 94
251 108
251 109
251 121
251 125
251 136
251 142
251 151
251 152
251 155
251 156
251 171
251 185
251 189
251 196
251 198
251 200
251 201
251 221
251 229
251 236
251 237
251 248
251 1
252 27
252 56
252 58
252 79
252 92
252 96
252 162
252 175
252 192
252 198
252 229
252 240
252 2
253 1
253 19
253 29
253 39
253 48
253 69
253 80
253 96
253 97
253 106
253 139
253 147
253 148
253 158
253 161
253 202
253 203
253 240
253 243
253 3
254 11
254 75
254 78
254 104
254 110
254 119
254 161
254 170
254 190
254 196
254 208
254 223
254 226
254 230
254 233
254 238
254 4
255 3
255 17
255 31
255 36
255 38
255 56
255 60
255 73
255 76
255 85
255 93
255 95
255 99
255 116
255 117
255 122
255 137
255 142
255 153
255 154
255 160
255 174
255 176
255 177
255 192
255 196
255 212
255 219
255 240
255 242
255 243
255 5
256 3
256 12
256 13
256 16
256 18
256 27
256 28
256 36
256 37
256 56
256 91
256 94
256 99
256 127
256 139
256 162
256 173
256 174
256 180
256 181
256 6
257 5
257 8
257 29
257 33
257 41
257 59
257 63
257 117
257 132
257 151
257 152
257 161
257 165
257 176
257 181
257 183
257 185
257 189
257 194
257 214
257 230
257 235
257 241
257 7
258 0
258 4
258 9
258 25
258 33
258 45
258 61
258 77
258 80
258 103
258 105
258 107
258 110
258 120
258 146
258 161
258 179
258 201
258 203
258 217
258 223
258 242
258 8
259 25
259 26
259 28
259 35
259 41
259 51
259 78
259 81
259 84
259 99
259 101
259 123
259 136
259 147
259 150
259 191
259 202
259 205
259 208
259 216
259 247
259 249
259 9
260 2
260 11
260 13
260 22
260 25
260 39
260 60
260 76
260 86
260 87
260 92
260 113
260 139
260 150
260 165
260 177
260 194
260 208
260 215
260 223
260 237
260 10
261 2
261 32
261 33
261 38
261 76
261 79
261 95
261 96
261 108
261 110
261 112
261 141
261 151
261 155
261 157
261 159
261 168
261 170
261 182
261 189
261 214
261 231
261 244
261 245
261 246
261 11
262 14
262 20
262 25
262 38
262 58
262 70
262 85
262 101
262 107
262 109
262 110
262 113
262 118
262 122
262 156
262 162
262 167
262 168
262 170
262 178
262 186
262 206
262 216
262 219
262 222
262 223
262 230
262 245
262 12
263 7
263 48
263 56
263 70
263 81
263 88
263 94
263 102
263 105
263 117
263 124
263 131
263 142
263 154
263 163
263 169
263 186
263 190
263 208
263 216
263 218
263 221
263 236
263 246
263 13
264 9
264 12
264 22
264 23
264 25
264 28
264 31
264 39
264 49
264 55
264 66
264 76
264 77
264 97
264 104
264 122
264 148
264 159
264 178
264 207
264 233
264 239
264 241
264 242
264 245
264 14
265 11
265 26
265 32
265 48
265 50
265 51
265 60
265 62
265 64
265 66
265 68
265 72
265 77
265 91
265 99
265 102
265 111
265 118
265 134
265 154
265 170
265 173
265 178
265 193
265 217
265 234
265 240
265 246
265 15
266 4
266 19
266 26
266 39
266 57
266 70
266 72
266 116
266 121
266 123
266 126
266 195
266 213
266 232
266 237
266 239
266 241
266 245
266 16
267 23
267 34
267 46
267 65
267 72
267 126
267 131
267 159
267 172
267 174
267 176
267 183
267 197
267 212
267 229
267 233
267 240
267 243
267 17
268 11
268 35
268 45
268 62
268 63
268 81
268 119
268 143
268 152
268 155
268 169
268 177
268 179
268 186
268 216
268 222
268 223
268 233
268 235
268 237
268 18
269 2
269 19
269 32
269 36
269 47
269 51
269 52
269 71
269 77
269 97
269 106
269 117
269 126
269 132
269 155
269 159
269 172
269 177
269 184
269 198
269 202
269 209
269 212
269 224
269 235
269 236
269 242
270 7
270 27
270 28
270 40
270 50
270 66
270 69
270 81
270 110
270 115
270 128
270 131
270 132
270 138
270 173
270 212
270 214
270 248
270 20
271 10
271 16
271 18
271 32
271 53
271 55
271 57
271 147
271 166
271 191
271 198
271 202
271 214
271 216
271 220
271 231
271 235
271 21
272 21
272 22
272 25
272 32
272 35
272 42
272 48
272 57
272 61
272 66
272 87
272 88
272 110
272 118
272 125
272 131
272 132
272 138
272 141
272 143
272 150
272 157
272 167
272 176
272 188
272 193
272 217
272 219
272 222
272 225
272 229
272 237
272 244
273 6
273 20
273 35
273 40
273 48
273 66
273 70
273 71
273 78
273 84
273 102
273 114
273 119
273 129
273 138
273 139
273 146
273 155
273 196
273 232
273 23
274 38
274 41
274 67
274 91
274 111
274 120
274 134
274 138
274 182
274 199
274 221
274 234
274 242
274 249
274 24
275 6
275 17
275 22
275 23
275 28
275 42
275 48
275 65
275 76
275 77
275 78
275 86
275 88
275 111
275 113
275 114
275 138
275 142
275 153
275 167
275 189
275 194
275 204
275 205
275 224
275 231
275 25
276 7
276 12
276 27
276 46
276 49
276 68
276 78
276 85
276 88
276 119
276 128
276 132
276 172
276 175
276 209
276 232
276 26
277 2
277 29
277 37
277 58
277 59
277 75
277 76
277 80
277 93
277 97
277 103
277 110
277 113
277 129
277 149
277 154
277 196
277 215
277 239
277 244
277 245
277 27
278 5
278 7
278 12
278 20
278 22
278 32
278 36
278 39
278 91
278 104
278 110
278 123
278 139
278 145
278 176
278 181
278 185
278 211
278 232
278 28
279 4
279 17
279 26
279 40
279 74
279 83
279 86
279 117
279 125
279 144
279 147
279 154
279 182
279 185
279 187
279 220
279 229
279 231
279 246
279 248
279 29
280 8
280 13
280 20
280 32
280 44
280 51
280 62
280 68
280 89
280 90
280 92
280 110
280 121
280 135
280 139
280 150
280 153
280 208
280 212
280 223
280 234
280 244
280 30
281 0
281 5
281 12
281 27
281 71
281 86
281 87
281 107
281 109
281 117
281 122
281 132
281 141
281 162
281 175
281 195
281 200
281 202
281 223
281 31
282 1
282 7
282 9
282 44
282 59
282 70
282 89
282 107
282 134
282 138
282 139
282 140
282 153
282 173
282 177
282 178
282 181
282 198
282 212
282 218
282 234
282 32
283 15
283 19
283 25
283 55
283 70
283 76
283 91
283 109
283 135
283 138
283 139
283 161
283 179
283 182
283 196
283 218
283 222
283 227
283 236
283 242
283 33
284 12
284 37
284 45
284 49
284 62
284 66
284 90
284 99
284 108
284 116
284 123
284 135
284 142
284 151
284 153
284 161
284 162
284 163
284 166
284 176
284 177
284 201
284 216
284 222
284 239
284 34
285 20
285 26
285 30
285 31
285 38
285 55
285 57
285 84
285 93
285 102
285 105
285 151
285 152
285 177
285 188
285 194
285 197
285 211
285 219
285 231
285 232
285 234
285 239
285 241
285 35
286 47
286 82
286 108
286 117
286 144
286 146
286 157
286 163
286 174
286 175
286 184
286 185
286 193
286 220
286 232
286 234
286 241
286 244
286 247
286 248
286 249
286 36
287 16
287 26
287 28
287 34
287 38
287 58
287 76
287 79
287 109
287 129
287 134
287 138
287 158
287 162
287 185
287 205
287 209
287 217
287 219
287 220
287 236
287 246
287 249
287 37
288 4
288 15
288 16
288 28
288 36
288 38
288 40
288 42
288 70
288 107
288 115
288 125
288 129
288 130
288 142
288 153
288 154
288 207
288 224
288 241
289 9
289 62
289 129
289 152
289 175
289 178
289 198
289 202
289 203
289 205
289 213
289 249
289 39
290 7
290 18
290 28
290 30
290 43
290 44
290 51
290 69
290 76
290 94
290 112
290 114
290 121
290 129
290 152
290 167
290 172
290 189
290 204
290 40
291 6
291 12
291 22
291 44
291 51
291 53
291 57
291 60
291 61
291 69
291 93
291 97
291 101
291 118
291 122
291 144
291 172
291 181
291 182
291 184
291 197
291 201
291 205
291 206
291 213
291 239
291 243
291 41
292 1
292 14
292 24
292 25
292 64
292 70
292 76
292 88
292 94
292 96
292 111
292 127
292 138
292 139
292 162
292 164
292 183
292 204
292 206
292 210
292 219
292 226
292 233
292 243
292 42
293 7
293 24
293 34
293 39
293 49
293 52
293 75
293 80
293 95
293 107
293 115
293 135
293 173
293 180
293 184
293 188
293 190
293 217
293 243
293 244
293 248
293 43
294 4
294 17
294 28
294 77
294 88
294 91
294 95
294 120
294 134
294 140
294 143
294 154
294 162
294 189
294 195
294 211
294 222
294 235
294 44
295 3
295 5
295 13
295 21
295 31
295 35
295 49
295 65
295 78
295 82
295 84
295 90
295 103
295 112
295 113
295 115
295 119
295 142
295 145
295 190
295 201
295 227
295 236
295 238
295 45
296 58
296 72
296 78
296 85
296 90
296 94
296 99
296 136
296 142
296 150
296 155
296 173
296 190
296 192
296 196
296 209
296 212
296 215
296 216
296 240
296 46
297 0
297 13
297 23
297 43
297 48
297 52
297 74
297 106
297 115
297 116
297 117
297 121
297 124
297 154
297 170
297 186
297 207
297 217
297 47
298 28
298 70
298 92
298 93
298 98
298 102
298 139
298 171
298 178
298 187
298 208
298 246
298 48
299 55
299 61
299 62
299 81
299 92
299 94
299 96
299 104
299 118
299 123
299 130
299 136
299 140
299 155
299 158
299 161
299 169
299 173
299 187
299 195
299 200
299 217
299 231
299 242
299 49
300 0
300 3
300 19
300 38
300 54
300 80
300 127
300 132
300 147
300 161
300 171
300 172
300 173
300 194
300 208
300 211
300 224
300 227
300 50
301 0
301 16
301 23
301 54
301 113
301 117
301 126
301 130
301 136
301 175
301 182
301 188
301 202
301 215
301 225
301 233
301 235
301 51
302 9
302 16
302 18
302 41
302 42
302 45
302 48
302 58
302 63
302 110
302 114
302 116
302 119
302 124
302 152
302 156
302 160
302 164
302 165
302 172
302 179
302 187
302 189
302 204
302 220
302 231
302 244
302 249
302 52
303 2
303 15
303 41
303 51
303 58
303 69
303 87
303 93
303 109
303 113
303 125
303 137
303 166
303 167
303 170
303 195
303 208
303 209
303 211
303 239
303 240
303 242
303 53
304 17
304 36
304 50
304 67
304 83
304 92
304 100
304 102
304 117
304 122
304 215
304 232
304 234
304 246
304 54
305 1
305 9
305 37
305 43
305 62
305 80
305 92
305 124
305 138
305 143
305 159
305 169
305 194
305 199
305 228
305 241
305 242
305 55
306 3
306 7
306 20
306 39
306 47
306 49
306 127
306 131
306 144
306 148
306 153
306 158
306 162
306 163
306 167
306 180
306 181
306 183
306 198
306 199
306 205
306 219
306 236
306 240
306 244
306 56
307 21
307 51
307 53
307 76
307 86
307 113
307 123
307 140
307 156
307 161
307 164
307 170
307 198
307 206
307 209
307 219
307 222
307 247
307 57
308 10
308 11
308 20
308 26
308 39
308 42
308 56
308 57
308 58
308 69
308 70
308 85
308 102
308 107
308 112
308 123
308 147
308 169
308 188
308 195
308 201
308 208
308 220
308 222
308 224
308 234
308 248
309 6
309 21
309 31
309 34
309 41
309 46
309 57
309 76
309 83
309 92
309 98
309 101
309 108
309 140
309 147
309 149
309 153
309 164
309 165
309 167
309 168
309 170
309 176
309 191
309 197
309 199
309 205
309 216
309 227
309 228
309 240
309 247
309 248
309 59
310 5
310 16
310 29
310 32
310 35
310 54
310 59
310 70
310 74
310 82
310 109
310 152
310 159
310 163
310 193
310 194
310 222
310 232
310 244
310 60
311 1
311 17
311 20
311 36
311 43
311 52
311 53
311 60
311 65
311 66
311 71
311 117
311 122
311 130
311 131
311 132
311 146
311 148
311 151
311 174
311 208
311 241
311 242
311 244
311 61
312 10
312 20
312 24
312 26
312 50
312 62
312 63
312 77
312 84
312 105
312 116
312 122
312 123
312 127
312 128
312 144
312 157
312 166
312 175
312 194
312 203
312 219
312 225
312 245
313 36
313 55
313 58
313 70
313 77
313 99
313 112
313 113
313 123
313 126
313 130
313 131
313 142
313 169
313 177
313 183
313 193
313 238
313 243
313 245
313 63
314 31
314 45
314 47
314 51
314 52
314 63
314 100
314 102
314 117
314 126
314 150
314 184
314 189
314 64
315 7
315 12
315 17
315 35
315 38
315 43
315 47
315 53
315 55
315 67
315 78
315 86
315 101
315 110
315 146
315 162
315 167
315 188
315 200
315 229
315 231
315 65
316 11
316 13
316 42
316 43
316 47
316 79
316 89
316 136
316 150
316 155
316 175
316 190
316 219
316 236
316 244
316 66
317 1
317 4
317 8
317 54
317 82
317 100
317 112
317 118
317 120
317 126
317 190
317 212
317 67
318 0
318 21
318 48
318 59
318 70
318 73
318 75
318 79
318 85
318 87
318 92
318 103
318 108
318 157
318 162
318 170
318 178
318 212
318 230
318 234
318 244
318 68
319 7
319 13
319 16
319 33
319 38
319 82
319 85
319 86
319 118
319 125
319 128
319 132
319 137
319 166
319 177
319 182
319 234
319 236
319 238
319 69
320 28
320 73
320 83
320 126
320 137
320 142
320 159
320 162
320 230
320 70
321 3
321 17
321 25
321 30
321 46
321 56
321 57
321 61
321 74
321 88
321 102
321 117
321 122
321 143
321 168
321 169
321 177
321 182
321 193
321 216
321 226
321 71
322 4
322 14
322 23
322 55
322 63
322 64
322 89
322 111
322 117
322 129
322 134
322 143
322 182
322 209
322 236
322 72
323 20
323 29
323 38
323 40
323 59
323 74
323 84
323 91
323 103
323 111
323 112
323 124
323 128
323 135
323 145
323 146
323 161
323 167
323 169
323 178
323 191
323 204
323 205
323 223
323 227
323 235
323 73
324 29
324 50
324 65
324 66
324 86
324 130
324 138
324 147
324 158
324 160
324 166
324 176
324 178
324 179
324 181
324 182
324 187
324 206
324 217
324 238
324 74
325 5
325 13
325 25
325 42
325 45
325 48
325 56
325 63
325 73
325 84
325 101
325 113
325 119
325 134
325 147
325 172
325 179
325 199
325 209
325 215
325 220
325 226
325 234
325 75
326 40
326 44
326 50
326 62
326 67
326 72
326 81
326 84
326 87
326 95
326 96
326 103
326 106
326 110
326 156
326 162
326 163
326 171
326 175
326 185
326 194
326 201
326 207
326 240
326 76
327 43
327 56
327 63
327 68
327 80
327 93
327 117
327 120
327 165
327 166
327 213
327 248
327 77
328 13
328 17
328 68
328 105
328 117
328 129
328 144
328 178
328 200
328 239
328 78
329 17
329 58
329 68
329 69
329 78
329 89
329 101
329 102
329 120
329 122
329 123
329 141
329 150
329 155
329 168
329 170
329 174
329 184
329 193
329 197
329 203
329 217
329 220
329 224
329 79
330 3
330 31
330 36
330 47
330 52
330 67
330 113
330 126
330 143
330 150
330 155
330 161
330 164
330 183
330 185
330 190
330 206
330 218
330 222
330 80
331 12
331 30
331 55
331 68
331 82
331 91
331 102
331 103
331 152
331 155
331 157
331 161
331 175
331 178
331 180
331 192
331 219
331 220
331 231
331 233
331 234
331 81
332 12
332 45
332 54
332 57
332 75
332 84
332 87
332 111
332 120
332 122
332 138
332 163
332 171
332 183
332 197
332 198
332 207
332 216
332 220
332 231
332 234
332 243
332 82
333 22
333 24
333 42
333 44
333 47
333 67
333 69
333 80
333 84
333 90
333 99
333 211
333 214
333 230
333 248
333 83
334 11
334 30
334 33
334 35
334 36
334 47
334 59
334 91
334 96
334 103
334 116
334 156
334 179
334 197
334 213
334 245
334 84
335 3
335 17
335 24
335 41
335 64
335 81
335 87
335 88
335 101
335 104
335 105
335 108
335 121
335 122
335 131
335 140
335 144
335 147
335 156
335 160
335 177
335 181
335 184
335 199
335 205
335 85
336 1
336 6
336 8
336 19
336 33
336 51
336 61
336 99
336 113
336 123
336 130
336 131
336 135
336 169
336 181
336 246
336 86
337 13
337 14
337 17
337 41
337 42
337 46
337 50
337 89
337 106
337 120
337 129
337 131
337 133
337 148
337 155
337 168
337 190
337 193
337 195
337 238
337 243
337 87
338 27
338 29
338 39
338 52
338 59
338 65
338 72
338 98
338 151
338 162
338 177
338 183
338 196
338 206
338 207
338 210
338 214
338 236
338 245
338 249
338 88
339 0
339 3
339 27
339 42
339 66
339 67
339 77
339 121
339 123
339 153
339 184
339 197
339 212
339 89
340 3
340 4
340 6
340 23
340 28
340 35
340 51
340 54
340 55
340 64
340 66
340 75
340 88
340 119
340 121
340 125
340 134
340 137
340 144
340 155
340 180
340 188
340 199
340 220
340 224
340 227
340 237
340 90
341 4
341 10
341 37
341 64
341 83
341 91
341 99
341 105
341 121
341 125
341 161
341 166
341 175
341 177
341 185
341 188
341 197
341 198
341 214
341 228
341 236
341 247
342 8
342 19
342 66
342 74
342 98
342 104
342 107
342 119
342 132
342 164
342 175
342 176
342 177
342 185
342 199
342 211
342 219
342 229
342 92
343 1
343 10
343 15
343 25
343 51
343 56
343 85
343 91
343 93
343 136
343 144
343 160
343 175
343 182
343 194
343 201
343 209
343 217
344 10
344 12
344 39
344 55
344 68
344 69
344 74
344 80
344 87
344 88
344 141
344 144
344 171
344 177
344 185
344 191
344 204
344 206
344 211
344 215
344 230
344 241
344 242
344 94
345 49
345 65
345 71
345 76
345 79
345 133
345 140
345 182
345 203
345 205
345 218
345 243
345 244
345 95
346 13
346 23
346 35
346 48
346 69
346 82
346 108
346 128
346 138
346 170
346 177
346 180
346 189
346 202
346 239
346 96
347 15
347 18
347 39
347 77
347 84
347 92
347 122
347 127
347 130
347 131
347 138
347 150
347 163
347 165
347 195
347 202
347 214
347 216
347 97
348 2
348 9
348 19
348 28
348 46
348 78
348 93
348 94
348 101
348 106
348 131
348 133
348 136
348 147
348 159
348 178
348 204
348 217
348 229
348 98
349 10
349 11
349 72
349 80
349 89
349 108
349 118
349 123
349 134
349 140
349 176
349 184
349 202
349 219
349 99
350 21
350 37
350 40
350 44
350 55
350 68
350 76
350 87
350 95
350 101
350 108
350 119
350 123
350 126
350 136
350 138
350 170
350 176
350 180
350 184
350 228
350 230
350 243
350 246
350 249
350 100
351 27
351 28
351 29
351 33
351 70
351 73
351 82
351 87
351 132
351 135
351 164
351 169
351 189
351 210
351 227
351 247
351 101
352 12
352 25
352 33
352 54
352 66
352 67
352 68
352 74
352 88
352 90
352 114
352 119
352 121
352 124
352 125
352 143
352 158
352 159
352 172
352 175
352 192
352 209
352 212
352 223
352 226
352 232
352 234
352 102
353 3
353 5
353 15
353 36
353 37
353 48
353 55
353 96
353 104
353 115
353 119
353 120
353 121
353 134
353 145
353 151
353 158
353 163
353 175
353 178
353 199
353 214
353 220
353 233
353 103
354 16
354 23
354 38
354 55
354 61
354 79
354 89
354 99
354 113
354 125
354 130
354 132
354 142
354 144
354 153
354 172
354 182
354 191
354 196
354 204
354 208
354 212
354 214
354 215
354 216
354 228
354 232
354 243
354 104
355 26
355 49
355 59
355 63
355 66
355 118
355 149
355 153
355 173
355 180
355 195
355 204
355 210
355 217
355 236
355 247
355 105
356 10
356 29
356 48
356 77
356 107
356 109
356 126
356 141
356 174
356 179
356 184
356 185
356 193
356 201
356 203
356 218
356 220
356 228
356 248
356 249
356 106
357 17
357 45
357 46
357 64
357 69
357 74
357 125
357 142
357 147
357 185
357 190
357 198
357 201
357 220
357 238
357 243
357 249
357 107
358 30
358 58
358 62
358 70
358 85
358 88
358 104
358 111
358 142
358 163
358 174
358 180
358 185
358 193
358 196
358 204
358 108
359 5
359 32
359 34
359 37
359 66
359 67
359 69
359 72
359 75
359 84
359 89
359 106
359 113
359 118
359 126
359 131
359 165
359 184
359 188
359 196
359 236
359 238
359 109
360 4
360 31
360 53
360 77
360 86
360 98
360 107
360 120
360 126
360 146
360 156
360 168
360 173
360 174
360 183
360 228
360 244
360 245
360 110
361 14
361 23
361 25
361 29
361 49
361 57
361 61
361 82
361 93
361 112
361 114
361 118
361 135
361 146
361 154
361 160
361 161
361 179
361 185
361 220
361 243
361 111
362 10
362 17
362 34
362 47
362 62
362 109
362 116
362 139
362 141
362 144
362 155
362 157
362 189
362 193
362 206
362 212
362 240
362 242
362 112
363 23
363 25
363 32
363 38
363 48
363 71
363 75
363 105
363 106
363 115
363 118
363 120
363 122
363 131
363 146
363 148
363 150
363 164
363 170
363 182
363 198
363 206
363 211
363 212
363 213
363 226
363 230
363 234
363 247
363 113
364 17
364 30
364 32
364 33
364 38
364 63
364 78
364 84
364 104
364 110
364 117
364 142
364 157
364 189
364 191
364 197
364 223
364 237
364 242
364 114
365 10
365 12
365 15
365 22
365 69
365 73
365 86
365 116
365 130
365 136
365 141
365 142
365 174
365 175
365 176
365 180
365 182
365 195
365 215
365 217
365 221
365 222
365 226
365 115
366 10
366 12
366 14
366 21
366 41
366 50
366 52
366 67
366 70
366 74
366 99
366 105
366 108
366 122
366 132
366 139
366 152
366 167
366 206
366 220
366 232
366 238
366 239
366 240
366 116
367 21
367 27
367 33
367 35
367 40
367 51
367 58
367 81
367 85
367 103
367 127
367 138
367 145
367 166
367 173
367 176
367 187
367 197
367 216
367 218
367 117
368 24
368 28
368 49
368 57
368 117
368 144
368 148
368 171
368 212
368 226
368 246
368 118
369 26
369 36
369 42
369 52
369 63
369 75
369 102
369 127
369 139
369 149
369 154
369 190
369 201
369 204
369 205
369 206
369 207
369 212
369 216
369 218
369 240
369 242
369 119
370 6
370 10
370 20
370 28
370 33
370 43
370 46
370 47
370 60
370 65
370 131
370 150
370 151
370 162
370 178
370 179
370 181
370 183
370 204
370 206
370 221
370 228
370 120
371 12
371 16
371 51
371 60
371 71
371 89
371 103
371 106
371 113
371 130
371 138
371 143
371 144
371 161
371 219
371 225
371 244
371 245
371 121
372 64
372 69
372 83
372 92
372 99
372 103
372 115
372 125
372 134
372 168
372 195
372 201
372 230
372 234
372 237
372 122
373 3
373 17
373 19
373 21
373 31
373 39
373 43
373 48
373 62
373 92
373 93
373 94
373 99
373 114
373 127
373 183
373 205
373 211
373 218
373 224
373 240
373 249
373 123
374 24
374 31
374 67
374 73
374 75
374 79
374 143
374 174
374 179
374 231
374 233
374 124
375 5
375 29
375 33
375 41
375 47
375 76
375 81
375 87
375 97
375 108
375 127
375 136
375 144
375 147
375 154
375 187
375 200
375 210
375 245
375 125
376 28
376 34
376 35
376 49
376 56
376 57
376 60
376 61
376 80
376 81
376 92
376 103
376 109
376 123
376 124
376 149
376 156
376 163
376 169
376 176
376 182
376 187
376 210
376 235
376 240
376 246
376 126
377 2
377 7
377 8
377 19
377 30
377 47
377 65
377 91
377 103
377 105
377 114
377 128
377 187
377 199
377 201
377 208
377 225
377 243
377 127
378 10
378 23
378 42
378 79
378 85
378 108
378 112
378 121
378 123
378 125
378 128
378 132
378 134
378 140
378 153
378 162
378 164
378 175
378 191
378 192
378 194
378 217
378 221
378 238
378 239
378 241
379 7
379 10
379 17
379 22
379 28
379 41
379 45
379 49
379 65
379 70
379 81
379 111
379 114
379 136
379 139
379 151
379 159
379 199
379 200
379 211
379 212
379 218
379 219
379 235
379 239
379 244
379 129
380 6
380 37
380 51
380 58
380 66
380 73
380 78
380 90
380 92
380 101
380 102
380 105
380 116
380 120
380 123
380 173
380 191
380 217
380 230
380 241
380 246
380 130
381 18
381 19
381 28
381 30
381 35
381 37
381 38
381 46
381 47
381 57
381 69
381 90
381 91
381 92
381 98
381 112
381 134
381 138
381 178
381 219
381 249
381 131
382 1
382 14
382 15
382 18
382 25
382 29
382 41
382 45
382 67
382 81
382 103
382 109
382 122
382 126
382 138
382 139
382 167
382 182
382 192
382 194
382 196
382 216
382 220
382 234
382 132
383 1
383 6
383 29
383 54
383 65
383 90
383 96
383 106
383 112
383 115
383 144
383 175
383 182
383 183
383 217
383 219
383 220
383 223
383 225
383 133
384 15
384 18
384 20
384 34
384 35
384 40
384 48
384 55
384 101
384 121
384 161
384 180
384 182
384 209
384 245
384 134
385 24
385 50
385 104
385 127
385 148
385 158
385 163
385 178
385 179
385 182
385 190
385 213
385 226
385 241
385 243
385 135
386 4
386 22
386 23
386 29
386 34
386 68
386 69
386 86
386 97
386 103
386 118
386 131
386 142
386 175
386 177
386 188
386 203
386 213
386 217
386 231
386 233
386 136
387 0
387 3
387 21
387 47
387 57
387 69
387 71
387 81
387 84
387 94
387 105
387 109
387 120
387 133
387 149
387 163
387 187
387 189
387 200
387 235
387 240
387 247
387 249
387 137
388 3
388 14
388 24
388 34
388 44
388 51
388 73
388 80
388 81
388 83
388 84
388 99
388 124
388 135
388 170
388 179
388 184
388 203
388 207
388 222
388 244
388 138
389 17
389 43
389 52
389 58
389 59
389 87
389 112
389 117
389 128
389 133
389 138
389 165
389 171
389 210
389 244
389 139
390 28
390 66
390 69
390 86
390 91
390 106
390 107
390 111
390 114
390 117
390 144
390 156
390 180
390 188
390 225
390 231
390 236
390 241
390 244
390 249
390 140
391 1
391 8
391 12
391 17
391 37
391 40
391 49
391 64
391 87
391 90
391 105
391 115
391 131
391 137
391 141
391 143
391 157
391 161
391 165
391 212
391 216
391 240
391 244
392 16
392 71
392 89
392 91
392 107
392 112
392 132
392 141
392 151
392 152
392 160
392 161
392 165
392 172
392 174
392 189
392 190
392 200
392 202
392 238
392 240
392 142
393 3
393 8
393 13
393 29
393 82
393 88
393 90
393 118
393 123
393 144
393 172
393 194
393 212
393 216
393 218
393 233
393 237
393 143
394 4
394 19
394 53
394 88
394 91
394 92
394 95
394 113
394 124
394 148
394 158
394 169
394 209
394 219
394 221
394 228
394 233
394 144
395 7
395 13
395 21
395 30
395 31
395 33
395 34
395 52
395 62
395 92
395 94
395 104
395 119
395 128
395 129
395 154
395 178
395 189
395 198
395 221
395 145
396 14
396 15
396 25
396 27
396 32
396 35
396 36
396 39
396 50
396 63
396 106
396 142
396 161
396 180
396 184
396 193
396 208
396 215
396 234
396 239
396 244
396 245
396 146
397 26
397 33
397 55
397 56
397 63
397 77
397 101
397 114
397 146
397 161
397 163
397 199
397 217
397 147
398 23
398 33
398 36
398 43
398 48
398 50
398 58
398 80
398 83
398 157
398 166
398 172
398 191
398 193
398 201
398 208
398 210
398 222
398 148
399 8
399 10
399 13
399 16
399 17
399 83
399 101
399 109
399 110
399 121
399 133
399 149
399 164
399 181
399 194
399 195
399 206
399 226
399 232
399 242
400 31
400 36
400 39
400 50
400 68
400 72
400 74
400 80
400 86
400 99
400 114
400 118
400 140
400 147
400 187
400 211
400 239
400 150
401 56
401 72
401 73
401 74
401 90
401 92
401 106
401 125
401 126
401 136
401 149
401 160
401 170
401 171
401 174
401 188
401 212
401 231
401 241
401 151
402 0
402 11
402 12
402 20
402 23
402 24
402 40
402 65
402 70
402 72
402 95
402 134
402 141
402 171
402 174
402 188
402 209
402 210
402 214
402 152
403 0
403 16
403 24
403 25
403 30
403 42
403 44
403 49
403 56
403 67
403 69
403 86
403 101
403 124
403 127
403 129
403 144
403 152
403 177
403 184
403 192
403 202
403 209
403 242
403 153
404 11
404 25
404 33
404 38
404 47
404 52
404 60
404 69
404 72
404 78
404 80
404 84
404 101
404 111
404 117
404 118
404 122
404 131
404 150
404 156
404 199
404 203
404 210
404 214
404 218
404 220
404 222
404 228
404 229
404 246
404 154
405 33
405 55
405 83
405 89
405 108
405 111
405 113
405 119
405 122
405 125
405 142
405 145
405 146
405 152
405 153
405 156
405 178
405 181
405 209
405 155
406 1
406 9
406 10
406 15
406 28
406 37
406 41
406 59
406 73
406 80
406 90
406 129
406 134
406 140
406 157
406 165
406 174
406 187
406 209
406 222
406 238
406 242
406 156
407 1
407 8
407 25
407 29
407 37
407 47
407 60
407 72
407 74
407 75
407 87
407 91
407 99
407 114
407 131
407 157
407 175
407 186
407 208
407 210
407 235
407 239
407 243
408 2
408 5
408 11
408 13
408 20
408 21
408 30
408 32
408 34
408 49
408 63
408 78
408 91
408 112
408 119
408 128
408 151
408 160
408 198
408 211
408 235
408 240
408 244
408 158
409 11
409 14
409 20
409 27
409 30
409 53
409 64
409 71
409 72
409 75
409 80
409 106
409 128
409 139
409 151
409 171
409 189
409 199
409 207
409 212
409 227
409 230
409 159
410 4
410 13
410 27
410 37
410 51
410 54
410 65
410 75
410 123
410 142
410 144
410 158
410 165
410 187
410 192
410 202
410 204
410 223
410 240
410 243
410 246
410 248
410 160
411 19
411 21
411 29
411 70
411 103
411 142
411 157
411 170
411 183
411 193
411 194
411 208
411 161
412 53
412 54
412 60
412 94
412 136
412 157
412 179
412 185
412 195
412 207
412 214
412 162
413 24
413 27
413 53
413 55
413 58
413 59
413 75
413 83
413 97
413 110
413 146
413 226
413 228
413 236
413 239
413 243
413 246
413 248
413 163
414 8
414 20
414 41
414 42
414 48
414 61
414 67
414 85
414 89
414 123
414 133
414 156
414 173
414 186
414 199
414 207
414 210
414 213
414 226
414 228
414 164
415 1
415 5
415 12
415 17
415 30
415 37
415 46
415 49
415 103
415 106
415 128
415 131
415 136
415 141
415 160
415 161
415 169
415 188
415 191
415 217
415 235
415 165
416 10
416 23
416 36
416 41
416 46
416 54
416 65
416 68
416 71
416 81
416 96
416 103
416 142
416 152
416 163
416 167
416 180
416 182
416 200
416 231
416 166
417 18
417 31
417 32
417 45
417 57
417 58
417 65
417 78
417 79
417 108
417 142
417 148
417 150
417 167
417 184
417 197
417 209
417 211
417 214
417 222
417 240
417 242
418 31
418 55
418 70
418 83
418 87
418 113
418 133
418 162
418 175
418 192
418 248
418 168
419 6
419 24
419 31
419 47
419 52
419 58
419 59
419 78
419 85
419 113
419 140
419 161
419 171
419 183
419 192
419 200
419 221
419 234
419 239
419 240
419 169
420 6
420 15
420 22
420 42
420 69
420 75
420 82
420 87
420 89
420 97
420 149
420 164
420 194
420 201
420 218
420 221
420 170
421 9
421 10
421 24
421 50
421 54
421 57
421 65
421 82
421 99
421 100
421 129
421 150
421 153
421 163
421 191
421 205
421 210
421 227
421 232
421 171
422 24
422 53
422 77
422 86
422 123
422 145
422 148
422 162
422 186
422 208
422 234
422 172
423 0
423 10
423 27
423 34
423 41
423 77
423 109
423 132
423 170
423 175
423 179
423 200
423 203
423 218
423 229
423 235
423 237
423 173
424 11
424 23
424 31
424 33
424 48
424 116
424 121
424 151
424 154
424 163
424 176
424 195
424 234
424 174
425 35
425 40
425 46
425 108
425 114
425 138
425 148
425 150
425 159
425 176
425 179
425 175
426 2
426 18
426 23
426 34
426 40
426 43
426 61
426 62
426 64
426 95
426 123
426 124
426 130
426 133
426 134
426 165
426 181
426 182
426 188
426 197
426 203
426 206
426 211
426 220
426 225
426 233
426 176
427 10
427 24
427 25
427 27
427 57
427 59
427 61
427 62
427 65
427 75
427 88
427 102
427 112
427 134
427 176
427 197
427 216
427 242
427 243
427 177
428 2
428 6
428 9
428 18
428 27
428 60
428 69
428 77
428 92
428 95
428 96
428 107
428 112
428 114
428 115
428 129
428 137
428 139
428 146
428 156
428 170
428 180
428 214
428 223
428 228
428 230
428 233
428 247
428 178
429 5
429 37
429 39
429 58
429 128
429 169
429 181
429 190
429 198
429 208
429 220
429 223
429 179
430 10
430 30
430 31
430 41
430 73
430 77
430 113
430 116
430 132
430 151
430 186
430 202
430 207
430 220
430 180
431 2
431 7
431 10
431 29
431 44
431 50
431 69
431 90
431 109
431 115
431 118
431 129
431 132
431 168
431 179
431 182
431 184
431 189
431 192
431 203
431 208
431 214
431 215
431 238
431 248
431 181
432 25
432 63
432 83
432 88
432 107
432 115
432 145
432 146
432 151
432 158
432 185
432 204
432 205
432 208
432 216
432 218
432 229
432 232
432 243
432 182
433 31
433 52
433 66
433 82
433 90
433 111
433 114
433 115
433 120
433 156
433 161
433 163
433 209
433 211
433 231
433 248
433 183
434 21
434 25
434 26
434 44
434 53
434 54
434 62
434 76
434 79
434 88
434 92
434 97
434 115
434 126
434 129
434 138
434 153
434 157
434 174
434 186
434 191
434 192
434 194
434 213
434 218
434 244
434 184
435 5
435 25
435 28
435 33
435 34
435 41
435 64
435 72
435 76
435 81
435 115
435 116
435 124
435 146
435 155
435 162
435 172
435 185
435 190
435 192
435 218
435 229
435 231
435 240
435 246
435 249
436 11
436 28
436 38
436 66
436 86
436 99
436 102
436 108
436 120
436 130
436 133
436 135
436 147
436 150
436 159
436 182
436 197
436 203
436 232
436 235
436 239
436 248
436 186
437 19
437 27
437 45
437 70
437 76
437 81
437 91
437 118
437 119
437 120
437 123
437 162
437 166
437 179
437 188
437 196
437 207
437 218
437 187
438 16
438 19
438 43
438 72
438 85
438 86
438 95
438 100
438 108
438 118
438 121
438 176
438 184
438 202
438 209
438 220
438 225
438 188
439 4
439 10
439 15
439 46
439 67
439 73
439 79
439 107
439 125
439 131
439 175
439 188
439 198
439 199
439 225
439 226
439 231
439 235
439 241
439 243
439 189
440 5
440 11
440 44
440 48
440 70
440 87
440 92
440 97
440 111
440 146
440 167
440 171
440 180
440 184
440 187
440 213
440 217
440 227
440 235
440 243
440 190
441 12
441 15
441 24
441 41
441 42
441 49
441 90
441 133
441 136
441 155
441 159
441 161
441 163
441 175
441 178
441 193
441 203
441 210
441 222
441 191
442 42
442 51
442 55
442 98
442 105
442 114
442 123
442 136
442 161
442 177
442 189
442 191
442 198
442 202
442 240
442 192
443 19
443 27
443 49
443 57
443 101
443 106
443 110
443 113
443 137
443 139
443 143
443 184
443 185
443 186
443 188
443 196
443 231
443 193
444 6
444 9
444 19
444 31
444 35
444 51
444 57
444 83
444 106
444 115
444 119
444 125
444 134
444 140
444 144
444 147
444 159
444 169
444 172
444 174
444 183
444 210
444 211
444 217
444 249
444 194
445 5
445 6
445 21
445 22
445 32
445 50
445 88
445 93
445 96
445 101
445 102
445 114
445 167
445 170
445 179
445 184
445 196
445 201
445 212
445 224
445 232
445 238
445 240
445 246
445 248
445 195
446 13
446 25
446 49
446 56
446 62
446 76
446 94
446 96
446 107
446 119
446 125
446 187
446 188
446 193
446 209
446 216
446 239
446 196
447 1
447 15
447 31
447 40
447 70
447 71
447 84
447 108
447 113
447 116
447 130
447 149
447 182
447 186
447 228
447 249
447 197
448 9
448 22
448 42
448 53
448 61
448 66
448 81
448 87
448 89
448 96
448 118
448 131
448 138
448 144
448 147
448 154
448 169
448 227
448 241
448 198
449 19
449 20
449 57
449 88
449 99
449 100
449 104
449 115
449 139
449 166
449 172
449 183
449 195
449 197
449 217
449 219
449 241
449 199
450 5
450 45
450 50
450 57
450 79
450 94
450 113
450 117
450 122
450 136
450 159
450 163
450 165
450 174
450 178
450 179
450 198
450 222
450 200
451 4
451 30
451 33
451 37
451 53
451 54
451 69
451 85
451 104
451 140
451 156
451 167
451 172
451 191
451 192
451 204
451 201
452 26
452 33
452 52
452 57
452 59
452 61
452 72
452 97
452 102
452 110
452 134
452 141
452 173
452 190
452 214
452 224
452 237
452 243
452 202
453 11
453 15
453 32
453 36
453 48
453 72
453 84
453 94
453 107
453 109
453 113
453 116
453 132
453 137
453 152
453 163
453 205
453 207
453 208
453 203
454 3
454 57
454 65
454 74
454 82
454 83
454 86
454 120
454 147
454 152
454 168
454 190
454 196
454 214
454 226
454 231
454 204
455 6
455 22
455 30
455 70
455 131
455 145
455 150
455 189
455 192
455 196
455 231
455 233
455 239
455 242
455 249
455 205
456 2
456 47
456 56
456 63
456 71
456 72
456 93
456 101
456 113
456 115
456 116
456 124
456 137
456 138
456 171
456 184
456 185
456 187
456 188
456 193
456 225
456 235
456 236
456 206
457 7
457 15
457 18
457 39
457 46
457 54
457 103
457 130
457 132
457 133
457 155
457 170
457 173
457 174
457 186
457 192
457 197
457 242
457 246
457 207
458 10
458 11
458 22
458 43
458 73
458 90
458 102
458 105
458 117
458 139
458 152
458 160
458 170
458 178
458 181
458 185
458 188
458 190
458 209
458 236
458 238
458 208
459 5
459 6
459 13
459 16
459 19
459 23
459 24
459 34
459 70
459 73
459 79
459 111
459 122
459 137
459 143
459 155
459 193
459 208
459 209
460 3
460 27
460 47
460 51
460 59
460 77
460 80
460 98
460 129
460 136
460 141
460 190
460 231
460 210
461 14
461 40
461 58
461 64
461 94
461 100
461 101
461 119
461 131
461 175
461 188
461 211
461 216
461 244
461 246
462 12
462 14
462 15
462 30
462 32
462 36
462 42
462 48
462 62
462 65
462 73
462 83
462 98
462 104
462 106
462 167
462 170
462 172
462 173
462 174
462 194
462 203
462 207
462 229
462 232
462 236
462 239
462 242
462 212
463 7
463 39
463 62
463 66
463 104
463 116
463 140
463 142
463 163
463 167
463 187
463 202
463 233
463 235
463 238
463 247
463 213
464 11
464 12
464 22
464 41
464 51
464 73
464 78
464 92
464 103
464 113
464 126
464 155
464 164
464 171
464 177
464 189
464 199
464 214
464 224
464 225
464 226
464 227
464 244
464 249
465 4
465 9
465 10
465 17
465 29
465 69
465 101
465 113
465 150
465 190
465 206
465 218
465 215
466 1
466 6
466 46
466 50
466 65
466 86
466 88
466 89
466 90
466 96
466 97
466 111
466 116
466 117
466 128
466 141
466 145
466 151
466 156
466 207
466 209
466 247
466 216
467 8
467 36
467 79
467 151
467 152
467 164
467 195
467 204
467 205
467 229
467 240
467 246
467 217
468 12
468 16
468 33
468 39
468 60
468 70
468 84
468 92
468 101
468 109
468 116
468 164
468 176
468 180
468 181
468 184
468 189
468 224
468 234
468 237
468 218
469 29
469 30
469 45
469 47
469 56
469 58
469 62
469 72
469 77
469 83
469 87
469 89
469 123
469 135
469 143
469 149
469 159
469 168
469 174
469 204
469 208
469 214
469 219
469 223
469 234
470 13
470 35
470 62
470 76
470 80
470 88
470 93
470 100
470 110
470 144
470 191
470 203
470 215
470 217
470 220
470 224
470 227
470 245
471 8
471 19
471 66
471 68
471 77
471 118
471 124
471 136
471 137
471 170
471 174
471 191
471 192
471 209
471 221
472 1
472 40
472 81
472 83
472 107
472 163
472 196
472 206
472 232
472 245
472 222
473 5
473 25
473 34
473 39
473 40
473 44
473 46
473 66
473 74
473 87
473 94
473 105
473 114
473 127
473 142
473 152
473 157
473 160
473 168
473 170
473 193
473 195
473 206
473 232
473 223
474 5
474 10
474 14
474 19
474 24
474 30
474 32
474 35
474 43
474 56
474 62
474 70
474 76
474 83
474 85
474 92
474 100
474 108
474 112
474 137
474 163
474 179
474 185
474 190
474 243
474 224
475 8
475 14
475 116
475 122
475 138
475 150
475 161
475 167
475 176
475 183
475 196
475 222
475 233
475 234
475 244
475 225
476 10
476 12
476 18
476 22
476 35
476 37
476 41
476 50
476 58
476 64
476 68
476 80
476 86
476 108
476 109
476 129
476 143
476 156
476 170
476 191
476 221
476 231
476 232
476 233
476 243
476 249
476 226
477 17
477 28
477 36
477 61
477 68
477 137
477 151
477 156
477 170
477 181
477 207
477 227
477 240
478 7
478 11
478 29
478 36
478 53
478 62
478 74
478 88
478 94
478 119
478 130
478 133
478 136
478 140
478 142
478 164
478 171
478 187
478 188
478 202
478 208
478 227
478 228
478 232
479 21
479 29
479 51
479 57
479 70
479 80
479 83
479 93
479 96
479 108
479 133
479 136
479 139
479 149
479 154
479 159
479 164
479 181
479 189
479 190
479 203
479 224
479 247
479 229
480 45
480 54
480 121
480 129
480 169
480 186
480 191
480 201
480 213
480 218
480 241
480 244
480 247
480 230
481 41
481 60
481 76
481 77
481 89
481 90
481 94
481 109
481 116
481 117
481 126
481 128
481 136
481 154
481 156
481 180
481 197
481 202
481 208
481 216
481 242
481 231
482 37
482 44
482 52
482 72
482 84
482 109
482 110
482 123
482 143
482 144
482 148
482 153
482 160
482 163
482 173
482 214
482 222
482 228
482 232
483 10
483 19
483 39
483 41
483 47
483 55
483 58
483 70
483 76
483 90
483 115
483 135
483 145
483 158
483 160
483 163
483 175
483 183
483 184
483 198
483 204
483 210
483 234
483 235
483 249
483 233
484 1
484 21
484 30
484 33
484 40
484 45
484 75
484 85
484 109
484 114
484 117
484 118
484 126
484 127
484 140
484 201
484 228
484 238
484 234
485 6
485 22
485 24
485 29
485 43
485 47
485 73
485 79
485 97
485 102
485 105
485 112
485 115
485 119
485 139
485 142
485 143
485 145
485 149
485 151
485 178
485 183
485 187
485 192
485 216
485 234
485 239
485 248
485 235
486 10
486 15
486 48
486 66
486 70
486 80
486 81
486 103
486 113
486 118
486 133
486 145
486 152
486 153
486 178
486 180
486 211
486 221
486 225
486 227
486 240
486 236
487 7
487 11
487 13
487 25
487 36
487 42
487 64
487 79
487 80
487 91
487 109
487 119
487 164
487 168
487 179
487 198
487 200
487 204
487 219
487 229
487 231
487 237
488 7
488 17
488 49
488 53
488 59
488 72
488 73
488 83
488 87
488 88
488 93
488 102
488 108
488 110
488 140
488 194
488 198
488 208
488 214
488 215
488 217
488 226
488 244
488 238
489 6
489 10
489 14
489 20
489 37
489 66
489 78
489 86
489 105
489 116
489 137
489 139
489 145
489 169
489 173
489 247
489 239
490 27
490 40
490 50
490 68
490 70
490 79
490 86
490 91
490 104
490 121
490 136
490 150
490 159
490 171
490 183
490 194
490 208
490 215
490 234
490 240
491 2
491 6
491 9
491 16
491 22
491 25
491 67
491 82
491 104
491 113
491 135
491 153
491 156
491 169
491 182
491 184
491 188
491 189
491 195
491 219
491 232
491 242
491 241
492 1
492 4
492 18
492 42
492 79
492 82
492 110
492 117
492 132
492 144
492 160
492 165
492 182
492 183
492 202
492 211
492 220
492 225
492 237
492 238
492 246
492 242
493 3
493 8
493 13
493 18
493 23
493 24
493 86
493 94
493 96
493 104
493 116
493 126
493 133
493 148
493 150
493 153
493 159
493 179
493 210
493 240
493 241
493 242
493 243
494 6
494 7
494 10
494 12
494 35
494 43
494 47
494 64
494 69
494 76
494 87
494 89
494 95
494 102
494 127
494 149
494 160
494 172
494 241
494 244
495 11
495 23
495 31
495 34
495 58
495 66
495 86
495 88
495 99
495 106
495 115
495 117
495 143
495 146
495 185
495 198
495 201
495 222
495 248
495 245
496 11
496 28
496 44
496 57
496 82
496 126
496 152
496 169
496 196
496 233
496 234
496 246
497 2
497 5
497 26
497 29
497 50
497 55
497 63
497 73
497 100
497 123
497 127
497 135
497 140
497 161
497 167
497 168
497 189
497 191
497 208
497 221
497 231
497 243
497 246
497 247
498 1
498 9
498 11
498 13
498 52
498 54
498 68
498 74
498 75
498 89
498 108
498 121
498 160
498 161
498 169
498 174
498 176
498 177
498 205
498 220
498 234
498 240
498 241
498 248
499 26
499 58
499 79
499 99
499 100
499 134
499 172
499 174
499 179
499 188
499 191
499 198
499 204
499 212
499 220
499 227
499 229
499 246
499 248
499 249
