  700   2745
0 402
0 441
0 530
0 613
0 666
0 685
0 4
0 43
0 48
0 213
0 297
0 350
1 437
1 147
1 244
1 280
1 304
1 340
1 351
2 400
2 449
2 464
2 473
2 649
2 56
2 72
2 102
2 175
2 193
2 207
2 211
2 214
2 323
2 332
2 352
3 391
3 535
3 566
3 634
3 4
3 76
3 353
4 366
4 483
4 501
4 563
4 0
4 3
4 48
4 76
4 97
4 105
4 146
4 185
4 354
5 408
5 440
5 449
5 460
5 624
5 16
5 17
5 39
5 59
5 125
5 131
5 173
5 196
5 271
5 312
5 355
6 447
6 476
6 628
6 674
6 698
6 39
6 55
6 97
6 203
6 209
6 214
6 223
6 279
6 329
6 356
7 356
7 394
7 549
7 96
7 181
7 188
7 280
7 284
7 357
8 432
8 463
8 567
8 100
8 107
8 112
8 221
8 227
8 257
8 261
8 266
8 268
8 292
8 358
9 627
9 24
9 194
9 201
9 249
9 326
9 345
9 359
10 492
10 501
10 582
10 589
10 603
10 629
10 16
10 30
10 86
10 339
10 345
10 360
11 641
11 131
11 212
11 241
11 361
12 554
12 612
12 663
12 21
12 66
12 158
12 173
12 196
12 230
12 238
12 244
12 272
12 311
12 362
13 352
13 362
13 388
13 425
13 453
13 504
13 573
13 639
13 663
13 80
13 114
13 126
13 201
13 232
13 363
14 366
14 443
14 444
14 468
14 481
14 42
14 48
14 148
14 210
14 240
14 270
14 328
14 364
15 370
15 407
15 483
15 494
15 532
15 699
15 20
15 35
15 82
15 112
15 209
15 214
15 313
15 365
16 515
16 507
16 5
16 10
16 100
16 140
16 330
16 332
16 366
17 475
17 5
17 297
17 348
17 367
18 570
18 635
18 654
18 686
18 21
18 44
18 145
18 214
18 226
18 318
18 368
19 408
19 417
19 641
19 670
19 44
19 73
19 245
19 369
20 416
20 566
20 585
20 634
20 15
20 37
20 91
20 117
20 234
20 247
20 290
20 310
20 370
21 458
21 696
21 12
21 18
21 177
21 265
21 371
22 492
22 522
22 548
22 682
22 109
22 178
22 182
22 261
22 268
22 295
22 308
22 343
22 372
23 361
23 367
23 388
23 431
23 440
23 523
23 95
23 123
23 126
23 147
23 169
23 260
23 373
24 361
24 465
24 471
24 526
24 599
24 623
24 635
24 688
24 9
24 43
24 63
24 110
24 143
24 181
24 221
24 306
24 316
24 374
25 567
25 642
25 152
25 213
25 313
25 330
25 331
25 334
25 375
26 369
26 425
26 653
26 665
26 58
26 105
26 138
26 152
26 221
26 241
26 260
26 306
26 376
27 503
27 256
27 277
27 319
27 329
27 377
28 402
28 408
28 463
28 687
28 63
28 75
28 167
28 195
28 256
28 333
28 378
29 409
29 471
29 476
29 610
29 683
29 61
29 136
29 147
29 267
29 379
30 410
30 612
30 10
30 145
30 193
30 324
30 380
31 372
31 381
31 550
31 622
31 690
31 114
31 155
31 163
31 182
31 282
31 293
31 312
31 323
32 518
32 515
32 52
32 124
32 143
32 149
32 217
32 244
32 307
32 382
33 468
33 626
33 669
33 690
33 693
33 131
33 152
33 162
33 283
33 325
33 349
33 383
34 534
34 518
34 105
34 106
34 152
34 184
34 200
34 210
34 238
34 291
34 292
34 384
35 432
35 574
35 611
35 15
35 47
35 66
35 69
35 141
35 294
35 334
35 385
36 359
36 428
36 538
36 661
36 64
36 176
36 323
36 386
37 618
37 20
37 42
37 47
37 70
37 76
37 170
37 227
37 272
37 328
37 341
37 387
38 465
38 521
38 523
38 570
38 650
38 46
38 87
38 103
38 109
38 112
38 174
38 176
38 185
38 210
38 213
38 216
38 388
39 491
39 496
39 553
39 579
39 674
39 5
39 6
39 57
39 144
39 178
39 218
39 243
39 299
39 339
39 389
40 655
40 679
40 85
40 167
40 222
40 272
40 322
40 390
41 458
41 517
41 564
41 143
41 213
41 254
41 272
41 290
41 349
41 391
42 400
42 528
42 612
42 14
42 37
42 67
42 140
42 165
42 240
42 243
42 247
42 267
42 287
42 324
42 327
42 392
43 352
43 369
43 411
43 440
43 480
43 640
43 0
43 24
43 155
43 286
43 301
43 393
44 352
44 607
44 18
44 19
44 82
44 89
44 104
44 199
44 255
44 260
44 394
45 441
45 622
45 50
45 163
45 341
45 342
45 395
46 449
46 451
46 38
46 47
46 211
46 281
46 396
47 513
47 624
47 35
47 37
47 46
47 74
47 156
47 298
47 338
47 348
47 397
48 413
48 472
48 584
48 591
48 0
48 4
48 14
48 254
48 259
48 398
49 375
49 661
49 66
49 78
49 233
49 258
49 263
49 399
50 378
50 631
50 45
50 216
50 234
50 344
50 400
51 458
51 55
51 59
51 62
51 104
51 125
51 127
51 306
51 342
51 401
52 433
52 553
52 564
52 567
52 32
52 99
52 151
52 155
52 210
52 402
53 668
53 64
53 102
53 126
53 187
53 233
53 245
53 254
53 403
54 467
54 473
54 666
54 79
54 121
54 188
54 235
54 248
54 404
55 385
55 549
55 551
55 6
55 51
55 114
55 218
55 222
55 294
55 338
55 405
56 387
56 392
56 522
56 577
56 642
56 655
56 2
56 68
56 217
56 218
56 406
57 568
57 614
57 682
57 695
57 39
57 180
57 213
57 257
57 273
57 293
57 347
57 407
58 435
58 454
58 493
58 494
58 643
58 26
58 171
58 258
58 408
59 373
59 505
59 5
59 51
59 118
59 177
59 243
59 289
59 325
59 348
59 409
60 393
60 487
60 537
60 560
60 623
60 84
60 252
60 410
61 598
61 534
61 29
61 72
61 84
61 100
61 118
61 132
61 159
61 172
61 257
61 274
61 307
61 411
62 473
62 567
62 587
62 51
62 73
62 173
62 186
62 330
62 412
63 441
63 442
63 492
63 551
63 648
63 663
63 24
63 28
63 91
63 147
63 192
63 242
63 276
63 294
63 413
64 356
64 361
64 409
64 556
64 36
64 53
64 107
64 209
64 280
64 334
64 414
65 531
65 668
65 108
65 256
65 286
65 415
66 413
66 612
66 647
66 12
66 35
66 49
66 157
66 192
66 220
66 285
66 416
67 355
67 634
67 42
67 168
67 182
67 244
67 315
67 333
67 348
67 417
68 356
68 399
68 465
68 595
68 676
68 698
68 56
68 103
68 230
68 259
68 279
68 292
68 322
68 343
68 349
68 418
69 652
69 35
69 89
69 174
69 419
70 370
70 382
70 663
70 37
70 78
70 139
70 205
70 298
70 333
70 420
71 402
71 428
71 478
71 479
71 79
71 118
71 134
71 225
71 266
71 421
72 432
72 608
72 2
72 61
72 80
72 166
72 189
72 210
72 227
72 297
72 310
72 422
73 421
73 524
73 555
73 696
73 19
73 62
73 88
73 159
73 224
73 247
73 263
73 284
73 423
74 474
74 503
74 532
74 693
74 47
74 90
74 100
74 152
74 185
74 221
74 229
74 290
74 424
75 632
75 685
75 28
75 310
75 425
76 580
76 608
76 611
76 625
76 695
76 3
76 4
76 37
76 135
76 143
76 197
76 203
76 229
76 246
76 307
76 309
76 426
77 598
77 136
77 233
77 284
77 321
77 427
78 415
78 510
78 628
78 49
78 70
78 92
78 135
78 185
78 208
78 269
78 321
78 329
78 428
79 412
79 54
79 71
79 92
79 105
79 137
79 205
79 229
79 258
79 283
79 294
79 429
80 371
80 431
80 535
80 562
80 573
80 637
80 690
80 13
80 72
80 101
80 153
80 183
80 207
80 232
80 302
80 345
80 430
81 392
81 403
81 419
81 486
81 522
81 575
81 664
81 116
81 229
81 339
81 431
82 432
82 579
82 599
82 15
82 44
82 119
82 138
82 270
83 364
83 401
83 533
83 574
83 157
83 193
83 227
83 433
84 373
84 479
84 60
84 61
84 89
84 115
84 133
84 185
84 234
84 249
84 272
84 434
85 359
85 468
85 40
85 133
85 165
85 256
85 262
85 338
85 435
86 545
86 588
86 10
86 181
86 268
86 436
87 440
87 596
87 622
87 38
87 119
87 144
87 180
87 200
87 252
87 256
87 285
87 292
87 344
87 437
88 363
88 549
88 699
88 73
88 96
88 109
88 141
88 161
88 170
88 182
88 229
88 285
88 438
89 397
89 466
89 586
89 44
89 69
89 84
89 160
89 176
89 197
89 236
89 285
89 323
89 439
90 621
90 598
90 74
90 100
90 121
90 133
90 173
90 270
90 308
90 336
90 440
91 481
91 485
91 590
91 606
91 20
91 63
91 162
91 191
91 236
91 284
91 290
91 441
92 383
92 443
92 681
92 78
92 79
92 100
92 140
92 260
92 270
92 442
93 381
93 389
93 509
93 580
93 612
93 647
93 648
93 128
93 149
93 170
93 216
93 443
94 399
94 555
94 628
94 113
94 153
94 161
94 172
94 196
94 249
94 264
94 295
94 338
94 444
95 512
95 558
95 23
95 105
95 106
95 168
95 205
95 240
95 250
95 274
95 294
95 326
95 445
96 505
96 517
96 580
96 7
96 88
96 104
96 128
96 173
96 274
96 446
97 354
97 468
97 556
97 575
97 4
97 6
97 124
97 150
97 200
97 206
97 333
97 447
98 368
98 426
98 457
98 496
98 508
98 573
98 102
98 135
98 187
98 195
98 448
99 502
99 523
99 52
99 194
99 340
99 449
100 388
100 389
100 414
100 675
100 8
100 16
100 61
100 74
100 90
100 92
100 106
100 229
100 304
100 450
101 447
101 655
101 80
101 294
101 451
102 538
102 541
102 2
102 53
102 98
102 196
102 257
102 264
102 267
102 452
103 394
103 411
103 525
103 526
103 577
103 679
103 38
103 68
103 137
103 144
103 163
103 165
103 198
103 249
103 251
103 333
103 453
104 572
104 44
104 51
104 96
104 194
104 209
104 230
104 250
104 307
104 454
105 358
105 395
105 425
105 543
105 607
105 642
105 660
105 687
105 4
105 26
105 34
105 79
105 95
105 107
105 108
105 119
105 149
105 193
105 214
105 230
105 278
105 287
105 306
105 309
105 455
106 406
106 434
106 34
106 95
106 100
106 132
106 158
106 161
106 173
106 175
106 210
106 303
106 456
107 396
107 493
107 8
107 64
107 105
107 149
107 155
107 163
107 174
107 226
107 250
107 282
107 457
108 422
108 439
108 484
108 497
108 536
108 645
108 65
108 105
108 121
108 215
108 246
108 247
108 347
108 458
109 486
109 541
109 22
109 38
109 88
109 114
109 121
109 149
109 152
109 154
109 174
109 236
109 335
109 459
110 367
110 475
110 582
110 24
110 127
110 212
110 266
110 271
110 275
110 321
110 344
110 460
111 494
111 533
111 572
111 617
111 696
111 151
111 164
111 236
111 245
111 461
112 403
112 431
112 444
112 576
112 8
112 15
112 38
112 139
112 214
112 220
112 226
112 239
112 266
112 462
113 449
113 536
113 570
113 644
113 650
113 94
113 154
113 333
113 463
114 377
114 582
114 583
114 588
114 602
114 13
114 31
114 55
114 109
114 136
114 196
114 230
114 265
114 308
114 464
115 372
115 388
115 512
115 563
115 648
115 84
115 152
115 162
115 189
115 233
115 248
115 330
115 465
116 631
116 81
116 124
116 135
116 221
116 250
116 321
116 331
116 336
116 466
117 438
117 459
117 537
117 20
117 158
117 276
117 279
117 467
118 436
118 657
118 697
118 59
118 61
118 71
118 144
118 167
118 199
118 220
118 468
119 355
119 407
119 439
119 527
119 602
119 82
119 87
119 105
119 163
119 209
119 224
119 295
119 298
119 335
119 469
120 379
120 432
120 651
120 659
120 153
120 162
120 172
120 257
120 258
120 470
121 469
121 530
121 580
121 639
121 687
121 698
121 54
121 90
121 108
121 109
121 137
121 150
121 183
121 194
121 471
122 485
122 134
122 167
122 204
122 263
122 265
122 298
122 299
122 313
122 472
123 373
123 435
123 445
123 594
123 662
123 23
123 139
123 177
123 221
123 260
123 287
123 473
124 388
124 413
124 691
124 692
124 32
124 97
124 116
124 126
124 276
124 337
124 474
125 542
125 5
125 51
125 202
125 243
125 272
125 475
126 359
126 692
126 13
126 23
126 53
126 124
126 148
126 191
126 227
126 310
126 342
126 476
127 372
127 570
127 51
127 110
127 283
127 477
128 625
128 93
128 96
128 272
128 279
128 311
128 348
128 478
129 432
129 484
129 135
129 172
129 210
129 215
129 218
129 479
130 568
130 680
130 683
130 217
130 290
130 300
130 480
131 429
131 532
131 5
131 11
131 33
131 232
131 313
131 481
132 398
132 401
132 408
132 498
132 624
132 61
132 106
132 134
132 215
132 299
132 323
132 482
133 379
133 424
133 435
133 601
133 667
133 84
133 85
133 90
133 139
133 179
133 243
133 260
133 297
133 483
134 385
134 452
134 462
134 473
134 71
134 122
134 132
134 199
134 302
134 484
135 357
135 468
135 495
135 521
135 562
135 594
135 669
135 76
135 78
135 98
135 116
135 129
135 171
135 296
135 485
136 400
136 564
136 576
136 29
136 77
136 114
136 247
136 295
136 486
137 358
137 502
137 581
137 661
137 689
137 79
137 103
137 121
137 158
137 194
137 214
137 215
137 271
137 311
137 330
137 347
137 487
138 434
138 471
138 625
138 26
138 82
138 171
138 300
138 342
138 488
139 417
139 578
139 615
139 70
139 112
139 123
139 133
139 235
139 249
139 301
139 489
140 386
140 615
140 693
140 16
140 42
140 92
140 148
140 164
140 188
140 214
140 490
141 631
141 35
141 88
141 146
141 192
141 198
141 225
141 237
141 311
141 491
142 384
142 321
142 322
142 326
142 492
143 365
143 542
143 565
143 613
143 667
143 24
143 32
143 41
143 76
143 221
143 253
143 255
143 493
144 646
144 621
144 39
144 87
144 103
144 118
144 179
144 185
144 261
144 323
144 494
145 430
145 493
145 502
145 520
145 594
145 596
145 673
145 18
145 30
145 185
145 495
146 429
146 582
146 4
146 141
146 155
146 249
146 259
146 297
146 309
146 326
146 339
146 496
147 371
147 415
147 688
147 1
147 23
147 29
147 63
147 148
147 497
148 463
148 648
148 14
148 126
148 140
148 147
148 191
148 253
148 305
148 498
149 624
149 679
149 680
149 32
149 93
149 105
149 107
149 109
149 202
149 203
149 232
149 260
149 327
149 336
149 499
150 396
150 471
150 543
150 613
150 619
150 640
150 97
150 121
150 193
150 201
150 300
150 500
151 371
151 548
151 559
151 52
151 111
151 226
151 246
151 303
151 501
152 408
152 452
152 482
152 538
152 547
152 693
152 25
152 26
152 33
152 34
152 74
152 109
152 115
152 185
152 189
152 268
152 317
152 343
152 502
153 360
153 415
153 445
153 652
153 80
153 94
153 120
153 334
153 503
154 409
154 488
154 552
154 563
154 623
154 695
154 109
154 113
154 170
154 504
155 627
155 31
155 43
155 52
155 107
155 146
155 181
155 253
155 270
155 324
155 505
156 628
156 47
156 174
156 203
156 506
157 358
157 368
157 454
157 66
157 83
157 170
157 218
157 507
158 479
158 623
158 693
158 12
158 106
158 117
158 137
158 178
158 204
158 278
158 508
159 511
159 552
159 557
159 573
159 629
159 61
159 73
159 174
159 202
159 232
159 270
159 348
159 509
160 400
160 89
160 510
161 374
161 450
161 88
161 94
161 106
161 218
161 226
161 236
161 280
161 291
161 345
161 511
162 606
162 661
162 33
162 91
162 115
162 120
162 173
162 190
162 220
162 266
162 512
163 434
163 561
163 567
163 31
163 45
163 103
163 107
163 119
163 270
163 279
163 318
163 513
164 474
164 493
164 562
164 615
164 111
164 140
164 220
164 242
164 514
165 446
165 695
165 42
165 85
165 103
165 182
165 278
165 280
165 515
166 515
166 72
166 200
166 202
166 219
166 235
166 254
166 282
166 287
166 516
167 383
167 429
167 443
167 516
167 28
167 40
167 118
167 122
167 220
167 239
167 292
167 345
167 517
168 523
168 592
168 67
168 95
168 197
168 204
168 272
168 518
169 491
169 612
169 615
169 629
169 680
169 23
169 214
169 279
169 314
169 519
170 358
170 361
170 397
170 408
170 551
170 565
170 37
170 88
170 93
170 154
170 157
170 183
170 266
170 520
171 657
171 58
171 135
171 138
171 238
171 244
171 263
171 521
172 416
172 446
172 61
172 94
172 120
172 129
172 186
172 196
172 247
172 287
172 307
172 327
172 522
173 357
173 371
173 476
173 533
173 5
173 12
173 62
173 90
173 96
173 106
173 162
173 245
173 298
173 343
173 523
174 357
174 452
174 578
174 618
174 38
174 69
174 107
174 109
174 156
174 159
174 189
174 289
174 335
174 524
175 365
175 392
175 430
175 478
175 573
175 616
175 2
175 106
175 219
175 225
175 231
175 327
175 525
176 452
176 564
176 36
176 38
176 89
176 205
176 287
176 295
176 319
176 526
177 482
177 568
177 615
177 642
177 21
177 59
177 123
177 191
177 271
177 318
177 335
177 527
178 442
178 548
178 22
178 39
178 158
178 186
178 306
178 309
178 342
178 528
179 383
179 436
179 489
179 509
179 567
179 639
179 133
179 144
179 194
179 235
179 266
179 308
179 344
179 529
180 402
180 670
180 679
180 57
180 87
180 196
180 253
180 303
180 328
180 347
180 530
181 398
181 586
181 7
181 24
181 86
181 155
181 213
181 531
182 555
182 634
182 698
182 22
182 31
182 67
182 88
182 165
182 231
182 237
182 532
183 397
183 506
183 541
183 657
183 679
183 80
183 121
183 170
183 195
183 222
183 233
183 324
183 533
184 352
184 438
184 501
184 597
184 34
184 255
184 261
184 305
184 534
185 464
185 492
185 495
185 533
185 614
185 4
185 38
185 74
185 78
185 84
185 144
185 145
185 152
185 302
185 303
185 535
186 374
186 392
186 521
186 595
186 62
186 172
186 178
186 536
187 411
187 451
187 587
187 53
187 98
187 193
187 537
188 555
188 7
188 54
188 140
188 260
188 282
188 304
188 538
189 445
189 548
189 563
189 634
189 666
189 72
189 115
189 152
189 174
189 219
189 261
189 338
189 539
190 499
190 539
190 552
190 595
190 162
190 244
190 246
190 299
190 309
190 540
191 432
191 567
191 91
191 126
191 148
191 177
191 203
191 265
191 271
191 338
191 541
192 514
192 63
192 66
192 141
192 270
192 316
192 346
192 542
193 354
193 486
193 660
193 2
193 30
193 83
193 105
193 150
193 187
193 244
193 292
193 303
193 543
194 365
194 436
194 546
194 559
194 9
194 99
194 104
194 121
194 137
194 179
194 236
194 311
194 319
194 323
194 544
195 381
195 402
195 422
195 432
195 580
195 639
195 671
195 689
195 28
195 98
195 183
195 211
195 217
195 317
195 545
196 605
196 611
196 5
196 12
196 94
196 102
196 114
196 172
196 180
196 223
196 234
196 255
196 275
196 298
196 546
197 371
197 381
197 427
197 76
197 89
197 168
197 218
197 279
197 315
197 547
198 386
198 541
198 613
198 686
198 103
198 141
198 548
199 502
199 504
199 643
199 44
199 118
199 134
199 237
199 278
199 549
200 532
200 34
200 87
200 97
200 166
200 231
200 252
200 278
200 317
200 319
200 347
200 550
201 366
201 387
201 408
201 446
201 699
201 9
201 13
201 150
201 208
201 214
201 241
201 299
201 315
201 325
201 341
201 551
202 503
202 533
202 125
202 149
202 159
202 166
202 234
202 262
202 295
202 303
202 325
202 552
203 355
203 461
203 468
203 577
203 686
203 6
203 76
203 149
203 156
203 191
203 214
203 242
203 553
204 651
204 122
204 158
204 168
204 297
204 303
204 317
204 554
205 404
205 437
205 501
205 553
205 602
205 616
205 70
205 79
205 95
205 176
205 221
205 555
206 384
206 623
206 670
206 687
206 698
206 97
206 556
207 388
207 472
207 640
207 2
207 80
207 241
207 267
207 308
207 310
207 326
207 557
208 548
208 629
208 78
208 201
208 240
208 250
208 290
208 317
208 558
209 559
209 573
209 6
209 15
209 64
209 104
209 119
209 276
209 278
209 314
210 357
210 411
210 475
210 513
210 663
210 14
210 34
210 38
210 52
210 72
210 106
210 129
210 309
210 560
211 383
211 394
211 410
211 577
211 606
211 610
211 2
211 46
211 195
211 222
211 279
211 335
211 561
212 442
212 459
212 495
212 557
212 611
212 693
212 11
212 110
212 269
212 283
212 315
212 329
212 562
213 355
213 665
213 0
213 25
213 38
213 41
213 57
213 181
213 563
214 388
214 481
214 675
214 680
214 2
214 6
214 15
214 18
214 105
214 112
214 137
214 140
214 169
214 201
214 203
214 215
214 232
214 564
215 492
215 514
215 609
215 108
215 129
215 132
215 137
215 214
215 224
215 295
215 336
215 565
216 385
216 38
216 50
216 93
216 340
216 566
217 423
217 510
217 577
217 608
217 32
217 56
217 130
217 195
217 220
217 321
217 335
217 567
218 355
218 505
218 39
218 55
218 56
218 129
218 157
218 161
218 197
218 327
218 343
218 568
219 514
219 618
219 166
219 175
219 189
219 326
219 332
219 569
220 485
220 561
220 562
220 66
220 112
220 118
220 162
220 164
220 167
220 217
220 226
220 235
220 246
220 255
220 269
220 275
220 312
220 314
220 570
221 381
221 428
221 532
221 566
221 630
221 8
221 24
221 26
221 74
221 116
221 123
221 143
221 205
221 239
221 248
221 312
221 571
222 424
222 481
222 499
222 40
222 55
222 183
222 211
222 239
222 294
222 312
222 333
222 572
223 421
223 6
223 196
223 301
223 573
224 360
224 419
224 627
224 697
224 73
224 119
224 215
224 299
224 314
224 574
225 397
225 613
225 689
225 71
225 141
225 175
225 314
225 335
225 340
225 575
226 656
226 646
226 18
226 107
226 112
226 151
226 161
226 220
226 236
226 253
226 269
226 305
226 319
226 321
226 576
227 413
227 464
227 471
227 540
227 648
227 8
227 37
227 72
227 83
227 126
227 243
227 317
227 345
227 348
227 577
228 505
228 551
228 237
228 243
228 341
228 578
229 424
229 463
229 493
229 519
229 544
229 673
229 698
229 74
229 76
229 79
229 81
229 88
229 100
229 240
229 316
229 319
229 579
230 378
230 477
230 506
230 645
230 681
230 12
230 68
230 104
230 105
230 114
230 265
230 310
230 580
231 414
231 175
231 182
231 200
231 271
231 339
231 581
232 461
232 527
232 550
232 650
232 13
232 80
232 131
232 149
232 159
232 214
232 235
232 252
232 258
232 277
232 303
232 582
233 474
233 615
233 674
233 49
233 53
233 77
233 115
233 183
233 249
233 583
234 477
234 478
234 498
234 592
234 613
234 626
234 20
234 50
234 84
234 196
234 202
234 265
234 267
234 584
235 481
235 490
235 54
235 139
235 166
235 179
235 220
235 232
235 278
235 338
235 585
236 407
236 449
236 505
236 649
236 89
236 91
236 109
236 111
236 161
236 194
236 226
236 281
236 291
236 349
236 586
237 563
237 575
237 617
237 141
237 182
237 199
237 228
237 260
237 262
237 587
238 512
238 622
238 12
238 34
238 171
238 252
238 312
238 588
239 469
239 600
239 112
239 167
239 221
239 222
239 338
239 339
239 589
240 672
240 14
240 42
240 95
240 208
240 229
240 241
240 342
240 343
240 590
241 358
241 451
241 487
241 602
241 612
241 666
241 11
241 26
241 201
241 207
241 240
241 331
241 591
242 402
242 547
242 649
242 63
242 164
242 203
242 592
243 606
243 624
243 647
243 39
243 42
243 59
243 125
243 133
243 227
243 228
243 259
243 308
243 593
244 382
244 464
244 481
244 503
244 650
244 1
244 12
244 32
244 67
244 171
244 190
244 193
244 272
244 594
245 423
245 484
245 501
245 583
245 610
245 615
245 19
245 53
245 111
245 173
245 246
245 278
245 300
245 595
246 428
246 552
246 671
246 673
246 76
246 108
246 151
246 190
246 220
246 245
246 284
246 285
246 341
246 596
247 606
247 650
247 20
247 42
247 73
247 108
247 136
247 172
247 291
247 336
247 347
247 597
248 398
248 403
248 476
248 586
248 644
248 688
248 54
248 115
248 221
248 308
248 316
248 328
248 330
248 598
249 569
249 631
249 9
249 84
249 94
249 103
249 139
249 146
249 233
249 322
249 599
250 394
250 404
250 544
250 603
250 654
250 95
250 104
250 107
250 116
250 208
250 266
250 284
250 600
251 434
251 449
251 626
251 103
251 309
251 601
252 397
252 434
252 446
252 451
252 529
252 620
252 636
252 60
252 87
252 200
252 232
252 238
252 273
252 292
252 333
252 602
253 377
253 652
253 143
253 148
253 155
253 180
253 226
253 305
253 603
254 402
254 470
254 556
254 561
254 692
254 41
254 48
254 53
254 166
254 307
254 604
255 356
255 408
255 477
255 671
255 44
255 143
255 184
255 196
255 220
255 281
255 605
256 391
256 405
256 440
256 674
256 27
256 28
256 65
256 85
256 87
256 311
256 322
256 606
257 600
257 639
257 8
257 57
257 61
257 102
257 120
257 607
258 664
258 49
258 58
258 79
258 120
258 232
258 290
258 297
258 315
258 323
258 329
258 608
259 411
259 422
259 466
259 48
259 68
259 146
259 243
259 609
260 358
260 594
260 23
260 26
260 44
260 92
260 123
260 133
260 149
260 188
260 237
260 300
260 338
260 610
261 639
261 8
261 22
261 144
261 184
261 189
261 267
261 268
261 611
262 397
262 659
262 85
262 202
262 237
262 338
262 612
263 504
263 567
263 606
263 49
263 73
263 122
263 171
263 284
263 293
263 339
263 613
264 672
264 656
264 376
264 350
264 94
264 102
264 269
264 302
264 329
264 340
264 614
265 410
265 416
265 418
265 633
265 655
265 21
265 114
265 122
265 191
265 230
265 234
265 271
265 336
265 615
266 481
266 499
266 551
266 8
266 71
266 110
266 112
266 162
266 170
266 179
266 250
266 616
267 535
267 29
267 42
267 102
267 207
267 234
267 261
267 274
267 279
267 282
267 342
267 617
268 351
268 475
268 509
268 591
268 8
268 22
268 86
268 152
268 261
268 273
268 295
268 347
268 618
269 449
269 535
269 78
269 212
269 220
269 226
269 264
269 276
269 619
270 375
270 386
270 397
270 401
270 408
270 427
270 500
270 544
270 14
270 82
270 90
270 92
270 155
270 159
270 163
270 192
270 298
270 323
270 341
270 620
271 399
271 400
271 505
271 547
271 570
271 5
271 110
271 137
271 177
271 191
271 231
271 265
271 333
271 339
271 621
272 363
272 369
272 627
272 678
272 12
272 37
272 40
272 41
272 84
272 125
272 128
272 168
272 244
272 622
273 480
273 506
273 547
273 657
273 698
273 57
273 252
273 268
273 336
273 623
274 677
274 672
274 390
274 376
274 61
274 95
274 96
274 267
274 286
274 624
275 353
275 393
275 667
275 110
275 196
275 220
275 292
275 304
275 625
276 382
276 414
276 496
276 550
276 551
276 559
276 63
276 117
276 124
276 209
276 269
276 626
277 508
277 563
277 636
277 648
277 684
277 27
277 232
277 331
277 338
277 627
278 366
278 592
278 638
278 105
278 158
278 165
278 199
278 200
278 209
278 235
278 245
278 342
278 628
279 379
279 639
279 655
279 6
279 68
279 117
279 128
279 163
279 169
279 197
279 211
279 267
279 629
280 381
280 531
280 574
280 1
280 7
280 64
280 161
280 165
280 294
280 332
280 630
281 383
281 422
281 612
281 46
281 236
281 255
281 297
281 631
282 597
282 31
282 107
282 166
282 188
282 267
282 632
283 412
283 578
283 33
283 79
283 127
283 212
283 633
284 634
284 697
284 7
284 73
284 77
284 91
284 246
284 250
284 263
284 288
285 360
285 372
285 480
285 653
285 669
285 66
285 87
285 88
285 89
285 246
285 296
285 635
286 434
286 492
286 579
286 693
286 43
286 65
286 274
286 293
286 311
286 312
286 317
286 345
286 348
286 636
287 411
287 506
287 671
287 673
287 42
287 105
287 123
287 166
287 172
287 176
287 306
287 343
287 637
288 694
288 677
288 420
288 390
288 284
288 299
288 638
289 399
289 503
289 570
289 59
289 174
289 639
290 425
290 682
290 20
290 41
290 74
290 91
290 130
290 208
290 258
290 319
290 640
291 472
291 525
291 34
291 161
291 236
291 247
291 337
291 641
292 434
292 485
292 499
292 8
292 34
292 68
292 87
292 167
292 193
292 252
292 275
292 642
293 415
293 440
293 445
293 473
293 476
293 673
293 678
293 31
293 57
293 263
293 286
293 309
293 321
293 643
294 503
294 530
294 676
294 35
294 55
294 63
294 79
294 95
294 101
294 222
294 280
294 324
294 644
295 360
295 456
295 573
295 593
295 616
295 22
295 94
295 119
295 136
295 176
295 202
295 215
295 268
295 321
295 645
296 391
296 411
296 464
296 135
296 285
296 646
297 422
297 472
297 484
297 611
297 0
297 17
297 72
297 133
297 146
297 204
297 258
297 281
297 349
297 647
298 494
298 561
298 577
298 588
298 665
298 47
298 70
298 119
298 122
298 173
298 196
298 270
298 336
298 648
299 396
299 531
299 39
299 122
299 132
299 190
299 201
299 224
299 288
299 649
300 416
300 446
300 130
300 138
300 150
300 245
300 260
300 650
301 387
301 546
301 571
301 43
301 139
301 223
301 651
302 470
302 482
302 624
302 80
302 134
302 185
302 264
302 332
302 652
303 380
303 415
303 658
303 106
303 151
303 180
303 185
303 193
303 202
303 204
303 232
303 653
304 533
304 1
304 100
304 188
304 275
304 654
305 372
305 487
305 148
305 184
305 226
305 253
305 315
305 328
305 347
305 655
306 353
306 372
306 479
306 572
306 642
306 24
306 26
306 51
306 105
306 178
306 287
306 656
307 413
307 414
307 32
307 61
307 76
307 104
307 172
307 254
307 330
307 342
307 343
307 347
307 657
308 421
308 440
308 604
308 606
308 631
308 22
308 90
308 114
308 179
308 207
308 243
308 248
308 658
309 465
309 470
309 481
309 503
309 613
309 643
309 76
309 105
309 146
309 178
309 190
309 210
309 251
309 293
309 342
309 659
310 384
310 464
310 544
310 558
310 667
310 20
310 72
310 75
310 126
310 207
310 230
310 660
311 397
311 527
311 563
311 570
311 12
311 128
311 137
311 141
311 194
311 256
311 286
311 343
311 347
311 661
312 405
312 435
312 460
312 647
312 5
312 31
312 220
312 221
312 222
312 238
312 286
312 338
312 662
313 408
313 458
313 517
313 551
313 573
313 15
313 25
313 122
313 131
313 341
313 663
314 461
314 514
314 535
314 590
314 622
314 683
314 169
314 209
314 220
314 224
314 225
314 664
315 430
315 509
315 618
315 67
315 197
315 201
315 212
315 258
315 305
315 341
315 665
316 453
316 470
316 657
316 24
316 192
316 229
316 248
316 335
316 343
316 666
317 442
317 529
317 556
317 152
317 195
317 200
317 204
317 208
317 227
317 286
317 667
318 451
318 18
318 163
318 177
318 668
319 500
319 547
319 578
319 584
319 657
319 693
319 27
319 176
319 194
319 200
319 226
319 229
319 290
319 338
319 669
320 612
320 339
320 670
321 394
321 460
321 486
321 570
321 578
321 591
321 667
321 77
321 78
321 110
321 116
321 142
321 217
321 226
321 293
321 295
321 671
322 367
322 531
322 655
322 40
322 68
322 142
322 249
322 256
322 329
322 335
322 672
323 354
323 640
323 2
323 31
323 36
323 89
323 132
323 144
323 194
323 258
323 270
323 673
324 378
324 403
324 421
324 473
324 540
324 630
324 648
324 690
324 30
324 42
324 155
324 183
324 294
324 341
324 674
325 485
325 531
325 599
325 33
325 59
325 201
325 202
325 675
326 461
326 475
326 543
326 555
326 594
326 595
326 644
326 683
326 9
326 95
326 142
326 146
326 207
326 219
326 676
327 364
327 454
327 464
327 521
327 525
327 537
327 648
327 649
327 671
327 42
327 149
327 172
327 175
327 218
327 677
328 455
328 486
328 572
328 14
328 37
328 180
328 248
328 305
328 678
329 421
329 673
329 6
329 27
329 78
329 212
329 258
329 264
329 322
329 679
330 370
330 415
330 421
330 504
330 523
330 583
330 625
330 16
330 25
330 62
330 115
330 137
330 248
330 307
330 680
331 559
331 561
331 581
331 657
331 25
331 116
331 241
331 277
331 681
332 364
332 369
332 409
332 556
332 2
332 16
332 219
332 280
332 302
332 682
333 387
333 663
333 28
333 67
333 70
333 97
333 103
333 113
333 222
333 252
333 271
333 683
334 352
334 25
334 35
334 64
334 153
334 684
335 699
335 694
335 507
335 420
335 109
335 119
335 174
335 177
335 211
335 217
335 225
335 316
335 322
335 346
335 685
336 561
336 683
336 90
336 116
336 149
336 215
336 247
336 265
336 273
336 298
336 339
336 686
337 382
337 424
337 514
337 563
337 124
337 291
337 687
338 448
338 568
338 609
338 47
338 55
338 85
338 94
338 189
338 191
338 235
338 239
338 260
338 262
338 277
338 312
338 319
338 688
339 461
339 551
339 10
339 39
339 81
339 146
339 231
339 239
339 263
339 271
339 320
339 336
339 689
340 414
340 428
340 511
340 584
340 641
340 655
340 671
340 1
340 99
340 216
340 225
340 264
340 690
341 509
341 37
341 45
341 201
341 228
341 246
341 270
341 313
341 315
341 324
341 691
342 529
342 579
342 681
342 45
342 51
342 126
342 138
342 178
342 240
342 267
342 278
342 307
342 309
342 692
343 356
343 394
343 411
343 418
343 450
343 546
343 581
343 644
343 665
343 692
343 22
343 68
343 152
343 173
343 218
343 240
343 287
343 307
343 311
343 316
343 693
344 433
344 483
344 508
344 627
344 648
344 50
344 87
344 110
344 179
344 349
344 694
345 495
345 555
345 608
345 9
345 10
345 80
345 161
345 167
345 227
345 286
345 695
346 550
346 616
346 653
346 192
346 335
346 347
346 696
347 424
347 426
347 57
347 108
347 137
347 180
347 200
347 247
347 268
347 305
347 307
347 311
347 346
347 697
348 606
348 654
348 675
348 17
348 47
348 59
348 67
348 128
348 159
348 227
348 286
348 698
349 659
349 699
349 33
349 41
349 68
349 236
349 297
349 344
350 264
350 0
351 268
351 1
352 13
352 43
352 44
352 184
352 334
352 2
353 275
353 306
353 3
354 97
354 193
354 323
354 4
355 67
355 119
355 203
355 213
355 218
355 5
356 7
356 64
356 68
356 255
356 343
356 6
357 135
357 173
357 174
357 210
357 7
358 105
358 137
358 157
358 170
358 241
358 260
358 8
359 36
359 85
359 126
359 9
360 153
360 224
360 285
360 295
360 10
361 23
361 24
361 64
361 170
361 11
362 13
362 12
363 88
363 272
363 13
364 83
364 327
364 332
364 14
365 143
365 175
365 194
365 15
366 4
366 14
366 201
366 278
366 16
367 23
367 110
367 322
367 17
368 98
368 157
368 18
369 26
369 43
369 272
369 332
369 19
370 15
370 70
370 330
370 20
371 80
371 147
371 151
371 173
371 197
371 21
372 31
372 115
372 127
372 285
372 305
372 306
372 22
373 59
373 84
373 123
373 23
374 161
374 186
374 24
375 49
375 270
375 25
376 264
376 274
376 26
377 114
377 253
377 27
378 50
378 230
378 324
378 28
379 120
379 133
379 279
379 29
380 303
380 30
381 31
381 93
381 195
381 197
381 221
381 280
382 70
382 244
382 276
382 337
382 32
383 92
383 167
383 179
383 211
383 281
383 33
384 142
384 206
384 310
384 34
385 55
385 134
385 216
385 35
386 140
386 198
386 270
386 36
387 56
387 201
387 301
387 333
387 37
388 13
388 23
388 100
388 115
388 124
388 207
388 214
388 38
389 93
389 100
389 39
390 274
390 288
390 40
391 3
391 256
391 296
391 41
392 56
392 81
392 175
392 186
392 42
393 60
393 275
393 43
394 7
394 103
394 211
394 250
394 321
394 343
394 44
395 105
395 45
396 107
396 150
396 299
396 46
397 89
397 170
397 183
397 225
397 252
397 262
397 270
397 311
397 47
398 132
398 181
398 248
398 48
399 68
399 94
399 271
399 289
399 49
400 2
400 42
400 136
400 160
400 271
400 50
401 83
401 132
401 270
401 51
402 0
402 28
402 71
402 180
402 195
402 242
402 254
402 52
403 81
403 112
403 248
403 324
403 53
404 205
404 250
404 54
405 256
405 312
405 55
406 106
406 56
407 15
407 119
407 236
407 57
408 5
408 19
408 28
408 132
408 152
408 170
408 201
408 255
408 270
408 313
408 58
409 29
409 64
409 154
409 332
409 59
410 30
410 211
410 265
410 60
411 43
411 103
411 187
411 210
411 259
411 287
411 296
411 343
411 61
412 79
412 283
412 62
413 48
413 66
413 124
413 227
413 307
413 63
414 100
414 231
414 276
414 307
414 340
414 64
415 78
415 147
415 153
415 293
415 303
415 330
415 65
416 20
416 172
416 265
416 300
416 66
417 19
417 139
417 67
418 265
418 343
418 68
419 81
419 224
419 69
420 288
420 335
420 70
421 73
421 223
421 308
421 324
421 329
421 330
421 71
422 108
422 195
422 259
422 281
422 297
422 72
423 217
423 245
423 73
424 133
424 222
424 229
424 337
424 347
424 74
425 13
425 26
425 105
425 290
425 75
426 98
426 347
426 76
427 197
427 270
427 77
428 36
428 71
428 221
428 246
428 340
428 78
429 131
429 146
429 167
429 79
430 145
430 175
430 315
430 80
431 23
431 80
431 112
431 81
432 8
432 35
432 72
432 82
432 120
432 129
432 191
432 195
433 52
433 344
433 83
434 106
434 138
434 163
434 251
434 252
434 286
434 292
434 84
435 58
435 123
435 133
435 312
435 85
436 118
436 179
436 194
436 86
437 1
437 205
437 87
438 117
438 184
438 88
439 108
439 119
439 89
440 5
440 23
440 43
440 87
440 256
440 293
440 308
440 90
441 0
441 45
441 63
441 91
442 63
442 178
442 212
442 317
442 92
443 14
443 92
443 167
443 93
444 14
444 112
444 94
445 123
445 153
445 189
445 293
445 95
446 165
446 172
446 201
446 252
446 300
446 96
447 6
447 101
447 97
448 338
448 98
449 2
449 5
449 46
449 113
449 236
449 251
449 269
449 99
450 161
450 343
450 100
451 46
451 187
451 241
451 252
451 318
451 101
452 134
452 152
452 174
452 176
452 102
453 13
453 316
453 103
454 58
454 157
454 327
454 104
455 328
455 105
456 295
456 106
457 98
457 107
458 21
458 41
458 51
458 313
458 108
459 117
459 212
459 109
460 5
460 312
460 321
460 110
461 203
461 232
461 314
461 326
461 339
461 111
462 134
462 112
463 8
463 28
463 148
463 229
463 113
464 2
464 185
464 227
464 244
464 296
464 310
464 327
464 114
465 24
465 38
465 68
465 309
465 115
466 89
466 259
466 116
467 54
467 117
468 14
468 33
468 85
468 97
468 135
468 203
468 118
469 121
469 239
469 119
470 254
470 302
470 309
470 316
470 120
471 24
471 29
471 138
471 150
471 227
471 121
472 48
472 207
472 291
472 297
472 122
473 2
473 54
473 62
473 134
473 293
473 324
473 123
474 74
474 164
474 233
474 124
475 17
475 110
475 210
475 268
475 326
475 125
476 6
476 29
476 173
476 248
476 293
476 126
477 230
477 234
477 255
477 127
478 71
478 175
478 234
478 128
479 71
479 84
479 158
479 306
479 129
480 43
480 273
480 285
480 130
481 14
481 91
481 214
481 222
481 235
481 244
481 266
481 309
481 131
482 152
482 177
482 302
482 132
483 4
483 15
483 344
483 133
484 108
484 129
484 245
484 297
484 134
485 91
485 122
485 220
485 292
485 325
485 135
486 81
486 109
486 193
486 321
486 328
486 136
487 60
487 241
487 305
487 137
488 154
488 138
489 179
489 139
490 235
490 140
491 39
491 169
491 141
492 10
492 22
492 63
492 185
492 215
492 286
492 142
493 58
493 107
493 145
493 164
493 229
493 143
494 15
494 58
494 111
494 298
494 144
495 135
495 185
495 212
495 345
495 145
496 39
496 98
496 276
496 146
497 108
497 147
498 132
498 234
498 148
499 190
499 222
499 266
499 292
499 149
500 270
500 319
500 150
501 4
501 10
501 184
501 205
501 245
501 151
502 99
502 137
502 145
502 199
502 152
503 27
503 74
503 202
503 244
503 289
503 294
503 309
503 153
504 13
504 199
504 263
504 330
504 154
505 59
505 96
505 218
505 228
505 236
505 271
505 155
506 183
506 230
506 273
506 287
506 156
507 16
507 335
507 157
508 98
508 277
508 344
508 158
509 93
509 179
509 268
509 315
509 341
509 159
510 78
510 217
510 160
511 159
511 340
511 161
512 95
512 115
512 238
512 162
513 47
513 210
513 163
514 192
514 215
514 219
514 314
514 337
514 164
515 16
515 32
515 166
515 165
516 167
516 166
517 41
517 96
517 313
517 167
518 32
518 34
518 168
519 229
519 169
520 145
520 170
521 38
521 135
521 186
521 327
521 171
522 22
522 56
522 81
522 172
523 23
523 38
523 99
523 168
523 330
523 173
524 73
524 174
525 103
525 291
525 327
525 175
526 24
526 103
526 176
527 119
527 232
527 311
527 177
528 42
528 178
529 252
529 317
529 342
529 179
530 0
530 121
530 294
530 180
531 65
531 280
531 299
531 322
531 325
531 181
532 15
532 74
532 131
532 200
532 221
532 182
533 83
533 111
533 173
533 185
533 202
533 304
533 183
534 34
534 61
534 184
535 3
535 80
535 267
535 269
535 314
535 185
536 108
536 113
536 186
537 60
537 117
537 327
537 187
538 36
538 102
538 152
538 188
539 190
539 189
540 227
540 324
540 190
541 102
541 109
541 183
541 198
541 191
542 125
542 143
542 192
543 105
543 150
543 326
543 193
544 229
544 250
544 270
544 310
544 194
545 86
545 195
546 194
546 301
546 343
546 196
547 152
547 242
547 271
547 273
547 319
547 197
548 22
548 151
548 178
548 189
548 208
548 198
549 7
549 55
549 88
549 199
550 31
550 232
550 276
550 346
550 200
551 55
551 63
551 170
551 228
551 266
551 276
551 313
551 339
551 201
552 154
552 159
552 190
552 246
552 202
553 39
553 52
553 205
553 203
554 12
554 204
555 73
555 94
555 182
555 188
555 326
555 345
555 205
556 64
556 97
556 254
556 317
556 332
556 206
557 159
557 212
557 207
558 95
558 310
558 208
559 151
559 194
559 209
559 276
559 331
560 60
560 210
561 163
561 220
561 254
561 298
561 331
561 336
561 211
562 80
562 135
562 164
562 220
562 212
563 4
563 115
563 154
563 189
563 237
563 277
563 311
563 337
563 213
564 41
564 52
564 136
564 176
564 214
565 143
565 170
565 215
566 3
566 20
566 221
566 216
567 8
567 25
567 52
567 62
567 163
567 179
567 191
567 263
567 217
568 57
568 130
568 177
568 338
568 218
569 249
569 219
570 18
570 38
570 113
570 127
570 271
570 289
570 311
570 321
570 220
571 301
571 221
572 104
572 111
572 306
572 328
572 222
573 13
573 80
573 98
573 159
573 175
573 209
573 295
573 313
573 223
574 35
574 83
574 280
574 224
575 81
575 97
575 237
575 225
576 112
576 136
576 226
577 56
577 103
577 203
577 211
577 217
577 298
577 227
578 139
578 174
578 283
578 319
578 321
578 228
579 39
579 82
579 286
579 342
579 229
580 76
580 93
580 96
580 121
580 195
580 230
581 137
581 331
581 343
581 231
582 10
582 110
582 114
582 146
582 232
583 114
583 245
583 330
583 233
584 48
584 319
584 340
584 234
585 20
585 235
586 89
586 181
586 248
586 236
587 62
587 187
587 237
588 86
588 114
588 298
588 238
589 10
589 239
590 91
590 314
590 240
591 48
591 268
591 321
591 241
592 168
592 234
592 278
592 242
593 295
593 243
594 123
594 135
594 145
594 260
594 326
594 244
595 68
595 186
595 190
595 326
595 245
596 87
596 145
596 246
597 184
597 282
597 247
598 61
598 77
598 90
598 248
599 24
599 82
599 325
599 249
600 239
600 257
600 250
601 133
601 251
602 114
602 119
602 205
602 241
602 252
603 10
603 250
603 253
604 308
604 254
605 196
605 255
606 91
606 162
606 211
606 243
606 247
606 263
606 308
606 348
606 256
607 44
607 105
607 257
608 72
608 76
608 217
608 345
608 258
609 215
609 338
609 259
610 29
610 211
610 245
610 260
611 35
611 76
611 196
611 212
611 297
611 261
612 12
612 30
612 42
612 66
612 93
612 169
612 241
612 281
612 320
612 262
613 0
613 143
613 150
613 198
613 225
613 234
613 309
613 263
614 57
614 185
614 264
615 139
615 140
615 164
615 169
615 177
615 233
615 245
615 265
616 175
616 205
616 295
616 346
616 266
617 111
617 237
617 267
618 37
618 174
618 219
618 315
618 268
619 150
619 269
620 252
620 270
621 90
621 144
621 271
622 31
622 45
622 87
622 238
622 314
622 272
623 24
623 60
623 154
623 158
623 206
623 273
624 5
624 47
624 132
624 149
624 243
624 302
624 274
625 76
625 128
625 138
625 330
625 275
626 33
626 234
626 251
626 276
627 9
627 155
627 224
627 272
627 344
627 277
628 6
628 78
628 94
628 156
628 278
629 10
629 159
629 169
629 208
629 279
630 221
630 324
630 280
631 50
631 116
631 141
631 249
631 308
631 281
632 75
632 282
633 265
633 283
634 3
634 20
634 67
634 182
634 189
634 284
635 18
635 24
635 285
636 252
636 277
636 286
637 80
637 287
638 278
638 288
639 13
639 121
639 179
639 195
639 257
639 261
639 279
639 289
640 43
640 150
640 207
640 323
640 290
641 11
641 19
641 340
641 291
642 25
642 56
642 105
642 177
642 306
642 292
643 58
643 199
643 309
643 293
644 113
644 248
644 326
644 343
644 294
645 108
645 230
645 295
646 144
646 226
646 296
647 66
647 93
647 243
647 312
647 297
648 63
648 93
648 115
648 148
648 227
648 277
648 324
648 327
648 344
648 298
649 2
649 236
649 242
649 327
649 299
650 38
650 113
650 232
650 244
650 247
650 300
651 120
651 204
651 301
652 69
652 153
652 253
652 302
653 26
653 285
653 346
653 303
654 18
654 250
654 348
654 304
655 40
655 56
655 101
655 265
655 279
655 322
655 340
655 305
656 226
656 264
656 306
657 118
657 171
657 183
657 273
657 316
657 319
657 331
657 307
658 303
658 308
659 120
659 262
659 349
659 309
660 105
660 193
660 310
661 36
661 49
661 137
661 162
661 311
662 123
662 312
663 12
663 13
663 63
663 70
663 210
663 333
663 313
664 81
664 258
664 314
665 26
665 213
665 298
665 343
665 315
666 0
666 54
666 189
666 241
666 316
667 133
667 143
667 275
667 310
667 321
667 317
668 53
668 65
668 318
669 33
669 135
669 285
669 319
670 19
670 180
670 206
670 320
671 195
671 246
671 255
671 287
671 327
671 340
671 321
672 240
672 264
672 274
672 322
673 145
673 229
673 246
673 287
673 293
673 329
673 323
674 6
674 39
674 233
674 256
674 324
675 100
675 214
675 348
675 325
676 68
676 294
676 326
677 274
677 288
677 327
678 272
678 293
678 328
679 40
679 103
679 149
679 180
679 183
679 329
680 130
680 149
680 169
680 214
680 330
681 92
681 230
681 342
681 331
682 22
682 57
682 290
682 332
683 29
683 130
683 314
683 326
683 336
683 333
684 277
684 334
685 0
685 75
685 335
686 18
686 198
686 203
686 336
687 28
687 105
687 121
687 206
687 337
688 24
688 147
688 248
688 338
689 137
689 195
689 225
689 339
690 31
690 33
690 80
690 324
690 340
691 124
691 341
692 124
692 126
692 254
692 343
692 342
693 33
693 74
693 140
693 152
693 158
693 212
693 286
693 319
693 343
694 288
694 335
694 344
695 57
695 76
695 154
695 165
695 345
696 21
696 73
696 111
696 346
697 118
697 224
697 284
697 347
698 6
698 68
698 121
698 182
698 206
698 229
698 273
698 348
699 15
699 88
699 201
699 335
699 349
