  200   531
0 149
0 148
0 5
0 6
0 36
0 48
0 50
0 53
0 68
0 80
0 85
0 100
1 150
1 149
1 6
1 48
1 52
1 65
1 96
1 101
2 152
2 150
2 11
2 75
2 102
3 153
3 152
3 6
3 75
3 84
3 103
4 189
4 19
4 51
4 89
4 93
4 104
5 121
5 0
5 26
5 50
5 86
5 93
5 105
6 160
6 0
6 1
6 3
6 41
6 53
6 55
6 62
6 99
6 106
7 101
7 142
7 155
7 20
7 36
7 48
7 69
7 84
7 95
7 107
8 154
8 153
8 37
8 44
8 73
8 108
9 118
9 40
9 109
10 170
10 19
10 110
11 178
11 2
11 55
11 81
11 83
11 85
11 91
11 111
12 157
12 154
12 21
12 49
12 75
12 77
12 87
12 96
12 112
13 175
13 21
13 38
13 53
13 54
13 113
14 158
14 157
14 84
14 85
14 114
15 189
15 17
15 31
15 78
15 88
15 96
15 115
16 193
16 69
16 91
16 116
17 119
17 15
17 26
17 80
17 117
18 159
18 158
18 74
18 118
19 168
19 198
19 4
19 10
19 29
19 83
19 97
19 119
20 182
20 7
20 70
20 78
20 97
20 120
21 156
21 12
21 13
21 25
21 39
21 63
21 76
21 80
21 85
21 121
22 160
22 159
22 23
22 70
22 122
23 161
23 160
23 22
23 55
23 84
23 90
23 123
24 152
24 41
24 48
24 57
24 83
24 124
25 162
25 161
25 21
25 33
25 58
25 59
25 125
26 120
26 136
26 5
26 17
26 28
26 88
26 89
26 96
26 126
27 152
27 36
27 43
27 49
27 54
27 127
28 107
28 26
28 51
28 89
28 128
29 128
29 19
29 54
29 81
29 82
29 87
29 129
30 163
30 162
30 44
30 61
30 62
30 68
30 130
31 124
31 15
31 65
31 69
31 71
31 131
32 164
32 163
32 35
32 96
32 132
33 165
33 164
33 103
33 102
33 25
33 72
33 133
34 139
34 172
34 180
34 57
34 67
34 69
34 134
35 167
35 165
35 104
35 103
35 32
35 39
35 59
35 70
35 77
35 83
35 84
35 85
35 135
36 126
36 137
36 169
36 0
36 7
36 27
36 46
36 98
36 136
37 169
37 167
37 106
37 104
37 8
37 89
37 137
38 127
38 13
38 138
39 158
39 21
39 35
39 48
39 98
39 139
40 124
40 192
40 9
40 42
40 140
41 124
41 145
41 6
41 24
41 141
42 170
42 169
42 108
42 106
42 40
42 56
42 142
43 134
43 27
43 66
43 89
43 143
44 124
44 8
44 30
44 64
44 144
45 165
45 71
45 83
45 145
46 124
46 172
46 187
46 36
46 74
46 78
46 80
46 146
47 131
47 64
47 65
47 83
47 94
47 147
48 173
48 170
48 109
48 108
48 0
48 1
48 7
48 24
48 39
48 68
48 89
48 148
49 111
49 12
49 27
49 79
49 84
49 149
50 174
50 173
50 111
50 109
50 0
50 5
50 86
50 150
51 105
51 4
51 28
51 81
51 83
51 92
51 93
51 151
52 125
52 1
52 59
52 66
52 68
52 74
52 75
52 90
52 152
53 175
53 174
53 112
53 111
53 0
53 6
53 13
53 153
54 100
54 135
54 141
54 13
54 27
54 29
54 72
54 154
55 179
55 6
55 11
55 23
55 78
55 155
56 176
56 175
56 114
56 112
56 42
56 99
56 156
57 177
57 176
57 115
57 114
57 24
57 34
57 65
57 87
57 99
57 157
58 168
58 25
58 158
59 178
59 177
59 116
59 115
59 25
59 35
59 52
59 76
59 79
59 80
59 159
60 164
60 63
60 160
61 151
61 193
61 30
61 95
61 161
62 105
62 107
62 181
62 6
62 30
62 91
62 162
63 155
63 171
63 180
63 21
63 60
63 78
63 81
63 84
63 88
63 92
63 163
64 179
64 178
64 117
64 116
64 44
64 47
64 70
64 72
64 164
65 181
65 179
65 118
65 117
65 1
65 31
65 47
65 57
65 78
65 165
66 182
66 181
66 121
66 118
66 43
66 52
66 70
66 73
66 76
66 166
67 183
67 182
67 122
67 121
67 34
67 81
67 167
68 184
68 183
68 123
68 122
68 0
68 30
68 48
68 52
68 99
68 168
69 185
69 184
69 125
69 123
69 7
69 16
69 31
69 34
69 77
69 96
69 97
69 169
70 186
70 185
70 127
70 125
70 20
70 22
70 35
70 64
70 66
70 170
71 157
71 31
71 45
71 171
72 100
72 147
72 33
72 54
72 64
72 81
72 88
72 172
73 188
73 186
73 128
73 127
73 8
73 66
73 81
73 89
73 173
74 111
74 18
74 46
74 52
74 86
74 94
74 174
75 189
75 188
75 130
75 128
75 2
75 3
75 12
75 52
75 175
76 135
76 21
76 59
76 66
76 81
76 85
76 176
77 190
77 189
77 131
77 130
77 12
77 35
77 69
77 177
78 110
78 118
78 15
78 20
78 46
78 55
78 63
78 65
78 86
78 98
78 178
79 162
79 49
79 59
79 97
79 179
80 150
80 0
80 17
80 21
80 46
80 59
80 180
81 191
81 190
81 133
81 131
81 11
81 29
81 51
81 63
81 67
81 72
81 73
81 76
81 98
81 181
82 119
82 153
82 29
82 182
83 166
83 173
83 11
83 19
83 24
83 35
83 45
83 47
83 51
83 88
83 183
84 192
84 191
84 134
84 133
84 3
84 7
84 14
84 23
84 35
84 49
84 63
84 184
85 107
85 132
85 0
85 11
85 14
85 21
85 35
85 76
85 185
86 193
86 192
86 138
86 134
86 5
86 50
86 74
86 78
86 186
87 194
87 193
87 140
87 138
87 12
87 29
87 57
87 187
88 129
88 168
88 15
88 26
88 63
88 72
88 83
88 188
89 195
89 194
89 143
89 140
89 4
89 26
89 28
89 37
89 43
89 48
89 73
89 189
90 126
90 156
90 23
90 52
90 190
91 196
91 195
91 144
91 143
91 11
91 16
91 62
91 191
92 136
92 194
92 51
92 63
92 192
93 173
93 4
93 5
93 51
93 193
94 143
94 47
94 74
94 99
94 194
95 189
95 7
95 61
95 97
95 98
95 195
96 113
96 137
96 1
96 12
96 15
96 26
96 32
96 69
96 196
97 197
97 196
97 146
97 144
97 19
97 20
97 69
97 79
97 95
98 198
98 197
98 147
98 146
98 36
98 39
98 78
98 81
98 95
99 199
99 198
99 148
99 147
99 6
99 56
99 57
99 68
99 94
100 54
100 72
100 0
101 7
101 1
102 33
102 2
103 33
103 35
103 3
104 35
104 37
104 4
105 51
105 62
105 5
106 37
106 42
106 6
107 28
107 62
107 85
107 7
108 42
108 48
108 8
109 48
109 50
109 9
110 78
110 10
111 49
111 50
111 53
111 74
111 11
112 53
112 56
112 12
113 96
113 13
114 56
114 57
114 14
115 57
115 59
115 15
116 59
116 64
116 16
117 64
117 65
117 17
118 9
118 65
118 66
118 78
118 18
119 17
119 82
119 19
120 26
120 20
121 5
121 66
121 67
121 21
122 67
122 68
122 22
123 68
123 69
123 23
124 31
124 40
124 41
124 44
124 46
124 24
125 52
125 69
125 70
125 25
126 36
126 90
126 26
127 38
127 70
127 73
127 27
128 29
128 73
128 75
128 28
129 88
129 29
130 75
130 77
130 30
131 47
131 77
131 81
131 31
132 85
132 32
133 81
133 84
133 33
134 43
134 84
134 86
134 34
135 54
135 76
135 35
136 26
136 92
136 36
137 36
137 96
137 37
138 86
138 87
138 38
139 34
139 39
140 87
140 89
140 40
141 54
141 41
142 7
142 42
143 89
143 91
143 94
143 43
144 91
144 97
144 44
145 41
145 45
146 97
146 98
146 46
147 72
147 98
147 99
147 47
148 0
148 99
148 48
149 0
149 1
149 49
150 1
150 2
150 80
150 50
151 61
151 51
152 2
152 3
152 24
152 27
152 52
153 3
153 8
153 82
153 53
154 8
154 12
154 54
155 7
155 63
155 55
156 21
156 90
156 56
157 12
157 14
157 71
157 57
158 14
158 18
158 39
158 58
159 18
159 22
159 59
160 6
160 22
160 23
160 60
161 23
161 25
161 61
162 25
162 30
162 79
162 62
163 30
163 32
163 63
164 32
164 33
164 60
164 64
165 33
165 35
165 45
165 65
166 83
166 66
167 35
167 37
167 67
168 19
168 58
168 88
168 68
169 36
169 37
169 42
169 69
170 10
170 42
170 48
170 70
171 63
171 71
172 34
172 46
172 72
173 48
173 50
173 83
173 93
173 73
174 50
174 53
174 74
175 13
175 53
175 56
175 75
176 56
176 57
176 76
177 57
177 59
177 77
178 11
178 59
178 64
178 78
179 55
179 64
179 65
179 79
180 34
180 63
180 80
181 62
181 65
181 66
181 81
182 20
182 66
182 67
182 82
183 67
183 68
183 83
184 68
184 69
184 84
185 69
185 70
185 85
186 70
186 73
186 86
187 46
187 87
188 73
188 75
188 88
189 4
189 15
189 75
189 77
189 95
189 89
190 77
190 81
190 90
191 81
191 84
191 91
192 40
192 84
192 86
192 92
193 16
193 61
193 86
193 87
193 93
194 87
194 89
194 92
194 94
195 89
195 91
195 95
196 91
196 97
196 96
197 97
197 98
198 19
198 98
198 99
199 99
