  100   311
0 92
0 1
0 12
0 16
0 20
0 29
0 40
0 47
0 50
1 71
1 77
1 0
1 5
1 23
1 51
2 98
2 90
2 14
2 15
2 26
2 31
2 52
3 70
3 82
3 86
3 88
3 9
3 16
3 30
3 53
4 56
4 91
4 12
4 25
4 30
4 31
4 54
5 83
5 86
5 1
5 10
5 14
5 22
5 28
5 33
5 42
5 55
6 58
6 60
6 72
6 82
6 36
6 42
6 43
6 45
6 56
7 70
7 88
7 91
7 92
7 12
7 17
7 19
7 26
7 34
7 36
7 57
8 87
8 94
8 11
8 12
8 16
8 58
9 56
9 58
9 59
9 64
9 66
9 98
9 3
9 12
9 22
9 31
9 32
9 33
9 34
10 63
10 81
10 92
10 5
10 20
10 24
10 31
10 60
11 70
11 93
11 8
11 27
11 61
12 54
12 64
12 71
12 74
12 0
12 4
12 7
12 8
12 9
12 17
12 22
12 41
12 45
12 46
12 62
13 82
13 32
13 36
13 38
13 39
13 45
13 49
13 63
14 58
14 62
14 83
14 95
14 2
14 5
14 23
14 39
14 64
15 54
15 83
15 87
15 2
15 34
15 44
15 47
15 65
16 59
16 93
16 0
16 3
16 8
16 25
16 66
17 99
17 98
17 90
17 89
17 7
17 12
17 25
17 32
17 49
17 67
18 71
18 76
18 82
18 91
18 95
18 45
18 68
19 50
19 84
19 7
19 33
19 69
20 65
20 77
20 92
20 0
20 10
20 24
20 32
20 37
20 39
20 70
21 66
21 97
21 24
21 43
21 71
22 55
22 58
22 74
22 5
22 9
22 12
22 37
22 42
22 72
23 79
23 84
23 97
23 1
23 14
23 30
23 42
23 46
23 73
24 52
24 93
24 10
24 20
24 21
24 31
24 74
25 71
25 74
25 76
25 80
25 81
25 83
25 4
25 16
25 17
25 26
25 38
25 40
25 75
26 53
26 65
26 71
26 78
26 80
26 96
26 97
26 2
26 7
26 25
26 32
26 35
26 39
26 76
27 55
27 56
27 67
27 11
27 31
27 38
27 45
27 47
27 77
28 54
28 63
28 93
28 5
28 41
28 42
28 43
28 48
28 78
29 54
29 76
29 91
29 0
29 39
29 44
29 79
30 54
30 66
30 92
30 3
30 4
30 23
30 80
31 52
31 82
31 87
31 93
31 2
31 4
31 9
31 10
31 24
31 27
31 37
31 46
31 81
32 65
32 92
32 9
32 13
32 17
32 20
32 26
32 49
32 82
33 58
33 80
33 91
33 5
33 9
33 19
33 46
33 83
34 53
34 82
34 94
34 7
34 9
34 15
34 41
34 84
35 56
35 58
35 79
35 26
35 48
35 85
36 69
36 6
36 7
36 13
36 86
37 61
37 69
37 84
37 94
37 20
37 22
37 31
37 44
37 45
37 46
37 87
38 59
38 73
38 92
38 13
38 25
38 27
38 88
39 61
39 13
39 14
39 20
39 26
39 29
39 42
39 89
40 63
40 92
40 0
40 25
40 90
41 74
41 12
41 28
41 34
41 91
42 57
42 5
42 6
42 22
42 23
42 28
42 39
42 92
43 69
43 75
43 79
43 80
43 88
43 6
43 21
43 28
43 93
44 77
44 86
44 95
44 97
44 15
44 29
44 37
44 94
45 73
45 75
45 6
45 12
45 13
45 18
45 27
45 37
45 47
45 95
46 63
46 93
46 12
46 23
46 31
46 33
46 37
46 48
46 96
47 68
47 72
47 92
47 0
47 15
47 27
47 45
47 48
47 97
48 51
48 52
48 57
48 61
48 62
48 65
48 77
48 28
48 35
48 46
48 47
48 98
49 85
49 92
49 13
49 17
49 32
49 99
50 19
50 0
51 48
51 1
52 24
52 31
52 48
52 2
53 26
53 34
53 3
54 12
54 15
54 28
54 29
54 30
54 4
55 22
55 27
55 5
56 4
56 9
56 27
56 35
56 6
57 42
57 48
57 7
58 6
58 9
58 14
58 22
58 33
58 35
58 8
59 9
59 16
59 38
60 6
60 10
61 37
61 39
61 48
61 11
62 14
62 48
62 12
63 10
63 28
63 40
63 46
63 13
64 9
64 12
64 14
65 20
65 26
65 32
65 48
65 15
66 9
66 21
66 30
66 16
67 27
67 17
68 47
68 18
69 36
69 37
69 43
69 19
70 3
70 7
70 11
70 20
71 1
71 12
71 18
71 25
71 26
71 21
72 6
72 47
72 22
73 38
73 45
73 23
74 12
74 22
74 25
74 41
74 24
75 43
75 45
75 25
76 18
76 25
76 29
76 26
77 1
77 20
77 44
77 48
77 27
78 26
78 28
79 23
79 35
79 43
79 29
80 25
80 26
80 33
80 43
80 30
81 10
81 25
81 31
82 3
82 6
82 13
82 18
82 31
82 34
82 32
83 5
83 14
83 15
83 25
83 33
84 19
84 23
84 37
84 34
85 49
85 35
86 3
86 5
86 44
86 36
87 8
87 15
87 31
87 37
88 3
88 7
88 43
88 38
89 17
89 39
90 2
90 17
90 40
91 4
91 7
91 18
91 29
91 33
91 41
92 0
92 7
92 10
92 20
92 30
92 32
92 38
92 40
92 47
92 49
92 42
93 11
93 16
93 24
93 28
93 31
93 46
93 43
94 8
94 34
94 37
94 44
95 14
95 18
95 44
95 45
96 26
96 46
97 21
97 23
97 26
97 44
97 47
98 2
98 9
98 17
98 48
99 17
99 49
