  100   884
0 58
0 60
0 61
0 66
0 74
0 86
0 87
0 88
0 89
0 91
0 93
0 95
0 96
0 99
0 1
0 8
0 38
0 40
0 42
0 50
1 50
1 55
1 58
1 61
1 63
1 68
1 71
1 73
1 75
1 77
1 82
1 87
1 90
1 91
1 96
1 0
1 39
1 51
2 50
2 51
2 60
2 61
2 67
2 73
2 77
2 78
2 81
2 82
2 87
2 90
2 91
2 97
2 98
2 3
2 9
2 21
2 37
2 40
2 45
2 46
2 47
2 52
3 50
3 53
3 55
3 58
3 61
3 62
3 63
3 64
3 66
3 69
3 70
3 73
3 76
3 79
3 80
3 85
3 86
3 92
3 96
3 99
3 2
3 4
3 28
3 33
3 44
4 51
4 52
4 53
4 55
4 62
4 65
4 68
4 70
4 75
4 76
4 79
4 80
4 81
4 86
4 87
4 97
4 98
4 3
4 16
4 44
4 54
5 50
5 51
5 55
5 68
5 73
5 76
5 77
5 80
5 85
5 88
5 90
5 91
5 92
5 93
5 96
5 97
5 99
5 8
5 9
5 20
5 29
6 53
6 55
6 56
6 58
6 64
6 65
6 67
6 69
6 70
6 71
6 74
6 77
6 85
6 95
6 25
6 29
6 36
7 55
7 59
7 61
7 64
7 65
7 70
7 73
7 75
7 77
7 82
7 84
7 85
7 87
7 89
7 91
7 95
7 22
7 25
7 26
7 28
7 48
7 57
8 51
8 52
8 53
8 56
8 61
8 64
8 65
8 71
8 75
8 78
8 85
8 87
8 90
8 92
8 93
8 99
8 0
8 5
8 9
8 20
8 48
8 58
9 56
9 62
9 64
9 65
9 66
9 69
9 71
9 74
9 75
9 78
9 81
9 82
9 84
9 88
9 2
9 5
9 8
9 10
9 13
9 24
9 28
9 29
9 43
9 59
10 50
10 51
10 54
10 60
10 61
10 64
10 65
10 67
10 69
10 71
10 72
10 81
10 86
10 87
10 88
10 95
10 96
10 98
10 9
10 12
10 19
10 21
11 51
11 65
11 72
11 76
11 78
11 80
11 86
11 87
11 91
11 93
11 94
11 48
11 61
12 51
12 54
12 55
12 67
12 68
12 69
12 74
12 82
12 83
12 85
12 86
12 87
12 88
12 94
12 99
12 10
12 20
12 37
12 62
13 51
13 53
13 56
13 58
13 60
13 73
13 74
13 75
13 76
13 80
13 84
13 86
13 87
13 88
13 89
13 91
13 93
13 98
13 9
13 16
13 18
13 27
13 45
13 63
14 51
14 55
14 56
14 57
14 59
14 62
14 64
14 74
14 79
14 80
14 87
14 90
14 91
14 95
14 40
15 51
15 52
15 60
15 63
15 64
15 79
15 82
15 84
15 89
15 92
15 93
15 94
15 98
15 17
15 24
15 45
15 65
16 50
16 51
16 52
16 57
16 59
16 62
16 63
16 65
16 69
16 71
16 76
16 77
16 82
16 83
16 84
16 86
16 90
16 91
16 92
16 98
16 99
16 4
16 13
16 21
16 49
16 66
17 50
17 54
17 59
17 62
17 63
17 64
17 66
17 68
17 69
17 74
17 77
17 83
17 85
17 86
17 91
17 92
17 97
17 99
17 15
17 32
17 48
17 67
18 50
18 52
18 54
18 61
18 67
18 68
18 76
18 79
18 80
18 84
18 85
18 86
18 91
18 92
18 95
18 98
18 13
18 23
18 31
18 39
18 46
19 50
19 51
19 53
19 54
19 55
19 60
19 62
19 63
19 70
19 78
19 79
19 83
19 84
19 86
19 90
19 97
19 99
19 10
19 42
19 69
20 50
20 56
20 57
20 58
20 63
20 64
20 67
20 68
20 69
20 70
20 73
20 75
20 79
20 84
20 86
20 95
20 96
20 97
20 5
20 8
20 12
21 54
21 57
21 59
21 60
21 61
21 62
21 65
21 68
21 70
21 71
21 77
21 79
21 82
21 84
21 86
21 89
21 92
21 96
21 2
21 10
21 16
21 44
22 52
22 54
22 59
22 63
22 64
22 69
22 71
22 75
22 77
22 80
22 82
22 84
22 85
22 88
22 89
22 90
22 91
22 94
22 7
22 36
22 39
22 45
22 47
22 48
22 72
23 50
23 51
23 55
23 62
23 63
23 65
23 70
23 71
23 76
23 81
23 84
23 85
23 86
23 88
23 89
23 90
23 91
23 92
23 96
23 98
23 99
23 18
23 26
23 48
23 73
24 51
24 53
24 59
24 60
24 66
24 68
24 74
24 75
24 77
24 84
24 85
24 92
24 98
24 99
24 9
24 15
24 30
25 62
25 64
25 66
25 70
25 75
25 76
25 77
25 78
25 80
25 81
25 92
25 94
25 96
25 98
25 99
25 6
25 7
26 50
26 57
26 74
26 75
26 76
26 79
26 83
26 84
26 86
26 90
26 94
26 95
26 98
26 7
26 23
26 30
26 35
27 50
27 54
27 55
27 58
27 59
27 63
27 68
27 69
27 76
27 86
27 90
27 95
27 96
27 98
27 13
27 32
27 77
28 51
28 54
28 63
28 68
28 75
28 80
28 99
28 3
28 7
28 9
28 78
29 55
29 58
29 59
29 63
29 65
29 66
29 67
29 70
29 75
29 76
29 80
29 83
29 87
29 5
29 6
29 9
29 45
29 79
30 51
30 52
30 54
30 64
30 69
30 71
30 73
30 76
30 82
30 83
30 90
30 95
30 97
30 24
30 26
30 37
30 80
31 53
31 54
31 56
31 73
31 74
31 76
31 78
31 80
31 81
31 86
31 98
31 18
31 33
31 44
31 46
32 60
32 61
32 62
32 65
32 66
32 69
32 74
32 76
32 77
32 84
32 85
32 88
32 90
32 92
32 93
32 96
32 98
32 99
32 17
32 27
32 35
32 82
33 53
33 54
33 61
33 64
33 65
33 72
33 78
33 79
33 87
33 88
33 90
33 93
33 94
33 95
33 99
33 3
33 31
33 83
34 51
34 56
34 57
34 65
34 67
34 69
34 70
34 73
34 77
34 78
34 80
34 81
34 87
34 88
34 90
34 92
34 95
34 96
34 98
34 35
34 84
35 52
35 54
35 57
35 59
35 63
35 66
35 67
35 74
35 75
35 86
35 92
35 93
35 95
35 26
35 32
35 34
35 47
35 85
36 52
36 53
36 55
36 61
36 63
36 65
36 69
36 70
36 75
36 76
36 77
36 78
36 88
36 94
36 95
36 6
36 22
36 47
36 86
37 59
37 63
37 66
37 69
37 73
37 75
37 77
37 80
37 84
37 85
37 86
37 93
37 96
37 2
37 12
37 30
37 42
37 49
37 87
38 51
38 52
38 53
38 54
38 65
38 66
38 70
38 74
38 75
38 80
38 83
38 89
38 90
38 92
38 0
38 49
38 88
39 51
39 53
39 54
39 61
39 72
39 73
39 74
39 81
39 82
39 83
39 84
39 89
39 96
39 98
39 99
39 1
39 18
39 22
40 53
40 54
40 56
40 63
40 64
40 65
40 66
40 75
40 77
40 78
40 85
40 87
40 88
40 0
40 2
40 14
40 42
40 48
40 49
40 90
41 51
41 53
41 59
41 63
41 69
41 70
41 71
41 72
41 76
41 77
41 78
41 83
41 85
41 95
41 99
41 42
41 49
41 91
42 50
42 52
42 54
42 63
42 67
42 73
42 74
42 85
42 90
42 93
42 94
42 96
42 97
42 0
42 19
42 37
42 40
42 41
42 92
43 50
43 55
43 58
43 62
43 63
43 64
43 68
43 72
43 74
43 81
43 85
43 88
43 89
43 90
43 93
43 96
43 9
43 44
44 50
44 53
44 58
44 59
44 60
44 62
44 65
44 75
44 76
44 84
44 89
44 90
44 93
44 98
44 3
44 4
44 21
44 31
44 43
44 46
44 94
45 50
45 51
45 53
45 58
45 61
45 67
45 68
45 74
45 77
45 80
45 83
45 89
45 90
45 94
45 99
45 2
45 13
45 15
45 22
45 29
45 95
46 51
46 55
46 57
46 59
46 61
46 68
46 69
46 70
46 73
46 78
46 79
46 80
46 83
46 89
46 90
46 91
46 97
46 2
46 18
46 31
46 44
46 96
47 53
47 66
47 67
47 80
47 82
47 90
47 91
47 96
47 99
47 2
47 22
47 35
47 36
47 97
48 55
48 71
48 73
48 74
48 79
48 81
48 82
48 83
48 84
48 88
48 99
48 7
48 8
48 11
48 17
48 22
48 23
48 40
48 98
49 58
49 61
49 62
49 65
49 68
49 75
49 78
49 79
49 80
49 82
49 83
49 87
49 90
49 98
49 16
49 37
49 38
49 40
49 41
49 99
50 1
50 2
50 3
50 5
50 10
50 16
50 17
50 18
50 19
50 20
50 23
50 26
50 27
50 42
50 43
50 44
50 45
50 0
51 2
51 4
51 5
51 8
51 10
51 11
51 12
51 13
51 14
51 15
51 16
51 19
51 23
51 24
51 28
51 30
51 34
51 38
51 39
51 41
51 45
51 46
51 1
52 4
52 8
52 15
52 16
52 18
52 22
52 30
52 35
52 36
52 38
52 42
52 2
53 3
53 4
53 6
53 8
53 13
53 19
53 24
53 31
53 33
53 36
53 38
53 39
53 40
53 41
53 44
53 45
53 47
54 10
54 12
54 17
54 18
54 19
54 21
54 22
54 27
54 28
54 30
54 31
54 33
54 35
54 38
54 39
54 40
54 42
54 4
55 1
55 3
55 4
55 5
55 6
55 7
55 12
55 14
55 19
55 23
55 27
55 29
55 36
55 43
55 46
55 48
56 6
56 8
56 9
56 13
56 14
56 20
56 31
56 34
56 40
57 14
57 16
57 20
57 21
57 26
57 34
57 35
57 46
57 7
58 0
58 1
58 3
58 6
58 13
58 20
58 27
58 29
58 43
58 44
58 45
58 49
58 8
59 7
59 14
59 16
59 17
59 21
59 22
59 24
59 27
59 29
59 35
59 37
59 41
59 44
59 46
59 9
60 0
60 2
60 10
60 13
60 15
60 19
60 21
60 24
60 32
60 44
61 0
61 1
61 2
61 3
61 7
61 8
61 10
61 18
61 21
61 32
61 33
61 36
61 39
61 45
61 46
61 49
61 11
62 3
62 4
62 9
62 14
62 16
62 17
62 19
62 21
62 23
62 25
62 32
62 43
62 44
62 49
62 12
63 1
63 3
63 15
63 16
63 17
63 19
63 20
63 22
63 23
63 27
63 28
63 29
63 35
63 36
63 37
63 40
63 41
63 42
63 43
63 13
64 3
64 6
64 7
64 8
64 9
64 10
64 14
64 15
64 17
64 20
64 22
64 25
64 30
64 33
64 40
64 43
65 4
65 6
65 7
65 8
65 9
65 10
65 11
65 16
65 21
65 23
65 29
65 32
65 33
65 34
65 36
65 38
65 40
65 44
65 49
65 15
66 0
66 3
66 9
66 17
66 24
66 25
66 29
66 32
66 35
66 37
66 38
66 40
66 47
66 16
67 2
67 6
67 10
67 12
67 18
67 20
67 29
67 34
67 35
67 42
67 45
67 47
67 17
68 1
68 4
68 5
68 12
68 17
68 18
68 20
68 21
68 24
68 27
68 28
68 43
68 45
68 46
68 49
69 3
69 6
69 9
69 10
69 12
69 16
69 17
69 20
69 22
69 27
69 30
69 32
69 34
69 36
69 37
69 41
69 46
69 19
70 3
70 4
70 6
70 7
70 19
70 20
70 21
70 23
70 25
70 29
70 34
70 36
70 38
70 41
70 46
71 1
71 6
71 8
71 9
71 10
71 16
71 21
71 22
71 23
71 30
71 41
71 48
72 10
72 11
72 33
72 39
72 41
72 43
72 22
73 1
73 2
73 3
73 5
73 7
73 13
73 20
73 30
73 31
73 34
73 37
73 39
73 42
73 46
73 48
73 23
74 0
74 6
74 9
74 12
74 13
74 14
74 17
74 24
74 26
74 31
74 32
74 35
74 38
74 39
74 42
74 43
74 45
74 48
75 1
75 4
75 7
75 8
75 9
75 13
75 20
75 22
75 24
75 25
75 26
75 28
75 29
75 35
75 36
75 37
75 38
75 40
75 44
75 49
76 3
76 4
76 5
76 11
76 13
76 16
76 18
76 23
76 25
76 26
76 27
76 29
76 30
76 31
76 32
76 36
76 41
76 44
77 1
77 2
77 5
77 6
77 7
77 16
77 17
77 21
77 22
77 24
77 25
77 32
77 34
77 36
77 37
77 40
77 41
77 45
77 27
78 2
78 8
78 9
78 11
78 19
78 25
78 31
78 33
78 34
78 36
78 40
78 41
78 46
78 49
78 28
79 3
79 4
79 14
79 15
79 18
79 19
79 20
79 21
79 26
79 33
79 46
79 48
79 49
79 29
80 3
80 4
80 5
80 11
80 13
80 14
80 18
80 22
80 25
80 28
80 29
80 31
80 34
80 37
80 38
80 45
80 46
80 47
80 49
80 30
81 2
81 4
81 9
81 10
81 23
81 25
81 31
81 34
81 39
81 43
81 48
82 1
82 2
82 7
82 9
82 12
82 15
82 16
82 21
82 22
82 30
82 39
82 47
82 48
82 49
82 32
83 12
83 16
83 17
83 19
83 26
83 29
83 30
83 38
83 39
83 41
83 45
83 46
83 48
83 49
83 33
84 7
84 9
84 13
84 15
84 16
84 18
84 19
84 20
84 21
84 22
84 23
84 24
84 26
84 32
84 37
84 39
84 44
84 48
84 34
85 3
85 5
85 6
85 7
85 8
85 12
85 17
85 18
85 22
85 23
85 24
85 32
85 37
85 40
85 41
85 42
85 43
85 35
86 0
86 3
86 4
86 10
86 11
86 12
86 13
86 16
86 17
86 18
86 19
86 20
86 21
86 23
86 26
86 27
86 31
86 35
86 37
86 36
87 0
87 1
87 2
87 4
87 7
87 8
87 10
87 11
87 12
87 13
87 14
87 29
87 33
87 34
87 40
87 49
87 37
88 0
88 5
88 9
88 10
88 12
88 13
88 22
88 23
88 32
88 33
88 34
88 36
88 40
88 43
88 48
88 38
89 0
89 7
89 13
89 15
89 21
89 22
89 23
89 38
89 39
89 43
89 44
89 45
89 46
90 1
90 2
90 5
90 8
90 14
90 16
90 19
90 22
90 23
90 26
90 27
90 30
90 32
90 33
90 34
90 38
90 42
90 43
90 44
90 45
90 46
90 47
90 49
90 40
91 0
91 1
91 2
91 5
91 7
91 11
91 13
91 14
91 16
91 17
91 18
91 22
91 23
91 46
91 47
91 41
92 3
92 5
92 8
92 15
92 16
92 17
92 18
92 21
92 23
92 24
92 25
92 32
92 34
92 35
92 38
92 42
93 0
93 5
93 8
93 11
93 13
93 15
93 32
93 33
93 35
93 37
93 42
93 43
93 44
94 11
94 12
94 15
94 22
94 25
94 26
94 33
94 36
94 42
94 45
94 44
95 0
95 6
95 7
95 10
95 14
95 18
95 20
95 26
95 27
95 30
95 33
95 34
95 35
95 36
95 41
95 45
96 0
96 1
96 3
96 5
96 10
96 20
96 21
96 23
96 25
96 27
96 32
96 34
96 37
96 39
96 42
96 43
96 47
96 46
97 2
97 4
97 5
97 17
97 19
97 20
97 30
97 42
97 46
97 47
98 2
98 4
98 10
98 13
98 15
98 16
98 18
98 23
98 24
98 25
98 26
98 27
98 31
98 32
98 34
98 39
98 44
98 49
98 48
99 0
99 3
99 5
99 8
99 12
99 16
99 17
99 19
99 23
99 24
99 25
99 28
99 32
99 33
99 39
99 41
99 45
99 47
99 48
99 49
