  700   4663
0 368
0 441
0 480
0 533
0 606
0 647
0 668
0 46
0 190
0 350
1 458
1 471
1 486
1 489
1 499
1 507
1 597
1 609
1 616
1 620
1 699
1 27
1 338
1 351
2 363
2 377
2 434
2 482
2 490
2 568
2 620
2 646
2 24
2 251
2 287
2 352
3 414
3 522
3 588
3 591
3 606
3 608
3 613
3 643
3 683
3 18
3 233
3 353
4 391
4 402
4 403
4 457
4 460
4 475
4 552
4 610
4 662
4 6
4 145
4 250
4 312
4 343
4 354
5 415
5 458
5 513
5 538
5 565
5 671
5 676
5 72
5 216
5 355
6 428
6 442
6 487
6 552
6 576
6 663
6 4
6 201
6 258
6 323
6 356
7 355
7 369
7 386
7 389
7 395
7 397
7 399
7 525
7 565
7 665
7 688
7 73
7 150
7 211
7 357
8 371
8 385
8 419
8 449
8 487
8 491
8 499
8 561
8 571
8 618
8 628
8 639
8 646
8 662
8 48
8 153
8 195
8 233
8 282
8 291
8 358
9 361
9 551
9 579
9 582
9 585
9 652
9 658
9 660
9 27
9 62
9 190
9 209
9 313
9 359
10 370
10 398
10 421
10 469
10 485
10 487
10 552
10 558
10 579
10 586
10 589
10 616
10 618
10 645
10 678
10 74
10 296
10 301
10 344
10 360
11 356
11 432
11 458
11 465
11 519
11 551
11 603
11 677
11 55
11 361
12 359
12 401
12 428
12 432
12 458
12 478
12 483
12 513
12 534
12 567
12 588
12 629
12 687
12 156
12 223
12 308
12 362
13 390
13 426
13 474
13 480
13 591
13 663
13 681
13 699
13 52
13 182
13 317
13 363
14 350
14 405
14 447
14 500
14 549
14 553
14 644
14 652
14 684
14 692
14 134
14 135
14 288
14 364
15 357
15 446
15 478
15 673
15 686
15 74
15 165
15 365
16 372
16 376
16 453
16 458
16 490
16 499
16 538
16 545
16 568
16 585
16 587
16 590
16 599
16 629
16 222
16 366
17 356
17 438
17 448
17 531
17 606
17 628
17 678
17 684
17 71
17 78
17 111
17 216
17 339
17 349
17 367
18 378
18 437
18 442
18 502
18 504
18 525
18 527
18 573
18 584
18 590
18 591
18 597
18 602
18 609
18 649
18 650
18 691
18 3
18 198
18 344
18 368
19 370
19 397
19 426
19 439
19 443
19 662
19 696
19 162
19 173
19 204
19 205
19 320
19 369
20 420
20 429
20 482
20 501
20 505
20 536
20 565
20 584
20 628
20 672
20 285
20 370
21 351
21 383
21 399
21 411
21 438
21 440
21 454
21 459
21 558
21 576
21 579
21 698
21 71
21 204
21 267
21 371
22 387
22 416
22 483
22 494
22 542
22 627
22 634
22 697
22 61
22 258
22 286
22 346
22 372
23 530
23 540
23 559
23 620
23 662
23 680
23 60
23 155
23 165
23 225
23 263
23 373
24 361
24 416
24 418
24 424
24 470
24 474
24 539
24 571
24 622
24 638
24 657
24 666
24 669
24 2
24 38
24 263
24 341
24 346
24 374
25 350
25 376
25 429
25 443
25 496
25 544
25 552
25 553
25 584
25 604
25 671
25 691
25 102
25 177
25 375
26 363
26 366
26 378
26 393
26 423
26 437
26 453
26 455
26 531
26 543
26 586
26 589
26 596
26 674
26 59
26 61
26 317
26 376
27 385
27 422
27 432
27 448
27 544
27 663
27 1
27 9
27 122
27 180
27 377
28 440
28 448
28 464
28 546
28 591
28 640
28 643
28 698
28 47
28 138
28 148
28 214
28 378
29 356
29 412
29 427
29 442
29 458
29 468
29 476
29 534
29 540
29 547
29 593
29 599
29 681
29 693
29 36
29 130
29 379
30 357
30 359
30 361
30 368
30 404
30 456
30 518
30 589
30 615
30 624
30 661
30 663
30 153
30 271
30 333
30 380
31 352
31 391
31 459
31 478
31 583
31 659
31 43
31 46
31 82
31 122
31 266
31 312
31 381
32 407
32 417
32 456
32 463
32 486
32 523
32 602
32 654
32 673
32 684
32 144
32 145
32 339
32 382
33 410
33 438
33 482
33 586
33 688
33 695
33 64
33 92
33 144
33 154
33 264
33 383
34 386
34 486
34 545
34 619
34 642
34 56
34 182
34 194
34 384
35 350
35 426
35 435
35 443
35 468
35 485
35 499
35 518
35 556
35 584
35 586
35 613
35 664
35 686
35 74
35 96
35 133
35 307
35 385
36 359
36 383
36 387
36 390
36 420
36 430
36 456
36 520
36 557
36 611
36 653
36 663
36 668
36 29
36 118
36 386
37 375
37 376
37 390
37 504
37 509
37 510
37 517
37 591
37 625
37 689
37 140
37 175
37 234
37 387
38 350
38 381
38 390
38 393
38 428
38 450
38 480
38 488
38 490
38 529
38 551
38 570
38 650
38 655
38 662
38 24
38 233
38 298
38 313
38 388
39 358
39 380
39 426
39 429
39 480
39 501
39 528
39 542
39 552
39 554
39 568
39 582
39 609
39 648
39 49
39 210
39 240
39 389
40 367
40 396
40 436
40 480
40 485
40 486
40 508
40 511
40 514
40 517
40 542
40 589
40 607
40 631
40 650
40 651
40 665
40 117
40 150
40 390
41 363
41 377
41 385
41 421
41 447
41 487
41 605
41 639
41 66
41 154
41 391
42 361
42 375
42 397
42 409
42 430
42 512
42 518
42 531
42 560
42 586
42 101
42 243
42 340
42 392
43 363
43 364
43 382
43 405
43 466
43 489
43 499
43 536
43 565
43 640
43 31
43 156
43 186
43 221
43 287
43 309
43 393
44 350
44 407
44 433
44 512
44 526
44 540
44 550
44 601
44 605
44 606
44 615
44 686
44 310
44 394
45 360
45 399
45 401
45 418
45 425
45 465
45 487
45 514
45 539
45 553
45 576
45 581
45 584
45 101
45 190
45 208
45 284
45 395
46 353
46 377
46 379
46 435
46 462
46 487
46 518
46 523
46 544
46 555
46 562
46 606
46 660
46 661
46 671
46 673
46 680
46 689
46 0
46 31
46 290
46 396
47 367
47 392
47 429
47 502
47 531
47 542
47 565
47 581
47 588
47 618
47 688
47 28
47 112
47 168
47 294
47 397
48 371
48 405
48 443
48 469
48 498
48 508
48 522
48 542
48 596
48 603
48 609
48 8
48 76
48 125
48 149
48 163
48 398
49 360
49 361
49 410
49 467
49 495
49 498
49 520
49 525
49 571
49 39
49 130
49 148
49 232
49 399
50 354
50 360
50 384
50 414
50 453
50 505
50 506
50 507
50 528
50 544
50 589
50 602
50 621
50 632
50 677
50 140
50 145
50 298
50 400
51 362
51 363
51 373
51 397
51 404
51 440
51 442
51 459
51 470
51 496
51 502
51 517
51 587
51 591
51 613
51 627
51 670
51 685
51 697
51 117
51 306
51 347
51 401
52 418
52 423
52 427
52 550
52 684
52 689
52 696
52 13
52 145
52 185
52 212
52 402
53 369
53 384
53 409
53 410
53 458
53 505
53 538
53 625
53 638
53 657
53 673
53 688
53 693
53 156
53 290
53 321
53 328
53 403
54 417
54 475
54 534
54 587
54 609
54 622
54 671
54 675
54 689
54 691
54 66
54 74
54 226
54 266
54 301
54 304
54 404
55 450
55 484
55 485
55 506
55 523
55 524
55 615
55 626
55 641
55 11
55 87
55 405
56 365
56 401
56 420
56 435
56 477
56 480
56 528
56 558
56 573
56 657
56 672
56 34
56 215
56 260
56 328
56 406
57 350
57 413
57 605
57 606
57 669
57 671
57 227
57 291
57 407
58 388
58 467
58 552
58 582
58 626
58 663
58 682
58 688
58 126
58 172
58 276
58 408
59 352
59 357
59 408
59 433
59 441
59 471
59 516
59 532
59 558
59 599
59 670
59 26
59 140
59 236
59 409
60 391
60 403
60 415
60 556
60 561
60 568
60 613
60 633
60 639
60 654
60 677
60 23
60 73
60 410
61 388
61 426
61 427
61 472
61 481
61 509
61 515
61 526
61 539
61 599
61 688
61 694
61 22
61 26
61 132
61 219
61 284
61 349
61 411
62 351
62 359
62 434
62 446
62 472
62 488
62 498
62 521
62 626
62 9
62 84
62 100
62 207
62 262
62 412
63 400
63 424
63 494
63 523
63 555
63 561
63 564
63 589
63 645
63 658
63 693
63 329
63 413
64 370
64 414
64 489
64 518
64 538
64 540
64 659
64 665
64 33
64 135
64 273
64 300
65 399
65 451
65 499
65 501
65 532
65 554
65 563
65 605
65 623
65 674
65 680
65 693
65 112
65 415
66 411
66 429
66 449
66 500
66 508
66 540
66 572
66 573
66 620
66 672
66 41
66 54
66 174
66 271
66 416
67 403
67 447
67 485
67 545
67 568
67 589
67 613
67 617
67 620
67 666
67 249
67 256
67 300
67 322
67 417
68 369
68 408
68 444
68 453
68 479
68 483
68 491
68 554
68 573
68 608
68 648
68 669
68 685
68 81
68 83
68 193
68 285
68 418
69 493
69 515
69 525
69 600
69 635
69 656
69 97
69 221
69 347
69 419
70 356
70 381
70 463
70 504
70 516
70 525
70 562
70 568
70 607
70 628
70 636
70 655
70 662
70 196
70 420
71 366
71 422
71 483
71 505
71 511
71 559
71 572
71 592
71 609
71 613
71 17
71 21
71 421
72 376
72 453
72 499
72 509
72 549
72 616
72 624
72 639
72 696
72 5
72 106
72 197
72 422
73 370
73 373
73 384
73 391
73 414
73 438
73 449
73 483
73 584
73 633
73 686
73 7
73 60
73 340
73 342
73 423
74 583
74 591
74 598
74 623
74 625
74 628
74 10
74 15
74 35
74 54
74 94
74 247
74 252
74 424
75 357
75 366
75 459
75 503
75 513
75 515
75 581
75 595
75 602
75 631
75 664
75 125
75 157
75 158
75 348
75 425
76 367
76 401
76 421
76 425
76 455
76 472
76 492
76 498
76 506
76 622
76 651
76 658
76 684
76 48
76 82
76 129
76 175
76 251
76 301
76 426
77 364
77 371
77 389
77 433
77 458
77 473
77 483
77 509
77 530
77 540
77 579
77 593
77 642
77 680
77 160
77 188
77 296
77 427
78 378
78 401
78 457
78 473
78 508
78 514
78 517
78 545
78 547
78 548
78 622
78 623
78 637
78 645
78 17
78 241
78 246
78 279
78 428
79 406
79 429
79 478
79 486
79 503
79 504
79 538
79 559
79 569
79 577
79 602
79 603
79 630
79 674
79 690
79 183
79 271
80 374
80 420
80 462
80 477
80 497
80 527
80 538
80 539
80 553
80 562
80 613
80 695
80 104
80 279
80 430
81 350
81 368
81 369
81 370
81 380
81 387
81 388
81 414
81 458
81 570
81 590
81 591
81 605
81 635
81 68
81 122
81 125
81 144
81 200
81 331
81 431
82 374
82 396
82 398
82 548
82 566
82 582
82 593
82 599
82 695
82 31
82 76
82 197
82 271
82 313
82 432
83 350
83 363
83 366
83 378
83 408
83 444
83 526
83 649
83 68
83 105
83 129
83 258
83 285
83 433
84 363
84 551
84 575
84 599
84 62
84 434
85 356
85 385
85 445
85 472
85 480
85 539
85 653
85 659
85 680
85 201
85 254
85 272
85 435
86 354
86 374
86 399
86 403
86 462
86 502
86 506
86 525
86 550
86 562
86 583
86 653
86 665
86 197
86 225
86 247
86 310
86 337
86 436
87 350
87 367
87 377
87 390
87 391
87 396
87 420
87 436
87 440
87 497
87 523
87 616
87 55
87 109
87 437
88 385
88 462
88 470
88 479
88 527
88 537
88 665
88 112
88 305
88 438
89 386
89 398
89 402
89 422
89 427
89 432
89 438
89 465
89 494
89 548
89 578
89 592
89 617
89 633
89 660
89 154
89 160
89 284
89 300
89 345
89 439
90 360
90 410
90 431
90 476
90 516
90 600
90 616
90 655
90 676
90 696
90 167
90 168
90 280
90 321
90 440
91 374
91 382
91 437
91 486
91 552
91 594
91 609
91 630
91 699
91 123
91 139
91 208
91 345
91 441
92 393
92 404
92 415
92 455
92 508
92 543
92 601
92 604
92 649
92 655
92 659
92 665
92 681
92 691
92 33
92 230
92 253
92 272
92 442
93 366
93 371
93 454
93 513
93 542
93 545
93 558
93 343
93 443
94 362
94 407
94 449
94 503
94 556
94 570
94 607
94 624
94 637
94 646
94 686
94 74
94 348
94 444
95 361
95 370
95 385
95 432
95 457
95 467
95 553
95 592
95 599
95 642
95 675
95 213
95 288
95 349
95 445
96 384
96 397
96 432
96 444
96 501
96 518
96 540
96 551
96 610
96 699
96 35
96 175
96 274
96 288
96 341
96 446
97 356
97 404
97 405
97 410
97 419
97 477
97 515
97 608
97 631
97 637
97 690
97 69
97 331
97 447
98 354
98 408
98 453
98 504
98 518
98 538
98 551
98 571
98 603
98 626
98 649
98 691
98 251
98 262
98 290
98 448
99 359
99 360
99 377
99 433
99 557
99 564
99 673
99 686
99 179
99 205
99 349
99 449
100 405
100 419
100 434
100 444
100 484
100 537
100 580
100 585
100 611
100 616
100 640
100 660
100 690
100 62
100 125
100 149
100 202
100 236
100 240
100 242
100 348
100 450
101 359
101 382
101 397
101 400
101 429
101 451
101 508
101 514
101 522
101 526
101 574
101 640
101 42
101 45
101 114
101 168
101 173
101 294
102 353
102 357
102 387
102 460
102 471
102 521
102 533
102 543
102 555
102 571
102 580
102 596
102 608
102 663
102 664
102 697
102 25
102 160
102 231
102 263
102 294
102 321
102 452
103 367
103 414
103 429
103 442
103 476
103 483
103 528
103 577
103 600
103 614
103 633
103 646
103 181
103 269
103 453
104 353
104 385
104 398
104 441
104 450
104 544
104 600
104 687
104 80
104 125
104 138
104 259
104 454
105 372
105 397
105 418
105 465
105 559
105 613
105 625
105 627
105 682
105 83
105 141
105 155
105 188
105 324
105 334
105 455
106 365
106 422
106 446
106 494
106 545
106 554
106 590
106 608
106 72
106 153
106 196
106 197
106 456
107 356
107 365
107 389
107 439
107 499
107 520
107 539
107 632
107 659
107 324
107 347
107 457
108 359
108 372
108 402
108 415
108 419
108 429
108 464
108 481
108 543
108 551
108 585
108 674
108 697
108 132
108 299
108 458
109 370
109 381
109 384
109 406
109 437
109 520
109 592
109 645
109 659
109 661
109 87
109 131
109 459
110 383
110 434
110 452
110 492
110 638
110 649
110 150
110 180
110 203
110 274
110 460
111 390
111 394
111 396
111 461
111 466
111 476
111 518
111 580
111 643
111 646
111 664
111 681
111 17
111 146
111 330
111 332
112 382
112 418
112 425
112 434
112 461
112 474
112 505
112 551
112 555
112 562
112 564
112 565
112 615
112 689
112 47
112 65
112 88
112 313
112 462
113 358
113 374
113 469
113 503
113 511
113 524
113 567
113 622
113 122
113 234
113 324
113 463
114 360
114 476
114 486
114 538
114 586
114 623
114 682
114 686
114 101
114 182
114 464
115 374
115 410
115 440
115 458
115 503
115 628
115 638
115 666
115 669
115 119
115 148
115 198
115 271
115 279
115 465
116 390
116 407
116 422
116 429
116 544
116 558
116 571
116 582
116 617
116 638
116 643
116 644
116 649
116 676
116 172
116 320
116 466
117 369
117 381
117 383
117 416
117 437
117 515
117 520
117 618
117 641
117 657
117 674
117 694
117 40
117 51
117 268
117 467
118 365
118 389
118 551
118 617
118 621
118 643
118 656
118 693
118 36
118 146
118 275
118 307
118 468
119 402
119 424
119 439
119 508
119 553
119 573
119 590
119 617
119 115
119 469
120 356
120 429
120 440
120 506
120 540
120 621
120 630
120 636
120 660
120 698
120 241
120 271
120 470
121 355
121 403
121 467
121 468
121 500
121 525
121 557
121 595
121 598
121 696
121 136
121 165
121 300
121 346
121 471
122 440
122 533
122 567
122 598
122 624
122 627
122 636
122 650
122 663
122 27
122 31
122 81
122 113
122 136
122 172
122 295
122 298
122 339
122 349
122 472
123 392
123 399
123 470
123 639
123 680
123 681
123 687
123 91
123 161
123 345
123 473
124 356
124 373
124 374
124 384
124 387
124 416
124 501
124 516
124 560
124 573
124 615
124 685
124 699
124 191
124 285
124 328
124 474
125 351
125 361
125 365
125 388
125 493
125 505
125 566
125 575
125 648
125 652
125 48
125 75
125 81
125 100
125 104
125 143
125 475
126 375
126 435
126 459
126 499
126 565
126 587
126 58
126 299
126 476
127 434
127 492
127 536
127 537
127 541
127 545
127 548
127 604
127 633
127 642
127 661
127 185
127 253
127 477
128 393
128 400
128 410
128 422
128 455
128 464
128 509
128 537
128 540
128 629
128 150
128 335
128 478
129 352
129 361
129 383
129 413
129 419
129 428
129 440
129 445
129 447
129 450
129 486
129 487
129 493
129 502
129 541
129 594
129 641
129 665
129 76
129 83
129 171
129 479
130 374
130 378
130 453
130 464
130 524
130 545
130 568
130 670
130 29
130 49
130 299
130 480
131 399
131 458
131 465
131 520
131 547
131 566
131 575
131 580
131 591
131 631
131 667
131 109
131 142
131 481
132 370
132 374
132 440
132 539
132 599
132 616
132 678
132 685
132 61
132 108
132 275
132 304
132 482
133 371
133 377
133 403
133 452
133 459
133 480
133 493
133 526
133 541
133 580
133 600
133 653
133 663
133 693
133 35
133 136
133 231
133 335
133 483
134 400
134 463
134 477
134 480
134 582
134 626
134 669
134 690
134 14
134 327
134 484
135 353
135 470
135 536
135 581
135 587
135 613
135 635
135 639
135 660
135 674
135 14
135 64
135 217
135 485
136 404
136 416
136 473
136 537
136 558
136 559
136 605
136 683
136 684
136 693
136 121
136 122
136 133
136 186
136 486
137 403
137 427
137 432
137 442
137 480
137 538
137 590
137 632
137 166
137 172
137 246
137 261
137 312
137 331
137 487
138 352
138 420
138 434
138 448
138 489
138 520
138 537
138 547
138 559
138 562
138 569
138 623
138 632
138 28
138 104
138 160
138 304
138 326
138 488
139 354
139 392
139 393
139 471
139 481
139 537
139 546
139 556
139 565
139 566
139 576
139 600
139 609
139 685
139 91
139 271
139 489
140 373
140 376
140 387
140 391
140 401
140 420
140 435
140 450
140 464
140 480
140 613
140 617
140 619
140 634
140 37
140 50
140 59
140 184
140 187
140 251
140 490
141 350
141 386
141 413
141 421
141 470
141 475
141 493
141 558
141 572
141 576
141 599
141 621
141 640
141 667
141 105
141 177
141 214
141 491
142 360
142 372
142 380
142 395
142 473
142 502
142 514
142 564
142 584
142 589
142 654
142 666
142 676
142 131
142 159
142 492
143 413
143 422
143 441
143 481
143 491
143 496
143 531
143 558
143 577
143 610
143 639
143 677
143 679
143 125
143 156
143 195
143 258
143 284
143 303
143 348
143 493
144 357
144 390
144 401
144 444
144 450
144 483
144 513
144 553
144 560
144 579
144 614
144 615
144 698
144 32
144 33
144 81
144 225
144 285
144 494
145 373
145 381
145 391
145 454
145 459
145 547
145 551
145 559
145 596
145 642
145 673
145 4
145 32
145 50
145 52
145 495
146 373
146 388
146 400
146 409
146 451
146 466
146 468
146 484
146 497
146 516
146 540
146 551
146 564
146 575
146 598
146 637
146 697
146 111
146 118
146 186
146 307
146 315
146 333
146 496
147 353
147 392
147 425
147 442
147 474
147 483
147 485
147 513
147 515
147 517
147 522
147 543
147 638
147 649
147 650
147 686
147 156
147 290
147 497
148 351
148 362
148 411
148 421
148 436
148 497
148 501
148 518
148 525
148 527
148 592
148 596
148 635
148 676
148 28
148 49
148 115
148 267
148 270
148 332
148 498
149 379
149 390
149 473
149 483
149 526
149 589
149 594
149 679
149 48
149 100
149 171
149 228
149 296
149 499
150 353
150 360
150 432
150 444
150 498
150 509
150 511
150 552
150 594
150 630
150 648
150 671
150 694
150 7
150 40
150 110
150 128
150 183
150 500
151 374
151 394
151 401
151 443
151 450
151 460
151 489
151 506
151 527
151 550
151 568
151 569
151 580
151 592
151 628
151 637
151 659
151 174
151 277
151 309
151 501
152 410
152 458
152 465
152 536
152 549
152 579
152 599
152 640
152 671
152 679
152 680
152 209
152 231
152 250
152 502
153 365
153 375
153 399
153 441
153 531
153 551
153 590
153 594
153 637
153 662
153 8
153 30
153 106
153 202
153 251
153 503
154 410
154 416
154 419
154 429
154 481
154 526
154 536
154 616
154 628
154 673
154 674
154 688
154 33
154 41
154 89
154 163
154 275
154 330
154 504
155 373
155 374
155 431
155 435
155 475
155 492
155 535
155 573
155 590
155 596
155 600
155 624
155 645
155 23
155 105
155 313
155 505
156 396
156 402
156 415
156 452
156 477
156 523
156 541
156 549
156 642
156 12
156 43
156 53
156 143
156 147
156 224
156 335
156 506
157 390
157 437
157 453
157 482
157 550
157 551
157 567
157 585
157 621
157 624
157 627
157 677
157 689
157 75
157 168
157 246
157 263
157 280
157 507
158 421
158 562
158 619
158 663
158 75
158 251
158 508
159 361
159 412
159 488
159 492
159 504
159 532
159 535
159 576
159 601
159 614
159 625
159 635
159 643
159 647
159 665
159 142
159 164
159 509
160 371
160 386
160 398
160 421
160 427
160 432
160 457
160 477
160 499
160 513
160 552
160 556
160 602
160 641
160 674
160 689
160 695
160 77
160 89
160 102
160 138
160 311
160 510
161 378
161 412
161 432
161 445
161 453
161 478
161 544
161 553
161 591
161 599
161 627
161 639
161 123
161 186
161 249
161 269
161 511
162 359
162 370
162 408
162 425
162 436
162 459
162 463
162 469
162 470
162 474
162 506
162 509
162 517
162 522
162 572
162 599
162 623
162 693
162 19
162 203
162 300
162 512
163 351
163 376
163 423
163 564
163 581
163 688
163 698
163 48
163 154
163 257
163 272
163 314
163 513
164 358
164 391
164 412
164 421
164 426
164 488
164 528
164 603
164 648
164 682
164 689
164 159
164 229
164 514
165 353
165 361
165 368
165 385
165 396
165 418
165 426
165 430
165 432
165 453
165 495
165 502
165 524
165 561
165 569
165 630
165 637
165 668
165 690
165 15
165 23
165 121
165 210
165 221
165 515
166 429
166 451
166 469
166 488
166 511
166 530
166 576
166 581
166 600
166 610
166 662
166 668
166 687
166 137
166 201
166 203
166 244
166 325
166 516
167 394
167 408
167 478
167 480
167 481
167 499
167 513
167 631
167 651
167 661
167 90
167 517
168 351
168 379
168 393
168 404
168 503
168 546
168 637
168 681
168 684
168 695
168 47
168 90
168 101
168 157
168 256
168 294
168 313
168 321
168 518
169 350
169 371
169 378
169 544
169 561
169 589
169 624
169 631
169 182
169 183
169 187
169 192
169 280
169 292
169 519
170 407
170 425
170 429
170 455
170 478
170 549
170 630
170 666
170 338
170 520
171 385
171 430
171 454
171 456
171 686
171 129
171 149
171 324
171 521
172 388
172 425
172 433
172 467
172 500
172 519
172 549
172 559
172 571
172 596
172 598
172 617
172 638
172 663
172 681
172 684
172 58
172 116
172 122
172 137
172 287
172 522
173 446
173 470
173 508
173 528
173 533
173 553
173 573
173 613
173 19
173 101
173 270
173 311
173 523
174 407
174 422
174 538
174 562
174 595
174 621
174 66
174 151
174 524
175 369
175 449
175 477
175 547
175 550
175 590
175 649
175 686
175 696
175 37
175 76
175 96
175 245
175 312
175 314
175 525
176 361
176 403
176 430
176 462
176 471
176 545
176 565
176 571
176 609
176 697
176 250
176 526
177 357
177 383
177 414
177 482
177 483
177 588
177 589
177 607
177 630
177 634
177 664
177 687
177 688
177 25
177 141
177 220
177 527
178 364
178 365
178 391
178 397
178 460
178 471
178 475
178 534
178 683
178 244
178 264
178 294
178 528
179 353
179 439
179 682
179 99
179 182
179 207
179 275
179 529
180 353
180 413
180 418
180 467
180 469
180 670
180 27
180 110
180 245
180 257
180 530
181 360
181 398
181 436
181 442
181 462
181 479
181 498
181 516
181 520
181 521
181 525
181 543
181 612
181 675
181 677
181 683
181 103
181 206
181 226
181 531
182 379
182 394
182 429
182 446
182 507
182 541
182 628
182 13
182 34
182 114
182 169
182 179
182 330
182 532
183 408
183 449
183 483
183 523
183 565
183 582
183 612
183 619
183 642
183 677
183 691
183 79
183 150
183 169
183 220
183 533
184 406
184 410
184 434
184 441
184 442
184 457
184 476
184 648
184 140
184 248
184 344
184 534
185 356
185 427
185 445
185 458
185 475
185 517
185 527
185 535
185 562
185 586
185 625
185 683
185 52
185 127
185 316
186 423
186 458
186 461
186 490
186 499
186 508
186 542
186 546
186 603
186 608
186 610
186 656
186 43
186 136
186 146
186 161
186 536
187 368
187 390
187 422
187 428
187 437
187 453
187 469
187 488
187 614
187 652
187 665
187 140
187 169
187 278
187 318
187 537
188 373
188 402
188 411
188 495
188 504
188 553
188 567
188 588
188 593
188 641
188 660
188 77
188 105
188 247
188 278
188 538
189 373
189 395
189 405
189 414
189 482
189 494
189 512
189 539
189 549
189 552
189 571
189 639
189 643
189 336
190 385
190 391
190 407
190 469
190 476
190 480
190 489
190 535
190 542
190 559
190 561
190 581
190 615
190 644
190 667
190 0
190 9
190 45
190 194
190 292
190 299
190 540
191 359
191 370
191 479
191 490
191 548
191 559
191 560
191 617
191 656
191 663
191 124
191 290
191 541
192 351
192 352
192 358
192 427
192 441
192 458
192 491
192 512
192 547
192 555
192 612
192 635
192 668
192 169
192 209
192 247
192 270
192 289
192 317
192 542
193 366
193 401
193 405
193 441
193 454
193 470
193 519
193 526
193 535
193 578
193 586
193 619
193 670
193 698
193 68
193 543
194 351
194 354
194 367
194 388
194 405
194 478
194 480
194 533
194 540
194 567
194 577
194 578
194 594
194 595
194 641
194 698
194 34
194 190
194 329
194 544
195 352
195 369
195 405
195 435
195 454
195 488
195 496
195 512
195 553
195 631
195 670
195 8
195 143
195 209
195 227
195 271
195 545
196 366
196 395
196 417
196 440
196 536
196 547
196 555
196 599
196 663
196 70
196 106
196 256
196 546
197 430
197 594
197 627
197 652
197 683
197 72
197 82
197 86
197 106
197 220
197 547
198 360
198 398
198 407
198 439
198 488
198 494
198 516
198 551
198 571
198 578
198 583
198 590
198 648
198 681
198 18
198 115
198 250
198 284
198 548
199 384
199 386
199 412
199 437
199 438
199 486
199 536
199 547
199 612
199 629
199 659
199 686
199 306
199 549
200 352
200 371
200 396
200 473
200 480
200 491
200 527
200 617
200 630
200 81
200 550
201 356
201 368
201 392
201 405
201 415
201 424
201 450
201 463
201 480
201 481
201 488
201 509
201 523
201 590
201 623
201 633
201 655
201 6
201 85
201 166
201 214
201 335
201 551
202 390
202 483
202 506
202 510
202 525
202 554
202 680
202 696
202 100
202 153
202 318
202 346
202 349
202 552
203 362
203 385
203 388
203 489
203 531
203 574
203 587
203 642
203 649
203 663
203 110
203 162
203 166
203 285
203 345
203 553
204 364
204 408
204 441
204 447
204 470
204 491
204 515
204 598
204 617
204 19
204 21
204 554
205 353
205 449
205 463
205 473
205 484
205 491
205 494
205 581
205 670
205 696
205 19
205 99
205 318
205 555
206 479
206 497
206 523
206 526
206 573
206 606
206 650
206 181
206 237
206 268
206 335
206 556
207 396
207 413
207 437
207 578
207 617
207 62
207 179
207 226
207 557
208 354
208 368
208 420
208 435
208 457
208 458
208 471
208 496
208 547
208 618
208 45
208 91
208 256
208 558
209 453
209 498
209 516
209 525
209 529
209 598
209 664
209 668
209 677
209 9
209 152
209 192
209 195
209 261
209 291
209 559
210 353
210 375
210 407
210 412
210 452
210 459
210 534
210 591
210 606
210 39
210 165
210 213
210 329
210 560
211 494
211 530
211 554
211 555
211 564
211 603
211 614
211 625
211 647
211 690
211 7
211 285
211 302
211 344
211 561
212 388
212 422
212 430
212 505
212 541
212 547
212 566
212 599
212 629
212 52
212 291
212 562
213 356
213 447
213 450
213 484
213 553
213 554
213 558
213 616
213 657
213 95
213 210
213 563
214 456
214 477
214 512
214 518
214 530
214 616
214 625
214 636
214 668
214 28
214 141
214 201
214 564
215 561
215 576
215 598
215 622
215 631
215 679
215 689
215 56
215 565
216 351
216 360
216 385
216 425
216 435
216 449
216 491
216 534
216 585
216 618
216 683
216 5
216 17
216 566
217 351
217 358
217 361
217 415
217 443
217 479
217 568
217 573
217 606
217 621
217 682
217 135
217 252
217 567
218 372
218 382
218 395
218 405
218 409
218 410
218 437
218 515
218 555
218 645
218 654
218 278
218 309
218 568
219 392
219 422
219 429
219 443
219 578
219 617
219 664
219 61
219 253
219 325
219 569
220 497
220 499
220 532
220 542
220 618
220 645
220 177
220 183
220 197
220 570
221 374
221 380
221 401
221 405
221 410
221 501
221 586
221 588
221 628
221 657
221 43
221 69
221 165
221 256
221 325
221 341
221 571
222 397
222 399
222 426
222 486
222 525
222 550
222 557
222 623
222 643
222 678
222 16
222 284
222 572
223 365
223 402
223 437
223 452
223 488
223 518
223 626
223 640
223 653
223 692
223 12
223 286
223 293
223 309
223 573
224 370
224 439
224 460
224 472
224 476
224 506
224 512
224 520
224 561
224 562
224 615
224 639
224 156
224 574
225 350
225 503
225 571
225 582
225 617
225 637
225 641
225 642
225 23
225 86
225 144
225 251
225 290
225 575
226 373
226 378
226 418
226 514
226 565
226 54
226 181
226 207
226 322
226 576
227 364
227 369
227 374
227 382
227 412
227 535
227 545
227 555
227 565
227 575
227 577
227 664
227 690
227 691
227 57
227 195
227 269
228 372
228 418
228 439
228 460
228 468
228 485
228 521
228 525
228 530
228 568
228 569
228 586
228 619
228 687
228 690
228 149
228 236
228 275
228 578
229 417
229 440
229 459
229 506
229 516
229 627
229 634
229 644
229 649
229 667
229 164
229 238
229 579
230 381
230 397
230 466
230 513
230 557
230 606
230 641
230 693
230 92
230 289
230 580
231 396
231 400
231 584
231 612
231 102
231 133
231 152
231 327
231 581
232 434
232 469
232 489
232 521
232 527
232 545
232 579
232 607
232 610
232 623
232 664
232 49
232 314
232 582
233 373
233 379
233 386
233 390
233 400
233 402
233 457
233 476
233 556
233 596
233 652
233 663
233 674
233 675
233 3
233 8
233 38
233 275
233 583
234 412
234 431
234 476
234 504
234 569
234 37
234 113
234 318
234 584
235 468
235 473
235 493
235 664
235 676
235 248
235 585
236 445
236 473
236 487
236 490
236 597
236 678
236 59
236 100
236 228
236 586
237 393
237 404
237 416
237 459
237 460
237 471
237 537
237 543
237 556
237 575
237 588
237 650
237 687
237 206
237 348
237 587
238 392
238 471
238 501
238 513
238 515
238 538
238 617
238 694
238 696
238 229
238 255
238 588
239 384
239 430
239 452
239 469
239 491
239 572
239 607
239 635
239 664
239 678
239 292
239 318
239 589
240 360
240 361
240 365
240 369
240 382
240 387
240 396
240 462
240 464
240 497
240 512
240 559
240 565
240 613
240 620
240 629
240 658
240 685
240 39
240 100
240 590
241 386
241 398
241 404
241 549
241 601
241 607
241 78
241 120
241 292
241 591
242 454
242 457
242 471
242 473
242 548
242 557
242 597
242 602
242 646
242 692
242 100
242 300
242 592
243 376
243 414
243 453
243 486
243 487
243 529
243 531
243 549
243 602
243 42
243 341
243 593
244 379
244 451
244 475
244 517
244 529
244 530
244 594
244 608
244 664
244 166
244 178
244 251
245 354
245 441
245 545
245 599
245 634
245 655
245 682
245 175
245 180
245 595
246 352
246 360
246 388
246 401
246 429
246 447
246 458
246 464
246 465
246 469
246 483
246 504
246 527
246 548
246 579
246 584
246 598
246 603
246 694
246 78
246 137
246 157
246 252
246 596
247 425
247 479
247 482
247 496
247 518
247 546
247 576
247 610
247 74
247 86
247 188
247 192
247 597
248 431
248 436
248 499
248 508
248 184
248 235
248 279
248 294
248 598
249 376
249 409
249 453
249 463
249 584
249 586
249 592
249 599
249 619
249 673
249 676
249 67
249 161
250 368
250 452
250 470
250 477
250 570
250 4
250 152
250 176
250 198
250 304
250 600
251 416
251 435
251 501
251 518
251 536
251 616
251 645
251 2
251 76
251 98
251 140
251 153
251 158
251 225
251 244
251 332
251 348
251 601
252 390
252 412
252 415
252 451
252 531
252 532
252 625
252 631
252 639
252 646
252 699
252 74
252 217
252 246
252 312
252 602
253 375
253 377
253 392
253 396
253 401
253 447
253 453
253 459
253 462
253 467
253 477
253 571
253 592
253 626
253 92
253 127
253 219
253 603
254 354
254 362
254 375
254 443
254 475
254 545
254 619
254 658
254 672
254 693
254 85
254 264
254 307
254 308
254 346
254 604
255 366
255 381
255 397
255 416
255 467
255 482
255 497
255 579
255 598
255 611
255 659
255 695
255 696
255 238
255 265
255 605
256 368
256 400
256 409
256 427
256 437
256 457
256 487
256 522
256 526
256 614
256 633
256 659
256 684
256 690
256 67
256 168
256 196
256 208
256 221
256 329
256 606
257 398
257 431
257 460
257 491
257 513
257 595
257 646
257 699
257 163
257 180
257 607
258 363
258 371
258 397
258 398
258 410
258 463
258 491
258 524
258 529
258 589
258 666
258 6
258 22
258 83
258 143
258 341
258 608
259 361
259 368
259 374
259 389
259 395
259 419
259 424
259 434
259 443
259 454
259 477
259 547
259 615
259 624
259 670
259 676
259 680
259 691
259 697
259 104
259 286
259 292
259 609
260 392
260 398
260 443
260 484
260 517
260 548
260 583
260 623
260 640
260 646
260 681
260 692
260 56
260 305
260 345
260 610
261 359
261 369
261 420
261 453
261 481
261 484
261 580
261 627
261 680
261 698
261 137
261 209
261 311
261 611
262 390
262 432
262 441
262 466
262 500
262 573
262 574
262 684
262 687
262 62
262 98
262 612
263 355
263 365
263 368
263 395
263 403
263 415
263 417
263 485
263 505
263 529
263 565
263 607
263 619
263 644
263 654
263 669
263 697
263 23
263 24
263 102
263 157
263 306
263 613
264 355
264 367
264 397
264 449
264 450
264 474
264 487
264 506
264 514
264 580
264 595
264 615
264 645
264 671
264 679
264 683
264 33
264 178
264 254
264 285
264 296
264 349
264 614
265 375
265 509
265 530
265 563
265 630
265 653
265 682
265 255
265 283
265 615
266 391
266 427
266 440
266 501
266 536
266 601
266 611
266 632
266 638
266 649
266 696
266 31
266 54
266 278
266 616
267 351
267 391
267 535
267 557
267 583
267 621
267 650
267 21
267 148
267 292
267 617
268 383
268 398
268 535
268 536
268 538
268 562
268 583
268 618
268 635
268 674
268 676
268 682
268 117
268 206
268 274
268 308
268 338
269 373
269 375
269 380
269 438
269 444
269 472
269 475
269 480
269 490
269 516
269 570
269 621
269 642
269 647
269 654
269 670
269 103
269 161
269 227
269 285
269 333
269 619
270 350
270 369
270 377
270 435
270 514
270 540
270 630
270 676
270 685
270 694
270 148
270 173
270 192
270 620
271 416
271 480
271 501
271 518
271 533
271 545
271 548
271 560
271 673
271 676
271 681
271 697
271 698
271 30
271 66
271 79
271 82
271 115
271 120
271 139
271 195
271 348
271 621
272 352
272 358
272 391
272 587
272 638
272 649
272 678
272 696
272 85
272 92
272 163
272 273
272 279
272 284
272 622
273 414
273 484
273 507
273 613
273 615
273 687
273 697
273 64
273 272
273 349
273 623
274 378
274 401
274 493
274 529
274 554
274 572
274 585
274 647
274 652
274 96
274 110
274 268
274 288
274 624
275 356
275 368
275 390
275 407
275 417
275 433
275 441
275 454
275 535
275 548
275 553
275 645
275 671
275 685
275 686
275 118
275 132
275 154
275 179
275 228
275 233
275 349
275 625
276 415
276 438
276 556
276 570
276 596
276 622
276 647
276 668
276 693
276 58
276 626
277 369
277 383
277 418
277 419
277 427
277 487
277 516
277 521
277 548
277 646
277 660
277 151
277 339
277 627
278 386
278 402
278 494
278 513
278 537
278 640
278 646
278 661
278 672
278 695
278 187
278 188
278 218
278 266
278 310
278 315
278 348
278 628
279 350
279 354
279 376
279 463
279 469
279 487
279 493
279 503
279 556
279 559
279 621
279 631
279 652
279 78
279 80
279 115
279 248
279 272
279 629
280 377
280 387
280 394
280 454
280 469
280 529
280 571
280 575
280 622
280 669
280 685
280 90
280 157
280 169
280 314
280 630
281 446
281 501
281 574
281 602
281 605
281 611
281 620
281 634
281 638
281 639
281 642
281 674
281 685
281 294
281 631
282 363
282 435
282 456
282 495
282 505
282 576
282 650
282 8
282 349
282 632
283 350
283 384
283 407
283 411
283 462
283 488
283 519
283 525
283 576
283 579
283 584
283 614
283 689
283 265
283 297
283 633
284 356
284 429
284 504
284 533
284 632
284 678
284 45
284 61
284 89
284 143
284 198
284 222
284 272
284 291
284 335
284 336
284 634
285 497
285 525
285 555
285 630
285 641
285 647
285 682
285 20
285 68
285 83
285 124
285 144
285 203
285 211
285 264
285 269
285 286
285 635
286 430
286 439
286 442
286 444
286 461
286 501
286 508
286 522
286 645
286 662
286 663
286 688
286 22
286 223
286 259
286 285
286 315
286 636
287 356
287 390
287 437
287 582
287 586
287 588
287 592
287 639
287 667
287 695
287 2
287 43
287 172
287 637
288 358
288 399
288 414
288 467
288 476
288 546
288 602
288 603
288 624
288 630
288 633
288 640
288 660
288 674
288 14
288 95
288 96
288 274
288 340
288 638
289 415
289 416
289 464
289 497
289 513
289 514
289 601
289 608
289 666
289 695
289 192
289 230
289 294
289 304
289 639
290 429
290 583
290 585
290 670
290 695
290 46
290 53
290 98
290 147
290 191
290 225
290 312
290 640
291 355
291 368
291 440
291 465
291 468
291 488
291 585
291 624
291 677
291 681
291 8
291 57
291 209
291 212
291 284
291 641
292 433
292 546
292 598
292 631
292 637
292 169
292 190
292 239
292 241
292 259
292 267
292 642
293 368
293 389
293 419
293 427
293 428
293 439
293 443
293 455
293 522
293 535
293 544
293 566
293 571
293 579
293 613
293 664
293 223
293 318
293 347
293 643
294 354
294 395
294 400
294 461
294 517
294 558
294 627
294 47
294 101
294 102
294 168
294 178
294 248
294 281
294 289
294 644
295 351
295 482
295 490
295 511
295 527
295 552
295 576
295 603
295 638
295 694
295 122
295 645
296 386
296 449
296 472
296 476
296 497
296 523
296 536
296 567
296 583
296 601
296 612
296 634
296 660
296 662
296 10
296 77
296 149
296 264
296 313
296 327
296 646
297 358
297 382
297 397
297 521
297 539
297 576
297 585
297 599
297 637
297 644
297 685
297 699
297 283
297 349
297 647
298 393
298 401
298 421
298 433
298 458
298 505
298 506
298 567
298 568
298 583
298 612
298 651
298 677
298 680
298 692
298 38
298 50
298 122
298 326
298 648
299 439
299 479
299 522
299 608
299 684
299 686
299 108
299 126
299 130
299 190
299 303
299 649
300 427
300 491
300 529
300 585
300 590
300 619
300 643
300 676
300 64
300 67
300 89
300 121
300 162
300 242
300 310
300 650
301 412
301 450
301 469
301 559
301 563
301 586
301 593
301 10
301 54
301 76
301 331
301 349
301 651
302 406
302 434
302 490
302 554
302 616
302 676
302 211
302 314
302 321
302 652
303 369
303 372
303 396
303 412
303 482
303 489
303 564
303 608
303 619
303 143
303 299
303 653
304 398
304 424
304 549
304 555
304 568
304 601
304 621
304 631
304 673
304 54
304 132
304 138
304 250
304 289
304 654
305 385
305 395
305 400
305 410
305 422
305 480
305 513
305 531
305 547
305 578
305 600
305 632
305 644
305 652
305 691
305 88
305 260
305 344
305 655
306 366
306 384
306 461
306 476
306 541
306 567
306 652
306 662
306 51
306 199
306 263
306 322
306 656
307 350
307 379
307 604
307 618
307 624
307 35
307 118
307 146
307 254
307 657
308 370
308 440
308 455
308 542
308 579
308 583
308 586
308 601
308 605
308 621
308 679
308 686
308 691
308 12
308 254
308 268
308 658
309 360
309 365
309 370
309 384
309 407
309 419
309 429
309 445
309 520
309 574
309 652
309 43
309 151
309 218
309 223
309 318
309 659
310 390
310 411
310 462
310 467
310 491
310 502
310 593
310 617
310 643
310 651
310 44
310 86
310 278
310 300
310 337
310 660
311 376
311 423
311 433
311 478
311 543
311 566
311 568
311 574
311 608
311 646
311 160
311 173
311 261
311 319
311 661
312 405
312 410
312 422
312 452
312 460
312 481
312 511
312 521
312 550
312 559
312 571
312 658
312 4
312 31
312 137
312 175
312 252
312 290
312 662
313 423
313 461
313 488
313 501
313 518
313 564
313 570
313 573
313 592
313 623
313 672
313 9
313 38
313 82
313 112
313 155
313 168
313 296
313 663
314 406
314 484
314 485
314 524
314 563
314 564
314 600
314 656
314 163
314 175
314 232
314 280
314 302
314 664
315 385
315 392
315 403
315 453
315 477
315 479
315 576
315 587
315 608
315 680
315 146
315 278
315 286
315 665
316 353
316 438
316 495
316 507
316 515
316 518
316 523
316 565
316 573
316 621
316 185
316 334
316 666
317 380
317 381
317 459
317 479
317 524
317 538
317 568
317 610
317 619
317 636
317 657
317 665
317 689
317 13
317 26
317 192
317 667
318 355
318 371
318 375
318 378
318 397
318 467
318 487
318 501
318 513
318 541
318 549
318 555
318 595
318 607
318 611
318 622
318 659
318 683
318 691
318 187
318 202
318 205
318 234
318 239
318 293
318 309
318 668
319 361
319 364
319 404
319 491
319 511
319 585
319 609
319 311
319 669
320 362
320 371
320 373
320 481
320 512
320 513
320 532
320 593
320 606
320 608
320 629
320 636
320 648
320 658
320 694
320 19
320 116
320 324
320 670
321 392
321 398
321 439
321 466
321 482
321 512
321 535
321 580
321 592
321 615
321 644
321 53
321 90
321 102
321 168
321 302
321 323
321 671
322 379
322 418
322 434
322 464
322 490
322 608
322 657
322 658
322 659
322 678
322 681
322 684
322 685
322 67
322 226
322 306
322 672
323 354
323 355
323 381
323 519
323 591
323 598
323 6
323 321
323 673
324 364
324 398
324 400
324 423
324 506
324 510
324 517
324 523
324 551
324 555
324 592
324 638
324 654
324 105
324 107
324 113
324 171
324 320
324 674
325 396
325 402
325 411
325 413
325 419
325 455
325 497
325 568
325 600
325 643
325 681
325 166
325 219
325 221
325 335
325 344
325 675
326 381
326 412
326 413
326 415
326 422
326 475
326 486
326 550
326 578
326 624
326 675
326 138
326 298
326 676
327 383
327 407
327 411
327 414
327 454
327 478
327 487
327 520
327 547
327 589
327 597
327 652
327 655
327 680
327 687
327 134
327 231
327 296
327 343
327 677
328 410
328 413
328 436
328 494
328 498
328 556
328 583
328 592
328 604
328 666
328 670
328 692
328 53
328 56
328 124
328 337
328 678
329 469
329 476
329 506
329 601
329 626
329 648
329 697
329 63
329 194
329 210
329 256
329 679
330 370
330 384
330 424
330 429
330 516
330 520
330 544
330 555
330 561
330 689
330 111
330 154
330 182
330 680
331 369
331 386
331 415
331 416
331 461
331 503
331 522
331 558
331 642
331 697
331 81
331 97
331 137
331 301
331 681
332 353
332 386
332 394
332 439
332 468
332 476
332 611
332 662
332 676
332 111
332 148
332 251
332 682
333 408
333 417
333 423
333 451
333 452
333 454
333 489
333 509
333 541
333 632
333 657
333 666
333 673
333 30
333 146
333 269
333 683
334 385
334 430
334 449
334 473
334 521
334 555
334 564
334 105
334 316
334 684
335 368
335 403
335 408
335 523
335 577
335 607
335 689
335 128
335 133
335 156
335 201
335 206
335 284
335 325
335 685
336 362
336 393
336 420
336 422
336 436
336 456
336 530
336 544
336 602
336 639
336 667
336 691
336 189
336 284
336 686
337 375
337 480
337 493
337 495
337 520
337 543
337 553
337 564
337 589
337 641
337 655
337 682
337 698
337 86
337 310
337 328
337 687
338 397
338 436
338 490
338 518
338 546
338 554
338 555
338 672
338 686
338 1
338 170
338 268
338 688
339 361
339 403
339 433
339 518
339 561
339 661
339 17
339 32
339 122
339 277
339 689
340 386
340 444
340 501
340 606
340 619
340 624
340 664
340 687
340 42
340 73
340 288
340 690
341 358
341 494
341 498
341 513
341 559
341 577
341 660
341 667
341 24
341 96
341 221
341 243
341 258
341 691
342 441
342 509
342 519
342 537
342 540
342 543
342 594
342 595
342 606
342 613
342 633
342 668
342 689
342 73
342 692
343 356
343 469
343 470
343 503
343 516
343 517
343 533
343 600
343 610
343 654
343 657
343 666
343 4
343 93
343 327
343 693
344 368
344 405
344 407
344 424
344 481
344 626
344 689
344 10
344 18
344 184
344 211
344 305
344 325
344 694
345 495
345 517
345 532
345 599
345 622
345 653
345 89
345 91
345 123
345 203
345 260
345 695
346 411
346 412
346 416
346 426
346 468
346 499
346 529
346 557
346 633
346 673
346 692
346 696
346 22
346 24
346 121
346 202
346 254
346 347
347 377
347 397
347 446
347 504
347 592
347 600
347 608
347 618
347 635
347 682
347 685
347 51
347 69
347 107
347 293
347 346
347 697
348 400
348 445
348 561
348 592
348 661
348 668
348 679
348 694
348 75
348 94
348 100
348 143
348 237
348 251
348 271
348 278
348 698
349 382
349 428
349 467
349 490
349 492
349 539
349 639
349 662
349 17
349 61
349 95
349 99
349 122
349 202
349 264
349 273
349 275
349 282
349 297
349 301
349 699
350 14
350 25
350 35
350 38
350 44
350 57
350 81
350 83
350 87
350 141
350 169
350 225
350 270
350 279
350 283
350 307
350 0
351 21
351 62
351 125
351 148
351 163
351 168
351 192
351 194
351 216
351 217
351 267
351 295
351 1
352 31
352 59
352 129
352 138
352 192
352 195
352 200
352 246
352 272
352 2
353 46
353 102
353 104
353 135
353 147
353 150
353 165
353 179
353 180
353 205
353 210
353 316
353 332
353 3
354 50
354 86
354 98
354 139
354 194
354 208
354 245
354 254
354 279
354 294
354 323
354 4
355 7
355 121
355 263
355 264
355 291
355 318
355 323
355 5
356 11
356 17
356 29
356 70
356 85
356 97
356 107
356 120
356 124
356 185
356 201
356 213
356 275
356 284
356 287
356 343
356 6
357 15
357 30
357 59
357 75
357 102
357 144
357 177
357 7
358 39
358 113
358 164
358 192
358 217
358 272
358 288
358 297
358 341
358 8
359 12
359 30
359 36
359 62
359 99
359 101
359 108
359 162
359 191
359 261
359 9
360 45
360 49
360 50
360 90
360 99
360 114
360 142
360 150
360 181
360 198
360 216
360 240
360 246
360 309
360 10
361 9
361 24
361 30
361 42
361 49
361 95
361 125
361 129
361 159
361 165
361 176
361 217
361 240
361 259
361 319
361 339
361 11
362 51
362 94
362 148
362 203
362 254
362 320
362 336
362 12
363 2
363 26
363 41
363 43
363 51
363 83
363 84
363 258
363 282
363 13
364 43
364 77
364 178
364 204
364 227
364 319
364 324
364 14
365 56
365 106
365 107
365 118
365 125
365 153
365 178
365 223
365 240
365 263
365 309
365 15
366 26
366 71
366 75
366 83
366 93
366 193
366 196
366 255
366 306
366 16
367 40
367 47
367 76
367 87
367 103
367 194
367 264
367 17
368 0
368 30
368 81
368 165
368 187
368 201
368 208
368 250
368 256
368 259
368 263
368 275
368 291
368 293
368 335
368 344
368 18
369 7
369 53
369 68
369 81
369 117
369 175
369 195
369 227
369 240
369 261
369 270
369 277
369 303
369 331
369 19
370 10
370 19
370 64
370 73
370 81
370 95
370 109
370 132
370 162
370 191
370 224
370 308
370 309
370 330
370 20
371 8
371 48
371 77
371 93
371 133
371 160
371 169
371 200
371 258
371 318
371 320
371 21
372 16
372 105
372 108
372 142
372 218
372 228
372 303
372 22
373 51
373 73
373 124
373 140
373 145
373 146
373 155
373 188
373 189
373 226
373 233
373 269
373 320
373 23
374 80
374 82
374 86
374 91
374 113
374 115
374 124
374 130
374 132
374 151
374 155
374 221
374 227
374 259
374 24
375 37
375 42
375 126
375 153
375 210
375 253
375 254
375 265
375 269
375 318
375 337
375 25
376 16
376 25
376 37
376 72
376 140
376 163
376 243
376 249
376 279
376 311
376 26
377 2
377 41
377 46
377 87
377 99
377 133
377 253
377 270
377 280
377 347
377 27
378 18
378 26
378 78
378 83
378 130
378 161
378 169
378 226
378 274
378 318
378 28
379 46
379 149
379 168
379 182
379 233
379 244
379 307
379 322
379 29
380 39
380 81
380 142
380 221
380 269
380 317
380 30
381 38
381 70
381 109
381 117
381 145
381 230
381 255
381 317
381 323
381 326
381 31
382 43
382 91
382 101
382 112
382 218
382 227
382 240
382 297
382 349
382 32
383 21
383 36
383 110
383 117
383 129
383 177
383 268
383 277
383 327
383 33
384 50
384 53
384 73
384 96
384 109
384 124
384 199
384 239
384 283
384 306
384 309
384 330
384 34
385 8
385 27
385 41
385 85
385 88
385 95
385 104
385 165
385 171
385 190
385 203
385 216
385 305
385 315
385 334
385 35
386 7
386 34
386 89
386 141
386 160
386 199
386 233
386 241
386 278
386 296
386 331
386 332
386 340
386 36
387 22
387 36
387 81
387 102
387 124
387 140
387 240
387 280
387 37
388 58
388 61
388 81
388 125
388 146
388 172
388 194
388 203
388 212
388 246
388 38
389 7
389 77
389 107
389 118
389 259
389 293
389 39
390 13
390 36
390 37
390 38
390 87
390 111
390 116
390 144
390 149
390 157
390 187
390 202
390 233
390 252
390 262
390 275
390 287
390 310
390 40
391 4
391 31
391 60
391 73
391 87
391 140
391 145
391 164
391 178
391 190
391 266
391 267
391 272
391 41
392 47
392 123
392 139
392 147
392 201
392 219
392 238
392 253
392 260
392 315
392 321
392 42
393 26
393 38
393 92
393 128
393 139
393 168
393 237
393 298
393 336
393 43
394 111
394 151
394 167
394 182
394 280
394 332
394 44
395 7
395 142
395 189
395 196
395 218
395 259
395 263
395 294
395 305
395 45
396 40
396 82
396 87
396 111
396 156
396 165
396 200
396 207
396 231
396 240
396 253
396 303
396 325
396 46
397 7
397 19
397 42
397 51
397 96
397 101
397 105
397 178
397 222
397 230
397 255
397 258
397 264
397 297
397 318
397 338
397 347
397 47
398 10
398 82
398 89
398 104
398 160
398 181
398 198
398 241
398 257
398 258
398 260
398 268
398 304
398 321
398 324
398 48
399 7
399 21
399 45
399 65
399 86
399 123
399 131
399 153
399 222
399 288
399 49
400 63
400 101
400 128
400 134
400 146
400 231
400 233
400 256
400 294
400 305
400 324
400 348
400 50
401 12
401 45
401 56
401 76
401 78
401 140
401 144
401 151
401 193
401 221
401 246
401 253
401 274
401 298
401 51
402 4
402 89
402 108
402 119
402 156
402 188
402 223
402 233
402 278
402 325
402 52
403 4
403 60
403 67
403 86
403 121
403 133
403 137
403 176
403 263
403 315
403 335
403 339
403 53
404 30
404 51
404 92
404 97
404 136
404 168
404 237
404 241
404 319
404 54
405 14
405 43
405 48
405 97
405 100
405 189
405 193
405 194
405 195
405 201
405 218
405 221
405 312
405 344
405 55
406 79
406 109
406 184
406 302
406 314
406 56
407 32
407 44
407 94
407 116
407 170
407 174
407 190
407 198
407 210
407 275
407 283
407 309
407 327
407 344
407 57
408 59
408 68
408 83
408 98
408 162
408 167
408 183
408 204
408 333
408 335
408 58
409 42
409 53
409 146
409 218
409 249
409 256
409 59
410 33
410 49
410 53
410 90
410 97
410 115
410 128
410 152
410 154
410 184
410 218
410 221
410 258
410 305
410 312
410 328
410 60
411 21
411 66
411 148
411 188
411 283
411 310
411 325
411 327
411 346
411 61
412 29
412 159
412 161
412 164
412 199
412 210
412 227
412 234
412 252
412 301
412 303
412 326
412 346
412 62
413 57
413 129
413 141
413 143
413 180
413 207
413 325
413 326
413 328
413 63
414 3
414 50
414 64
414 73
414 81
414 103
414 177
414 189
414 243
414 273
414 288
414 327
415 5
415 60
415 92
415 108
415 156
415 201
415 217
415 252
415 263
415 276
415 289
415 326
415 331
415 65
416 22
416 24
416 117
416 124
416 136
416 154
416 237
416 251
416 255
416 271
416 289
416 331
416 346
416 66
417 32
417 54
417 196
417 229
417 263
417 275
417 333
417 67
418 24
418 45
418 52
418 105
418 112
418 165
418 180
418 226
418 228
418 277
418 322
418 68
419 8
419 97
419 100
419 108
419 129
419 154
419 259
419 277
419 293
419 309
419 325
419 69
420 20
420 36
420 56
420 80
420 87
420 138
420 140
420 208
420 261
420 336
420 70
421 10
421 41
421 76
421 141
421 148
421 158
421 160
421 164
421 298
421 71
422 27
422 71
422 89
422 106
422 116
422 128
422 143
422 174
422 187
422 212
422 219
422 305
422 312
422 326
422 336
422 72
423 26
423 52
423 163
423 186
423 311
423 313
423 324
423 333
423 73
424 24
424 63
424 119
424 201
424 259
424 304
424 330
424 344
424 74
425 45
425 76
425 112
425 147
425 162
425 170
425 172
425 216
425 247
425 75
426 13
426 19
426 35
426 39
426 61
426 164
426 165
426 222
426 346
426 76
427 29
427 52
427 61
427 89
427 137
427 160
427 185
427 192
427 256
427 266
427 277
427 293
427 300
427 77
428 6
428 12
428 38
428 129
428 187
428 293
428 349
428 78
429 20
429 25
429 39
429 47
429 66
429 79
429 101
429 103
429 108
429 116
429 120
429 154
429 166
429 170
429 182
429 219
429 246
429 284
429 290
429 309
429 330
430 36
430 42
430 165
430 171
430 176
430 197
430 212
430 239
430 286
430 334
430 80
431 90
431 155
431 234
431 248
431 257
431 81
432 11
432 12
432 27
432 89
432 95
432 96
432 137
432 150
432 160
432 161
432 165
432 262
432 82
433 44
433 59
433 77
433 99
433 172
433 275
433 292
433 298
433 311
433 339
433 83
434 2
434 62
434 100
434 110
434 112
434 127
434 138
434 184
434 232
434 259
434 302
434 322
434 84
435 35
435 46
435 56
435 126
435 140
435 155
435 195
435 208
435 216
435 251
435 270
435 282
435 85
436 40
436 87
436 148
436 162
436 181
436 248
436 328
436 336
436 338
436 86
437 18
437 26
437 91
437 109
437 117
437 157
437 187
437 199
437 207
437 218
437 223
437 256
437 287
437 87
438 17
438 21
438 33
438 73
438 89
438 199
438 269
438 276
438 316
438 88
439 19
439 107
439 119
439 179
439 198
439 224
439 228
439 286
439 293
439 299
439 321
439 332
439 89
440 21
440 28
440 51
440 87
440 115
440 120
440 122
440 129
440 132
440 196
440 229
440 266
440 291
440 308
440 90
441 0
441 59
441 104
441 143
441 153
441 184
441 192
441 193
441 204
441 245
441 262
441 275
441 342
441 91
442 6
442 18
442 29
442 51
442 103
442 137
442 147
442 181
442 184
442 286
442 92
443 19
443 25
443 35
443 48
443 151
443 217
443 219
443 254
443 259
443 260
443 293
443 93
444 68
444 83
444 96
444 100
444 144
444 150
444 269
444 286
444 340
444 94
445 85
445 129
445 161
445 185
445 236
445 309
445 348
445 95
446 15
446 62
446 106
446 173
446 182
446 281
446 347
446 96
447 14
447 41
447 67
447 129
447 204
447 213
447 246
447 253
447 97
448 17
448 27
448 28
448 138
448 98
449 8
449 66
449 73
449 94
449 175
449 183
449 205
449 216
449 264
449 296
449 334
449 99
450 38
450 55
450 104
450 129
450 140
450 144
450 151
450 201
450 213
450 264
450 301
450 100
451 65
451 101
451 146
451 166
451 244
451 252
451 333
452 110
452 133
452 156
452 210
452 223
452 239
452 250
452 312
452 333
452 102
453 16
453 26
453 50
453 68
453 72
453 98
453 130
453 157
453 161
453 165
453 187
453 209
453 243
453 249
453 253
453 261
453 315
453 103
454 21
454 93
454 145
454 171
454 193
454 195
454 242
454 259
454 275
454 280
454 327
454 333
454 104
455 26
455 76
455 92
455 128
455 170
455 293
455 308
455 325
455 105
456 30
456 32
456 36
456 171
456 214
456 282
456 336
456 106
457 4
457 78
457 95
457 160
457 184
457 208
457 233
457 242
457 256
457 107
458 1
458 5
458 11
458 12
458 16
458 29
458 53
458 77
458 81
458 115
458 131
458 152
458 185
458 186
458 192
458 208
458 246
458 298
458 108
459 21
459 31
459 51
459 75
459 126
459 133
459 145
459 162
459 210
459 229
459 237
459 253
459 317
459 109
460 4
460 102
460 151
460 178
460 224
460 228
460 237
460 257
460 312
460 110
461 111
461 112
461 186
461 286
461 294
461 306
461 313
461 331
462 46
462 80
462 86
462 88
462 176
462 181
462 240
462 253
462 283
462 310
462 112
463 32
463 70
463 134
463 162
463 201
463 205
463 249
463 258
463 279
463 113
464 28
464 108
464 128
464 130
464 140
464 240
464 246
464 289
464 322
464 114
465 11
465 45
465 89
465 105
465 131
465 152
465 246
465 291
465 115
466 43
466 111
466 146
466 230
466 262
466 321
466 116
467 49
467 58
467 95
467 121
467 172
467 180
467 253
467 255
467 288
467 310
467 318
467 349
467 117
468 29
468 35
468 121
468 146
468 228
468 235
468 291
468 332
468 346
468 118
469 10
469 48
469 113
469 162
469 166
469 180
469 187
469 190
469 232
469 239
469 246
469 279
469 280
469 301
469 329
469 343
469 119
470 24
470 51
470 88
470 123
470 135
470 141
470 162
470 173
470 193
470 204
470 250
470 343
470 120
471 1
471 59
471 102
471 139
471 176
471 178
471 208
471 237
471 238
471 242
471 121
472 61
472 62
472 76
472 85
472 224
472 269
472 296
472 122
473 77
473 78
473 136
473 142
473 149
473 200
473 205
473 235
473 236
473 242
473 334
473 123
474 13
474 24
474 112
474 147
474 162
474 264
474 124
475 4
475 54
475 141
475 155
475 178
475 185
475 244
475 254
475 269
475 326
475 125
476 29
476 90
476 103
476 111
476 114
476 184
476 190
476 224
476 233
476 234
476 288
476 296
476 306
476 329
476 332
476 126
477 56
477 80
477 97
477 134
477 156
477 160
477 175
477 214
477 250
477 253
477 259
477 315
477 127
478 12
478 15
478 31
478 79
478 161
478 167
478 170
478 194
478 311
478 327
478 128
479 68
479 88
479 181
479 191
479 206
479 217
479 247
479 299
479 315
479 317
479 129
480 0
480 13
480 38
480 39
480 40
480 56
480 85
480 133
480 134
480 137
480 140
480 167
480 190
480 194
480 200
480 201
480 269
480 271
480 305
480 337
480 130
481 61
481 108
481 139
481 143
481 154
481 167
481 201
481 261
481 312
481 320
481 344
481 131
482 2
482 20
482 33
482 157
482 177
482 189
482 247
482 255
482 295
482 303
482 321
482 132
483 12
483 22
483 68
483 71
483 73
483 77
483 103
483 144
483 147
483 149
483 177
483 183
483 202
483 246
483 133
484 55
484 100
484 146
484 205
484 213
484 260
484 261
484 273
484 314
484 134
485 10
485 35
485 40
485 55
485 67
485 147
485 228
485 263
485 314
485 135
486 1
486 32
486 34
486 40
486 79
486 91
486 114
486 129
486 199
486 222
486 243
486 326
486 136
487 6
487 8
487 10
487 41
487 45
487 46
487 129
487 236
487 243
487 256
487 264
487 277
487 279
487 318
487 327
487 137
488 38
488 62
488 159
488 164
488 166
488 187
488 195
488 198
488 201
488 223
488 283
488 291
488 313
488 138
489 1
489 43
489 64
489 138
489 151
489 190
489 203
489 232
489 303
489 333
489 139
490 2
490 16
490 38
490 186
490 191
490 236
490 269
490 295
490 302
490 322
490 338
490 349
490 140
491 8
491 68
491 143
491 192
491 200
491 204
491 205
491 216
491 239
491 257
491 258
491 300
491 310
491 319
491 141
492 76
492 110
492 127
492 155
492 159
492 349
492 142
493 69
493 125
493 129
493 133
493 141
493 235
493 274
493 279
493 337
493 143
494 22
494 63
494 89
494 106
494 189
494 198
494 205
494 211
494 278
494 328
494 341
494 144
495 49
495 165
495 188
495 282
495 316
495 337
495 345
495 145
496 25
496 51
496 143
496 195
496 208
496 247
496 146
497 80
497 87
497 146
497 148
497 206
497 220
497 240
497 255
497 285
497 289
497 296
497 325
497 147
498 48
498 49
498 62
498 76
498 150
498 181
498 209
498 328
498 341
498 148
499 1
499 8
499 16
499 35
499 43
499 65
499 72
499 107
499 126
499 160
499 167
499 186
499 220
499 248
499 346
499 149
500 14
500 66
500 121
500 172
500 262
500 150
501 20
501 39
501 65
501 96
501 124
501 148
501 221
501 238
501 251
501 266
501 271
501 281
501 286
501 313
501 318
501 340
501 151
502 18
502 47
502 51
502 86
502 129
502 142
502 165
502 310
502 152
503 75
503 79
503 94
503 113
503 115
503 168
503 225
503 279
503 331
503 343
503 153
504 18
504 37
504 70
504 79
504 98
504 159
504 188
504 234
504 246
504 284
504 347
504 154
505 20
505 50
505 53
505 71
505 112
505 125
505 212
505 263
505 282
505 298
505 155
506 50
506 55
506 76
506 86
506 120
506 151
506 162
506 202
506 224
506 229
506 264
506 298
506 324
506 329
506 156
507 1
507 50
507 182
507 273
507 316
507 157
508 40
508 48
508 66
508 78
508 92
508 101
508 119
508 173
508 186
508 248
508 286
508 158
509 37
509 61
509 72
509 77
509 128
509 150
509 162
509 201
509 265
509 333
509 342
509 159
510 37
510 202
510 324
510 160
511 40
511 71
511 113
511 150
511 166
511 295
511 312
511 319
511 161
512 42
512 44
512 189
512 192
512 195
512 214
512 224
512 240
512 320
512 321
512 162
513 5
513 12
513 75
513 93
513 144
513 147
513 160
513 167
513 230
513 238
513 257
513 278
513 289
513 305
513 318
513 320
513 341
513 163
514 40
514 45
514 78
514 101
514 142
514 226
514 264
514 270
514 289
514 164
515 61
515 69
515 75
515 97
515 117
515 147
515 204
515 218
515 238
515 316
515 165
516 59
516 70
516 90
516 124
516 146
516 181
516 198
516 209
516 229
516 269
516 277
516 330
516 343
516 166
517 37
517 40
517 51
517 78
517 147
517 162
517 185
517 244
517 260
517 294
517 324
517 343
517 345
517 167
518 30
518 35
518 42
518 46
518 64
518 96
518 98
518 111
518 148
518 214
518 223
518 247
518 251
518 271
518 313
518 316
518 338
518 339
518 168
519 11
519 172
519 193
519 283
519 323
519 342
519 169
520 36
520 49
520 107
520 109
520 117
520 131
520 138
520 181
520 224
520 309
520 327
520 330
520 337
520 170
521 62
521 102
521 181
521 228
521 232
521 277
521 297
521 312
521 334
521 171
522 3
522 48
522 101
522 147
522 162
522 256
522 286
522 293
522 299
522 331
522 172
523 32
523 46
523 55
523 63
523 87
523 156
523 183
523 201
523 206
523 296
523 316
523 324
523 335
523 173
524 55
524 113
524 130
524 165
524 258
524 314
524 317
524 174
525 7
525 18
525 49
525 69
525 70
525 86
525 121
525 148
525 181
525 202
525 209
525 222
525 228
525 283
525 285
525 175
526 44
526 61
526 83
526 101
526 133
526 149
526 154
526 193
526 206
526 256
526 176
527 18
527 80
527 88
527 148
527 151
527 185
527 200
527 232
527 246
527 295
527 177
528 39
528 50
528 56
528 103
528 164
528 173
528 178
529 38
529 209
529 243
529 244
529 258
529 263
529 274
529 280
529 300
529 346
529 179
530 23
530 77
530 166
530 211
530 214
530 228
530 244
530 265
530 336
530 180
531 17
531 26
531 42
531 47
531 143
531 153
531 203
531 243
531 252
531 305
531 181
532 59
532 65
532 159
532 220
532 252
532 320
532 345
532 182
533 0
533 102
533 122
533 173
533 194
533 271
533 284
533 343
533 183
534 12
534 29
534 54
534 178
534 210
534 216
534 184
535 155
535 159
535 185
535 190
535 193
535 227
535 267
535 268
535 275
535 293
535 321
536 20
536 43
536 127
536 135
536 152
536 154
536 196
536 199
536 251
536 266
536 268
536 296
536 186
537 88
537 100
537 127
537 128
537 136
537 138
537 139
537 237
537 278
537 342
537 187
538 5
538 16
538 53
538 64
538 79
538 80
538 98
538 114
538 137
538 174
538 238
538 268
538 317
538 188
539 24
539 45
539 61
539 80
539 85
539 107
539 132
539 189
539 297
539 349
540 23
540 29
540 44
540 64
540 66
540 77
540 96
540 120
540 128
540 146
540 194
540 270
540 342
540 190
541 127
541 129
541 133
541 156
541 182
541 212
541 306
541 318
541 333
541 191
542 22
542 39
542 40
542 47
542 48
542 93
542 186
542 190
542 220
542 308
542 192
543 26
543 92
543 102
543 108
543 147
543 181
543 237
543 311
543 337
543 342
543 193
544 25
544 27
544 46
544 50
544 104
544 116
544 161
544 169
544 293
544 330
544 336
544 194
545 16
545 34
545 67
545 78
545 93
545 106
545 127
545 130
545 176
545 227
545 232
545 245
545 254
545 271
545 195
546 28
546 139
546 168
546 186
546 247
546 288
546 292
546 338
546 196
547 29
547 78
547 131
547 138
547 145
547 175
547 192
547 196
547 199
547 208
547 212
547 259
547 305
547 327
547 197
548 78
548 82
548 89
548 127
548 191
548 242
548 246
548 260
548 271
548 275
548 277
548 198
549 14
549 72
549 152
549 156
549 170
549 172
549 189
549 241
549 243
549 304
549 318
549 199
550 44
550 52
550 86
550 151
550 157
550 175
550 222
550 312
550 326
550 200
551 9
551 11
551 38
551 84
551 96
551 98
551 108
551 112
551 118
551 145
551 146
551 153
551 157
551 198
551 324
551 201
552 4
552 6
552 10
552 25
552 39
552 58
552 91
552 150
552 160
552 189
552 295
552 202
553 14
553 25
553 45
553 80
553 95
553 119
553 144
553 161
553 173
553 188
553 195
553 213
553 275
553 337
553 203
554 39
554 65
554 68
554 106
554 202
554 211
554 213
554 274
554 302
554 338
554 204
555 46
555 63
555 102
555 112
555 192
555 196
555 211
555 218
555 227
555 285
555 304
555 318
555 324
555 330
555 334
555 338
555 205
556 35
556 60
556 94
556 139
556 160
556 233
556 237
556 276
556 279
556 328
556 206
557 36
557 99
557 121
557 222
557 230
557 242
557 267
557 346
557 207
558 10
558 21
558 56
558 59
558 93
558 116
558 136
558 141
558 143
558 213
558 294
558 331
558 208
559 23
559 71
559 79
559 105
559 136
559 138
559 145
559 172
559 190
559 191
559 240
559 279
559 301
559 312
559 341
559 209
560 42
560 124
560 144
560 191
560 271
560 210
561 8
561 60
561 63
561 165
561 169
561 190
561 215
561 224
561 330
561 339
561 348
561 211
562 46
562 70
562 80
562 86
562 112
562 138
562 158
562 174
562 185
562 224
562 268
562 212
563 65
563 265
563 301
563 314
563 213
564 63
564 99
564 112
564 142
564 146
564 163
564 211
564 303
564 313
564 314
564 334
564 337
564 214
565 5
565 7
565 20
565 43
565 47
565 112
565 126
565 139
565 176
565 183
565 226
565 227
565 240
565 263
565 316
565 215
566 82
566 125
566 131
566 139
566 212
566 293
566 311
566 216
567 12
567 113
567 122
567 157
567 188
567 194
567 296
567 298
567 306
567 217
568 2
568 16
568 39
568 60
568 67
568 70
568 130
568 151
568 217
568 228
568 298
568 304
568 311
568 317
568 325
568 218
569 79
569 138
569 151
569 165
569 228
569 234
569 219
570 38
570 81
570 94
570 250
570 269
570 276
570 313
570 220
571 8
571 24
571 49
571 98
571 102
571 116
571 172
571 176
571 189
571 198
571 225
571 253
571 280
571 293
571 312
571 221
572 66
572 71
572 141
572 162
572 239
572 274
572 222
573 18
573 56
573 66
573 68
573 119
573 124
573 155
573 173
573 206
573 217
573 262
573 313
573 316
573 223
574 101
574 203
574 262
574 281
574 309
574 311
574 224
575 84
575 125
575 131
575 146
575 227
575 237
575 280
575 225
576 6
576 21
576 45
576 139
576 141
576 159
576 166
576 215
576 247
576 282
576 283
576 295
576 297
576 315
576 226
577 79
577 103
577 143
577 194
577 227
577 335
577 341
578 89
578 193
578 194
578 198
578 207
578 219
578 305
578 326
578 228
579 9
579 10
579 21
579 77
579 144
579 152
579 232
579 246
579 255
579 283
579 293
579 308
579 229
580 100
580 102
580 111
580 131
580 133
580 151
580 261
580 264
580 321
580 230
581 45
581 47
581 75
581 135
581 163
581 166
581 190
581 205
581 231
582 9
582 39
582 58
582 82
582 116
582 134
582 183
582 225
582 287
582 232
583 31
583 74
583 86
583 198
583 260
583 267
583 268
583 290
583 296
583 298
583 308
583 328
583 233
584 18
584 20
584 25
584 35
584 45
584 73
584 142
584 231
584 246
584 249
584 283
584 234
585 9
585 16
585 100
585 108
585 157
585 216
585 274
585 290
585 291
585 297
585 300
585 319
585 235
586 10
586 26
586 33
586 35
586 42
586 114
586 185
586 193
586 221
586 228
586 249
586 287
586 301
586 308
586 236
587 16
587 51
587 54
587 126
587 135
587 203
587 272
587 315
587 237
588 3
588 12
588 47
588 177
588 188
588 221
588 237
588 287
588 238
589 10
589 26
589 30
589 40
589 50
589 63
589 67
589 142
589 149
589 169
589 177
589 258
589 327
589 337
589 239
590 16
590 18
590 81
590 106
590 119
590 137
590 153
590 155
590 175
590 198
590 201
590 300
590 240
591 3
591 13
591 18
591 28
591 37
591 51
591 74
591 81
591 131
591 161
591 210
591 323
591 241
592 71
592 89
592 95
592 109
592 148
592 151
592 249
592 253
592 287
592 313
592 321
592 324
592 328
592 347
592 348
592 242
593 29
593 77
593 82
593 188
593 301
593 310
593 320
593 243
594 91
594 129
594 149
594 150
594 153
594 194
594 197
594 244
594 342
595 75
595 121
595 174
595 194
595 257
595 264
595 318
595 342
595 245
596 26
596 48
596 102
596 145
596 148
596 155
596 172
596 233
596 276
596 246
597 1
597 18
597 236
597 242
597 327
597 247
598 74
598 121
598 122
598 146
598 172
598 204
598 209
598 215
598 246
598 255
598 292
598 323
598 248
599 16
599 29
599 59
599 61
599 82
599 84
599 95
599 132
599 141
599 152
599 161
599 162
599 196
599 212
599 245
599 249
599 297
599 345
600 69
600 90
600 103
600 104
600 133
600 139
600 155
600 166
600 305
600 314
600 325
600 343
600 347
600 250
601 44
601 92
601 159
601 241
601 266
601 289
601 296
601 304
601 308
601 329
601 251
602 18
602 32
602 50
602 75
602 79
602 160
602 242
602 243
602 281
602 288
602 336
602 252
603 11
603 48
603 79
603 98
603 164
603 186
603 211
603 246
603 288
603 295
603 253
604 25
604 92
604 127
604 307
604 328
604 254
605 41
605 44
605 57
605 65
605 81
605 136
605 281
605 308
605 255
606 0
606 3
606 17
606 44
606 46
606 57
606 206
606 210
606 217
606 230
606 320
606 340
606 342
606 256
607 40
607 70
607 94
607 177
607 232
607 239
607 241
607 263
607 318
607 335
607 257
608 3
608 68
608 97
608 102
608 106
608 186
608 244
608 289
608 299
608 303
608 311
608 315
608 320
608 322
608 347
608 258
609 1
609 18
609 39
609 48
609 54
609 71
609 91
609 139
609 176
609 319
609 259
610 4
610 96
610 143
610 166
610 186
610 232
610 247
610 317
610 343
610 260
611 36
611 100
611 255
611 266
611 281
611 318
611 332
611 261
612 181
612 183
612 192
612 199
612 231
612 296
612 298
612 262
613 3
613 35
613 51
613 60
613 67
613 71
613 80
613 105
613 135
613 140
613 173
613 240
613 273
613 293
613 342
613 263
614 103
614 144
614 159
614 187
614 211
614 256
614 283
614 264
615 30
615 44
615 55
615 112
615 124
615 144
615 190
615 224
615 259
615 264
615 273
615 321
615 265
616 1
616 10
616 72
616 87
616 90
616 100
616 132
616 154
616 213
616 214
616 251
616 302
616 266
617 67
617 89
617 116
617 118
617 119
617 140
617 172
617 191
617 200
617 204
617 207
617 219
617 225
617 238
617 310
617 267
618 8
618 10
618 47
618 117
618 208
618 216
618 220
618 268
618 307
618 347
619 34
619 140
619 158
619 183
619 193
619 228
619 249
619 254
619 263
619 300
619 303
619 317
619 340
619 269
620 1
620 2
620 23
620 66
620 67
620 240
620 281
620 270
621 50
621 118
621 120
621 141
621 157
621 174
621 217
621 267
621 269
621 279
621 304
621 308
621 316
621 271
622 24
622 54
622 76
622 78
622 113
622 215
622 276
622 280
622 318
622 345
622 272
623 65
623 74
623 78
623 114
623 138
623 162
623 201
623 222
623 232
623 260
623 313
623 273
624 30
624 72
624 94
624 122
624 155
624 157
624 169
624 259
624 288
624 291
624 307
624 326
624 340
624 274
625 37
625 53
625 74
625 105
625 159
625 185
625 211
625 214
625 252
625 275
626 55
626 58
626 62
626 98
626 134
626 223
626 253
626 329
626 344
626 276
627 22
627 51
627 105
627 122
627 157
627 161
627 197
627 229
627 261
627 294
627 277
628 8
628 17
628 20
628 70
628 74
628 115
628 151
628 154
628 182
628 221
628 278
629 12
629 16
629 128
629 199
629 212
629 240
629 320
629 279
630 79
630 91
630 120
630 150
630 165
630 170
630 177
630 200
630 265
630 270
630 285
630 288
630 280
631 40
631 75
631 97
631 131
631 167
631 169
631 195
631 215
631 252
631 279
631 292
631 304
631 281
632 50
632 107
632 137
632 138
632 266
632 284
632 305
632 333
632 282
633 60
633 73
633 89
633 103
633 127
633 201
633 256
633 288
633 342
633 346
633 283
634 22
634 140
634 177
634 229
634 245
634 281
634 296
634 284
635 69
635 81
635 135
635 148
635 159
635 192
635 239
635 268
635 347
635 285
636 70
636 120
636 122
636 214
636 317
636 320
636 286
637 78
637 94
637 97
637 146
637 151
637 153
637 165
637 168
637 225
637 292
637 297
637 287
638 24
638 53
638 110
638 115
638 116
638 147
638 172
638 266
638 272
638 281
638 295
638 324
638 288
639 8
639 41
639 60
639 72
639 123
639 135
639 143
639 161
639 189
639 224
639 252
639 281
639 287
639 336
639 349
639 289
640 28
640 43
640 100
640 101
640 141
640 152
640 223
640 260
640 278
640 288
640 290
641 55
641 117
641 129
641 160
641 188
641 194
641 225
641 230
641 285
641 337
641 291
642 34
642 77
642 95
642 127
642 145
642 156
642 183
642 203
642 225
642 269
642 281
642 331
642 292
643 3
643 28
643 111
643 116
643 118
643 159
643 189
643 222
643 300
643 310
643 325
643 293
644 14
644 116
644 190
644 229
644 263
644 297
644 305
644 321
644 294
645 10
645 63
645 78
645 109
645 155
645 218
645 220
645 251
645 264
645 275
645 286
645 295
646 2
646 8
646 94
646 103
646 111
646 242
646 252
646 257
646 260
646 277
646 278
646 311
646 296
647 0
647 159
647 211
647 269
647 274
647 276
647 285
647 297
648 39
648 68
648 125
648 150
648 164
648 184
648 198
648 320
648 329
648 298
649 18
649 83
649 92
649 98
649 110
649 116
649 147
649 175
649 203
649 229
649 266
649 272
649 299
650 18
650 38
650 40
650 122
650 147
650 206
650 237
650 267
650 282
650 300
651 40
651 76
651 167
651 298
651 310
651 301
652 9
652 14
652 125
652 187
652 197
652 233
652 274
652 279
652 305
652 306
652 309
652 327
652 302
653 36
653 85
653 86
653 133
653 223
653 265
653 345
653 303
654 32
654 60
654 142
654 218
654 263
654 269
654 324
654 343
654 304
655 38
655 70
655 90
655 92
655 201
655 245
655 327
655 337
655 305
656 69
656 118
656 186
656 191
656 314
656 306
657 24
657 53
657 56
657 117
657 213
657 221
657 317
657 322
657 333
657 343
657 307
658 9
658 63
658 76
658 240
658 254
658 312
658 320
658 322
658 308
659 31
659 64
659 85
659 92
659 107
659 109
659 151
659 199
659 255
659 256
659 318
659 322
659 309
660 9
660 46
660 89
660 100
660 120
660 135
660 188
660 277
660 288
660 296
660 341
660 310
661 30
661 46
661 109
661 127
661 167
661 278
661 339
661 348
661 311
662 4
662 8
662 19
662 23
662 38
662 70
662 153
662 166
662 286
662 296
662 306
662 332
662 349
662 312
663 6
663 13
663 27
663 30
663 36
663 58
663 102
663 122
663 133
663 158
663 172
663 191
663 196
663 203
663 233
663 286
663 313
664 35
664 75
664 102
664 111
664 177
664 209
664 219
664 227
664 232
664 235
664 239
664 244
664 293
664 340
664 314
665 7
665 40
665 64
665 86
665 88
665 92
665 129
665 159
665 187
665 317
665 315
666 24
666 67
666 115
666 142
666 170
666 258
666 289
666 328
666 333
666 343
666 316
667 131
667 141
667 190
667 229
667 287
667 336
667 341
667 317
668 0
668 36
668 165
668 166
668 192
668 209
668 214
668 276
668 342
668 348
668 318
669 24
669 57
669 68
669 115
669 134
669 263
669 280
669 319
670 51
670 59
670 130
670 180
670 193
670 195
670 205
670 259
670 269
670 290
670 328
670 320
671 5
671 25
671 46
671 54
671 57
671 150
671 152
671 264
671 275
671 321
672 20
672 56
672 66
672 254
672 278
672 313
672 338
672 322
673 15
673 32
673 46
673 53
673 99
673 145
673 154
673 249
673 271
673 304
673 333
673 346
673 323
674 26
674 65
674 79
674 108
674 117
674 135
674 154
674 160
674 233
674 268
674 281
674 288
674 324
675 54
675 95
675 181
675 233
675 326
675 325
676 5
676 90
676 116
676 142
676 148
676 235
676 249
676 259
676 268
676 270
676 271
676 300
676 302
676 332
676 326
677 11
677 50
677 60
677 143
677 157
677 181
677 183
677 209
677 291
677 298
677 327
678 10
678 17
678 132
678 222
678 236
678 239
678 272
678 284
678 322
678 328
679 143
679 149
679 152
679 215
679 264
679 308
679 348
679 329
680 23
680 46
680 65
680 77
680 85
680 123
680 152
680 202
680 259
680 261
680 298
680 315
680 327
680 330
681 13
681 29
681 92
681 111
681 123
681 168
681 172
681 198
681 260
681 271
681 291
681 322
681 325
681 331
682 58
682 105
682 114
682 164
682 179
682 217
682 245
682 265
682 268
682 285
682 337
682 347
682 332
683 3
683 136
683 178
683 181
683 185
683 197
683 216
683 264
683 318
683 333
684 14
684 17
684 32
684 52
684 76
684 136
684 168
684 172
684 256
684 262
684 299
684 322
684 334
685 51
685 68
685 124
685 132
685 139
685 240
685 270
685 275
685 280
685 281
685 297
685 322
685 347
685 335
686 15
686 35
686 44
686 73
686 94
686 99
686 114
686 147
686 171
686 175
686 199
686 275
686 299
686 308
686 338
686 336
687 12
687 104
687 123
687 166
687 177
687 228
687 237
687 262
687 273
687 327
687 340
687 337
688 7
688 33
688 47
688 53
688 58
688 61
688 154
688 163
688 177
688 286
688 338
689 37
689 46
689 52
689 54
689 112
689 157
689 160
689 164
689 215
689 283
689 317
689 330
689 335
689 342
689 344
689 339
690 79
690 97
690 100
690 134
690 165
690 211
690 227
690 228
690 256
690 340
691 18
691 25
691 54
691 92
691 98
691 183
691 227
691 259
691 305
691 308
691 318
691 336
691 341
692 14
692 223
692 242
692 260
692 298
692 328
692 346
692 342
693 29
693 53
693 63
693 65
693 118
693 133
693 136
693 162
693 230
693 254
693 276
693 343
694 61
694 117
694 150
694 238
694 246
694 270
694 295
694 320
694 348
694 344
695 33
695 80
695 82
695 160
695 168
695 255
695 278
695 287
695 289
695 290
695 345
696 19
696 52
696 72
696 90
696 121
696 175
696 202
696 205
696 238
696 255
696 266
696 272
696 346
697 22
697 51
697 102
697 108
697 146
697 176
697 259
697 263
697 271
697 273
697 329
697 331
697 347
698 21
698 28
698 120
698 144
698 163
698 193
698 194
698 261
698 271
698 337
698 348
699 1
699 13
699 91
699 96
699 124
699 252
699 257
699 297
699 349
