  600   4374
0 323
0 451
0 533
0 581
0 599
0 44
0 54
0 64
0 81
0 94
0 97
0 128
0 152
0 176
0 181
0 185
0 197
0 230
0 238
0 250
0 269
0 281
0 285
0 291
0 300
1 505
1 576
1 585
1 23
1 42
1 50
1 76
1 101
1 138
1 148
1 301
2 320
2 376
2 431
2 467
2 544
2 597
2 10
2 49
2 98
2 112
2 133
2 140
2 141
2 176
2 207
2 232
2 235
2 276
2 302
3 303
3 314
3 343
3 388
3 531
3 26
3 31
3 46
3 60
3 85
3 90
3 112
3 125
3 131
3 179
3 192
3 215
3 224
3 230
3 241
3 278
3 289
4 358
4 375
4 436
4 523
4 539
4 40
4 65
4 68
4 74
4 142
4 152
4 182
4 194
4 213
4 221
4 261
4 304
5 366
5 413
5 497
5 526
5 544
5 20
5 73
5 146
5 176
5 192
5 239
5 240
5 250
5 294
5 305
6 343
6 421
6 434
6 458
6 472
6 494
6 514
6 12
6 28
6 51
6 52
6 60
6 66
6 70
6 114
6 129
6 137
6 157
6 172
6 178
6 182
6 186
6 191
6 223
6 233
6 259
6 283
6 297
6 306
7 340
7 493
7 511
7 539
7 542
7 593
7 13
7 59
7 60
7 83
7 112
7 117
7 126
7 138
7 169
7 190
7 203
7 207
7 224
7 273
7 299
7 307
8 371
8 464
8 488
8 12
8 33
8 84
8 123
8 129
8 162
8 215
8 242
8 248
8 294
8 308
9 323
9 355
9 391
9 398
9 432
9 479
9 535
9 552
9 13
9 20
9 37
9 168
9 174
9 176
9 192
9 222
9 239
9 253
9 264
9 289
9 309
10 376
10 537
10 563
10 569
10 2
10 18
10 39
10 52
10 84
10 98
10 109
10 119
10 148
10 151
10 169
10 195
10 208
10 232
10 233
10 241
10 243
10 244
10 247
10 258
10 280
10 295
10 310
11 405
11 445
11 56
11 83
11 88
11 109
11 142
11 155
11 191
11 211
11 238
11 245
11 254
11 267
11 311
12 302
12 310
12 463
12 477
12 567
12 573
12 6
12 8
12 79
12 114
12 163
12 169
12 188
12 214
12 215
12 243
12 270
12 312
13 301
13 349
13 378
13 494
13 501
13 513
13 7
13 9
13 31
13 42
13 48
13 60
13 77
13 81
13 89
13 93
13 99
13 126
13 135
13 151
13 206
13 240
13 288
13 313
14 313
14 326
14 398
14 435
14 440
14 508
14 531
14 50
14 71
14 90
14 101
14 106
14 120
14 170
14 172
14 179
14 181
14 218
14 225
14 229
14 230
14 236
14 265
14 275
14 283
14 314
15 321
15 331
15 343
15 436
15 440
15 570
15 52
15 131
15 133
15 158
15 184
15 189
15 194
15 216
15 221
15 248
15 253
15 315
16 315
16 316
16 420
16 448
16 475
16 488
16 541
16 576
16 599
16 45
16 53
16 57
16 70
16 87
16 93
16 103
16 141
16 148
16 166
16 195
16 199
16 206
16 238
16 251
16 258
16 264
16 279
16 280
16 285
16 291
16 299
17 306
17 414
17 500
17 510
17 512
17 25
17 66
17 90
17 106
17 132
17 148
17 159
17 192
17 219
17 231
17 233
17 251
17 299
17 317
18 302
18 402
18 403
18 407
18 460
18 516
18 548
18 10
18 21
18 67
18 93
18 95
18 98
18 99
18 121
18 148
18 161
18 171
18 174
18 190
18 197
18 219
18 237
18 260
18 318
19 305
19 369
19 444
19 593
19 72
19 77
19 79
19 152
19 160
19 164
19 199
19 228
19 233
19 261
19 281
19 319
20 335
20 382
20 430
20 448
20 494
20 523
20 536
20 544
20 552
20 5
20 9
20 58
20 109
20 111
20 112
20 155
20 159
20 166
20 180
20 184
20 207
20 243
20 283
20 291
20 320
21 367
21 426
21 478
21 494
21 516
21 526
21 550
21 593
21 18
21 43
21 57
21 72
21 75
21 98
21 107
21 135
21 150
21 153
21 177
21 183
21 198
21 200
21 219
21 231
21 278
21 296
21 321
22 300
22 419
22 431
22 555
22 593
22 44
22 83
22 90
22 137
22 139
22 147
22 149
22 182
22 210
22 211
22 213
22 274
22 282
22 322
23 306
23 311
23 347
23 415
23 428
23 498
23 580
23 1
23 24
23 33
23 53
23 54
23 63
23 81
23 92
23 121
23 147
23 151
23 172
23 190
23 207
23 211
23 231
23 259
23 262
23 279
23 298
23 323
24 331
24 357
24 365
24 366
24 370
24 378
24 502
24 524
24 537
24 23
24 31
24 33
24 69
24 84
24 107
24 115
24 122
24 126
24 165
24 167
24 170
24 223
24 236
24 281
24 285
24 324
25 425
25 431
25 490
25 523
25 532
25 17
25 44
25 58
25 92
25 115
25 134
25 161
25 181
25 188
25 200
25 210
25 212
25 221
25 242
25 266
25 285
25 325
26 301
26 441
26 448
26 481
26 532
26 570
26 3
26 48
26 50
26 55
26 68
26 155
26 163
26 168
26 187
26 220
26 225
26 228
26 243
26 247
26 255
26 267
26 326
27 316
27 343
27 366
27 372
27 447
27 486
27 497
27 503
27 530
27 594
27 34
27 65
27 66
27 67
27 90
27 143
27 163
27 171
27 180
27 200
27 204
27 205
27 217
27 220
27 230
27 241
27 260
27 293
27 327
28 429
28 489
28 502
28 547
28 574
28 6
28 29
28 56
28 114
28 145
28 151
28 157
28 159
28 192
28 204
28 209
28 213
28 247
28 254
28 286
28 328
29 302
29 305
29 386
29 453
29 472
29 479
29 555
29 568
29 28
29 86
29 107
29 109
29 144
29 145
29 179
29 241
29 256
29 268
29 329
30 317
30 338
30 475
30 60
30 62
30 138
30 156
30 195
30 203
30 330
31 314
31 371
31 570
31 3
31 13
31 24
31 44
31 48
31 60
31 82
31 87
31 104
31 110
31 128
31 252
31 283
31 288
31 331
32 320
32 352
32 375
32 425
32 437
32 455
32 483
32 490
32 558
32 36
32 44
32 59
32 97
32 119
32 135
32 143
32 148
32 161
32 164
32 177
32 181
32 191
32 197
32 223
32 244
32 268
32 285
32 293
32 332
33 318
33 319
33 356
33 370
33 402
33 418
33 469
33 507
33 511
33 544
33 547
33 572
33 8
33 23
33 24
33 43
33 47
33 50
33 61
33 79
33 109
33 116
33 125
33 139
33 189
33 190
33 222
33 234
33 253
33 333
34 404
34 413
34 456
34 468
34 473
34 487
34 539
34 560
34 27
34 146
34 178
34 193
34 196
34 198
34 215
34 264
34 269
34 277
34 278
34 291
34 294
34 334
35 360
35 417
35 421
35 423
35 515
35 525
35 535
35 542
35 566
35 589
35 77
35 100
35 111
35 158
35 190
35 193
35 251
35 289
35 335
36 319
36 352
36 384
36 391
36 453
36 32
36 48
36 98
36 112
36 128
36 169
36 191
36 214
36 226
36 238
36 247
36 249
36 263
36 267
36 283
36 336
37 316
37 323
37 343
37 360
37 412
37 512
37 514
37 551
37 559
37 589
37 9
37 38
37 78
37 80
37 91
37 105
37 163
37 194
37 203
37 260
37 264
37 269
37 270
37 290
37 337
38 409
38 496
38 541
38 543
38 37
38 91
38 102
38 110
38 128
38 200
38 208
38 226
38 248
38 296
38 338
39 322
39 373
39 487
39 518
39 562
39 10
39 52
39 56
39 64
39 67
39 71
39 89
39 106
39 114
39 206
39 214
39 270
39 294
39 339
40 378
40 386
40 431
40 443
40 483
40 499
40 579
40 581
40 593
40 4
40 51
40 67
40 81
40 88
40 101
40 123
40 154
40 210
40 223
40 257
40 293
40 340
41 327
41 479
41 481
41 494
41 540
41 95
41 100
41 115
41 139
41 143
41 199
41 214
41 217
41 225
41 241
41 271
41 274
41 296
41 341
42 324
42 420
42 426
42 444
42 464
42 534
42 1
42 13
42 52
42 55
42 65
42 69
42 94
42 136
42 147
42 148
42 153
42 236
42 277
42 291
42 342
43 345
43 469
43 479
43 556
43 575
43 21
43 33
43 44
43 54
43 70
43 94
43 95
43 133
43 152
43 162
43 175
43 192
43 208
43 251
43 343
44 324
44 328
44 377
44 396
44 456
44 496
44 549
44 562
44 596
44 0
44 22
44 25
44 31
44 32
44 43
44 61
44 102
44 120
44 171
44 197
44 246
44 289
44 344
45 309
45 311
45 404
45 447
45 515
45 583
45 16
45 96
45 100
45 143
45 181
45 200
45 205
45 209
45 212
45 248
45 252
45 345
46 462
46 471
46 3
46 55
46 60
46 82
46 89
46 91
46 97
46 111
46 124
46 147
46 150
46 153
46 160
46 248
46 286
46 295
46 299
46 346
47 376
47 380
47 402
47 426
47 463
47 578
47 581
47 33
47 76
47 90
47 98
47 101
47 109
47 117
47 161
47 174
47 180
47 202
47 276
47 347
48 304
48 343
48 360
48 458
48 13
48 26
48 31
48 36
48 74
48 98
48 107
48 133
48 160
48 171
48 220
48 238
48 241
48 252
48 254
48 348
49 317
49 351
49 379
49 547
49 583
49 2
49 52
49 92
49 95
49 97
49 121
49 159
49 161
49 164
49 220
49 255
49 276
49 282
49 349
50 354
50 424
50 489
50 527
50 541
50 558
50 590
50 1
50 14
50 26
50 33
50 56
50 68
50 83
50 97
50 109
50 147
50 148
50 152
50 161
50 180
50 226
50 239
50 244
50 248
50 276
50 277
50 287
50 350
51 316
51 338
51 355
51 424
51 462
51 473
51 483
51 543
51 551
51 6
51 40
51 59
51 73
51 96
51 97
51 112
51 116
51 168
51 217
51 254
51 266
51 269
51 281
51 283
51 289
51 351
52 300
52 325
52 333
52 339
52 351
52 532
52 591
52 6
52 10
52 15
52 39
52 42
52 49
52 73
52 151
52 166
52 202
52 227
52 241
52 262
52 352
53 310
53 403
53 420
53 487
53 543
53 568
53 569
53 577
53 16
53 23
53 54
53 83
53 101
53 140
53 178
53 185
53 214
53 222
53 224
53 251
53 274
53 353
54 452
54 547
54 560
54 597
54 0
54 23
54 43
54 53
54 84
54 92
54 94
54 121
54 143
54 154
54 167
54 184
54 189
54 194
54 212
54 273
54 354
55 343
55 345
55 400
55 479
55 495
55 520
55 527
55 544
55 548
55 556
55 26
55 42
55 46
55 59
55 64
55 81
55 132
55 135
55 162
55 167
55 178
55 190
55 191
55 205
55 207
55 209
55 253
55 255
55 262
55 264
55 282
55 355
56 304
56 324
56 358
56 406
56 409
56 552
56 560
56 565
56 11
56 28
56 39
56 50
56 83
56 106
56 119
56 155
56 165
56 185
56 220
56 265
56 277
56 289
56 297
56 298
56 356
57 341
57 423
57 463
57 513
57 596
57 16
57 21
57 70
57 78
57 128
57 136
57 154
57 174
57 186
57 189
57 252
57 357
58 406
58 415
58 422
58 447
58 528
58 20
58 25
58 68
58 77
58 86
58 89
58 122
58 167
58 176
58 211
58 213
58 256
58 288
58 358
59 304
59 465
59 501
59 517
59 7
59 32
59 51
59 55
59 64
59 68
59 69
59 77
59 81
59 106
59 131
59 143
59 146
59 173
59 220
59 231
59 236
59 260
59 299
59 359
60 320
60 326
60 334
60 355
60 388
60 421
60 526
60 545
60 3
60 6
60 7
60 13
60 30
60 31
60 46
60 74
60 83
60 87
60 110
60 116
60 184
60 235
60 236
60 259
60 293
60 360
61 346
61 364
61 484
61 572
61 33
61 44
61 88
61 99
61 107
61 112
61 123
61 140
61 154
61 178
61 200
61 228
61 231
61 248
61 257
61 268
61 270
61 283
61 361
62 354
62 414
62 436
62 501
62 30
62 101
62 108
62 161
62 162
62 178
62 217
62 233
62 243
62 255
62 275
62 299
62 362
63 421
63 422
63 23
63 71
63 178
63 199
63 205
63 210
63 211
63 216
63 248
63 270
63 363
64 314
64 376
64 388
64 469
64 489
64 563
64 0
64 39
64 55
64 59
64 71
64 81
64 85
64 90
64 92
64 133
64 151
64 153
64 192
64 217
64 289
64 364
65 334
65 489
65 495
65 501
65 550
65 4
65 27
65 42
65 66
65 69
65 78
65 90
65 106
65 111
65 112
65 115
65 121
65 184
65 202
65 206
65 213
65 232
65 236
65 260
65 270
65 282
65 288
65 365
66 350
66 401
66 415
66 421
66 437
66 505
66 548
66 559
66 6
66 17
66 27
66 65
66 68
66 83
66 84
66 87
66 127
66 129
66 130
66 136
66 157
66 173
66 178
66 185
66 204
66 231
66 253
66 258
66 281
66 284
66 293
66 366
67 387
67 462
67 488
67 569
67 18
67 27
67 39
67 40
67 89
67 90
67 123
67 142
67 158
67 185
67 200
67 209
67 248
67 250
67 261
67 367
68 308
68 333
68 339
68 356
68 549
68 582
68 4
68 26
68 50
68 58
68 59
68 66
68 70
68 133
68 139
68 163
68 164
68 172
68 173
68 199
68 217
68 245
68 275
68 296
68 368
69 312
69 327
69 333
69 485
69 509
69 24
69 42
69 59
69 65
69 111
69 117
69 125
69 152
69 154
69 211
69 216
69 228
69 256
69 259
69 262
69 283
69 369
70 355
70 387
70 465
70 520
70 569
70 588
70 6
70 16
70 43
70 57
70 68
70 87
70 170
70 185
70 196
70 208
70 228
70 272
70 274
70 277
70 292
70 294
70 297
70 370
71 305
71 505
71 523
71 558
71 559
71 14
71 39
71 63
71 64
71 91
71 115
71 151
71 158
71 170
71 173
71 189
71 190
71 222
71 281
71 287
71 295
71 296
71 298
71 371
72 367
72 369
72 408
72 489
72 535
72 19
72 21
72 97
72 132
72 144
72 164
72 201
72 276
72 372
73 324
73 330
73 331
73 386
73 500
73 549
73 599
73 5
73 51
73 52
73 106
73 111
73 117
73 135
73 136
73 147
73 185
73 190
73 223
73 225
73 226
73 229
73 243
73 260
73 266
73 293
73 373
74 320
74 341
74 363
74 402
74 405
74 527
74 541
74 575
74 4
74 48
74 60
74 85
74 96
74 99
74 111
74 117
74 124
74 127
74 128
74 139
74 238
74 259
74 261
74 282
74 286
74 294
74 296
74 374
75 404
75 411
75 438
75 452
75 498
75 514
75 21
75 111
75 148
75 210
75 217
75 242
75 243
75 255
75 256
75 261
75 264
75 271
75 375
76 320
76 331
76 392
76 468
76 475
76 477
76 539
76 578
76 1
76 47
76 82
76 87
76 104
76 123
76 125
76 128
76 139
76 146
76 151
76 154
76 221
76 222
76 240
76 289
76 376
77 347
77 477
77 487
77 501
77 538
77 13
77 19
77 35
77 58
77 59
77 92
77 98
77 110
77 121
77 124
77 129
77 144
77 147
77 164
77 217
77 283
77 377
78 304
78 338
78 386
78 514
78 531
78 532
78 555
78 565
78 37
78 57
78 65
78 85
78 115
78 126
78 129
78 144
78 146
78 188
78 217
78 221
78 223
78 225
78 229
78 231
78 263
78 378
79 306
79 392
79 418
79 438
79 443
79 488
79 527
79 529
79 548
79 12
79 19
79 33
79 86
79 101
79 125
79 166
79 193
79 207
79 234
79 245
79 252
79 271
79 272
79 276
79 278
79 280
79 296
79 379
80 314
80 324
80 332
80 359
80 368
80 386
80 398
80 437
80 467
80 518
80 37
80 84
80 91
80 92
80 93
80 125
80 133
80 146
80 152
80 172
80 182
80 253
80 254
80 289
80 380
81 317
81 436
81 449
81 455
81 477
81 480
81 0
81 13
81 23
81 40
81 55
81 59
81 64
81 114
81 124
81 125
81 133
81 150
81 203
81 234
81 260
81 273
81 381
82 382
82 401
82 425
82 434
82 504
82 514
82 531
82 572
82 578
82 31
82 46
82 76
82 84
82 87
82 88
82 89
82 107
82 144
82 167
82 168
82 171
82 178
82 180
82 189
82 221
82 228
82 237
82 243
82 244
82 251
82 263
82 277
83 452
83 480
83 484
83 7
83 11
83 22
83 50
83 53
83 56
83 60
83 66
83 122
83 132
83 142
83 166
83 173
83 192
83 194
83 197
83 210
83 275
83 383
84 381
84 421
84 508
84 583
84 8
84 10
84 24
84 54
84 66
84 80
84 82
84 85
84 93
84 140
84 150
84 158
84 204
84 219
84 232
84 236
84 384
85 427
85 437
85 492
85 507
85 534
85 542
85 3
85 64
85 74
85 78
85 84
85 96
85 103
85 151
85 177
85 189
85 247
85 270
85 279
85 385
86 304
86 325
86 355
86 371
86 488
86 571
86 599
86 29
86 58
86 79
86 98
86 132
86 160
86 213
86 281
86 285
86 386
87 312
87 319
87 538
87 16
87 31
87 60
87 66
87 70
87 76
87 82
87 121
87 130
87 132
87 158
87 164
87 171
87 191
87 197
87 202
87 215
87 217
87 226
87 237
87 278
87 294
87 387
88 371
88 455
88 529
88 543
88 581
88 593
88 11
88 40
88 61
88 82
88 103
88 137
88 192
88 198
88 205
88 218
88 259
88 287
88 294
88 297
88 388
89 355
89 356
89 362
89 380
89 464
89 485
89 495
89 540
89 549
89 13
89 39
89 46
89 58
89 67
89 82
89 92
89 95
89 142
89 145
89 150
89 197
89 198
89 205
89 248
89 256
89 285
89 296
89 389
90 347
90 355
90 357
90 458
90 506
90 546
90 572
90 3
90 14
90 17
90 22
90 27
90 47
90 64
90 65
90 67
90 99
90 122
90 150
90 153
90 164
90 196
90 233
90 247
90 264
90 270
90 390
91 318
91 350
91 407
91 454
91 478
91 490
91 492
91 37
91 38
91 46
91 71
91 80
91 93
91 94
91 96
91 98
91 103
91 157
91 159
91 200
91 207
91 218
91 243
91 250
91 261
91 294
91 391
92 407
92 412
92 429
92 435
92 453
92 480
92 490
92 516
92 23
92 25
92 49
92 54
92 64
92 77
92 80
92 89
92 114
92 146
92 168
92 196
92 211
92 213
92 221
92 223
92 230
92 234
92 246
92 392
93 335
93 343
93 389
93 406
93 420
93 13
93 16
93 18
93 80
93 84
93 91
93 101
93 174
93 180
93 208
93 217
93 241
93 243
93 245
93 251
93 257
93 258
93 266
93 290
93 295
93 393
94 311
94 326
94 335
94 355
94 392
94 541
94 590
94 0
94 42
94 43
94 54
94 91
94 96
94 111
94 113
94 141
94 162
94 168
94 171
94 205
94 240
94 242
94 246
94 251
94 257
94 394
95 357
95 406
95 417
95 450
95 553
95 597
95 18
95 41
95 43
95 49
95 89
95 104
95 120
95 148
95 151
95 156
95 167
95 177
95 189
95 222
95 243
95 292
95 395
96 314
96 408
96 423
96 447
96 541
96 549
96 45
96 51
96 74
96 85
96 91
96 94
96 97
96 105
96 112
96 114
96 155
96 170
96 186
96 216
96 235
96 255
96 396
97 363
97 377
97 395
97 398
97 458
97 505
97 0
97 32
97 46
97 49
97 50
97 51
97 72
97 96
97 136
97 140
97 148
97 186
97 192
97 245
97 251
97 257
97 397
98 317
98 328
98 358
98 430
98 530
98 559
98 2
98 10
98 18
98 21
98 36
98 47
98 48
98 77
98 86
98 91
98 140
98 172
98 179
98 194
98 196
98 201
98 223
98 231
98 235
98 248
98 256
98 398
99 452
99 551
99 13
99 18
99 61
99 74
99 90
99 102
99 109
99 111
99 125
99 159
99 172
99 209
99 217
99 227
99 238
99 289
99 399
100 369
100 466
100 35
100 41
100 45
100 105
100 123
100 182
100 224
100 241
100 297
100 400
101 395
101 423
101 578
101 1
101 14
101 40
101 47
101 53
101 62
101 79
101 93
101 158
101 168
101 190
101 195
101 203
101 238
101 401
102 314
102 324
102 335
102 391
102 429
102 436
102 469
102 511
102 557
102 576
102 38
102 44
102 99
102 134
102 148
102 192
102 202
102 278
102 402
103 345
103 360
103 474
103 501
103 16
103 85
103 88
103 91
103 109
103 113
103 126
103 148
103 155
103 177
103 180
103 204
103 212
103 254
103 256
103 279
103 284
103 293
103 403
104 347
104 365
104 473
104 524
104 555
104 31
104 76
104 95
104 114
104 125
104 126
104 176
104 196
104 200
104 228
104 237
104 256
104 272
104 284
104 287
104 291
104 404
105 338
105 355
105 384
105 481
105 483
105 533
105 559
105 37
105 96
105 100
105 159
105 176
105 195
105 198
105 271
105 405
106 321
106 339
106 345
106 381
106 405
106 451
106 514
106 14
106 17
106 39
106 56
106 59
106 65
106 73
106 120
106 132
106 151
106 173
106 184
106 203
106 231
106 254
106 291
106 406
107 310
107 338
107 517
107 585
107 589
107 21
107 24
107 29
107 48
107 61
107 82
107 121
107 176
107 187
107 194
107 204
107 207
107 212
107 246
107 251
107 269
107 407
108 322
108 361
108 378
108 402
108 403
108 409
108 527
108 62
108 120
108 131
108 135
108 163
108 180
108 187
108 215
108 216
108 250
108 279
108 408
109 379
109 394
109 445
109 521
109 545
109 574
109 10
109 11
109 20
109 29
109 33
109 47
109 50
109 99
109 103
109 127
109 153
109 190
109 201
109 203
109 208
109 213
109 218
109 219
109 267
109 276
109 296
109 409
110 312
110 334
110 369
110 377
110 386
110 404
110 459
110 31
110 38
110 60
110 77
110 131
110 141
110 195
110 198
110 206
110 209
110 219
110 256
110 265
110 410
111 315
111 353
111 420
111 422
111 495
111 499
111 520
111 558
111 579
111 20
111 35
111 46
111 65
111 69
111 73
111 74
111 75
111 94
111 99
111 144
111 209
111 258
111 260
111 274
111 283
111 285
111 411
112 314
112 409
112 457
112 471
112 521
112 523
112 572
112 595
112 2
112 3
112 7
112 20
112 36
112 51
112 61
112 65
112 96
112 117
112 191
112 196
112 206
112 207
112 216
112 244
112 261
112 412
113 549
113 550
113 574
113 94
113 103
113 126
113 130
113 151
113 164
113 181
113 259
113 275
113 279
113 292
113 413
114 300
114 312
114 475
114 524
114 585
114 596
114 6
114 12
114 28
114 39
114 81
114 92
114 96
114 104
114 119
114 124
114 187
114 206
114 208
114 211
114 219
114 242
114 268
114 289
114 414
115 387
115 501
115 511
115 514
115 552
115 588
115 24
115 25
115 41
115 65
115 71
115 78
115 129
115 146
115 150
115 184
115 189
115 217
115 277
115 285
115 415
116 381
116 392
116 401
116 430
116 473
116 477
116 547
116 554
116 563
116 33
116 51
116 60
116 130
116 133
116 138
116 140
116 149
116 171
116 231
116 241
116 277
116 281
116 416
117 301
117 307
117 394
117 451
117 549
117 553
117 7
117 47
117 69
117 73
117 74
117 112
117 142
117 143
117 163
117 170
117 180
117 206
117 214
117 221
117 229
117 283
117 296
117 417
118 347
118 417
118 451
118 539
118 136
118 142
118 169
118 222
118 262
118 268
118 279
118 418
119 390
119 400
119 413
119 476
119 481
119 505
119 519
119 10
119 32
119 56
119 114
119 130
119 148
119 156
119 166
119 193
119 241
119 254
119 263
119 291
119 419
120 327
120 342
120 376
120 533
120 561
120 14
120 44
120 95
120 106
120 108
120 127
120 135
120 136
120 160
120 166
120 171
120 198
120 216
120 218
120 285
120 420
121 382
121 384
121 440
121 450
121 490
121 497
121 547
121 571
121 585
121 18
121 23
121 49
121 54
121 65
121 77
121 87
121 107
121 127
121 134
121 154
121 175
121 183
121 198
121 213
121 221
121 246
121 254
121 268
121 283
121 286
121 421
122 330
122 418
122 476
122 526
122 536
122 24
122 58
122 83
122 90
122 125
122 133
122 174
122 199
122 204
122 219
122 247
122 282
122 296
122 297
122 298
122 422
123 315
123 438
123 515
123 576
123 591
123 8
123 40
123 61
123 67
123 76
123 100
123 153
123 157
123 162
123 169
123 175
123 187
123 202
123 213
123 259
123 272
123 275
123 292
123 423
124 301
124 421
124 424
124 454
124 458
124 522
124 564
124 582
124 46
124 74
124 77
124 81
124 114
124 160
124 204
124 209
124 219
124 223
124 236
124 246
124 248
124 251
124 266
124 284
124 294
125 393
125 445
125 450
125 464
125 507
125 575
125 3
125 33
125 69
125 76
125 79
125 80
125 81
125 99
125 104
125 122
125 130
125 171
125 173
125 194
125 220
125 235
125 240
125 255
125 265
125 282
125 296
125 425
126 309
126 320
126 334
126 459
126 529
126 7
126 13
126 24
126 78
126 103
126 104
126 113
126 135
126 150
126 151
126 154
126 157
126 190
126 205
126 206
126 212
126 227
126 240
126 259
126 294
126 297
126 426
127 324
127 330
127 353
127 356
127 362
127 367
127 404
127 424
127 434
127 441
127 485
127 488
127 553
127 555
127 568
127 66
127 74
127 109
127 120
127 121
127 132
127 179
127 197
127 204
127 226
127 232
127 233
127 235
127 242
127 248
127 255
127 272
127 427
128 523
128 562
128 0
128 31
128 36
128 38
128 57
128 74
128 76
128 148
128 162
128 169
128 181
128 196
128 206
128 210
128 211
128 285
128 288
128 289
128 428
129 313
129 335
129 528
129 559
129 6
129 8
129 66
129 77
129 78
129 115
129 147
129 153
129 161
129 169
129 227
129 236
129 257
129 273
129 283
129 296
129 429
130 409
130 587
130 66
130 87
130 113
130 116
130 119
130 125
130 172
130 200
130 203
130 270
130 274
130 280
130 430
131 306
131 341
131 347
131 382
131 404
131 422
131 438
131 455
131 459
131 493
131 535
131 553
131 571
131 3
131 15
131 59
131 108
131 110
131 132
131 150
131 181
131 210
131 263
131 288
131 292
131 431
132 323
132 533
132 595
132 599
132 17
132 55
132 72
132 83
132 86
132 87
132 106
132 127
132 131
132 173
132 197
132 219
132 256
132 260
132 284
132 287
132 432
133 313
133 355
133 377
133 432
133 470
133 2
133 15
133 43
133 48
133 64
133 68
133 80
133 81
133 116
133 122
133 225
133 268
133 433
134 356
134 362
134 374
134 542
134 25
134 102
134 121
134 155
134 156
134 166
134 171
134 222
134 229
134 236
134 249
134 251
134 257
134 280
134 290
134 434
135 320
135 417
135 422
135 494
135 13
135 21
135 32
135 55
135 73
135 108
135 120
135 126
135 155
135 198
135 207
135 224
135 225
135 266
135 275
135 277
135 281
135 435
136 425
136 487
136 517
136 537
136 568
136 42
136 57
136 66
136 73
136 97
136 118
136 120
136 141
136 146
136 147
136 186
136 250
136 280
136 436
137 315
137 367
137 469
137 519
137 6
137 22
137 88
137 140
137 162
137 169
137 195
137 199
137 244
137 265
137 271
137 273
137 279
137 283
137 437
138 300
138 310
138 382
138 483
138 487
138 496
138 562
138 1
138 7
138 30
138 116
138 161
138 187
138 208
138 292
138 438
139 436
139 492
139 505
139 519
139 542
139 573
139 22
139 33
139 41
139 68
139 74
139 76
139 140
139 142
139 145
139 149
139 156
139 179
139 189
139 204
139 231
139 237
139 258
139 265
139 439
140 321
140 374
140 376
140 432
140 482
140 494
140 505
140 2
140 53
140 61
140 84
140 97
140 98
140 116
140 137
140 139
140 158
140 173
140 198
140 235
140 246
140 262
140 440
141 300
141 307
141 311
141 328
141 331
141 347
141 361
141 394
141 479
141 490
141 516
141 518
141 2
141 16
141 94
141 110
141 136
141 148
141 163
141 167
141 184
141 198
141 231
141 299
141 441
142 394
142 429
142 477
142 487
142 502
142 590
142 4
142 11
142 67
142 83
142 89
142 117
142 118
142 139
142 153
142 157
142 184
142 189
142 195
142 211
142 442
143 327
143 344
143 490
143 493
143 503
143 515
143 580
143 595
143 27
143 32
143 41
143 45
143 54
143 59
143 117
143 157
143 164
143 195
143 208
143 223
143 267
143 295
143 443
144 364
144 503
144 29
144 72
144 77
144 78
144 82
144 111
144 145
144 156
144 181
144 193
144 202
144 206
144 216
144 235
144 243
144 279
144 294
144 444
145 323
145 328
145 406
145 484
145 560
145 580
145 590
145 28
145 29
145 89
145 139
145 144
145 162
145 171
145 244
145 251
145 286
145 287
145 445
146 368
146 423
146 429
146 470
146 490
146 503
146 530
146 542
146 564
146 5
146 34
146 59
146 76
146 78
146 80
146 92
146 115
146 136
146 168
146 173
146 197
146 198
146 205
146 291
146 292
146 446
147 310
147 370
147 445
147 544
147 22
147 23
147 42
147 46
147 50
147 73
147 77
147 129
147 136
147 153
147 186
147 241
147 275
147 278
147 447
148 396
148 398
148 401
148 408
148 431
148 510
148 545
148 551
148 555
148 1
148 10
148 16
148 17
148 18
148 32
148 42
148 50
148 75
148 95
148 97
148 102
148 103
148 119
148 128
148 141
148 156
148 236
148 282
148 292
148 448
149 316
149 327
149 345
149 386
149 439
149 477
149 485
149 535
149 22
149 116
149 139
149 170
149 204
149 219
149 224
149 231
149 238
149 249
149 256
149 258
149 269
149 286
149 449
150 371
150 382
150 383
150 388
150 444
150 569
150 21
150 46
150 81
150 84
150 89
150 90
150 115
150 126
150 131
150 156
150 450
151 312
151 382
151 10
151 13
151 23
151 28
151 52
151 64
151 71
151 76
151 85
151 95
151 106
151 113
151 126
151 196
151 206
151 212
151 232
151 239
151 252
151 283
151 451
152 350
152 429
152 458
152 485
152 577
152 0
152 4
152 19
152 43
152 50
152 69
152 80
152 165
152 176
152 255
152 283
152 288
152 452
153 356
153 365
153 404
153 419
153 580
153 21
153 42
153 46
153 64
153 90
153 109
153 123
153 129
153 142
153 147
153 164
153 216
153 226
153 229
153 248
153 250
153 259
153 453
154 358
154 403
154 442
154 40
154 54
154 57
154 61
154 69
154 76
154 121
154 126
154 179
154 206
154 211
154 220
154 241
154 280
154 286
154 290
154 454
155 325
155 341
155 366
155 384
155 400
155 523
155 541
155 11
155 20
155 26
155 56
155 96
155 103
155 134
155 135
155 156
155 209
155 277
155 455
156 377
156 446
156 561
156 30
156 95
156 119
156 134
156 139
156 144
156 148
156 150
156 155
156 159
156 167
156 168
156 190
156 225
156 232
156 244
156 246
156 278
156 296
156 456
157 327
157 349
157 369
157 375
157 409
157 425
157 447
157 476
157 539
157 591
157 6
157 28
157 66
157 91
157 123
157 126
157 142
157 143
157 206
157 210
157 219
157 257
157 269
157 457
158 319
158 325
158 374
158 421
158 500
158 543
158 564
158 579
158 15
158 35
158 67
158 71
158 84
158 87
158 101
158 140
158 168
158 169
158 190
158 269
158 458
159 378
159 384
159 491
159 492
159 564
159 573
159 594
159 17
159 20
159 28
159 49
159 91
159 99
159 105
159 156
159 177
159 254
159 265
159 272
159 274
159 284
159 291
159 459
160 419
160 467
160 530
160 580
160 19
160 46
160 48
160 86
160 120
160 124
160 164
160 180
160 201
160 218
160 229
160 230
160 234
160 240
160 246
160 270
160 275
160 276
160 289
160 297
160 460
161 323
161 383
161 395
161 408
161 412
161 429
161 554
161 555
161 561
161 578
161 584
161 18
161 25
161 32
161 47
161 49
161 50
161 62
161 129
161 138
161 179
161 184
161 222
161 261
161 266
161 461
162 465
162 546
162 585
162 595
162 8
162 43
162 55
162 62
162 94
162 123
162 128
162 137
162 145
162 174
162 183
162 203
162 225
162 230
162 243
162 462
163 386
163 521
163 543
163 12
163 26
163 27
163 37
163 68
163 108
163 117
163 141
163 212
163 220
163 248
163 260
163 264
163 291
163 463
164 305
164 468
164 473
164 480
164 509
164 530
164 557
164 590
164 19
164 32
164 49
164 68
164 72
164 77
164 87
164 90
164 113
164 143
164 153
164 160
164 165
164 189
164 210
164 215
164 217
164 223
164 236
164 264
164 276
164 464
165 308
165 323
165 371
165 377
165 504
165 580
165 24
165 56
165 152
165 164
165 175
165 181
165 215
165 216
165 272
165 298
165 465
166 365
166 470
166 547
166 16
166 20
166 52
166 79
166 83
166 119
166 120
166 134
166 204
166 255
166 282
166 466
167 346
167 352
167 426
167 453
167 494
167 499
167 530
167 24
167 54
167 55
167 58
167 82
167 95
167 141
167 156
167 170
167 192
167 209
167 219
167 231
167 235
167 256
167 264
167 467
168 355
168 363
168 388
168 412
168 478
168 508
168 548
168 9
168 26
168 51
168 82
168 92
168 94
168 101
168 146
168 156
168 158
168 201
168 205
168 247
168 256
168 282
168 468
169 412
169 453
169 480
169 518
169 7
169 10
169 12
169 36
169 118
169 123
169 128
169 129
169 137
169 158
169 194
169 259
169 279
169 469
170 309
170 348
170 355
170 477
170 573
170 14
170 24
170 70
170 71
170 96
170 117
170 149
170 167
170 192
170 195
170 217
170 470
171 309
171 356
171 398
171 568
171 18
171 27
171 44
171 48
171 82
171 87
171 94
171 116
171 120
171 125
171 134
171 145
171 189
171 199
171 220
171 234
171 240
171 245
171 248
171 250
171 251
171 258
171 263
171 277
171 293
171 471
172 331
172 388
172 420
172 524
172 568
172 6
172 14
172 23
172 68
172 80
172 98
172 99
172 130
172 189
172 202
172 203
172 216
172 230
172 240
172 283
172 472
173 326
173 353
173 378
173 466
173 468
173 554
173 584
173 59
173 66
173 68
173 71
173 83
173 106
173 125
173 132
173 140
173 146
173 187
173 204
173 265
173 294
173 473
174 313
174 316
174 318
174 506
174 512
174 549
174 594
174 9
174 18
174 47
174 57
174 93
174 122
174 162
174 178
174 218
174 248
174 268
174 270
174 474
175 304
175 329
175 344
175 583
175 43
175 121
175 123
175 165
175 178
175 180
175 197
175 243
175 272
175 281
175 282
175 286
175 475
176 372
176 488
176 489
176 530
176 0
176 2
176 5
176 9
176 58
176 104
176 105
176 107
176 152
176 192
176 204
176 270
176 272
176 276
176 277
176 476
177 310
177 329
177 375
177 392
177 396
177 455
177 528
177 574
177 21
177 32
177 85
177 95
177 103
177 159
177 204
177 205
177 238
177 477
178 354
178 370
178 398
178 457
178 465
178 480
178 6
178 34
178 53
178 55
178 61
178 62
178 63
178 66
178 82
178 174
178 175
178 182
178 185
178 193
178 217
178 226
178 246
178 277
178 299
178 478
179 389
179 445
179 500
179 524
179 547
179 584
179 3
179 14
179 29
179 98
179 127
179 139
179 154
179 161
179 186
179 193
179 205
179 207
179 210
179 221
179 224
179 250
179 276
179 295
179 479
180 301
180 343
180 370
180 382
180 416
180 466
180 474
180 527
180 569
180 20
180 27
180 47
180 50
180 82
180 93
180 103
180 108
180 117
180 160
180 175
180 187
180 210
180 245
180 254
180 280
180 287
180 480
181 314
181 317
181 382
181 387
181 438
181 542
181 0
181 14
181 25
181 32
181 45
181 113
181 128
181 131
181 144
181 165
181 204
181 217
181 224
181 225
181 232
181 269
181 298
181 481
182 304
182 395
182 429
182 577
182 594
182 4
182 6
182 22
182 80
182 100
182 178
182 193
182 198
182 243
182 276
182 279
182 281
182 482
183 343
183 413
183 552
183 21
183 121
183 162
183 190
183 206
183 227
183 257
183 292
183 294
183 483
184 339
184 400
184 534
184 15
184 20
184 54
184 60
184 65
184 106
184 115
184 141
184 142
184 161
184 192
184 279
184 288
184 484
185 336
185 415
185 480
185 0
185 53
185 56
185 66
185 67
185 70
185 73
185 178
185 190
185 194
185 212
185 218
185 221
185 485
186 323
186 415
186 426
186 530
186 6
186 57
186 96
186 97
186 136
186 147
186 179
186 192
186 196
186 201
186 216
186 237
186 254
186 288
186 486
187 369
187 467
187 533
187 26
187 107
187 108
187 114
187 123
187 138
187 173
187 180
187 195
187 202
187 224
187 244
187 253
187 267
187 286
187 292
187 487
188 326
188 328
188 344
188 368
188 438
188 478
188 487
188 498
188 499
188 579
188 12
188 25
188 78
188 213
188 231
188 271
188 488
189 305
189 310
189 332
189 397
189 453
189 483
189 525
189 541
189 583
189 598
189 15
189 33
189 54
189 57
189 71
189 82
189 85
189 95
189 115
189 139
189 142
189 164
189 171
189 172
189 194
189 198
189 211
189 215
189 221
189 249
189 255
189 271
189 291
189 489
190 318
190 387
190 454
190 462
190 503
190 530
190 593
190 7
190 18
190 23
190 33
190 35
190 55
190 71
190 73
190 101
190 109
190 126
190 156
190 158
190 183
190 185
190 192
190 245
190 272
190 280
190 287
190 290
190 490
191 411
191 466
191 475
191 490
191 582
191 6
191 11
191 32
191 36
191 55
191 87
191 112
191 202
191 206
191 262
191 263
191 491
192 416
192 420
192 523
192 556
192 3
192 5
192 9
192 17
192 28
192 43
192 64
192 83
192 88
192 97
192 102
192 167
192 170
192 176
192 184
192 186
192 190
192 202
192 208
192 218
192 226
192 246
192 249
192 250
192 294
192 492
193 338
193 379
193 455
193 469
193 509
193 537
193 547
193 562
193 34
193 35
193 79
193 119
193 144
193 178
193 179
193 182
193 207
193 229
193 240
193 244
193 280
193 493
194 304
194 311
194 533
194 564
194 4
194 15
194 37
194 54
194 83
194 98
194 107
194 125
194 169
194 185
194 189
194 224
194 238
194 246
194 264
194 285
194 290
194 298
194 494
195 308
195 351
195 447
195 495
195 529
195 537
195 10
195 16
195 30
195 101
195 105
195 110
195 137
195 142
195 143
195 170
195 187
195 202
195 205
195 221
195 223
195 284
195 286
195 295
196 363
196 398
196 488
196 524
196 599
196 34
196 70
196 90
196 92
196 98
196 104
196 112
196 128
196 151
196 186
196 218
196 221
196 241
196 277
196 496
197 367
197 403
197 441
197 476
197 568
197 0
197 18
197 32
197 44
197 83
197 87
197 89
197 127
197 132
197 146
197 175
197 201
197 208
197 229
197 247
197 265
197 294
197 296
197 497
198 325
198 412
198 414
198 446
198 475
198 508
198 539
198 581
198 21
198 34
198 88
198 89
198 105
198 110
198 120
198 121
198 135
198 140
198 141
198 146
198 182
198 189
198 214
198 220
198 226
198 228
198 234
198 258
198 271
198 275
198 282
198 498
199 406
199 412
199 564
199 581
199 590
199 16
199 19
199 41
199 63
199 68
199 122
199 137
199 171
199 213
199 224
199 235
199 283
199 499
200 304
200 356
200 443
200 543
200 579
200 586
200 21
200 25
200 27
200 38
200 45
200 61
200 67
200 91
200 104
200 130
200 220
200 235
200 243
200 279
200 500
201 399
201 420
201 490
201 514
201 536
201 548
201 597
201 72
201 98
201 109
201 160
201 168
201 186
201 197
201 212
201 242
201 245
201 286
201 287
201 501
202 384
202 395
202 399
202 401
202 429
202 432
202 550
202 590
202 47
202 52
202 65
202 87
202 102
202 123
202 144
202 172
202 187
202 191
202 192
202 195
202 211
202 218
202 221
202 245
202 247
202 279
202 297
202 502
203 318
203 321
203 334
203 335
203 352
203 402
203 449
203 515
203 576
203 7
203 30
203 37
203 81
203 101
203 106
203 109
203 130
203 162
203 172
203 204
203 218
203 226
203 232
203 235
203 249
203 503
204 303
204 493
204 529
204 546
204 598
204 27
204 28
204 66
204 84
204 103
204 107
204 122
204 124
204 127
204 139
204 149
204 166
204 173
204 176
204 177
204 181
204 203
204 246
204 504
205 322
205 417
205 468
205 524
205 571
205 27
205 45
205 55
205 63
205 88
205 89
205 94
205 126
205 146
205 168
205 177
205 179
205 195
205 214
205 217
205 227
205 235
205 252
205 258
205 269
205 505
206 340
206 357
206 427
206 434
206 469
206 476
206 552
206 584
206 13
206 16
206 39
206 65
206 110
206 112
206 114
206 117
206 126
206 128
206 144
206 151
206 154
206 157
206 183
206 191
206 214
206 228
206 230
206 279
206 291
206 293
206 506
207 332
207 514
207 543
207 575
207 578
207 2
207 7
207 20
207 23
207 55
207 79
207 91
207 107
207 112
207 135
207 179
207 193
207 234
207 241
207 248
207 266
207 507
208 448
208 561
208 562
208 579
208 10
208 38
208 43
208 70
208 93
208 109
208 114
208 138
208 143
208 192
208 197
208 263
208 269
208 294
208 508
209 358
209 388
209 435
209 491
209 520
209 576
209 599
209 28
209 45
209 55
209 67
209 99
209 110
209 111
209 124
209 155
209 167
209 229
209 235
209 255
209 272
209 509
210 337
210 376
210 411
210 451
210 461
210 488
210 543
210 547
210 558
210 22
210 25
210 40
210 63
210 75
210 83
210 128
210 131
210 157
210 164
210 179
210 180
210 235
210 237
210 251
210 252
210 510
211 374
211 391
211 408
211 414
211 529
211 530
211 11
211 22
211 23
211 58
211 63
211 69
211 92
211 114
211 128
211 142
211 154
211 189
211 202
211 230
211 283
211 292
211 511
212 368
212 383
212 486
212 526
212 589
212 25
212 45
212 54
212 103
212 107
212 126
212 151
212 163
212 185
212 201
212 224
212 230
212 246
212 283
212 512
213 314
213 334
213 344
213 353
213 486
213 554
213 4
213 22
213 28
213 58
213 65
213 86
213 92
213 109
213 121
213 123
213 188
213 199
213 219
213 261
213 271
213 513
214 352
214 466
214 500
214 576
214 580
214 12
214 36
214 39
214 41
214 53
214 117
214 198
214 205
214 206
214 223
214 234
214 238
214 270
214 279
214 298
214 514
215 326
215 335
215 349
215 377
215 532
215 562
215 571
215 589
215 3
215 8
215 12
215 34
215 87
215 108
215 164
215 165
215 189
215 225
215 248
215 254
215 259
215 282
215 286
215 515
216 313
216 392
216 456
216 475
216 483
216 571
216 15
216 63
216 69
216 96
216 108
216 112
216 120
216 144
216 153
216 165
216 172
216 186
216 261
216 263
216 264
216 274
216 275
216 276
216 296
216 516
217 302
217 346
217 394
217 406
217 417
217 449
217 539
217 543
217 27
217 41
217 51
217 62
217 64
217 68
217 75
217 77
217 78
217 87
217 93
217 99
217 115
217 164
217 170
217 178
217 181
217 205
217 226
217 236
217 242
217 284
217 517
218 340
218 357
218 478
218 14
218 88
218 91
218 109
218 120
218 160
218 174
218 185
218 192
218 196
218 202
218 203
218 238
218 248
218 260
218 274
218 288
218 518
219 386
219 396
219 510
219 554
219 17
219 18
219 21
219 84
219 109
219 110
219 114
219 122
219 124
219 132
219 149
219 157
219 167
219 213
219 238
219 247
219 519
220 351
220 476
220 26
220 27
220 48
220 49
220 56
220 59
220 125
220 154
220 163
220 171
220 198
220 200
220 231
220 241
220 252
220 255
220 520
221 377
221 391
221 508
221 584
221 589
221 4
221 15
221 25
221 76
221 78
221 82
221 92
221 117
221 121
221 179
221 185
221 189
221 195
221 196
221 202
221 225
221 248
221 249
221 251
221 298
221 521
222 411
222 420
222 486
222 579
222 9
222 33
222 53
222 71
222 76
222 95
222 118
222 134
222 161
222 252
222 255
222 273
222 283
222 286
222 522
223 370
223 441
223 493
223 574
223 6
223 24
223 32
223 40
223 73
223 78
223 92
223 98
223 124
223 143
223 164
223 195
223 214
223 239
223 245
223 252
223 281
223 523
224 322
224 323
224 375
224 503
224 3
224 7
224 53
224 100
224 135
224 149
224 179
224 181
224 187
224 194
224 199
224 212
224 228
224 244
224 252
224 268
224 271
224 290
224 296
224 524
225 325
225 452
225 543
225 14
225 26
225 41
225 73
225 78
225 133
225 135
225 156
225 162
225 181
225 215
225 221
225 259
225 261
225 262
225 272
225 296
225 525
226 330
226 379
226 388
226 414
226 439
226 456
226 583
226 36
226 38
226 50
226 73
226 87
226 127
226 153
226 178
226 192
226 198
226 203
226 217
226 227
226 230
226 261
226 277
226 286
226 526
227 310
227 335
227 340
227 343
227 462
227 484
227 533
227 543
227 578
227 52
227 99
227 126
227 129
227 183
227 205
227 226
227 239
227 527
228 418
228 482
228 19
228 26
228 61
228 69
228 70
228 82
228 104
228 198
228 206
228 224
228 249
228 292
228 299
228 528
229 329
229 354
229 401
229 533
229 545
229 557
229 561
229 564
229 14
229 73
229 78
229 117
229 134
229 153
229 160
229 193
229 197
229 209
229 237
229 288
229 298
229 529
230 368
230 0
230 3
230 14
230 27
230 92
230 160
230 162
230 172
230 206
230 211
230 212
230 226
230 231
230 243
230 273
230 284
230 530
231 364
231 412
231 422
231 454
231 480
231 516
231 548
231 558
231 17
231 21
231 23
231 59
231 61
231 66
231 78
231 98
231 106
231 116
231 139
231 141
231 149
231 167
231 188
231 220
231 230
231 239
231 247
231 248
231 272
231 275
231 278
231 531
232 309
232 501
232 534
232 568
232 2
232 10
232 65
232 84
232 127
232 151
232 156
232 181
232 203
232 247
232 273
232 282
232 532
233 388
233 465
233 476
233 503
233 517
233 559
233 564
233 575
233 594
233 6
233 10
233 17
233 19
233 62
233 90
233 127
233 274
233 293
233 295
233 533
234 309
234 408
234 418
234 434
234 547
234 559
234 33
234 79
234 81
234 92
234 160
234 171
234 198
234 207
234 214
234 244
234 264
234 273
234 534
235 312
235 314
235 315
235 350
235 354
235 387
235 437
235 463
235 496
235 560
235 2
235 60
235 96
235 98
235 125
235 127
235 140
235 144
235 167
235 199
235 200
235 203
235 205
235 209
235 210
235 254
235 259
235 535
236 345
236 357
236 404
236 410
236 446
236 513
236 525
236 14
236 24
236 42
236 59
236 60
236 65
236 84
236 124
236 129
236 134
236 148
236 164
236 217
236 237
236 244
236 269
236 276
236 536
237 307
237 331
237 384
237 410
237 445
237 446
237 18
237 82
237 87
237 104
237 139
237 186
237 210
237 229
237 236
237 247
237 254
237 272
237 274
237 281
237 291
237 537
238 300
238 310
238 314
238 342
238 366
238 440
238 447
238 0
238 11
238 16
238 36
238 48
238 74
238 99
238 101
238 149
238 177
238 194
238 214
238 218
238 219
238 251
238 258
238 261
238 538
239 342
239 346
239 362
239 363
239 410
239 534
239 577
239 588
239 5
239 9
239 50
239 151
239 223
239 227
239 231
239 283
239 539
240 374
240 376
240 461
240 462
240 483
240 553
240 5
240 13
240 76
240 94
240 125
240 126
240 160
240 171
240 172
240 193
240 295
240 540
241 301
241 347
241 348
241 473
241 492
241 511
241 3
241 10
241 27
241 29
241 41
241 48
241 52
241 93
241 100
241 116
241 119
241 147
241 154
241 196
241 207
241 220
241 253
241 291
241 541
242 382
242 8
242 25
242 75
242 94
242 114
242 127
242 201
242 217
242 269
242 290
242 542
243 322
243 356
243 472
243 478
243 487
243 570
243 10
243 12
243 20
243 26
243 62
243 73
243 75
243 82
243 91
243 93
243 95
243 144
243 162
243 175
243 182
243 200
243 230
243 266
243 278
243 543
244 307
244 321
244 360
244 427
244 458
244 550
244 552
244 574
244 10
244 32
244 50
244 82
244 112
244 137
244 145
244 156
244 187
244 193
244 224
244 234
244 236
244 261
244 544
245 330
245 480
245 596
245 11
245 68
245 79
245 93
245 97
245 171
245 180
245 190
245 201
245 202
245 223
245 248
245 278
245 545
246 306
246 334
246 337
246 389
246 424
246 500
246 560
246 44
246 92
246 94
246 107
246 121
246 124
246 140
246 156
246 160
246 178
246 192
246 194
246 204
246 212
246 263
246 291
246 546
247 335
247 387
247 399
247 421
247 474
247 560
247 10
247 26
247 28
247 36
247 85
247 90
247 122
247 168
247 197
247 202
247 219
247 231
247 232
247 237
247 284
247 547
248 327
248 339
248 353
248 386
248 460
248 505
248 527
248 545
248 8
248 15
248 38
248 45
248 46
248 50
248 61
248 63
248 67
248 89
248 98
248 124
248 127
248 153
248 163
248 171
248 174
248 207
248 215
248 218
248 221
248 231
248 245
248 264
248 273
248 548
249 319
249 325
249 358
249 521
249 590
249 36
249 134
249 149
249 189
249 192
249 203
249 221
249 228
249 279
249 281
249 291
249 298
249 549
250 342
250 441
250 582
250 0
250 5
250 67
250 91
250 108
250 136
250 153
250 171
250 179
250 192
250 275
250 550
251 332
251 340
251 515
251 530
251 16
251 17
251 35
251 43
251 53
251 82
251 93
251 94
251 97
251 107
251 124
251 134
251 145
251 171
251 210
251 221
251 238
251 281
251 551
252 551
252 31
252 45
252 48
252 57
252 79
252 151
252 205
252 210
252 220
252 222
252 223
252 224
252 276
252 289
252 292
252 552
253 308
253 355
253 407
253 464
253 494
253 9
253 15
253 33
253 55
253 66
253 80
253 187
253 241
253 553
254 362
254 379
254 385
254 468
254 475
254 543
254 11
254 28
254 48
254 51
254 80
254 103
254 106
254 119
254 121
254 159
254 180
254 186
254 215
254 235
254 237
254 289
254 554
255 322
255 331
255 345
255 378
255 385
255 433
255 505
255 524
255 26
255 49
255 55
255 62
255 75
255 96
255 125
255 127
255 152
255 166
255 189
255 209
255 220
255 222
255 283
255 293
255 294
255 299
255 555
256 343
256 511
256 519
256 531
256 564
256 29
256 58
256 69
256 75
256 89
256 98
256 103
256 104
256 110
256 132
256 149
256 167
256 168
256 273
256 297
256 556
257 304
257 308
257 338
257 395
257 475
257 534
257 553
257 574
257 579
257 40
257 61
257 93
257 94
257 97
257 129
257 134
257 157
257 183
257 557
258 360
258 389
258 407
258 410
258 462
258 10
258 16
258 66
258 93
258 111
258 139
258 149
258 171
258 198
258 205
258 238
258 275
258 276
258 558
259 348
259 492
259 579
259 592
259 6
259 23
259 60
259 69
259 74
259 88
259 113
259 123
259 126
259 153
259 169
259 215
259 225
259 235
259 284
259 291
259 559
260 300
260 495
260 557
260 569
260 18
260 27
260 37
260 59
260 65
260 73
260 81
260 111
260 132
260 163
260 218
260 266
260 290
260 560
261 320
261 332
261 375
261 415
261 424
261 452
261 460
261 4
261 19
261 67
261 74
261 75
261 91
261 112
261 161
261 213
261 216
261 225
261 226
261 238
261 244
261 561
262 352
262 362
262 407
262 420
262 458
262 468
262 485
262 596
262 23
262 52
262 55
262 69
262 118
262 140
262 191
262 225
262 263
262 288
262 562
263 377
263 379
263 387
263 404
263 405
263 408
263 435
263 459
263 509
263 550
263 594
263 36
263 78
263 82
263 119
263 131
263 171
263 191
263 208
263 216
263 246
263 262
263 292
263 563
264 314
264 352
264 375
264 407
264 543
264 597
264 9
264 16
264 34
264 37
264 55
264 75
264 90
264 163
264 164
264 167
264 194
264 216
264 234
264 248
264 282
264 283
264 295
264 299
264 564
265 333
265 348
265 385
265 462
265 526
265 534
265 583
265 14
265 56
265 110
265 125
265 137
265 139
265 159
265 173
265 197
265 274
265 565
266 321
266 367
266 429
266 550
266 581
266 25
266 51
266 73
266 93
266 124
266 135
266 161
266 207
266 243
266 260
266 281
266 566
267 323
267 331
267 353
267 413
267 514
267 534
267 545
267 563
267 594
267 11
267 26
267 36
267 109
267 143
267 187
267 269
267 279
267 295
267 567
268 380
268 456
268 477
268 497
268 510
268 518
268 541
268 542
268 558
268 29
268 32
268 61
268 114
268 118
268 121
268 133
268 174
268 224
268 286
268 568
269 400
269 405
269 429
269 467
269 483
269 531
269 546
269 572
269 0
269 34
269 37
269 51
269 107
269 149
269 157
269 158
269 181
269 205
269 208
269 236
269 242
269 267
269 281
269 569
270 338
270 436
270 561
270 593
270 12
270 37
270 39
270 61
270 63
270 65
270 85
270 90
270 130
270 160
270 174
270 176
270 214
270 287
270 570
271 325
271 401
271 490
271 500
271 551
271 568
271 583
271 41
271 75
271 79
271 105
271 137
271 188
271 189
271 198
271 213
271 224
271 277
271 571
272 390
272 448
272 573
272 70
272 79
272 104
272 123
272 127
272 159
272 165
272 175
272 176
272 190
272 209
272 225
272 231
272 237
272 288
272 297
272 572
273 301
273 304
273 312
273 325
273 397
273 503
273 548
273 7
273 54
273 81
273 129
273 137
273 222
273 230
273 232
273 234
273 248
273 256
273 573
274 352
274 505
274 510
274 519
274 22
274 41
274 53
274 70
274 111
274 130
274 159
274 216
274 218
274 233
274 237
274 265
274 574
275 317
275 335
275 347
275 389
275 407
275 465
275 476
275 545
275 551
275 14
275 62
275 68
275 83
275 113
275 123
275 135
275 147
275 160
275 198
275 216
275 231
275 250
275 258
275 294
275 575
276 333
276 347
276 359
276 467
276 486
276 490
276 545
276 578
276 580
276 2
276 47
276 49
276 50
276 72
276 79
276 109
276 160
276 164
276 176
276 179
276 182
276 216
276 236
276 252
276 258
276 285
276 576
277 398
277 417
277 515
277 521
277 596
277 34
277 42
277 50
277 56
277 70
277 82
277 115
277 116
277 135
277 155
277 171
277 176
277 178
277 196
277 226
277 271
277 577
278 312
278 329
278 371
278 374
278 496
278 538
278 583
278 3
278 21
278 34
278 79
278 87
278 102
278 147
278 156
278 231
278 243
278 245
278 578
279 321
279 338
279 354
279 369
279 420
279 498
279 504
279 521
279 589
279 16
279 23
279 85
279 103
279 108
279 113
279 118
279 137
279 144
279 169
279 182
279 184
279 200
279 202
279 206
279 214
279 249
279 267
279 579
280 343
280 373
280 425
280 465
280 514
280 545
280 588
280 10
280 16
280 79
280 130
280 134
280 136
280 154
280 180
280 190
280 193
280 293
280 580
281 314
281 330
281 431
281 436
281 442
281 447
281 457
281 463
281 468
281 503
281 580
281 584
281 0
281 19
281 24
281 51
281 66
281 71
281 86
281 116
281 135
281 175
281 182
281 223
281 237
281 249
281 251
281 266
281 269
281 581
282 302
282 313
282 317
282 499
282 22
282 49
282 55
282 65
282 74
282 122
282 125
282 148
282 166
282 168
282 175
282 198
282 215
282 232
282 264
282 291
282 582
283 368
283 394
283 396
283 426
283 433
283 579
283 6
283 14
283 20
283 31
283 36
283 51
283 61
283 69
283 77
283 111
283 117
283 121
283 129
283 137
283 151
283 152
283 172
283 199
283 211
283 212
283 222
283 239
283 255
283 264
283 294
283 583
284 330
284 357
284 389
284 391
284 598
284 66
284 103
284 104
284 124
284 132
284 159
284 195
284 217
284 230
284 247
284 259
284 584
285 403
285 428
285 456
285 507
285 509
285 520
285 592
285 0
285 16
285 24
285 25
285 32
285 86
285 89
285 111
285 115
285 120
285 128
285 194
285 276
285 585
286 324
286 346
286 403
286 451
286 465
286 499
286 588
286 28
286 46
286 74
286 121
286 145
286 149
286 154
286 175
286 187
286 195
286 201
286 215
286 222
286 226
286 268
286 295
286 586
287 383
287 405
287 408
287 443
287 521
287 541
287 553
287 566
287 50
287 71
287 88
287 104
287 132
287 145
287 180
287 190
287 201
287 270
287 290
287 295
287 587
288 419
288 432
288 436
288 478
288 570
288 13
288 31
288 58
288 65
288 128
288 131
288 152
288 184
288 186
288 218
288 229
288 262
288 272
288 296
288 588
289 348
289 377
289 407
289 437
289 512
289 527
289 568
289 570
289 3
289 9
289 35
289 44
289 51
289 56
289 64
289 76
289 80
289 99
289 114
289 128
289 160
289 252
289 254
289 296
289 589
290 409
290 468
290 500
290 510
290 577
290 37
290 93
290 134
290 154
290 190
290 194
290 224
290 242
290 260
290 287
290 590
291 335
291 355
291 413
291 461
291 0
291 16
291 20
291 34
291 42
291 104
291 106
291 119
291 146
291 159
291 163
291 189
291 206
291 237
291 241
291 246
291 249
291 259
291 282
291 298
291 591
292 380
292 397
292 410
292 417
292 455
292 478
292 483
292 486
292 553
292 558
292 570
292 70
292 95
292 113
292 123
292 131
292 138
292 146
292 148
292 183
292 187
292 211
292 228
292 252
292 263
292 592
293 345
293 432
293 471
293 544
293 27
293 32
293 40
293 60
293 66
293 73
293 103
293 171
293 206
293 233
293 255
293 280
293 593
294 313
294 365
294 430
294 561
294 575
294 597
294 5
294 8
294 34
294 39
294 70
294 74
294 87
294 88
294 91
294 124
294 126
294 144
294 173
294 183
294 192
294 197
294 208
294 255
294 275
294 283
294 295
294 297
294 594
295 441
295 446
295 470
295 493
295 508
295 531
295 10
295 46
295 71
295 93
295 143
295 179
295 195
295 233
295 240
295 264
295 267
295 286
295 287
295 294
295 595
296 318
296 413
296 438
296 459
296 465
296 492
296 513
296 515
296 21
296 38
296 41
296 68
296 71
296 74
296 79
296 89
296 109
296 117
296 122
296 125
296 129
296 156
296 197
296 216
296 224
296 225
296 288
296 289
296 297
296 596
297 341
297 520
297 558
297 6
297 56
297 70
297 88
297 100
297 122
297 126
297 160
297 202
297 256
297 272
297 294
297 296
297 597
298 302
298 345
298 385
298 386
298 446
298 512
298 569
298 582
298 23
298 56
298 71
298 122
298 165
298 181
298 194
298 214
298 221
298 229
298 249
298 291
298 598
299 331
299 443
299 484
299 591
299 7
299 16
299 17
299 46
299 59
299 62
299 141
299 178
299 228
299 255
299 264
299 599
300 22
300 52
300 114
300 138
300 141
300 238
300 260
300 0
301 13
301 26
301 117
301 124
301 180
301 241
301 273
301 1
302 12
302 18
302 29
302 217
302 282
302 298
302 2
303 3
303 204
304 48
304 56
304 59
304 78
304 86
304 175
304 182
304 194
304 200
304 257
304 273
304 4
305 19
305 29
305 71
305 164
305 189
305 5
306 17
306 23
306 79
306 131
306 246
306 6
307 117
307 141
307 237
307 244
307 7
308 68
308 165
308 195
308 253
308 257
308 8
309 45
309 126
309 170
309 171
309 232
309 234
309 9
310 12
310 53
310 107
310 138
310 147
310 177
310 189
310 227
310 238
310 10
311 23
311 45
311 94
311 141
311 194
311 11
312 69
312 87
312 110
312 114
312 151
312 235
312 273
312 278
312 12
313 14
313 129
313 133
313 174
313 216
313 282
313 294
313 13
314 3
314 31
314 64
314 80
314 96
314 102
314 112
314 181
314 213
314 235
314 238
314 264
314 281
314 14
315 16
315 111
315 123
315 137
315 235
315 15
316 16
316 27
316 37
316 51
316 149
316 174
317 30
317 49
317 81
317 98
317 181
317 275
317 282
317 17
318 33
318 91
318 174
318 190
318 203
318 296
318 18
319 33
319 36
319 87
319 158
319 249
319 19
320 2
320 32
320 60
320 74
320 76
320 126
320 135
320 261
320 20
321 15
321 106
321 140
321 203
321 244
321 266
321 279
321 21
322 39
322 108
322 205
322 224
322 243
322 255
322 22
323 0
323 9
323 37
323 132
323 145
323 161
323 165
323 186
323 224
323 267
323 23
324 42
324 44
324 56
324 73
324 80
324 102
324 127
324 286
324 24
325 52
325 86
325 155
325 158
325 198
325 225
325 249
325 271
325 273
325 25
326 14
326 60
326 94
326 173
326 188
326 215
326 26
327 41
327 69
327 120
327 143
327 149
327 157
327 248
327 27
328 44
328 98
328 141
328 145
328 188
328 28
329 175
329 177
329 229
329 278
329 29
330 73
330 122
330 127
330 226
330 245
330 281
330 284
330 30
331 15
331 24
331 73
331 76
331 141
331 172
331 237
331 255
331 267
331 299
331 31
332 80
332 189
332 207
332 251
332 261
332 32
333 52
333 68
333 69
333 265
333 276
333 33
334 60
334 65
334 110
334 126
334 203
334 213
334 246
334 34
335 20
335 93
335 94
335 102
335 129
335 203
335 215
335 227
335 247
335 275
335 291
335 35
336 185
336 36
337 210
337 246
337 37
338 30
338 51
338 78
338 105
338 107
338 193
338 257
338 270
338 279
338 38
339 52
339 68
339 106
339 184
339 248
339 39
340 7
340 206
340 218
340 227
340 251
340 40
341 57
341 74
341 131
341 155
341 297
341 41
342 120
342 238
342 239
342 250
342 42
343 3
343 6
343 15
343 27
343 37
343 48
343 55
343 93
343 180
343 183
343 227
343 256
343 280
343 43
344 143
344 175
344 188
344 213
344 44
345 43
345 55
345 103
345 106
345 149
345 236
345 255
345 293
345 298
345 45
346 61
346 167
346 217
346 239
346 286
346 46
347 23
347 77
347 90
347 104
347 118
347 131
347 141
347 241
347 275
347 276
347 47
348 170
348 241
348 259
348 265
348 289
348 48
349 13
349 157
349 215
349 49
350 66
350 91
350 152
350 235
350 50
351 49
351 52
351 195
351 220
351 51
352 32
352 36
352 167
352 203
352 214
352 262
352 264
352 274
352 52
353 111
353 127
353 173
353 213
353 248
353 267
353 53
354 50
354 62
354 178
354 229
354 235
354 279
354 54
355 9
355 51
355 60
355 70
355 86
355 89
355 90
355 94
355 105
355 133
355 168
355 170
355 253
355 291
355 55
356 33
356 68
356 89
356 127
356 134
356 153
356 171
356 200
356 243
356 56
357 24
357 90
357 95
357 206
357 218
357 236
357 284
357 57
358 4
358 56
358 98
358 154
358 209
358 249
358 58
359 80
359 276
359 59
360 35
360 37
360 48
360 103
360 244
360 258
360 60
361 108
361 141
361 61
362 89
362 127
362 134
362 239
362 254
362 262
362 62
363 74
363 97
363 168
363 196
363 239
363 63
364 61
364 144
364 231
364 64
365 24
365 104
365 153
365 166
365 294
365 65
366 5
366 24
366 27
366 155
366 238
366 66
367 21
367 72
367 127
367 137
367 197
367 266
367 67
368 80
368 146
368 188
368 212
368 230
368 283
368 68
369 19
369 72
369 100
369 110
369 157
369 187
369 279
369 69
370 24
370 33
370 147
370 178
370 180
370 223
370 70
371 8
371 31
371 86
371 88
371 150
371 165
371 278
371 71
372 27
372 176
372 72
373 39
373 280
373 73
374 134
374 140
374 158
374 211
374 240
374 278
374 74
375 4
375 32
375 157
375 177
375 224
375 261
375 264
375 75
376 2
376 10
376 47
376 64
376 120
376 140
376 210
376 240
376 76
377 44
377 97
377 110
377 133
377 156
377 165
377 215
377 221
377 263
377 289
377 77
378 13
378 24
378 40
378 108
378 159
378 173
378 255
378 78
379 49
379 109
379 193
379 226
379 254
379 263
379 79
380 47
380 89
380 268
380 292
380 80
381 84
381 106
381 116
381 81
382 20
382 82
382 121
382 131
382 138
382 150
382 151
382 180
382 181
382 242
383 150
383 161
383 212
383 287
383 83
384 36
384 105
384 121
384 155
384 159
384 202
384 237
384 84
385 254
385 255
385 265
385 298
385 85
386 29
386 40
386 73
386 78
386 80
386 110
386 149
386 163
386 219
386 248
386 298
386 86
387 67
387 70
387 115
387 181
387 190
387 235
387 247
387 263
387 87
388 3
388 60
388 64
388 150
388 168
388 172
388 209
388 226
388 233
388 88
389 93
389 179
389 246
389 258
389 275
389 284
389 89
390 119
390 272
390 90
391 9
391 36
391 102
391 211
391 221
391 284
391 91
392 76
392 79
392 94
392 116
392 177
392 216
392 92
393 125
393 93
394 109
394 117
394 141
394 142
394 217
394 283
394 94
395 97
395 101
395 161
395 182
395 202
395 257
395 95
396 44
396 148
396 177
396 219
396 283
396 96
397 189
397 273
397 292
397 97
398 9
398 14
398 80
398 97
398 148
398 171
398 178
398 196
398 277
398 98
399 201
399 202
399 247
399 99
400 55
400 119
400 155
400 184
400 269
400 100
401 66
401 82
401 116
401 148
401 202
401 229
401 271
401 101
402 18
402 33
402 47
402 74
402 108
402 203
402 102
403 18
403 53
403 108
403 154
403 197
403 285
403 286
403 103
404 34
404 45
404 75
404 110
404 127
404 131
404 153
404 236
404 263
404 104
405 11
405 74
405 106
405 263
405 269
405 287
405 105
406 56
406 58
406 93
406 95
406 145
406 199
406 217
406 106
407 18
407 91
407 92
407 253
407 258
407 262
407 264
407 275
407 289
407 107
408 72
408 96
408 148
408 161
408 211
408 234
408 263
408 287
408 108
409 38
409 56
409 108
409 112
409 130
409 157
409 290
409 109
410 236
410 237
410 239
410 258
410 292
410 110
411 75
411 191
411 210
411 222
411 111
412 37
412 92
412 161
412 168
412 169
412 198
412 199
412 231
412 112
413 5
413 34
413 119
413 183
413 267
413 291
413 296
413 113
414 17
414 62
414 198
414 211
414 226
414 114
415 23
415 58
415 66
415 185
415 186
415 261
415 115
416 180
416 192
416 116
417 35
417 95
417 118
417 135
417 205
417 217
417 277
417 292
417 117
418 33
418 79
418 122
418 228
418 234
418 118
419 22
419 153
419 160
419 288
419 119
420 16
420 42
420 53
420 93
420 111
420 172
420 192
420 201
420 222
420 262
420 279
420 120
421 6
421 35
421 60
421 63
421 66
421 84
421 124
421 158
421 247
421 121
422 58
422 63
422 111
422 131
422 135
422 231
422 122
423 35
423 57
423 96
423 101
423 146
423 123
424 50
424 51
424 124
424 127
424 246
424 261
425 25
425 32
425 82
425 136
425 157
425 280
425 125
426 21
426 42
426 47
426 167
426 186
426 283
426 126
427 85
427 206
427 244
427 127
428 23
428 285
428 128
429 28
429 92
429 102
429 142
429 146
429 152
429 161
429 182
429 202
429 266
429 269
429 129
430 20
430 98
430 116
430 294
430 130
431 2
431 22
431 25
431 40
431 148
431 281
431 131
432 9
432 133
432 140
432 202
432 288
432 293
432 132
433 255
433 283
433 133
434 6
434 82
434 127
434 206
434 234
434 134
435 14
435 92
435 209
435 263
435 135
436 4
436 15
436 62
436 81
436 102
436 139
436 270
436 281
436 288
436 136
437 32
437 66
437 80
437 85
437 235
437 289
437 137
438 75
438 79
438 123
438 131
438 181
438 188
438 296
438 138
439 149
439 226
439 139
440 14
440 15
440 121
440 238
440 140
441 26
441 127
441 197
441 223
441 250
441 295
441 141
442 154
442 281
442 142
443 40
443 79
443 200
443 287
443 299
443 143
444 19
444 42
444 150
444 144
445 11
445 109
445 125
445 147
445 179
445 237
445 145
446 156
446 198
446 236
446 237
446 295
446 298
446 146
447 27
447 45
447 58
447 96
447 157
447 195
447 238
447 281
447 147
448 16
448 20
448 26
448 208
448 272
448 148
449 81
449 203
449 217
449 149
450 95
450 121
450 125
450 150
451 0
451 106
451 117
451 118
451 210
451 286
451 151
452 54
452 75
452 83
452 99
452 225
452 261
452 152
453 29
453 36
453 92
453 167
453 169
453 189
453 153
454 91
454 124
454 190
454 231
454 154
455 32
455 81
455 88
455 131
455 177
455 193
455 292
455 155
456 34
456 44
456 216
456 226
456 268
456 285
456 156
457 112
457 178
457 281
457 157
458 6
458 48
458 90
458 97
458 124
458 152
458 244
458 262
458 158
459 110
459 126
459 131
459 263
459 296
459 159
460 18
460 248
460 261
460 160
461 210
461 240
461 291
461 161
462 46
462 51
462 67
462 190
462 227
462 240
462 258
462 265
462 162
463 12
463 47
463 57
463 235
463 281
463 163
464 8
464 42
464 89
464 125
464 253
464 164
465 59
465 70
465 162
465 178
465 233
465 275
465 280
465 286
465 296
465 165
466 100
466 173
466 180
466 191
466 214
466 166
467 2
467 80
467 160
467 187
467 269
467 276
467 167
468 34
468 76
468 164
468 173
468 205
468 254
468 262
468 281
468 290
468 168
469 33
469 43
469 64
469 102
469 137
469 193
469 206
469 169
470 133
470 146
470 166
470 295
470 170
471 46
471 112
471 293
471 171
472 6
472 29
472 243
472 172
473 34
473 51
473 104
473 116
473 164
473 241
473 173
474 103
474 180
474 247
474 174
475 16
475 30
475 76
475 114
475 191
475 198
475 216
475 254
475 257
475 175
476 119
476 122
476 157
476 197
476 206
476 220
476 233
476 275
476 176
477 12
477 76
477 77
477 81
477 116
477 142
477 149
477 170
477 268
477 177
478 21
478 91
478 168
478 188
478 218
478 243
478 288
478 292
478 178
479 9
479 29
479 41
479 43
479 55
479 141
479 179
480 81
480 83
480 92
480 164
480 169
480 178
480 185
480 231
480 245
480 180
481 26
481 41
481 105
481 119
481 181
482 140
482 228
482 182
483 32
483 40
483 51
483 105
483 138
483 189
483 216
483 240
483 269
483 292
483 183
484 61
484 83
484 145
484 227
484 299
484 184
485 69
485 89
485 127
485 149
485 152
485 262
485 185
486 27
486 212
486 213
486 222
486 276
486 292
486 186
487 34
487 39
487 53
487 77
487 136
487 138
487 142
487 188
487 243
487 187
488 8
488 16
488 67
488 79
488 86
488 127
488 176
488 196
488 210
488 188
489 28
489 50
489 64
489 65
489 72
489 176
489 189
490 25
490 32
490 91
490 92
490 121
490 141
490 143
490 146
490 191
490 201
490 271
490 276
490 190
491 159
491 209
491 191
492 85
492 91
492 139
492 159
492 241
492 259
492 296
492 192
493 7
493 131
493 143
493 204
493 223
493 295
493 193
494 6
494 13
494 20
494 21
494 41
494 135
494 140
494 167
494 253
494 194
495 55
495 65
495 89
495 111
495 195
495 260
496 38
496 44
496 138
496 235
496 278
496 196
497 5
497 27
497 121
497 268
497 197
498 23
498 75
498 188
498 279
498 198
499 40
499 111
499 167
499 188
499 282
499 286
499 199
500 17
500 73
500 158
500 179
500 214
500 246
500 271
500 290
500 200
501 13
501 59
501 62
501 65
501 77
501 103
501 115
501 232
501 201
502 24
502 28
502 142
502 202
503 27
503 143
503 144
503 146
503 190
503 224
503 233
503 273
503 281
503 203
504 82
504 165
504 279
504 204
505 1
505 66
505 71
505 97
505 119
505 139
505 140
505 248
505 255
505 274
505 205
506 90
506 174
506 206
507 33
507 85
507 125
507 285
507 207
508 14
508 84
508 168
508 198
508 221
508 295
508 208
509 69
509 164
509 193
509 263
509 285
509 209
510 17
510 148
510 219
510 268
510 274
510 290
510 210
511 7
511 33
511 102
511 115
511 241
511 256
511 211
512 17
512 37
512 174
512 289
512 298
512 212
513 13
513 57
513 236
513 296
513 213
514 6
514 37
514 75
514 78
514 82
514 106
514 115
514 201
514 207
514 267
514 280
514 214
515 35
515 45
515 123
515 143
515 203
515 251
515 277
515 296
515 215
516 18
516 21
516 92
516 141
516 231
516 216
517 59
517 107
517 136
517 233
517 217
518 39
518 80
518 141
518 169
518 268
518 218
519 119
519 137
519 139
519 256
519 274
519 219
520 55
520 70
520 111
520 209
520 285
520 297
520 220
521 109
521 112
521 163
521 249
521 277
521 279
521 287
521 221
522 124
522 222
523 4
523 20
523 25
523 71
523 112
523 128
523 155
523 192
523 223
524 24
524 104
524 114
524 172
524 179
524 196
524 205
524 255
524 224
525 35
525 189
525 236
525 225
526 5
526 21
526 60
526 122
526 212
526 265
526 226
527 50
527 55
527 74
527 79
527 108
527 180
527 248
527 289
527 227
528 58
528 129
528 177
528 228
529 79
529 88
529 126
529 195
529 204
529 211
529 229
530 27
530 98
530 146
530 160
530 164
530 167
530 176
530 186
530 190
530 211
530 251
530 230
531 3
531 14
531 78
531 82
531 256
531 269
531 295
531 231
532 25
532 26
532 52
532 78
532 215
532 232
533 0
533 105
533 120
533 132
533 187
533 194
533 227
533 229
533 233
534 42
534 85
534 184
534 232
534 239
534 257
534 265
534 267
534 234
535 9
535 35
535 72
535 131
535 149
535 235
536 20
536 122
536 201
536 236
537 10
537 24
537 136
537 193
537 195
537 237
538 77
538 87
538 278
538 238
539 4
539 7
539 34
539 76
539 118
539 157
539 198
539 217
539 239
540 41
540 89
540 240
541 16
541 38
541 50
541 74
541 94
541 96
541 155
541 189
541 268
541 287
541 241
542 7
542 35
542 85
542 134
542 139
542 146
542 181
542 268
542 242
543 38
543 51
543 53
543 88
543 158
543 163
543 200
543 207
543 210
543 217
543 225
543 227
543 254
543 264
543 243
544 2
544 5
544 20
544 33
544 55
544 147
544 293
544 244
545 60
545 109
545 148
545 229
545 248
545 267
545 275
545 276
545 280
545 245
546 90
546 162
546 204
546 269
546 246
547 28
547 33
547 49
547 54
547 116
547 121
547 166
547 179
547 193
547 210
547 234
547 247
548 18
548 55
548 66
548 79
548 168
548 201
548 231
548 273
548 248
549 44
549 68
549 73
549 89
549 96
549 113
549 117
549 174
549 249
550 21
550 65
550 113
550 202
550 244
550 263
550 266
550 250
551 37
551 51
551 99
551 148
551 252
551 271
551 275
551 251
552 9
552 20
552 56
552 115
552 183
552 206
552 244
552 252
553 95
553 117
553 127
553 131
553 240
553 257
553 287
553 292
553 253
554 116
554 161
554 173
554 213
554 219
554 254
555 22
555 29
555 78
555 104
555 127
555 148
555 161
555 255
556 43
556 55
556 192
556 256
557 102
557 164
557 229
557 260
557 257
558 32
558 50
558 71
558 111
558 210
558 231
558 268
558 292
558 297
558 258
559 37
559 66
559 71
559 98
559 105
559 129
559 233
559 234
559 259
560 34
560 54
560 56
560 145
560 235
560 246
560 247
560 260
561 120
561 156
561 161
561 208
561 229
561 270
561 294
561 261
562 39
562 44
562 128
562 138
562 193
562 208
562 215
562 262
563 10
563 64
563 116
563 267
563 263
564 124
564 146
564 158
564 159
564 194
564 199
564 229
564 233
564 256
564 264
565 56
565 78
565 265
566 35
566 287
566 266
567 12
567 267
568 29
568 53
568 127
568 136
568 171
568 172
568 197
568 232
568 271
568 289
568 268
569 10
569 53
569 67
569 70
569 150
569 180
569 260
569 298
569 269
570 15
570 26
570 31
570 243
570 288
570 289
570 292
570 270
571 86
571 121
571 131
571 205
571 215
571 216
571 271
572 33
572 61
572 82
572 90
572 112
572 269
572 272
573 12
573 139
573 159
573 170
573 272
573 273
574 28
574 109
574 113
574 177
574 223
574 244
574 257
574 274
575 43
575 74
575 125
575 207
575 233
575 294
575 275
576 1
576 16
576 102
576 123
576 203
576 209
576 214
576 276
577 53
577 152
577 182
577 239
577 290
577 277
578 47
578 76
578 82
578 101
578 161
578 207
578 227
578 276
578 278
579 40
579 111
579 158
579 188
579 200
579 208
579 222
579 257
579 259
579 283
579 279
580 23
580 143
580 145
580 153
580 160
580 165
580 214
580 276
580 281
580 280
581 0
581 40
581 47
581 88
581 198
581 199
581 266
581 281
582 68
582 124
582 191
582 250
582 298
582 282
583 45
583 49
583 84
583 175
583 189
583 226
583 265
583 271
583 278
583 283
584 161
584 173
584 179
584 206
584 221
584 281
584 284
585 1
585 107
585 114
585 121
585 162
585 285
586 200
586 286
587 130
587 287
588 70
588 115
588 239
588 280
588 286
588 288
589 35
589 37
589 107
589 212
589 215
589 221
589 279
589 289
590 50
590 94
590 142
590 145
590 164
590 199
590 202
590 249
590 290
591 52
591 123
591 157
591 299
591 291
592 259
592 285
592 292
593 7
593 19
593 21
593 22
593 40
593 88
593 190
593 270
593 293
594 27
594 159
594 174
594 182
594 233
594 263
594 267
594 294
595 112
595 132
595 143
595 162
595 295
596 44
596 57
596 114
596 245
596 262
596 277
596 296
597 2
597 54
597 95
597 201
597 264
597 294
597 297
598 189
598 204
598 284
598 298
599 0
599 16
599 73
599 86
599 132
599 196
599 209
599 299
