  100   262
0 92
0 3
0 5
0 9
0 17
0 26
0 41
0 50
1 64
1 78
1 94
1 2
1 20
1 21
1 24
1 31
1 36
1 46
1 51
2 98
2 1
2 16
2 19
2 22
2 31
2 52
3 81
3 80
3 0
3 24
3 31
3 43
3 44
3 53
4 82
4 81
4 16
4 33
4 49
4 54
5 77
5 78
5 0
5 48
5 55
6 54
6 69
6 42
6 56
7 50
7 90
7 12
7 36
7 37
7 41
7 42
7 46
7 57
8 83
8 82
8 18
8 31
8 32
8 44
8 58
9 87
9 0
9 11
9 13
9 17
9 28
9 43
9 59
10 76
10 82
10 23
10 37
10 60
11 68
11 73
11 92
11 9
11 14
11 39
11 61
12 71
12 85
12 7
12 15
12 35
12 39
12 62
13 63
13 66
13 68
13 9
13 16
13 21
14 84
14 83
14 11
14 18
14 19
14 29
14 64
15 61
15 73
15 78
15 12
15 16
15 17
15 37
15 40
15 49
15 65
16 72
16 2
16 4
16 13
16 15
16 17
16 18
16 23
16 39
16 46
16 66
17 72
17 96
17 0
17 9
17 15
17 16
17 20
17 32
17 33
17 37
17 67
18 60
18 8
18 14
18 16
18 27
18 31
18 68
19 85
19 84
19 2
19 14
19 25
19 40
19 69
20 52
20 65
20 1
20 17
20 34
20 70
21 67
21 1
21 13
21 41
21 47
21 48
21 71
22 68
22 70
22 93
22 2
22 34
22 47
22 48
22 72
23 62
23 83
23 10
23 16
23 29
23 31
23 37
23 38
23 73
24 52
24 1
24 3
24 26
24 30
24 31
24 35
24 74
25 51
25 75
25 87
25 19
25 43
26 75
26 0
26 24
26 42
26 44
26 45
26 76
27 52
27 67
27 72
27 96
27 18
27 77
28 55
28 58
28 88
28 9
28 45
28 78
29 65
29 14
29 23
29 30
29 48
29 79
30 62
30 24
30 29
30 31
30 38
30 40
30 80
31 76
31 1
31 2
31 3
31 8
31 18
31 23
31 24
31 30
31 49
31 81
32 89
32 85
32 56
32 53
32 8
32 17
32 37
32 38
32 44
32 82
33 69
33 4
33 17
33 83
34 86
34 20
34 22
34 38
34 84
35 91
35 89
35 57
35 56
35 12
35 24
35 46
35 85
36 94
36 91
36 59
36 57
36 1
36 7
36 48
36 49
36 86
37 50
37 55
37 86
37 93
37 7
37 10
37 15
37 17
37 23
37 32
37 42
37 87
38 75
38 94
38 23
38 30
38 32
38 34
38 88
39 91
39 11
39 12
39 16
39 89
40 95
40 94
40 60
40 59
40 15
40 19
40 30
40 90
41 96
41 95
41 69
41 60
41 0
41 7
41 21
41 91
42 77
42 6
42 7
42 26
42 37
42 44
42 92
43 97
43 3
43 9
43 25
43 47
43 93
44 52
44 3
44 8
44 26
44 32
44 42
44 94
45 97
45 96
45 74
45 69
45 26
45 28
45 95
46 63
46 1
46 7
46 16
46 35
46 47
46 96
47 98
47 97
47 79
47 74
47 21
47 22
47 43
47 46
48 85
48 5
48 21
48 22
48 29
48 36
48 98
49 99
49 98
49 80
49 79
49 4
49 15
49 31
49 36
50 7
50 37
50 0
51 25
51 1
52 20
52 24
52 27
52 44
52 2
53 32
53 3
54 6
54 4
55 28
55 37
55 5
56 32
56 35
56 6
57 35
57 36
57 7
58 28
58 8
59 36
59 40
59 9
60 18
60 40
60 41
60 10
61 15
61 11
62 23
62 30
62 12
63 13
63 46
64 1
64 14
65 20
65 29
65 15
66 13
66 16
67 21
67 27
67 17
68 11
68 13
68 22
68 18
69 6
69 33
69 41
69 45
69 19
70 22
70 20
71 12
71 21
72 16
72 17
72 27
72 22
73 11
73 15
73 23
74 45
74 47
74 24
75 25
75 26
75 38
76 10
76 31
76 26
77 5
77 42
77 27
78 1
78 5
78 15
78 28
79 47
79 49
79 29
80 3
80 49
80 30
81 3
81 4
81 31
82 4
82 8
82 10
82 32
83 8
83 14
83 23
83 33
84 14
84 19
84 34
85 12
85 19
85 32
85 48
85 35
86 34
86 37
86 36
87 9
87 25
87 37
88 28
88 38
89 32
89 35
89 39
90 7
90 40
91 35
91 36
91 39
91 41
92 0
92 11
92 42
93 22
93 37
93 43
94 1
94 36
94 38
94 40
94 44
95 40
95 41
95 45
96 17
96 27
96 41
96 45
96 46
97 43
97 45
97 47
98 2
98 47
98 49
98 48
99 49
