  400   4678
0 203
0 213
0 214
0 253
0 255
0 256
0 260
0 262
0 265
0 271
0 280
0 301
0 305
0 342
0 363
0 373
0 378
0 383
0 385
0 395
0 8
0 47
0 78
0 129
0 200
1 202
1 209
1 228
1 247
1 265
1 267
1 270
1 273
1 300
1 310
1 325
1 342
1 347
1 352
1 369
1 375
1 383
1 385
1 32
1 101
1 146
1 201
2 218
2 232
2 243
2 255
2 257
2 261
2 267
2 302
2 312
2 338
2 348
2 353
2 357
2 366
2 396
2 64
2 81
2 87
2 89
2 134
2 174
2 202
3 221
3 222
3 255
3 261
3 262
3 272
3 279
3 285
3 290
3 298
3 308
3 324
3 327
3 337
3 339
3 344
3 357
3 358
3 376
3 383
3 37
3 43
3 66
3 102
3 126
3 130
3 146
3 203
4 216
4 217
4 234
4 262
4 264
4 269
4 280
4 292
4 294
4 298
4 341
4 342
4 375
4 390
4 36
4 59
4 74
4 116
4 154
4 204
5 235
5 240
5 260
5 269
5 286
5 290
5 291
5 293
5 308
5 310
5 313
5 341
5 354
5 363
5 373
5 376
5 390
5 391
5 13
5 34
5 67
5 125
5 146
5 155
5 173
5 187
5 205
6 204
6 208
6 220
6 230
6 246
6 263
6 268
6 282
6 290
6 296
6 297
6 307
6 309
6 322
6 344
6 375
6 378
6 379
6 383
6 385
6 388
6 398
6 399
6 32
6 33
6 96
6 125
6 143
6 150
6 153
6 185
6 187
6 206
7 207
7 208
7 210
7 226
7 228
7 231
7 270
7 288
7 297
7 317
7 329
7 335
7 341
7 350
7 351
7 357
7 360
7 366
7 371
7 380
7 72
7 87
7 104
7 133
7 151
7 173
8 200
8 217
8 224
8 235
8 260
8 270
8 285
8 297
8 303
8 324
8 331
8 347
8 348
8 350
8 370
8 395
8 0
8 18
8 52
8 54
8 107
8 150
8 152
8 154
8 181
8 187
8 208
9 204
9 218
9 226
9 227
9 233
9 239
9 253
9 260
9 273
9 277
9 294
9 296
9 297
9 307
9 323
9 328
9 346
9 347
9 351
9 360
9 367
9 369
9 376
9 394
9 29
9 164
9 165
9 199
9 209
10 204
10 207
10 214
10 230
10 256
10 260
10 271
10 274
10 275
10 296
10 317
10 323
10 351
10 360
10 362
10 367
10 377
10 379
10 380
10 382
10 387
10 391
10 392
10 29
10 85
10 150
10 187
10 210
11 235
11 236
11 241
11 242
11 250
11 260
11 283
11 298
11 299
11 303
11 307
11 314
11 318
11 325
11 327
11 330
11 344
11 350
11 356
11 368
11 384
11 26
11 70
11 71
11 109
11 123
11 135
11 142
11 211
12 201
12 208
12 219
12 224
12 226
12 229
12 234
12 238
12 250
12 295
12 302
12 303
12 305
12 311
12 316
12 345
12 363
12 388
12 391
12 19
12 29
12 78
12 86
12 121
12 159
12 212
13 201
13 220
13 225
13 277
13 291
13 300
13 306
13 326
13 340
13 344
13 358
13 364
13 381
13 392
13 5
13 18
13 22
13 44
13 45
13 62
13 66
13 95
13 110
13 169
13 190
13 213
14 202
14 206
14 213
14 214
14 227
14 238
14 261
14 267
14 286
14 288
14 290
14 302
14 305
14 308
14 315
14 330
14 331
14 340
14 349
14 350
14 354
14 361
14 369
14 370
14 379
14 380
14 391
14 393
14 56
14 114
14 167
14 168
14 171
14 176
15 217
15 267
15 277
15 279
15 281
15 286
15 288
15 301
15 303
15 315
15 324
15 326
15 330
15 363
15 371
15 372
15 387
15 391
15 17
15 31
15 87
15 99
15 215
16 207
16 218
16 227
16 228
16 242
16 256
16 259
16 262
16 290
16 293
16 308
16 312
16 339
16 341
16 342
16 348
16 360
16 389
16 394
16 397
16 398
16 111
16 143
16 153
16 181
16 184
16 190
16 216
17 224
17 226
17 236
17 262
17 273
17 275
17 281
17 284
17 304
17 306
17 310
17 357
17 390
17 395
17 15
17 60
17 132
17 217
18 207
18 213
18 225
18 233
18 241
18 244
18 268
18 274
18 277
18 291
18 301
18 306
18 315
18 317
18 324
18 335
18 346
18 365
18 385
18 390
18 393
18 396
18 8
18 13
18 46
18 81
18 100
18 104
18 149
18 173
18 179
18 218
19 225
19 227
19 228
19 236
19 261
19 282
19 286
19 287
19 288
19 300
19 305
19 317
19 338
19 350
19 363
19 369
19 372
19 374
19 384
19 12
19 30
19 87
19 110
19 142
19 174
19 219
20 218
20 247
20 249
20 253
20 256
20 258
20 270
20 273
20 285
20 288
20 306
20 316
20 319
20 348
20 351
20 355
20 361
20 366
20 367
20 368
20 371
20 373
20 374
20 377
20 29
20 60
20 114
20 131
20 167
20 220
21 203
21 204
21 213
21 230
21 246
21 251
21 253
21 262
21 269
21 274
21 277
21 279
21 286
21 291
21 303
21 304
21 312
21 320
21 331
21 348
21 50
21 55
21 63
21 88
21 108
21 158
21 169
21 187
21 192
21 199
21 221
22 200
22 203
22 214
22 219
22 223
22 224
22 225
22 257
22 271
22 296
22 329
22 343
22 344
22 348
22 353
22 368
22 370
22 373
22 378
22 388
22 389
22 391
22 13
22 61
22 90
22 93
22 152
22 161
22 166
22 222
23 215
23 229
23 250
23 257
23 260
23 270
23 272
23 304
23 306
23 308
23 321
23 331
23 336
23 340
23 347
23 358
23 375
23 378
23 381
23 76
23 113
23 116
23 184
23 196
23 223
24 222
24 258
24 282
24 287
24 300
24 312
24 315
24 318
24 322
24 345
24 379
24 396
24 25
24 83
24 93
24 95
24 131
24 140
24 167
24 176
24 189
24 224
25 201
25 226
25 229
25 237
25 242
25 248
25 250
25 265
25 269
25 300
25 305
25 307
25 309
25 336
25 344
25 353
25 388
25 24
25 52
25 92
25 129
25 225
26 202
26 203
26 208
26 222
26 229
26 236
26 237
26 238
26 239
26 246
26 253
26 265
26 270
26 274
26 276
26 288
26 293
26 302
26 309
26 325
26 328
26 344
26 346
26 350
26 353
26 354
26 355
26 360
26 366
26 382
26 385
26 389
26 393
26 11
26 31
26 55
26 70
26 121
26 163
26 174
26 199
26 226
27 217
27 221
27 222
27 226
27 242
27 247
27 259
27 266
27 276
27 280
27 303
27 305
27 310
27 316
27 319
27 332
27 340
27 341
27 347
27 357
27 362
27 378
27 382
27 388
27 394
27 49
27 74
27 105
27 127
27 165
27 179
27 227
28 200
28 220
28 224
28 230
28 247
28 272
28 277
28 285
28 302
28 307
28 319
28 328
28 330
28 332
28 333
28 347
28 349
28 370
28 371
28 380
28 387
28 32
28 75
28 84
28 140
28 228
29 208
29 225
29 264
29 296
29 307
29 322
29 329
29 338
29 347
29 349
29 355
29 393
29 9
29 10
29 12
29 20
29 33
29 48
29 74
29 95
29 115
29 148
29 157
29 229
30 202
30 206
30 207
30 213
30 219
30 224
30 229
30 275
30 290
30 296
30 314
30 328
30 338
30 350
30 372
30 381
30 384
30 19
30 88
30 110
30 230
31 218
31 223
31 227
31 230
31 238
31 242
31 243
31 244
31 251
31 254
31 265
31 282
31 284
31 291
31 294
31 302
31 303
31 318
31 323
31 325
31 375
31 382
31 385
31 398
31 15
31 26
31 37
31 83
31 105
31 139
31 143
31 164
31 177
31 231
32 226
32 239
32 242
32 243
32 254
32 259
32 264
32 293
32 294
32 295
32 296
32 303
32 304
32 312
32 319
32 323
32 325
32 337
32 344
32 347
32 351
32 384
32 392
32 395
32 399
32 1
32 6
32 28
32 47
32 182
32 232
33 210
33 222
33 239
33 256
33 262
33 272
33 282
33 283
33 287
33 289
33 293
33 301
33 306
33 308
33 331
33 341
33 349
33 362
33 369
33 383
33 6
33 29
33 84
33 107
33 115
33 139
33 141
33 186
33 233
34 200
34 202
34 223
34 230
34 231
34 273
34 274
34 291
34 303
34 306
34 308
34 323
34 325
34 328
34 330
34 332
34 346
34 349
34 355
34 357
34 374
34 381
34 5
34 44
34 65
34 76
34 77
34 90
34 108
34 109
34 155
34 234
35 200
35 205
35 207
35 213
35 220
35 241
35 252
35 286
35 292
35 312
35 313
35 325
35 336
35 343
35 367
35 376
35 394
35 86
35 110
35 171
35 235
36 217
36 223
36 228
36 230
36 240
36 245
36 293
36 308
36 316
36 326
36 327
36 354
36 357
36 369
36 373
36 384
36 386
36 388
36 392
36 393
36 399
36 4
36 94
36 110
36 120
36 132
36 172
36 236
37 203
37 232
37 246
37 262
37 264
37 265
37 268
37 273
37 274
37 280
37 282
37 296
37 315
37 316
37 332
37 337
37 343
37 346
37 362
37 366
37 367
37 369
37 373
37 387
37 397
37 3
37 31
37 55
37 97
37 170
37 237
38 205
38 207
38 218
38 239
38 240
38 244
38 262
38 264
38 287
38 296
38 302
38 334
38 335
38 336
38 337
38 341
38 342
38 346
38 347
38 369
38 383
38 385
38 386
38 82
38 85
38 144
38 170
38 238
39 229
39 245
39 251
39 256
39 282
39 304
39 318
39 328
39 366
39 374
39 376
39 393
39 51
39 63
39 64
39 115
39 127
39 161
39 167
39 173
39 239
40 211
40 217
40 221
40 235
40 251
40 254
40 257
40 261
40 282
40 311
40 344
40 347
40 375
40 388
40 390
40 77
40 108
40 123
40 132
40 141
40 150
40 159
40 165
40 240
41 213
41 215
41 217
41 219
41 234
41 251
41 270
41 305
41 308
41 309
41 314
41 327
41 336
41 338
41 360
41 365
41 395
41 106
41 241
42 220
42 238
42 242
42 244
42 256
42 264
42 270
42 273
42 290
42 303
42 316
42 328
42 344
42 355
42 357
42 360
42 378
42 379
42 380
42 383
42 385
42 93
42 140
42 185
43 204
43 208
43 223
43 229
43 230
43 246
43 251
43 254
43 279
43 282
43 289
43 296
43 312
43 324
43 327
43 332
43 336
43 349
43 352
43 354
43 355
43 362
43 366
43 375
43 387
43 3
43 141
43 148
43 160
43 243
44 201
44 212
44 223
44 241
44 244
44 252
44 256
44 273
44 281
44 285
44 286
44 298
44 304
44 310
44 316
44 354
44 364
44 365
44 368
44 386
44 13
44 34
44 93
44 105
44 137
44 138
45 210
45 224
45 238
45 248
45 291
45 297
45 334
45 348
45 366
45 391
45 13
45 67
45 77
45 84
45 90
45 158
45 173
45 179
45 195
45 245
46 201
46 210
46 215
46 235
46 251
46 253
46 267
46 273
46 280
46 289
46 290
46 292
46 320
46 339
46 341
46 344
46 346
46 350
46 353
46 356
46 370
46 379
46 18
46 78
46 82
46 93
46 99
46 100
46 181
46 246
47 218
47 235
47 243
47 254
47 257
47 259
47 260
47 279
47 280
47 282
47 300
47 335
47 345
47 384
47 398
47 0
47 32
47 50
47 70
47 121
47 129
47 179
47 180
47 247
48 202
48 208
48 221
48 262
48 264
48 266
48 273
48 278
48 291
48 301
48 304
48 318
48 345
48 351
48 353
48 362
48 370
48 378
48 398
48 29
48 50
48 64
48 121
48 248
49 226
49 234
49 237
49 240
49 260
49 265
49 285
49 289
49 294
49 295
49 302
49 310
49 317
49 322
49 339
49 350
49 363
49 380
49 386
49 387
49 389
49 390
49 27
49 136
49 171
49 249
50 206
50 226
50 231
50 242
50 251
50 260
50 266
50 280
50 281
50 282
50 296
50 326
50 338
50 353
50 21
50 47
50 48
50 80
50 101
50 139
50 177
50 189
50 250
51 207
51 212
51 265
51 266
51 270
51 281
51 286
51 303
51 309
51 328
51 344
51 345
51 380
51 385
51 388
51 392
51 393
51 394
51 39
51 89
51 118
51 159
51 251
52 206
52 215
52 220
52 235
52 246
52 251
52 280
52 282
52 283
52 288
52 289
52 304
52 307
52 311
52 312
52 327
52 332
52 335
52 357
52 366
52 370
52 373
52 379
52 381
52 8
52 25
52 82
52 102
52 110
52 122
52 146
52 169
52 252
53 209
53 216
53 224
53 228
53 242
53 245
53 266
53 315
53 325
53 329
53 332
53 351
53 353
53 358
53 368
53 383
53 386
53 89
53 137
53 253
54 210
54 224
54 229
54 246
54 247
54 285
54 296
54 298
54 308
54 330
54 333
54 345
54 356
54 373
54 375
54 376
54 377
54 379
54 390
54 394
54 395
54 399
54 8
54 84
54 129
54 153
54 158
54 193
54 254
55 209
55 214
55 216
55 237
55 244
55 247
55 249
55 250
55 252
55 262
55 271
55 291
55 297
55 312
55 315
55 317
55 337
55 342
55 363
55 366
55 370
55 375
55 379
55 380
55 388
55 393
55 21
55 26
55 37
55 61
55 255
56 207
56 215
56 217
56 223
56 225
56 228
56 236
56 255
56 257
56 264
56 269
56 271
56 279
56 288
56 289
56 290
56 297
56 307
56 359
56 361
56 370
56 374
56 376
56 393
56 396
56 14
56 74
56 90
56 131
56 193
56 256
57 205
57 213
57 225
57 228
57 234
57 255
57 263
57 277
57 281
57 296
57 305
57 308
57 319
57 325
57 329
57 333
57 336
57 347
57 358
57 362
57 376
57 380
57 394
57 63
57 73
57 77
57 89
57 101
57 150
57 183
57 257
58 212
58 225
58 236
58 249
58 274
58 277
58 281
58 282
58 290
58 293
58 325
58 333
58 339
58 340
58 366
58 384
58 144
58 151
58 258
59 201
59 206
59 208
59 254
59 259
59 261
59 268
59 286
59 304
59 311
59 320
59 326
59 337
59 350
59 383
59 397
59 4
59 89
59 93
59 140
59 189
60 211
60 220
60 221
60 254
60 258
60 261
60 290
60 306
60 359
60 369
60 374
60 378
60 387
60 17
60 20
60 93
60 108
60 260
61 207
61 220
61 251
61 270
61 272
61 280
61 302
61 313
61 321
61 327
61 372
61 373
61 378
61 384
61 392
61 22
61 55
61 71
61 140
61 168
61 186
61 261
62 206
62 232
62 262
62 265
62 268
62 277
62 281
62 299
62 301
62 303
62 315
62 325
62 352
62 357
62 374
62 384
62 393
62 399
62 13
62 70
62 140
62 150
62 162
62 172
62 187
63 209
63 220
63 227
63 233
63 237
63 273
63 283
63 289
63 299
63 307
63 310
63 323
63 328
63 332
63 338
63 348
63 350
63 359
63 360
63 366
63 378
63 384
63 387
63 21
63 39
63 57
63 116
63 121
63 185
63 263
64 201
64 202
64 205
64 210
64 221
64 226
64 233
64 235
64 250
64 337
64 342
64 349
64 367
64 372
64 385
64 390
64 391
64 2
64 39
64 48
64 117
64 264
65 205
65 242
65 252
65 254
65 257
65 273
65 281
65 293
65 306
65 307
65 313
65 315
65 318
65 339
65 347
65 368
65 376
65 390
65 34
65 71
65 92
65 122
65 129
65 160
65 176
65 196
65 265
66 210
66 222
66 227
66 228
66 230
66 244
66 245
66 253
66 255
66 269
66 276
66 282
66 291
66 321
66 328
66 357
66 359
66 366
66 398
66 3
66 13
66 161
66 266
67 203
67 212
67 220
67 234
67 241
67 244
67 256
67 258
67 261
67 263
67 266
67 271
67 288
67 303
67 323
67 324
67 325
67 333
67 343
67 344
67 348
67 359
67 373
67 381
67 383
67 389
67 391
67 5
67 45
67 77
67 103
67 132
67 160
67 267
68 203
68 214
68 217
68 224
68 231
68 240
68 244
68 249
68 256
68 266
68 274
68 285
68 310
68 331
68 333
68 343
68 345
68 348
68 356
68 363
68 382
68 383
68 387
68 392
68 399
68 98
68 169
68 170
68 268
69 206
69 231
69 248
69 272
69 286
69 291
69 312
69 316
69 321
69 329
69 363
69 377
69 383
69 85
69 96
69 143
69 269
70 217
70 233
70 240
70 268
70 277
70 301
70 303
70 305
70 307
70 323
70 335
70 346
70 363
70 374
70 389
70 11
70 26
70 47
70 62
70 97
70 99
70 125
70 127
70 128
70 157
70 170
70 186
70 270
71 214
71 215
71 247
71 264
71 269
71 291
71 297
71 301
71 314
71 361
71 371
71 380
71 11
71 61
71 65
71 122
71 157
71 185
71 271
72 202
72 229
72 241
72 242
72 282
72 286
72 292
72 308
72 311
72 316
72 320
72 329
72 339
72 342
72 346
72 349
72 350
72 362
72 371
72 374
72 383
72 390
72 392
72 397
72 398
72 7
72 89
72 126
72 272
73 218
73 239
73 247
73 257
73 259
73 263
73 269
73 270
73 281
73 287
73 290
73 326
73 330
73 337
73 341
73 346
73 353
73 354
73 356
73 357
73 369
73 379
73 386
73 399
73 57
73 87
73 96
73 133
73 150
73 273
74 204
74 205
74 209
74 214
74 216
74 244
74 248
74 250
74 261
74 263
74 272
74 275
74 290
74 293
74 305
74 317
74 323
74 349
74 350
74 364
74 372
74 4
74 27
74 29
74 56
74 101
74 107
74 111
74 138
74 144
74 180
74 274
75 202
75 207
75 211
75 212
75 248
75 251
75 262
75 287
75 289
75 295
75 299
75 331
75 346
75 349
75 352
75 368
75 369
75 389
75 392
75 396
75 28
75 79
75 120
75 275
76 200
76 214
76 230
76 238
76 244
76 247
76 248
76 249
76 255
76 257
76 266
76 269
76 277
76 298
76 309
76 310
76 311
76 336
76 348
76 349
76 354
76 355
76 361
76 362
76 368
76 397
76 23
76 34
76 107
76 122
76 164
76 176
76 276
77 222
77 236
77 240
77 241
77 244
77 255
77 260
77 262
77 269
77 272
77 284
77 302
77 328
77 334
77 339
77 344
77 352
77 354
77 376
77 381
77 385
77 389
77 394
77 399
77 34
77 40
77 45
77 57
77 67
77 157
77 277
78 200
78 204
78 232
78 257
78 265
78 266
78 278
78 298
78 312
78 318
78 334
78 340
78 343
78 373
78 374
78 379
78 393
78 0
78 12
78 46
78 85
78 108
78 109
78 131
78 177
78 186
79 203
79 219
79 220
79 245
79 261
79 262
79 271
79 306
79 313
79 338
79 342
79 344
79 351
79 356
79 376
79 397
79 75
79 142
79 183
79 279
80 202
80 214
80 221
80 222
80 225
80 228
80 244
80 253
80 254
80 262
80 263
80 276
80 286
80 301
80 323
80 325
80 338
80 347
80 359
80 368
80 374
80 385
80 395
80 50
80 127
80 182
80 186
80 280
81 217
81 227
81 229
81 241
81 245
81 254
81 255
81 258
81 274
81 287
81 290
81 333
81 344
81 348
81 351
81 369
81 370
81 373
81 376
81 381
81 397
81 2
81 18
81 107
81 140
81 158
81 281
82 200
82 202
82 210
82 212
82 225
82 228
82 240
82 276
82 279
82 286
82 296
82 314
82 323
82 337
82 356
82 365
82 367
82 372
82 373
82 381
82 396
82 398
82 38
82 46
82 52
82 92
82 136
82 138
82 146
82 282
83 214
83 229
83 234
83 247
83 276
83 290
83 295
83 301
83 355
83 365
83 367
83 378
83 379
83 380
83 388
83 397
83 24
83 31
83 134
83 135
83 283
84 204
84 213
84 217
84 218
84 224
84 231
84 255
84 256
84 257
84 265
84 278
84 285
84 316
84 325
84 328
84 344
84 353
84 354
84 371
84 376
84 394
84 399
84 28
84 33
84 45
84 54
84 95
84 158
84 163
84 168
84 183
84 284
85 205
85 210
85 222
85 225
85 226
85 230
85 239
85 240
85 259
85 264
85 271
85 274
85 286
85 287
85 290
85 306
85 310
85 314
85 315
85 317
85 318
85 335
85 362
85 368
85 375
85 381
85 10
85 38
85 69
85 78
85 90
85 93
85 97
85 114
85 129
85 148
85 193
85 285
86 212
86 218
86 271
86 278
86 282
86 287
86 292
86 305
86 316
86 318
86 320
86 327
86 336
86 349
86 352
86 382
86 394
86 12
86 35
86 88
86 108
86 152
86 194
86 286
87 222
87 232
87 255
87 263
87 276
87 278
87 295
87 327
87 343
87 354
87 366
87 374
87 379
87 392
87 2
87 7
87 15
87 19
87 73
87 135
87 287
88 201
88 216
88 229
88 232
88 235
88 241
88 251
88 258
88 301
88 316
88 321
88 351
88 360
88 21
88 30
88 86
88 192
88 288
89 205
89 223
89 265
89 274
89 296
89 302
89 305
89 321
89 323
89 326
89 337
89 339
89 355
89 367
89 369
89 391
89 394
89 2
89 51
89 53
89 57
89 59
89 72
89 182
89 289
90 213
90 230
90 244
90 249
90 278
90 285
90 287
90 293
90 299
90 303
90 306
90 333
90 356
90 368
90 369
90 372
90 398
90 22
90 34
90 45
90 56
90 85
90 104
90 161
90 165
90 185
90 290
91 204
91 213
91 246
91 248
91 260
91 275
91 281
91 282
91 297
91 298
91 303
91 307
91 315
91 331
91 340
91 341
91 366
91 376
91 390
91 396
91 398
91 105
91 110
91 291
92 209
92 233
92 250
92 254
92 265
92 278
92 291
92 292
92 300
92 328
92 331
92 343
92 360
92 378
92 398
92 25
92 65
92 82
92 138
92 140
92 147
92 184
92 191
93 201
93 207
93 208
93 211
93 227
93 232
93 251
93 276
93 285
93 299
93 302
93 312
93 322
93 328
93 330
93 336
93 362
93 383
93 386
93 392
93 22
93 24
93 42
93 44
93 46
93 59
93 60
93 85
93 94
93 111
93 175
93 293
94 221
94 235
94 238
94 239
94 261
94 272
94 275
94 277
94 283
94 289
94 306
94 318
94 327
94 344
94 346
94 350
94 363
94 365
94 378
94 391
94 392
94 399
94 36
94 93
94 167
94 294
95 206
95 210
95 217
95 218
95 220
95 221
95 236
95 267
95 270
95 279
95 311
95 312
95 314
95 322
95 335
95 374
95 381
95 382
95 384
95 13
95 24
95 29
95 84
95 100
95 129
95 152
95 174
95 295
96 206
96 207
96 217
96 218
96 236
96 280
96 285
96 298
96 302
96 317
96 318
96 322
96 323
96 327
96 337
96 346
96 348
96 369
96 372
96 384
96 393
96 398
96 399
96 6
96 69
96 73
96 141
96 164
96 180
96 296
97 203
97 204
97 214
97 218
97 237
97 245
97 253
97 254
97 265
97 280
97 287
97 305
97 309
97 317
97 342
97 352
97 354
97 360
97 362
97 379
97 396
97 37
97 70
97 85
97 125
97 179
97 192
97 297
98 207
98 210
98 221
98 240
98 258
98 267
98 269
98 272
98 294
98 333
98 351
98 360
98 373
98 382
98 385
98 394
98 396
98 68
98 159
98 188
98 298
99 217
99 267
99 280
99 286
99 302
99 304
99 311
99 318
99 330
99 339
99 345
99 354
99 369
99 381
99 382
99 385
99 398
99 15
99 46
99 70
99 184
99 198
99 299
100 209
100 223
100 228
100 236
100 252
100 269
100 272
100 297
100 305
100 334
100 342
100 350
100 354
100 358
100 360
100 370
100 372
100 373
100 383
100 18
100 46
100 95
100 131
100 187
100 190
100 196
100 300
101 213
101 219
101 221
101 245
101 291
101 293
101 354
101 358
101 373
101 378
101 1
101 50
101 57
101 74
101 126
101 165
101 176
101 193
101 196
101 301
102 206
102 228
102 255
102 267
102 306
102 312
102 330
102 334
102 335
102 337
102 345
102 346
102 351
102 352
102 366
102 369
102 374
102 379
102 391
102 3
102 52
102 153
102 181
102 182
102 302
103 209
103 215
103 217
103 220
103 242
103 245
103 260
103 262
103 272
103 279
103 287
103 293
103 300
103 304
103 331
103 348
103 366
103 367
103 370
103 371
103 375
103 380
103 387
103 67
103 303
104 202
104 212
104 235
104 238
104 241
104 252
104 253
104 273
104 275
104 281
104 284
104 288
104 296
104 301
104 311
104 325
104 329
104 332
104 341
104 348
104 354
104 365
104 369
104 398
104 399
104 7
104 18
104 90
104 154
104 155
104 178
104 304
105 209
105 234
105 242
105 244
105 245
105 250
105 256
105 271
105 298
105 314
105 319
105 354
105 362
105 371
105 385
105 27
105 31
105 44
105 91
105 198
105 305
106 217
106 222
106 237
106 238
106 261
106 271
106 283
106 285
106 303
106 308
106 331
106 340
106 342
106 348
106 350
106 354
106 355
106 360
106 366
106 368
106 376
106 41
106 170
106 176
106 306
107 207
107 229
107 231
107 243
107 252
107 257
107 269
107 273
107 296
107 302
107 323
107 333
107 334
107 335
107 337
107 339
107 343
107 353
107 358
107 361
107 376
107 378
107 383
107 8
107 33
107 74
107 76
107 81
107 307
108 219
108 226
108 230
108 256
108 278
108 294
108 296
108 317
108 352
108 365
108 386
108 391
108 396
108 21
108 34
108 40
108 60
108 78
108 86
108 154
108 308
109 200
109 223
109 225
109 236
109 241
109 256
109 257
109 267
109 291
109 299
109 302
109 304
109 353
109 375
109 384
109 389
109 394
109 396
109 11
109 34
109 78
109 166
109 197
109 309
110 205
110 227
110 237
110 292
110 307
110 309
110 312
110 347
110 357
110 360
110 361
110 364
110 399
110 13
110 19
110 30
110 35
110 36
110 52
110 91
110 148
110 173
110 310
111 207
111 236
111 243
111 256
111 257
111 277
111 283
111 292
111 302
111 312
111 318
111 335
111 345
111 348
111 355
111 364
111 380
111 386
111 16
111 74
111 93
111 311
112 205
112 211
112 221
112 222
112 232
112 247
112 265
112 268
112 275
112 276
112 277
112 289
112 291
112 293
112 297
112 319
112 330
112 331
112 335
112 363
112 385
112 389
112 393
112 395
112 123
112 151
112 154
112 180
112 312
113 222
113 230
113 235
113 241
113 246
113 254
113 261
113 263
113 275
113 279
113 290
113 324
113 343
113 350
113 360
113 374
113 381
113 382
113 386
113 393
113 23
113 158
113 313
114 204
114 208
114 212
114 235
114 258
114 259
114 262
114 271
114 272
114 284
114 285
114 286
114 289
114 291
114 301
114 302
114 305
114 310
114 325
114 329
114 331
114 332
114 337
114 353
114 355
114 371
114 387
114 388
114 389
114 14
114 20
114 85
114 119
114 138
114 188
114 314
115 217
115 219
115 220
115 235
115 247
115 249
115 267
115 270
115 305
115 316
115 323
115 337
115 342
115 350
115 351
115 357
115 374
115 377
115 382
115 387
115 398
115 29
115 33
115 39
115 116
115 181
115 315
116 220
116 227
116 237
116 265
116 267
116 290
116 306
116 317
116 322
116 324
116 326
116 330
116 333
116 336
116 337
116 380
116 393
116 394
116 4
116 23
116 63
116 115
116 125
116 183
116 192
116 316
117 203
117 221
117 243
117 258
117 262
117 311
117 312
117 319
117 320
117 321
117 344
117 350
117 358
117 382
117 387
117 394
117 64
117 135
117 194
117 317
118 203
118 216
118 226
118 237
118 260
118 263
118 267
118 276
118 278
118 289
118 314
118 316
118 321
118 327
118 335
118 336
118 354
118 364
118 372
118 378
118 398
118 51
118 132
118 169
118 318
119 206
119 207
119 212
119 218
119 225
119 233
119 239
119 240
119 241
119 243
119 247
119 265
119 274
119 297
119 300
119 323
119 326
119 344
119 360
119 367
119 379
119 381
119 399
119 114
119 121
119 140
119 169
119 319
120 201
120 203
120 211
120 215
120 221
120 225
120 229
120 235
120 244
120 268
120 272
120 284
120 307
120 319
120 326
120 327
120 357
120 363
120 365
120 374
120 383
120 36
120 75
120 137
120 143
120 154
120 320
121 203
121 210
121 211
121 229
121 246
121 264
121 270
121 281
121 302
121 303
121 314
121 315
121 320
121 321
121 337
121 339
121 345
121 347
121 357
121 383
121 390
121 12
121 26
121 47
121 48
121 63
121 119
121 154
121 182
121 185
121 198
122 204
122 211
122 223
122 225
122 227
122 263
122 273
122 277
122 288
122 292
122 295
122 307
122 314
122 334
122 342
122 346
122 366
122 376
122 52
122 65
122 71
122 76
122 131
122 161
122 175
122 322
123 202
123 222
123 224
123 230
123 243
123 244
123 251
123 256
123 269
123 278
123 292
123 304
123 311
123 315
123 319
123 328
123 351
123 356
123 357
123 381
123 397
123 11
123 40
123 112
123 323
124 206
124 216
124 218
124 227
124 249
124 255
124 258
124 261
124 263
124 273
124 333
124 339
124 345
124 365
124 371
124 379
124 399
124 150
124 151
124 324
125 200
125 201
125 218
125 225
125 230
125 266
125 269
125 270
125 297
125 300
125 310
125 327
125 340
125 341
125 369
125 371
125 377
125 392
125 5
125 6
125 70
125 97
125 116
125 151
125 191
125 198
125 325
126 203
126 210
126 226
126 237
126 242
126 272
126 304
126 305
126 326
126 327
126 328
126 335
126 343
126 353
126 365
126 368
126 375
126 385
126 393
126 398
126 3
126 72
126 101
126 127
126 175
126 190
126 194
127 207
127 220
127 223
127 224
127 235
127 238
127 256
127 263
127 275
127 276
127 294
127 305
127 318
127 328
127 341
127 351
127 357
127 358
127 389
127 27
127 39
127 70
127 80
127 126
127 160
127 327
128 206
128 211
128 213
128 244
128 249
128 296
128 309
128 337
128 343
128 344
128 381
128 382
128 383
128 386
128 389
128 70
128 155
128 189
128 192
128 328
129 210
129 226
129 232
129 237
129 248
129 251
129 284
129 290
129 293
129 294
129 295
129 299
129 310
129 317
129 324
129 327
129 330
129 342
129 346
129 350
129 359
129 361
129 364
129 384
129 385
129 0
129 25
129 47
129 54
129 65
129 85
129 95
129 151
129 155
129 164
129 329
130 210
130 224
130 225
130 238
130 239
130 241
130 246
130 252
130 259
130 271
130 279
130 288
130 289
130 291
130 296
130 321
130 329
130 343
130 351
130 354
130 359
130 364
130 380
130 383
130 386
130 388
130 3
130 176
130 181
130 191
130 330
131 201
131 203
131 210
131 216
131 226
131 243
131 252
131 263
131 285
131 313
131 315
131 317
131 323
131 324
131 332
131 334
131 335
131 343
131 347
131 354
131 364
131 20
131 24
131 56
131 78
131 100
131 122
131 142
131 331
132 246
132 250
132 251
132 260
132 270
132 274
132 293
132 314
132 331
132 362
132 372
132 378
132 388
132 17
132 36
132 40
132 67
132 118
132 145
132 194
132 332
133 220
133 222
133 231
133 251
133 256
133 257
133 258
133 260
133 280
133 288
133 291
133 298
133 311
133 324
133 334
133 335
133 352
133 358
133 359
133 361
133 368
133 381
133 382
133 398
133 7
133 73
133 157
133 189
133 333
134 231
134 251
134 270
134 285
134 296
134 312
134 318
134 326
134 354
134 357
134 366
134 368
134 393
134 2
134 83
134 142
134 149
134 156
134 334
135 215
135 217
135 224
135 249
135 263
135 278
135 288
135 303
135 307
135 310
135 319
135 323
135 324
135 328
135 340
135 344
135 356
135 361
135 376
135 390
135 399
135 11
135 83
135 87
135 117
135 136
135 174
135 335
136 209
136 218
136 224
136 232
136 236
136 262
136 264
136 267
136 289
136 291
136 294
136 299
136 308
136 309
136 316
136 328
136 329
136 332
136 336
136 349
136 352
136 362
136 371
136 383
136 49
136 82
136 135
136 187
137 208
137 209
137 210
137 211
137 220
137 230
137 242
137 274
137 290
137 307
137 349
137 350
137 358
137 359
137 377
137 378
137 381
137 382
137 392
137 398
137 44
137 53
137 120
137 145
137 156
137 196
137 337
138 208
138 212
138 224
138 233
138 258
138 262
138 263
138 272
138 285
138 289
138 300
138 304
138 309
138 321
138 323
138 325
138 342
138 370
138 376
138 382
138 395
138 44
138 74
138 82
138 92
138 114
138 153
138 338
139 206
139 207
139 233
139 248
139 249
139 254
139 263
139 290
139 295
139 301
139 334
139 336
139 340
139 344
139 349
139 365
139 379
139 31
139 33
139 50
139 339
140 205
140 213
140 231
140 258
140 263
140 265
140 268
140 269
140 316
140 323
140 357
140 367
140 24
140 28
140 42
140 59
140 61
140 62
140 81
140 92
140 119
140 184
140 340
141 210
141 213
141 224
141 233
141 244
141 254
141 257
141 258
141 279
141 282
141 286
141 304
141 307
141 314
141 315
141 322
141 325
141 342
141 345
141 371
141 377
141 380
141 384
141 396
141 33
141 40
141 43
141 96
141 160
141 163
141 173
141 175
141 196
141 341
142 205
142 249
142 253
142 256
142 268
142 270
142 273
142 274
142 276
142 292
142 301
142 317
142 325
142 342
142 359
142 366
142 384
142 389
142 394
142 11
142 19
142 79
142 131
142 134
142 172
143 209
143 215
143 224
143 230
143 231
143 238
143 251
143 257
143 294
143 304
143 321
143 326
143 330
143 337
143 348
143 353
143 359
143 360
143 394
143 395
143 396
143 397
143 6
143 16
143 31
143 69
143 120
143 185
143 192
143 198
143 199
143 343
144 202
144 215
144 218
144 219
144 223
144 233
144 248
144 255
144 256
144 265
144 276
144 277
144 282
144 288
144 314
144 331
144 333
144 334
144 359
144 360
144 378
144 383
144 385
144 389
144 38
144 58
144 74
144 148
144 344
145 200
145 202
145 219
145 220
145 224
145 253
145 254
145 255
145 263
145 276
145 292
145 309
145 313
145 316
145 326
145 332
145 339
145 343
145 367
145 368
145 369
145 393
145 132
145 137
145 153
145 165
145 173
145 345
146 200
146 226
146 232
146 233
146 234
146 236
146 242
146 260
146 263
146 270
146 273
146 276
146 283
146 288
146 290
146 311
146 315
146 334
146 344
146 346
146 347
146 359
146 371
146 375
146 1
146 3
146 5
146 52
146 82
146 196
147 207
147 220
147 263
147 275
147 282
147 303
147 317
147 318
147 320
147 337
147 343
147 345
147 369
147 379
147 397
147 399
147 92
147 199
147 347
148 200
148 218
148 224
148 226
148 253
148 261
148 262
148 282
148 307
148 322
148 330
148 331
148 340
148 345
148 349
148 353
148 367
148 371
148 385
148 393
148 29
148 43
148 85
148 110
148 144
148 348
149 212
149 240
149 244
149 260
149 276
149 278
149 285
149 290
149 296
149 299
149 301
149 319
149 322
149 324
149 337
149 341
149 342
149 346
149 371
149 18
149 134
149 349
150 200
150 204
150 227
150 237
150 242
150 249
150 254
150 262
150 266
150 272
150 298
150 308
150 330
150 334
150 342
150 360
150 377
150 379
150 6
150 8
150 10
150 40
150 57
150 62
150 73
150 124
150 169
150 350
151 201
151 203
151 224
151 225
151 229
151 237
151 259
151 280
151 291
151 295
151 300
151 305
151 314
151 318
151 341
151 342
151 354
151 358
151 399
151 7
151 58
151 112
151 124
151 125
151 129
151 162
151 351
152 200
152 204
152 209
152 227
152 233
152 254
152 281
152 286
152 294
152 318
152 319
152 323
152 324
152 326
152 343
152 383
152 387
152 397
152 399
152 8
152 22
152 86
152 95
152 158
152 177
152 352
153 206
153 215
153 216
153 218
153 221
153 222
153 228
153 235
153 241
153 248
153 251
153 253
153 256
153 259
153 263
153 271
153 275
153 286
153 288
153 289
153 311
153 316
153 319
153 323
153 331
153 336
153 351
153 362
153 363
153 387
153 390
153 6
153 16
153 54
153 102
153 138
153 145
153 353
154 215
154 234
154 241
154 249
154 257
154 274
154 295
154 306
154 309
154 325
154 330
154 335
154 338
154 353
154 356
154 360
154 364
154 374
154 377
154 382
154 392
154 399
154 4
154 8
154 104
154 108
154 112
154 120
154 121
154 156
154 354
155 207
155 209
155 215
155 229
155 235
155 244
155 264
155 278
155 297
155 302
155 313
155 318
155 324
155 336
155 345
155 376
155 377
155 379
155 386
155 395
155 5
155 34
155 104
155 128
155 129
155 182
155 185
155 199
155 355
156 215
156 266
156 280
156 282
156 300
156 307
156 309
156 315
156 322
156 335
156 338
156 367
156 373
156 134
156 137
156 154
156 167
156 356
157 202
157 205
157 232
157 246
157 268
157 280
157 282
157 286
157 287
157 306
157 337
157 343
157 347
157 354
157 370
157 380
157 391
157 29
157 70
157 71
157 77
157 133
157 357
158 212
158 220
158 223
158 234
158 254
158 272
158 277
158 283
158 286
158 304
158 310
158 315
158 326
158 329
158 337
158 338
158 340
158 347
158 364
158 373
158 374
158 388
158 399
158 21
158 45
158 54
158 81
158 84
158 113
158 152
158 164
158 358
159 205
159 255
159 259
159 263
159 264
159 271
159 288
159 316
159 330
159 350
159 358
159 361
159 12
159 40
159 51
159 98
159 162
159 185
159 359
160 208
160 217
160 221
160 232
160 239
160 251
160 254
160 255
160 274
160 283
160 288
160 295
160 299
160 310
160 321
160 323
160 330
160 332
160 343
160 348
160 349
160 352
160 358
160 364
160 380
160 399
160 43
160 65
160 67
160 127
160 141
160 164
160 177
160 194
160 360
161 200
161 201
161 231
161 260
161 282
161 336
161 345
161 360
161 362
161 364
161 372
161 391
161 393
161 396
161 398
161 22
161 39
161 66
161 90
161 122
161 172
161 188
161 361
162 205
162 206
162 218
162 238
162 240
162 249
162 252
162 262
162 266
162 269
162 271
162 274
162 275
162 277
162 284
162 300
162 312
162 315
162 337
162 338
162 339
162 345
162 357
162 364
162 366
162 380
162 386
162 62
162 151
162 159
162 173
162 362
163 200
163 216
163 226
163 231
163 242
163 246
163 248
163 263
163 281
163 295
163 301
163 310
163 313
163 318
163 327
163 340
163 353
163 364
163 373
163 385
163 26
163 84
163 141
163 363
164 206
164 223
164 235
164 239
164 240
164 248
164 249
164 295
164 297
164 299
164 333
164 339
164 348
164 394
164 397
164 9
164 31
164 76
164 96
164 129
164 158
164 160
164 364
165 215
165 219
165 220
165 221
165 235
165 240
165 271
165 291
165 303
165 304
165 316
165 317
165 330
165 336
165 345
165 377
165 378
165 379
165 398
165 9
165 27
165 40
165 90
165 101
165 145
165 171
165 365
166 227
166 234
166 237
166 246
166 252
166 257
166 262
166 277
166 282
166 290
166 293
166 297
166 301
166 316
166 323
166 330
166 333
166 334
166 373
166 389
166 399
166 22
166 109
166 187
166 192
166 366
167 201
167 208
167 211
167 217
167 220
167 235
167 245
167 248
167 254
167 272
167 274
167 285
167 287
167 291
167 308
167 314
167 315
167 318
167 321
167 340
167 367
167 386
167 392
167 396
167 14
167 20
167 24
167 39
167 94
167 156
167 177
167 183
167 195
168 208
168 239
168 246
168 252
168 288
168 289
168 295
168 320
168 322
168 330
168 341
168 352
168 373
168 389
168 14
168 61
168 84
168 368
169 202
169 214
169 251
169 256
169 262
169 277
169 281
169 286
169 293
169 305
169 311
169 318
169 334
169 337
169 339
169 372
169 13
169 21
169 52
169 68
169 118
169 119
169 150
169 369
170 201
170 209
170 224
170 227
170 234
170 236
170 252
170 257
170 262
170 273
170 283
170 291
170 302
170 305
170 308
170 311
170 314
170 320
170 327
170 334
170 354
170 355
170 363
170 364
170 374
170 377
170 37
170 38
170 68
170 70
170 106
170 181
170 185
170 196
170 370
171 206
171 220
171 227
171 228
171 259
171 261
171 297
171 303
171 310
171 324
171 334
171 342
171 344
171 388
171 399
171 14
171 35
171 49
171 165
171 174
171 185
171 371
172 213
172 224
172 228
172 236
172 239
172 240
172 251
172 258
172 264
172 265
172 280
172 296
172 302
172 310
172 311
172 313
172 345
172 349
172 366
172 399
172 36
172 62
172 142
172 161
172 198
172 372
173 207
173 218
173 236
173 238
173 284
173 288
173 293
173 300
173 333
173 334
173 360
173 362
173 371
173 377
173 378
173 5
173 7
173 18
173 39
173 45
173 110
173 141
173 145
173 162
173 373
174 209
174 228
174 263
174 264
174 265
174 286
174 288
174 293
174 307
174 312
174 334
174 340
174 341
174 343
174 346
174 375
174 379
174 389
174 394
174 2
174 19
174 26
174 95
174 135
174 171
174 183
174 374
175 200
175 201
175 215
175 226
175 249
175 254
175 262
175 303
175 318
175 327
175 342
175 344
175 346
175 348
175 349
175 359
175 366
175 367
175 389
175 392
175 93
175 122
175 126
175 141
175 375
176 208
176 219
176 233
176 289
176 302
176 311
176 330
176 331
176 337
176 373
176 14
176 24
176 65
176 76
176 101
176 106
176 130
176 376
177 203
177 206
177 215
177 220
177 224
177 229
177 244
177 253
177 255
177 268
177 290
177 292
177 303
177 315
177 322
177 327
177 338
177 340
177 342
177 366
177 386
177 399
177 31
177 50
177 78
177 152
177 160
177 167
177 377
178 227
178 235
178 265
178 278
178 292
178 301
178 302
178 304
178 336
178 337
178 343
178 348
178 355
178 366
178 375
178 376
178 384
178 388
178 399
178 104
178 378
179 200
179 236
179 245
179 259
179 261
179 272
179 300
179 308
179 321
179 331
179 339
179 373
179 374
179 377
179 396
179 18
179 27
179 45
179 47
179 97
179 379
180 210
180 214
180 224
180 253
180 271
180 295
180 312
180 314
180 316
180 318
180 330
180 332
180 337
180 378
180 390
180 395
180 399
180 47
180 74
180 96
180 112
180 380
181 205
181 209
181 211
181 235
181 239
181 266
181 272
181 280
181 291
181 294
181 297
181 299
181 305
181 314
181 318
181 335
181 344
181 349
181 351
181 354
181 361
181 394
181 8
181 16
181 46
181 102
181 115
181 130
181 170
181 196
181 381
182 210
182 218
182 219
182 226
182 232
182 233
182 239
182 240
182 249
182 254
182 258
182 272
182 289
182 293
182 304
182 309
182 315
182 320
182 341
182 349
182 397
182 32
182 80
182 89
182 102
182 121
182 155
182 382
183 208
183 220
183 224
183 234
183 241
183 253
183 259
183 265
183 289
183 290
183 293
183 306
183 307
183 319
183 328
183 334
183 343
183 348
183 358
183 372
183 381
183 384
183 385
183 391
183 57
183 79
183 84
183 116
183 167
183 174
183 383
184 200
184 201
184 256
184 274
184 276
184 278
184 294
184 302
184 307
184 314
184 326
184 330
184 331
184 334
184 347
184 361
184 366
184 383
184 394
184 16
184 23
184 92
184 99
184 140
184 384
185 212
185 221
185 242
185 261
185 262
185 266
185 275
185 281
185 286
185 323
185 330
185 338
185 340
185 342
185 355
185 380
185 396
185 6
185 42
185 63
185 71
185 90
185 121
185 143
185 155
185 159
185 170
185 171
185 385
186 200
186 214
186 220
186 235
186 239
186 240
186 247
186 249
186 265
186 284
186 285
186 291
186 297
186 304
186 313
186 316
186 329
186 347
186 354
186 385
186 398
186 33
186 61
186 70
186 78
186 80
186 197
186 386
187 209
187 215
187 233
187 234
187 244
187 285
187 287
187 295
187 309
187 324
187 329
187 334
187 348
187 351
187 353
187 356
187 363
187 374
187 378
187 388
187 390
187 395
187 5
187 6
187 8
187 10
187 21
187 62
187 100
187 136
187 166
187 387
188 204
188 209
188 214
188 225
188 228
188 232
188 241
188 244
188 252
188 266
188 274
188 288
188 289
188 308
188 323
188 330
188 334
188 335
188 342
188 353
188 369
188 372
188 387
188 98
188 114
188 161
188 388
189 200
189 203
189 204
189 206
189 223
189 234
189 252
189 294
189 306
189 310
189 312
189 319
189 362
189 366
189 373
189 383
189 397
189 399
189 24
189 50
189 59
189 128
189 133
189 193
189 389
190 208
190 212
190 216
190 220
190 221
190 225
190 249
190 261
190 278
190 280
190 288
190 312
190 325
190 334
190 351
190 361
190 366
190 13
190 16
190 100
190 126
190 390
191 214
191 215
191 230
191 238
191 249
191 255
191 257
191 263
191 270
191 275
191 280
191 293
191 296
191 302
191 323
191 332
191 333
191 356
191 357
191 358
191 366
191 395
191 396
191 92
191 125
191 130
191 391
192 202
192 228
192 268
192 321
192 323
192 324
192 329
192 331
192 339
192 357
192 363
192 369
192 372
192 21
192 88
192 97
192 116
192 128
192 143
192 166
192 392
193 200
193 203
193 217
193 221
193 240
193 244
193 247
193 258
193 264
193 276
193 281
193 291
193 308
193 309
193 312
193 347
193 349
193 54
193 56
193 85
193 101
193 189
193 393
194 216
194 217
194 222
194 238
194 250
194 260
194 277
194 287
194 289
194 292
194 296
194 313
194 316
194 317
194 320
194 321
194 325
194 343
194 355
194 373
194 380
194 394
194 399
194 86
194 117
194 126
194 132
194 160
195 209
195 219
195 223
195 233
195 239
195 248
195 253
195 271
195 279
195 306
195 328
195 336
195 346
195 370
195 375
195 378
195 388
195 393
195 45
195 167
195 395
196 202
196 210
196 220
196 225
196 254
196 256
196 257
196 263
196 274
196 290
196 294
196 299
196 320
196 324
196 362
196 381
196 394
196 23
196 65
196 100
196 101
196 137
196 141
196 146
196 170
196 181
196 396
197 205
197 207
197 215
197 216
197 249
197 276
197 282
197 307
197 324
197 330
197 345
197 351
197 360
197 363
197 364
197 375
197 378
197 386
197 109
197 186
197 397
198 202
198 203
198 207
198 212
198 219
198 221
198 224
198 235
198 263
198 270
198 277
198 293
198 296
198 300
198 304
198 306
198 313
198 324
198 331
198 333
198 338
198 342
198 351
198 358
198 359
198 366
198 367
198 374
198 383
198 389
198 393
198 99
198 105
198 121
198 125
198 143
198 172
198 398
199 202
199 229
199 262
199 293
199 294
199 297
199 311
199 316
199 326
199 327
199 329
199 351
199 386
199 388
199 389
199 396
199 397
199 9
199 21
199 26
199 143
199 147
199 155
199 399
200 8
200 22
200 28
200 34
200 35
200 76
200 78
200 82
200 109
200 125
200 145
200 146
200 148
200 150
200 152
200 161
200 163
200 175
200 179
200 184
200 186
200 189
200 193
200 0
201 12
201 13
201 25
201 44
201 46
201 59
201 64
201 88
201 93
201 120
201 125
201 131
201 151
201 161
201 167
201 170
201 175
201 184
201 1
202 1
202 14
202 26
202 30
202 34
202 48
202 64
202 72
202 75
202 80
202 82
202 104
202 123
202 144
202 145
202 157
202 169
202 192
202 196
202 198
202 199
202 2
203 0
203 21
203 22
203 26
203 37
203 67
203 68
203 79
203 97
203 117
203 118
203 120
203 121
203 126
203 131
203 151
203 177
203 189
203 193
203 198
203 3
204 6
204 9
204 10
204 21
204 43
204 74
204 78
204 84
204 91
204 97
204 114
204 122
204 150
204 152
204 188
204 189
204 4
205 35
205 38
205 57
205 64
205 65
205 74
205 85
205 89
205 110
205 112
205 140
205 142
205 157
205 159
205 162
205 181
205 197
205 5
206 14
206 30
206 50
206 52
206 59
206 62
206 69
206 95
206 96
206 102
206 119
206 124
206 128
206 139
206 153
206 162
206 164
206 171
206 177
206 189
206 6
207 7
207 10
207 16
207 18
207 30
207 35
207 38
207 51
207 56
207 61
207 75
207 93
207 96
207 98
207 107
207 111
207 119
207 127
207 139
207 147
207 155
207 173
207 197
207 198
208 6
208 7
208 12
208 26
208 29
208 43
208 48
208 59
208 93
208 114
208 137
208 138
208 160
208 167
208 168
208 176
208 183
208 190
208 8
209 1
209 53
209 55
209 63
209 74
209 92
209 100
209 103
209 105
209 136
209 137
209 143
209 152
209 155
209 170
209 174
209 181
209 187
209 188
209 195
209 9
210 7
210 33
210 45
210 46
210 54
210 64
210 66
210 82
210 85
210 95
210 98
210 121
210 126
210 129
210 130
210 131
210 137
210 141
210 180
210 182
210 196
210 10
211 40
211 60
211 75
211 93
211 112
211 120
211 121
211 122
211 128
211 137
211 167
211 181
211 11
212 44
212 51
212 58
212 67
212 75
212 82
212 86
212 104
212 114
212 119
212 138
212 149
212 158
212 185
212 190
212 198
212 12
213 0
213 14
213 18
213 21
213 30
213 35
213 41
213 57
213 84
213 90
213 91
213 101
213 128
213 140
213 141
213 172
213 13
214 0
214 10
214 14
214 22
214 55
214 68
214 71
214 74
214 76
214 80
214 83
214 97
214 169
214 180
214 186
214 188
214 191
215 23
215 41
215 46
215 52
215 56
215 71
215 103
215 120
215 135
215 143
215 144
215 153
215 154
215 155
215 156
215 165
215 175
215 177
215 187
215 191
215 197
215 15
216 4
216 53
216 55
216 74
216 88
216 118
216 124
216 131
216 153
216 163
216 190
216 194
216 197
216 16
217 4
217 8
217 15
217 27
217 36
217 40
217 41
217 56
217 68
217 70
217 81
217 84
217 95
217 96
217 99
217 103
217 106
217 115
217 135
217 160
217 167
217 193
217 194
217 17
218 2
218 9
218 16
218 20
218 31
218 38
218 47
218 73
218 84
218 86
218 95
218 96
218 97
218 119
218 124
218 125
218 136
218 144
218 148
218 153
218 162
218 173
218 182
218 18
219 12
219 22
219 30
219 41
219 79
219 101
219 108
219 115
219 144
219 145
219 165
219 176
219 182
219 195
219 198
219 19
220 6
220 13
220 28
220 35
220 42
220 52
220 60
220 61
220 63
220 67
220 79
220 95
220 103
220 115
220 116
220 127
220 133
220 137
220 145
220 147
220 158
220 165
220 167
220 171
220 177
220 183
220 186
220 190
220 196
220 20
221 3
221 27
221 40
221 48
221 60
221 64
221 80
221 94
221 95
221 98
221 101
221 112
221 117
221 120
221 153
221 160
221 165
221 185
221 190
221 193
221 198
221 21
222 3
222 24
222 26
222 27
222 33
222 66
222 77
222 80
222 85
222 87
222 106
222 112
222 113
222 123
222 133
222 153
222 194
222 22
223 22
223 31
223 34
223 36
223 43
223 44
223 56
223 89
223 100
223 109
223 122
223 127
223 144
223 158
223 164
223 189
223 195
223 23
224 8
224 12
224 17
224 22
224 28
224 30
224 45
224 53
224 54
224 68
224 84
224 123
224 127
224 130
224 135
224 136
224 138
224 141
224 143
224 145
224 148
224 151
224 170
224 172
224 177
224 180
224 183
224 198
224 24
225 13
225 18
225 19
225 22
225 29
225 56
225 57
225 58
225 80
225 82
225 85
225 109
225 119
225 120
225 122
225 125
225 130
225 151
225 188
225 190
225 196
225 25
226 7
226 9
226 12
226 17
226 25
226 27
226 32
226 49
226 50
226 64
226 85
226 108
226 118
226 126
226 129
226 131
226 146
226 148
226 163
226 175
226 182
226 26
227 9
227 14
227 16
227 19
227 31
227 63
227 66
227 81
227 93
227 110
227 116
227 122
227 124
227 150
227 152
227 166
227 170
227 171
227 178
227 27
228 1
228 7
228 16
228 19
228 36
228 53
228 56
228 57
228 66
228 80
228 82
228 100
228 102
228 153
228 171
228 172
228 174
228 188
228 192
228 28
229 12
229 23
229 25
229 26
229 30
229 39
229 43
229 54
229 72
229 81
229 83
229 88
229 107
229 120
229 121
229 151
229 155
229 177
229 199
229 29
230 6
230 10
230 21
230 28
230 31
230 34
230 36
230 43
230 66
230 76
230 85
230 90
230 108
230 113
230 123
230 125
230 137
230 143
230 191
230 30
231 7
231 34
231 50
231 68
231 69
231 84
231 107
231 133
231 134
231 140
231 143
231 161
231 163
231 31
232 2
232 37
232 62
232 78
232 87
232 88
232 93
232 112
232 129
232 136
232 146
232 157
232 160
232 182
232 188
232 32
233 9
233 18
233 63
233 64
233 70
233 92
233 119
233 138
233 139
233 141
233 144
233 146
233 152
233 176
233 182
233 187
233 195
233 33
234 4
234 12
234 41
234 49
234 57
234 67
234 83
234 105
234 146
234 154
234 158
234 166
234 170
234 183
234 187
234 189
234 34
235 5
235 8
235 11
235 40
235 46
235 47
235 52
235 64
235 88
235 94
235 104
235 113
235 114
235 115
235 120
235 127
235 153
235 155
235 164
235 165
235 167
235 178
235 181
235 186
235 198
235 35
236 11
236 17
236 19
236 26
236 56
236 58
236 77
236 95
236 96
236 100
236 109
236 111
236 136
236 146
236 170
236 172
236 173
236 179
236 36
237 25
237 26
237 49
237 55
237 63
237 97
237 106
237 110
237 116
237 118
237 126
237 129
237 150
237 151
237 166
237 37
238 12
238 14
238 26
238 31
238 42
238 45
238 76
238 94
238 104
238 106
238 127
238 130
238 143
238 162
238 173
238 191
238 194
238 38
239 9
239 26
239 32
239 33
239 38
239 73
239 85
239 94
239 119
239 130
239 160
239 164
239 168
239 172
239 181
239 182
239 186
239 195
239 39
240 5
240 36
240 38
240 49
240 68
240 70
240 77
240 82
240 85
240 98
240 119
240 149
240 162
240 164
240 165
240 172
240 182
240 186
240 193
240 40
241 11
241 18
241 35
241 44
241 67
241 72
241 77
241 81
241 88
241 104
241 109
241 113
241 119
241 130
241 153
241 154
241 183
241 188
241 41
242 11
242 16
242 25
242 27
242 31
242 32
242 42
242 50
242 53
242 65
242 72
242 103
242 105
242 126
242 137
242 146
242 150
242 163
242 185
243 2
243 31
243 32
243 47
243 107
243 111
243 117
243 119
243 123
243 131
243 43
244 18
244 31
244 38
244 42
244 44
244 55
244 66
244 67
244 68
244 74
244 76
244 77
244 80
244 90
244 105
244 120
244 123
244 128
244 141
244 149
244 155
244 177
244 187
244 188
244 193
245 36
245 39
245 53
245 66
245 79
245 81
245 97
245 101
245 103
245 105
245 167
245 179
245 45
246 6
246 21
246 26
246 37
246 43
246 52
246 54
246 91
246 113
246 121
246 130
246 132
246 157
246 163
246 166
246 168
246 46
247 1
247 20
247 27
247 28
247 54
247 55
247 71
247 73
247 76
247 83
247 112
247 115
247 119
247 186
247 193
247 47
248 25
248 45
248 69
248 74
248 75
248 76
248 91
248 129
248 139
248 144
248 153
248 163
248 164
248 167
248 195
248 48
249 20
249 55
249 58
249 68
249 76
249 90
249 115
249 124
249 128
249 135
249 139
249 142
249 150
249 154
249 162
249 164
249 175
249 182
249 186
249 190
249 191
249 197
249 49
250 11
250 12
250 23
250 25
250 55
250 64
250 74
250 92
250 105
250 132
250 194
250 50
251 21
251 31
251 39
251 40
251 41
251 43
251 46
251 50
251 52
251 61
251 75
251 88
251 93
251 123
251 129
251 132
251 133
251 134
251 143
251 153
251 160
251 169
251 172
251 51
252 35
252 44
252 55
252 65
252 100
252 104
252 107
252 130
252 131
252 162
252 166
252 168
252 170
252 188
252 189
252 52
253 0
253 9
253 20
253 21
253 26
253 46
253 66
253 80
253 97
253 104
253 142
253 145
253 148
253 153
253 177
253 180
253 183
253 195
253 53
254 31
254 32
254 40
254 43
254 47
254 59
254 60
254 65
254 80
254 81
254 92
254 97
254 113
254 139
254 141
254 145
254 150
254 152
254 158
254 160
254 167
254 175
254 182
254 196
254 54
255 0
255 2
255 3
255 56
255 57
255 66
255 76
255 77
255 81
255 84
255 87
255 102
255 124
255 144
255 145
255 159
255 160
255 177
255 191
255 55
256 0
256 10
256 16
256 20
256 33
256 39
256 42
256 44
256 67
256 68
256 84
256 105
256 108
256 109
256 111
256 123
256 127
256 133
256 142
256 144
256 153
256 169
256 184
256 196
256 56
257 2
257 22
257 23
257 40
257 47
257 56
257 65
257 73
257 76
257 78
257 84
257 107
257 109
257 111
257 133
257 141
257 143
257 154
257 166
257 170
257 191
257 196
257 57
258 20
258 24
258 60
258 67
258 81
258 88
258 98
258 114
258 117
258 124
258 133
258 138
258 140
258 141
258 172
258 182
258 193
258 58
259 16
259 27
259 32
259 47
259 59
259 73
259 85
259 114
259 130
259 151
259 153
259 159
259 171
259 179
259 183
260 0
260 5
260 8
260 9
260 10
260 11
260 23
260 47
260 49
260 50
260 77
260 91
260 103
260 118
260 132
260 133
260 146
260 149
260 161
260 194
260 60
261 2
261 3
261 14
261 19
261 40
261 59
261 60
261 67
261 74
261 79
261 94
261 106
261 113
261 124
261 148
261 171
261 179
261 185
261 190
261 61
262 0
262 3
262 4
262 16
262 17
262 21
262 33
262 37
262 38
262 48
262 55
262 62
262 75
262 77
262 79
262 80
262 103
262 114
262 117
262 136
262 138
262 148
262 150
262 162
262 166
262 169
262 170
262 175
262 185
262 199
263 6
263 57
263 67
263 73
263 74
263 80
263 87
263 113
263 118
263 122
263 124
263 127
263 131
263 135
263 138
263 139
263 140
263 145
263 146
263 147
263 153
263 159
263 163
263 174
263 191
263 196
263 198
263 63
264 4
264 29
264 32
264 37
264 38
264 42
264 48
264 56
264 71
264 85
264 121
264 136
264 155
264 159
264 172
264 174
264 193
264 64
265 0
265 1
265 25
265 26
265 31
265 37
265 49
265 51
265 62
265 78
265 84
265 89
265 92
265 97
265 112
265 116
265 119
265 140
265 144
265 172
265 174
265 178
265 183
265 186
265 65
266 27
266 48
266 50
266 51
266 53
266 67
266 68
266 76
266 78
266 125
266 150
266 156
266 162
266 181
266 185
266 188
266 66
267 1
267 2
267 14
267 15
267 46
267 95
267 98
267 99
267 102
267 109
267 115
267 116
267 118
267 136
267 67
268 6
268 18
268 37
268 59
268 62
268 70
268 112
268 120
268 140
268 142
268 157
268 177
268 192
268 68
269 4
269 5
269 21
269 25
269 56
269 66
269 71
269 73
269 76
269 77
269 98
269 100
269 107
269 123
269 125
269 140
269 162
269 69
270 1
270 7
270 8
270 20
270 23
270 26
270 41
270 42
270 51
270 61
270 73
270 95
270 115
270 121
270 125
270 132
270 134
270 142
270 146
270 191
270 198
270 70
271 0
271 10
271 22
271 55
271 56
271 67
271 79
271 85
271 86
271 105
271 106
271 114
271 130
271 153
271 159
271 162
271 165
271 180
271 195
271 71
272 3
272 23
272 28
272 33
272 61
272 69
272 74
272 77
272 94
272 98
272 100
272 103
272 114
272 120
272 126
272 138
272 150
272 158
272 167
272 179
272 181
272 182
272 72
273 1
273 9
273 17
273 20
273 34
273 37
273 42
273 44
273 46
273 48
273 63
273 65
273 104
273 107
273 122
273 124
273 142
273 146
273 170
273 73
274 10
274 18
274 21
274 26
274 34
274 37
274 58
274 68
274 81
274 85
274 89
274 119
274 132
274 137
274 142
274 154
274 160
274 162
274 167
274 184
274 188
274 196
274 74
275 10
275 17
275 30
275 74
275 91
275 94
275 104
275 112
275 113
275 127
275 147
275 153
275 162
275 185
275 191
275 75
276 26
276 27
276 66
276 80
276 82
276 83
276 87
276 93
276 112
276 118
276 127
276 142
276 144
276 145
276 146
276 149
276 184
276 193
276 197
276 76
277 9
277 13
277 15
277 18
277 21
277 28
277 57
277 58
277 62
277 70
277 76
277 94
277 111
277 112
277 122
277 144
277 158
277 162
277 166
277 169
277 194
277 198
277 77
278 48
278 78
278 84
278 86
278 87
278 90
278 92
278 108
278 118
278 123
278 135
278 149
278 155
278 178
278 184
278 190
279 3
279 15
279 21
279 43
279 47
279 56
279 82
279 95
279 103
279 113
279 130
279 141
279 195
279 79
280 0
280 4
280 27
280 37
280 46
280 47
280 50
280 52
280 61
280 96
280 97
280 99
280 133
280 151
280 156
280 157
280 172
280 181
280 190
280 191
280 80
281 15
281 17
281 44
281 50
281 51
281 57
281 58
281 62
281 65
281 73
281 91
281 104
281 121
281 152
281 163
281 169
281 185
281 193
281 81
282 6
282 19
282 24
282 31
282 33
282 37
282 39
282 40
282 43
282 47
282 50
282 52
282 58
282 66
282 72
282 86
282 91
282 141
282 144
282 147
282 148
282 156
282 157
282 161
282 166
282 197
282 82
283 11
283 33
283 52
283 63
283 94
283 106
283 111
283 146
283 158
283 160
283 170
283 83
284 17
284 31
284 77
284 104
284 114
284 120
284 129
284 162
284 173
284 186
284 84
285 3
285 8
285 20
285 28
285 44
285 49
285 54
285 68
285 84
285 90
285 93
285 96
285 106
285 114
285 131
285 134
285 138
285 149
285 167
285 186
285 187
285 85
286 5
286 14
286 15
286 19
286 21
286 35
286 44
286 51
286 59
286 69
286 72
286 80
286 82
286 85
286 99
286 114
286 141
286 152
286 153
286 157
286 158
286 169
286 174
286 185
286 86
287 19
287 24
287 33
287 38
287 73
287 75
287 81
287 85
287 86
287 90
287 97
287 103
287 157
287 167
287 187
287 194
287 87
288 7
288 14
288 15
288 19
288 20
288 26
288 52
288 56
288 67
288 104
288 122
288 130
288 133
288 135
288 144
288 146
288 153
288 159
288 160
288 168
288 173
288 174
288 188
288 190
288 88
289 33
289 43
289 46
289 49
289 52
289 56
289 63
289 75
289 94
289 112
289 114
289 118
289 130
289 136
289 138
289 153
289 168
289 176
289 182
289 183
289 188
289 194
289 89
290 3
290 5
290 6
290 14
290 16
290 30
290 42
290 46
290 56
290 58
290 60
290 73
290 74
290 81
290 83
290 85
290 113
290 116
290 129
290 137
290 139
290 146
290 149
290 166
290 177
290 183
290 196
290 90
291 5
291 13
291 18
291 21
291 31
291 34
291 45
291 48
291 55
291 66
291 69
291 71
291 92
291 101
291 109
291 112
291 114
291 130
291 133
291 136
291 151
291 165
291 167
291 170
291 181
291 186
291 193
291 91
292 4
292 35
292 46
292 72
292 86
292 92
292 110
292 111
292 122
292 123
292 142
292 145
292 177
292 178
292 194
293 5
293 16
293 26
293 32
293 33
293 36
293 58
293 65
293 74
293 90
293 101
293 103
293 112
293 129
293 132
293 166
293 169
293 173
293 174
293 182
293 183
293 191
293 198
293 199
293 93
294 4
294 9
294 31
294 32
294 49
294 98
294 108
294 127
294 129
294 136
294 143
294 152
294 181
294 184
294 189
294 196
294 199
294 94
295 12
295 32
295 49
295 75
295 83
295 87
295 122
295 129
295 139
295 151
295 154
295 160
295 163
295 164
295 168
295 180
295 187
295 95
296 6
296 9
296 10
296 22
296 29
296 30
296 32
296 37
296 38
296 43
296 50
296 54
296 57
296 82
296 89
296 104
296 107
296 108
296 128
296 130
296 134
296 149
296 172
296 191
296 194
296 198
296 96
297 6
297 7
297 8
297 9
297 45
297 55
297 56
297 71
297 91
297 100
297 112
297 119
297 125
297 155
297 164
297 166
297 171
297 181
297 186
297 199
297 97
298 3
298 4
298 11
298 44
298 54
298 76
298 78
298 91
298 96
298 105
298 133
298 150
298 98
299 11
299 62
299 63
299 75
299 90
299 93
299 109
299 129
299 136
299 149
299 160
299 164
299 181
299 196
299 99
300 1
300 13
300 19
300 24
300 25
300 47
300 92
300 103
300 119
300 125
300 138
300 151
300 156
300 162
300 173
300 179
300 198
300 100
301 0
301 15
301 18
301 33
301 48
301 62
301 70
301 71
301 80
301 83
301 88
301 104
301 114
301 139
301 142
301 149
301 163
301 166
301 178
301 101
302 2
302 12
302 14
302 26
302 28
302 31
302 38
302 49
302 61
302 77
302 89
302 93
302 96
302 99
302 107
302 109
302 111
302 114
302 121
302 155
302 170
302 172
302 176
302 178
302 184
302 191
302 102
303 8
303 11
303 12
303 15
303 21
303 27
303 31
303 32
303 34
303 42
303 51
303 62
303 67
303 70
303 90
303 91
303 106
303 121
303 135
303 147
303 165
303 171
303 175
303 177
303 103
304 17
304 21
304 23
304 32
304 39
304 44
304 48
304 52
304 59
304 99
304 103
304 109
304 123
304 126
304 138
304 141
304 143
304 158
304 165
304 178
304 182
304 186
304 198
304 104
305 0
305 12
305 14
305 19
305 25
305 27
305 41
305 57
305 70
305 74
305 86
305 89
305 97
305 100
305 114
305 115
305 126
305 127
305 151
305 169
305 170
305 181
305 105
306 13
306 17
306 18
306 20
306 23
306 33
306 34
306 60
306 65
306 79
306 85
306 90
306 94
306 102
306 116
306 154
306 157
306 183
306 189
306 195
306 198
306 106
307 6
307 9
307 11
307 25
307 28
307 29
307 52
307 56
307 63
307 65
307 70
307 91
307 110
307 120
307 122
307 135
307 137
307 141
307 148
307 156
307 174
307 183
307 184
307 197
307 107
308 3
308 5
308 14
308 16
308 23
308 33
308 34
308 36
308 41
308 54
308 57
308 72
308 106
308 136
308 150
308 167
308 170
308 179
308 188
308 193
308 108
309 6
309 25
309 26
309 41
309 51
309 76
309 97
309 110
309 128
309 136
309 138
309 145
309 154
309 156
309 182
309 187
309 193
309 109
310 1
310 5
310 17
310 27
310 44
310 49
310 63
310 68
310 76
310 85
310 114
310 125
310 129
310 135
310 158
310 160
310 163
310 171
310 172
310 189
310 110
311 12
311 40
311 52
311 59
311 72
311 76
311 95
311 99
311 104
311 117
311 123
311 133
311 146
311 153
311 169
311 170
311 172
311 176
311 199
311 111
312 2
312 16
312 21
312 24
312 32
312 35
312 43
312 52
312 55
312 69
312 78
312 93
312 95
312 102
312 110
312 111
312 117
312 134
312 162
312 174
312 180
312 189
312 190
312 193
312 112
313 5
313 35
313 61
313 65
313 79
313 131
313 145
313 155
313 163
313 172
313 186
313 194
313 198
313 113
314 11
314 30
314 41
314 71
314 82
314 85
314 95
314 105
314 118
314 121
314 122
314 132
314 141
314 144
314 151
314 167
314 170
314 180
314 181
314 184
314 114
315 14
315 15
315 18
315 24
315 37
315 53
315 55
315 62
315 65
315 85
315 91
315 121
315 123
315 131
315 141
315 146
315 156
315 158
315 162
315 167
315 177
315 182
315 115
316 12
316 20
316 27
316 36
316 37
316 42
316 44
316 69
316 72
316 84
316 86
316 88
316 115
316 118
316 136
316 140
316 145
316 153
316 159
316 165
316 166
316 180
316 186
316 194
316 199
316 116
317 7
317 10
317 18
317 19
317 49
317 55
317 74
317 85
317 96
317 97
317 108
317 116
317 129
317 131
317 142
317 147
317 165
317 194
317 117
318 11
318 24
318 31
318 39
318 48
318 65
318 78
318 85
318 86
318 94
318 96
318 99
318 111
318 127
318 134
318 147
318 151
318 152
318 155
318 163
318 167
318 169
318 175
318 180
318 181
318 118
319 20
319 27
319 28
319 32
319 57
319 105
319 112
319 117
319 120
319 123
319 135
319 149
319 152
319 153
319 183
319 189
319 119
320 21
320 46
320 59
320 72
320 86
320 117
320 121
320 147
320 168
320 170
320 182
320 194
320 196
320 120
321 23
321 61
321 66
321 69
321 88
321 89
321 117
321 118
321 121
321 130
321 138
321 143
321 160
321 167
321 179
321 192
321 194
322 6
322 24
322 29
322 49
322 93
322 95
322 96
322 116
322 141
322 148
322 149
322 156
322 168
322 177
322 122
323 9
323 10
323 31
323 32
323 34
323 63
323 67
323 70
323 74
323 80
323 82
323 89
323 96
323 107
323 115
323 119
323 131
323 135
323 138
323 140
323 152
323 153
323 160
323 166
323 185
323 188
323 191
323 192
323 123
324 3
324 8
324 15
324 18
324 43
324 67
324 113
324 116
324 129
324 131
324 133
324 135
324 149
324 152
324 155
324 171
324 187
324 192
324 196
324 197
324 198
324 124
325 1
325 11
325 26
325 31
325 32
325 34
325 35
325 53
325 57
325 58
325 62
325 67
325 80
325 84
325 104
325 114
325 138
325 141
325 142
325 154
325 190
325 194
325 125
326 13
326 15
326 36
326 50
326 59
326 73
326 89
326 116
326 119
326 120
326 126
326 134
326 143
326 145
326 152
326 158
326 184
326 199
327 3
327 11
327 36
327 41
327 43
327 52
327 61
327 86
327 87
327 94
327 96
327 118
327 120
327 125
327 126
327 129
327 163
327 170
327 175
327 177
327 199
327 127
328 9
328 26
328 28
328 30
328 34
328 39
328 42
328 51
328 63
328 66
328 77
328 84
328 92
328 93
328 123
328 126
328 127
328 135
328 136
328 183
328 195
328 128
329 7
329 22
329 29
329 53
329 57
329 69
329 72
329 104
329 114
329 130
329 136
329 158
329 186
329 187
329 192
329 199
329 129
330 11
330 14
330 15
330 28
330 34
330 54
330 73
330 93
330 99
330 102
330 112
330 116
330 129
330 143
330 148
330 150
330 154
330 159
330 160
330 165
330 166
330 168
330 176
330 180
330 184
330 185
330 188
330 197
330 130
331 8
331 14
331 21
331 23
331 33
331 68
331 75
331 91
331 92
331 103
331 106
331 112
331 114
331 132
331 144
331 148
331 153
331 176
331 179
331 184
331 192
331 198
331 131
332 27
332 28
332 34
332 37
332 43
332 52
332 53
332 63
332 104
332 114
332 131
332 136
332 145
332 160
332 180
332 191
332 132
333 28
333 54
333 57
333 58
333 67
333 68
333 81
333 90
333 98
333 107
333 116
333 124
333 144
333 164
333 166
333 173
333 191
333 198
333 133
334 38
334 45
334 77
334 78
334 100
334 102
334 107
334 122
334 131
334 133
334 139
334 144
334 146
334 150
334 166
334 169
334 170
334 171
334 173
334 174
334 183
334 184
334 187
334 188
334 190
334 134
335 7
335 18
335 38
335 47
335 52
335 70
335 85
335 95
335 102
335 107
335 111
335 112
335 118
335 126
335 131
335 133
335 154
335 156
335 181
335 188
335 135
336 23
336 25
336 35
336 38
336 41
336 43
336 57
336 76
336 86
336 93
336 116
336 118
336 136
336 139
336 153
336 155
336 161
336 165
336 178
336 195
337 3
337 32
337 37
337 38
337 55
337 59
337 64
337 73
337 82
337 89
337 96
337 102
337 107
337 114
337 115
337 116
337 121
337 128
337 143
337 147
337 149
337 157
337 158
337 162
337 169
337 176
337 178
337 180
337 137
338 2
338 19
338 29
338 30
338 41
338 50
338 63
338 79
338 80
338 154
338 156
338 158
338 162
338 177
338 185
338 198
338 138
339 3
339 16
339 46
339 49
339 58
339 65
339 72
339 77
339 89
339 99
339 107
339 121
339 124
339 145
339 162
339 164
339 169
339 179
339 192
339 139
340 13
340 14
340 23
340 27
340 58
340 78
340 91
340 106
340 125
340 135
340 139
340 148
340 158
340 163
340 167
340 174
340 177
340 185
340 140
341 4
341 5
341 7
341 16
341 27
341 33
341 38
341 46
341 73
341 91
341 104
341 125
341 127
341 149
341 151
341 168
341 174
341 182
341 141
342 0
342 1
342 4
342 16
342 38
342 55
342 64
342 72
342 79
342 97
342 100
342 106
342 115
342 122
342 129
342 138
342 141
342 142
342 149
342 150
342 151
342 171
342 175
342 177
342 185
342 188
342 198
343 22
343 35
343 37
343 67
343 68
343 78
343 87
343 92
343 107
343 113
343 126
343 128
343 130
343 131
343 145
343 147
343 152
343 157
343 160
343 174
343 178
343 183
343 194
343 143
344 3
344 6
344 11
344 13
344 22
344 25
344 26
344 32
344 40
344 42
344 46
344 51
344 67
344 77
344 79
344 81
344 84
344 94
344 117
344 119
344 128
344 135
344 139
344 146
344 171
344 175
344 181
344 144
345 12
345 24
345 47
345 48
345 51
345 54
345 68
345 99
345 102
345 111
345 121
345 124
345 141
345 147
345 148
345 155
345 161
345 162
345 165
345 172
345 197
345 145
346 9
346 18
346 26
346 34
346 37
346 38
346 46
346 70
346 72
346 73
346 75
346 94
346 96
346 102
346 122
346 129
346 146
346 149
346 174
346 175
346 195
347 1
347 8
347 9
347 23
347 27
347 28
347 29
347 32
347 38
347 40
347 57
347 65
347 80
347 110
347 121
347 131
347 146
347 157
347 158
347 184
347 186
347 193
347 147
348 2
348 8
348 16
348 20
348 21
348 22
348 45
348 63
348 67
348 68
348 76
348 81
348 96
348 103
348 104
348 106
348 111
348 143
348 160
348 164
348 175
348 178
348 183
348 187
348 148
349 14
349 28
349 29
349 33
349 34
349 43
349 64
349 72
349 74
349 75
349 76
349 86
349 136
349 137
349 139
349 148
349 160
349 172
349 175
349 181
349 182
349 193
349 149
350 7
350 8
350 11
350 14
350 19
350 26
350 30
350 46
350 49
350 59
350 63
350 72
350 74
350 94
350 100
350 106
350 113
350 115
350 117
350 129
350 137
350 159
350 150
351 7
351 9
351 10
351 20
351 32
351 48
351 53
351 79
351 81
351 88
351 98
351 102
351 115
351 123
351 127
351 130
351 153
351 181
351 187
351 190
351 197
351 198
351 199
351 151
352 1
352 43
352 62
352 75
352 77
352 86
352 97
352 102
352 108
352 133
352 136
352 160
352 168
352 152
353 2
353 22
353 25
353 26
353 46
353 48
353 50
353 53
353 73
353 84
353 107
353 109
353 114
353 126
353 143
353 148
353 154
353 163
353 187
353 188
353 153
354 5
354 14
354 26
354 36
354 43
354 44
354 73
354 76
354 77
354 84
354 87
354 97
354 99
354 100
354 101
354 104
354 105
354 106
354 118
354 130
354 131
354 134
354 151
354 157
354 170
354 181
354 186
354 154
355 20
355 26
355 29
355 34
355 42
355 43
355 76
355 83
355 89
355 106
355 111
355 114
355 170
355 178
355 185
355 194
355 155
356 11
356 46
356 54
356 68
356 73
356 79
356 82
356 90
356 123
356 135
356 154
356 187
356 191
356 156
357 2
357 3
357 7
357 17
357 27
357 34
357 36
357 42
357 52
357 62
357 66
357 73
357 110
357 115
357 120
357 121
357 123
357 127
357 134
357 140
357 162
357 191
357 192
357 157
358 3
358 13
358 23
358 53
358 57
358 100
358 101
358 107
358 117
358 127
358 133
358 137
358 151
358 159
358 160
358 183
358 191
358 198
358 158
359 56
359 60
359 63
359 66
359 67
359 80
359 129
359 130
359 133
359 137
359 142
359 143
359 144
359 146
359 175
359 198
359 159
360 7
360 9
360 10
360 16
360 26
360 41
360 42
360 63
360 88
360 92
360 97
360 98
360 100
360 106
360 110
360 113
360 119
360 143
360 144
360 150
360 154
360 161
360 173
360 197
360 160
361 14
361 20
361 56
361 71
361 76
361 107
361 110
361 129
361 133
361 135
361 159
361 181
361 184
361 190
361 161
362 10
362 27
362 33
362 37
362 43
362 48
362 57
362 72
362 76
362 85
362 93
362 97
362 105
362 132
362 136
362 153
362 161
362 173
362 189
362 196
362 162
363 0
363 5
363 12
363 15
363 19
363 49
363 55
363 68
363 69
363 70
363 94
363 112
363 120
363 153
363 170
363 187
363 192
363 197
363 163
364 13
364 44
364 74
364 110
364 111
364 118
364 129
364 130
364 131
364 154
364 158
364 160
364 161
364 162
364 163
364 170
364 197
364 164
365 18
365 41
365 44
365 82
365 83
365 94
365 104
365 108
365 120
365 124
365 126
365 139
365 165
366 2
366 7
366 20
366 26
366 37
366 39
366 43
366 45
366 52
366 55
366 58
366 63
366 66
366 87
366 91
366 102
366 103
366 106
366 122
366 134
366 142
366 162
366 172
366 175
366 177
366 178
366 184
366 189
366 190
366 191
366 198
366 166
367 9
367 10
367 20
367 35
367 37
367 64
367 82
367 83
367 89
367 103
367 119
367 140
367 145
367 148
367 156
367 167
367 175
367 198
368 11
368 20
368 22
368 44
368 53
368 65
368 75
368 76
368 80
368 85
368 90
368 106
368 126
368 133
368 134
368 145
368 168
369 1
369 9
369 14
369 19
369 33
369 36
369 37
369 38
369 60
369 73
369 75
369 81
369 89
369 90
369 96
369 99
369 102
369 104
369 125
369 145
369 147
369 188
369 192
369 169
370 8
370 14
370 22
370 28
370 46
370 48
370 52
370 55
370 56
370 81
370 100
370 103
370 138
370 157
370 195
370 170
371 7
371 15
371 20
371 28
371 71
371 72
371 84
371 103
371 105
371 114
371 124
371 125
371 136
371 141
371 146
371 148
371 149
371 173
371 171
372 15
372 19
372 30
372 61
372 64
372 74
372 82
372 90
372 96
372 100
372 118
372 132
372 161
372 169
372 183
372 188
372 192
372 172
373 0
373 5
373 20
373 22
373 36
373 37
373 52
373 54
373 61
373 67
373 78
373 81
373 82
373 98
373 100
373 101
373 156
373 158
373 163
373 166
373 168
373 176
373 179
373 189
373 194
373 173
374 19
374 20
374 34
374 39
374 56
374 60
374 62
374 70
374 72
374 78
374 80
374 87
374 95
374 102
374 113
374 115
374 120
374 154
374 158
374 170
374 179
374 187
374 198
374 174
375 1
375 4
375 6
375 23
375 31
375 40
375 43
375 54
375 55
375 85
375 103
375 109
375 126
375 146
375 174
375 178
375 195
375 197
375 175
376 3
376 5
376 9
376 35
376 39
376 54
376 56
376 57
376 65
376 77
376 79
376 81
376 84
376 91
376 106
376 107
376 122
376 135
376 138
376 155
376 178
376 176
377 10
377 20
377 54
377 69
377 115
377 125
377 137
377 141
377 150
377 154
377 155
377 165
377 170
377 173
377 179
377 177
378 0
378 6
378 22
378 23
378 27
378 42
378 48
378 60
378 61
378 63
378 83
378 92
378 94
378 101
378 107
378 118
378 132
378 137
378 144
378 165
378 173
378 180
378 187
378 195
378 197
378 178
379 6
379 10
379 14
379 24
379 42
379 46
379 52
379 54
379 55
379 73
379 78
379 83
379 87
379 97
379 102
379 119
379 124
379 139
379 147
379 150
379 155
379 165
379 174
379 179
380 7
380 10
380 14
380 28
380 42
380 49
380 51
380 55
380 57
380 71
380 83
380 103
380 111
380 116
380 130
380 141
380 157
380 160
380 162
380 185
380 194
380 180
381 13
381 23
381 30
381 34
381 52
381 67
381 77
381 81
381 82
381 85
381 95
381 99
381 113
381 119
381 123
381 128
381 133
381 137
381 183
381 196
381 181
382 10
382 26
382 27
382 31
382 68
382 86
382 95
382 98
382 99
382 113
382 115
382 117
382 128
382 133
382 137
382 138
382 154
382 182
383 0
383 1
383 3
383 6
383 33
383 38
383 42
383 53
383 59
383 67
383 68
383 69
383 72
383 93
383 100
383 107
383 120
383 121
383 128
383 130
383 136
383 144
383 152
383 184
383 189
383 198
383 183
384 11
384 19
384 30
384 32
384 36
384 47
384 58
384 61
384 62
384 63
384 95
384 96
384 109
384 129
384 141
384 142
384 178
384 183
384 184
385 0
385 1
385 6
385 18
385 26
385 31
385 38
385 42
385 51
385 64
385 77
385 80
385 98
385 99
385 105
385 112
385 126
385 129
385 144
385 148
385 163
385 183
385 186
385 185
386 36
386 38
386 44
386 49
386 53
386 73
386 93
386 108
386 111
386 113
386 128
386 130
386 155
386 162
386 167
386 177
386 197
386 199
386 186
387 10
387 15
387 28
387 37
387 43
387 49
387 60
387 63
387 68
387 103
387 114
387 115
387 117
387 152
387 153
387 188
387 187
388 6
388 12
388 22
388 25
388 27
388 36
388 40
388 51
388 55
388 83
388 114
388 130
388 132
388 158
388 171
388 178
388 187
388 195
388 199
388 188
389 16
389 22
389 26
389 49
389 67
389 70
389 75
389 77
389 109
389 112
389 114
389 127
389 128
389 142
389 144
389 166
389 168
389 174
389 175
389 198
389 199
389 189
390 4
390 5
390 17
390 18
390 40
390 49
390 54
390 64
390 65
390 72
390 91
390 121
390 135
390 153
390 180
390 187
390 190
391 5
391 10
391 12
391 14
391 15
391 22
391 45
391 64
391 67
391 89
391 94
391 102
391 108
391 157
391 161
391 183
391 191
392 10
392 13
392 32
392 36
392 51
392 61
392 68
392 72
392 75
392 87
392 93
392 94
392 125
392 137
392 154
392 167
392 175
392 192
393 14
393 18
393 26
393 29
393 36
393 39
393 51
393 55
393 56
393 62
393 78
393 96
393 112
393 113
393 116
393 126
393 134
393 145
393 148
393 161
393 195
393 198
393 193
394 9
394 16
394 27
394 35
394 51
394 54
394 57
394 77
394 84
394 86
394 89
394 98
394 109
394 116
394 117
394 142
394 143
394 164
394 174
394 181
394 184
394 194
394 196
395 0
395 8
395 17
395 32
395 41
395 54
395 80
395 112
395 138
395 143
395 155
395 180
395 187
395 191
395 195
396 2
396 18
396 24
396 56
396 75
396 82
396 91
396 97
396 98
396 108
396 109
396 141
396 143
396 161
396 167
396 179
396 185
396 191
396 199
396 196
397 16
397 37
397 59
397 72
397 76
397 79
397 81
397 83
397 123
397 143
397 147
397 152
397 164
397 182
397 189
397 199
397 197
398 6
398 16
398 31
398 47
398 48
398 66
398 72
398 82
398 90
398 91
398 92
398 96
398 99
398 104
398 115
398 118
398 126
398 133
398 137
398 161
398 165
398 186
398 198
399 6
399 32
399 36
399 54
399 62
399 68
399 73
399 77
399 84
399 94
399 96
399 104
399 110
399 119
399 124
399 135
399 147
399 151
399 152
399 154
399 158
399 160
399 166
399 171
399 172
399 177
399 178
399 180
399 189
399 194
399 199
