  600   2590
0 320
0 510
0 562
0 24
0 89
0 132
0 159
0 168
0 204
0 242
0 260
0 300
1 310
1 329
1 404
1 484
1 503
1 592
1 54
1 68
1 78
1 126
1 206
1 213
1 249
1 287
1 292
1 293
1 301
2 367
2 403
2 415
2 26
2 46
2 62
2 64
2 219
2 294
2 302
3 408
3 415
3 424
3 17
3 62
3 104
3 106
3 140
3 173
3 219
3 226
3 247
3 262
3 303
4 407
4 410
4 551
4 556
4 572
4 21
4 43
4 58
4 92
4 106
4 151
4 164
4 191
4 205
4 217
4 258
4 263
4 285
4 293
4 299
4 304
5 471
5 524
5 525
5 554
5 572
5 26
5 55
5 72
5 100
5 108
5 127
5 217
5 299
5 305
6 525
6 129
6 234
6 263
6 296
6 306
7 455
7 505
7 519
7 599
7 12
7 142
7 149
7 171
7 182
7 189
7 190
7 194
7 208
7 215
7 225
7 232
7 237
7 261
7 307
8 357
8 361
8 419
8 572
8 70
8 83
8 119
8 164
8 190
8 209
8 245
8 251
8 281
8 308
9 355
9 457
9 35
9 43
9 158
9 166
9 191
9 200
9 236
9 248
9 288
9 309
10 555
10 578
10 597
10 24
10 43
10 72
10 125
10 150
10 205
10 213
10 294
10 310
11 491
11 548
11 33
11 48
11 83
11 212
11 282
11 311
12 365
12 445
12 505
12 7
12 59
12 78
12 81
12 153
12 161
12 193
12 201
12 207
12 241
12 267
12 312
13 336
13 363
13 492
13 597
13 31
13 53
13 109
13 146
13 157
13 194
13 249
13 281
13 289
13 313
14 447
14 29
14 87
14 138
14 139
14 280
14 314
15 452
15 116
15 168
15 171
15 257
15 315
16 474
16 497
16 520
16 67
16 73
16 107
16 128
16 198
16 223
16 224
16 261
16 316
17 307
17 430
17 588
17 3
17 38
17 72
17 156
17 206
17 266
17 317
18 568
18 96
18 165
18 176
18 185
18 218
18 258
18 318
19 311
19 313
19 414
19 477
19 522
19 41
19 54
19 57
19 174
19 189
19 248
19 249
19 319
20 361
20 414
20 430
20 508
20 547
20 557
20 26
20 27
20 50
20 86
20 176
20 185
20 213
20 238
20 239
20 320
21 319
21 326
21 404
21 480
21 549
21 4
21 89
21 117
21 120
21 156
21 238
21 243
21 255
21 321
22 301
22 312
22 365
22 61
22 73
22 221
22 292
22 322
23 329
23 529
23 554
23 582
23 46
23 88
23 147
23 176
23 199
23 237
23 248
23 269
23 295
23 323
24 480
24 520
24 0
24 10
24 41
24 56
24 105
24 150
24 177
24 188
24 203
24 206
24 252
24 265
24 324
25 309
25 525
25 535
25 588
25 597
25 45
25 71
25 126
25 141
25 186
25 235
25 252
25 277
25 325
26 382
26 423
26 2
26 5
26 20
26 31
26 91
26 135
26 159
26 177
26 185
26 193
26 297
26 326
27 363
27 428
27 481
27 552
27 560
27 20
27 41
27 69
27 72
27 99
27 103
27 245
27 262
27 290
27 327
28 343
28 368
28 379
28 485
28 492
28 515
28 39
28 65
28 87
28 114
28 119
28 121
28 159
28 172
28 174
28 247
28 328
29 448
29 454
29 14
29 69
29 89
29 147
29 202
29 246
29 287
29 329
30 385
30 455
30 59
30 102
30 138
30 202
30 261
30 262
30 268
30 281
30 294
30 330
31 352
31 392
31 396
31 13
31 26
31 60
31 63
31 87
31 125
31 138
31 168
31 218
31 224
31 227
31 285
31 331
32 331
32 350
32 413
32 580
32 51
32 155
32 181
32 214
32 253
32 332
33 345
33 466
33 507
33 11
33 131
33 156
33 244
33 333
34 559
34 63
34 65
34 105
34 137
34 190
34 198
34 216
34 237
34 273
34 290
34 334
35 332
35 369
35 539
35 9
35 51
35 113
35 290
35 295
35 335
36 529
36 548
36 567
36 38
36 66
36 149
36 171
36 178
36 243
36 246
36 293
36 336
37 305
37 52
37 58
37 65
37 77
37 84
37 92
37 145
37 164
37 227
37 265
37 282
37 337
38 308
38 329
38 359
38 421
38 482
38 17
38 36
38 47
38 68
38 79
38 127
38 147
38 154
38 175
38 182
38 185
38 199
38 287
38 338
39 391
39 436
39 441
39 456
39 572
39 596
39 28
39 55
39 58
39 64
39 68
39 75
39 94
39 220
39 246
39 248
39 339
40 345
40 571
40 76
40 100
40 128
40 195
40 217
40 231
40 239
40 270
40 285
40 340
41 317
41 342
41 413
41 459
41 545
41 19
41 24
41 27
41 46
41 114
41 117
41 207
41 210
41 216
41 232
41 296
41 341
42 374
42 387
42 404
42 434
42 485
42 541
42 78
42 157
42 161
42 194
42 204
42 342
43 366
43 599
43 4
43 9
43 10
43 82
43 119
43 135
43 141
43 166
43 178
43 183
43 191
43 194
43 206
43 224
43 247
43 296
43 343
44 344
44 353
44 424
44 444
44 553
44 97
44 126
44 130
44 137
44 170
44 241
44 254
45 404
45 442
45 25
45 84
45 149
45 171
45 235
45 345
46 416
46 560
46 2
46 23
46 41
46 63
46 97
46 113
46 160
46 181
46 183
46 200
46 346
47 420
47 38
47 65
47 79
47 117
47 121
47 127
47 166
47 233
47 271
47 347
48 344
48 11
48 52
48 79
48 84
48 143
48 147
48 161
48 163
48 201
48 208
48 244
48 260
48 299
48 348
49 325
49 388
49 570
49 152
49 172
49 188
49 349
50 395
50 423
50 437
50 593
50 20
50 108
50 132
50 146
50 206
50 235
50 244
50 265
50 350
51 370
51 530
51 557
51 572
51 32
51 35
51 93
51 98
51 99
51 170
51 171
51 175
51 194
51 198
51 201
51 217
51 241
51 270
51 351
52 571
52 37
52 48
52 54
52 62
52 91
52 237
52 242
52 262
52 352
53 401
53 13
53 117
53 148
53 183
53 195
53 219
53 276
53 353
54 300
54 507
54 1
54 19
54 52
54 65
54 121
54 146
54 168
54 205
54 208
54 223
54 224
54 284
54 354
55 373
55 387
55 501
55 584
55 5
55 39
55 60
55 76
55 78
55 104
55 107
55 128
55 144
55 149
55 154
55 205
55 271
55 355
56 376
56 366
56 24
56 146
56 207
56 262
56 274
56 356
57 383
57 376
57 19
57 64
57 79
57 86
57 117
57 136
57 166
57 170
57 190
57 234
57 236
57 264
57 291
57 299
57 357
58 408
58 479
58 501
58 4
58 37
58 39
58 69
58 77
58 94
58 105
58 106
58 140
58 145
58 242
58 269
58 358
59 435
59 448
59 12
59 30
59 97
59 129
59 162
59 169
59 186
59 198
59 359
60 351
60 31
60 55
60 88
60 92
60 97
60 162
60 206
60 227
60 245
60 269
60 276
60 360
61 442
61 22
61 163
61 257
61 271
61 277
61 361
62 389
62 383
62 2
62 3
62 52
62 94
62 154
62 156
62 160
62 201
62 211
62 223
62 362
63 326
63 387
63 530
63 31
63 34
63 46
63 79
63 87
63 136
63 188
63 246
63 281
63 363
64 355
64 365
64 398
64 441
64 586
64 2
64 39
64 57
64 80
64 109
64 181
64 240
64 246
64 254
64 268
64 271
64 280
64 281
64 289
64 364
65 301
65 318
65 332
65 478
65 541
65 28
65 34
65 37
65 47
65 54
65 76
65 99
65 104
65 107
65 260
65 365
66 368
66 386
66 456
66 495
66 36
66 113
66 183
66 200
66 212
66 222
66 258
66 366
67 407
67 424
67 461
67 466
67 16
67 82
67 173
67 202
67 260
67 264
67 367
68 565
68 1
68 38
68 39
68 88
68 105
68 140
68 151
68 152
68 154
68 247
68 249
68 258
68 260
68 368
69 387
69 418
69 589
69 27
69 29
69 58
69 75
69 86
69 152
69 159
69 184
69 205
69 264
69 279
69 296
69 369
70 559
70 8
70 79
70 99
70 103
70 105
70 124
70 126
70 180
70 184
70 283
70 285
70 291
70 370
71 375
71 487
71 535
71 25
71 86
71 95
71 135
71 192
71 212
71 213
71 265
71 279
71 286
71 289
71 371
72 329
72 338
72 347
72 5
72 10
72 17
72 27
72 119
72 129
72 160
72 167
72 189
72 224
72 252
72 265
72 289
72 294
72 372
73 311
73 382
73 578
73 593
73 16
73 22
73 115
73 188
73 196
73 208
73 244
73 266
73 280
73 373
74 340
74 417
74 498
74 567
74 568
74 597
74 87
74 95
74 100
74 135
74 145
74 271
74 374
75 307
75 379
75 584
75 39
75 69
75 82
75 91
75 122
75 133
75 155
75 196
75 209
75 244
75 375
76 313
76 436
76 546
76 40
76 55
76 65
76 107
76 149
76 222
76 229
76 288
76 376
77 334
77 348
77 363
77 37
77 58
77 121
77 141
77 186
77 210
77 219
77 231
77 280
77 377
78 304
78 306
78 379
78 555
78 1
78 12
78 42
78 55
78 111
78 131
78 161
78 180
78 247
78 292
78 378
79 443
79 38
79 47
79 48
79 57
79 63
79 70
79 142
79 161
79 163
79 182
79 219
79 232
79 262
79 379
80 568
80 64
80 125
80 136
80 165
80 190
80 197
80 273
80 380
81 345
81 12
81 135
81 195
81 295
81 297
81 381
82 401
82 480
82 537
82 544
82 43
82 67
82 75
82 88
82 98
82 131
82 181
82 192
82 211
82 258
82 270
82 285
82 382
83 371
83 388
83 554
83 8
83 11
83 142
83 153
83 172
83 186
83 241
83 251
83 254
83 261
83 383
84 484
84 525
84 565
84 578
84 37
84 45
84 48
84 98
84 114
84 121
84 173
84 240
84 244
84 384
85 463
85 594
85 123
85 184
85 274
85 385
86 402
86 389
86 20
86 57
86 69
86 71
86 140
86 152
86 204
86 236
86 251
86 253
86 263
86 269
86 294
86 386
87 323
87 359
87 406
87 421
87 438
87 541
87 14
87 28
87 31
87 63
87 74
87 89
87 137
87 141
87 148
87 150
87 186
87 243
87 287
87 387
88 339
88 558
88 23
88 60
88 68
88 82
88 123
88 140
88 147
88 164
88 180
88 202
88 276
88 388
89 301
89 311
89 474
89 549
89 589
89 0
89 21
89 29
89 87
89 125
89 134
89 155
89 156
89 188
89 259
89 261
89 277
89 293
89 389
90 325
90 363
90 369
90 556
90 582
90 150
90 181
90 203
90 250
90 258
90 390
91 377
91 413
91 484
91 26
91 52
91 75
91 128
91 211
91 256
91 279
91 293
91 297
91 391
92 555
92 596
92 4
92 37
92 60
92 161
92 185
92 186
92 285
92 392
93 310
93 325
93 404
93 443
93 473
93 530
93 51
93 130
93 158
93 161
93 183
93 202
93 211
93 248
93 393
94 318
94 419
94 504
94 39
94 58
94 62
94 96
94 107
94 113
94 249
94 394
95 407
95 471
95 71
95 74
95 123
95 127
95 157
95 179
95 188
95 190
95 211
95 395
96 357
96 514
96 567
96 575
96 18
96 94
96 111
96 175
96 181
96 194
96 198
96 204
96 209
96 272
96 284
96 396
97 416
97 44
97 46
97 59
97 60
97 116
97 127
97 154
97 172
97 174
97 239
97 281
97 397
98 460
98 528
98 589
98 51
98 82
98 84
98 170
98 237
98 252
98 281
98 287
98 398
99 328
99 352
99 361
99 454
99 492
99 493
99 494
99 499
99 551
99 27
99 51
99 65
99 70
99 123
99 161
99 169
99 183
99 206
99 220
99 399
100 358
100 411
100 473
100 5
100 40
100 74
100 113
100 139
100 199
100 227
100 272
100 282
100 283
100 295
100 400
101 301
101 306
101 307
101 574
101 122
101 149
101 156
101 167
101 180
101 184
101 255
101 261
101 299
101 401
102 328
102 560
102 30
102 201
102 228
102 246
102 283
102 292
102 297
102 402
103 305
103 358
103 455
103 550
103 27
103 70
103 109
103 125
103 133
103 136
103 145
103 147
103 176
103 242
103 256
103 270
103 272
103 273
103 403
104 375
104 420
104 452
104 563
104 3
104 55
104 65
104 147
104 189
104 203
104 213
104 254
104 267
104 290
104 404
105 327
105 360
105 435
105 24
105 34
105 58
105 68
105 70
105 129
105 405
106 453
106 560
106 578
106 3
106 4
106 58
106 173
106 234
106 254
106 298
106 406
107 330
107 335
107 526
107 552
107 16
107 55
107 65
107 76
107 94
107 114
107 203
107 223
107 259
107 407
108 432
108 489
108 505
108 597
108 5
108 50
108 136
108 198
108 254
108 271
108 276
108 408
109 363
109 483
109 587
109 13
109 64
109 103
109 149
109 212
109 236
109 409
110 429
110 518
110 561
110 121
110 202
110 224
110 228
110 410
111 362
111 443
111 583
111 590
111 78
111 96
111 129
111 299
111 411
112 426
112 402
112 121
112 123
112 138
112 174
112 199
112 216
112 270
112 293
112 412
113 412
113 446
113 454
113 471
113 35
113 46
113 66
113 94
113 100
113 154
113 225
113 230
113 245
113 260
113 267
113 271
113 413
114 420
114 28
114 41
114 84
114 107
114 116
114 122
114 125
114 138
114 168
114 196
114 199
114 228
114 414
115 312
115 408
115 466
115 523
115 73
115 138
115 148
115 164
115 189
115 211
115 236
115 252
115 254
115 286
115 297
115 415
116 300
116 438
116 528
116 539
116 15
116 97
116 114
116 130
116 138
116 273
116 297
116 416
117 430
117 555
117 21
117 41
117 47
117 53
117 57
117 160
117 171
117 186
117 198
117 289
117 417
118 333
118 371
118 484
118 518
118 522
118 206
118 208
118 255
118 418
119 336
119 549
119 8
119 28
119 43
119 72
119 205
119 242
119 419
120 337
120 505
120 506
120 21
120 128
120 230
120 238
120 242
120 260
120 273
120 420
121 330
121 344
121 439
121 28
121 47
121 54
121 77
121 84
121 110
121 112
121 134
121 174
121 196
121 206
121 212
121 221
121 236
121 250
121 269
121 295
121 421
122 300
122 317
122 319
122 329
122 411
122 538
122 561
122 75
122 101
122 114
122 151
122 185
122 225
122 247
122 287
122 298
122 422
123 382
123 533
123 85
123 88
123 95
123 99
123 112
123 208
123 253
123 277
123 423
124 436
124 461
124 503
124 70
124 144
124 174
124 190
124 282
124 424
125 323
125 508
125 10
125 31
125 80
125 89
125 103
125 114
125 152
125 222
125 239
125 285
125 293
125 425
126 359
126 478
126 1
126 25
126 44
126 70
126 127
126 199
126 217
126 218
126 221
126 233
126 282
126 426
127 453
127 5
127 38
127 47
127 95
127 97
127 126
127 130
127 140
127 194
127 251
127 427
128 323
128 406
128 497
128 16
128 40
128 55
128 91
128 120
128 172
128 220
128 236
128 270
128 289
128 428
129 347
129 479
129 506
129 6
129 59
129 72
129 105
129 111
129 130
129 145
129 266
129 429
130 459
130 587
130 44
130 93
130 116
130 127
130 129
130 246
130 263
130 272
130 430
131 336
131 377
131 413
131 448
131 452
131 533
131 574
131 33
131 78
131 82
131 132
131 181
131 208
131 230
131 431
132 322
132 525
132 0
132 50
132 131
132 146
132 234
132 239
132 249
132 290
132 293
132 297
132 432
133 461
133 534
133 564
133 75
133 103
133 139
133 186
133 193
133 195
133 206
133 252
133 433
134 340
134 498
134 524
134 528
134 544
134 89
134 121
134 193
134 203
134 210
134 434
135 530
135 547
135 26
135 43
135 71
135 74
135 81
135 156
135 207
135 245
135 255
135 283
135 286
135 435
136 332
136 338
136 411
136 413
136 485
136 500
136 538
136 582
136 57
136 63
136 80
136 103
136 108
136 204
136 206
136 212
136 213
136 218
136 264
136 436
137 559
137 34
137 44
137 87
137 142
137 161
137 167
137 168
137 290
137 437
138 348
138 416
138 451
138 507
138 14
138 30
138 31
138 112
138 114
138 115
138 116
138 139
138 164
138 212
138 215
138 216
138 222
138 256
138 259
138 270
138 274
138 438
139 353
139 379
139 416
139 442
139 531
139 551
139 14
139 100
139 133
139 138
139 203
139 232
139 236
139 239
139 273
139 283
139 291
139 439
140 495
140 520
140 590
140 3
140 58
140 68
140 86
140 88
140 127
140 298
140 440
141 475
141 25
141 43
141 77
141 87
141 152
141 198
141 200
141 223
141 233
141 251
141 254
141 441
142 323
142 513
142 514
142 559
142 7
142 79
142 83
142 137
142 164
142 173
142 226
142 240
142 442
143 394
143 560
143 48
143 208
143 242
143 253
143 270
143 276
143 443
144 333
144 365
144 459
144 55
144 124
144 163
144 228
144 232
144 444
145 469
145 490
145 500
145 525
145 37
145 58
145 74
145 103
145 129
145 445
146 427
146 426
146 13
146 50
146 54
146 56
146 132
146 240
146 255
146 446
147 313
147 382
147 470
147 487
147 23
147 29
147 38
147 48
147 88
147 103
147 104
147 148
147 153
147 162
147 188
147 254
147 275
147 447
148 477
148 53
148 87
148 115
148 147
148 163
148 186
148 193
148 239
148 248
148 262
148 448
149 371
149 377
149 434
149 7
149 36
149 45
149 55
149 76
149 101
149 109
149 216
149 219
149 221
149 229
149 240
149 267
149 286
149 289
149 449
150 321
150 414
150 429
150 10
150 24
150 87
150 90
150 156
150 159
150 168
150 206
150 450
151 440
151 427
151 4
151 68
151 122
151 201
151 221
151 283
151 451
152 340
152 501
152 532
152 577
152 49
152 68
152 69
152 86
152 125
152 141
152 160
152 170
152 209
152 211
152 212
152 219
152 452
153 311
153 364
153 398
153 498
153 528
153 554
153 564
153 12
153 83
153 147
153 188
153 202
153 253
153 277
153 453
154 369
154 419
154 497
154 524
154 38
154 55
154 62
154 68
154 97
154 113
154 165
154 203
154 454
155 445
155 458
155 472
155 32
155 75
155 89
155 175
155 178
155 184
155 249
155 259
155 260
155 269
155 270
155 290
155 455
156 363
156 455
156 17
156 21
156 33
156 62
156 89
156 101
156 135
156 150
156 174
156 197
156 204
156 225
156 297
156 456
157 304
157 350
157 572
157 587
157 592
157 594
157 13
157 42
157 95
157 198
157 242
157 249
157 250
157 267
157 457
158 500
158 9
158 93
158 187
158 189
158 225
158 458
159 544
159 581
159 0
159 26
159 28
159 69
159 150
159 171
159 176
159 182
159 191
159 192
159 228
159 243
159 253
159 459
160 302
160 380
160 447
160 449
160 474
160 573
160 46
160 62
160 72
160 117
160 152
160 180
160 192
160 269
160 276
160 278
160 460
161 345
161 360
161 12
161 42
161 48
161 78
161 79
161 92
161 93
161 99
161 137
161 253
161 461
162 389
162 59
162 60
162 147
162 200
162 218
162 246
162 462
163 354
163 520
163 48
163 61
163 79
163 144
163 148
163 240
163 253
163 278
163 286
163 463
164 309
164 394
164 457
164 464
164 466
164 510
164 529
164 570
164 4
164 8
164 37
164 88
164 115
164 138
164 142
164 194
164 227
164 239
164 294
165 463
165 470
165 492
165 18
165 80
165 154
165 197
165 219
165 248
165 270
165 289
165 465
166 341
166 423
166 523
166 9
166 43
166 47
166 57
166 167
166 194
166 252
166 295
166 466
167 304
167 420
167 476
167 72
167 101
167 137
167 166
167 175
167 203
167 275
167 297
167 467
168 438
168 590
168 0
168 15
168 31
168 54
168 114
168 137
168 150
168 238
168 239
168 281
168 468
169 494
169 59
169 99
169 207
169 227
169 469
170 582
170 588
170 595
170 44
170 51
170 57
170 98
170 152
170 173
170 178
170 186
170 187
170 470
171 314
171 348
171 411
171 433
171 7
171 15
171 36
171 45
171 51
171 117
171 159
171 177
171 210
171 217
171 219
171 224
171 226
171 239
171 253
171 267
171 284
171 471
172 314
172 319
172 520
172 28
172 49
172 83
172 97
172 128
172 195
172 198
172 267
172 472
173 473
173 593
173 3
173 67
173 84
173 106
173 142
173 170
173 184
173 202
173 276
174 322
174 409
174 578
174 19
174 28
174 97
174 112
174 121
174 124
174 156
174 230
174 252
174 255
174 281
174 293
174 474
175 347
175 38
175 51
175 96
175 155
175 167
175 220
175 244
175 249
175 475
176 457
176 18
176 20
176 23
176 103
176 159
176 212
176 275
176 476
177 335
177 472
177 568
177 24
177 26
177 171
177 178
177 201
177 240
177 289
177 477
178 374
178 407
178 473
178 36
178 43
178 155
178 170
178 177
178 478
179 411
179 421
179 498
179 527
179 578
179 581
179 95
179 190
179 251
179 266
179 271
179 479
180 301
180 70
180 78
180 88
180 101
180 160
180 184
180 188
180 225
180 295
180 480
181 336
181 458
181 548
181 32
181 46
181 64
181 82
181 90
181 96
181 131
181 256
181 273
181 481
182 361
182 374
182 380
182 406
182 554
182 7
182 38
182 79
182 159
182 191
182 215
182 224
182 228
182 236
182 261
182 482
183 329
183 505
183 43
183 46
183 53
183 66
183 93
183 99
183 235
183 237
183 256
183 262
183 483
184 372
184 451
184 69
184 70
184 85
184 101
184 155
184 173
184 180
184 225
184 268
184 484
185 303
185 335
185 536
185 18
185 20
185 26
185 38
185 92
185 122
185 186
185 193
185 200
185 276
185 485
186 303
186 377
186 420
186 25
186 59
186 77
186 83
186 87
186 92
186 117
186 133
186 148
186 170
186 185
186 190
186 221
186 263
186 264
186 285
186 486
187 419
187 422
187 513
187 158
187 170
187 229
187 282
187 487
188 324
188 370
188 482
188 491
188 535
188 24
188 49
188 63
188 73
188 89
188 95
188 147
188 153
188 180
188 195
188 199
188 202
188 286
188 488
189 309
189 516
189 7
189 19
189 72
189 104
189 115
189 158
189 218
189 235
189 236
189 489
190 320
190 415
190 458
190 466
190 497
190 7
190 8
190 34
190 57
190 80
190 95
190 124
190 179
190 186
190 234
190 490
191 321
191 363
191 422
191 468
191 525
191 590
191 4
191 9
191 43
191 159
191 182
191 244
191 262
191 491
192 331
192 525
192 546
192 71
192 82
192 159
192 160
192 227
192 259
192 492
193 450
193 499
193 524
193 12
193 26
193 133
193 134
193 148
193 185
193 215
193 268
193 274
193 279
193 292
193 493
194 592
194 599
194 7
194 13
194 42
194 43
194 51
194 96
194 127
194 164
194 166
194 210
194 236
194 494
195 356
195 416
195 479
195 517
195 535
195 40
195 53
195 81
195 133
195 172
195 188
195 266
195 272
195 297
195 495
196 377
196 412
196 437
196 527
196 73
196 75
196 114
196 121
196 280
196 287
196 496
197 344
197 80
197 156
197 165
197 216
197 217
197 225
197 243
197 267
197 269
197 281
197 497
198 300
198 361
198 379
198 16
198 34
198 51
198 59
198 96
198 108
198 117
198 141
198 157
198 172
198 239
198 248
198 267
198 270
198 291
198 295
198 498
199 346
199 478
199 23
199 38
199 100
199 112
199 114
199 126
199 188
199 203
199 245
199 268
199 271
199 499
200 516
200 9
200 46
200 66
200 141
200 162
200 185
200 263
200 500
201 329
201 512
201 514
201 533
201 536
201 561
201 583
201 12
201 48
201 51
201 62
201 102
201 151
201 177
201 212
201 223
201 276
201 283
201 289
201 295
201 501
202 373
202 401
202 29
202 30
202 67
202 88
202 93
202 110
202 153
202 173
202 188
202 233
202 502
203 378
203 390
203 586
203 24
203 90
203 104
203 107
203 134
203 139
203 154
203 167
203 199
203 220
203 256
203 271
203 297
203 503
204 465
204 440
204 0
204 42
204 86
204 96
204 136
204 156
204 211
204 218
204 241
204 242
204 256
204 278
204 504
205 368
205 381
205 395
205 597
205 4
205 10
205 54
205 55
205 69
205 119
205 253
205 295
205 505
206 579
206 599
206 1
206 17
206 24
206 43
206 50
206 60
206 99
206 118
206 121
206 133
206 136
206 150
206 218
206 230
206 233
206 252
206 282
206 286
206 506
207 350
207 423
207 430
207 553
207 593
207 12
207 41
207 56
207 135
207 169
207 507
208 310
208 414
208 7
208 48
208 54
208 73
208 118
208 123
208 131
208 143
208 264
208 508
209 388
209 432
209 532
209 8
209 75
209 96
209 152
209 220
209 235
209 509
210 560
210 41
210 77
210 134
210 171
210 194
210 216
210 220
210 261
210 510
211 371
211 475
211 575
211 62
211 82
211 91
211 93
211 95
211 115
211 152
211 204
211 220
211 279
211 511
212 346
212 393
212 417
212 504
212 526
212 570
212 11
212 66
212 71
212 109
212 121
212 136
212 138
212 152
212 176
212 201
212 250
212 287
212 289
212 293
212 512
213 303
213 390
213 455
213 503
213 1
213 10
213 20
213 71
213 104
213 136
213 237
213 248
213 261
213 281
213 287
213 513
214 511
214 465
214 32
214 222
214 288
214 514
215 540
215 511
215 7
215 138
215 182
215 193
215 218
215 229
215 231
215 236
215 249
215 261
215 286
215 515
216 313
216 331
216 516
216 34
216 41
216 112
216 138
216 149
216 197
216 210
216 245
216 284
217 373
217 537
217 545
217 4
217 5
217 40
217 51
217 126
217 171
217 197
217 221
217 227
217 270
217 517
218 542
218 540
218 18
218 31
218 126
218 136
218 162
218 189
218 204
218 206
218 215
218 226
218 243
218 278
218 296
218 518
219 317
219 384
219 395
219 2
219 3
219 53
219 77
219 79
219 149
219 152
219 165
219 171
219 265
219 519
220 302
220 405
220 412
220 487
220 563
220 39
220 99
220 128
220 175
220 203
220 209
220 210
220 211
220 292
220 520
221 543
221 542
221 22
221 121
221 126
221 149
221 151
221 186
221 217
221 243
221 253
221 257
221 264
221 268
221 521
222 363
222 66
222 76
222 125
222 138
222 214
222 290
222 297
222 522
223 302
223 305
223 306
223 316
223 348
223 369
223 448
223 538
223 16
223 54
223 62
223 107
223 141
223 201
223 288
223 291
223 293
223 298
223 523
224 445
224 501
224 16
224 31
224 43
224 54
224 72
224 110
224 171
224 182
224 241
224 245
224 271
224 524
225 386
225 7
225 113
225 122
225 156
225 158
225 180
225 184
225 197
225 260
225 267
225 294
225 297
225 525
226 397
226 554
226 3
226 142
226 171
226 218
226 239
226 267
226 274
226 526
227 595
227 31
227 37
227 60
227 100
227 164
227 169
227 192
227 217
227 251
227 253
227 278
227 527
228 311
228 415
228 425
228 102
228 110
228 114
228 144
228 159
228 182
228 244
228 293
228 528
229 506
229 524
229 580
229 599
229 76
229 149
229 187
229 215
229 529
230 333
230 509
230 517
230 526
230 594
230 113
230 120
230 131
230 174
230 206
230 240
230 294
230 530
231 322
231 388
231 532
231 573
231 40
231 77
231 215
231 232
231 237
231 244
231 264
231 291
231 531
232 335
232 392
232 411
232 462
232 494
232 530
232 597
232 7
232 41
232 79
232 139
232 144
232 231
232 532
233 372
233 549
233 47
233 126
233 141
233 202
233 206
233 282
233 533
234 340
234 420
234 462
234 6
234 57
234 106
234 132
234 190
234 266
234 283
234 534
235 348
235 485
235 573
235 25
235 45
235 50
235 183
235 189
235 209
235 267
235 270
235 277
235 535
236 382
236 408
236 598
236 9
236 57
236 86
236 109
236 115
236 121
236 128
236 139
236 182
236 189
236 194
236 215
236 240
236 258
236 284
236 536
237 351
237 444
237 7
237 23
237 34
237 52
237 98
237 183
237 213
237 231
237 284
237 537
238 339
238 477
238 497
238 20
238 21
238 120
238 168
238 538
239 463
239 20
239 40
239 97
239 125
239 132
239 139
239 148
239 164
239 168
239 171
239 198
239 226
239 277
239 292
239 539
240 419
240 554
240 598
240 64
240 84
240 142
240 146
240 149
240 163
240 177
240 230
240 236
240 540
241 305
241 549
241 583
241 12
241 44
241 51
241 83
241 204
241 224
241 262
241 297
241 541
242 400
242 460
242 567
242 593
242 0
242 52
242 58
242 103
242 119
242 120
242 143
242 157
242 204
242 542
243 321
243 487
243 21
243 36
243 87
243 159
243 197
243 218
243 221
243 543
244 319
244 364
244 33
244 48
244 50
244 73
244 75
244 84
244 175
244 191
244 228
244 231
244 286
244 291
244 296
244 544
245 593
245 8
245 27
245 60
245 113
245 135
245 199
245 216
245 224
245 291
245 545
246 566
246 543
246 29
246 36
246 39
246 63
246 64
246 102
246 130
246 162
246 286
246 546
247 569
247 566
247 3
247 28
247 43
247 68
247 78
247 122
247 547
248 315
248 371
248 420
248 447
248 450
248 486
248 538
248 576
248 9
248 19
248 23
248 39
248 93
248 148
248 165
248 198
248 213
248 548
249 585
249 569
249 1
249 13
249 19
249 68
249 94
249 132
249 155
249 157
249 175
249 215
249 549
250 436
250 484
250 90
250 121
250 157
250 212
250 258
250 550
251 341
251 378
251 444
251 8
251 83
251 86
251 127
251 141
251 179
251 227
251 261
251 551
252 400
252 451
252 505
252 554
252 24
252 25
252 72
252 98
252 115
252 133
252 166
252 174
252 206
252 263
252 552
253 346
253 32
253 86
253 123
253 143
253 153
253 159
253 161
253 163
253 171
253 205
253 221
253 227
253 289
253 553
254 314
254 363
254 449
254 451
254 473
254 531
254 563
254 597
254 44
254 64
254 83
254 104
254 106
254 108
254 115
254 141
254 147
254 554
255 451
255 521
255 21
255 101
255 118
255 135
255 146
255 174
255 271
255 281
255 555
256 349
256 408
256 91
256 103
256 138
256 181
256 183
256 203
256 204
256 556
257 416
257 502
257 506
257 15
257 61
257 221
257 557
258 397
258 404
258 4
258 18
258 66
258 68
258 82
258 90
258 236
258 250
258 274
258 558
259 356
259 380
259 436
259 466
259 579
259 89
259 107
259 138
259 155
259 192
259 559
260 370
260 399
260 521
260 0
260 48
260 65
260 67
260 68
260 113
260 120
260 155
260 225
260 283
260 291
260 560
261 331
261 574
261 7
261 16
261 30
261 83
261 89
261 101
261 182
261 210
261 213
261 215
261 251
261 273
261 561
262 350
262 377
262 3
262 27
262 30
262 52
262 56
262 79
262 148
262 183
262 191
262 241
262 562
263 339
263 425
263 442
263 537
263 599
263 4
263 6
263 86
263 130
263 186
263 200
263 252
263 267
263 563
264 411
264 57
264 67
264 69
264 136
264 186
264 208
264 221
264 231
264 275
264 289
264 564
265 429
265 432
265 495
265 518
265 24
265 37
265 50
265 71
265 72
265 219
265 267
265 298
265 565
266 502
266 17
266 73
266 129
266 179
266 195
266 234
266 275
266 284
266 566
267 415
267 424
267 504
267 561
267 12
267 104
267 113
267 149
267 157
267 171
267 172
267 197
267 198
267 225
267 226
267 235
267 263
267 265
267 297
267 567
268 438
268 454
268 546
268 567
268 592
268 30
268 64
268 184
268 193
268 199
268 221
268 568
269 543
269 23
269 58
269 60
269 86
269 121
269 155
269 160
269 197
269 283
269 569
270 368
270 409
270 519
270 40
270 51
270 82
270 103
270 112
270 128
270 138
270 143
270 155
270 165
270 198
270 217
270 235
270 273
270 570
271 329
271 428
271 531
271 47
271 55
271 61
271 64
271 74
271 108
271 113
271 179
271 199
271 203
271 224
271 255
271 272
271 279
271 280
271 295
271 571
272 371
272 442
272 461
272 96
272 100
272 103
272 130
272 195
272 271
272 279
272 572
273 503
273 34
273 80
273 103
273 116
273 120
273 139
273 181
273 261
273 270
273 280
273 573
274 330
274 367
274 496
274 56
274 85
274 138
274 193
274 226
274 258
274 279
274 574
275 308
275 364
275 147
275 167
275 176
275 264
275 266
275 277
275 575
276 371
276 400
276 436
276 575
276 53
276 60
276 88
276 108
276 143
276 160
276 173
276 185
276 201
276 289
276 576
277 453
277 467
277 25
277 61
277 89
277 123
277 153
277 235
277 239
277 275
277 278
277 297
277 577
278 324
278 493
278 160
278 163
278 204
278 218
278 227
278 277
278 578
279 507
279 554
279 69
279 71
279 91
279 193
279 211
279 271
279 272
279 274
279 292
279 579
280 409
280 424
280 438
280 444
280 493
280 505
280 517
280 549
280 14
280 64
280 73
280 77
280 196
280 271
280 273
280 292
280 580
281 308
281 404
281 8
281 13
281 30
281 63
281 64
281 97
281 98
281 168
281 174
281 197
281 213
281 255
281 581
282 327
282 334
282 349
282 373
282 510
282 528
282 532
282 11
282 37
282 100
282 124
282 126
282 187
282 206
282 233
282 296
282 582
283 360
283 70
283 100
283 102
283 135
283 139
283 151
283 201
283 234
283 260
283 269
283 583
284 401
284 518
284 563
284 54
284 96
284 171
284 216
284 236
284 237
284 266
284 584
285 568
285 4
285 31
285 40
285 70
285 82
285 92
285 125
285 186
285 585
286 344
286 374
286 488
286 562
286 71
286 115
286 135
286 149
286 163
286 188
286 206
286 215
286 244
286 246
286 586
287 380
287 468
287 1
287 29
287 38
287 87
287 98
287 122
287 196
287 212
287 213
287 587
288 321
288 403
288 455
288 545
288 9
288 76
288 214
288 223
288 297
288 588
289 394
289 422
289 536
289 13
289 64
289 71
289 72
289 117
289 128
289 149
289 165
289 177
289 201
289 212
289 253
289 264
289 276
289 589
290 328
290 403
290 457
290 466
290 27
290 34
290 35
290 104
290 132
290 137
290 155
290 222
290 590
291 395
291 57
291 70
291 139
291 198
291 223
291 231
291 244
291 245
291 260
291 591
292 399
292 1
292 22
292 78
292 102
292 193
292 220
292 239
292 279
292 280
292 592
293 341
293 418
293 500
293 554
293 1
293 4
293 36
293 89
293 91
293 112
293 125
293 132
293 174
293 212
293 223
293 228
293 593
294 591
294 585
294 2
294 10
294 30
294 72
294 86
294 164
294 225
294 230
294 594
295 342
295 546
295 23
295 35
295 81
295 100
295 121
295 166
295 180
295 198
295 201
295 205
295 271
295 595
296 305
296 421
296 472
296 483
296 544
296 556
296 6
296 41
296 43
296 69
296 218
296 244
296 282
296 596
297 599
297 591
297 26
297 81
297 91
297 102
297 115
297 116
297 132
297 156
297 167
297 195
297 203
297 222
297 225
297 241
297 267
297 277
297 288
297 298
297 597
298 344
298 431
298 106
298 122
298 140
298 223
298 265
298 297
298 598
299 303
299 407
299 495
299 4
299 5
299 48
299 57
299 101
299 111
299 599
300 54
300 116
300 122
300 198
300 0
301 22
301 65
301 89
301 101
301 180
301 1
302 160
302 220
302 223
302 2
303 185
303 186
303 213
303 299
303 3
304 78
304 157
304 167
304 4
305 37
305 103
305 223
305 241
305 296
305 5
306 78
306 101
306 223
306 6
307 17
307 75
307 101
307 7
308 38
308 275
308 281
308 8
309 25
309 164
309 189
309 9
310 1
310 93
310 208
310 10
311 19
311 73
311 89
311 153
311 228
311 11
312 22
312 115
312 12
313 19
313 76
313 147
313 216
313 13
314 171
314 172
314 254
314 14
315 248
315 15
316 223
316 16
317 41
317 122
317 219
317 17
318 65
318 94
318 18
319 21
319 122
319 172
319 244
319 19
320 0
320 190
320 20
321 150
321 191
321 243
321 288
321 21
322 132
322 174
322 231
322 22
323 87
323 125
323 128
323 142
323 23
324 188
324 278
324 24
325 49
325 90
325 93
325 25
326 21
326 63
326 26
327 105
327 282
327 27
328 99
328 102
328 290
328 28
329 1
329 23
329 38
329 72
329 122
329 183
329 201
329 271
329 29
330 107
330 121
330 274
330 30
331 32
331 192
331 216
331 261
331 31
332 35
332 65
332 136
332 32
333 118
333 144
333 230
333 33
334 77
334 282
334 34
335 107
335 177
335 185
335 232
335 35
336 13
336 119
336 131
336 181
336 36
337 120
337 37
338 72
338 136
338 38
339 88
339 238
339 263
339 39
340 74
340 134
340 152
340 234
340 40
341 166
341 251
341 293
341 41
342 41
342 295
342 42
343 28
343 43
344 44
344 48
344 121
344 197
344 286
344 298
345 33
345 40
345 81
345 161
345 45
346 199
346 212
346 253
346 46
347 72
347 129
347 175
347 47
348 77
348 138
348 171
348 223
348 235
348 48
349 256
349 282
349 49
350 32
350 157
350 207
350 262
350 50
351 60
351 237
351 51
352 31
352 99
352 52
353 44
353 139
353 53
354 163
354 54
355 9
355 64
355 55
356 195
356 259
356 56
357 8
357 96
357 57
358 100
358 103
358 58
359 38
359 87
359 126
359 59
360 105
360 161
360 283
360 60
361 8
361 20
361 99
361 182
361 198
361 61
362 111
362 62
363 13
363 27
363 77
363 90
363 109
363 156
363 191
363 222
363 254
363 63
364 153
364 244
364 275
364 64
365 12
365 22
365 64
365 144
365 65
366 43
366 56
366 66
367 2
367 274
367 67
368 28
368 66
368 205
368 270
368 68
369 35
369 90
369 154
369 223
369 69
370 51
370 188
370 260
370 70
371 83
371 118
371 149
371 211
371 248
371 272
371 276
371 71
372 184
372 233
372 72
373 55
373 202
373 217
373 282
373 73
374 42
374 178
374 182
374 286
374 74
375 71
375 104
375 75
376 56
376 57
376 76
377 91
377 131
377 149
377 186
377 196
377 262
377 77
378 203
378 251
378 78
379 28
379 75
379 78
379 139
379 198
379 79
380 160
380 182
380 259
380 287
380 80
381 205
381 81
382 26
382 73
382 123
382 147
382 236
382 82
383 57
383 62
383 83
384 219
384 84
385 30
385 85
386 66
386 225
386 86
387 42
387 55
387 63
387 69
387 87
388 49
388 83
388 209
388 231
388 88
389 62
389 86
389 162
389 89
390 203
390 213
390 90
391 39
391 91
392 31
392 232
392 92
393 212
393 93
394 143
394 164
394 289
394 94
395 50
395 205
395 219
395 291
395 95
396 31
396 96
397 226
397 258
397 97
398 64
398 153
398 98
399 260
399 292
399 99
400 242
400 252
400 276
400 100
401 53
401 82
401 202
401 284
401 101
402 86
402 112
402 102
403 2
403 288
403 290
403 103
404 1
404 21
404 42
404 45
404 93
404 258
404 281
404 104
405 220
405 105
406 87
406 128
406 182
406 106
407 4
407 67
407 95
407 178
407 299
407 107
408 3
408 58
408 115
408 236
408 256
408 108
409 174
409 270
409 280
409 109
410 4
410 110
411 100
411 122
411 136
411 171
411 179
411 232
411 264
411 111
412 113
412 196
412 220
412 112
413 32
413 41
413 91
413 131
413 136
413 113
414 19
414 20
414 150
414 208
414 114
415 2
415 3
415 190
415 228
415 267
415 115
416 46
416 97
416 138
416 139
416 195
416 257
416 116
417 74
417 212
417 117
418 69
418 293
418 118
419 8
419 94
419 154
419 187
419 240
419 119
420 47
420 104
420 114
420 167
420 186
420 234
420 248
420 120
421 38
421 87
421 179
421 296
421 121
422 187
422 191
422 289
422 122
423 26
423 50
423 166
423 207
423 123
424 3
424 44
424 67
424 267
424 280
424 124
425 228
425 263
425 125
426 112
426 146
426 126
427 146
427 151
427 127
428 27
428 271
428 128
429 110
429 150
429 265
429 129
430 17
430 20
430 117
430 207
430 130
431 298
431 131
432 108
432 209
432 265
432 132
433 171
433 133
434 42
434 149
434 134
435 59
435 105
435 135
436 39
436 76
436 124
436 250
436 259
436 276
436 136
437 50
437 196
437 137
438 87
438 116
438 168
438 268
438 280
438 138
439 121
439 139
440 151
440 204
440 140
441 39
441 64
441 141
442 45
442 61
442 139
442 263
442 272
442 142
443 79
443 93
443 111
443 143
444 44
444 237
444 251
444 280
444 144
445 12
445 155
445 224
445 145
446 113
446 146
447 14
447 160
447 248
447 147
448 29
448 59
448 131
448 223
448 148
449 160
449 254
449 149
450 193
450 248
450 150
451 138
451 184
451 252
451 254
451 255
451 151
452 15
452 104
452 131
452 152
453 106
453 127
453 277
453 153
454 29
454 99
454 113
454 268
454 154
455 7
455 30
455 103
455 156
455 213
455 288
455 155
456 39
456 66
456 156
457 9
457 164
457 176
457 290
457 157
458 155
458 181
458 190
458 158
459 41
459 130
459 144
459 159
460 98
460 242
460 160
461 67
461 124
461 133
461 272
461 161
462 232
462 234
462 162
463 85
463 165
463 239
463 163
464 164
465 204
465 214
465 165
466 33
466 67
466 115
466 164
466 190
466 259
466 290
466 166
467 277
467 167
468 191
468 287
468 168
469 145
469 169
470 147
470 165
470 170
471 5
471 95
471 113
471 171
472 155
472 177
472 296
472 172
473 93
473 100
473 173
473 178
473 254
474 16
474 89
474 160
474 174
475 141
475 211
475 175
476 167
476 176
477 19
477 148
477 238
477 177
478 65
478 126
478 199
478 178
479 58
479 129
479 195
479 179
480 21
480 24
480 82
480 180
481 27
481 181
482 38
482 188
482 182
483 109
483 296
483 183
484 1
484 84
484 91
484 118
484 250
484 184
485 28
485 42
485 136
485 235
485 185
486 248
486 186
487 71
487 147
487 220
487 243
487 187
488 286
488 188
489 108
489 189
490 145
490 190
491 11
491 188
491 191
492 13
492 28
492 99
492 165
492 192
493 99
493 278
493 280
493 193
494 99
494 169
494 232
494 194
495 66
495 140
495 265
495 299
495 195
496 274
496 196
497 16
497 128
497 154
497 190
497 238
497 197
498 74
498 134
498 153
498 179
498 198
499 99
499 193
499 199
500 136
500 145
500 158
500 293
500 200
501 55
501 58
501 152
501 224
501 201
502 257
502 266
502 202
503 1
503 124
503 213
503 273
503 203
504 94
504 212
504 267
504 204
505 7
505 12
505 108
505 120
505 183
505 252
505 280
505 205
506 120
506 129
506 229
506 257
506 206
507 33
507 54
507 138
507 279
507 207
508 20
508 125
508 208
509 230
509 209
510 0
510 164
510 282
510 210
511 214
511 215
511 211
512 201
512 212
513 142
513 187
513 213
514 96
514 142
514 201
514 214
515 28
515 215
516 189
516 200
516 216
517 195
517 230
517 280
517 217
518 110
518 118
518 265
518 284
518 218
519 7
519 270
519 219
520 16
520 24
520 140
520 163
520 172
520 220
521 255
521 260
521 221
522 19
522 118
522 222
523 115
523 166
523 223
524 5
524 134
524 154
524 193
524 229
524 224
525 5
525 6
525 25
525 84
525 132
525 145
525 191
525 192
525 225
526 107
526 212
526 230
526 226
527 179
527 196
527 227
528 98
528 116
528 134
528 153
528 282
528 228
529 23
529 36
529 164
529 229
530 51
530 63
530 93
530 135
530 232
530 230
531 139
531 254
531 271
531 231
532 152
532 209
532 231
532 282
532 232
533 123
533 131
533 201
533 233
534 133
534 234
535 25
535 71
535 188
535 195
535 235
536 185
536 201
536 289
536 236
537 82
537 217
537 263
537 237
538 122
538 136
538 223
538 248
538 238
539 35
539 116
539 239
540 215
540 218
540 240
541 42
541 65
541 87
541 241
542 218
542 221
542 242
543 221
543 246
543 269
543 243
544 82
544 134
544 159
544 296
544 244
545 41
545 217
545 288
545 245
546 76
546 192
546 268
546 295
546 246
547 20
547 135
547 247
548 11
548 36
548 181
548 248
549 21
549 89
549 119
549 233
549 241
549 280
549 249
550 103
550 250
551 4
551 99
551 139
551 251
552 27
552 107
552 252
553 44
553 207
553 253
554 5
554 23
554 83
554 153
554 182
554 226
554 240
554 252
554 279
554 293
554 254
555 10
555 78
555 92
555 117
555 255
556 4
556 90
556 296
556 256
557 20
557 51
557 257
558 88
558 258
559 34
559 70
559 137
559 142
559 259
560 27
560 46
560 102
560 106
560 143
560 210
560 260
561 110
561 122
561 201
561 267
561 261
562 0
562 286
562 262
563 104
563 220
563 254
563 284
563 263
564 133
564 153
564 264
565 68
565 84
565 265
566 246
566 247
566 266
567 36
567 74
567 96
567 242
567 268
567 267
568 18
568 74
568 80
568 177
568 285
568 268
569 247
569 249
569 269
570 49
570 164
570 212
570 270
571 40
571 52
571 271
572 4
572 5
572 8
572 39
572 51
572 157
572 272
573 160
573 231
573 235
573 273
574 101
574 131
574 261
574 274
575 96
575 211
575 276
575 275
576 248
576 276
577 152
577 277
578 10
578 73
578 84
578 106
578 174
578 179
578 278
579 206
579 259
579 279
580 32
580 229
580 280
581 159
581 179
581 281
582 23
582 90
582 136
582 170
582 282
583 111
583 201
583 241
583 283
584 55
584 75
584 284
585 249
585 294
585 285
586 64
586 203
586 286
587 109
587 130
587 157
587 287
588 17
588 25
588 170
588 288
589 69
589 89
589 98
589 289
590 111
590 140
590 168
590 191
590 290
591 294
591 297
591 291
592 1
592 157
592 194
592 268
592 292
593 50
593 73
593 173
593 207
593 242
593 245
593 293
594 85
594 157
594 230
594 294
595 170
595 227
595 295
596 39
596 92
596 296
597 10
597 13
597 25
597 74
597 108
597 205
597 232
597 254
597 297
598 236
598 240
598 298
599 7
599 43
599 194
599 206
599 229
599 263
599 297
599 299
