  600   6084
0 326
0 332
0 363
0 373
0 402
0 419
0 444
0 536
0 589
0 15
0 34
0 46
0 54
0 57
0 58
0 62
0 96
0 103
0 106
0 107
0 135
0 139
0 142
0 146
0 163
0 177
0 180
0 185
0 195
0 211
0 212
0 214
0 229
0 273
0 299
0 300
1 308
1 355
1 423
1 446
1 447
1 459
1 515
1 562
1 572
1 26
1 35
1 36
1 52
1 62
1 92
1 103
1 124
1 148
1 157
1 158
1 170
1 177
1 186
1 189
1 196
1 279
1 290
1 301
2 307
2 324
2 325
2 385
2 440
2 467
2 487
2 489
2 548
2 571
2 41
2 51
2 73
2 89
2 99
2 107
2 122
2 124
2 129
2 131
2 146
2 147
2 150
2 153
2 158
2 196
2 244
2 264
2 270
2 281
2 291
2 302
3 328
3 410
3 449
3 489
3 507
3 553
3 595
3 25
3 37
3 60
3 72
3 76
3 90
3 134
3 161
3 177
3 180
3 186
3 219
3 223
3 249
3 260
3 262
3 268
3 273
3 296
3 303
4 310
4 325
4 390
4 395
4 433
4 444
4 483
4 507
4 545
4 564
4 5
4 22
4 35
4 47
4 67
4 72
4 89
4 95
4 104
4 114
4 126
4 134
4 141
4 161
4 170
4 184
4 194
4 198
4 219
4 236
4 248
4 258
4 274
4 279
4 287
4 295
4 304
5 307
5 321
5 331
5 336
5 348
5 423
5 492
5 584
5 4
5 70
5 116
5 137
5 153
5 174
5 189
5 195
5 208
5 219
5 227
5 231
5 241
5 251
5 268
5 285
5 287
5 288
5 305
6 303
6 361
6 386
6 396
6 405
6 439
6 565
6 33
6 46
6 53
6 69
6 85
6 105
6 121
6 125
6 127
6 139
6 146
6 165
6 170
6 180
6 191
6 234
6 243
6 268
6 270
6 282
6 292
6 294
6 306
7 301
7 485
7 566
7 8
7 9
7 15
7 30
7 32
7 33
7 69
7 75
7 95
7 151
7 158
7 164
7 186
7 212
7 218
7 227
7 231
7 255
7 278
7 280
7 281
7 307
8 344
8 378
8 397
8 409
8 421
8 433
8 443
8 497
8 584
8 7
8 12
8 15
8 29
8 52
8 70
8 85
8 110
8 117
8 127
8 134
8 146
8 160
8 164
8 170
8 172
8 195
8 209
8 210
8 224
8 227
8 240
8 249
8 251
8 262
8 265
8 267
8 272
8 296
8 308
9 308
9 363
9 368
9 386
9 437
9 449
9 497
9 565
9 582
9 592
9 7
9 20
9 34
9 69
9 76
9 83
9 88
9 120
9 133
9 143
9 148
9 159
9 161
9 164
9 167
9 171
9 191
9 205
9 211
9 239
9 249
9 266
9 272
9 283
9 295
9 297
9 309
10 329
10 336
10 441
10 523
10 553
10 593
10 599
10 16
10 23
10 40
10 44
10 49
10 58
10 60
10 94
10 124
10 126
10 130
10 154
10 161
10 166
10 172
10 187
10 209
10 218
10 235
10 254
10 263
10 273
10 275
10 284
10 310
11 302
11 353
11 526
11 15
11 22
11 29
11 31
11 41
11 45
11 68
11 89
11 90
11 106
11 113
11 128
11 140
11 153
11 166
11 195
11 222
11 278
11 283
11 295
11 311
12 312
12 335
12 353
12 357
12 370
12 384
12 447
12 493
12 510
12 531
12 535
12 8
12 18
12 34
12 37
12 42
12 45
12 50
12 60
12 105
12 130
12 171
12 177
12 178
12 188
12 192
12 204
12 218
12 272
12 296
12 298
13 314
13 335
13 388
13 434
13 449
13 512
13 530
13 547
13 553
13 559
13 594
13 49
13 52
13 71
13 84
13 89
13 124
13 158
13 164
13 190
13 204
13 216
13 222
13 246
13 261
13 264
13 286
13 290
13 299
13 313
14 391
14 474
14 575
14 582
14 21
14 29
14 32
14 39
14 66
14 72
14 77
14 88
14 137
14 161
14 186
14 188
14 194
14 195
14 204
14 211
14 214
14 245
14 278
14 299
14 314
15 305
15 326
15 358
15 425
15 430
15 482
15 0
15 7
15 8
15 11
15 33
15 44
15 48
15 60
15 72
15 74
15 92
15 94
15 97
15 104
15 116
15 117
15 134
15 144
15 148
15 158
15 163
15 210
15 220
15 258
15 262
15 272
15 275
15 282
15 292
15 315
16 356
16 395
16 415
16 428
16 435
16 443
16 505
16 510
16 544
16 545
16 599
16 10
16 32
16 59
16 67
16 118
16 134
16 192
16 202
16 207
16 209
16 241
16 258
16 270
16 316
17 308
17 312
17 323
17 351
17 354
17 410
17 510
17 523
17 537
17 548
17 589
17 594
17 599
17 25
17 26
17 28
17 46
17 54
17 58
17 64
17 138
17 191
17 192
17 215
17 233
17 236
17 237
17 240
17 252
17 255
17 276
17 285
17 291
17 317
18 309
18 318
18 394
18 415
18 425
18 476
18 480
18 485
18 499
18 534
18 574
18 587
18 598
18 12
18 23
18 36
18 48
18 57
18 84
18 118
18 128
18 131
18 132
18 135
18 141
18 163
18 166
18 201
18 202
18 219
18 220
18 223
18 239
18 252
18 265
18 276
18 293
18 296
19 332
19 347
19 386
19 399
19 415
19 421
19 433
19 504
19 538
19 569
19 34
19 57
19 90
19 126
19 162
19 184
19 205
19 260
19 280
19 291
19 319
20 344
20 386
20 389
20 406
20 407
20 431
20 459
20 467
20 519
20 558
20 9
20 37
20 40
20 97
20 99
20 119
20 134
20 146
20 155
20 164
20 167
20 173
20 198
20 232
20 261
20 271
20 287
20 296
20 298
20 320
21 360
21 364
21 434
21 489
21 522
21 595
21 14
21 24
21 42
21 58
21 88
21 90
21 132
21 138
21 159
21 162
21 165
21 177
21 189
21 199
21 222
21 269
21 285
21 321
22 398
22 401
22 407
22 437
22 465
22 500
22 501
22 566
22 4
22 11
22 24
22 25
22 58
22 68
22 89
22 109
22 133
22 143
22 146
22 179
22 185
22 189
22 246
22 252
22 264
22 267
22 268
22 285
22 297
22 322
23 312
23 417
23 451
23 489
23 548
23 570
23 573
23 579
23 10
23 18
23 24
23 28
23 34
23 45
23 50
23 56
23 59
23 63
23 68
23 69
23 95
23 113
23 118
23 120
23 151
23 178
23 191
23 195
23 197
23 206
23 231
23 241
23 245
23 258
23 272
23 297
23 323
24 307
24 316
24 344
24 347
24 357
24 441
24 21
24 22
24 23
24 25
24 35
24 37
24 53
24 67
24 105
24 109
24 111
24 127
24 159
24 165
24 230
24 235
24 245
24 253
24 264
24 275
24 290
24 324
25 389
25 427
25 465
25 493
25 594
25 3
25 17
25 22
25 24
25 38
25 39
25 49
25 78
25 102
25 108
25 118
25 128
25 132
25 185
25 193
25 201
25 213
25 221
25 237
25 249
25 261
25 266
25 270
25 288
25 290
25 325
26 429
26 508
26 528
26 586
26 1
26 17
26 40
26 50
26 89
26 123
26 130
26 131
26 146
26 159
26 178
26 207
26 214
26 231
26 232
26 252
26 293
26 296
26 298
26 326
27 302
27 345
27 359
27 426
27 454
27 575
27 49
27 67
27 78
27 99
27 118
27 124
27 154
27 166
27 207
27 213
27 235
27 267
27 276
27 280
27 295
27 327
28 312
28 317
28 331
28 363
28 401
28 429
28 432
28 486
28 495
28 497
28 500
28 576
28 17
28 23
28 48
28 57
28 64
28 110
28 121
28 130
28 139
28 174
28 182
28 187
28 191
28 195
28 201
28 210
28 250
28 267
28 290
28 294
28 328
29 357
29 376
29 414
29 485
29 550
29 565
29 566
29 8
29 11
29 14
29 33
29 58
29 71
29 80
29 91
29 95
29 105
29 148
29 156
29 162
29 163
29 171
29 176
29 226
29 249
29 251
29 263
29 273
29 293
29 329
30 344
30 352
30 360
30 370
30 500
30 501
30 7
30 33
30 36
30 44
30 68
30 69
30 71
30 102
30 111
30 112
30 114
30 116
30 120
30 140
30 171
30 190
30 203
30 205
30 222
30 226
30 241
30 250
30 257
30 267
30 279
30 284
30 286
30 288
30 298
30 330
31 338
31 398
31 438
31 439
31 479
31 564
31 581
31 594
31 11
31 37
31 95
31 97
31 139
31 148
31 189
31 206
31 222
31 242
31 253
31 263
31 273
31 331
32 344
32 351
32 352
32 378
32 404
32 501
32 543
32 7
32 14
32 16
32 92
32 105
32 122
32 125
32 126
32 128
32 131
32 139
32 143
32 156
32 160
32 176
32 208
32 213
32 220
32 238
32 247
32 261
32 294
32 295
32 332
33 304
33 341
33 367
33 492
33 534
33 560
33 570
33 6
33 7
33 15
33 29
33 30
33 34
33 38
33 43
33 47
33 48
33 54
33 76
33 95
33 119
33 125
33 127
33 159
33 161
33 179
33 186
33 214
33 259
33 287
33 291
33 299
33 333
34 328
34 415
34 423
34 457
34 465
34 485
34 496
34 518
34 526
34 571
34 0
34 9
34 12
34 19
34 23
34 33
34 55
34 118
34 137
34 142
34 145
34 176
34 181
34 203
34 218
34 232
34 262
34 269
34 275
34 298
34 334
35 311
35 372
35 376
35 379
35 403
35 429
35 431
35 434
35 441
35 500
35 514
35 530
35 560
35 580
35 1
35 4
35 24
35 36
35 37
35 45
35 46
35 50
35 52
35 57
35 62
35 65
35 66
35 88
35 110
35 113
35 118
35 119
35 123
35 135
35 136
35 140
35 154
35 166
35 168
35 171
35 188
35 223
35 238
35 252
35 264
35 272
35 277
35 295
35 335
36 301
36 496
36 503
36 525
36 528
36 550
36 553
36 565
36 577
36 1
36 18
36 30
36 35
36 54
36 56
36 100
36 105
36 112
36 145
36 171
36 179
36 189
36 213
36 231
36 235
36 239
36 251
36 263
36 267
36 268
36 288
36 289
36 299
36 336
37 322
37 327
37 337
37 343
37 410
37 514
37 543
37 572
37 587
37 589
37 594
37 3
37 12
37 20
37 24
37 31
37 35
37 52
37 65
37 67
37 73
37 97
37 113
37 132
37 138
37 157
37 172
37 181
37 192
37 217
37 239
37 240
37 254
37 274
38 363
38 465
38 490
38 25
38 33
38 62
38 72
38 77
38 87
38 99
38 103
38 104
38 107
38 133
38 149
38 162
38 164
38 191
38 194
38 200
38 205
38 226
38 245
38 255
38 338
39 325
39 358
39 372
39 449
39 553
39 574
39 14
39 25
39 55
39 85
39 86
39 109
39 114
39 127
39 142
39 145
39 149
39 151
39 160
39 163
39 170
39 173
39 177
39 191
39 198
39 209
39 227
39 231
39 258
39 270
39 271
39 279
39 296
39 339
40 313
40 315
40 391
40 401
40 421
40 442
40 456
40 468
40 483
40 484
40 504
40 550
40 562
40 575
40 592
40 10
40 20
40 26
40 43
40 48
40 69
40 89
40 90
40 128
40 136
40 156
40 159
40 160
40 172
40 204
40 225
40 243
40 266
40 284
40 290
40 291
40 295
40 340
41 308
41 343
41 386
41 441
41 452
41 469
41 473
41 502
41 531
41 573
41 585
41 2
41 11
41 73
41 75
41 79
41 86
41 92
41 94
41 131
41 136
41 143
41 161
41 193
41 197
41 220
41 230
41 234
41 261
41 269
41 341
42 316
42 328
42 393
42 431
42 514
42 531
42 595
42 12
42 21
42 45
42 47
42 78
42 107
42 110
42 119
42 129
42 130
42 131
42 139
42 158
42 171
42 211
42 222
42 277
42 279
42 287
42 342
43 309
43 327
43 346
43 394
43 397
43 398
43 418
43 576
43 586
43 592
43 596
43 33
43 40
43 44
43 60
43 84
43 89
43 105
43 131
43 140
43 149
43 170
43 174
43 192
43 214
43 225
43 273
43 286
43 287
43 343
44 301
44 310
44 391
44 476
44 479
44 551
44 10
44 15
44 30
44 43
44 51
44 53
44 74
44 87
44 88
44 103
44 105
44 157
44 162
44 227
44 239
44 261
44 268
44 278
44 291
44 344
45 320
45 340
45 345
45 364
45 400
45 407
45 418
45 486
45 499
45 513
45 526
45 533
45 11
45 12
45 23
45 35
45 42
45 65
45 68
45 89
45 116
45 121
45 132
45 151
45 183
45 192
45 219
45 243
45 249
46 316
46 352
46 360
46 381
46 396
46 412
46 431
46 456
46 481
46 538
46 539
46 555
46 571
46 0
46 6
46 17
46 35
46 47
46 50
46 51
46 75
46 85
46 93
46 102
46 112
46 145
46 162
46 180
46 193
46 201
46 212
46 221
46 225
46 235
46 248
46 262
46 277
46 283
46 346
47 372
47 384
47 448
47 466
47 479
47 484
47 521
47 535
47 540
47 567
47 576
47 4
47 33
47 42
47 46
47 92
47 164
47 175
47 183
47 228
47 239
47 249
47 271
47 347
48 342
48 376
48 389
48 402
48 424
48 437
48 470
48 485
48 494
48 529
48 15
48 18
48 28
48 33
48 40
48 80
48 100
48 105
48 128
48 135
48 163
48 166
48 174
48 176
48 177
48 198
48 200
48 210
48 225
48 233
48 265
48 284
48 297
48 348
49 349
49 393
49 434
49 439
49 456
49 596
49 10
49 13
49 25
49 27
49 68
49 89
49 102
49 118
49 124
49 138
49 144
49 167
49 177
49 179
49 180
49 181
49 192
49 218
50 312
50 319
50 355
50 357
50 390
50 393
50 427
50 432
50 441
50 452
50 486
50 524
50 557
50 564
50 12
50 23
50 26
50 35
50 46
50 55
50 84
50 96
50 124
50 139
50 142
50 195
50 196
50 207
50 211
50 215
50 217
50 219
50 245
50 248
50 256
50 263
50 264
50 282
50 297
50 350
51 331
51 332
51 346
51 401
51 465
51 481
51 511
51 2
51 44
51 46
51 56
51 107
51 127
51 149
51 157
51 160
51 166
51 169
51 170
51 179
51 189
51 266
51 274
51 277
51 282
51 287
51 351
52 305
52 323
52 367
52 392
52 407
52 418
52 426
52 501
52 561
52 1
52 8
52 13
52 35
52 37
52 79
52 88
52 151
52 173
52 177
52 189
52 208
52 241
52 266
52 272
52 293
52 295
52 352
53 321
53 325
53 330
53 361
53 431
53 437
53 450
53 459
53 482
53 504
53 511
53 595
53 6
53 24
53 44
53 61
53 63
53 65
53 71
53 106
53 119
53 141
53 158
53 160
53 181
53 185
53 187
53 212
53 269
53 290
53 353
54 327
54 351
54 424
54 485
54 487
54 510
54 524
54 580
54 597
54 0
54 17
54 33
54 36
54 113
54 119
54 122
54 125
54 136
54 159
54 198
54 201
54 205
54 210
54 223
54 227
54 228
54 230
54 244
54 245
54 249
54 267
54 269
54 280
54 354
55 399
55 440
55 475
55 562
55 34
55 39
55 50
55 66
55 72
55 105
55 137
55 156
55 169
55 181
55 202
55 204
55 217
55 218
55 224
55 225
55 229
55 253
55 272
55 293
55 355
56 343
56 355
56 369
56 404
56 431
56 472
56 510
56 545
56 587
56 23
56 36
56 51
56 67
56 73
56 84
56 105
56 131
56 162
56 169
56 201
56 204
56 247
56 253
56 356
57 300
57 308
57 324
57 398
57 415
57 444
57 489
57 506
57 526
57 556
57 565
57 572
57 581
57 0
57 18
57 19
57 28
57 35
57 69
57 106
57 133
57 158
57 175
57 201
57 206
57 207
57 217
57 226
57 229
57 232
57 244
57 252
57 288
57 293
57 357
58 302
58 326
58 335
58 362
58 422
58 475
58 518
58 534
58 550
58 574
58 0
58 10
58 17
58 21
58 22
58 29
58 60
58 80
58 95
58 104
58 105
58 125
58 130
58 163
58 168
58 187
58 199
58 238
58 276
58 358
59 319
59 327
59 442
59 447
59 456
59 472
59 514
59 539
59 595
59 599
59 16
59 23
59 90
59 92
59 93
59 112
59 121
59 128
59 139
59 145
59 173
59 189
59 202
59 219
59 236
59 277
59 289
59 359
60 303
60 305
60 367
60 408
60 424
60 447
60 450
60 463
60 479
60 486
60 499
60 582
60 587
60 3
60 10
60 12
60 15
60 43
60 58
60 70
60 109
60 128
60 135
60 138
60 142
60 165
60 189
60 192
60 198
60 205
60 206
60 233
60 247
60 249
60 259
60 263
60 271
60 272
60 283
60 360
61 309
61 336
61 357
61 390
61 421
61 423
61 508
61 543
61 559
61 53
61 81
61 82
61 88
61 184
61 210
61 230
61 275
61 280
61 361
62 313
62 382
62 383
62 398
62 448
62 459
62 478
62 566
62 0
62 1
62 35
62 38
62 82
62 88
62 104
62 106
62 107
62 115
62 128
62 140
62 163
62 165
62 180
62 181
62 183
62 199
62 201
62 218
62 238
62 262
62 263
62 275
62 277
62 284
62 299
62 362
63 394
63 425
63 426
63 476
63 483
63 489
63 528
63 592
63 23
63 53
63 67
63 70
63 74
63 75
63 81
63 90
63 110
63 115
63 131
63 133
63 136
63 148
63 151
63 158
63 211
63 216
63 274
63 275
63 278
63 285
63 363
64 332
64 401
64 416
64 435
64 17
64 28
64 78
64 150
64 167
64 174
64 181
64 202
64 207
64 208
64 224
64 228
64 249
64 262
64 265
64 287
64 364
65 302
65 332
65 399
65 401
65 491
65 497
65 518
65 590
65 35
65 37
65 45
65 53
65 71
65 77
65 78
65 93
65 98
65 107
65 127
65 161
65 169
65 172
65 213
65 227
65 231
65 246
65 262
65 264
65 276
65 288
65 295
65 297
65 365
66 338
66 399
66 446
66 490
66 564
66 584
66 14
66 35
66 55
66 75
66 93
66 94
66 118
66 124
66 129
66 154
66 169
66 176
66 187
66 200
66 208
66 211
66 220
66 221
66 255
66 271
66 287
66 291
66 297
66 366
67 326
67 375
67 446
67 455
67 499
67 531
67 533
67 4
67 16
67 24
67 27
67 37
67 56
67 63
67 87
67 90
67 97
67 121
67 137
67 171
67 193
67 198
67 211
67 219
67 227
67 273
67 282
67 293
67 367
68 309
68 375
68 403
68 406
68 408
68 431
68 434
68 439
68 458
68 11
68 22
68 23
68 30
68 45
68 49
68 74
68 78
68 89
68 92
68 94
68 102
68 124
68 139
68 143
68 173
68 180
68 190
68 192
68 197
68 205
68 206
68 218
68 222
68 244
68 272
68 275
68 368
69 316
69 329
69 335
69 340
69 378
69 415
69 424
69 432
69 449
69 479
69 494
69 555
69 6
69 7
69 9
69 23
69 30
69 40
69 57
69 76
69 102
69 104
69 127
69 146
69 178
69 179
69 194
69 211
69 212
69 216
69 217
69 223
69 228
69 229
69 251
69 263
69 290
69 294
69 297
69 369
70 329
70 394
70 417
70 5
70 8
70 60
70 63
70 92
70 99
70 112
70 120
70 146
70 173
70 179
70 188
70 216
70 235
70 278
70 279
70 294
70 370
71 343
71 462
71 483
71 487
71 496
71 508
71 531
71 540
71 564
71 593
71 13
71 29
71 30
71 53
71 65
71 85
71 108
71 126
71 182
71 183
71 188
71 223
71 229
71 233
71 246
71 271
71 277
71 287
71 294
71 371
72 332
72 359
72 380
72 430
72 447
72 452
72 507
72 511
72 3
72 4
72 14
72 15
72 38
72 55
72 99
72 146
72 149
72 177
72 178
72 180
72 198
72 245
72 246
72 252
72 259
72 279
72 283
72 284
72 285
72 372
73 347
73 383
73 385
73 390
73 405
73 435
73 448
73 457
73 522
73 565
73 2
73 37
73 41
73 56
73 78
73 79
73 87
73 94
73 122
73 126
73 149
73 158
73 169
73 173
73 187
73 199
73 223
73 248
73 256
73 271
73 373
74 308
74 406
74 415
74 429
74 456
74 467
74 506
74 538
74 15
74 44
74 63
74 68
74 90
74 116
74 127
74 152
74 156
74 186
74 192
74 198
74 214
74 217
74 261
74 283
74 297
74 374
75 302
75 313
75 321
75 329
75 331
75 375
75 464
75 471
75 473
75 474
75 488
75 538
75 570
75 582
75 595
75 7
75 41
75 46
75 63
75 66
75 77
75 114
75 129
75 134
75 151
75 152
75 153
75 172
75 181
75 202
75 226
75 227
75 252
75 255
75 261
76 408
76 414
76 438
76 466
76 478
76 496
76 538
76 552
76 3
76 9
76 33
76 69
76 108
76 113
76 120
76 146
76 160
76 163
76 169
76 219
76 220
76 238
76 256
76 271
76 275
76 276
76 289
76 291
76 376
77 404
77 431
77 435
77 488
77 531
77 548
77 581
77 582
77 14
77 38
77 65
77 75
77 82
77 87
77 145
77 213
77 217
77 234
77 296
77 377
78 302
78 317
78 339
78 345
78 348
78 406
78 469
78 565
78 588
78 25
78 27
78 42
78 64
78 65
78 68
78 73
78 102
78 153
78 167
78 168
78 169
78 202
78 206
78 227
78 239
78 260
78 276
78 378
79 305
79 307
79 373
79 379
79 398
79 441
79 579
79 586
79 587
79 593
79 41
79 52
79 73
79 98
79 99
79 152
79 174
79 179
79 189
79 191
79 193
79 204
79 210
79 215
79 230
79 276
80 333
80 338
80 438
80 444
80 465
80 473
80 484
80 511
80 538
80 29
80 48
80 58
80 108
80 119
80 136
80 157
80 159
80 169
80 170
80 201
80 221
80 226
80 229
80 257
80 264
80 289
80 298
80 380
81 402
81 493
81 506
81 508
81 528
81 534
81 537
81 560
81 568
81 588
81 61
81 63
81 152
81 174
81 175
81 176
81 184
81 247
81 256
81 263
81 381
82 342
82 348
82 353
82 366
82 381
82 474
82 509
82 523
82 61
82 62
82 77
82 96
82 97
82 100
82 127
82 144
82 170
82 177
82 178
82 179
82 184
82 193
82 228
82 231
82 237
82 254
82 276
82 280
82 288
82 382
83 347
83 502
83 598
83 9
83 97
83 102
83 108
83 137
83 147
83 156
83 159
83 217
83 225
83 226
83 232
83 243
83 269
83 271
83 274
83 291
83 383
84 320
84 377
84 379
84 383
84 387
84 394
84 413
84 418
84 453
84 488
84 505
84 571
84 587
84 13
84 18
84 43
84 50
84 56
84 128
84 165
84 182
84 184
84 211
84 259
84 289
84 296
84 298
84 384
85 381
85 395
85 439
85 488
85 574
85 6
85 8
85 39
85 46
85 71
85 104
85 115
85 131
85 132
85 151
85 173
85 194
85 198
85 205
85 217
85 225
85 228
85 230
85 250
85 253
85 264
85 276
85 385
86 333
86 378
86 406
86 451
86 516
86 565
86 576
86 39
86 41
86 115
86 117
86 119
86 137
86 145
86 163
86 178
86 179
86 183
86 197
86 207
86 210
86 214
86 222
86 227
86 238
86 246
86 248
86 268
86 271
86 279
86 288
86 386
87 331
87 387
87 398
87 405
87 413
87 416
87 446
87 461
87 496
87 517
87 523
87 551
87 577
87 38
87 44
87 67
87 73
87 77
87 91
87 111
87 123
87 145
87 151
87 158
87 173
87 175
87 176
87 195
87 218
87 236
87 237
87 251
87 258
87 280
88 311
88 312
88 363
88 437
88 468
88 486
88 494
88 511
88 547
88 567
88 598
88 9
88 14
88 21
88 35
88 44
88 52
88 61
88 62
88 89
88 112
88 151
88 152
88 162
88 200
88 213
88 218
88 233
88 234
88 249
88 253
88 254
88 388
89 340
89 353
89 405
89 495
89 507
89 529
89 596
89 599
89 2
89 4
89 11
89 13
89 22
89 26
89 40
89 43
89 45
89 49
89 68
89 88
89 104
89 120
89 127
89 128
89 161
89 178
89 211
89 213
89 226
89 389
90 334
90 369
90 378
90 427
90 512
90 514
90 533
90 537
90 574
90 3
90 11
90 19
90 21
90 40
90 59
90 63
90 67
90 74
90 129
90 136
90 138
90 145
90 165
90 191
90 211
90 220
90 223
90 231
90 238
90 241
90 266
90 286
90 390
91 331
91 346
91 357
91 400
91 415
91 427
91 475
91 489
91 517
91 29
91 87
91 93
91 144
91 153
91 200
91 215
91 227
91 228
91 229
91 231
91 245
91 252
91 254
91 266
91 273
91 283
91 288
91 291
91 391
92 321
92 330
92 339
92 402
92 406
92 431
92 435
92 455
92 461
92 463
92 543
92 570
92 1
92 15
92 32
92 41
92 47
92 59
92 68
92 70
92 102
92 135
92 138
92 141
92 155
92 158
92 163
92 166
92 171
92 240
92 248
92 251
92 258
92 297
92 392
93 319
93 321
93 368
93 394
93 436
93 559
93 579
93 586
93 596
93 46
93 59
93 65
93 66
93 91
93 98
93 101
93 106
93 108
93 109
93 117
93 124
93 200
93 219
93 230
93 233
93 268
93 283
93 393
94 310
94 323
94 366
94 404
94 429
94 453
94 465
94 494
94 512
94 533
94 559
94 10
94 15
94 41
94 66
94 68
94 73
94 95
94 106
94 112
94 121
94 180
94 221
94 230
94 237
94 260
94 394
95 308
95 352
95 393
95 460
95 465
95 487
95 520
95 590
95 596
95 4
95 7
95 23
95 29
95 31
95 33
95 58
95 94
95 110
95 119
95 123
95 129
95 136
95 151
95 154
95 165
95 175
95 193
95 199
95 211
95 215
95 221
95 246
95 279
95 395
96 364
96 449
96 457
96 463
96 482
96 546
96 567
96 582
96 0
96 50
96 82
96 121
96 131
96 139
96 148
96 184
96 216
96 241
96 263
96 290
96 293
96 396
97 361
97 383
97 412
97 417
97 423
97 424
97 429
97 433
97 439
97 453
97 505
97 531
97 539
97 552
97 15
97 20
97 31
97 37
97 67
97 82
97 83
97 106
97 165
97 172
97 210
97 218
97 242
97 244
97 397
98 325
98 345
98 431
98 466
98 514
98 536
98 590
98 597
98 65
98 79
98 93
98 103
98 113
98 121
98 125
98 126
98 163
98 179
98 181
98 193
98 197
98 200
98 201
98 219
98 248
98 252
98 257
98 277
98 398
99 319
99 323
99 375
99 430
99 434
99 481
99 489
99 498
99 506
99 517
99 537
99 570
99 2
99 20
99 27
99 38
99 70
99 72
99 79
99 101
99 125
99 131
99 143
99 167
99 168
99 177
99 185
99 189
99 190
99 200
99 248
99 255
99 276
99 286
99 399
100 310
100 388
100 403
100 511
100 525
100 548
100 583
100 36
100 48
100 82
100 142
100 178
100 201
100 202
100 223
100 224
100 238
100 241
100 243
100 267
100 278
100 283
100 400
101 305
101 317
101 371
101 412
101 434
101 437
101 470
101 562
101 93
101 99
101 104
101 116
101 127
101 133
101 139
101 159
101 161
101 164
101 184
101 190
101 208
101 220
101 238
101 249
101 257
101 263
101 280
101 282
101 287
101 294
101 401
102 324
102 369
102 376
102 394
102 427
102 444
102 526
102 25
102 30
102 46
102 49
102 68
102 69
102 78
102 83
102 92
102 107
102 121
102 150
102 155
102 176
102 217
102 235
102 251
102 265
102 275
102 281
102 283
102 402
103 300
103 304
103 305
103 363
103 382
103 383
103 416
103 420
103 433
103 445
103 507
103 514
103 552
103 566
103 0
103 1
103 38
103 44
103 98
103 118
103 119
103 178
103 187
103 195
103 200
103 202
103 207
103 231
103 403
104 324
104 358
104 364
104 402
104 413
104 418
104 493
104 521
104 547
104 566
104 567
104 4
104 15
104 38
104 58
104 62
104 69
104 85
104 89
104 101
104 119
104 124
104 160
104 166
104 170
104 178
104 196
104 225
104 252
104 266
104 268
104 288
104 291
104 404
105 395
105 426
105 450
105 462
105 530
105 555
105 6
105 12
105 24
105 29
105 32
105 36
105 43
105 44
105 48
105 55
105 56
105 58
105 106
105 107
105 133
105 137
105 145
105 150
105 155
105 240
105 244
105 256
105 286
105 405
106 311
106 366
106 380
106 405
106 466
106 491
106 501
106 538
106 552
106 578
106 0
106 11
106 53
106 57
106 62
106 93
106 94
106 97
106 105
106 109
106 134
106 148
106 151
106 163
106 177
106 185
106 186
106 194
106 204
106 209
106 225
106 233
106 268
106 270
106 299
106 406
107 318
107 332
107 338
107 376
107 441
107 488
107 507
107 513
107 521
107 527
107 584
107 0
107 2
107 38
107 42
107 51
107 62
107 65
107 102
107 105
107 116
107 119
107 137
107 190
107 208
107 237
107 240
107 244
107 246
107 278
107 285
107 289
107 290
107 294
107 295
107 407
108 337
108 380
108 391
108 416
108 439
108 450
108 452
108 497
108 555
108 598
108 25
108 71
108 76
108 80
108 83
108 93
108 124
108 130
108 147
108 188
108 191
108 235
108 239
108 250
108 259
108 261
108 408
109 329
109 362
109 365
109 382
109 414
109 437
109 455
109 461
109 512
109 561
109 22
109 24
109 39
109 60
109 93
109 106
109 126
109 128
109 132
109 141
109 147
109 161
109 187
109 193
109 203
109 245
109 264
109 280
109 286
109 293
109 294
109 409
110 301
110 322
110 335
110 341
110 349
110 368
110 377
110 380
110 386
110 408
110 411
110 445
110 488
110 520
110 534
110 578
110 582
110 585
110 597
110 8
110 28
110 35
110 42
110 63
110 95
110 112
110 122
110 124
110 129
110 139
110 140
110 176
110 190
110 200
110 217
110 222
110 238
110 241
110 243
110 273
110 287
110 410
111 306
111 309
111 355
111 416
111 420
111 459
111 462
111 481
111 491
111 539
111 582
111 589
111 24
111 30
111 87
111 128
111 143
111 153
111 186
111 193
111 201
111 212
111 232
111 234
111 250
111 253
111 254
111 256
111 297
111 411
112 323
112 363
112 409
112 439
112 594
112 30
112 36
112 46
112 59
112 70
112 88
112 94
112 110
112 129
112 138
112 150
112 154
112 155
112 167
112 189
112 190
112 193
112 195
112 197
112 205
112 222
112 239
112 257
112 258
112 271
112 273
112 412
113 323
113 357
113 397
113 482
113 516
113 574
113 11
113 23
113 35
113 37
113 54
113 76
113 98
113 120
113 183
113 186
113 193
113 200
113 203
113 222
113 248
113 264
113 266
113 271
113 273
113 281
113 413
114 364
114 372
114 416
114 421
114 423
114 441
114 466
114 509
114 514
114 4
114 30
114 39
114 75
114 120
114 123
114 124
114 125
114 137
114 212
114 239
114 242
114 244
114 255
114 275
114 278
114 279
114 283
114 287
114 295
114 296
114 414
115 440
115 469
115 502
115 519
115 521
115 572
115 575
115 62
115 63
115 85
115 86
115 129
115 132
115 152
115 209
115 216
115 219
115 241
115 242
115 253
115 275
115 290
115 415
116 431
116 481
116 487
116 492
116 501
116 568
116 577
116 578
116 5
116 15
116 30
116 45
116 74
116 101
116 107
116 119
116 120
116 125
116 132
116 135
116 136
116 163
116 166
116 190
116 227
116 229
116 233
116 239
116 246
116 258
116 275
116 287
116 416
117 358
117 401
117 406
117 421
117 439
117 469
117 8
117 15
117 86
117 93
117 120
117 128
117 135
117 162
117 186
117 232
117 239
117 280
117 417
118 308
118 330
118 344
118 351
118 430
118 488
118 540
118 551
118 16
118 18
118 23
118 25
118 27
118 34
118 35
118 49
118 66
118 103
118 134
118 156
118 183
118 193
118 202
118 228
118 249
118 256
118 277
118 296
118 418
119 321
119 373
119 384
119 406
119 448
119 464
119 474
119 508
119 522
119 593
119 20
119 33
119 35
119 42
119 53
119 54
119 80
119 86
119 95
119 103
119 104
119 107
119 116
119 136
119 143
119 151
119 167
119 173
119 245
119 247
119 249
119 258
119 263
119 271
119 272
119 419
120 345
120 373
120 383
120 397
120 414
120 420
120 425
120 428
120 431
120 462
120 534
120 568
120 582
120 9
120 23
120 30
120 70
120 76
120 89
120 113
120 114
120 116
120 117
120 139
120 149
120 177
120 186
120 203
120 218
120 232
120 256
120 257
120 272
120 287
121 310
121 314
121 318
121 336
121 400
121 428
121 431
121 435
121 487
121 491
121 507
121 522
121 536
121 574
121 594
121 6
121 28
121 45
121 59
121 67
121 94
121 96
121 98
121 102
121 135
121 204
121 216
121 222
121 231
121 244
121 254
121 259
121 262
121 264
121 271
121 277
121 279
121 292
121 294
121 295
121 421
122 328
122 329
122 332
122 343
122 474
122 505
122 2
122 32
122 54
122 73
122 110
122 162
122 167
122 193
122 195
122 210
122 227
122 231
122 267
122 271
122 273
122 280
122 282
122 422
123 368
123 371
123 521
123 599
123 26
123 35
123 87
123 95
123 114
123 133
123 136
123 141
123 144
123 236
123 239
123 244
123 248
123 255
123 267
123 277
123 294
123 423
124 300
124 322
124 329
124 375
124 391
124 407
124 449
124 456
124 485
124 576
124 582
124 596
124 1
124 2
124 10
124 13
124 27
124 49
124 50
124 66
124 68
124 93
124 104
124 108
124 110
124 114
124 140
124 164
124 166
124 175
124 185
124 207
124 213
124 218
124 269
124 281
124 287
124 293
124 424
125 313
125 328
125 361
125 452
125 453
125 489
125 501
125 514
125 570
125 579
125 6
125 32
125 33
125 54
125 58
125 98
125 99
125 114
125 116
125 153
125 154
125 168
125 186
125 243
125 244
125 255
125 263
125 272
125 286
125 287
125 295
125 425
126 326
126 358
126 365
126 413
126 463
126 480
126 536
126 4
126 10
126 19
126 32
126 71
126 73
126 98
126 109
126 140
126 173
126 195
126 219
126 227
126 228
126 241
126 248
126 262
126 266
126 280
126 285
126 297
126 426
127 314
127 318
127 322
127 391
127 410
127 420
127 436
127 478
127 561
127 565
127 573
127 580
127 6
127 8
127 24
127 33
127 39
127 51
127 65
127 69
127 74
127 82
127 89
127 101
127 131
127 132
127 159
127 162
127 189
127 195
127 198
127 214
127 260
127 283
127 289
127 292
127 427
128 306
128 335
128 340
128 407
128 534
128 548
128 549
128 552
128 573
128 591
128 596
128 11
128 18
128 25
128 32
128 40
128 48
128 59
128 60
128 62
128 84
128 89
128 109
128 111
128 117
128 130
128 137
128 141
128 155
128 170
128 174
128 178
128 236
128 258
128 271
128 272
128 282
128 428
129 329
129 341
129 449
129 452
129 475
129 476
129 509
129 2
129 42
129 66
129 75
129 90
129 95
129 110
129 112
129 115
129 138
129 146
129 157
129 159
129 180
129 195
129 198
129 209
129 216
129 218
129 220
129 227
129 231
129 240
129 242
129 271
129 429
130 311
130 330
130 352
130 421
130 426
130 493
130 516
130 522
130 595
130 10
130 12
130 26
130 28
130 42
130 58
130 108
130 128
130 140
130 169
130 181
130 183
130 186
130 204
130 238
130 251
130 252
130 253
130 259
130 299
130 430
131 454
131 520
131 532
131 2
131 18
131 26
131 32
131 41
131 42
131 43
131 56
131 63
131 85
131 96
131 99
131 127
131 166
131 170
131 176
131 202
131 244
131 263
131 269
131 283
131 285
131 292
131 431
132 342
132 432
132 454
132 478
132 524
132 551
132 552
132 18
132 21
132 25
132 37
132 45
132 85
132 109
132 115
132 116
132 127
132 147
132 195
132 204
132 219
132 241
132 255
132 261
132 278
132 291
133 301
133 358
133 458
133 500
133 549
133 552
133 576
133 9
133 22
133 38
133 57
133 63
133 101
133 105
133 123
133 138
133 154
133 162
133 171
133 173
133 178
133 179
133 195
133 199
133 202
133 224
133 232
133 242
133 276
133 433
134 380
134 474
134 533
134 584
134 3
134 4
134 8
134 15
134 16
134 20
134 75
134 106
134 118
134 146
134 148
134 154
134 159
134 165
134 168
134 193
134 198
134 217
134 221
134 237
134 252
134 262
134 280
134 282
134 434
135 372
135 405
135 423
135 443
135 474
135 497
135 545
135 0
135 18
135 35
135 48
135 60
135 92
135 116
135 117
135 121
135 155
135 157
135 165
135 204
135 214
135 216
135 249
135 270
135 295
135 435
136 338
136 385
136 403
136 406
136 490
136 528
136 544
136 591
136 35
136 40
136 41
136 54
136 63
136 80
136 90
136 95
136 116
136 119
136 123
136 139
136 183
136 192
136 197
136 219
136 229
136 230
136 231
136 240
136 436
137 389
137 455
137 467
137 472
137 493
137 501
137 5
137 14
137 34
137 55
137 67
137 83
137 86
137 105
137 107
137 114
137 128
137 140
137 149
137 226
137 249
137 299
137 437
138 329
138 371
138 408
138 412
138 444
138 446
138 529
138 594
138 17
138 21
138 37
138 49
138 60
138 90
138 92
138 112
138 129
138 133
138 141
138 183
138 194
138 267
138 271
138 280
138 299
138 438
139 340
139 390
139 431
139 440
139 467
139 511
139 520
139 527
139 528
139 547
139 0
139 6
139 28
139 31
139 32
139 42
139 50
139 59
139 68
139 96
139 101
139 110
139 120
139 136
139 142
139 143
139 147
139 158
139 182
139 184
139 230
139 234
139 245
139 246
139 252
139 253
139 262
139 295
139 439
140 352
140 371
140 385
140 386
140 392
140 394
140 469
140 480
140 564
140 577
140 590
140 11
140 30
140 35
140 43
140 62
140 110
140 124
140 126
140 130
140 137
140 158
140 164
140 225
140 226
140 233
140 247
140 257
140 276
140 284
140 440
141 305
141 308
141 393
141 428
141 480
141 508
141 539
141 551
141 4
141 18
141 53
141 92
141 109
141 123
141 128
141 138
141 192
141 211
141 213
141 214
141 232
141 238
141 258
141 441
142 307
142 320
142 330
142 335
142 345
142 381
142 437
142 449
142 492
142 494
142 576
142 0
142 34
142 39
142 50
142 60
142 100
142 139
142 146
142 155
142 180
142 193
142 199
142 229
142 248
142 262
142 278
142 282
142 289
142 442
143 312
143 329
143 371
143 414
143 430
143 447
143 451
143 479
143 480
143 563
143 582
143 588
143 9
143 22
143 32
143 41
143 68
143 99
143 111
143 119
143 139
143 162
143 181
143 230
143 233
143 235
143 244
143 255
143 265
143 291
143 443
144 310
144 352
144 385
144 401
144 427
144 460
144 505
144 546
144 15
144 49
144 82
144 91
144 123
144 146
144 161
144 172
144 244
144 261
144 284
144 287
144 294
144 295
144 444
145 307
145 310
145 333
145 412
145 449
145 465
145 512
145 545
145 559
145 34
145 36
145 39
145 46
145 59
145 77
145 86
145 87
145 90
145 105
145 167
145 242
145 243
145 292
145 297
145 299
145 445
146 323
146 374
146 415
146 416
146 447
146 452
146 457
146 493
146 499
146 564
146 586
146 0
146 2
146 6
146 8
146 20
146 22
146 26
146 69
146 70
146 72
146 76
146 129
146 134
146 142
146 144
146 152
146 162
146 164
146 168
146 169
146 174
146 184
146 252
146 268
146 280
146 289
146 295
146 446
147 333
147 348
147 367
147 379
147 419
147 463
147 489
147 500
147 514
147 596
147 2
147 83
147 108
147 109
147 132
147 139
147 180
147 203
147 209
147 216
147 229
147 235
147 244
147 246
147 247
147 266
147 284
147 293
147 296
147 297
147 447
148 307
148 333
148 342
148 368
148 387
148 398
148 406
148 456
148 492
148 496
148 545
148 556
148 564
148 596
148 1
148 9
148 15
148 29
148 31
148 63
148 96
148 106
148 134
148 161
148 188
148 190
148 211
148 219
148 222
148 223
148 234
148 251
148 252
148 267
148 281
148 285
148 448
149 304
149 310
149 350
149 374
149 400
149 447
149 532
149 552
149 571
149 592
149 593
149 38
149 39
149 43
149 51
149 72
149 73
149 120
149 137
149 150
149 157
149 167
149 188
149 192
149 214
149 215
149 221
149 223
149 244
149 256
149 262
149 271
149 286
149 449
150 308
150 317
150 342
150 367
150 416
150 447
150 456
150 513
150 577
150 588
150 2
150 64
150 102
150 105
150 112
150 149
150 155
150 178
150 182
150 197
150 201
150 242
150 243
150 269
150 278
150 290
150 450
151 300
151 318
151 339
151 449
151 472
151 482
151 504
151 509
151 544
151 577
151 7
151 23
151 39
151 45
151 52
151 63
151 75
151 85
151 87
151 88
151 95
151 106
151 119
151 161
151 182
151 193
151 210
151 211
151 215
151 277
151 286
151 288
151 290
151 291
151 296
151 297
151 451
152 318
152 350
152 356
152 384
152 420
152 422
152 448
152 486
152 514
152 540
152 542
152 560
152 588
152 74
152 75
152 79
152 81
152 88
152 115
152 146
152 155
152 165
152 170
152 211
152 235
152 236
152 243
152 266
152 267
152 277
152 452
153 332
153 366
153 377
153 397
153 410
153 533
153 2
153 5
153 11
153 75
153 78
153 91
153 111
153 125
153 165
153 173
153 179
153 193
153 202
153 215
153 216
153 244
153 269
153 286
153 453
154 310
154 345
154 349
154 362
154 431
154 533
154 10
154 27
154 35
154 66
154 95
154 112
154 125
154 133
154 134
154 155
154 163
154 164
154 168
154 238
154 266
154 269
154 278
154 454
155 316
155 335
155 354
155 439
155 440
155 456
155 477
155 478
155 483
155 20
155 92
155 102
155 105
155 112
155 128
155 135
155 142
155 150
155 152
155 154
155 177
155 182
155 191
155 211
155 275
155 293
155 455
156 325
156 342
156 354
156 355
156 376
156 384
156 405
156 407
156 409
156 414
156 432
156 435
156 438
156 441
156 475
156 480
156 484
156 541
156 585
156 29
156 32
156 40
156 55
156 74
156 83
156 118
156 165
156 167
156 193
156 206
156 210
156 224
156 232
156 257
156 266
156 269
156 275
156 279
156 281
156 292
156 456
157 332
157 414
157 453
157 1
157 37
157 44
157 51
157 80
157 129
157 135
157 149
157 171
157 172
157 181
157 195
157 211
157 217
157 236
157 247
157 270
157 275
157 279
157 280
157 290
157 295
157 457
158 385
158 394
158 433
158 1
158 2
158 7
158 13
158 15
158 42
158 53
158 57
158 63
158 73
158 87
158 92
158 139
158 140
158 162
158 167
158 178
158 192
158 206
158 209
158 210
158 239
158 240
158 242
158 259
158 276
158 281
158 292
158 298
158 458
159 344
159 346
159 407
159 418
159 454
159 480
159 561
159 9
159 21
159 24
159 26
159 33
159 40
159 54
159 80
159 83
159 101
159 127
159 129
159 134
159 178
159 186
159 189
159 201
159 225
159 241
159 249
159 262
159 271
159 276
159 292
159 299
159 459
160 300
160 425
160 443
160 444
160 491
160 535
160 597
160 8
160 32
160 39
160 40
160 51
160 53
160 76
160 104
160 167
160 209
160 224
160 237
160 240
160 247
160 250
160 252
160 260
160 261
160 273
160 279
160 286
160 297
160 460
161 314
161 371
161 373
161 375
161 401
161 420
161 442
161 458
161 518
161 527
161 554
161 574
161 590
161 595
161 3
161 4
161 9
161 10
161 14
161 33
161 41
161 65
161 89
161 101
161 109
161 144
161 148
161 151
161 211
161 214
161 225
161 228
161 248
161 250
161 255
161 258
161 277
161 280
161 284
161 296
161 461
162 320
162 364
162 436
162 449
162 478
162 490
162 504
162 19
162 21
162 29
162 38
162 44
162 46
162 56
162 88
162 117
162 122
162 127
162 133
162 143
162 146
162 158
162 185
162 189
162 212
162 215
162 230
162 244
162 252
162 273
162 292
162 462
163 319
163 341
163 346
163 362
163 422
163 430
163 456
163 463
163 467
163 473
163 497
163 502
163 517
163 565
163 0
163 15
163 18
163 29
163 39
163 48
163 58
163 62
163 76
163 86
163 92
163 98
163 106
163 116
163 154
163 166
163 193
163 200
163 240
163 282
163 284
163 299
164 310
164 343
164 373
164 394
164 415
164 538
164 7
164 8
164 9
164 13
164 20
164 38
164 47
164 101
164 124
164 140
164 146
164 154
164 184
164 204
164 208
164 218
164 231
164 237
164 253
164 298
164 464
165 328
165 369
165 416
165 425
165 444
165 469
165 505
165 554
165 556
165 6
165 21
165 24
165 60
165 62
165 84
165 90
165 95
165 97
165 134
165 135
165 152
165 153
165 156
165 175
165 187
165 189
165 201
165 208
165 214
165 227
165 232
165 245
165 299
165 465
166 302
166 311
166 313
166 383
166 413
166 443
166 457
166 482
166 489
166 514
166 546
166 554
166 562
166 10
166 11
166 18
166 27
166 35
166 48
166 51
166 92
166 104
166 116
166 124
166 131
166 163
166 190
166 194
166 216
166 220
166 240
166 466
167 350
167 362
167 378
167 442
167 532
167 541
167 547
167 558
167 9
167 20
167 49
167 64
167 78
167 99
167 112
167 119
167 122
167 145
167 149
167 156
167 158
167 160
167 176
167 180
167 191
167 194
167 209
167 220
167 222
167 236
167 256
167 262
167 274
167 279
167 280
167 291
167 296
167 467
168 309
168 333
168 392
168 438
168 444
168 448
168 513
168 588
168 35
168 58
168 78
168 99
168 125
168 134
168 146
168 154
168 170
168 184
168 193
168 202
168 203
168 225
168 229
168 230
168 264
168 269
168 468
169 340
169 341
169 400
169 504
169 511
169 560
169 563
169 575
169 588
169 51
169 55
169 56
169 65
169 66
169 73
169 76
169 78
169 80
169 130
169 146
169 230
169 252
169 469
170 321
170 371
170 479
170 561
170 1
170 4
170 6
170 8
170 39
170 43
170 51
170 80
170 82
170 104
170 128
170 131
170 152
170 168
170 186
170 189
170 199
170 200
170 227
170 238
170 250
170 268
170 293
170 470
171 336
171 349
171 364
171 367
171 389
171 429
171 472
171 509
171 568
171 575
171 598
171 9
171 12
171 29
171 30
171 35
171 36
171 42
171 67
171 92
171 133
171 157
171 174
171 192
171 198
171 220
171 221
171 239
171 257
171 278
171 298
171 471
172 327
172 330
172 359
172 360
172 405
172 445
172 493
172 495
172 534
172 583
172 590
172 594
172 8
172 10
172 37
172 40
172 65
172 75
172 97
172 144
172 157
172 180
172 186
172 208
172 211
172 215
172 247
172 472
173 334
173 341
173 354
173 395
173 426
173 503
173 508
173 551
173 581
173 20
173 39
173 52
173 59
173 68
173 70
173 73
173 85
173 87
173 119
173 126
173 133
173 153
173 178
173 210
173 217
173 235
173 246
173 261
173 268
173 276
173 286
173 473
174 313
174 396
174 421
174 448
174 553
174 578
174 5
174 28
174 43
174 48
174 64
174 79
174 81
174 128
174 146
174 171
174 181
174 195
174 225
174 260
174 269
174 283
174 285
174 474
175 358
175 397
175 525
175 539
175 572
175 47
175 57
175 81
175 87
175 95
175 124
175 165
175 187
175 190
175 193
175 222
175 245
175 267
175 269
175 287
175 288
175 295
175 475
176 300
176 371
176 430
176 459
176 539
176 590
176 29
176 32
176 34
176 48
176 66
176 81
176 87
176 102
176 110
176 131
176 167
176 201
176 202
176 209
176 229
176 236
176 241
176 246
176 250
176 256
176 274
176 282
176 288
176 476
177 301
177 311
177 360
177 365
177 409
177 427
177 500
177 505
177 514
177 585
177 593
177 0
177 1
177 3
177 12
177 21
177 39
177 48
177 49
177 52
177 72
177 82
177 99
177 106
177 120
177 155
177 215
177 238
177 267
177 296
177 299
177 477
178 303
178 308
178 315
178 320
178 342
178 405
178 426
178 430
178 441
178 470
178 482
178 510
178 513
178 577
178 12
178 23
178 26
178 69
178 72
178 82
178 86
178 89
178 100
178 103
178 104
178 128
178 133
178 150
178 158
178 159
178 173
178 183
178 219
178 242
178 247
178 257
178 268
178 478
179 318
179 319
179 332
179 343
179 379
179 391
179 431
179 445
179 530
179 537
179 22
179 33
179 36
179 49
179 51
179 69
179 70
179 79
179 82
179 86
179 98
179 133
179 153
179 211
179 213
179 220
179 226
179 228
179 238
179 251
179 253
179 255
179 268
179 294
179 295
179 479
180 301
180 309
180 316
180 331
180 448
180 449
180 583
180 0
180 3
180 6
180 46
180 49
180 62
180 68
180 72
180 94
180 129
180 142
180 147
180 167
180 172
180 189
180 229
180 230
180 253
180 261
180 265
180 272
180 293
180 480
181 349
181 398
181 416
181 445
181 452
181 453
181 475
181 487
181 501
181 509
181 510
181 536
181 548
181 560
181 588
181 590
181 591
181 34
181 37
181 49
181 53
181 55
181 62
181 64
181 75
181 98
181 130
181 143
181 157
181 174
181 205
181 213
181 257
181 283
181 481
182 305
182 323
182 329
182 339
182 365
182 410
182 412
182 417
182 476
182 490
182 516
182 540
182 545
182 550
182 565
182 572
182 581
182 588
182 28
182 71
182 84
182 139
182 150
182 151
182 155
182 183
182 199
182 222
182 235
182 270
182 275
182 285
182 482
183 317
183 364
183 385
183 391
183 392
183 437
183 469
183 512
183 540
183 593
183 45
183 47
183 62
183 71
183 86
183 113
183 118
183 130
183 136
183 138
183 178
183 182
183 184
183 222
183 229
183 231
183 270
183 272
183 284
183 286
183 483
184 332
184 337
184 362
184 395
184 423
184 445
184 450
184 487
184 498
184 511
184 568
184 4
184 19
184 61
184 81
184 82
184 84
184 96
184 101
184 139
184 146
184 164
184 168
184 183
184 227
184 233
184 255
184 259
184 294
184 296
184 484
185 304
185 312
185 346
185 347
185 394
185 444
185 489
185 512
185 536
185 544
185 549
185 566
185 0
185 22
185 25
185 53
185 99
185 106
185 124
185 162
185 209
185 247
185 252
185 265
185 281
185 299
185 485
186 330
186 337
186 403
186 413
186 428
186 440
186 441
186 444
186 455
186 464
186 511
186 533
186 538
186 559
186 573
186 1
186 3
186 7
186 14
186 33
186 74
186 106
186 111
186 113
186 117
186 120
186 125
186 130
186 159
186 170
186 172
186 189
186 202
186 214
186 224
186 239
186 486
187 302
187 311
187 333
187 352
187 380
187 422
187 493
187 521
187 585
187 10
187 28
187 53
187 58
187 66
187 73
187 103
187 109
187 165
187 175
187 189
187 210
187 240
187 255
187 262
187 271
187 276
187 298
187 487
188 311
188 313
188 327
188 335
188 340
188 369
188 380
188 432
188 460
188 461
188 463
188 483
188 524
188 12
188 14
188 35
188 70
188 71
188 108
188 148
188 149
188 192
188 201
188 206
188 222
188 229
188 230
188 233
188 246
188 249
188 254
188 266
188 268
188 287
188 488
189 313
189 374
189 400
189 456
189 472
189 513
189 571
189 591
189 1
189 5
189 21
189 22
189 31
189 36
189 51
189 52
189 59
189 60
189 79
189 99
189 112
189 127
189 159
189 162
189 165
189 170
189 180
189 186
189 187
189 197
189 208
189 209
189 220
189 234
189 256
189 264
189 285
189 290
189 489
190 336
190 338
190 378
190 405
190 471
190 477
190 504
190 506
190 518
190 527
190 13
190 30
190 68
190 99
190 101
190 107
190 110
190 112
190 116
190 148
190 166
190 175
190 194
190 207
190 211
190 237
190 249
190 254
190 255
190 292
190 490
191 333
191 344
191 389
191 400
191 510
191 522
191 596
191 6
191 9
191 17
191 23
191 28
191 38
191 39
191 79
191 90
191 108
191 155
191 167
191 195
191 204
191 213
191 223
191 226
191 238
191 246
191 261
191 292
191 297
191 299
191 491
192 307
192 315
192 326
192 328
192 361
192 407
192 408
192 413
192 426
192 525
192 542
192 558
192 12
192 16
192 17
192 37
192 43
192 45
192 49
192 60
192 68
192 74
192 136
192 141
192 149
192 158
192 171
192 188
192 194
192 222
192 263
192 267
192 283
192 492
193 346
193 408
193 422
193 428
193 449
193 467
193 486
193 519
193 527
193 529
193 583
193 586
193 587
193 596
193 25
193 41
193 46
193 67
193 79
193 82
193 95
193 98
193 109
193 111
193 112
193 113
193 118
193 122
193 134
193 142
193 151
193 153
193 156
193 163
193 168
193 175
193 197
193 207
193 210
193 211
193 216
193 249
193 262
193 267
193 268
193 280
193 293
193 294
193 493
194 302
194 347
194 372
194 408
194 425
194 430
194 449
194 467
194 523
194 588
194 596
194 4
194 14
194 38
194 69
194 85
194 106
194 138
194 166
194 167
194 190
194 192
194 209
194 223
194 232
194 241
194 272
194 291
194 494
195 325
195 337
195 362
195 364
195 387
195 389
195 487
195 538
195 554
195 0
195 5
195 8
195 11
195 14
195 23
195 28
195 50
195 87
195 103
195 112
195 122
195 126
195 127
195 129
195 132
195 133
195 157
195 174
195 191
195 198
195 202
195 237
195 238
195 252
195 268
195 269
195 495
196 366
196 380
196 381
196 434
196 457
196 474
196 516
196 581
196 1
196 2
196 50
196 104
196 203
196 207
196 226
196 262
196 272
196 276
196 283
196 292
196 496
197 301
197 330
197 369
197 385
197 386
197 391
197 393
197 481
197 498
197 499
197 503
197 511
197 527
197 547
197 569
197 23
197 41
197 68
197 86
197 98
197 112
197 136
197 150
197 189
197 193
197 200
197 214
197 215
197 251
197 262
197 264
197 267
197 274
197 283
197 299
197 497
198 328
198 340
198 342
198 363
198 408
198 460
198 494
198 533
198 550
198 4
198 20
198 39
198 48
198 54
198 60
198 67
198 72
198 74
198 85
198 127
198 129
198 134
198 171
198 195
198 229
198 273
198 275
198 289
198 498
199 323
199 352
199 354
199 411
199 456
199 21
199 58
199 62
199 73
199 95
199 133
199 142
199 170
199 182
199 200
199 288
199 499
200 306
200 398
200 464
200 528
200 571
200 597
200 38
200 48
200 66
200 88
200 91
200 93
200 98
200 99
200 103
200 110
200 113
200 163
200 170
200 197
200 199
200 203
200 212
200 214
200 218
200 220
200 226
200 229
200 237
200 256
200 264
200 500
201 370
201 373
201 381
201 397
201 418
201 479
201 493
201 504
201 508
201 516
201 578
201 584
201 18
201 25
201 28
201 46
201 54
201 56
201 57
201 62
201 80
201 98
201 100
201 111
201 150
201 159
201 165
201 176
201 188
201 208
201 234
201 275
201 280
201 501
202 338
202 359
202 361
202 381
202 402
202 412
202 430
202 433
202 444
202 478
202 516
202 551
202 559
202 16
202 18
202 55
202 59
202 64
202 75
202 78
202 100
202 103
202 118
202 131
202 133
202 153
202 168
202 176
202 186
202 195
202 226
202 236
202 242
202 244
202 274
202 276
202 288
202 502
203 330
203 374
203 392
203 403
203 429
203 434
203 451
203 515
203 517
203 530
203 30
203 34
203 109
203 113
203 120
203 147
203 168
203 196
203 200
203 208
203 211
203 214
203 236
203 239
203 247
203 257
203 268
203 272
203 280
203 297
203 299
203 503
204 415
204 454
204 458
204 472
204 485
204 492
204 594
204 12
204 13
204 14
204 40
204 55
204 56
204 79
204 106
204 121
204 130
204 132
204 135
204 164
204 191
204 207
204 210
204 214
204 222
204 224
204 247
204 271
204 281
204 298
204 504
205 320
205 321
205 334
205 345
205 358
205 371
205 497
205 553
205 582
205 9
205 19
205 30
205 38
205 54
205 60
205 68
205 85
205 112
205 181
205 209
205 230
205 234
205 268
205 505
206 308
206 327
206 338
206 355
206 372
206 373
206 448
206 453
206 475
206 476
206 499
206 589
206 23
206 31
206 57
206 60
206 68
206 78
206 156
206 158
206 188
206 220
206 227
206 255
206 261
206 279
206 284
206 287
206 295
206 506
207 355
207 384
207 390
207 399
207 435
207 481
207 482
207 534
207 571
207 575
207 582
207 16
207 26
207 27
207 50
207 57
207 64
207 86
207 103
207 124
207 190
207 193
207 196
207 204
207 217
207 251
207 258
207 263
207 281
207 288
207 298
207 507
208 307
208 399
208 406
208 459
208 485
208 538
208 579
208 598
208 5
208 32
208 52
208 64
208 66
208 101
208 107
208 164
208 165
208 172
208 189
208 201
208 203
208 212
208 221
208 226
208 234
208 236
208 270
208 275
208 508
209 300
209 340
209 420
209 444
209 529
209 555
209 558
209 563
209 565
209 8
209 10
209 16
209 39
209 106
209 115
209 129
209 147
209 158
209 160
209 167
209 176
209 185
209 189
209 194
209 205
209 233
209 243
209 279
209 287
209 509
210 329
210 350
210 398
210 400
210 412
210 464
210 481
210 486
210 503
210 531
210 534
210 585
210 596
210 8
210 15
210 28
210 48
210 54
210 61
210 79
210 86
210 97
210 122
210 151
210 156
210 158
210 173
210 187
210 193
210 204
210 213
210 219
210 241
210 266
210 285
210 292
210 293
210 510
211 338
211 481
211 580
211 597
211 0
211 9
211 14
211 42
211 50
211 63
211 66
211 67
211 69
211 84
211 89
211 90
211 95
211 141
211 148
211 151
211 152
211 155
211 157
211 161
211 172
211 179
211 190
211 193
211 203
211 213
211 226
211 237
211 249
211 258
211 262
211 267
211 275
211 290
211 511
212 427
212 486
212 497
212 0
212 7
212 46
212 53
212 69
212 111
212 114
212 162
212 200
212 208
212 214
212 222
212 235
212 274
212 278
212 283
212 284
212 292
212 512
213 320
213 479
213 543
213 25
213 27
213 32
213 36
213 65
213 77
213 88
213 89
213 124
213 141
213 179
213 181
213 191
213 210
213 211
213 214
213 230
213 233
213 293
213 513
214 346
214 423
214 0
214 14
214 26
214 33
214 43
214 74
214 86
214 127
214 135
214 141
214 149
214 161
214 165
214 186
214 197
214 200
214 203
214 204
214 212
214 213
214 229
214 233
214 243
214 259
214 262
214 297
214 514
215 317
215 337
215 412
215 441
215 468
215 519
215 570
215 582
215 17
215 50
215 79
215 91
215 95
215 149
215 151
215 153
215 162
215 172
215 177
215 197
215 243
215 247
215 278
215 292
215 515
216 313
216 343
216 385
216 402
216 420
216 427
216 445
216 465
216 548
216 554
216 13
216 63
216 69
216 70
216 96
216 115
216 121
216 129
216 135
216 147
216 153
216 166
216 193
216 228
216 232
216 238
216 253
216 259
216 276
216 291
216 516
217 324
217 329
217 335
217 419
217 448
217 459
217 485
217 520
217 532
217 37
217 50
217 55
217 57
217 69
217 74
217 77
217 83
217 85
217 102
217 110
217 134
217 157
217 173
217 207
217 236
217 263
217 296
217 517
218 352
218 370
218 379
218 436
218 455
218 496
218 501
218 529
218 7
218 10
218 12
218 34
218 49
218 55
218 62
218 68
218 87
218 88
218 97
218 120
218 124
218 129
218 164
218 200
218 226
218 238
218 261
218 268
218 283
218 285
218 287
218 292
218 518
219 339
219 355
219 377
219 390
219 446
219 454
219 465
219 469
219 576
219 3
219 4
219 5
219 18
219 45
219 50
219 59
219 67
219 76
219 93
219 98
219 115
219 126
219 132
219 136
219 148
219 178
219 210
219 241
219 283
219 519
220 357
220 375
220 509
220 515
220 534
220 15
220 18
220 32
220 41
220 66
220 76
220 90
220 101
220 129
220 166
220 167
220 171
220 179
220 189
220 200
220 206
220 241
220 242
220 249
220 253
220 254
220 268
220 285
220 294
220 520
221 313
221 331
221 378
221 437
221 483
221 494
221 520
221 528
221 548
221 551
221 25
221 46
221 66
221 80
221 94
221 95
221 134
221 149
221 171
221 208
221 246
221 280
221 521
222 361
222 383
222 394
222 443
222 484
222 493
222 505
222 521
222 524
222 528
222 549
222 566
222 579
222 11
222 13
222 21
222 30
222 31
222 42
222 68
222 86
222 110
222 112
222 113
222 121
222 148
222 167
222 175
222 182
222 183
222 188
222 192
222 204
222 212
222 233
222 250
222 254
222 271
222 294
222 522
223 305
223 324
223 358
223 385
223 395
223 413
223 416
223 428
223 456
223 466
223 483
223 492
223 510
223 518
223 547
223 568
223 590
223 595
223 3
223 18
223 35
223 54
223 69
223 71
223 73
223 90
223 100
223 148
223 149
223 191
223 194
223 226
223 239
223 241
223 242
223 243
223 269
223 523
224 306
224 326
224 401
224 415
224 464
224 485
224 500
224 571
224 8
224 55
224 64
224 100
224 133
224 156
224 160
224 186
224 204
224 277
224 289
224 291
224 524
225 336
225 341
225 397
225 429
225 461
225 463
225 533
225 559
225 40
225 43
225 46
225 48
225 55
225 83
225 85
225 104
225 106
225 140
225 159
225 161
225 168
225 174
225 259
225 280
225 298
225 525
226 304
226 327
226 477
226 501
226 594
226 29
226 30
226 38
226 57
226 75
226 80
226 83
226 89
226 137
226 140
226 179
226 191
226 196
226 200
226 202
226 208
226 211
226 218
226 223
226 227
226 231
226 233
226 252
226 253
226 261
226 269
226 273
226 526
227 379
227 476
227 524
227 595
227 5
227 7
227 8
227 39
227 44
227 54
227 65
227 67
227 75
227 78
227 86
227 91
227 116
227 122
227 126
227 129
227 165
227 170
227 184
227 206
227 226
227 258
227 268
227 527
228 322
228 341
228 412
228 477
228 530
228 535
228 549
228 591
228 47
228 54
228 64
228 69
228 82
228 85
228 91
228 118
228 126
228 161
228 179
228 216
228 231
228 243
228 253
228 257
228 259
228 293
228 528
229 423
229 440
229 457
229 459
229 461
229 568
229 578
229 0
229 55
229 57
229 69
229 71
229 80
229 91
229 116
229 136
229 142
229 147
229 168
229 176
229 180
229 183
229 188
229 198
229 200
229 214
229 233
229 250
229 260
229 267
229 293
229 294
229 299
229 529
230 313
230 328
230 347
230 348
230 359
230 382
230 394
230 449
230 459
230 469
230 577
230 582
230 24
230 41
230 54
230 61
230 79
230 85
230 93
230 94
230 136
230 139
230 143
230 162
230 168
230 169
230 180
230 188
230 205
230 213
230 231
230 244
230 258
230 273
230 289
230 530
231 443
231 445
231 464
231 475
231 509
231 530
231 5
231 7
231 23
231 26
231 36
231 39
231 65
231 82
231 90
231 91
231 103
231 121
231 122
231 129
231 136
231 164
231 183
231 226
231 228
231 230
231 240
231 250
231 260
231 266
231 271
231 295
231 531
232 306
232 308
232 315
232 328
232 373
232 393
232 415
232 478
232 502
232 513
232 20
232 26
232 34
232 57
232 83
232 111
232 117
232 120
232 133
232 141
232 156
232 165
232 194
232 216
232 532
233 322
233 390
233 398
233 505
233 17
233 48
233 60
233 71
233 88
233 93
233 106
233 116
233 140
233 143
233 184
233 188
233 209
233 213
233 214
233 222
233 226
233 229
233 234
233 245
233 255
233 263
233 278
233 279
233 533
234 352
234 409
234 418
234 443
234 457
234 459
234 472
234 520
234 521
234 524
234 525
234 536
234 538
234 543
234 563
234 586
234 598
234 6
234 41
234 77
234 88
234 111
234 139
234 148
234 189
234 201
234 205
234 208
234 233
234 246
234 275
234 284
234 286
234 297
234 534
235 327
235 345
235 370
235 450
235 487
235 491
235 498
235 500
235 552
235 564
235 591
235 10
235 24
235 27
235 36
235 46
235 70
235 102
235 108
235 143
235 147
235 152
235 173
235 182
235 212
235 281
235 286
235 290
235 535
236 307
236 308
236 326
236 359
236 421
236 430
236 445
236 477
236 500
236 518
236 4
236 17
236 59
236 87
236 123
236 128
236 152
236 157
236 167
236 176
236 202
236 203
236 208
236 217
236 240
236 269
236 273
236 281
236 536
237 304
237 337
237 350
237 353
237 380
237 398
237 420
237 435
237 477
237 519
237 538
237 545
237 565
237 17
237 25
237 82
237 87
237 94
237 107
237 134
237 160
237 164
237 190
237 195
237 200
237 211
237 240
237 269
237 282
237 537
238 304
238 363
238 406
238 480
238 491
238 494
238 510
238 595
238 32
238 35
238 58
238 62
238 76
238 86
238 90
238 100
238 101
238 110
238 130
238 141
238 154
238 170
238 177
238 179
238 191
238 195
238 216
238 218
238 249
238 259
238 282
238 289
238 293
238 297
238 538
239 331
239 340
239 426
239 440
239 456
239 9
239 18
239 36
239 37
239 44
239 47
239 78
239 108
239 112
239 114
239 116
239 117
239 123
239 158
239 171
239 186
239 203
239 223
239 244
239 287
239 539
240 300
240 333
240 406
240 445
240 450
240 518
240 599
240 8
240 17
240 37
240 92
240 105
240 107
240 129
240 136
240 158
240 160
240 163
240 166
240 187
240 231
240 236
240 237
240 276
240 281
240 540
241 354
241 360
241 376
241 406
241 412
241 431
241 432
241 465
241 506
241 514
241 547
241 585
241 592
241 5
241 16
241 23
241 30
241 52
241 90
241 96
241 100
241 110
241 115
241 126
241 132
241 159
241 176
241 194
241 210
241 219
241 220
241 223
241 259
241 273
241 284
241 294
241 541
242 313
242 316
242 346
242 375
242 376
242 482
242 520
242 524
242 31
242 97
242 114
242 115
242 129
242 133
242 145
242 150
242 158
242 178
242 202
242 220
242 223
242 246
242 251
242 542
243 360
243 369
243 380
243 397
243 400
243 435
243 454
243 530
243 531
243 6
243 40
243 45
243 83
243 100
243 110
243 125
243 145
243 150
243 152
243 209
243 214
243 215
243 223
243 228
243 259
243 271
243 285
243 289
243 296
243 543
244 307
244 325
244 338
244 391
244 399
244 407
244 457
244 475
244 491
244 522
244 537
244 544
244 558
244 586
244 587
244 2
244 54
244 57
244 68
244 97
244 105
244 107
244 114
244 121
244 123
244 125
244 131
244 143
244 144
244 147
244 149
244 153
244 162
244 202
244 230
244 239
244 280
244 285
244 288
244 291
245 358
245 413
245 450
245 566
245 14
245 23
245 24
245 38
245 50
245 54
245 72
245 91
245 109
245 119
245 139
245 165
245 175
245 233
245 258
245 260
245 266
245 267
245 268
245 278
245 299
245 545
246 302
246 317
246 393
246 410
246 454
246 486
246 507
246 588
246 13
246 22
246 65
246 71
246 72
246 86
246 95
246 107
246 116
246 139
246 147
246 173
246 176
246 188
246 191
246 221
246 234
246 242
246 250
246 272
246 546
247 331
247 400
247 405
247 462
247 527
247 539
247 543
247 32
247 56
247 60
247 81
247 119
247 140
247 147
247 157
247 160
247 172
247 178
247 185
247 203
247 204
247 215
247 249
247 260
247 261
247 263
247 277
247 281
247 282
247 293
247 547
248 331
248 415
248 430
248 460
248 472
248 496
248 527
248 586
248 595
248 4
248 46
248 50
248 73
248 86
248 92
248 98
248 99
248 113
248 123
248 126
248 142
248 161
248 252
248 259
248 262
248 263
248 548
249 364
249 370
249 372
249 406
249 416
249 442
249 477
249 496
249 517
249 526
249 540
249 542
249 598
249 599
249 3
249 8
249 9
249 25
249 29
249 45
249 47
249 54
249 60
249 64
249 88
249 101
249 118
249 119
249 135
249 137
249 159
249 188
249 190
249 193
249 211
249 220
249 238
249 247
249 251
249 260
249 549
250 332
250 404
250 472
250 534
250 535
250 539
250 569
250 574
250 599
250 28
250 30
250 85
250 108
250 111
250 160
250 161
250 170
250 176
250 222
250 229
250 231
250 246
250 550
251 305
251 322
251 347
251 395
251 415
251 443
251 497
251 5
251 8
251 29
251 36
251 69
251 87
251 92
251 102
251 130
251 148
251 179
251 197
251 207
251 242
251 249
251 259
251 288
251 551
252 312
252 341
252 345
252 355
252 409
252 446
252 461
252 486
252 502
252 521
252 533
252 564
252 572
252 17
252 18
252 22
252 26
252 35
252 57
252 72
252 75
252 91
252 98
252 104
252 130
252 134
252 139
252 146
252 148
252 160
252 162
252 169
252 185
252 195
252 226
252 248
252 273
252 280
252 281
252 552
253 371
253 405
253 448
253 452
253 493
253 516
253 554
253 557
253 563
253 24
253 31
253 55
253 56
253 85
253 88
253 111
253 115
253 130
253 139
253 164
253 179
253 180
253 216
253 220
253 226
253 228
253 294
253 296
253 553
254 302
254 308
254 329
254 333
254 335
254 381
254 415
254 424
254 429
254 458
254 493
254 522
254 537
254 10
254 37
254 82
254 88
254 91
254 111
254 121
254 188
254 190
254 220
254 222
254 268
254 275
254 554
255 338
255 375
255 396
255 413
255 438
255 520
255 7
255 17
255 38
255 66
255 75
255 99
255 114
255 123
255 125
255 132
255 143
255 161
255 179
255 184
255 187
255 190
255 206
255 233
255 258
255 283
255 555
256 316
256 325
256 333
256 364
256 428
256 435
256 455
256 495
256 511
256 544
256 559
256 50
256 73
256 76
256 81
256 105
256 111
256 118
256 120
256 149
256 167
256 176
256 189
256 200
256 260
256 277
256 280
256 287
256 556
257 314
257 354
257 365
257 387
257 470
257 525
257 537
257 558
257 30
257 80
257 98
257 101
257 112
257 120
257 140
257 156
257 171
257 178
257 181
257 203
257 228
257 275
257 277
257 298
257 557
258 315
258 333
258 349
258 372
258 443
258 448
258 460
258 486
258 526
258 559
258 568
258 594
258 4
258 15
258 16
258 23
258 39
258 87
258 92
258 112
258 116
258 119
258 128
258 141
258 161
258 207
258 211
258 227
258 230
258 245
258 255
258 267
258 289
258 558
259 303
259 342
259 347
259 386
259 396
259 431
259 485
259 533
259 570
259 577
259 33
259 60
259 72
259 84
259 108
259 121
259 130
259 158
259 184
259 214
259 216
259 225
259 228
259 238
259 241
259 243
259 248
259 251
259 266
259 287
259 290
259 297
259 299
259 559
260 374
260 409
260 418
260 460
260 482
260 493
260 513
260 515
260 533
260 539
260 550
260 564
260 3
260 19
260 78
260 94
260 127
260 160
260 174
260 229
260 231
260 245
260 247
260 249
260 256
260 262
260 277
260 287
260 560
261 307
261 322
261 324
261 397
261 403
261 415
261 499
261 505
261 550
261 13
261 20
261 25
261 32
261 41
261 44
261 74
261 75
261 108
261 132
261 144
261 160
261 173
261 180
261 191
261 206
261 218
261 226
261 247
261 262
261 274
261 287
261 298
261 561
262 301
262 343
262 364
262 376
262 397
262 436
262 524
262 548
262 586
262 3
262 8
262 15
262 34
262 46
262 62
262 64
262 65
262 121
262 126
262 134
262 139
262 142
262 149
262 159
262 167
262 187
262 193
262 196
262 197
262 211
262 214
262 248
262 260
262 261
262 284
262 289
262 292
262 562
263 342
263 365
263 420
263 463
263 479
263 530
263 533
263 556
263 10
263 29
263 31
263 36
263 50
263 60
263 62
263 69
263 81
263 96
263 101
263 119
263 125
263 131
263 192
263 207
263 217
263 233
263 247
263 248
263 269
263 288
263 563
264 302
264 336
264 365
264 401
264 423
264 487
264 529
264 576
264 2
264 13
264 22
264 24
264 35
264 50
264 65
264 80
264 85
264 109
264 113
264 121
264 168
264 189
264 197
264 200
264 265
264 272
264 277
264 286
264 290
264 291
264 564
265 340
265 371
265 390
265 468
265 494
265 545
265 8
265 18
265 48
265 64
265 102
265 143
265 180
265 185
265 264
265 282
265 286
265 291
265 565
266 317
266 373
266 414
266 459
266 503
266 549
266 560
266 9
266 25
266 40
266 51
266 52
266 90
266 91
266 104
266 113
266 126
266 147
266 152
266 154
266 156
266 188
266 210
266 231
266 245
266 259
266 278
266 289
266 566
267 320
267 342
267 366
267 405
267 407
267 439
267 461
267 471
267 521
267 531
267 544
267 571
267 8
267 22
267 27
267 28
267 30
267 36
267 54
267 100
267 122
267 123
267 138
267 148
267 152
267 175
267 177
267 192
267 193
267 197
267 211
267 229
267 245
267 258
267 288
267 296
267 567
268 318
268 326
268 389
268 413
268 554
268 3
268 5
268 6
268 22
268 36
268 44
268 86
268 93
268 104
268 106
268 146
268 170
268 173
268 178
268 179
268 188
268 193
268 195
268 203
268 205
268 218
268 220
268 227
268 245
268 254
268 270
268 288
268 568
269 357
269 459
269 495
269 523
269 527
269 543
269 21
269 34
269 41
269 53
269 54
269 83
269 124
269 131
269 150
269 153
269 154
269 156
269 168
269 174
269 175
269 195
269 223
269 226
269 236
269 237
269 263
269 288
269 290
269 569
270 326
270 371
270 372
270 401
270 466
270 480
270 2
270 6
270 16
270 25
270 39
270 106
270 135
270 157
270 182
270 183
270 208
270 268
270 274
270 275
270 276
270 277
270 283
270 290
270 570
271 308
271 350
271 352
271 385
271 435
271 455
271 472
271 511
271 526
271 563
271 20
271 39
271 47
271 60
271 66
271 71
271 73
271 76
271 83
271 86
271 112
271 113
271 119
271 121
271 122
271 128
271 129
271 138
271 149
271 159
271 187
271 204
271 222
271 231
271 243
271 275
271 278
271 293
271 571
272 303
272 318
272 320
272 331
272 334
272 350
272 361
272 374
272 518
272 8
272 9
272 12
272 15
272 23
272 35
272 52
272 55
272 60
272 68
272 119
272 120
272 125
272 128
272 180
272 183
272 194
272 196
272 203
272 246
272 264
272 279
272 286
272 288
272 294
272 295
272 572
273 320
273 328
273 336
273 354
273 382
273 405
273 415
273 433
273 473
273 517
273 565
273 0
273 3
273 10
273 29
273 31
273 43
273 67
273 91
273 110
273 112
273 113
273 122
273 160
273 162
273 198
273 226
273 230
273 236
273 241
273 252
273 275
273 299
273 573
274 325
274 348
274 399
274 459
274 535
274 538
274 4
274 37
274 51
274 63
274 83
274 167
274 176
274 197
274 202
274 212
274 261
274 270
274 294
274 574
275 303
275 394
275 400
275 415
275 424
275 437
275 462
275 503
275 505
275 529
275 597
275 10
275 15
275 24
275 34
275 61
275 62
275 63
275 68
275 76
275 102
275 114
275 115
275 116
275 155
275 156
275 157
275 182
275 198
275 201
275 208
275 211
275 234
275 254
275 257
275 270
275 271
275 273
275 575
276 347
276 355
276 382
276 393
276 438
276 480
276 488
276 568
276 574
276 17
276 18
276 27
276 58
276 65
276 76
276 78
276 79
276 82
276 85
276 99
276 133
276 140
276 158
276 159
276 173
276 187
276 196
276 202
276 216
276 240
276 270
276 282
276 291
276 576
277 329
277 366
277 385
277 404
277 458
277 525
277 545
277 572
277 35
277 42
277 46
277 51
277 59
277 62
277 71
277 98
277 118
277 121
277 123
277 151
277 152
277 161
277 224
277 247
277 256
277 257
277 260
277 264
277 270
277 281
277 577
278 321
278 330
278 332
278 333
278 377
278 398
278 420
278 421
278 467
278 490
278 520
278 526
278 7
278 11
278 14
278 44
278 63
278 70
278 100
278 107
278 114
278 132
278 142
278 150
278 154
278 171
278 212
278 215
278 233
278 245
278 266
278 271
278 578
279 348
279 395
279 418
279 496
279 1
279 4
279 30
279 39
279 42
279 70
279 72
279 86
279 95
279 114
279 121
279 156
279 157
279 160
279 167
279 206
279 209
279 233
279 272
279 281
279 285
279 288
279 579
280 308
280 316
280 364
280 440
280 547
280 587
280 7
280 19
280 27
280 54
280 61
280 82
280 87
280 101
280 109
280 117
280 122
280 126
280 134
280 138
280 146
280 157
280 161
280 167
280 193
280 201
280 203
280 221
280 225
280 244
280 252
280 256
280 282
280 292
280 580
281 423
281 544
281 572
281 577
281 2
281 7
281 102
281 113
281 124
281 148
281 156
281 158
281 185
281 204
281 207
281 235
281 236
281 240
281 247
281 252
281 277
281 279
281 296
281 581
282 335
282 367
282 443
282 453
282 476
282 485
282 488
282 542
282 561
282 6
282 15
282 50
282 51
282 67
282 101
282 122
282 128
282 134
282 142
282 163
282 176
282 237
282 238
282 247
282 265
282 276
282 280
282 290
282 299
282 582
283 314
283 318
283 393
283 413
283 447
283 536
283 545
283 9
283 11
283 46
283 60
283 72
283 74
283 91
283 93
283 100
283 102
283 114
283 127
283 131
283 174
283 181
283 192
283 196
283 197
283 212
283 218
283 219
283 255
283 270
283 290
283 294
283 583
284 349
284 368
284 430
284 441
284 477
284 490
284 521
284 545
284 568
284 10
284 30
284 40
284 48
284 62
284 72
284 140
284 144
284 147
284 161
284 163
284 183
284 206
284 212
284 234
284 241
284 262
284 584
285 303
285 312
285 459
285 525
285 538
285 599
285 5
285 17
285 21
285 22
285 63
285 72
285 107
285 126
285 131
285 148
285 174
285 182
285 189
285 210
285 218
285 220
285 243
285 244
285 279
285 299
285 585
286 303
286 314
286 315
286 376
286 417
286 461
286 493
286 511
286 13
286 30
286 43
286 90
286 99
286 105
286 109
286 125
286 149
286 151
286 153
286 160
286 173
286 183
286 234
286 235
286 264
286 265
286 272
286 586
287 306
287 347
287 388
287 397
287 417
287 440
287 454
287 485
287 599
287 4
287 5
287 20
287 33
287 42
287 43
287 51
287 64
287 66
287 71
287 101
287 110
287 114
287 116
287 120
287 124
287 125
287 144
287 175
287 188
287 206
287 209
287 218
287 239
287 256
287 259
287 260
287 261
287 587
288 308
288 365
288 439
288 460
288 526
288 527
288 5
288 25
288 30
288 36
288 57
288 65
288 82
288 86
288 91
288 104
288 151
288 175
288 176
288 199
288 202
288 207
288 244
288 251
288 263
288 267
288 268
288 269
288 272
288 279
288 298
288 588
289 317
289 364
289 368
289 420
289 454
289 36
289 59
289 76
289 80
289 84
289 107
289 127
289 142
289 146
289 198
289 224
289 230
289 238
289 243
289 258
289 262
289 266
289 291
289 292
289 589
290 343
290 366
290 368
290 481
290 507
290 525
290 541
290 546
290 1
290 13
290 24
290 25
290 28
290 40
290 53
290 69
290 96
290 107
290 115
290 150
290 151
290 157
290 189
290 211
290 235
290 259
290 264
290 269
290 270
290 282
290 283
290 296
290 590
291 316
291 324
291 332
291 396
291 433
291 447
291 541
291 2
291 17
291 19
291 33
291 40
291 44
291 66
291 76
291 83
291 91
291 104
291 132
291 143
291 151
291 167
291 194
291 216
291 224
291 244
291 264
291 265
291 276
291 289
291 591
292 310
292 327
292 340
292 349
292 387
292 440
292 504
292 538
292 6
292 15
292 121
292 127
292 131
292 145
292 156
292 158
292 159
292 162
292 190
292 191
292 196
292 210
292 212
292 215
292 218
292 262
292 280
292 289
292 592
293 352
293 362
293 375
293 376
293 392
293 401
293 463
293 467
293 468
293 480
293 567
293 18
293 26
293 29
293 52
293 55
293 57
293 67
293 96
293 109
293 124
293 147
293 155
293 170
293 180
293 193
293 210
293 213
293 228
293 229
293 238
293 247
293 271
293 297
293 593
294 384
294 391
294 398
294 402
294 425
294 503
294 526
294 567
294 584
294 6
294 28
294 32
294 69
294 70
294 71
294 101
294 107
294 109
294 121
294 123
294 144
294 179
294 184
294 193
294 220
294 222
294 229
294 241
294 253
294 272
294 274
294 283
294 594
295 300
295 302
295 309
295 326
295 344
295 406
295 455
295 462
295 498
295 542
295 544
295 548
295 4
295 9
295 11
295 27
295 32
295 35
295 40
295 52
295 65
295 107
295 114
295 121
295 125
295 135
295 139
295 144
295 146
295 157
295 175
295 179
295 206
295 231
295 272
295 299
295 595
296 345
296 355
296 398
296 405
296 406
296 495
296 527
296 575
296 3
296 8
296 12
296 18
296 20
296 26
296 39
296 77
296 84
296 114
296 118
296 147
296 151
296 161
296 167
296 177
296 184
296 217
296 243
296 253
296 267
296 281
296 290
296 596
297 302
297 334
297 353
297 382
297 425
297 447
297 531
297 542
297 586
297 9
297 22
297 23
297 48
297 50
297 65
297 66
297 69
297 74
297 92
297 111
297 126
297 145
297 147
297 151
297 160
297 191
297 203
297 214
297 234
297 238
297 259
297 293
297 299
297 597
298 390
298 419
298 438
298 448
298 469
298 505
298 577
298 12
298 20
298 26
298 30
298 34
298 80
298 84
298 158
298 164
298 171
298 187
298 204
298 207
298 225
298 257
298 261
298 288
298 598
299 316
299 324
299 357
299 366
299 368
299 375
299 431
299 475
299 529
299 563
299 596
299 0
299 13
299 14
299 33
299 36
299 62
299 106
299 130
299 137
299 138
299 145
299 159
299 163
299 165
299 177
299 185
299 191
299 197
299 203
299 229
299 245
299 259
299 273
299 282
299 285
299 295
299 297
299 599
300 57
300 103
300 124
300 151
300 160
300 176
300 209
300 240
300 295
300 0
301 7
301 36
301 44
301 110
301 133
301 177
301 180
301 197
301 262
301 1
302 11
302 27
302 58
302 65
302 75
302 78
302 166
302 187
302 194
302 246
302 254
302 264
302 295
302 297
302 2
303 6
303 60
303 178
303 259
303 272
303 275
303 285
303 286
303 3
304 33
304 103
304 149
304 185
304 226
304 237
304 238
304 4
305 15
305 52
305 60
305 79
305 101
305 103
305 141
305 182
305 223
305 251
305 5
306 111
306 128
306 200
306 224
306 232
306 287
306 6
307 2
307 5
307 24
307 79
307 142
307 145
307 148
307 192
307 208
307 236
307 244
307 261
307 7
308 1
308 9
308 17
308 41
308 57
308 74
308 95
308 118
308 141
308 150
308 178
308 206
308 232
308 236
308 254
308 271
308 280
308 288
308 8
309 18
309 43
309 61
309 68
309 111
309 168
309 180
309 295
309 9
310 4
310 44
310 94
310 100
310 121
310 144
310 145
310 149
310 154
310 164
310 292
310 10
311 35
311 88
311 106
311 130
311 166
311 177
311 187
311 188
311 11
312 12
312 17
312 23
312 28
312 50
312 88
312 143
312 185
312 252
312 285
313 40
313 62
313 75
313 125
313 166
313 174
313 188
313 189
313 216
313 221
313 230
313 242
313 13
314 13
314 121
314 127
314 161
314 257
314 283
314 286
314 14
315 40
315 178
315 192
315 232
315 258
315 286
315 15
316 24
316 42
316 46
316 69
316 155
316 180
316 242
316 256
316 280
316 291
316 299
316 16
317 28
317 78
317 101
317 150
317 183
317 215
317 246
317 266
317 289
317 17
318 18
318 107
318 121
318 127
318 151
318 152
318 179
318 268
318 272
318 283
319 50
319 59
319 93
319 99
319 163
319 179
319 19
320 45
320 84
320 142
320 162
320 178
320 205
320 213
320 267
320 272
320 273
320 20
321 5
321 53
321 75
321 92
321 93
321 119
321 170
321 205
321 278
321 21
322 37
322 110
322 124
322 127
322 228
322 233
322 251
322 261
322 22
323 17
323 52
323 94
323 99
323 112
323 113
323 146
323 182
323 199
323 23
324 2
324 57
324 102
324 104
324 217
324 223
324 261
324 291
324 299
324 24
325 2
325 4
325 39
325 53
325 98
325 156
325 195
325 244
325 256
325 274
325 25
326 0
326 15
326 58
326 67
326 126
326 192
326 224
326 236
326 268
326 270
326 295
326 26
327 37
327 43
327 54
327 59
327 172
327 188
327 206
327 226
327 235
327 292
327 27
328 3
328 34
328 42
328 122
328 125
328 165
328 192
328 198
328 230
328 232
328 273
328 28
329 10
329 69
329 70
329 75
329 109
329 122
329 124
329 129
329 138
329 143
329 182
329 210
329 217
329 254
329 277
329 29
330 53
330 92
330 118
330 130
330 142
330 172
330 186
330 197
330 203
330 278
330 30
331 5
331 28
331 51
331 75
331 87
331 91
331 180
331 221
331 239
331 247
331 248
331 272
331 31
332 0
332 19
332 51
332 64
332 65
332 72
332 107
332 122
332 153
332 157
332 179
332 184
332 250
332 278
332 291
332 32
333 80
333 86
333 145
333 147
333 148
333 168
333 187
333 191
333 240
333 254
333 256
333 258
333 278
333 33
334 90
334 173
334 205
334 272
334 297
334 34
335 12
335 13
335 58
335 69
335 110
335 128
335 142
335 155
335 188
335 217
335 254
335 282
335 35
336 5
336 10
336 61
336 121
336 171
336 190
336 225
336 264
336 273
336 36
337 37
337 108
337 184
337 186
337 195
337 215
337 237
338 31
338 66
338 80
338 107
338 136
338 190
338 202
338 206
338 211
338 244
338 255
338 38
339 78
339 92
339 151
339 182
339 219
339 39
340 45
340 69
340 89
340 128
340 139
340 169
340 188
340 198
340 209
340 239
340 265
340 292
340 40
341 33
341 110
341 129
341 163
341 169
341 173
341 225
341 228
341 252
341 41
342 48
342 82
342 132
342 148
342 150
342 156
342 178
342 198
342 259
342 263
342 267
342 42
343 37
343 41
343 56
343 71
343 122
343 164
343 179
343 216
343 262
343 290
343 43
344 8
344 20
344 24
344 30
344 32
344 118
344 159
344 191
344 295
344 44
345 27
345 45
345 78
345 98
345 120
345 142
345 154
345 205
345 235
345 252
345 296
346 43
346 51
346 91
346 159
346 163
346 185
346 193
346 214
346 242
346 46
347 19
347 24
347 73
347 83
347 185
347 194
347 230
347 251
347 259
347 276
347 287
347 47
348 5
348 78
348 82
348 147
348 230
348 274
348 279
348 48
349 49
349 110
349 154
349 171
349 181
349 258
349 284
349 292
350 149
350 152
350 167
350 210
350 237
350 271
350 272
350 50
351 17
351 32
351 54
351 118
351 51
352 30
352 32
352 46
352 95
352 130
352 140
352 144
352 187
352 199
352 218
352 234
352 271
352 293
352 52
353 11
353 12
353 82
353 89
353 237
353 297
353 53
354 17
354 155
354 156
354 173
354 199
354 241
354 257
354 273
354 54
355 1
355 50
355 56
355 111
355 156
355 206
355 207
355 219
355 252
355 276
355 296
355 55
356 16
356 152
356 56
357 12
357 24
357 29
357 50
357 61
357 91
357 113
357 220
357 269
357 299
357 57
358 15
358 39
358 104
358 117
358 126
358 133
358 175
358 205
358 223
358 245
358 58
359 27
359 72
359 172
359 202
359 230
359 236
359 59
360 21
360 30
360 46
360 172
360 177
360 241
360 243
360 60
361 6
361 53
361 97
361 125
361 192
361 202
361 222
361 272
361 61
362 58
362 109
362 154
362 163
362 167
362 184
362 195
362 293
362 62
363 0
363 9
363 28
363 38
363 88
363 103
363 112
363 198
363 238
363 63
364 21
364 45
364 96
364 104
364 114
364 162
364 171
364 183
364 195
364 249
364 256
364 262
364 280
364 289
364 64
365 109
365 126
365 177
365 182
365 257
365 263
365 264
365 288
365 65
366 82
366 94
366 106
366 153
366 196
366 267
366 277
366 290
366 299
366 66
367 33
367 52
367 60
367 147
367 150
367 171
367 282
367 67
368 9
368 93
368 110
368 123
368 148
368 284
368 289
368 290
368 299
368 68
369 56
369 90
369 102
369 165
369 188
369 197
369 243
369 69
370 12
370 30
370 201
370 218
370 235
370 249
370 70
371 101
371 123
371 138
371 140
371 143
371 161
371 170
371 176
371 205
371 253
371 265
371 270
371 71
372 35
372 39
372 47
372 114
372 135
372 194
372 206
372 249
372 258
372 270
372 72
373 0
373 79
373 119
373 120
373 161
373 164
373 201
373 206
373 232
373 266
373 73
374 146
374 149
374 189
374 203
374 260
374 272
374 74
375 67
375 68
375 75
375 99
375 124
375 161
375 220
375 242
375 255
375 293
375 299
376 29
376 35
376 48
376 102
376 107
376 156
376 241
376 242
376 262
376 286
376 293
376 76
377 84
377 110
377 153
377 219
377 278
377 77
378 8
378 32
378 69
378 86
378 90
378 167
378 190
378 221
378 78
379 35
379 79
379 84
379 147
379 179
379 218
379 227
380 72
380 106
380 108
380 110
380 134
380 187
380 188
380 196
380 237
380 243
380 80
381 46
381 82
381 85
381 142
381 196
381 201
381 202
381 254
381 81
382 62
382 103
382 109
382 230
382 273
382 276
382 297
382 82
383 62
383 73
383 84
383 97
383 103
383 120
383 166
383 222
383 83
384 12
384 47
384 119
384 152
384 156
384 207
384 294
384 84
385 2
385 73
385 136
385 140
385 144
385 158
385 183
385 197
385 216
385 223
385 271
385 277
385 85
386 6
386 9
386 19
386 20
386 41
386 110
386 140
386 197
386 259
386 86
387 84
387 87
387 148
387 195
387 257
387 292
388 13
388 100
388 287
388 88
389 20
389 25
389 48
389 137
389 171
389 191
389 195
389 268
389 89
390 4
390 50
390 61
390 73
390 139
390 207
390 219
390 233
390 265
390 298
390 90
391 14
391 40
391 44
391 108
391 124
391 127
391 179
391 183
391 197
391 244
391 294
391 91
392 52
392 140
392 168
392 183
392 203
392 293
392 92
393 42
393 49
393 50
393 95
393 141
393 197
393 232
393 246
393 276
393 283
393 93
394 18
394 43
394 63
394 70
394 84
394 93
394 102
394 140
394 158
394 164
394 185
394 222
394 230
394 275
394 94
395 4
395 16
395 85
395 105
395 173
395 184
395 223
395 251
395 279
395 95
396 6
396 46
396 174
396 255
396 259
396 291
396 96
397 8
397 43
397 113
397 120
397 153
397 175
397 201
397 225
397 243
397 261
397 262
397 287
397 97
398 22
398 31
398 43
398 57
398 62
398 79
398 87
398 148
398 181
398 200
398 210
398 233
398 237
398 278
398 294
398 296
398 98
399 19
399 55
399 65
399 66
399 207
399 208
399 244
399 274
399 99
400 45
400 91
400 121
400 149
400 169
400 189
400 191
400 210
400 243
400 247
400 275
400 100
401 22
401 28
401 40
401 51
401 64
401 65
401 117
401 144
401 161
401 224
401 264
401 270
401 293
401 101
402 0
402 48
402 81
402 92
402 104
402 202
402 216
402 294
402 102
403 35
403 68
403 100
403 136
403 186
403 203
403 261
403 103
404 32
404 56
404 77
404 94
404 250
404 277
404 104
405 6
405 73
405 87
405 89
405 106
405 135
405 156
405 172
405 178
405 190
405 247
405 253
405 267
405 273
405 296
405 105
406 20
406 68
406 74
406 78
406 86
406 92
406 117
406 119
406 136
406 148
406 208
406 238
406 240
406 241
406 249
406 295
406 296
406 106
407 20
407 22
407 45
407 52
407 124
407 128
407 156
407 159
407 192
407 244
407 267
407 107
408 60
408 68
408 76
408 110
408 138
408 192
408 193
408 194
408 198
408 108
409 8
409 112
409 156
409 177
409 234
409 252
409 260
409 109
410 3
410 17
410 37
410 127
410 153
410 182
410 246
410 110
411 110
411 199
411 111
412 46
412 97
412 101
412 138
412 145
412 182
412 202
412 210
412 215
412 228
412 241
412 112
413 84
413 87
413 104
413 126
413 166
413 186
413 192
413 223
413 245
413 255
413 268
413 283
413 113
414 29
414 76
414 109
414 120
414 143
414 156
414 157
414 266
414 114
415 16
415 18
415 19
415 34
415 57
415 69
415 74
415 91
415 146
415 164
415 204
415 224
415 232
415 248
415 251
415 254
415 261
415 273
415 275
415 115
416 64
416 87
416 103
416 108
416 111
416 114
416 146
416 150
416 165
416 181
416 223
416 249
416 116
417 23
417 70
417 97
417 182
417 286
417 287
417 117
418 43
418 45
418 52
418 84
418 104
418 159
418 201
418 234
418 260
418 279
418 118
419 0
419 147
419 217
419 298
419 119
420 103
420 111
420 120
420 127
420 152
420 161
420 209
420 216
420 237
420 263
420 278
420 289
421 8
421 19
421 40
421 61
421 114
421 117
421 130
421 174
421 236
421 278
421 121
422 58
422 152
422 163
422 187
422 193
422 122
423 1
423 5
423 34
423 61
423 97
423 114
423 135
423 184
423 214
423 229
423 264
423 281
423 123
424 48
424 54
424 60
424 69
424 97
424 254
424 275
424 124
425 15
425 18
425 63
425 120
425 160
425 165
425 194
425 294
425 297
425 125
426 27
426 52
426 63
426 105
426 130
426 173
426 178
426 192
426 239
426 126
427 25
427 50
427 90
427 91
427 102
427 144
427 177
427 212
427 216
427 127
428 16
428 120
428 121
428 141
428 186
428 193
428 223
428 256
428 128
429 26
429 28
429 35
429 74
429 94
429 97
429 171
429 203
429 225
429 254
429 129
430 15
430 72
430 99
430 118
430 143
430 163
430 176
430 178
430 194
430 202
430 236
430 248
430 284
430 130
431 20
431 35
431 42
431 46
431 53
431 56
431 68
431 77
431 92
431 98
431 116
431 120
431 121
431 139
431 154
431 179
431 241
431 259
431 299
431 131
432 28
432 50
432 69
432 132
432 156
432 188
432 241
433 4
433 8
433 19
433 97
433 103
433 158
433 202
433 273
433 291
433 133
434 13
434 21
434 35
434 49
434 68
434 99
434 101
434 196
434 203
434 134
435 16
435 64
435 73
435 77
435 92
435 121
435 156
435 207
435 237
435 243
435 256
435 271
435 135
436 93
436 127
436 162
436 218
436 262
436 136
437 9
437 22
437 48
437 53
437 88
437 101
437 109
437 142
437 183
437 221
437 275
437 137
438 31
438 76
438 80
438 156
438 168
438 255
438 276
438 298
438 138
439 6
439 31
439 49
439 68
439 85
439 97
439 108
439 112
439 117
439 155
439 267
439 288
439 139
440 2
440 55
440 115
440 139
440 155
440 186
440 229
440 239
440 280
440 287
440 292
440 140
441 10
441 24
441 35
441 41
441 50
441 79
441 107
441 114
441 156
441 178
441 186
441 215
441 284
441 141
442 40
442 59
442 161
442 167
442 249
442 142
443 8
443 16
443 135
443 160
443 166
443 222
443 231
443 234
443 251
443 258
443 282
443 143
444 0
444 4
444 57
444 80
444 102
444 138
444 160
444 165
444 168
444 185
444 186
444 202
444 209
444 144
445 103
445 110
445 172
445 179
445 181
445 184
445 216
445 231
445 236
445 240
445 145
446 1
446 66
446 67
446 87
446 138
446 219
446 252
446 146
447 1
447 12
447 59
447 60
447 72
447 143
447 146
447 149
447 150
447 283
447 291
447 297
447 147
448 47
448 62
448 73
448 119
448 152
448 168
448 174
448 180
448 206
448 217
448 253
448 258
448 298
448 148
449 3
449 9
449 13
449 39
449 69
449 96
449 124
449 129
449 142
449 145
449 151
449 162
449 180
449 193
449 194
449 230
449 149
450 53
450 60
450 105
450 108
450 184
450 235
450 240
450 245
450 150
451 23
451 86
451 143
451 203
451 151
452 41
452 50
452 72
452 108
452 125
452 129
452 146
452 181
452 253
452 152
453 84
453 94
453 97
453 125
453 157
453 181
453 206
453 282
453 153
454 27
454 131
454 132
454 159
454 204
454 219
454 243
454 246
454 287
454 289
454 154
455 67
455 92
455 109
455 137
455 186
455 218
455 256
455 271
455 295
455 155
456 40
456 46
456 49
456 59
456 74
456 124
456 148
456 150
456 155
456 163
456 189
456 199
456 223
456 239
456 156
457 34
457 73
457 96
457 146
457 166
457 196
457 229
457 234
457 244
457 157
458 68
458 133
458 161
458 204
458 254
458 277
458 158
459 1
459 20
459 53
459 62
459 111
459 176
459 208
459 217
459 229
459 230
459 234
459 266
459 269
459 274
459 285
459 159
460 95
460 144
460 188
460 198
460 248
460 258
460 260
460 288
460 160
461 87
461 92
461 109
461 188
461 225
461 229
461 252
461 267
461 286
461 161
462 71
462 105
462 111
462 120
462 247
462 275
462 295
462 162
463 60
463 92
463 96
463 126
463 147
463 163
463 188
463 225
463 263
463 293
464 75
464 119
464 186
464 200
464 210
464 224
464 231
464 164
465 22
465 25
465 34
465 38
465 51
465 80
465 94
465 95
465 145
465 216
465 219
465 241
465 165
466 47
466 76
466 98
466 106
466 114
466 223
466 270
466 166
467 2
467 20
467 74
467 137
467 139
467 163
467 193
467 194
467 278
467 293
467 167
468 40
468 88
468 215
468 265
468 293
468 168
469 41
469 78
469 115
469 117
469 140
469 165
469 183
469 219
469 230
469 298
469 169
470 48
470 101
470 178
470 257
470 170
471 75
471 190
471 267
471 171
472 56
472 59
472 137
472 151
472 171
472 189
472 204
472 234
472 248
472 250
472 271
472 172
473 41
473 75
473 80
473 163
473 273
473 173
474 14
474 75
474 82
474 119
474 122
474 134
474 135
474 196
474 174
475 55
475 58
475 91
475 129
475 156
475 181
475 206
475 231
475 244
475 299
475 175
476 18
476 44
476 63
476 129
476 182
476 206
476 227
476 282
476 176
477 155
477 190
477 226
477 228
477 236
477 237
477 249
477 284
477 177
478 62
478 76
478 127
478 132
478 155
478 162
478 202
478 232
478 178
479 31
479 44
479 47
479 60
479 69
479 143
479 170
479 201
479 213
479 263
479 179
480 18
480 126
480 140
480 141
480 143
480 156
480 159
480 238
480 270
480 276
480 293
480 180
481 46
481 51
481 99
481 111
481 116
481 197
481 207
481 210
481 211
481 290
481 181
482 15
482 53
482 96
482 113
482 151
482 166
482 178
482 207
482 242
482 260
482 182
483 4
483 40
483 63
483 71
483 155
483 188
483 221
483 223
483 183
484 40
484 47
484 80
484 156
484 222
484 184
485 7
485 18
485 29
485 34
485 48
485 54
485 124
485 204
485 208
485 217
485 224
485 259
485 282
485 287
485 185
486 28
486 45
486 50
486 60
486 88
486 152
486 193
486 210
486 212
486 246
486 252
486 258
486 186
487 2
487 54
487 71
487 95
487 116
487 121
487 181
487 184
487 195
487 235
487 264
487 187
488 75
488 77
488 84
488 85
488 107
488 110
488 118
488 276
488 282
488 188
489 2
489 3
489 21
489 23
489 57
489 63
489 91
489 99
489 125
489 147
489 166
489 185
489 189
490 38
490 66
490 136
490 162
490 182
490 278
490 284
490 190
491 65
491 106
491 111
491 121
491 160
491 235
491 238
491 244
491 191
492 5
492 33
492 116
492 142
492 148
492 204
492 223
492 192
493 12
493 25
493 81
493 104
493 130
493 137
493 146
493 172
493 187
493 201
493 222
493 253
493 254
493 260
493 286
493 193
494 48
494 69
494 88
494 94
494 142
494 198
494 221
494 238
494 265
494 194
495 28
495 89
495 172
495 256
495 269
495 296
495 195
496 34
496 36
496 71
496 76
496 87
496 148
496 218
496 248
496 249
496 279
496 196
497 8
497 9
497 28
497 65
497 108
497 135
497 163
497 205
497 212
497 251
497 197
498 99
498 184
498 197
498 235
498 295
498 198
499 18
499 45
499 60
499 67
499 146
499 197
499 206
499 261
499 199
500 22
500 28
500 30
500 35
500 133
500 147
500 177
500 224
500 235
500 236
500 200
501 22
501 30
501 32
501 52
501 106
501 116
501 125
501 137
501 181
501 218
501 226
501 201
502 41
502 83
502 115
502 163
502 232
502 252
502 202
503 36
503 173
503 197
503 210
503 266
503 275
503 294
503 203
504 19
504 40
504 53
504 151
504 162
504 169
504 190
504 201
504 292
504 204
505 16
505 84
505 97
505 122
505 144
505 165
505 177
505 222
505 233
505 261
505 275
505 298
505 205
506 57
506 74
506 81
506 99
506 190
506 241
506 206
507 3
507 4
507 72
507 89
507 103
507 107
507 121
507 246
507 290
507 207
508 26
508 61
508 71
508 81
508 119
508 141
508 173
508 201
508 208
509 82
509 114
509 129
509 151
509 171
509 181
509 220
509 231
509 209
510 12
510 16
510 17
510 54
510 56
510 178
510 181
510 191
510 223
510 238
510 210
511 51
511 53
511 72
511 80
511 88
511 100
511 139
511 169
511 184
511 186
511 197
511 256
511 271
511 286
511 211
512 13
512 90
512 94
512 109
512 145
512 183
512 185
512 212
513 45
513 107
513 150
513 168
513 178
513 189
513 232
513 260
513 213
514 35
514 37
514 42
514 59
514 90
514 98
514 103
514 114
514 125
514 147
514 152
514 166
514 177
514 241
514 214
515 1
515 203
515 220
515 260
515 215
516 86
516 113
516 130
516 182
516 196
516 201
516 202
516 253
516 216
517 87
517 91
517 99
517 163
517 203
517 249
517 273
517 217
518 34
518 58
518 65
518 161
518 190
518 223
518 236
518 240
518 272
518 218
519 20
519 115
519 193
519 215
519 237
519 219
520 95
520 110
520 131
520 139
520 217
520 221
520 234
520 242
520 255
520 278
520 220
521 47
521 104
521 107
521 115
521 123
521 187
521 222
521 234
521 252
521 267
521 284
521 221
522 21
522 73
522 119
522 121
522 130
522 191
522 244
522 254
522 222
523 10
523 17
523 82
523 87
523 194
523 269
523 223
524 50
524 54
524 132
524 188
524 222
524 227
524 234
524 242
524 262
524 224
525 36
525 100
525 175
525 192
525 234
525 257
525 277
525 285
525 290
525 225
526 11
526 34
526 45
526 57
526 102
526 249
526 258
526 271
526 278
526 288
526 294
526 226
527 107
527 139
527 161
527 190
527 193
527 197
527 247
527 248
527 269
527 288
527 296
527 227
528 26
528 36
528 63
528 81
528 136
528 139
528 200
528 221
528 222
528 228
529 48
529 89
529 138
529 193
529 209
529 218
529 264
529 275
529 299
529 229
530 13
530 35
530 105
530 179
530 203
530 228
530 231
530 243
530 263
530 230
531 12
531 41
531 42
531 67
531 71
531 77
531 97
531 210
531 243
531 267
531 297
531 231
532 131
532 149
532 167
532 217
532 232
533 45
533 67
533 90
533 94
533 134
533 153
533 154
533 186
533 198
533 225
533 252
533 259
533 260
533 263
533 233
534 18
534 33
534 58
534 81
534 110
534 120
534 128
534 172
534 207
534 210
534 220
534 250
534 234
535 12
535 47
535 160
535 228
535 250
535 274
535 235
536 0
536 98
536 121
536 126
536 181
536 185
536 234
536 283
536 236
537 17
537 81
537 90
537 99
537 179
537 244
537 254
537 257
537 237
538 19
538 46
538 74
538 75
538 76
538 80
538 106
538 164
538 186
538 195
538 208
538 234
538 237
538 274
538 285
538 292
538 238
539 46
539 59
539 97
539 111
539 141
539 175
539 176
539 247
539 250
539 260
539 239
540 47
540 71
540 118
540 152
540 182
540 183
540 249
540 240
541 156
541 167
541 290
541 291
541 241
542 152
542 192
542 249
542 282
542 295
542 297
542 242
543 32
543 37
543 61
543 92
543 213
543 234
543 247
543 269
543 243
544 16
544 136
544 151
544 185
544 244
544 256
544 267
544 281
544 295
545 4
545 16
545 56
545 135
545 145
545 148
545 182
545 237
545 265
545 277
545 283
545 284
545 245
546 96
546 144
546 166
546 290
546 246
547 13
547 88
547 104
547 139
547 167
547 197
547 223
547 241
547 280
547 247
548 2
548 17
548 23
548 77
548 100
548 128
548 181
548 216
548 221
548 262
548 295
548 248
549 128
549 133
549 185
549 222
549 228
549 266
549 249
550 29
550 36
550 40
550 58
550 182
550 198
550 260
550 261
550 250
551 44
551 87
551 118
551 132
551 141
551 173
551 202
551 221
551 251
552 76
552 97
552 103
552 106
552 128
552 132
552 133
552 149
552 235
552 252
553 3
553 10
553 13
553 36
553 39
553 174
553 205
553 253
554 161
554 165
554 166
554 195
554 216
554 253
554 268
554 254
555 46
555 69
555 105
555 108
555 209
555 255
556 57
556 148
556 165
556 263
556 256
557 50
557 253
557 257
558 20
558 167
558 192
558 209
558 244
558 257
558 258
559 13
559 61
559 93
559 94
559 145
559 186
559 202
559 225
559 256
559 258
559 259
560 33
560 35
560 81
560 152
560 169
560 181
560 266
560 260
561 52
561 109
561 127
561 159
561 170
561 282
561 261
562 1
562 40
562 55
562 101
562 166
562 262
563 143
563 169
563 209
563 234
563 253
563 271
563 299
563 263
564 4
564 31
564 50
564 66
564 71
564 140
564 146
564 148
564 235
564 252
564 260
564 264
565 6
565 9
565 29
565 36
565 57
565 73
565 78
565 86
565 127
565 163
565 182
565 209
565 237
565 273
565 265
566 7
566 22
566 29
566 62
566 103
566 104
566 185
566 222
566 245
566 266
567 47
567 88
567 96
567 104
567 293
567 294
567 267
568 81
568 116
568 120
568 171
568 184
568 223
568 229
568 258
568 276
568 284
568 268
569 19
569 197
569 250
569 269
570 23
570 33
570 75
570 92
570 99
570 125
570 215
570 259
570 270
571 2
571 34
571 46
571 84
571 149
571 189
571 200
571 207
571 224
571 267
571 271
572 1
572 37
572 57
572 115
572 175
572 182
572 252
572 277
572 281
572 272
573 23
573 41
573 127
573 128
573 186
573 273
574 18
574 39
574 58
574 85
574 90
574 113
574 121
574 161
574 250
574 276
574 274
575 14
575 27
575 40
575 115
575 169
575 171
575 207
575 296
575 275
576 28
576 43
576 47
576 86
576 124
576 133
576 142
576 219
576 264
576 276
577 36
577 87
577 116
577 140
577 150
577 151
577 178
577 230
577 259
577 281
577 298
577 277
578 106
578 110
578 116
578 174
578 201
578 229
578 278
579 23
579 79
579 93
579 125
579 208
579 222
579 279
580 35
580 54
580 127
580 211
580 280
581 31
581 57
581 77
581 173
581 182
581 196
581 281
582 9
582 14
582 60
582 75
582 77
582 96
582 110
582 111
582 120
582 124
582 143
582 205
582 207
582 215
582 230
582 282
583 100
583 172
583 180
583 193
583 283
584 5
584 8
584 66
584 107
584 134
584 201
584 294
584 284
585 41
585 110
585 156
585 177
585 187
585 210
585 241
585 285
586 26
586 43
586 79
586 93
586 146
586 193
586 234
586 244
586 248
586 262
586 297
586 286
587 18
587 37
587 56
587 60
587 79
587 84
587 193
587 244
587 280
587 287
588 78
588 81
588 143
588 150
588 152
588 168
588 169
588 181
588 182
588 194
588 246
588 288
589 0
589 17
589 37
589 111
589 206
589 289
590 65
590 95
590 98
590 140
590 161
590 172
590 176
590 181
590 223
590 290
591 128
591 136
591 181
591 189
591 228
591 235
591 291
592 9
592 40
592 43
592 63
592 149
592 241
592 292
593 10
593 71
593 79
593 119
593 149
593 177
593 183
593 293
594 13
594 17
594 25
594 31
594 37
594 112
594 121
594 138
594 172
594 204
594 226
594 258
594 294
595 3
595 21
595 42
595 53
595 59
595 75
595 130
595 161
595 223
595 227
595 238
595 248
595 295
596 43
596 49
596 89
596 93
596 95
596 124
596 128
596 147
596 148
596 191
596 193
596 194
596 210
596 299
596 296
597 54
597 98
597 110
597 160
597 200
597 211
597 275
597 297
598 18
598 83
598 88
598 108
598 171
598 208
598 234
598 249
598 298
599 10
599 16
599 17
599 59
599 89
599 123
599 240
599 249
599 250
599 285
599 287
599 299
