  500   1583
0 349
0 404
0 414
0 427
0 176
0 215
0 227
0 250
1 489
1 96
1 234
1 251
2 301
2 389
2 121
2 190
2 234
2 252
3 395
3 386
3 290
3 252
3 28
3 119
3 149
3 157
3 208
3 225
3 253
4 289
4 425
4 25
4 33
4 103
4 142
4 186
4 222
4 254
5 259
5 351
5 381
5 455
5 16
5 43
5 101
5 157
5 176
5 255
6 265
6 267
6 456
6 69
6 128
6 161
6 170
6 186
6 256
7 250
7 264
7 376
7 44
7 47
7 90
7 193
7 257
8 299
8 145
8 244
8 258
9 272
9 358
9 385
9 25
9 83
9 132
9 180
9 236
9 259
10 272
10 318
10 324
10 54
10 61
10 98
10 110
10 111
10 147
10 149
10 162
10 190
10 193
10 196
10 231
10 260
11 428
11 395
11 296
11 290
11 63
11 91
11 117
11 150
11 243
11 261
12 319
12 426
12 119
12 209
12 262
13 253
13 257
13 188
13 217
13 263
14 274
14 383
14 440
14 20
14 41
14 66
14 133
14 146
14 175
14 195
14 200
14 264
15 402
15 100
15 115
15 197
15 199
15 265
16 321
16 5
16 80
16 82
16 163
16 211
16 246
16 266
17 348
17 436
17 454
17 477
17 62
17 72
17 121
17 128
17 164
17 169
17 218
17 238
17 246
17 249
17 267
18 281
18 292
18 352
18 408
18 417
18 88
18 105
18 125
18 158
18 199
18 206
18 218
18 240
18 268
19 262
19 339
19 23
19 102
19 104
19 134
19 178
19 207
19 223
19 269
20 322
20 443
20 455
20 14
20 39
20 89
20 107
20 170
20 171
20 183
20 225
20 270
21 485
21 29
21 271
22 300
22 43
22 56
22 72
22 113
22 127
22 173
22 193
22 272
23 352
23 376
23 439
23 19
23 36
23 40
23 45
23 81
23 109
23 112
23 188
23 225
23 273
24 264
24 407
24 80
24 88
24 97
24 118
24 123
24 163
24 172
24 216
24 235
24 274
25 473
25 4
25 9
25 26
25 39
25 42
25 76
25 161
25 275
26 304
26 368
26 444
26 499
26 25
26 37
26 224
26 276
27 277
27 280
27 402
27 436
27 48
27 243
28 393
28 432
28 3
28 74
28 165
28 201
28 224
28 226
28 236
28 278
29 275
29 411
29 21
29 66
29 213
29 232
29 279
30 391
30 39
30 40
30 45
30 141
30 280
31 332
31 350
31 419
31 424
31 441
31 494
31 187
31 192
31 281
32 429
32 428
32 300
32 296
32 87
32 171
32 173
32 248
32 282
33 337
33 352
33 385
33 422
33 476
33 4
33 59
33 75
33 95
33 109
33 132
33 203
33 283
34 256
34 267
34 408
34 53
34 284
35 284
35 337
35 36
35 47
35 55
35 79
35 92
35 148
35 158
35 168
35 197
35 205
35 240
35 285
36 315
36 317
36 394
36 436
36 23
36 35
36 54
36 183
36 193
36 286
37 250
37 312
37 437
37 454
37 467
37 26
37 38
37 69
37 117
37 226
37 287
38 281
38 289
38 435
38 499
38 37
38 40
38 89
38 111
38 147
38 194
38 249
38 288
39 423
39 495
39 20
39 25
39 30
39 82
39 134
39 144
39 232
39 289
40 322
40 363
40 23
40 30
40 38
40 45
40 94
40 150
40 157
40 161
40 290
41 312
41 361
41 493
41 14
41 72
41 135
41 140
41 155
41 161
41 291
42 393
42 405
42 25
42 114
42 180
42 292
43 335
43 426
43 5
43 22
43 171
43 228
43 293
44 421
44 7
44 62
44 83
44 187
44 232
44 294
45 317
45 408
45 23
45 30
45 40
45 99
45 100
45 171
45 219
45 295
46 278
46 321
46 353
46 399
46 417
46 142
46 296
47 413
47 478
47 495
47 7
47 35
47 185
47 297
48 260
48 268
48 287
48 314
48 327
48 344
48 405
48 27
48 116
48 149
48 298
49 276
49 317
49 71
49 100
49 106
49 146
49 147
49 224
49 299
50 431
50 429
50 308
50 300
50 124
50 148
50 233
50 245
51 447
51 91
51 171
51 227
51 301
52 315
52 376
52 414
52 485
52 187
52 228
52 248
52 302
53 292
53 319
53 352
53 398
53 404
53 444
53 34
53 177
53 303
54 448
54 431
54 309
54 308
54 10
54 36
54 151
54 160
54 164
54 215
54 228
54 243
54 304
55 268
55 355
55 393
55 465
55 35
55 61
55 146
55 196
55 207
55 213
55 305
56 340
56 352
56 385
56 22
56 67
56 141
56 171
56 306
57 256
57 327
57 401
57 61
57 161
57 175
57 307
58 378
58 105
58 107
58 308
59 260
59 364
59 383
59 471
59 33
59 153
59 196
59 197
59 309
60 451
60 448
60 311
60 309
60 97
60 198
60 232
60 310
61 273
61 377
61 10
61 55
61 57
61 108
61 190
61 217
61 219
61 311
62 310
62 350
62 17
62 44
62 175
62 183
62 215
62 223
62 312
63 258
63 324
63 11
63 313
64 298
64 306
64 333
64 89
64 99
64 191
64 225
64 314
65 452
65 451
65 323
65 311
65 155
65 180
65 315
66 326
66 14
66 29
66 88
66 120
66 126
66 155
66 316
67 332
67 397
67 421
67 56
67 121
67 156
67 240
67 242
67 243
67 317
68 476
68 70
68 77
68 110
68 139
68 318
69 306
69 412
69 468
69 6
69 37
69 182
69 239
69 319
70 359
70 416
70 68
70 216
70 245
70 320
71 320
71 364
71 399
71 433
71 450
71 454
71 460
71 49
71 202
71 321
72 325
72 17
72 22
72 41
72 89
72 322
73 284
73 359
73 477
73 92
73 163
73 199
73 234
73 323
74 253
74 307
74 387
74 401
74 427
74 474
74 28
74 109
74 169
74 184
74 201
74 324
75 453
75 452
75 339
75 323
75 33
75 155
75 325
76 306
76 408
76 412
76 459
76 25
76 123
76 146
76 185
76 215
76 221
76 227
76 326
77 284
77 68
77 93
77 126
77 134
77 147
77 327
78 336
78 393
78 91
78 164
78 235
78 328
79 258
79 328
79 414
79 35
79 85
79 118
79 136
79 161
79 329
80 431
80 16
80 24
80 108
80 118
80 131
80 140
80 143
80 186
80 330
81 254
81 255
81 315
81 332
81 391
81 23
81 135
81 137
81 164
81 247
81 331
82 433
82 434
82 16
82 39
82 110
82 191
82 218
82 332
83 414
83 9
83 44
83 133
83 201
83 228
83 333
84 382
84 478
84 128
84 138
84 188
84 212
84 233
84 334
85 298
85 404
85 79
85 154
85 156
85 167
85 183
85 190
85 222
85 335
86 257
86 109
86 161
86 166
86 175
86 184
86 336
87 361
87 460
87 32
87 91
87 145
87 161
87 226
87 234
87 337
88 318
88 406
88 18
88 24
88 66
88 98
88 142
88 157
88 212
88 338
89 287
89 313
89 397
89 20
89 38
89 64
89 72
89 126
89 159
89 203
89 339
90 280
90 357
90 368
90 398
90 399
90 468
90 7
90 93
90 340
91 359
91 420
91 442
91 460
91 11
91 51
91 78
91 87
91 156
91 179
91 217
91 341
92 283
92 35
92 73
92 103
92 150
92 158
92 160
92 206
92 342
93 478
93 77
93 90
93 236
93 343
94 477
94 40
94 105
94 141
94 154
94 207
94 216
94 344
95 384
95 417
95 418
95 426
95 33
95 163
95 217
95 345
96 417
96 419
96 1
96 187
96 210
96 346
97 345
97 24
97 60
97 167
97 212
97 347
98 465
98 10
98 88
98 172
98 348
99 335
99 419
99 433
99 45
99 64
99 127
99 242
99 249
99 349
100 359
100 363
100 482
100 15
100 45
100 49
100 145
100 166
100 227
100 350
101 416
101 462
101 5
101 117
101 118
101 190
101 198
101 200
101 240
101 351
102 314
102 370
102 401
102 442
102 19
102 113
102 151
102 352
103 313
103 462
103 4
103 92
103 120
103 129
103 136
103 353
104 279
104 372
104 438
104 488
104 19
104 110
104 153
104 354
105 283
105 303
105 18
105 58
105 94
105 116
105 235
105 247
105 355
106 269
106 298
106 350
106 49
106 163
106 356
107 338
107 483
107 487
107 20
107 58
107 117
107 174
107 180
107 212
107 213
107 357
108 317
108 61
108 80
108 143
108 152
108 218
108 225
108 234
108 358
109 267
109 23
109 33
109 74
109 86
109 148
109 151
109 359
110 298
110 444
110 10
110 68
110 82
110 104
110 127
110 198
110 222
110 360
111 288
111 10
111 38
111 133
111 200
111 201
111 213
111 361
112 475
112 23
112 136
112 197
112 233
112 362
113 255
113 267
113 407
113 444
113 22
113 102
113 117
113 123
113 162
113 182
113 242
113 363
114 380
114 42
114 125
114 227
114 364
115 305
115 436
115 454
115 15
115 139
115 193
115 204
115 365
116 356
116 391
116 411
116 48
116 105
116 143
116 145
116 191
116 197
116 212
116 235
116 366
117 460
117 461
117 11
117 37
117 101
117 107
117 113
117 128
117 170
117 178
117 231
117 367
118 319
118 447
118 24
118 79
118 80
118 101
118 127
118 188
118 213
118 245
118 368
119 316
119 3
119 12
119 138
119 154
119 160
119 369
120 285
120 469
120 66
120 103
120 165
120 370
121 281
121 420
121 466
121 2
121 17
121 67
121 371
122 299
122 416
122 124
122 142
122 209
122 372
123 381
123 24
123 76
123 113
123 373
124 281
124 330
124 405
124 454
124 50
124 122
124 229
124 374
125 250
125 375
125 18
125 114
125 154
125 188
125 236
126 333
126 66
126 77
126 89
126 127
126 156
126 244
126 376
127 275
127 293
127 299
127 358
127 390
127 462
127 22
127 99
127 110
127 118
127 126
127 141
127 377
128 331
128 430
128 456
128 6
128 17
128 84
128 117
128 185
128 195
128 209
128 217
128 378
129 400
129 103
129 158
129 379
130 467
130 138
130 192
130 380
131 266
131 359
131 391
131 80
131 196
131 203
131 381
132 345
132 424
132 9
132 33
132 137
132 175
132 182
132 209
132 235
132 240
132 382
133 458
133 453
133 341
133 339
133 14
133 83
133 111
133 231
133 383
134 463
134 458
134 343
134 341
134 19
134 39
134 77
134 187
134 237
134 384
135 314
135 347
135 41
135 81
135 214
135 385
136 410
136 419
136 79
136 103
136 112
136 240
136 386
137 485
137 81
137 132
137 173
137 197
137 387
138 277
138 317
138 412
138 84
138 119
138 130
138 154
138 199
138 229
138 388
139 251
139 302
139 474
139 68
139 115
139 167
139 202
139 203
139 214
139 232
139 238
139 248
139 389
140 301
140 417
140 41
140 80
140 157
140 390
141 430
141 30
141 56
141 94
141 127
141 237
141 391
142 288
142 430
142 4
142 46
142 88
142 122
142 154
142 236
142 392
143 279
143 350
143 381
143 80
143 108
143 116
143 190
143 192
143 193
143 239
143 393
144 301
144 314
144 315
144 441
144 495
144 39
144 146
144 156
144 194
144 222
144 225
144 232
144 245
144 394
145 468
145 495
145 8
145 87
145 100
145 116
145 175
145 204
145 221
145 395
146 470
146 463
146 346
146 343
146 14
146 49
146 55
146 76
146 144
146 230
146 236
146 242
146 396
147 367
147 396
147 443
147 10
147 38
147 49
147 77
147 158
147 216
147 240
147 243
147 244
147 397
148 472
148 470
148 365
148 346
148 35
148 50
148 109
148 155
148 194
148 245
148 398
149 479
149 472
149 373
149 365
149 3
149 10
149 48
149 167
149 169
149 220
149 399
150 473
150 477
150 11
150 40
150 92
150 400
151 291
151 362
151 443
151 459
151 54
151 102
151 109
151 203
151 227
151 401
152 268
152 281
152 371
152 473
152 108
152 184
152 213
152 232
152 234
152 402
153 315
153 369
153 392
153 480
153 59
153 104
153 237
153 403
154 259
154 490
154 85
154 94
154 119
154 125
154 138
154 142
154 238
154 404
155 335
155 370
155 374
155 41
155 65
155 66
155 75
155 148
155 183
155 405
156 481
156 479
156 377
156 373
156 67
156 85
156 91
156 126
156 144
156 406
157 256
157 269
157 301
157 322
157 326
157 432
157 496
157 3
157 5
157 40
157 88
157 140
157 208
157 210
157 407
158 360
158 474
158 18
158 35
158 92
158 129
158 147
158 167
158 230
158 408
159 303
159 410
159 89
159 163
159 409
160 467
160 54
160 92
160 119
160 176
160 194
160 215
160 229
160 410
161 269
161 336
161 375
161 388
161 454
161 6
161 25
161 40
161 41
161 57
161 79
161 86
161 87
161 235
161 247
161 411
162 435
162 465
162 488
162 10
162 113
162 169
162 180
162 412
163 273
163 16
163 24
163 73
163 95
163 106
163 159
163 193
163 199
163 413
164 334
164 465
164 477
164 17
164 54
164 78
164 81
164 184
164 414
165 481
165 28
165 120
165 229
165 240
165 244
165 415
166 269
166 282
166 490
166 86
166 100
166 185
166 188
166 196
166 202
166 231
166 416
167 329
167 347
167 476
167 85
167 97
167 139
167 149
167 158
167 205
167 417
168 482
168 35
168 216
168 224
168 226
168 418
169 269
169 271
169 294
169 329
169 17
169 74
169 149
169 162
169 184
169 419
170 281
170 422
170 439
170 483
170 6
170 20
170 117
170 193
170 208
170 210
170 420
171 294
171 326
171 379
171 20
171 32
171 43
171 45
171 51
171 56
171 246
171 421
172 263
172 24
172 98
172 422
173 310
173 364
173 449
173 465
173 484
173 22
173 32
173 137
173 423
174 349
174 425
174 446
174 107
174 424
175 270
175 281
175 402
175 449
175 14
175 57
175 62
175 86
175 132
175 145
175 199
175 425
176 302
176 337
176 358
176 414
176 0
176 5
176 160
176 188
176 426
177 254
177 351
177 487
177 53
177 249
177 427
178 284
178 310
178 419
178 422
178 495
178 19
178 117
178 428
179 253
179 276
179 405
179 487
179 91
179 243
179 429
180 352
180 439
180 9
180 42
180 65
180 107
180 162
180 196
180 240
180 430
181 381
181 397
181 412
181 462
181 488
181 499
181 183
181 190
181 197
181 232
181 431
182 286
182 294
182 338
182 69
182 113
182 132
182 192
182 224
182 432
183 386
183 20
183 36
183 62
183 85
183 155
183 181
183 244
183 433
184 486
184 481
184 378
184 377
184 74
184 86
184 152
184 164
184 169
184 192
184 218
184 237
184 244
184 434
185 260
185 283
185 489
185 47
185 76
185 128
185 166
185 435
186 309
186 4
186 6
186 80
186 203
186 211
186 436
187 393
187 31
187 44
187 52
187 96
187 134
187 437
188 271
188 275
188 313
188 383
188 465
188 13
188 23
188 84
188 118
188 125
188 166
188 176
188 438
189 353
189 447
189 474
189 234
189 439
190 323
190 2
190 10
190 61
190 85
190 101
190 143
190 181
190 440
191 261
191 336
191 358
191 64
191 82
191 116
191 441
192 283
192 305
192 366
192 31
192 130
192 143
192 182
192 184
192 442
193 313
193 367
193 382
193 7
193 10
193 22
193 36
193 115
193 143
193 163
193 170
193 212
193 443
194 315
194 356
194 496
194 38
194 144
194 148
194 160
194 444
195 413
195 445
195 461
195 466
195 14
195 128
195 201
196 397
196 398
196 10
196 55
196 59
196 131
196 166
196 180
196 209
196 221
196 246
196 446
197 276
197 301
197 423
197 496
197 15
197 35
197 59
197 112
197 116
197 137
197 181
197 206
197 447
198 263
198 275
198 302
198 351
198 424
198 492
198 60
198 101
198 110
198 239
198 448
199 250
199 337
199 457
199 15
199 18
199 73
199 138
199 163
199 175
199 205
199 449
200 253
200 282
200 402
200 404
200 14
200 101
200 111
200 230
200 235
200 450
201 384
201 28
201 74
201 83
201 111
201 195
201 451
202 323
202 71
202 139
202 166
202 452
203 267
203 297
203 364
203 495
203 33
203 89
203 131
203 139
203 151
203 186
203 232
203 453
204 253
204 265
204 357
204 362
204 370
204 461
204 492
204 115
204 145
204 454
205 331
205 436
205 35
205 167
205 199
205 216
205 239
205 455
206 383
206 425
206 496
206 18
206 92
206 197
206 456
207 354
207 438
207 19
207 55
207 94
207 247
207 457
208 485
208 3
208 157
208 170
208 458
209 491
209 486
209 380
209 378
209 12
209 122
209 128
209 132
209 196
209 249
209 459
210 334
210 342
210 410
210 420
210 96
210 157
210 170
210 213
210 460
211 492
211 16
211 186
211 461
212 294
212 295
212 353
212 84
212 88
212 97
212 107
212 116
212 193
212 462
213 398
213 409
213 461
213 465
213 29
213 55
213 107
213 111
213 118
213 152
213 210
213 463
214 359
214 459
214 460
214 135
214 139
214 218
214 464
215 253
215 317
215 367
215 460
215 0
215 54
215 62
215 76
215 160
215 246
215 465
216 256
216 418
216 433
216 24
216 70
216 94
216 147
216 168
216 205
216 466
217 374
217 399
217 497
217 13
217 61
217 91
217 95
217 128
217 219
217 235
217 240
217 467
218 385
218 17
218 18
218 82
218 108
218 184
218 214
218 468
219 370
219 403
219 411
219 45
219 61
219 217
219 223
219 241
219 249
219 469
220 437
220 467
220 149
220 236
220 244
220 470
221 415
221 475
221 76
221 145
221 196
221 245
221 471
222 254
222 303
222 371
222 434
222 4
222 85
222 110
222 144
222 472
223 465
223 19
223 62
223 219
223 473
224 318
224 464
224 26
224 28
224 49
224 168
224 182
224 245
224 474
225 255
225 283
225 412
225 435
225 485
225 3
225 20
225 23
225 64
225 108
225 144
225 475
226 277
226 28
226 37
226 87
226 168
226 476
227 439
227 457
227 471
227 475
227 482
227 0
227 51
227 76
227 100
227 114
227 151
227 242
227 477
228 415
228 438
228 43
228 52
228 54
228 83
228 478
229 295
229 459
229 124
229 138
229 160
229 165
229 479
230 499
230 491
230 386
230 380
230 146
230 158
230 200
230 480
231 311
231 10
231 117
231 133
231 166
231 481
232 281
232 450
232 29
232 39
232 44
232 60
232 139
232 144
232 152
232 181
232 203
232 239
232 482
233 356
233 360
233 488
233 498
233 50
233 84
233 112
233 483
234 289
234 325
234 345
234 434
234 487
234 1
234 2
234 73
234 87
234 108
234 152
234 189
234 484
235 274
235 324
235 356
235 487
235 24
235 78
235 105
235 116
235 132
235 161
235 200
235 217
235 485
236 256
236 446
236 9
236 28
236 93
236 125
236 142
236 146
236 220
236 248
236 486
237 475
237 134
237 141
237 153
237 184
237 487
238 299
238 482
238 484
238 17
238 139
238 154
238 488
239 293
239 400
239 454
239 69
239 143
239 198
239 205
239 232
239 489
240 268
240 283
240 348
240 414
240 438
240 485
240 18
240 35
240 67
240 101
240 132
240 136
240 147
240 165
240 180
240 217
240 490
241 335
241 219
241 491
242 284
242 417
242 67
242 99
242 113
242 146
242 227
242 492
243 286
243 305
243 350
243 394
243 417
243 11
243 27
243 54
243 67
243 147
243 179
243 493
244 362
244 8
244 126
244 147
244 165
244 183
244 184
244 220
244 494
245 285
245 320
245 471
245 475
245 50
245 70
245 118
245 144
245 148
245 221
245 224
245 495
246 251
246 289
246 16
246 17
246 171
246 196
246 215
246 496
247 316
247 371
247 81
247 105
247 161
247 207
247 497
248 265
248 366
248 376
248 383
248 459
248 32
248 52
248 139
248 236
248 498
249 334
249 439
249 488
249 17
249 38
249 99
249 177
249 209
249 219
249 499
250 7
250 37
250 125
250 199
250 0
251 139
251 246
251 1
252 3
252 2
253 13
253 74
253 179
253 200
253 204
253 215
253 3
254 81
254 177
254 222
254 4
255 81
255 113
255 225
255 5
256 34
256 57
256 157
256 216
256 236
256 6
257 13
257 86
257 7
258 63
258 79
258 8
259 5
259 154
259 9
260 48
260 59
260 185
260 10
261 191
261 11
262 19
262 12
263 172
263 198
263 13
264 7
264 24
264 14
265 6
265 204
265 248
265 15
266 131
266 16
267 6
267 34
267 109
267 113
267 203
267 17
268 48
268 55
268 152
268 240
268 18
269 106
269 157
269 161
269 166
269 169
269 19
270 175
270 20
271 169
271 188
271 21
272 9
272 10
272 22
273 61
273 163
273 23
274 14
274 235
274 24
275 29
275 127
275 188
275 198
275 25
276 49
276 179
276 197
276 26
277 27
277 138
277 226
278 46
278 28
279 104
279 143
279 29
280 27
280 90
280 30
281 18
281 38
281 121
281 124
281 152
281 170
281 175
281 232
281 31
282 166
282 200
282 32
283 92
283 105
283 185
283 192
283 225
283 240
283 33
284 35
284 73
284 77
284 178
284 242
284 34
285 120
285 245
285 35
286 182
286 243
286 36
287 48
287 89
287 37
288 111
288 142
288 38
289 4
289 38
289 234
289 246
289 39
290 3
290 11
290 40
291 151
291 41
292 18
292 53
292 42
293 127
293 239
293 43
294 169
294 171
294 182
294 212
294 44
295 212
295 229
295 45
296 11
296 32
296 46
297 203
297 47
298 64
298 85
298 106
298 110
298 48
299 8
299 122
299 127
299 238
299 49
300 22
300 32
300 50
301 2
301 140
301 144
301 157
301 197
301 51
302 139
302 176
302 198
302 52
303 105
303 159
303 222
303 53
304 26
304 54
305 115
305 192
305 243
305 55
306 64
306 69
306 76
306 56
307 74
307 57
308 50
308 54
308 58
309 54
309 60
309 186
309 59
310 62
310 173
310 178
310 60
311 60
311 65
311 231
311 61
312 37
312 41
312 62
313 89
313 103
313 188
313 193
313 63
314 48
314 102
314 135
314 144
314 64
315 36
315 52
315 81
315 144
315 153
315 194
315 65
316 119
316 247
316 66
317 36
317 45
317 49
317 108
317 138
317 215
317 67
318 10
318 88
318 224
318 68
319 12
319 53
319 118
319 69
320 71
320 245
320 70
321 16
321 46
321 71
322 20
322 40
322 157
322 72
323 65
323 75
323 190
323 202
323 73
324 10
324 63
324 235
324 74
325 72
325 234
325 75
326 66
326 157
326 171
326 76
327 48
327 57
327 77
328 79
328 78
329 167
329 169
329 79
330 124
330 80
331 128
331 205
331 81
332 31
332 67
332 81
332 82
333 64
333 126
333 83
334 164
334 210
334 249
334 84
335 43
335 99
335 155
335 241
335 85
336 78
336 161
336 191
336 86
337 33
337 35
337 176
337 199
337 87
338 107
338 182
338 88
339 19
339 75
339 133
339 89
340 56
340 90
341 133
341 134
341 91
342 210
342 92
343 134
343 146
343 93
344 48
344 94
345 97
345 132
345 234
345 95
346 146
346 148
346 96
347 135
347 167
347 97
348 17
348 240
348 98
349 0
349 174
349 99
350 31
350 62
350 106
350 143
350 243
350 100
351 5
351 177
351 198
351 101
352 18
352 23
352 33
352 53
352 56
352 180
352 102
353 46
353 189
353 212
353 103
354 207
354 104
355 55
355 105
356 116
356 194
356 233
356 235
356 106
357 90
357 204
357 107
358 9
358 127
358 176
358 191
358 108
359 70
359 73
359 91
359 100
359 131
359 214
359 109
360 158
360 233
360 110
361 41
361 87
361 111
362 151
362 204
362 244
362 112
363 40
363 100
363 113
364 59
364 71
364 173
364 203
364 114
365 148
365 149
365 115
366 192
366 248
366 116
367 147
367 193
367 215
367 117
368 26
368 90
368 118
369 153
369 119
370 102
370 155
370 204
370 219
370 120
371 152
371 222
371 247
371 121
372 104
372 122
373 149
373 156
373 123
374 155
374 217
374 124
375 125
375 161
376 7
376 23
376 52
376 248
376 126
377 61
377 156
377 184
377 127
378 58
378 184
378 209
378 128
379 171
379 129
380 114
380 209
380 230
380 130
381 5
381 123
381 143
381 181
381 131
382 84
382 193
382 132
383 14
383 59
383 188
383 206
383 248
383 133
384 95
384 201
384 134
385 9
385 33
385 56
385 218
385 135
386 3
386 183
386 230
386 136
387 74
387 137
388 161
388 138
389 2
389 139
390 127
390 140
391 30
391 81
391 116
391 131
391 141
392 153
392 142
393 28
393 42
393 55
393 78
393 187
393 143
394 36
394 243
394 144
395 3
395 11
395 145
396 147
396 146
397 67
397 89
397 181
397 196
397 147
398 53
398 90
398 196
398 213
398 148
399 46
399 71
399 90
399 217
399 149
400 129
400 239
400 150
401 57
401 74
401 102
401 151
402 15
402 27
402 175
402 200
402 152
403 219
403 153
404 0
404 53
404 85
404 200
404 154
405 42
405 48
405 124
405 179
405 155
406 88
406 156
407 24
407 113
407 157
408 18
408 34
408 45
408 76
408 158
409 213
409 159
410 136
410 159
410 210
410 160
411 29
411 116
411 219
411 161
412 69
412 76
412 138
412 181
412 225
412 162
413 47
413 195
413 163
414 0
414 52
414 79
414 83
414 176
414 240
414 164
415 221
415 228
415 165
416 70
416 101
416 122
416 166
417 18
417 46
417 95
417 96
417 140
417 242
417 243
417 167
418 95
418 216
418 168
419 31
419 96
419 99
419 136
419 178
419 169
420 91
420 121
420 210
420 170
421 44
421 67
421 171
422 33
422 170
422 178
422 172
423 39
423 197
423 173
424 31
424 132
424 198
424 174
425 4
425 174
425 206
425 175
426 12
426 43
426 95
426 176
427 0
427 74
427 177
428 11
428 32
428 178
429 32
429 50
429 179
430 128
430 141
430 142
430 180
431 50
431 54
431 80
431 181
432 28
432 157
432 182
433 71
433 82
433 99
433 216
433 183
434 82
434 222
434 234
434 184
435 38
435 162
435 225
435 185
436 17
436 27
436 36
436 115
436 205
436 186
437 37
437 220
437 187
438 104
438 207
438 228
438 240
438 188
439 23
439 170
439 180
439 227
439 249
439 189
440 14
440 190
441 31
441 144
441 191
442 91
442 102
442 192
443 20
443 147
443 151
443 193
444 26
444 53
444 110
444 113
444 194
445 195
446 174
446 236
446 196
447 51
447 118
447 189
447 197
448 54
448 60
448 198
449 173
449 175
449 199
450 71
450 232
450 200
451 60
451 65
451 201
452 65
452 75
452 202
453 75
453 133
453 203
454 17
454 37
454 71
454 115
454 124
454 161
454 239
454 204
455 5
455 20
455 205
456 6
456 128
456 206
457 199
457 227
457 207
458 133
458 134
458 208
459 76
459 151
459 214
459 229
459 248
459 209
460 71
460 87
460 91
460 117
460 214
460 215
460 210
461 117
461 195
461 204
461 213
461 211
462 101
462 103
462 127
462 181
462 212
463 134
463 146
463 213
464 224
464 214
465 55
465 98
465 162
465 164
465 173
465 188
465 213
465 223
465 215
466 121
466 195
466 216
467 37
467 130
467 160
467 220
467 217
468 69
468 90
468 145
468 218
469 120
469 219
470 146
470 148
470 220
471 59
471 227
471 245
471 221
472 148
472 149
472 222
473 25
473 150
473 152
473 223
474 74
474 139
474 158
474 189
474 224
475 112
475 221
475 227
475 237
475 245
475 225
476 33
476 68
476 167
476 226
477 17
477 73
477 94
477 150
477 164
477 227
478 47
478 84
478 93
478 228
479 149
479 156
479 229
480 153
480 230
481 156
481 165
481 184
481 231
482 100
482 168
482 227
482 238
482 232
483 107
483 170
483 233
484 173
484 238
484 234
485 21
485 52
485 137
485 208
485 225
485 240
485 235
486 184
486 209
486 236
487 107
487 177
487 179
487 234
487 235
487 237
488 104
488 162
488 181
488 233
488 249
488 238
489 1
489 185
489 239
490 154
490 166
490 240
491 209
491 230
491 241
492 198
492 204
492 211
492 242
493 41
493 243
494 31
494 244
495 39
495 47
495 144
495 145
495 178
495 203
495 245
496 157
496 194
496 197
496 206
496 246
497 217
497 247
498 233
498 248
499 26
499 38
499 181
499 230
499 249
