  100   1025
0 57
0 58
0 61
0 68
0 69
0 72
0 73
0 76
0 84
0 1
0 3
0 5
0 6
0 7
0 9
0 10
0 15
0 19
0 20
0 21
0 22
0 23
0 26
0 27
0 28
0 32
0 38
0 39
0 42
0 45
0 49
0 50
1 55
1 70
1 96
1 98
1 99
1 0
1 8
1 10
1 11
1 12
1 16
1 17
1 18
1 23
1 25
1 26
1 28
1 30
1 31
1 33
1 41
1 42
1 45
1 47
1 51
2 50
2 58
2 60
2 64
2 66
2 68
2 71
2 73
2 80
2 84
2 90
2 91
2 3
2 6
2 7
2 8
2 9
2 13
2 14
2 15
2 16
2 19
2 21
2 22
2 25
2 26
2 27
2 28
2 32
2 33
2 35
2 40
2 44
2 52
3 50
3 52
3 56
3 62
3 63
3 73
3 74
3 87
3 94
3 0
3 2
3 5
3 6
3 11
3 13
3 16
3 17
3 21
3 25
3 28
3 32
3 34
3 36
3 37
3 39
3 40
3 42
3 43
3 44
3 45
3 53
4 52
4 55
4 59
4 61
4 72
4 74
4 81
4 87
4 90
4 5
4 8
4 13
4 14
4 16
4 18
4 20
4 23
4 29
4 30
4 34
4 36
4 37
4 41
4 42
4 43
4 48
4 54
5 59
5 64
5 65
5 68
5 79
5 82
5 84
5 92
5 95
5 98
5 0
5 3
5 4
5 6
5 8
5 10
5 14
5 15
5 18
5 19
5 21
5 29
5 31
5 34
5 37
5 41
5 42
5 44
5 49
5 55
6 62
6 77
6 82
6 91
6 93
6 95
6 0
6 2
6 3
6 5
6 8
6 10
6 13
6 14
6 18
6 21
6 23
6 26
6 27
6 30
6 32
6 33
6 37
6 38
6 39
6 45
6 48
6 56
7 52
7 56
7 58
7 64
7 67
7 69
7 75
7 84
7 86
7 87
7 91
7 94
7 98
7 0
7 2
7 8
7 9
7 14
7 15
7 17
7 21
7 24
7 26
7 35
7 45
7 46
7 48
7 57
8 51
8 56
8 58
8 59
8 68
8 69
8 70
8 71
8 75
8 77
8 82
8 88
8 89
8 90
8 94
8 1
8 2
8 4
8 5
8 6
8 7
8 9
8 16
8 21
8 22
8 33
8 37
8 39
8 41
8 42
8 44
8 45
8 46
9 55
9 58
9 66
9 70
9 74
9 77
9 87
9 0
9 2
9 7
9 8
9 12
9 13
9 19
9 22
9 23
9 28
9 29
9 31
9 35
9 37
9 39
9 40
9 49
9 59
10 52
10 61
10 64
10 66
10 67
10 70
10 85
10 88
10 95
10 96
10 97
10 0
10 1
10 5
10 6
10 14
10 17
10 18
10 21
10 22
10 23
10 26
10 27
10 28
10 30
10 32
10 35
10 38
10 40
10 48
10 60
11 54
11 59
11 60
11 61
11 64
11 67
11 75
11 85
11 97
11 1
11 3
11 13
11 14
11 17
11 18
11 19
11 21
11 22
11 23
11 25
11 27
11 29
11 31
11 33
11 36
11 39
11 41
11 45
11 48
11 49
12 56
12 60
12 64
12 67
12 68
12 71
12 80
12 81
12 83
12 86
12 87
12 92
12 94
12 96
12 1
12 9
12 32
12 33
12 36
12 43
12 47
12 49
12 62
13 52
13 57
13 58
13 63
13 70
13 72
13 73
13 77
13 81
13 82
13 92
13 97
13 2
13 3
13 4
13 6
13 9
13 11
13 14
13 15
13 16
13 17
13 18
13 19
13 22
13 23
13 24
13 25
13 26
13 28
13 33
13 36
13 42
14 60
14 64
14 71
14 72
14 75
14 76
14 78
14 89
14 94
14 2
14 4
14 5
14 6
14 7
14 10
14 11
14 13
14 19
14 22
14 23
14 26
14 27
14 31
14 34
14 38
14 39
14 45
14 46
14 48
14 49
15 56
15 57
15 61
15 64
15 65
15 71
15 74
15 82
15 83
15 86
15 87
15 90
15 92
15 94
15 95
15 97
15 98
15 0
15 2
15 5
15 7
15 13
15 19
15 21
15 22
15 24
15 26
15 27
15 30
15 31
15 32
15 39
15 40
15 41
15 42
15 46
15 47
15 48
16 53
16 56
16 73
16 74
16 78
16 82
16 84
16 87
16 89
16 90
16 96
16 1
16 2
16 3
16 4
16 8
16 13
16 19
16 21
16 25
16 31
16 38
16 40
16 41
16 66
17 52
17 58
17 60
17 61
17 63
17 66
17 69
17 71
17 77
17 78
17 90
17 1
17 3
17 7
17 10
17 11
17 13
17 20
17 23
17 25
17 31
17 33
17 34
17 35
17 36
17 42
17 46
17 47
17 49
17 67
18 50
18 60
18 61
18 67
18 69
18 70
18 78
18 83
18 87
18 94
18 98
18 1
18 4
18 5
18 6
18 10
18 11
18 13
18 19
18 20
18 21
18 23
18 24
18 27
18 28
18 30
18 31
18 32
18 33
18 35
18 36
18 38
18 39
18 40
18 41
18 68
19 51
19 54
19 56
19 57
19 58
19 59
19 63
19 77
19 86
19 90
19 93
19 94
19 0
19 2
19 5
19 9
19 11
19 13
19 14
19 15
19 16
19 18
19 22
19 25
19 27
19 31
19 34
19 37
19 41
19 44
19 69
20 50
20 53
20 55
20 58
20 69
20 77
20 78
20 80
20 83
20 87
20 96
20 97
20 99
20 0
20 4
20 17
20 18
20 24
20 25
20 28
20 29
20 34
20 39
20 42
20 43
20 46
20 47
20 48
20 70
21 50
21 51
21 55
21 66
21 68
21 70
21 72
21 79
21 84
21 89
21 91
21 92
21 99
21 0
21 2
21 3
21 5
21 6
21 7
21 8
21 10
21 11
21 15
21 16
21 18
21 22
21 24
21 25
21 26
21 27
21 31
21 32
21 36
21 37
21 38
21 39
21 40
21 43
21 45
21 49
21 71
22 53
22 54
22 56
22 60
22 66
22 76
22 77
22 80
22 82
22 86
22 90
22 96
22 97
22 0
22 2
22 8
22 9
22 10
22 11
22 13
22 14
22 15
22 19
22 21
22 24
22 26
22 27
22 30
22 31
22 32
22 34
22 37
22 39
22 43
22 44
22 46
22 48
22 72
23 50
23 53
23 57
23 70
23 75
23 87
23 88
23 92
23 94
23 0
23 1
23 4
23 6
23 9
23 10
23 11
23 13
23 14
23 17
23 18
23 25
23 29
23 30
23 31
23 32
23 37
23 40
23 43
23 45
23 48
23 49
23 73
24 57
24 60
24 62
24 64
24 65
24 66
24 67
24 75
24 85
24 7
24 13
24 15
24 18
24 20
24 21
24 22
24 27
24 31
24 32
24 38
24 40
24 41
24 45
24 47
24 48
24 49
24 74
25 54
25 63
25 80
25 90
25 97
25 99
25 1
25 2
25 3
25 11
25 13
25 16
25 17
25 19
25 20
25 21
25 23
25 27
25 30
25 31
25 32
25 34
25 39
25 41
25 42
25 43
25 47
25 48
25 49
25 75
26 51
26 52
26 66
26 73
26 77
26 84
26 88
26 91
26 0
26 1
26 2
26 6
26 7
26 10
26 13
26 14
26 15
26 21
26 22
26 30
26 31
26 32
26 35
26 36
26 43
26 48
26 76
27 55
27 60
27 61
27 74
27 99
27 0
27 2
27 6
27 10
27 11
27 14
27 15
27 18
27 19
27 21
27 22
27 24
27 25
27 29
27 35
27 36
27 38
27 40
27 43
27 45
27 47
27 77
28 55
28 70
28 74
28 75
28 80
28 81
28 82
28 89
28 90
28 0
28 1
28 2
28 3
28 9
28 10
28 13
28 18
28 20
28 31
28 34
28 35
28 36
28 38
28 40
28 44
28 46
28 47
28 48
28 49
28 78
29 52
29 66
29 67
29 74
29 76
29 82
29 86
29 87
29 98
29 4
29 5
29 9
29 11
29 20
29 23
29 27
29 30
29 32
29 33
29 35
29 36
29 39
29 40
29 41
29 42
29 43
29 44
29 79
30 53
30 58
30 62
30 64
30 66
30 67
30 70
30 73
30 74
30 75
30 79
30 80
30 85
30 93
30 98
30 1
30 4
30 6
30 10
30 15
30 18
30 22
30 23
30 25
30 26
30 29
30 33
30 35
30 38
30 39
30 41
30 43
30 45
30 47
30 49
31 50
31 58
31 69
31 75
31 77
31 79
31 81
31 83
31 84
31 88
31 92
31 94
31 1
31 5
31 9
31 11
31 14
31 15
31 16
31 17
31 18
31 19
31 21
31 22
31 23
31 24
31 25
31 26
31 28
31 33
31 36
31 37
31 38
31 39
31 42
31 43
31 44
32 55
32 58
32 82
32 87
32 91
32 96
32 0
32 2
32 3
32 6
32 10
32 12
32 15
32 18
32 21
32 22
32 23
32 24
32 25
32 26
32 29
32 38
32 41
32 44
32 46
32 48
32 49
33 50
33 59
33 62
33 70
33 85
33 89
33 92
33 93
33 95
33 96
33 1
33 2
33 6
33 8
33 11
33 12
33 13
33 17
33 18
33 29
33 30
33 31
33 39
33 43
33 83
34 54
34 56
34 70
34 71
34 78
34 94
34 99
34 3
34 4
34 5
34 14
34 17
34 19
34 20
34 22
34 25
34 28
34 36
34 37
34 42
34 43
34 46
34 84
35 67
35 68
35 72
35 74
35 77
35 80
35 93
35 98
35 2
35 7
35 9
35 10
35 17
35 18
35 26
35 27
35 28
35 29
35 30
35 36
35 37
35 39
35 40
35 41
35 43
35 49
35 85
36 62
36 64
36 66
36 67
36 71
36 86
36 88
36 89
36 91
36 94
36 3
36 4
36 11
36 12
36 13
36 17
36 18
36 21
36 26
36 27
36 28
36 29
36 31
36 34
36 35
36 38
36 39
36 42
36 48
37 50
37 51
37 55
37 56
37 57
37 59
37 70
37 72
37 76
37 85
37 87
37 88
37 97
37 3
37 4
37 5
37 6
37 8
37 9
37 19
37 21
37 22
37 23
37 31
37 34
37 35
37 39
37 43
37 44
37 45
37 47
38 55
38 56
38 60
38 64
38 70
38 80
38 81
38 83
38 84
38 86
38 91
38 97
38 0
38 6
38 10
38 14
38 16
38 18
38 21
38 24
38 27
38 28
38 30
38 31
38 32
38 36
38 41
38 42
38 47
38 49
38 88
39 66
39 73
39 76
39 78
39 85
39 94
39 0
39 3
39 6
39 8
39 9
39 11
39 14
39 15
39 18
39 20
39 21
39 22
39 25
39 29
39 30
39 31
39 33
39 35
39 36
39 37
39 43
39 45
39 47
39 48
39 89
40 51
40 52
40 73
40 81
40 91
40 92
40 93
40 95
40 2
40 3
40 9
40 10
40 15
40 16
40 18
40 21
40 23
40 24
40 27
40 28
40 29
40 35
40 41
40 47
40 48
40 49
40 90
41 52
41 69
41 71
41 92
41 93
41 97
41 98
41 1
41 4
41 5
41 8
41 11
41 15
41 16
41 18
41 19
41 24
41 25
41 29
41 30
41 32
41 35
41 38
41 40
41 44
41 46
41 48
41 91
42 53
42 55
42 56
42 57
42 66
42 67
42 74
42 81
42 89
42 0
42 1
42 3
42 4
42 5
42 8
42 13
42 15
42 17
42 20
42 25
42 29
42 31
42 34
42 36
42 38
42 48
42 92
43 50
43 51
43 54
43 56
43 65
43 69
43 70
43 72
43 73
43 77
43 79
43 93
43 95
43 98
43 3
43 4
43 12
43 20
43 21
43 22
43 23
43 25
43 26
43 27
43 29
43 30
43 31
43 33
43 34
43 35
43 37
43 39
43 44
43 46
44 51
44 54
44 55
44 58
44 70
44 76
44 79
44 81
44 83
44 2
44 3
44 5
44 8
44 19
44 22
44 28
44 29
44 31
44 32
44 37
44 41
44 43
44 45
44 46
44 49
44 94
45 56
45 64
45 65
45 68
45 79
45 87
45 88
45 94
45 99
45 0
45 1
45 3
45 6
45 7
45 8
45 11
45 14
45 21
45 23
45 24
45 27
45 30
45 37
45 39
45 44
45 49
45 95
46 52
46 53
46 54
46 66
46 67
46 69
46 86
46 87
46 92
46 95
46 96
46 98
46 99
46 7
46 8
46 14
46 15
46 17
46 20
46 22
46 28
46 32
46 34
46 41
46 43
46 44
46 47
47 52
47 53
47 54
47 58
47 60
47 67
47 69
47 73
47 76
47 77
47 86
47 93
47 99
47 1
47 12
47 15
47 17
47 20
47 24
47 25
47 27
47 28
47 30
47 37
47 38
47 39
47 40
47 46
47 49
47 97
48 53
48 54
48 59
48 60
48 64
48 69
48 77
48 85
48 86
48 89
48 99
48 4
48 6
48 7
48 10
48 11
48 14
48 15
48 20
48 22
48 23
48 24
48 25
48 26
48 28
48 32
48 36
48 39
48 40
48 41
48 42
48 49
48 98
49 51
49 56
49 57
49 58
49 62
49 67
49 70
49 72
49 80
49 85
49 86
49 91
49 92
49 97
49 0
49 5
49 9
49 11
49 12
49 14
49 17
49 21
49 23
49 24
49 25
49 28
49 30
49 32
49 35
49 38
49 40
49 44
49 45
49 47
49 48
49 99
50 2
50 3
50 18
50 20
50 21
50 23
50 31
50 33
50 37
50 43
50 0
51 8
51 19
51 21
51 26
51 37
51 40
51 43
51 44
51 49
51 1
52 3
52 4
52 7
52 10
52 13
52 17
52 26
52 29
52 40
52 41
52 46
52 47
52 2
53 16
53 20
53 22
53 23
53 30
53 42
53 46
53 47
53 48
53 3
54 11
54 19
54 22
54 25
54 34
54 43
54 44
54 46
54 47
54 48
54 4
55 1
55 4
55 9
55 20
55 21
55 27
55 28
55 32
55 37
55 38
55 42
55 44
55 5
56 3
56 7
56 8
56 12
56 15
56 16
56 19
56 22
56 34
56 37
56 38
56 42
56 43
56 45
56 49
56 6
57 0
57 13
57 15
57 19
57 23
57 24
57 37
57 42
57 49
57 7
58 0
58 2
58 7
58 8
58 9
58 13
58 17
58 19
58 20
58 30
58 31
58 32
58 44
58 47
58 49
59 4
59 5
59 8
59 11
59 19
59 33
59 37
59 48
59 9
60 2
60 11
60 12
60 14
60 17
60 18
60 22
60 24
60 27
60 38
60 47
60 48
60 10
61 0
61 4
61 10
61 11
61 15
61 17
61 18
61 27
62 3
62 6
62 24
62 30
62 33
62 36
62 49
62 12
63 3
63 13
63 17
63 19
63 25
64 2
64 5
64 7
64 10
64 11
64 12
64 14
64 15
64 24
64 30
64 36
64 38
64 45
64 48
65 5
65 15
65 24
65 43
65 45
66 2
66 9
66 10
66 17
66 21
66 22
66 24
66 26
66 29
66 30
66 36
66 39
66 42
66 46
66 16
67 7
67 10
67 11
67 12
67 18
67 24
67 29
67 30
67 35
67 36
67 42
67 46
67 47
67 49
67 17
68 0
68 2
68 5
68 8
68 12
68 21
68 35
68 45
68 18
69 0
69 7
69 8
69 17
69 18
69 20
69 31
69 41
69 43
69 46
69 47
69 48
69 19
70 1
70 8
70 9
70 10
70 13
70 18
70 21
70 23
70 28
70 30
70 33
70 34
70 37
70 38
70 43
70 44
70 49
70 20
71 2
71 8
71 12
71 14
71 15
71 17
71 34
71 36
71 41
71 21
72 0
72 4
72 13
72 14
72 21
72 35
72 37
72 43
72 49
72 22
73 0
73 2
73 3
73 13
73 16
73 26
73 30
73 39
73 40
73 43
73 47
73 23
74 3
74 4
74 9
74 15
74 16
74 27
74 28
74 29
74 30
74 35
74 42
74 24
75 7
75 8
75 11
75 14
75 23
75 24
75 28
75 30
75 31
75 25
76 0
76 14
76 22
76 29
76 37
76 39
76 44
76 47
76 26
77 6
77 8
77 9
77 13
77 17
77 19
77 20
77 22
77 26
77 31
77 35
77 43
77 47
77 48
77 27
78 14
78 16
78 17
78 18
78 20
78 34
78 39
78 28
79 5
79 21
79 30
79 31
79 43
79 44
79 45
79 29
80 2
80 12
80 20
80 22
80 25
80 28
80 30
80 35
80 38
80 49
81 4
81 12
81 13
81 28
81 31
81 38
81 40
81 42
81 44
82 5
82 6
82 8
82 13
82 15
82 16
82 22
82 28
82 29
82 32
83 12
83 15
83 18
83 20
83 31
83 38
83 44
83 33
84 0
84 2
84 5
84 7
84 16
84 21
84 26
84 31
84 38
84 34
85 10
85 11
85 24
85 30
85 33
85 37
85 39
85 48
85 49
85 35
86 7
86 12
86 15
86 19
86 22
86 29
86 36
86 38
86 46
86 47
86 48
86 49
87 3
87 4
87 7
87 9
87 12
87 15
87 16
87 18
87 20
87 23
87 29
87 32
87 37
87 45
87 46
88 8
88 10
88 23
88 26
88 31
88 36
88 37
88 45
88 38
89 8
89 14
89 16
89 21
89 28
89 33
89 36
89 42
89 48
89 39
90 2
90 4
90 8
90 15
90 16
90 17
90 19
90 22
90 25
90 28
90 40
91 2
91 6
91 7
91 21
91 26
91 32
91 36
91 38
91 40
91 49
91 41
92 5
92 12
92 13
92 15
92 21
92 23
92 31
92 33
92 40
92 41
92 46
92 49
92 42
93 6
93 19
93 30
93 33
93 35
93 40
93 41
93 43
93 47
94 3
94 7
94 8
94 12
94 14
94 15
94 18
94 19
94 23
94 31
94 34
94 36
94 39
94 45
94 44
95 5
95 6
95 10
95 15
95 33
95 40
95 43
95 46
95 45
96 1
96 10
96 12
96 16
96 20
96 22
96 32
96 33
96 46
97 10
97 11
97 13
97 15
97 20
97 22
97 25
97 37
97 38
97 41
97 49
97 47
98 1
98 5
98 7
98 15
98 18
98 29
98 30
98 35
98 41
98 43
98 46
98 48
99 1
99 20
99 21
99 25
99 27
99 34
99 45
99 46
99 47
99 48
99 49
