  100   482
0 57
0 91
0 96
0 2
0 13
0 16
0 17
0 20
0 40
0 43
0 50
1 60
1 98
1 13
1 18
1 21
1 23
1 25
1 29
1 31
1 41
1 42
1 51
2 53
2 58
2 59
2 84
2 0
2 3
2 7
2 9
2 15
2 18
2 19
2 26
2 39
2 40
2 41
2 43
2 45
2 46
2 47
2 49
2 52
3 62
3 70
3 71
3 2
3 5
3 9
3 10
3 14
3 15
3 21
3 29
3 31
3 36
3 41
3 46
3 53
4 51
4 58
4 78
4 84
4 7
4 15
4 16
4 24
4 25
4 26
4 29
4 37
4 41
4 44
4 48
4 54
5 57
5 60
5 62
5 68
5 73
5 85
5 88
5 98
5 3
5 10
5 17
5 22
5 44
5 55
6 78
6 12
6 15
6 16
6 19
6 25
6 44
6 46
6 56
7 61
7 62
7 90
7 2
7 4
7 10
7 13
7 22
7 29
7 30
7 36
7 41
7 46
7 47
7 57
8 86
8 95
8 99
8 92
8 87
8 10
8 17
8 21
8 23
8 25
8 26
8 29
8 32
8 36
8 38
8 43
8 49
8 58
9 60
9 68
9 75
9 89
9 97
9 2
9 3
9 10
9 17
9 26
9 27
9 29
9 31
9 34
9 35
9 46
9 48
9 59
10 57
10 62
10 71
10 74
10 75
10 78
10 84
10 3
10 5
10 7
10 8
10 9
10 17
10 18
10 30
10 34
10 35
10 43
10 60
11 51
11 52
11 53
11 55
11 57
11 58
11 66
11 84
11 97
11 14
11 16
11 23
11 26
11 27
11 44
11 61
12 59
12 6
12 22
12 33
12 43
12 62
13 82
13 84
13 0
13 1
13 7
13 21
13 22
13 24
13 27
13 29
13 38
13 47
13 63
14 57
14 62
14 68
14 70
14 77
14 3
14 11
14 16
14 21
14 27
14 34
14 35
14 36
14 37
14 42
14 46
14 64
15 61
15 74
15 2
15 3
15 4
15 6
15 17
15 18
15 22
15 25
15 26
15 31
15 32
15 38
15 39
15 65
16 66
16 75
16 0
16 4
16 6
16 11
16 14
16 19
16 29
16 31
16 40
16 44
16 48
16 49
17 51
17 52
17 53
17 68
17 76
17 79
17 81
17 94
17 0
17 5
17 8
17 9
17 10
17 15
17 19
17 21
17 27
17 30
17 32
17 33
17 48
17 67
18 84
18 93
18 95
18 1
18 2
18 10
18 15
18 23
18 26
18 29
18 30
18 43
18 49
18 68
19 81
19 94
19 2
19 6
19 16
19 17
19 20
19 27
19 32
19 43
19 69
20 60
20 67
20 79
20 80
20 99
20 0
20 19
20 21
20 23
20 26
20 30
20 33
20 36
20 39
20 70
21 58
21 64
21 65
21 93
21 98
21 1
21 3
21 8
21 13
21 14
21 17
21 20
21 22
21 23
21 30
21 36
21 42
21 43
21 44
21 49
21 71
22 71
22 74
22 81
22 5
22 7
22 12
22 13
22 15
22 21
22 30
22 33
22 34
22 38
22 48
22 72
23 86
23 1
23 8
23 11
23 18
23 20
23 21
23 36
23 47
23 48
23 73
24 65
24 82
24 86
24 95
24 4
24 13
24 25
24 27
24 29
24 32
24 37
24 38
24 39
24 74
25 52
25 1
25 4
25 6
25 8
25 15
25 24
25 36
25 75
26 78
26 99
26 2
26 4
26 8
26 9
26 11
26 15
26 18
26 20
26 27
26 31
26 38
26 39
26 40
26 41
26 44
26 76
27 75
27 76
27 9
27 11
27 13
27 14
27 17
27 19
27 24
27 26
27 28
27 37
27 40
27 44
27 46
27 49
27 77
28 66
28 75
28 27
28 35
28 36
28 43
28 45
28 78
29 60
29 65
29 66
29 70
29 72
29 82
29 96
29 1
29 3
29 4
29 7
29 8
29 9
29 13
29 16
29 18
29 24
29 31
29 37
29 45
29 47
29 49
29 79
30 50
30 53
30 75
30 97
30 98
30 7
30 10
30 17
30 18
30 20
30 21
30 22
30 37
30 80
31 56
31 99
31 1
31 3
31 9
31 15
31 16
31 26
31 29
31 35
31 37
31 38
31 81
32 51
32 66
32 73
32 99
32 8
32 15
32 17
32 19
32 24
32 41
32 44
32 49
32 82
33 61
33 67
33 78
33 86
33 97
33 12
33 17
33 20
33 22
33 36
33 42
33 48
33 49
33 83
34 54
34 67
34 69
34 99
34 9
34 10
34 14
34 22
34 35
34 40
34 41
34 47
34 84
35 52
35 55
35 74
35 78
35 9
35 10
35 14
35 28
35 31
35 34
35 37
35 39
35 45
35 48
35 85
36 51
36 67
36 72
36 82
36 3
36 7
36 8
36 14
36 20
36 21
36 23
36 25
36 28
36 33
36 40
36 41
36 44
36 47
36 86
37 62
37 82
37 4
37 14
37 24
37 27
37 29
37 30
37 31
37 35
37 47
37 87
38 64
38 72
38 77
38 79
38 88
38 8
38 13
38 15
38 22
38 24
38 26
38 31
38 39
38 42
38 46
39 70
39 81
39 95
39 99
39 2
39 15
39 20
39 24
39 26
39 35
39 38
39 40
39 46
39 89
40 57
40 72
40 94
40 0
40 2
40 16
40 26
40 27
40 34
40 36
40 39
40 90
41 51
41 64
41 66
41 91
41 1
41 2
41 3
41 4
41 7
41 26
41 32
41 34
41 36
41 47
42 70
42 85
42 96
42 1
42 14
42 21
42 33
42 38
42 92
43 81
43 90
43 91
43 96
43 0
43 2
43 8
43 10
43 12
43 18
43 19
43 21
43 28
43 45
43 47
43 93
44 50
44 67
44 70
44 74
44 77
44 4
44 5
44 6
44 11
44 16
44 21
44 26
44 27
44 32
44 36
44 45
44 94
45 58
45 74
45 82
45 83
45 2
45 28
45 29
45 35
45 43
45 44
45 48
45 49
45 95
46 50
46 54
46 62
46 2
46 3
46 6
46 7
46 9
46 14
46 27
46 38
46 39
46 48
46 96
47 63
47 74
47 2
47 7
47 13
47 23
47 29
47 34
47 36
47 37
47 41
47 43
47 97
48 50
48 53
48 57
48 58
48 79
48 98
48 4
48 9
48 16
48 17
48 22
48 23
48 33
48 35
48 45
48 46
49 56
49 64
49 70
49 89
49 2
49 8
49 16
49 18
49 21
49 27
49 29
49 32
49 33
49 45
49 99
50 30
50 44
50 46
50 48
50 0
51 4
51 11
51 17
51 32
51 36
51 41
51 1
52 11
52 17
52 25
52 35
52 2
53 2
53 11
53 17
53 30
53 48
53 3
54 34
54 46
54 4
55 11
55 35
55 5
56 31
56 49
56 6
57 0
57 5
57 10
57 11
57 14
57 40
57 48
57 7
58 2
58 4
58 11
58 21
58 45
58 48
58 8
59 2
59 12
59 9
60 1
60 5
60 9
60 20
60 29
60 10
61 7
61 15
61 33
61 11
62 3
62 5
62 7
62 10
62 14
62 37
62 46
62 12
63 47
63 13
64 21
64 38
64 41
64 49
64 14
65 21
65 24
65 29
65 15
66 11
66 16
66 28
66 29
66 32
66 41
67 20
67 33
67 34
67 36
67 44
67 17
68 5
68 9
68 14
68 17
68 18
69 34
69 19
70 3
70 14
70 29
70 39
70 42
70 44
70 49
70 20
71 3
71 10
71 22
71 21
72 29
72 36
72 38
72 40
72 22
73 5
73 32
73 23
74 10
74 15
74 22
74 35
74 44
74 45
74 47
74 24
75 9
75 10
75 16
75 27
75 28
75 30
75 25
76 17
76 27
76 26
77 14
77 38
77 44
77 27
78 4
78 6
78 10
78 26
78 33
78 35
78 28
79 17
79 20
79 38
79 48
79 29
80 20
80 30
81 17
81 19
81 22
81 39
81 43
81 31
82 13
82 24
82 29
82 36
82 37
82 45
82 32
83 45
83 33
84 2
84 4
84 10
84 11
84 13
84 18
84 34
85 5
85 42
85 35
86 8
86 23
86 24
86 33
86 36
87 8
87 37
88 5
88 38
89 9
89 49
89 39
90 7
90 43
90 40
91 0
91 41
91 43
92 8
92 42
93 18
93 21
93 43
94 17
94 19
94 40
94 44
95 8
95 18
95 24
95 39
95 45
96 0
96 29
96 42
96 43
96 46
97 9
97 11
97 30
97 33
97 47
98 1
98 5
98 21
98 30
98 48
99 8
99 20
99 26
99 31
99 32
99 34
99 39
99 49
