  100   1523
0 50
0 52
0 53
0 55
0 56
0 61
0 64
0 68
0 69
0 71
0 76
0 77
0 78
0 79
0 80
0 81
0 83
0 85
0 86
0 87
0 88
0 93
0 94
0 95
0 98
0 99
0 2
0 13
0 16
0 17
0 20
0 40
0 43
1 51
1 53
1 54
1 55
1 59
1 63
1 66
1 69
1 71
1 74
1 76
1 78
1 79
1 80
1 81
1 85
1 95
1 96
1 97
1 13
1 18
1 21
1 23
1 25
1 29
1 31
1 41
1 42
2 50
2 51
2 54
2 56
2 59
2 60
2 61
2 64
2 65
2 66
2 69
2 71
2 72
2 73
2 74
2 75
2 77
2 79
2 82
2 83
2 84
2 87
2 92
2 96
2 97
2 0
2 3
2 7
2 9
2 15
2 18
2 19
2 26
2 39
2 40
2 41
2 43
2 45
2 46
2 47
2 49
2 52
3 51
3 53
3 57
3 59
3 60
3 63
3 67
3 69
3 73
3 76
3 78
3 79
3 81
3 83
3 87
3 88
3 89
3 90
3 91
3 92
3 93
3 94
3 95
3 98
3 99
3 2
3 5
3 9
3 10
3 14
3 15
3 21
3 29
3 31
3 36
3 41
3 46
4 50
4 51
4 53
4 54
4 60
4 62
4 63
4 65
4 68
4 71
4 73
4 74
4 76
4 79
4 80
4 81
4 82
4 83
4 85
4 87
4 90
4 91
4 92
4 93
4 95
4 96
4 97
4 98
4 99
4 7
4 15
4 16
4 24
4 25
4 26
4 29
4 37
4 41
4 44
4 48
5 51
5 57
5 58
5 62
5 64
5 65
5 66
5 68
5 69
5 70
5 71
5 73
5 75
5 77
5 79
5 81
5 86
5 88
5 89
5 93
5 94
5 98
5 3
5 10
5 17
5 22
5 44
5 55
6 51
6 59
6 61
6 62
6 64
6 65
6 66
6 67
6 68
6 70
6 71
6 72
6 74
6 76
6 79
6 80
6 81
6 83
6 84
6 85
6 86
6 91
6 12
6 15
6 16
6 19
6 25
6 44
6 46
6 56
7 50
7 54
7 55
7 56
7 58
7 59
7 60
7 61
7 62
7 63
7 64
7 65
7 66
7 67
7 69
7 70
7 74
7 76
7 77
7 78
7 81
7 83
7 90
7 91
7 92
7 93
7 94
7 95
7 97
7 2
7 4
7 10
7 13
7 22
7 29
7 30
7 36
7 41
7 46
7 47
7 57
8 52
8 54
8 55
8 57
8 61
8 63
8 64
8 66
8 67
8 70
8 71
8 72
8 73
8 75
8 76
8 77
8 85
8 88
8 89
8 90
8 94
8 98
8 99
8 10
8 17
8 21
8 23
8 25
8 26
8 29
8 32
8 36
8 38
8 43
8 49
8 58
9 51
9 52
9 53
9 55
9 56
9 57
9 58
9 63
9 64
9 66
9 68
9 70
9 71
9 72
9 76
9 79
9 80
9 82
9 83
9 84
9 86
9 88
9 89
9 93
9 94
9 96
9 97
9 98
9 2
9 3
9 10
9 17
9 26
9 27
9 29
9 31
9 34
9 35
9 46
9 48
9 59
10 51
10 53
10 54
10 55
10 56
10 57
10 58
10 59
10 60
10 66
10 71
10 75
10 77
10 78
10 82
10 84
10 85
10 86
10 87
10 88
10 93
10 95
10 97
10 3
10 5
10 7
10 8
10 9
10 17
10 18
10 30
10 34
10 35
10 43
11 51
11 52
11 54
11 57
11 59
11 60
11 61
11 67
11 70
11 74
11 78
11 79
11 80
11 81
11 82
11 83
11 84
11 87
11 88
11 89
11 92
11 95
11 96
11 97
11 99
11 14
11 16
11 23
11 26
11 27
11 44
12 51
12 52
12 55
12 58
12 59
12 62
12 63
12 64
12 66
12 68
12 69
12 73
12 74
12 75
12 76
12 78
12 80
12 81
12 82
12 87
12 88
12 89
12 90
12 92
12 94
12 95
12 97
12 98
12 99
12 6
12 22
12 33
12 43
13 50
13 51
13 58
13 59
13 62
13 63
13 65
13 68
13 70
13 72
13 73
13 75
13 78
13 79
13 84
13 85
13 88
13 90
13 91
13 92
13 93
13 94
13 95
13 96
13 97
13 98
13 0
13 1
13 7
13 21
13 22
13 24
13 27
13 29
13 38
13 47
14 52
14 54
14 58
14 59
14 60
14 62
14 67
14 68
14 71
14 73
14 74
14 76
14 78
14 80
14 81
14 83
14 84
14 86
14 88
14 91
14 94
14 98
14 99
14 3
14 11
14 16
14 21
14 27
14 34
14 35
14 36
14 37
14 42
14 46
14 64
15 50
15 51
15 52
15 56
15 57
15 58
15 60
15 66
15 68
15 69
15 71
15 74
15 77
15 80
15 81
15 83
15 84
15 85
15 86
15 88
15 90
15 92
15 93
15 94
15 95
15 96
15 2
15 3
15 4
15 6
15 17
15 18
15 22
15 25
15 26
15 31
15 32
15 38
15 39
15 65
16 52
16 55
16 58
16 61
16 62
16 63
16 64
16 66
16 69
16 71
16 72
16 74
16 77
16 83
16 86
16 87
16 90
16 91
16 93
16 94
16 95
16 96
16 97
16 98
16 0
16 4
16 6
16 11
16 14
16 19
16 29
16 31
16 40
16 44
16 48
16 49
17 50
17 53
17 54
17 57
17 63
17 64
17 65
17 68
17 69
17 72
17 73
17 74
17 76
17 77
17 79
17 80
17 82
17 86
17 88
17 89
17 92
17 97
17 98
17 99
17 0
17 5
17 8
17 9
17 10
17 15
17 19
17 21
17 27
17 30
17 32
17 33
17 48
17 67
18 52
18 53
18 56
18 58
18 59
18 62
18 63
18 64
18 67
18 72
18 73
18 75
18 80
18 82
18 88
18 89
18 90
18 94
18 97
18 1
18 2
18 10
18 15
18 23
18 26
18 29
18 30
18 43
18 49
18 68
19 50
19 51
19 52
19 53
19 55
19 57
19 58
19 62
19 63
19 64
19 65
19 68
19 70
19 72
19 73
19 75
19 80
19 81
19 82
19 83
19 89
19 90
19 91
19 94
19 96
19 97
19 98
19 2
19 6
19 16
19 17
19 20
19 27
19 32
19 43
19 69
20 51
20 54
20 55
20 60
20 61
20 62
20 64
20 65
20 66
20 73
20 75
20 80
20 82
20 84
20 88
20 93
20 94
20 96
20 97
20 98
20 0
20 19
20 21
20 23
20 26
20 30
20 33
20 36
20 39
20 70
21 52
21 53
21 55
21 59
21 60
21 61
21 66
21 71
21 74
21 75
21 76
21 77
21 78
21 79
21 85
21 86
21 87
21 88
21 89
21 90
21 92
21 95
21 97
21 98
21 1
21 3
21 8
21 13
21 14
21 17
21 20
21 22
21 23
21 30
21 36
21 42
21 43
21 44
21 49
22 50
22 51
22 52
22 53
22 58
22 59
22 60
22 61
22 62
22 64
22 67
22 70
22 72
22 73
22 77
22 83
22 84
22 85
22 86
22 90
22 92
22 93
22 94
22 97
22 98
22 99
22 5
22 7
22 12
22 13
22 15
22 21
22 30
22 33
22 34
22 38
22 48
23 50
23 51
23 52
23 55
23 56
23 57
23 58
23 59
23 60
23 62
23 63
23 64
23 65
23 66
23 70
23 71
23 72
23 74
23 75
23 79
23 81
23 82
23 83
23 84
23 85
23 87
23 89
23 91
23 92
23 94
23 95
23 97
23 99
23 1
23 8
23 11
23 18
23 20
23 21
23 36
23 47
23 48
23 73
24 52
24 55
24 56
24 58
24 61
24 62
24 63
24 65
24 66
24 68
24 73
24 74
24 76
24 77
24 78
24 81
24 84
24 86
24 87
24 91
24 92
24 93
24 95
24 96
24 99
24 4
24 13
24 25
24 27
24 29
24 32
24 37
24 38
24 39
25 50
25 51
25 55
25 56
25 57
25 62
25 63
25 65
25 66
25 67
25 68
25 70
25 71
25 72
25 73
25 75
25 82
25 84
25 85
25 89
25 90
25 92
25 94
25 97
25 1
25 4
25 6
25 8
25 15
25 24
25 36
26 50
26 52
26 55
26 58
26 59
26 60
26 61
26 62
26 63
26 64
26 66
26 70
26 71
26 72
26 73
26 75
26 78
26 79
26 80
26 84
26 85
26 86
26 89
26 90
26 91
26 93
26 94
26 95
26 96
26 97
26 99
26 2
26 4
26 8
26 9
26 11
26 15
26 18
26 20
26 27
26 31
26 38
26 39
26 40
26 41
26 44
26 76
27 52
27 55
27 57
27 58
27 60
27 66
27 67
27 69
27 76
27 78
27 81
27 82
27 84
27 89
27 92
27 94
27 95
27 99
27 9
27 11
27 13
27 14
27 17
27 19
27 24
27 26
27 28
27 37
27 40
27 44
27 46
27 49
27 77
28 50
28 52
28 55
28 58
28 59
28 60
28 62
28 63
28 65
28 67
28 69
28 70
28 73
28 74
28 75
28 76
28 78
28 86
28 88
28 93
28 94
28 97
28 99
28 27
28 35
28 36
28 43
28 45
29 56
29 58
29 62
29 69
29 71
29 77
29 79
29 80
29 85
29 91
29 92
29 95
29 99
29 1
29 3
29 4
29 7
29 8
29 9
29 13
29 16
29 18
29 24
29 31
29 37
29 45
29 47
29 49
30 51
30 53
30 55
30 57
30 60
30 65
30 66
30 67
30 68
30 71
30 75
30 76
30 79
30 80
30 85
30 87
30 88
30 89
30 90
30 91
30 92
30 94
30 95
30 96
30 98
30 99
30 7
30 10
30 17
30 18
30 20
30 21
30 22
30 37
31 51
31 52
31 56
31 57
31 58
31 59
31 61
31 64
31 67
31 68
31 71
31 74
31 76
31 78
31 79
31 81
31 85
31 87
31 88
31 89
31 91
31 94
31 95
31 97
31 98
31 1
31 3
31 9
31 15
31 16
31 26
31 29
31 35
31 37
31 38
32 50
32 51
32 52
32 53
32 55
32 56
32 57
32 59
32 60
32 61
32 62
32 63
32 64
32 67
32 68
32 71
32 72
32 73
32 74
32 75
32 77
32 78
32 79
32 80
32 81
32 83
32 84
32 85
32 89
32 90
32 93
32 95
32 96
32 98
32 99
32 8
32 15
32 17
32 19
32 24
32 41
32 44
32 49
32 82
33 50
33 51
33 53
33 54
33 55
33 58
33 60
33 62
33 63
33 64
33 65
33 66
33 67
33 68
33 69
33 73
33 75
33 76
33 77
33 82
33 83
33 85
33 88
33 89
33 90
33 92
33 98
33 99
33 12
33 17
33 20
33 22
33 36
33 42
33 48
33 49
34 50
34 51
34 53
34 54
34 55
34 56
34 61
34 62
34 63
34 64
34 66
34 67
34 68
34 72
34 73
34 74
34 76
34 80
34 81
34 83
34 84
34 85
34 87
34 88
34 89
34 91
34 92
34 94
34 96
34 97
34 99
34 9
34 10
34 14
34 22
34 35
34 40
34 41
34 47
35 50
35 53
35 57
35 59
35 61
35 62
35 64
35 66
35 68
35 71
35 72
35 75
35 78
35 85
35 87
35 90
35 92
35 93
35 95
35 96
35 97
35 98
35 99
35 9
35 10
35 14
35 28
35 31
35 34
35 37
35 39
35 45
35 48
36 50
36 52
36 54
36 56
36 59
36 61
36 65
36 67
36 70
36 71
36 73
36 74
36 76
36 77
36 82
36 83
36 84
36 85
36 86
36 87
36 89
36 91
36 93
36 94
36 97
36 98
36 3
36 7
36 8
36 14
36 20
36 21
36 23
36 25
36 28
36 33
36 40
36 41
36 44
36 47
37 51
37 52
37 54
37 57
37 60
37 61
37 62
37 63
37 65
37 66
37 67
37 68
37 70
37 72
37 74
37 77
37 80
37 81
37 84
37 86
37 89
37 91
37 92
37 94
37 95
37 96
37 97
37 4
37 14
37 24
37 27
37 29
37 30
37 31
37 35
37 47
37 87
38 52
38 53
38 54
38 56
38 58
38 61
38 62
38 63
38 68
38 69
38 70
38 73
38 74
38 78
38 80
38 82
38 83
38 85
38 86
38 88
38 89
38 91
38 92
38 93
38 94
38 96
38 97
38 98
38 99
38 8
38 13
38 15
38 22
38 24
38 26
38 31
38 39
38 42
38 46
39 51
39 55
39 58
39 59
39 60
39 61
39 65
39 66
39 68
39 70
39 71
39 73
39 75
39 78
39 82
39 86
39 88
39 89
39 90
39 92
39 95
39 2
39 15
39 20
39 24
39 26
39 35
39 38
39 40
39 46
40 52
40 53
40 55
40 59
40 61
40 62
40 66
40 67
40 68
40 70
40 73
40 74
40 76
40 78
40 81
40 82
40 83
40 86
40 87
40 89
40 90
40 91
40 92
40 96
40 98
40 99
40 0
40 2
40 16
40 26
40 27
40 34
40 36
40 39
41 50
41 51
41 52
41 53
41 55
41 59
41 61
41 62
41 63
41 64
41 67
41 69
41 70
41 72
41 73
41 78
41 84
41 87
41 89
41 93
41 94
41 95
41 98
41 99
41 1
41 2
41 3
41 4
41 7
41 26
41 32
41 34
41 36
41 47
41 91
42 51
42 52
42 53
42 55
42 56
42 57
42 58
42 59
42 61
42 62
42 66
42 68
42 69
42 71
42 74
42 77
42 81
42 83
42 85
42 86
42 87
42 93
42 94
42 95
42 97
42 99
42 1
42 14
42 21
42 33
42 38
42 92
43 51
43 52
43 53
43 56
43 58
43 59
43 60
43 62
43 64
43 65
43 66
43 67
43 72
43 74
43 75
43 76
43 78
43 80
43 81
43 83
43 85
43 86
43 87
43 91
43 92
43 94
43 97
43 99
43 0
43 2
43 8
43 10
43 12
43 18
43 19
43 21
43 28
43 45
43 47
43 93
44 55
44 59
44 60
44 67
44 68
44 69
44 70
44 71
44 73
44 76
44 77
44 79
44 81
44 83
44 84
44 85
44 87
44 88
44 99
44 4
44 5
44 6
44 11
44 16
44 21
44 26
44 27
44 32
44 36
44 45
44 94
45 53
45 54
45 55
45 57
45 59
45 65
45 66
45 70
45 76
45 77
45 78
45 81
45 83
45 84
45 86
45 88
45 89
45 93
45 94
45 96
45 2
45 28
45 29
45 35
45 43
45 44
45 48
45 49
45 95
46 52
46 53
46 54
46 55
46 56
46 62
46 63
46 65
46 67
46 68
46 70
46 71
46 72
46 79
46 80
46 82
46 83
46 86
46 87
46 89
46 91
46 92
46 93
46 94
46 95
46 96
46 97
46 99
46 2
46 3
46 6
46 7
46 9
46 14
46 27
46 38
46 39
46 48
47 52
47 53
47 54
47 57
47 59
47 62
47 63
47 66
47 69
47 70
47 71
47 74
47 75
47 76
47 77
47 79
47 80
47 81
47 82
47 83
47 85
47 86
47 92
47 96
47 98
47 99
47 2
47 7
47 13
47 23
47 29
47 34
47 36
47 37
47 41
47 43
47 97
48 50
48 51
48 53
48 55
48 56
48 57
48 58
48 61
48 64
48 65
48 66
48 68
48 69
48 70
48 73
48 75
48 76
48 77
48 78
48 79
48 85
48 87
48 92
48 93
48 96
48 97
48 4
48 9
48 16
48 17
48 22
48 23
48 33
48 35
48 45
48 46
48 98
49 50
49 51
49 54
49 58
49 59
49 61
49 62
49 63
49 64
49 66
49 69
49 70
49 72
49 73
49 74
49 75
49 77
49 79
49 84
49 86
49 88
49 89
49 90
49 92
49 93
49 99
49 2
49 8
49 16
49 18
49 21
49 27
49 29
49 32
49 33
49 45
50 0
50 2
50 4
50 7
50 13
50 15
50 17
50 19
50 22
50 23
50 25
50 26
50 28
50 32
50 33
50 34
50 35
50 36
50 41
50 48
50 49
51 1
51 2
51 3
51 4
51 5
51 6
51 9
51 10
51 11
51 12
51 13
51 15
51 19
51 20
51 22
51 23
51 25
51 30
51 31
51 32
51 33
51 34
51 37
51 39
51 41
51 42
51 43
51 48
51 49
52 0
52 8
52 9
52 11
52 12
52 14
52 15
52 16
52 18
52 19
52 21
52 22
52 23
52 24
52 26
52 27
52 28
52 31
52 32
52 36
52 37
52 38
52 40
52 41
52 42
52 43
52 46
52 47
52 2
53 0
53 1
53 3
53 4
53 9
53 10
53 17
53 18
53 19
53 21
53 22
53 30
53 32
53 33
53 34
53 35
53 38
53 40
53 41
53 42
53 43
53 45
53 46
53 47
53 48
54 1
54 2
54 4
54 7
54 8
54 10
54 11
54 14
54 17
54 20
54 33
54 34
54 36
54 37
54 38
54 45
54 46
54 47
54 49
55 0
55 1
55 7
55 8
55 9
55 10
55 12
55 16
55 19
55 20
55 21
55 23
55 24
55 25
55 26
55 27
55 28
55 30
55 32
55 33
55 34
55 39
55 40
55 41
55 42
55 44
55 45
55 46
55 48
55 5
56 0
56 2
56 7
56 9
56 10
56 15
56 18
56 23
56 24
56 25
56 29
56 31
56 32
56 34
56 36
56 38
56 42
56 43
56 46
56 48
56 6
57 3
57 5
57 8
57 9
57 10
57 11
57 15
57 17
57 19
57 23
57 25
57 27
57 30
57 31
57 32
57 35
57 37
57 42
57 45
57 47
57 48
57 7
58 5
58 7
58 9
58 10
58 12
58 13
58 14
58 15
58 16
58 18
58 19
58 22
58 23
58 24
58 26
58 27
58 28
58 29
58 31
58 33
58 38
58 39
58 42
58 43
58 48
58 49
58 8
59 1
59 2
59 3
59 6
59 7
59 10
59 11
59 12
59 13
59 14
59 18
59 21
59 22
59 23
59 26
59 28
59 31
59 32
59 35
59 36
59 39
59 40
59 41
59 42
59 43
59 44
59 45
59 47
59 49
59 9
60 2
60 3
60 4
60 7
60 10
60 11
60 14
60 15
60 20
60 21
60 22
60 23
60 26
60 27
60 28
60 30
60 32
60 33
60 37
60 39
60 43
60 44
61 0
61 2
61 6
61 7
61 8
61 11
61 16
61 20
61 21
61 22
61 24
61 26
61 31
61 32
61 34
61 35
61 36
61 37
61 38
61 39
61 40
61 41
61 42
61 48
61 49
62 4
62 5
62 6
62 7
62 12
62 13
62 14
62 16
62 18
62 19
62 20
62 22
62 23
62 24
62 25
62 26
62 28
62 29
62 32
62 33
62 34
62 35
62 37
62 38
62 40
62 41
62 42
62 43
62 46
62 47
62 49
63 1
63 3
63 4
63 7
63 8
63 9
63 12
63 13
63 16
63 17
63 18
63 19
63 23
63 24
63 25
63 26
63 28
63 32
63 33
63 34
63 37
63 38
63 41
63 46
63 47
63 49
64 0
64 2
64 5
64 6
64 7
64 8
64 9
64 12
64 16
64 17
64 18
64 19
64 20
64 22
64 23
64 26
64 31
64 32
64 33
64 34
64 35
64 41
64 43
64 48
64 49
64 14
65 2
65 4
65 5
65 6
65 7
65 13
65 17
65 19
65 20
65 23
65 24
65 25
65 28
65 30
65 33
65 36
65 37
65 39
65 43
65 45
65 46
65 48
65 15
66 1
66 2
66 5
66 6
66 7
66 8
66 9
66 10
66 12
66 15
66 16
66 20
66 21
66 23
66 24
66 25
66 26
66 27
66 30
66 33
66 34
66 35
66 37
66 39
66 40
66 42
66 43
66 45
66 47
66 48
66 49
67 3
67 6
67 7
67 8
67 11
67 14
67 18
67 22
67 25
67 27
67 28
67 30
67 31
67 32
67 33
67 34
67 36
67 37
67 40
67 41
67 43
67 44
67 46
67 17
68 0
68 4
68 5
68 6
68 9
68 12
68 13
68 14
68 15
68 17
68 19
68 24
68 25
68 30
68 31
68 32
68 33
68 34
68 35
68 37
68 38
68 39
68 40
68 42
68 44
68 46
68 48
68 18
69 0
69 1
69 2
69 3
69 5
69 7
69 12
69 15
69 16
69 17
69 27
69 28
69 29
69 33
69 38
69 41
69 42
69 44
69 47
69 48
69 49
69 19
70 5
70 6
70 7
70 8
70 9
70 11
70 13
70 19
70 22
70 23
70 25
70 26
70 28
70 36
70 37
70 38
70 39
70 40
70 41
70 44
70 45
70 46
70 47
70 48
70 49
70 20
71 0
71 1
71 2
71 4
71 5
71 6
71 8
71 9
71 10
71 14
71 15
71 16
71 21
71 23
71 25
71 26
71 29
71 30
71 31
71 32
71 35
71 36
71 39
71 42
71 44
71 46
71 47
72 2
72 6
72 8
72 9
72 13
72 16
72 17
72 18
72 19
72 22
72 23
72 25
72 26
72 32
72 34
72 35
72 37
72 41
72 43
72 46
72 49
73 2
73 3
73 4
73 5
73 8
73 12
73 13
73 14
73 17
73 18
73 19
73 20
73 22
73 24
73 25
73 26
73 28
73 32
73 33
73 34
73 36
73 38
73 39
73 40
73 41
73 44
73 48
73 49
73 23
74 1
74 2
74 4
74 6
74 7
74 11
74 12
74 14
74 15
74 16
74 17
74 21
74 23
74 24
74 28
74 31
74 32
74 34
74 36
74 37
74 38
74 40
74 42
74 43
74 47
74 49
75 2
75 5
75 8
75 10
75 12
75 13
75 18
75 19
75 20
75 21
75 23
75 25
75 26
75 28
75 30
75 32
75 33
75 35
75 39
75 43
75 47
75 48
75 49
76 0
76 1
76 3
76 4
76 6
76 7
76 8
76 9
76 12
76 14
76 17
76 21
76 24
76 27
76 28
76 30
76 31
76 33
76 34
76 36
76 40
76 43
76 44
76 45
76 47
76 48
76 26
77 0
77 2
77 5
77 7
77 8
77 10
77 15
77 16
77 17
77 21
77 22
77 24
77 29
77 32
77 33
77 36
77 37
77 42
77 44
77 45
77 47
77 48
77 49
77 27
78 0
78 1
78 3
78 7
78 10
78 11
78 12
78 13
78 14
78 21
78 24
78 26
78 27
78 28
78 31
78 32
78 35
78 38
78 39
78 40
78 41
78 43
78 45
78 48
79 0
79 1
79 2
79 3
79 4
79 5
79 6
79 9
79 11
79 13
79 17
79 21
79 23
79 26
79 29
79 30
79 31
79 32
79 44
79 46
79 47
79 48
79 49
80 0
80 1
80 4
80 6
80 9
80 11
80 12
80 14
80 15
80 17
80 18
80 19
80 20
80 26
80 29
80 30
80 32
80 34
80 37
80 38
80 43
80 46
80 47
81 0
81 1
81 3
81 4
81 5
81 6
81 7
81 11
81 12
81 14
81 15
81 19
81 23
81 24
81 27
81 31
81 32
81 34
81 37
81 40
81 42
81 43
81 44
81 45
81 47
82 2
82 4
82 9
82 10
82 11
82 12
82 17
82 18
82 19
82 20
82 23
82 25
82 27
82 33
82 36
82 38
82 39
82 40
82 46
82 47
82 32
83 0
83 2
83 3
83 4
83 6
83 7
83 9
83 11
83 14
83 15
83 16
83 19
83 22
83 23
83 32
83 33
83 34
83 36
83 38
83 40
83 42
83 43
83 44
83 45
83 46
83 47
84 2
84 6
84 9
84 10
84 11
84 13
84 14
84 15
84 20
84 22
84 23
84 24
84 25
84 26
84 27
84 32
84 34
84 36
84 37
84 41
84 44
84 45
84 49
85 0
85 1
85 4
85 6
85 8
85 10
85 13
85 15
85 21
85 22
85 23
85 25
85 26
85 29
85 30
85 31
85 32
85 33
85 34
85 35
85 36
85 38
85 42
85 43
85 44
85 47
85 48
86 0
86 5
86 6
86 9
86 10
86 14
86 15
86 16
86 17
86 21
86 22
86 24
86 26
86 28
86 36
86 37
86 38
86 39
86 40
86 42
86 43
86 45
86 46
86 47
86 49
87 0
87 2
87 3
87 4
87 10
87 11
87 12
87 16
87 21
87 23
87 24
87 30
87 31
87 34
87 35
87 36
87 40
87 41
87 42
87 43
87 44
87 46
87 48
87 37
88 0
88 3
88 5
88 8
88 9
88 10
88 11
88 12
88 13
88 14
88 15
88 17
88 18
88 20
88 21
88 28
88 30
88 31
88 33
88 34
88 38
88 39
88 44
88 45
88 49
89 3
89 5
89 8
89 9
89 11
89 12
89 17
89 18
89 19
89 21
89 23
89 25
89 26
89 27
89 30
89 31
89 32
89 33
89 34
89 36
89 37
89 38
89 39
89 40
89 41
89 45
89 46
89 49
90 3
90 4
90 7
90 8
90 12
90 13
90 15
90 16
90 18
90 19
90 21
90 22
90 25
90 26
90 30
90 32
90 33
90 35
90 39
90 40
90 49
91 3
91 4
91 6
91 7
91 13
91 14
91 16
91 19
91 23
91 24
91 26
91 29
91 30
91 31
91 34
91 36
91 37
91 38
91 40
91 43
91 46
91 41
92 2
92 3
92 4
92 7
92 11
92 12
92 13
92 15
92 17
92 21
92 22
92 23
92 24
92 25
92 27
92 29
92 30
92 33
92 34
92 35
92 37
92 38
92 39
92 40
92 43
92 46
92 47
92 48
92 49
92 42
93 0
93 3
93 4
93 5
93 7
93 9
93 10
93 13
93 15
93 16
93 20
93 22
93 24
93 26
93 28
93 32
93 35
93 36
93 38
93 41
93 42
93 45
93 46
93 48
93 49
93 43
94 0
94 3
94 5
94 7
94 8
94 9
94 12
94 13
94 14
94 15
94 16
94 18
94 19
94 20
94 22
94 23
94 25
94 26
94 27
94 28
94 30
94 31
94 34
94 36
94 37
94 38
94 41
94 42
94 43
94 45
94 46
94 44
95 0
95 1
95 3
95 4
95 7
95 10
95 11
95 12
95 13
95 15
95 16
95 21
95 23
95 24
95 26
95 27
95 29
95 30
95 31
95 32
95 35
95 37
95 39
95 41
95 42
95 46
95 45
96 1
96 2
96 4
96 9
96 11
96 13
96 15
96 16
96 19
96 20
96 24
96 26
96 30
96 32
96 34
96 35
96 37
96 38
96 40
96 45
96 46
96 47
96 48
97 1
97 2
97 4
97 7
97 9
97 10
97 11
97 12
97 13
97 16
97 17
97 18
97 19
97 20
97 21
97 22
97 23
97 25
97 26
97 28
97 31
97 34
97 35
97 36
97 37
97 38
97 42
97 43
97 46
97 48
97 47
98 0
98 3
98 4
98 5
98 8
98 9
98 12
98 13
98 14
98 16
98 17
98 19
98 20
98 21
98 22
98 30
98 31
98 32
98 33
98 35
98 36
98 38
98 40
98 41
98 47
98 48
99 0
99 3
99 4
99 8
99 11
99 12
99 14
99 17
99 22
99 23
99 24
99 26
99 27
99 28
99 29
99 30
99 32
99 33
99 34
99 35
99 38
99 40
99 41
99 42
99 43
99 44
99 46
99 47
99 49
