  300   4813
0 168
0 176
0 196
0 199
0 222
0 237
0 269
0 280
0 291
0 1
0 3
0 7
0 8
0 12
0 26
0 27
0 30
0 33
0 34
0 36
0 37
0 39
0 46
0 47
0 51
0 53
0 59
0 62
0 63
0 67
0 68
0 73
0 76
0 77
0 78
0 84
0 93
0 96
0 98
0 99
0 101
0 102
0 110
0 114
0 115
0 119
0 123
0 125
0 126
0 130
0 133
0 134
0 135
0 141
0 149
0 150
1 167
1 180
1 203
1 205
1 235
1 241
1 272
1 274
1 284
1 285
1 0
1 2
1 4
1 5
1 19
1 20
1 26
1 27
1 30
1 32
1 34
1 39
1 44
1 52
1 56
1 64
1 69
1 82
1 85
1 86
1 91
1 92
1 94
1 96
1 100
1 112
1 113
1 115
1 118
1 120
1 122
1 125
1 128
1 132
1 135
1 136
1 141
1 145
1 146
1 147
1 149
1 151
2 190
2 197
2 202
2 213
2 215
2 233
2 262
2 294
2 1
2 3
2 8
2 10
2 11
2 17
2 18
2 21
2 22
2 25
2 31
2 33
2 36
2 40
2 42
2 44
2 45
2 49
2 56
2 57
2 60
2 64
2 66
2 68
2 73
2 76
2 80
2 82
2 95
2 99
2 103
2 105
2 109
2 113
2 114
2 119
2 121
2 123
2 128
2 133
2 136
2 137
2 140
2 143
2 144
2 146
2 152
3 152
3 164
3 173
3 212
3 252
3 260
3 269
3 0
3 2
3 4
3 6
3 7
3 13
3 17
3 20
3 22
3 33
3 35
3 38
3 39
3 40
3 41
3 43
3 45
3 49
3 50
3 51
3 53
3 59
3 68
3 71
3 72
3 75
3 78
3 79
3 84
3 91
3 92
3 95
3 98
3 104
3 110
3 114
3 115
3 116
3 117
3 119
3 122
3 125
3 131
3 133
3 136
3 140
3 142
3 153
4 174
4 198
4 213
4 220
4 225
4 236
4 249
4 262
4 273
4 275
4 299
4 1
4 3
4 5
4 7
4 10
4 11
4 13
4 14
4 16
4 17
4 27
4 28
4 30
4 33
4 35
4 39
4 42
4 46
4 54
4 55
4 59
4 63
4 68
4 70
4 74
4 83
4 84
4 87
4 88
4 90
4 92
4 93
4 94
4 97
4 98
4 106
4 110
4 112
4 116
4 118
4 119
4 124
4 125
4 127
4 128
4 129
4 130
4 144
4 146
4 148
4 154
5 152
5 163
5 167
5 170
5 178
5 183
5 185
5 229
5 260
5 297
5 299
5 1
5 4
5 9
5 12
5 14
5 16
5 18
5 20
5 22
5 23
5 25
5 26
5 34
5 36
5 43
5 45
5 48
5 53
5 54
5 56
5 57
5 61
5 68
5 74
5 85
5 88
5 89
5 90
5 91
5 94
5 98
5 100
5 101
5 107
5 109
5 111
5 116
5 117
5 120
5 122
5 123
5 124
5 127
5 130
5 134
5 140
5 142
5 143
5 146
5 149
5 155
6 155
6 156
6 203
6 215
6 255
6 269
6 279
6 296
6 3
6 8
6 9
6 10
6 13
6 19
6 21
6 22
6 36
6 37
6 40
6 43
6 45
6 48
6 53
6 57
6 59
6 62
6 67
6 69
6 77
6 79
6 80
6 83
6 86
6 87
6 88
6 90
6 91
6 94
6 95
6 98
6 101
6 104
6 105
6 108
6 115
6 118
6 125
6 132
6 133
6 134
6 140
6 147
7 171
7 174
7 184
7 208
7 217
7 232
7 234
7 239
7 251
7 262
7 279
7 0
7 3
7 4
7 8
7 12
7 14
7 20
7 26
7 27
7 28
7 30
7 35
7 36
7 39
7 40
7 44
7 45
7 49
7 58
7 60
7 63
7 64
7 67
7 71
7 73
7 75
7 76
7 80
7 85
7 88
7 89
7 94
7 96
7 99
7 108
7 110
7 114
7 116
7 117
7 120
7 122
7 133
7 134
7 135
7 142
7 157
8 160
8 185
8 205
8 230
8 248
8 257
8 283
8 297
8 0
8 2
8 6
8 7
8 9
8 10
8 13
8 14
8 16
8 20
8 28
8 29
8 31
8 32
8 35
8 40
8 45
8 46
8 47
8 52
8 53
8 57
8 59
8 61
8 62
8 63
8 65
8 69
8 71
8 76
8 82
8 86
8 87
8 90
8 93
8 104
8 105
8 110
8 113
8 116
8 118
8 122
8 130
8 135
8 138
8 144
8 145
8 147
8 148
8 149
8 158
9 187
9 222
9 229
9 231
9 247
9 254
9 260
9 261
9 264
9 269
9 274
9 278
9 280
9 283
9 290
9 299
9 5
9 6
9 8
9 11
9 14
9 18
9 19
9 20
9 22
9 23
9 24
9 27
9 29
9 35
9 41
9 45
9 52
9 58
9 61
9 66
9 67
9 72
9 75
9 83
9 96
9 98
9 101
9 114
9 124
9 128
9 129
9 138
9 139
9 143
9 146
9 147
9 149
9 159
10 168
10 173
10 178
10 195
10 200
10 205
10 227
10 235
10 296
10 2
10 4
10 6
10 8
10 12
10 16
10 17
10 19
10 20
10 22
10 26
10 28
10 29
10 31
10 39
10 45
10 46
10 48
10 51
10 54
10 55
10 57
10 72
10 74
10 77
10 80
10 81
10 84
10 90
10 93
10 97
10 98
10 99
10 101
10 102
10 103
10 106
10 108
10 114
10 117
10 123
10 127
10 129
10 131
10 139
10 143
10 148
10 149
10 160
11 164
11 183
11 185
11 205
11 206
11 216
11 222
11 227
11 261
11 271
11 272
11 275
11 2
11 4
11 9
11 21
11 23
11 25
11 27
11 33
11 38
11 39
11 46
11 52
11 53
11 59
11 60
11 63
11 64
11 66
11 70
11 73
11 74
11 75
11 77
11 78
11 82
11 87
11 88
11 89
11 92
11 94
11 95
11 96
11 98
11 99
11 102
11 105
11 106
11 109
11 112
11 116
11 117
11 129
11 132
11 138
11 144
11 147
11 148
11 149
11 161
12 157
12 207
12 239
12 263
12 283
12 287
12 299
12 0
12 5
12 7
12 10
12 13
12 15
12 17
12 23
12 24
12 29
12 35
12 36
12 41
12 42
12 44
12 53
12 58
12 60
12 62
12 64
12 70
12 73
12 74
12 79
12 82
12 83
12 84
12 86
12 88
12 94
12 95
12 98
12 101
12 107
12 109
12 112
12 115
12 116
12 117
12 118
12 122
12 125
12 130
12 131
12 137
12 139
12 143
12 147
12 162
13 150
13 151
13 162
13 203
13 208
13 229
13 244
13 270
13 273
13 284
13 289
13 298
13 3
13 4
13 6
13 8
13 12
13 14
13 17
13 18
13 21
13 22
13 25
13 29
13 33
13 37
13 40
13 41
13 44
13 45
13 51
13 53
13 59
13 61
13 63
13 65
13 68
13 78
13 79
13 82
13 91
13 94
13 98
13 100
13 101
13 105
13 108
13 112
13 117
13 126
13 127
13 137
13 138
13 139
13 140
13 144
13 163
14 153
14 174
14 179
14 183
14 191
14 197
14 239
14 279
14 280
14 4
14 5
14 7
14 8
14 9
14 13
14 15
14 18
14 20
14 22
14 24
14 28
14 30
14 37
14 40
14 41
14 47
14 51
14 54
14 56
14 57
14 62
14 64
14 65
14 66
14 69
14 72
14 80
14 82
14 86
14 87
14 97
14 98
14 99
14 102
14 103
14 113
14 117
14 121
14 126
14 127
14 129
14 134
14 137
14 138
14 139
14 142
14 145
14 146
14 164
15 152
15 155
15 163
15 172
15 174
15 182
15 196
15 200
15 258
15 262
15 268
15 278
15 12
15 14
15 16
15 17
15 20
15 21
15 26
15 29
15 32
15 33
15 34
15 42
15 45
15 47
15 53
15 56
15 61
15 62
15 69
15 71
15 73
15 83
15 84
15 85
15 86
15 87
15 90
15 94
15 98
15 101
15 114
15 118
15 119
15 121
15 123
15 129
15 130
15 132
15 133
15 137
15 140
15 142
15 147
15 165
16 187
16 192
16 227
16 247
16 251
16 257
16 258
16 262
16 294
16 4
16 5
16 8
16 10
16 15
16 18
16 22
16 26
16 30
16 35
16 36
16 37
16 41
16 43
16 47
16 49
16 59
16 74
16 80
16 85
16 87
16 88
16 91
16 102
16 108
16 109
16 111
16 114
16 115
16 116
16 124
16 127
16 132
16 137
16 146
16 166
17 177
17 194
17 199
17 249
17 267
17 299
17 2
17 3
17 4
17 10
17 12
17 13
17 15
17 18
17 21
17 27
17 28
17 31
17 33
17 35
17 37
17 38
17 40
17 42
17 53
17 61
17 72
17 77
17 78
17 79
17 80
17 82
17 84
17 86
17 90
17 92
17 95
17 98
17 108
17 111
17 116
17 119
17 121
17 122
17 124
17 129
17 130
17 135
17 136
17 137
17 138
17 140
17 142
17 147
17 167
18 151
18 204
18 219
18 223
18 262
18 277
18 281
18 2
18 5
18 9
18 13
18 14
18 16
18 17
18 25
18 29
18 30
18 34
18 36
18 37
18 39
18 41
18 42
18 46
18 50
18 57
18 58
18 61
18 69
18 71
18 72
18 74
18 75
18 77
18 78
18 79
18 80
18 83
18 84
18 87
18 90
18 92
18 94
18 96
18 98
18 115
18 117
18 123
18 124
18 132
18 133
18 136
18 144
18 147
18 149
18 168
19 157
19 182
19 205
19 210
19 222
19 225
19 227
19 230
19 238
19 286
19 1
19 6
19 9
19 10
19 20
19 33
19 34
19 36
19 37
19 41
19 49
19 50
19 52
19 55
19 60
19 66
19 70
19 74
19 75
19 77
19 79
19 82
19 83
19 85
19 86
19 89
19 91
19 96
19 98
19 100
19 101
19 105
19 106
19 107
19 110
19 116
19 119
19 123
19 125
19 126
19 127
19 128
19 129
19 133
19 134
19 141
19 142
19 143
19 147
19 148
19 169
20 156
20 172
20 175
20 185
20 203
20 206
20 217
20 235
20 248
20 254
20 272
20 274
20 293
20 1
20 3
20 5
20 7
20 8
20 9
20 10
20 14
20 15
20 19
20 24
20 25
20 29
20 31
20 33
20 34
20 37
20 41
20 43
20 49
20 51
20 60
20 61
20 69
20 71
20 75
20 81
20 82
20 84
20 87
20 96
20 102
20 105
20 106
20 115
20 120
20 126
20 134
20 135
20 136
20 139
20 141
20 145
20 146
20 170
21 153
21 162
21 171
21 180
21 231
21 236
21 242
21 248
21 251
21 265
21 288
21 2
21 6
21 11
21 13
21 15
21 17
21 23
21 24
21 25
21 29
21 31
21 32
21 33
21 37
21 40
21 42
21 43
21 47
21 50
21 58
21 69
21 70
21 72
21 74
21 76
21 81
21 86
21 96
21 100
21 105
21 115
21 118
21 119
21 120
21 124
21 136
21 142
22 151
22 155
22 158
22 162
22 168
22 210
22 215
22 218
22 231
22 239
22 265
22 278
22 2
22 3
22 5
22 6
22 9
22 10
22 13
22 14
22 16
22 23
22 26
22 29
22 31
22 35
22 37
22 38
22 39
22 40
22 41
22 43
22 51
22 56
22 57
22 59
22 60
22 62
22 66
22 67
22 73
22 75
22 76
22 77
22 78
22 80
22 82
22 87
22 90
22 95
22 96
22 98
22 99
22 100
22 102
22 106
22 107
22 109
22 112
22 115
22 119
22 120
22 122
22 123
22 128
22 129
22 138
22 139
22 141
22 142
22 146
22 148
22 172
23 160
23 164
23 178
23 199
23 221
23 233
23 238
23 254
23 280
23 287
23 294
23 296
23 5
23 9
23 11
23 12
23 21
23 22
23 25
23 26
23 30
23 31
23 32
23 37
23 52
23 53
23 57
23 61
23 66
23 67
23 68
23 71
23 79
23 88
23 92
23 95
23 98
23 99
23 103
23 106
23 108
23 109
23 114
23 115
23 123
23 125
23 126
23 127
23 140
23 145
23 147
23 149
23 173
24 168
24 179
24 181
24 191
24 217
24 229
24 246
24 247
24 276
24 283
24 9
24 12
24 14
24 20
24 21
24 27
24 28
24 29
24 31
24 37
24 41
24 45
24 48
24 49
24 51
24 53
24 62
24 64
24 65
24 69
24 72
24 74
24 75
24 78
24 81
24 82
24 85
24 86
24 88
24 91
24 94
24 99
24 103
24 104
24 119
24 120
24 122
24 127
24 133
24 141
24 146
24 148
24 149
24 174
25 159
25 160
25 193
25 234
25 242
25 274
25 2
25 5
25 11
25 13
25 18
25 20
25 21
25 23
25 30
25 31
25 34
25 36
25 39
25 40
25 42
25 43
25 46
25 51
25 54
25 56
25 57
25 59
25 65
25 68
25 69
25 70
25 71
25 73
25 74
25 89
25 96
25 100
25 102
25 103
25 105
25 112
25 116
25 124
25 126
25 127
25 134
25 135
25 140
25 141
25 144
25 145
25 175
26 160
26 175
26 179
26 200
26 237
26 248
26 249
26 264
26 278
26 281
26 286
26 297
26 0
26 1
26 5
26 7
26 10
26 15
26 16
26 22
26 23
26 28
26 34
26 37
26 42
26 48
26 51
26 55
26 66
26 67
26 70
26 76
26 79
26 87
26 90
26 92
26 97
26 100
26 101
26 109
26 110
26 111
26 113
26 115
26 116
26 117
26 119
26 120
26 127
26 134
26 136
26 141
26 144
26 145
26 176
27 154
27 159
27 212
27 257
27 271
27 276
27 279
27 0
27 1
27 4
27 7
27 9
27 11
27 17
27 24
27 28
27 29
27 36
27 37
27 46
27 51
27 52
27 53
27 54
27 56
27 58
27 66
27 67
27 73
27 75
27 76
27 78
27 79
27 81
27 85
27 89
27 91
27 100
27 101
27 106
27 108
27 115
27 122
27 128
27 131
27 132
27 133
27 134
27 135
27 137
27 138
27 144
27 177
28 163
28 224
28 230
28 252
28 258
28 261
28 273
28 4
28 7
28 8
28 10
28 14
28 17
28 24
28 26
28 27
28 30
28 33
28 35
28 36
28 45
28 46
28 47
28 48
28 61
28 65
28 66
28 69
28 75
28 76
28 79
28 80
28 82
28 83
28 85
28 93
28 95
28 100
28 102
28 108
28 114
28 119
28 120
28 125
28 131
28 135
28 138
28 144
28 148
28 149
28 178
29 180
29 198
29 239
29 280
29 289
29 290
29 8
29 9
29 10
29 12
29 13
29 15
29 18
29 20
29 21
29 22
29 24
29 27
29 36
29 38
29 39
29 40
29 50
29 51
29 52
29 54
29 65
29 68
29 69
29 70
29 71
29 74
29 75
29 80
29 84
29 87
29 89
29 91
29 98
29 100
29 105
29 108
29 109
29 114
29 118
29 121
29 122
29 123
29 125
29 127
29 129
29 132
29 135
29 136
29 137
29 147
29 148
29 179
30 153
30 202
30 215
30 249
30 262
30 0
30 1
30 4
30 7
30 14
30 16
30 18
30 23
30 25
30 28
30 32
30 39
30 41
30 44
30 45
30 47
30 48
30 51
30 52
30 55
30 63
30 75
30 83
30 87
30 88
30 93
30 95
30 96
30 98
30 100
30 101
30 110
30 116
30 120
30 126
30 127
30 145
30 148
30 180
31 163
31 177
31 178
31 187
31 190
31 193
31 198
31 202
31 211
31 263
31 266
31 280
31 292
31 2
31 8
31 10
31 17
31 20
31 21
31 22
31 23
31 24
31 25
31 37
31 40
31 48
31 49
31 51
31 52
31 55
31 57
31 58
31 63
31 66
31 68
31 70
31 71
31 75
31 76
31 78
31 81
31 86
31 89
31 93
31 96
31 100
31 109
31 112
31 114
31 115
31 118
31 124
31 128
31 133
31 142
31 145
31 148
31 181
32 155
32 173
32 176
32 194
32 222
32 226
32 244
32 255
32 258
32 263
32 270
32 281
32 299
32 1
32 8
32 15
32 21
32 23
32 30
32 45
32 46
32 48
32 50
32 52
32 59
32 60
32 61
32 65
32 70
32 72
32 75
32 76
32 78
32 90
32 91
32 95
32 105
32 114
32 115
32 120
32 122
32 124
32 125
32 127
32 131
32 133
32 134
32 138
32 140
32 141
32 144
32 147
32 149
32 182
33 166
33 191
33 242
33 271
33 0
33 2
33 3
33 4
33 11
33 13
33 15
33 17
33 19
33 20
33 21
33 28
33 34
33 39
33 40
33 43
33 45
33 47
33 50
33 53
33 59
33 61
33 63
33 70
33 71
33 74
33 82
33 85
33 86
33 88
33 96
33 99
33 101
33 106
33 107
33 108
33 111
33 113
33 117
33 121
33 122
33 124
33 126
33 127
33 136
33 137
33 141
33 149
33 183
34 161
34 163
34 164
34 175
34 178
34 180
34 200
34 213
34 220
34 247
34 256
34 0
34 1
34 5
34 15
34 18
34 19
34 20
34 25
34 26
34 33
34 37
34 41
34 44
34 47
34 49
34 53
34 54
34 56
34 59
34 66
34 67
34 70
34 71
34 72
34 78
34 79
34 80
34 81
34 84
34 89
34 92
34 98
34 99
34 102
34 111
34 113
34 122
34 123
34 124
34 128
34 129
34 132
34 135
34 138
34 139
34 145
34 146
34 147
34 184
35 158
35 159
35 190
35 192
35 218
35 219
35 230
35 253
35 265
35 275
35 276
35 277
35 287
35 289
35 3
35 4
35 7
35 8
35 9
35 12
35 16
35 17
35 22
35 28
35 47
35 56
35 57
35 58
35 66
35 73
35 83
35 98
35 102
35 109
35 119
35 120
35 123
35 124
35 125
35 127
35 128
35 137
35 140
35 141
35 144
35 185
36 153
36 167
36 213
36 214
36 225
36 240
36 250
36 263
36 266
36 272
36 292
36 0
36 2
36 5
36 6
36 7
36 12
36 16
36 18
36 19
36 25
36 27
36 28
36 29
36 39
36 43
36 46
36 54
36 56
36 62
36 65
36 67
36 68
36 73
36 74
36 75
36 76
36 78
36 83
36 84
36 85
36 88
36 92
36 94
36 95
36 99
36 102
36 105
36 110
36 113
36 115
36 120
36 121
36 132
36 136
36 141
36 145
36 186
37 152
37 155
37 156
37 204
37 267
37 272
37 291
37 0
37 6
37 13
37 14
37 16
37 17
37 18
37 19
37 20
37 21
37 22
37 23
37 24
37 26
37 27
37 31
37 34
37 43
37 48
37 51
37 56
37 62
37 71
37 72
37 74
37 75
37 77
37 79
37 81
37 86
37 88
37 90
37 95
37 97
37 98
37 99
37 100
37 102
37 106
37 108
37 110
37 114
37 117
37 118
37 119
37 120
37 128
37 131
37 136
37 138
37 142
37 187
38 152
38 189
38 193
38 219
38 225
38 232
38 245
38 3
38 11
38 17
38 22
38 29
38 40
38 49
38 50
38 52
38 63
38 67
38 69
38 70
38 72
38 73
38 74
38 75
38 80
38 83
38 87
38 88
38 89
38 92
38 98
38 99
38 104
38 107
38 109
38 112
38 113
38 116
38 117
38 122
38 125
38 126
38 128
38 135
38 136
38 138
38 139
38 140
38 142
38 147
38 188
39 164
39 198
39 225
39 234
39 252
39 0
39 1
39 3
39 4
39 7
39 10
39 11
39 18
39 22
39 25
39 29
39 30
39 33
39 36
39 46
39 47
39 50
39 67
39 69
39 74
39 75
39 77
39 79
39 80
39 82
39 83
39 89
39 90
39 96
39 98
39 100
39 103
39 104
39 107
39 109
39 113
39 114
39 116
39 118
39 124
39 125
39 126
39 127
39 129
39 131
39 136
39 143
39 144
39 189
40 194
40 217
40 219
40 223
40 245
40 276
40 2
40 3
40 6
40 7
40 8
40 13
40 14
40 17
40 21
40 22
40 25
40 29
40 31
40 33
40 38
40 41
40 43
40 57
40 60
40 62
40 63
40 64
40 65
40 69
40 74
40 76
40 77
40 83
40 85
40 92
40 93
40 94
40 97
40 99
40 101
40 102
40 103
40 107
40 109
40 112
40 114
40 115
40 116
40 118
40 121
40 123
40 127
40 129
40 133
40 136
40 142
40 144
40 146
40 147
40 190
41 150
41 186
41 224
41 237
41 271
41 3
41 9
41 12
41 13
41 14
41 16
41 18
41 19
41 20
41 22
41 24
41 30
41 34
41 40
41 44
41 46
41 57
41 62
41 63
41 66
41 68
41 71
41 78
41 87
41 89
41 91
41 92
41 97
41 98
41 103
41 109
41 113
41 116
41 118
41 122
41 126
41 129
41 132
41 134
41 136
41 138
41 142
41 147
41 191
42 155
42 161
42 193
42 239
42 242
42 258
42 262
42 267
42 269
42 275
42 2
42 4
42 12
42 15
42 17
42 18
42 21
42 25
42 26
42 43
42 48
42 52
42 53
42 55
42 60
42 66
42 69
42 81
42 85
42 86
42 88
42 89
42 95
42 99
42 102
42 104
42 109
42 111
42 116
42 117
42 120
42 121
42 130
42 133
42 135
42 137
42 142
42 146
42 192
43 178
43 183
43 187
43 204
43 205
43 223
43 233
43 266
43 279
43 3
43 5
43 6
43 16
43 20
43 21
43 22
43 25
43 33
43 36
43 37
43 40
43 42
43 44
43 45
43 46
43 47
43 48
43 59
43 60
43 62
43 63
43 65
43 69
43 71
43 74
43 76
43 77
43 79
43 83
43 84
43 107
43 112
43 117
43 118
43 119
43 122
43 124
43 126
43 129
43 133
43 139
43 140
43 148
43 193
44 150
44 159
44 176
44 190
44 209
44 212
44 230
44 232
44 246
44 279
44 1
44 2
44 7
44 12
44 13
44 30
44 34
44 41
44 43
44 45
44 47
44 50
44 51
44 52
44 61
44 62
44 72
44 74
44 83
44 86
44 89
44 90
44 92
44 99
44 100
44 102
44 106
44 116
44 118
44 122
44 125
44 130
44 134
44 135
44 136
44 138
44 139
44 143
44 145
44 146
44 194
45 184
45 189
45 223
45 250
45 251
45 253
45 258
45 265
45 267
45 2
45 3
45 5
45 6
45 7
45 8
45 9
45 10
45 13
45 15
45 24
45 28
45 30
45 32
45 33
45 43
45 44
45 50
45 52
45 56
45 57
45 60
45 68
45 74
45 75
45 81
45 85
45 86
45 88
45 94
45 96
45 106
45 109
45 113
45 120
45 121
45 123
45 126
45 127
45 130
45 144
45 146
45 195
46 163
46 178
46 180
46 193
46 218
46 230
46 244
46 249
46 250
46 266
46 282
46 0
46 4
46 8
46 10
46 11
46 18
46 25
46 27
46 28
46 32
46 36
46 39
46 41
46 43
46 47
46 49
46 51
46 52
46 61
46 62
46 80
46 81
46 85
46 88
46 89
46 92
46 94
46 97
46 99
46 111
46 114
46 115
46 120
46 122
46 123
46 124
46 127
46 132
46 148
46 149
46 196
47 160
47 166
47 214
47 216
47 229
47 231
47 237
47 262
47 269
47 286
47 0
47 8
47 14
47 15
47 16
47 21
47 28
47 30
47 33
47 34
47 35
47 39
47 43
47 44
47 46
47 51
47 52
47 56
47 59
47 73
47 86
47 87
47 89
47 92
47 96
47 98
47 100
47 101
47 103
47 108
47 109
47 112
47 113
47 114
47 115
47 116
47 120
47 123
47 127
47 128
47 129
47 132
47 135
47 136
47 141
47 149
47 197
48 186
48 239
48 281
48 287
48 5
48 6
48 10
48 24
48 26
48 28
48 30
48 31
48 32
48 37
48 42
48 43
48 69
48 71
48 76
48 77
48 79
48 80
48 93
48 95
48 100
48 110
48 113
48 117
48 120
48 129
48 132
48 133
48 144
48 198
49 185
49 195
49 222
49 229
49 234
49 258
49 268
49 277
49 285
49 2
49 3
49 7
49 16
49 19
49 20
49 24
49 31
49 34
49 38
49 46
49 54
49 55
49 56
49 59
49 61
49 68
49 73
49 75
49 80
49 81
49 87
49 89
49 90
49 92
49 93
49 95
49 98
49 102
49 105
49 116
49 119
49 123
49 134
49 136
49 140
49 143
49 144
49 148
49 199
50 159
50 163
50 164
50 166
50 191
50 194
50 196
50 206
50 259
50 261
50 275
50 287
50 290
50 3
50 18
50 19
50 21
50 29
50 32
50 33
50 38
50 39
50 44
50 45
50 52
50 53
50 55
50 56
50 59
50 61
50 66
50 69
50 71
50 74
50 78
50 82
50 86
50 88
50 91
50 100
50 103
50 104
50 106
50 116
50 117
50 120
50 125
50 126
50 128
50 129
50 131
50 134
50 136
50 138
50 139
50 143
50 147
50 148
50 149
50 200
51 166
51 189
51 195
51 201
51 218
51 229
51 238
51 245
51 259
51 262
51 283
51 287
51 0
51 3
51 10
51 13
51 14
51 20
51 22
51 24
51 25
51 26
51 27
51 29
51 30
51 31
51 37
51 44
51 46
51 47
51 56
51 58
51 59
51 60
51 66
51 71
51 79
51 80
51 81
51 82
51 86
51 92
51 94
51 95
51 100
51 110
51 119
51 120
51 126
51 128
51 133
51 136
51 149
52 171
52 195
52 209
52 220
52 244
52 247
52 264
52 277
52 290
52 1
52 8
52 9
52 11
52 19
52 23
52 27
52 29
52 30
52 31
52 32
52 38
52 42
52 44
52 45
52 46
52 47
52 50
52 53
52 58
52 64
52 65
52 66
52 68
52 71
52 75
52 76
52 77
52 78
52 86
52 90
52 91
52 92
52 94
52 96
52 97
52 102
52 103
52 105
52 106
52 107
52 108
52 111
52 113
52 115
52 117
52 118
52 119
52 122
52 123
52 124
52 126
52 130
52 145
52 146
52 147
52 202
53 178
53 201
53 206
53 208
53 272
53 0
53 3
53 5
53 6
53 8
53 11
53 12
53 13
53 15
53 17
53 23
53 24
53 27
53 33
53 34
53 42
53 50
53 52
53 54
53 56
53 61
53 67
53 68
53 69
53 79
53 80
53 82
53 90
53 101
53 102
53 111
53 113
53 118
53 120
53 121
53 123
53 126
53 127
53 132
53 136
53 137
53 139
53 142
53 144
53 203
54 152
54 174
54 177
54 214
54 225
54 230
54 249
54 255
54 4
54 5
54 10
54 14
54 25
54 27
54 29
54 34
54 36
54 49
54 53
54 57
54 59
54 67
54 73
54 75
54 81
54 82
54 85
54 86
54 87
54 90
54 92
54 95
54 102
54 104
54 105
54 113
54 115
54 117
54 118
54 122
54 124
54 125
54 128
54 132
54 134
54 138
54 141
54 144
54 146
54 204
55 151
55 159
55 172
55 200
55 203
55 213
55 218
55 236
55 4
55 10
55 19
55 26
55 30
55 31
55 42
55 49
55 50
55 58
55 59
55 64
55 66
55 73
55 81
55 83
55 85
55 88
55 91
55 95
55 98
55 99
55 104
55 110
55 121
55 122
55 126
55 127
55 134
55 136
55 139
55 140
55 143
55 146
55 205
56 185
56 206
56 207
56 227
56 246
56 259
56 272
56 275
56 281
56 1
56 2
56 5
56 14
56 15
56 22
56 25
56 27
56 34
56 35
56 36
56 37
56 45
56 47
56 49
56 50
56 51
56 53
56 63
56 65
56 66
56 69
56 74
56 77
56 80
56 84
56 86
56 87
56 92
56 94
56 97
56 98
56 100
56 101
56 104
56 105
56 106
56 107
56 111
56 115
56 118
56 120
56 121
56 123
56 124
56 126
56 132
56 139
56 140
56 143
56 145
56 149
57 163
57 178
57 194
57 225
57 236
57 265
57 2
57 5
57 6
57 8
57 10
57 14
57 18
57 22
57 23
57 25
57 31
57 35
57 40
57 41
57 45
57 54
57 61
57 62
57 66
57 67
57 69
57 70
57 76
57 77
57 80
57 81
57 88
57 90
57 93
57 95
57 104
57 105
57 108
57 114
57 115
57 116
57 126
57 127
57 129
57 136
57 138
57 148
57 149
57 207
58 156
58 175
58 181
58 189
58 206
58 216
58 241
58 245
58 281
58 7
58 9
58 12
58 18
58 21
58 27
58 31
58 35
58 51
58 52
58 55
58 64
58 65
58 67
58 73
58 77
58 84
58 91
58 92
58 96
58 97
58 103
58 110
58 116
58 125
58 126
58 127
58 132
58 133
58 139
58 141
58 142
58 143
58 146
58 208
59 151
59 168
59 169
59 170
59 174
59 175
59 185
59 232
59 255
59 0
59 3
59 4
59 6
59 8
59 11
59 13
59 16
59 22
59 25
59 32
59 33
59 34
59 43
59 47
59 49
59 50
59 51
59 54
59 55
59 60
59 64
59 67
59 70
59 72
59 74
59 86
59 89
59 93
59 94
59 110
59 116
59 123
59 129
59 131
59 135
59 144
59 148
59 209
60 157
60 160
60 196
60 202
60 211
60 236
60 249
60 263
60 278
60 290
60 2
60 7
60 11
60 12
60 19
60 20
60 22
60 32
60 40
60 42
60 43
60 45
60 51
60 59
60 61
60 62
60 69
60 72
60 73
60 77
60 79
60 83
60 84
60 90
60 95
60 96
60 97
60 102
60 107
60 108
60 112
60 126
60 130
60 131
60 133
60 136
60 140
60 144
60 146
60 148
60 149
60 210
61 165
61 178
61 181
61 241
61 244
61 282
61 5
61 8
61 9
61 13
61 15
61 17
61 18
61 20
61 23
61 28
61 32
61 33
61 44
61 46
61 49
61 50
61 53
61 57
61 60
61 68
61 74
61 78
61 81
61 85
61 94
61 96
61 98
61 101
61 107
61 109
61 111
61 113
61 114
61 115
61 124
61 126
61 130
61 132
61 134
61 135
61 138
61 142
61 144
61 149
61 211
62 151
62 163
62 173
62 187
62 197
62 241
62 245
62 251
62 254
62 263
62 269
62 279
62 0
62 6
62 8
62 12
62 14
62 15
62 22
62 24
62 36
62 37
62 40
62 41
62 43
62 44
62 46
62 57
62 60
62 66
62 67
62 68
62 75
62 76
62 79
62 84
62 86
62 88
62 89
62 90
62 91
62 92
62 93
62 94
62 99
62 101
62 104
62 105
62 108
62 110
62 111
62 116
62 128
62 130
62 131
62 132
62 134
62 138
62 142
62 143
62 144
62 148
62 212
63 164
63 180
63 201
63 204
63 237
63 260
63 296
63 299
63 0
63 4
63 7
63 8
63 11
63 13
63 30
63 31
63 33
63 38
63 40
63 41
63 43
63 56
63 65
63 66
63 71
63 77
63 83
63 87
63 90
63 93
63 100
63 101
63 102
63 104
63 105
63 106
63 107
63 109
63 110
63 114
63 118
63 122
63 123
63 125
63 128
63 134
63 137
63 143
63 144
63 146
63 213
64 158
64 159
64 160
64 161
64 202
64 220
64 248
64 249
64 290
64 293
64 298
64 1
64 2
64 7
64 11
64 12
64 14
64 24
64 40
64 52
64 55
64 58
64 59
64 68
64 69
64 73
64 77
64 78
64 81
64 83
64 84
64 85
64 86
64 87
64 90
64 91
64 92
64 94
64 96
64 97
64 100
64 102
64 103
64 105
64 107
64 109
64 120
64 122
64 131
64 136
64 139
64 143
64 145
64 146
64 214
65 167
65 169
65 188
65 209
65 210
65 276
65 285
65 290
65 299
65 8
65 13
65 14
65 24
65 25
65 28
65 29
65 32
65 36
65 40
65 43
65 52
65 56
65 58
65 63
65 67
65 82
65 91
65 96
65 98
65 102
65 114
65 116
65 118
65 125
65 126
65 129
65 130
65 136
65 137
65 140
65 141
65 142
65 146
65 215
66 186
66 201
66 222
66 254
66 267
66 273
66 288
66 291
66 2
66 9
66 11
66 14
66 19
66 22
66 23
66 26
66 27
66 28
66 31
66 34
66 35
66 41
66 42
66 50
66 51
66 52
66 55
66 56
66 57
66 62
66 63
66 67
66 70
66 76
66 78
66 82
66 83
66 94
66 95
66 96
66 98
66 109
66 110
66 111
66 117
66 118
66 130
66 131
66 132
66 133
66 134
66 136
66 138
66 139
66 142
66 143
66 144
66 145
66 147
66 216
67 151
67 154
67 173
67 183
67 194
67 202
67 204
67 230
67 246
67 250
67 266
67 268
67 280
67 294
67 0
67 6
67 7
67 9
67 22
67 23
67 26
67 27
67 34
67 36
67 38
67 39
67 53
67 54
67 57
67 58
67 59
67 62
67 65
67 66
67 68
67 69
67 73
67 84
67 86
67 90
67 94
67 97
67 99
67 101
67 104
67 106
67 111
67 115
67 116
67 118
67 121
67 122
67 124
67 128
67 137
67 143
67 145
67 217
68 192
68 209
68 214
68 225
68 248
68 283
68 0
68 2
68 3
68 4
68 5
68 13
68 23
68 25
68 29
68 31
68 36
68 41
68 45
68 49
68 52
68 53
68 61
68 62
68 64
68 67
68 70
68 71
68 75
68 77
68 78
68 83
68 85
68 87
68 90
68 95
68 102
68 104
68 114
68 120
68 122
68 129
68 131
68 140
68 143
68 149
68 218
69 151
69 214
69 253
69 261
69 1
69 6
69 8
69 14
69 15
69 18
69 20
69 21
69 24
69 25
69 28
69 29
69 38
69 39
69 40
69 42
69 43
69 48
69 50
69 53
69 56
69 57
69 60
69 64
69 67
69 70
69 73
69 79
69 81
69 82
69 88
69 91
69 95
69 98
69 100
69 101
69 108
69 113
69 114
69 116
69 118
69 129
69 131
69 134
69 136
69 137
69 138
69 139
69 141
69 147
69 148
69 219
70 154
70 189
70 197
70 207
70 211
70 215
70 218
70 226
70 238
70 246
70 248
70 284
70 4
70 11
70 12
70 19
70 21
70 25
70 26
70 29
70 31
70 32
70 33
70 34
70 38
70 57
70 59
70 66
70 68
70 69
70 73
70 75
70 77
70 78
70 82
70 91
70 94
70 99
70 101
70 106
70 110
70 114
70 127
70 129
70 130
70 131
70 136
70 138
70 139
70 140
70 142
70 145
70 146
70 220
71 155
71 167
71 172
71 178
71 189
71 213
71 265
71 3
71 7
71 8
71 15
71 18
71 20
71 23
71 25
71 29
71 31
71 33
71 34
71 37
71 41
71 43
71 48
71 50
71 51
71 52
71 63
71 68
71 72
71 73
71 78
71 80
71 85
71 86
71 87
71 94
71 96
71 98
71 105
71 106
71 109
71 113
71 115
71 116
71 118
71 122
71 123
71 126
71 131
71 135
71 138
71 140
71 141
71 144
71 221
72 173
72 181
72 200
72 202
72 208
72 222
72 246
72 272
72 279
72 282
72 3
72 9
72 10
72 14
72 17
72 18
72 21
72 24
72 32
72 34
72 37
72 38
72 44
72 59
72 60
72 71
72 75
72 76
72 78
72 79
72 82
72 85
72 86
72 87
72 91
72 94
72 95
72 101
72 102
72 106
72 107
72 108
72 111
72 112
72 117
72 124
72 125
72 127
72 131
72 132
72 141
72 146
73 154
73 179
73 200
73 206
73 223
73 224
73 241
73 244
73 270
73 277
73 283
73 0
73 2
73 7
73 11
73 12
73 15
73 22
73 25
73 27
73 35
73 36
73 38
73 47
73 49
73 54
73 55
73 58
73 60
73 64
73 67
73 69
73 70
73 71
73 74
73 79
73 81
73 83
73 87
73 88
73 95
73 100
73 103
73 110
73 112
73 114
73 115
73 116
73 120
73 122
73 124
73 125
73 127
73 133
73 136
73 138
73 142
73 145
73 149
74 179
74 194
74 196
74 213
74 218
74 223
74 234
74 265
74 278
74 288
74 4
74 5
74 10
74 11
74 12
74 16
74 18
74 19
74 21
74 24
74 25
74 29
74 33
74 36
74 37
74 38
74 39
74 40
74 43
74 44
74 45
74 50
74 56
74 59
74 61
74 73
74 75
74 78
74 82
74 90
74 91
74 93
74 95
74 98
74 104
74 108
74 109
74 110
74 114
74 120
74 131
74 132
74 133
74 134
74 135
74 136
74 141
74 142
74 143
74 144
74 145
74 146
74 149
74 224
75 153
75 159
75 208
75 221
75 242
75 271
75 286
75 294
75 3
75 7
75 9
75 11
75 18
75 19
75 20
75 22
75 24
75 27
75 28
75 29
75 30
75 31
75 32
75 36
75 37
75 38
75 39
75 45
75 49
75 52
75 54
75 62
75 68
75 70
75 72
75 74
75 76
75 78
75 81
75 88
75 91
75 94
75 98
75 104
75 105
75 112
75 113
75 115
75 117
75 118
75 119
75 122
75 125
75 130
75 136
75 137
75 145
75 225
76 150
76 158
76 159
76 170
76 175
76 188
76 195
76 201
76 210
76 275
76 298
76 0
76 2
76 7
76 8
76 21
76 22
76 26
76 27
76 28
76 31
76 32
76 36
76 40
76 43
76 48
76 52
76 57
76 62
76 66
76 72
76 75
76 79
76 83
76 93
76 96
76 97
76 98
76 99
76 100
76 110
76 119
76 121
76 122
76 125
76 127
76 134
76 135
76 139
76 140
76 142
76 226
77 180
77 188
77 225
77 232
77 283
77 291
77 297
77 0
77 6
77 10
77 11
77 17
77 18
77 19
77 22
77 37
77 39
77 40
77 43
77 48
77 52
77 56
77 57
77 58
77 60
77 63
77 64
77 68
77 70
77 79
77 83
77 86
77 87
77 89
77 98
77 103
77 107
77 109
77 111
77 112
77 116
77 117
77 118
77 119
77 124
77 125
77 134
77 136
77 137
77 138
77 141
77 142
77 144
77 145
77 227
78 164
78 170
78 171
78 179
78 182
78 183
78 184
78 188
78 197
78 213
78 237
78 240
78 0
78 3
78 11
78 13
78 17
78 18
78 22
78 24
78 27
78 31
78 32
78 34
78 36
78 41
78 50
78 52
78 61
78 64
78 66
78 68
78 70
78 71
78 72
78 74
78 75
78 80
78 81
78 82
78 84
78 92
78 93
78 95
78 100
78 101
78 103
78 105
78 108
78 111
78 119
78 120
78 121
78 125
78 126
78 129
78 141
78 147
78 228
79 158
79 170
79 171
79 174
79 182
79 205
79 212
79 275
79 276
79 293
79 3
79 6
79 12
79 13
79 17
79 18
79 19
79 23
79 26
79 27
79 28
79 34
79 37
79 39
79 43
79 48
79 51
79 53
79 60
79 62
79 69
79 72
79 73
79 76
79 77
79 87
79 89
79 91
79 92
79 95
79 100
79 106
79 107
79 108
79 114
79 117
79 127
79 133
79 137
79 139
79 140
79 141
79 147
79 229
80 163
80 176
80 186
80 198
80 203
80 209
80 221
80 260
80 268
80 275
80 292
80 2
80 6
80 7
80 10
80 14
80 16
80 17
80 18
80 22
80 28
80 29
80 34
80 38
80 39
80 46
80 48
80 49
80 51
80 53
80 56
80 57
80 71
80 78
80 85
80 86
80 91
80 94
80 102
80 103
80 105
80 107
80 111
80 115
80 118
80 119
80 122
80 129
80 139
80 144
80 146
80 148
80 149
80 230
81 163
81 176
81 197
81 202
81 241
81 254
81 258
81 295
81 10
81 20
81 21
81 24
81 27
81 31
81 34
81 37
81 42
81 45
81 46
81 49
81 51
81 54
81 55
81 57
81 61
81 64
81 69
81 73
81 75
81 78
81 83
81 84
81 86
81 89
81 94
81 96
81 98
81 99
81 104
81 106
81 111
81 117
81 121
81 122
81 123
81 125
81 126
81 130
81 135
81 143
81 146
81 148
81 231
82 208
82 215
82 226
82 245
82 273
82 279
82 283
82 1
82 2
82 8
82 11
82 12
82 13
82 14
82 17
82 19
82 20
82 22
82 24
82 28
82 33
82 39
82 50
82 51
82 53
82 54
82 65
82 66
82 69
82 70
82 72
82 74
82 78
82 84
82 87
82 88
82 96
82 100
82 105
82 109
82 111
82 112
82 113
82 118
82 121
82 123
82 138
82 142
82 145
82 146
82 232
83 167
83 199
83 207
83 208
83 229
83 261
83 264
83 265
83 284
83 285
83 4
83 6
83 9
83 12
83 15
83 18
83 19
83 28
83 30
83 35
83 36
83 38
83 39
83 40
83 43
83 44
83 55
83 60
83 63
83 64
83 66
83 68
83 73
83 76
83 77
83 81
83 84
83 85
83 90
83 95
83 103
83 105
83 110
83 112
83 114
83 117
83 118
83 120
83 121
83 122
83 136
83 138
83 141
83 147
83 148
83 149
83 233
84 209
84 219
84 226
84 264
84 266
84 284
84 292
84 0
84 3
84 4
84 10
84 12
84 15
84 17
84 18
84 20
84 29
84 34
84 36
84 43
84 56
84 58
84 60
84 62
84 64
84 67
84 78
84 81
84 82
84 83
84 86
84 92
84 102
84 103
84 107
84 109
84 112
84 113
84 114
84 119
84 120
84 124
84 131
84 136
84 138
84 142
84 146
84 148
84 234
85 176
85 182
85 190
85 211
85 220
85 228
85 276
85 277
85 299
85 1
85 5
85 7
85 15
85 16
85 19
85 24
85 27
85 28
85 33
85 36
85 40
85 42
85 45
85 46
85 54
85 55
85 61
85 64
85 68
85 71
85 72
85 80
85 83
85 91
85 93
85 96
85 98
85 99
85 101
85 102
85 103
85 107
85 111
85 119
85 120
85 127
85 133
85 136
85 141
85 145
85 235
86 175
86 224
86 235
86 260
86 280
86 281
86 1
86 6
86 8
86 12
86 14
86 15
86 17
86 19
86 21
86 24
86 31
86 33
86 37
86 42
86 44
86 45
86 47
86 50
86 51
86 52
86 54
86 56
86 59
86 62
86 64
86 67
86 71
86 72
86 77
86 80
86 81
86 84
86 87
86 89
86 92
86 96
86 97
86 102
86 103
86 105
86 112
86 120
86 123
86 126
86 127
86 128
86 131
86 144
86 145
86 147
86 148
86 236
87 158
87 173
87 180
87 183
87 192
87 200
87 209
87 222
87 224
87 236
87 245
87 247
87 249
87 271
87 281
87 4
87 6
87 8
87 11
87 14
87 15
87 16
87 18
87 20
87 22
87 26
87 29
87 30
87 38
87 41
87 47
87 49
87 54
87 56
87 63
87 64
87 68
87 71
87 72
87 73
87 77
87 79
87 82
87 86
87 88
87 92
87 98
87 100
87 103
87 105
87 109
87 111
87 112
87 114
87 115
87 118
87 121
87 125
87 129
87 135
87 138
87 140
87 145
87 146
87 148
87 149
87 237
88 188
88 193
88 224
88 240
88 297
88 4
88 5
88 6
88 7
88 11
88 12
88 16
88 23
88 24
88 30
88 33
88 36
88 37
88 38
88 42
88 45
88 46
88 50
88 55
88 57
88 62
88 69
88 73
88 75
88 82
88 87
88 89
88 95
88 101
88 102
88 104
88 106
88 111
88 112
88 119
88 123
88 128
88 130
88 137
88 139
88 145
88 148
88 149
88 238
89 157
89 159
89 194
89 198
89 226
89 229
89 234
89 237
89 259
89 262
89 264
89 265
89 294
89 5
89 7
89 11
89 19
89 25
89 27
89 29
89 31
89 34
89 38
89 39
89 41
89 42
89 44
89 46
89 47
89 49
89 59
89 62
89 77
89 79
89 81
89 86
89 88
89 91
89 94
89 99
89 103
89 106
89 108
89 109
89 112
89 113
89 119
89 122
89 126
89 129
89 134
89 138
89 142
89 144
89 145
89 147
89 239
90 155
90 157
90 201
90 208
90 214
90 217
90 233
90 268
90 271
90 281
90 286
90 4
90 5
90 6
90 8
90 10
90 15
90 17
90 18
90 22
90 26
90 32
90 37
90 39
90 44
90 49
90 52
90 53
90 54
90 57
90 60
90 62
90 63
90 64
90 67
90 68
90 74
90 83
90 91
90 92
90 95
90 102
90 104
90 109
90 112
90 116
90 120
90 122
90 124
90 125
90 126
90 128
90 130
90 131
90 136
90 137
90 141
90 143
90 240
91 157
91 159
91 166
91 178
91 191
91 238
91 239
91 249
91 297
91 298
91 1
91 3
91 5
91 6
91 13
91 16
91 19
91 24
91 27
91 29
91 32
91 41
91 50
91 52
91 55
91 58
91 62
91 64
91 65
91 69
91 70
91 72
91 74
91 75
91 79
91 80
91 85
91 89
91 90
91 96
91 97
91 99
91 106
91 107
91 110
91 112
91 113
91 131
91 133
91 134
91 136
91 137
91 149
91 241
92 173
92 185
92 186
92 204
92 217
92 218
92 247
92 250
92 254
92 1
92 3
92 4
92 11
92 17
92 18
92 23
92 26
92 34
92 36
92 38
92 40
92 41
92 44
92 46
92 47
92 49
92 51
92 52
92 54
92 56
92 58
92 62
92 64
92 78
92 79
92 84
92 86
92 87
92 90
92 97
92 98
92 101
92 103
92 106
92 110
92 111
92 115
92 116
92 120
92 134
92 139
92 142
92 146
92 242
93 164
93 178
93 182
93 201
93 212
93 267
93 0
93 4
93 8
93 10
93 28
93 30
93 31
93 40
93 48
93 49
93 57
93 59
93 62
93 63
93 74
93 76
93 78
93 85
93 99
93 101
93 105
93 108
93 112
93 120
93 123
93 124
93 128
93 133
93 142
93 143
93 243
94 154
94 181
94 194
94 204
94 211
94 229
94 259
94 261
94 264
94 283
94 1
94 4
94 5
94 6
94 7
94 11
94 12
94 13
94 15
94 18
94 24
94 36
94 40
94 45
94 46
94 51
94 52
94 56
94 59
94 61
94 62
94 64
94 66
94 67
94 70
94 71
94 72
94 75
94 80
94 81
94 89
94 98
94 100
94 101
94 103
94 105
94 107
94 109
94 110
94 111
94 120
94 125
94 126
94 130
94 132
94 136
94 143
94 145
94 149
94 244
95 154
95 156
95 172
95 193
95 201
95 207
95 209
95 216
95 268
95 2
95 3
95 6
95 11
95 12
95 17
95 22
95 23
95 28
95 30
95 32
95 36
95 37
95 42
95 48
95 49
95 51
95 54
95 55
95 57
95 60
95 66
95 68
95 69
95 72
95 73
95 74
95 78
95 79
95 83
95 88
95 90
95 104
95 111
95 112
95 113
95 117
95 124
95 128
95 129
95 130
95 133
95 138
95 140
95 141
95 144
95 147
95 245
96 152
96 223
96 243
96 273
96 280
96 282
96 0
96 1
96 7
96 9
96 11
96 18
96 19
96 20
96 21
96 22
96 25
96 30
96 31
96 33
96 39
96 45
96 47
96 52
96 58
96 60
96 61
96 64
96 65
96 66
96 71
96 76
96 81
96 82
96 85
96 86
96 91
96 101
96 111
96 123
96 124
96 133
96 134
96 137
96 140
96 141
96 144
96 145
96 147
96 148
96 246
97 150
97 154
97 159
97 190
97 193
97 207
97 212
97 213
97 264
97 265
97 276
97 4
97 10
97 14
97 26
97 37
97 40
97 41
97 46
97 52
97 56
97 58
97 60
97 64
97 67
97 76
97 86
97 91
97 92
97 103
97 110
97 111
97 113
97 118
97 135
97 136
97 138
97 141
97 146
97 148
97 247
98 167
98 174
98 180
98 193
98 214
98 250
98 252
98 287
98 0
98 3
98 4
98 5
98 6
98 9
98 10
98 11
98 12
98 13
98 14
98 15
98 17
98 18
98 19
98 22
98 23
98 29
98 30
98 34
98 35
98 37
98 38
98 39
98 41
98 47
98 49
98 55
98 56
98 61
98 65
98 66
98 69
98 71
98 74
98 75
98 76
98 77
98 81
98 85
98 87
98 92
98 94
98 100
98 105
98 108
98 110
98 114
98 120
98 125
98 126
98 129
98 130
98 132
98 133
98 134
98 143
98 146
98 248
99 154
99 156
99 167
99 173
99 197
99 206
99 214
99 231
99 232
99 252
99 276
99 280
99 283
99 0
99 2
99 7
99 10
99 11
99 14
99 22
99 23
99 24
99 33
99 34
99 36
99 37
99 38
99 40
99 42
99 44
99 46
99 55
99 62
99 67
99 70
99 76
99 81
99 85
99 89
99 91
99 93
99 102
99 103
99 111
99 112
99 114
99 126
99 129
99 131
99 135
99 136
99 141
99 143
99 144
99 146
99 249
100 163
100 168
100 169
100 184
100 190
100 194
100 249
100 265
100 275
100 292
100 1
100 5
100 13
100 19
100 21
100 22
100 25
100 26
100 27
100 28
100 29
100 30
100 31
100 37
100 39
100 44
100 47
100 48
100 50
100 51
100 56
100 63
100 64
100 69
100 73
100 76
100 78
100 79
100 82
100 87
100 94
100 98
100 106
100 110
100 116
100 117
100 118
100 119
100 120
100 123
100 124
100 129
100 131
100 133
100 134
100 140
100 141
100 143
100 146
100 147
100 250
101 152
101 193
101 202
101 207
101 215
101 223
101 245
101 0
101 5
101 6
101 9
101 10
101 12
101 13
101 15
101 19
101 26
101 27
101 30
101 33
101 40
101 47
101 53
101 56
101 61
101 62
101 63
101 67
101 69
101 70
101 72
101 78
101 85
101 88
101 92
101 93
101 94
101 96
101 103
101 105
101 111
101 117
101 122
101 129
101 133
101 141
101 142
101 145
101 147
101 251
102 160
102 183
102 187
102 215
102 216
102 224
102 238
102 248
102 274
102 285
102 297
102 0
102 10
102 11
102 14
102 16
102 20
102 22
102 25
102 28
102 34
102 35
102 36
102 37
102 40
102 42
102 44
102 49
102 52
102 53
102 54
102 60
102 63
102 64
102 65
102 68
102 72
102 80
102 84
102 85
102 86
102 88
102 90
102 99
102 104
102 106
102 108
102 117
102 120
102 125
102 131
102 133
102 134
102 135
102 136
102 138
102 143
102 148
102 149
102 252
103 155
103 167
103 182
103 218
103 223
103 224
103 231
103 235
103 251
103 280
103 282
103 297
103 2
103 10
103 14
103 23
103 24
103 25
103 39
103 40
103 41
103 47
103 50
103 52
103 58
103 64
103 73
103 77
103 78
103 80
103 83
103 84
103 85
103 86
103 87
103 89
103 92
103 94
103 97
103 99
103 101
103 109
103 110
103 111
103 113
103 119
103 122
103 126
103 133
103 135
103 136
103 142
103 147
103 148
103 149
103 253
104 171
104 176
104 203
104 239
104 255
104 3
104 6
104 8
104 24
104 38
104 39
104 42
104 50
104 54
104 55
104 56
104 57
104 62
104 63
104 67
104 68
104 74
104 75
104 81
104 88
104 90
104 95
104 102
104 112
104 113
104 114
104 116
104 117
104 119
104 120
104 121
104 130
104 141
104 254
105 158
105 164
105 197
105 222
105 227
105 232
105 245
105 271
105 287
105 293
105 2
105 6
105 8
105 11
105 13
105 19
105 20
105 21
105 25
105 29
105 32
105 36
105 49
105 52
105 54
105 56
105 57
105 62
105 63
105 64
105 71
105 75
105 78
105 80
105 82
105 83
105 86
105 87
105 93
105 94
105 98
105 101
105 107
105 113
105 114
105 116
105 120
105 121
105 123
105 125
105 128
105 138
105 139
105 144
105 146
105 255
106 154
106 164
106 192
106 195
106 235
106 237
106 253
106 264
106 288
106 4
106 10
106 11
106 19
106 20
106 22
106 23
106 27
106 33
106 37
106 44
106 45
106 50
106 52
106 56
106 63
106 67
106 70
106 71
106 72
106 79
106 81
106 88
106 89
106 91
106 92
106 100
106 102
106 108
106 112
106 115
106 116
106 120
106 121
106 123
106 125
106 126
106 127
106 130
106 133
106 134
106 141
106 144
106 145
106 146
106 256
107 179
107 189
107 257
107 268
107 272
107 273
107 286
107 292
107 5
107 12
107 19
107 22
107 33
107 38
107 39
107 40
107 43
107 52
107 56
107 60
107 61
107 63
107 64
107 72
107 77
107 79
107 80
107 84
107 85
107 91
107 94
107 105
107 111
107 114
107 119
107 121
107 122
107 123
107 126
107 127
107 132
107 135
107 141
107 143
107 145
107 149
108 201
108 204
108 229
108 261
108 266
108 274
108 282
108 293
108 6
108 7
108 10
108 13
108 16
108 17
108 23
108 27
108 28
108 29
108 33
108 37
108 47
108 52
108 57
108 60
108 62
108 69
108 72
108 74
108 78
108 79
108 89
108 93
108 98
108 102
108 106
108 109
108 110
108 116
108 128
108 138
108 147
108 258
109 152
109 154
109 192
109 214
109 216
109 256
109 258
109 2
109 5
109 11
109 12
109 16
109 22
109 23
109 26
109 29
109 31
109 35
109 38
109 39
109 40
109 41
109 42
109 45
109 47
109 61
109 63
109 64
109 66
109 71
109 74
109 77
109 82
109 84
109 87
109 89
109 90
109 94
109 103
109 108
109 110
109 117
109 121
109 125
109 128
109 130
109 132
109 134
109 140
109 147
109 149
109 259
110 172
110 192
110 193
110 194
110 195
110 222
110 248
110 279
110 280
110 293
110 0
110 3
110 4
110 7
110 8
110 19
110 26
110 30
110 36
110 37
110 48
110 51
110 55
110 58
110 59
110 62
110 63
110 66
110 70
110 73
110 74
110 76
110 83
110 91
110 92
110 94
110 97
110 98
110 100
110 103
110 108
110 109
110 111
110 116
110 122
110 123
110 129
110 132
110 133
110 142
110 146
110 260
111 158
111 161
111 164
111 181
111 184
111 202
111 227
111 284
111 5
111 16
111 17
111 26
111 33
111 34
111 42
111 46
111 52
111 53
111 56
111 61
111 62
111 66
111 67
111 72
111 77
111 78
111 80
111 81
111 82
111 85
111 87
111 88
111 92
111 94
111 95
111 96
111 97
111 99
111 101
111 103
111 107
111 110
111 112
111 113
111 115
111 116
111 118
111 123
111 124
111 125
111 134
111 136
111 142
111 146
111 147
111 148
111 149
111 261
112 150
112 152
112 156
112 171
112 201
112 219
112 226
112 248
112 266
112 277
112 1
112 4
112 11
112 12
112 13
112 22
112 25
112 31
112 38
112 40
112 43
112 47
112 60
112 72
112 73
112 75
112 77
112 82
112 83
112 84
112 86
112 87
112 88
112 89
112 90
112 91
112 93
112 95
112 99
112 104
112 106
112 111
112 116
112 117
112 120
112 121
112 122
112 124
112 125
112 129
112 130
112 135
112 139
112 143
112 144
112 145
112 149
112 262
113 155
113 173
113 181
113 193
113 206
113 212
113 220
113 231
113 255
113 282
113 286
113 1
113 2
113 8
113 14
113 26
113 33
113 34
113 36
113 38
113 39
113 41
113 45
113 47
113 48
113 52
113 53
113 54
113 61
113 69
113 71
113 75
113 82
113 84
113 89
113 91
113 95
113 97
113 103
113 104
113 105
113 111
113 116
113 117
113 118
113 119
113 123
113 129
113 130
113 132
113 134
113 136
113 137
113 139
113 143
113 144
113 148
113 263
114 151
114 157
114 192
114 211
114 231
114 268
114 281
114 294
114 0
114 2
114 3
114 7
114 9
114 10
114 15
114 16
114 23
114 28
114 29
114 31
114 32
114 37
114 39
114 40
114 46
114 47
114 57
114 61
114 63
114 65
114 68
114 69
114 70
114 73
114 74
114 79
114 83
114 84
114 87
114 98
114 99
114 104
114 105
114 107
114 118
114 119
114 120
114 122
114 123
114 127
114 133
114 136
114 139
114 140
114 141
114 148
114 149
114 264
115 160
115 168
115 182
115 198
115 212
115 226
115 229
115 252
115 265
115 285
115 298
115 0
115 1
115 3
115 6
115 12
115 16
115 18
115 20
115 21
115 22
115 23
115 26
115 27
115 31
115 32
115 36
115 40
115 46
115 47
115 52
115 54
115 56
115 57
115 61
115 67
115 71
115 73
115 75
115 80
115 87
115 92
115 106
115 111
115 116
115 121
115 128
115 129
115 130
115 132
115 133
115 138
115 139
115 148
116 181
116 193
116 198
116 259
116 262
116 294
116 3
116 4
116 5
116 7
116 8
116 11
116 12
116 16
116 17
116 19
116 25
116 26
116 30
116 38
116 39
116 40
116 41
116 42
116 44
116 47
116 49
116 50
116 57
116 58
116 59
116 62
116 65
116 67
116 69
116 71
116 73
116 77
116 90
116 92
116 100
116 104
116 105
116 106
116 108
116 110
116 111
116 112
116 113
116 115
116 117
116 119
116 127
116 128
116 132
116 136
116 139
116 140
116 147
116 266
117 176
117 216
117 257
117 262
117 287
117 3
117 5
117 7
117 10
117 11
117 12
117 13
117 14
117 18
117 26
117 33
117 37
117 38
117 42
117 43
117 48
117 50
117 52
117 54
117 66
117 72
117 75
117 77
117 79
117 81
117 83
117 95
117 100
117 101
117 102
117 104
117 109
117 112
117 113
117 116
117 118
117 122
117 125
117 132
117 136
117 139
117 144
117 147
117 267
118 163
118 179
118 188
118 202
118 212
118 242
118 249
118 290
118 294
118 1
118 4
118 6
118 8
118 12
118 15
118 21
118 29
118 31
118 37
118 39
118 40
118 41
118 43
118 44
118 52
118 53
118 54
118 56
118 63
118 65
118 66
118 67
118 69
118 71
118 75
118 77
118 80
118 82
118 83
118 87
118 97
118 100
118 111
118 113
118 114
118 117
118 119
118 120
118 121
118 123
118 125
118 132
118 136
118 137
118 138
118 140
118 141
118 144
118 146
118 147
118 268
119 155
119 174
119 185
119 186
119 196
119 200
119 204
119 210
119 215
119 219
119 239
119 258
119 276
119 283
119 292
119 0
119 2
119 3
119 4
119 15
119 17
119 19
119 21
119 22
119 24
119 26
119 28
119 35
119 37
119 43
119 49
119 51
119 52
119 75
119 76
119 77
119 78
119 80
119 84
119 85
119 88
119 89
119 100
119 103
119 104
119 107
119 113
119 114
119 116
119 118
119 120
119 121
119 127
119 131
119 137
119 145
119 269
120 161
120 164
120 177
120 199
120 202
120 230
120 233
120 238
120 277
120 278
120 295
120 1
120 5
120 7
120 20
120 21
120 22
120 24
120 26
120 28
120 30
120 32
120 35
120 36
120 37
120 42
120 45
120 46
120 47
120 48
120 50
120 51
120 53
120 56
120 64
120 68
120 73
120 74
120 78
120 83
120 84
120 85
120 86
120 90
120 92
120 93
120 94
120 98
120 100
120 102
120 104
120 105
120 106
120 112
120 114
120 118
120 119
120 125
120 128
120 136
120 141
120 142
120 147
120 148
120 270
121 151
121 174
121 212
121 214
121 237
121 254
121 271
121 274
121 285
121 298
121 2
121 14
121 15
121 17
121 29
121 33
121 36
121 40
121 42
121 45
121 53
121 55
121 56
121 67
121 76
121 78
121 81
121 82
121 83
121 87
121 104
121 105
121 106
121 107
121 109
121 112
121 115
121 118
121 119
121 128
121 130
121 132
121 135
121 142
121 146
121 149
122 158
122 179
122 200
122 223
122 226
122 232
122 245
122 259
122 264
122 292
122 1
122 3
122 5
122 7
122 8
122 12
122 17
122 22
122 24
122 27
122 29
122 32
122 33
122 34
122 38
122 41
122 43
122 44
122 46
122 52
122 54
122 55
122 63
122 64
122 67
122 68
122 71
122 73
122 75
122 76
122 80
122 81
122 83
122 89
122 90
122 101
122 103
122 107
122 110
122 112
122 114
122 117
122 124
122 125
122 126
122 127
122 128
122 129
122 133
122 139
122 141
122 142
122 146
122 147
122 148
122 272
123 167
123 206
123 221
123 229
123 240
123 245
123 247
123 248
123 252
123 257
123 260
123 265
123 282
123 289
123 293
123 0
123 2
123 5
123 10
123 15
123 18
123 19
123 22
123 23
123 29
123 34
123 35
123 40
123 45
123 46
123 47
123 49
123 52
123 53
123 56
123 59
123 63
123 71
123 81
123 82
123 86
123 88
123 93
123 96
123 100
123 105
123 106
123 107
123 110
123 111
123 113
123 114
123 118
123 124
123 125
123 126
123 131
123 135
123 138
123 141
123 142
123 143
123 273
124 156
124 177
124 178
124 181
124 227
124 231
124 247
124 273
124 280
124 291
124 4
124 5
124 9
124 16
124 17
124 18
124 21
124 25
124 31
124 32
124 33
124 34
124 35
124 39
124 43
124 46
124 52
124 54
124 56
124 61
124 67
124 72
124 73
124 77
124 84
124 90
124 93
124 95
124 96
124 100
124 111
124 112
124 122
124 123
124 129
124 133
124 137
124 139
124 143
124 144
124 274
125 160
125 162
125 177
125 182
125 184
125 220
125 239
125 0
125 1
125 3
125 4
125 6
125 12
125 19
125 23
125 28
125 29
125 32
125 35
125 38
125 39
125 44
125 50
125 54
125 58
125 63
125 65
125 72
125 73
125 75
125 76
125 77
125 78
125 81
125 87
125 90
125 94
125 98
125 102
125 105
125 106
125 109
125 111
125 112
125 117
125 118
125 120
125 122
125 123
125 127
125 129
125 133
125 140
125 142
125 146
125 275
126 150
126 167
126 178
126 195
126 202
126 225
126 296
126 0
126 13
126 14
126 19
126 20
126 23
126 25
126 30
126 33
126 38
126 39
126 41
126 43
126 45
126 50
126 51
126 52
126 53
126 55
126 56
126 57
126 58
126 60
126 61
126 65
126 71
126 78
126 81
126 86
126 89
126 90
126 94
126 98
126 99
126 103
126 106
126 107
126 122
126 123
126 127
126 128
126 130
126 132
126 134
126 137
126 138
126 140
126 143
126 147
126 149
126 276
127 159
127 192
127 216
127 261
127 269
127 4
127 5
127 10
127 13
127 14
127 16
127 19
127 23
127 24
127 25
127 26
127 29
127 30
127 32
127 33
127 35
127 39
127 40
127 45
127 46
127 47
127 53
127 55
127 57
127 58
127 70
127 72
127 73
127 76
127 79
127 85
127 86
127 106
127 107
127 114
127 116
127 119
127 122
127 125
127 126
127 129
127 138
127 139
127 141
127 144
127 147
127 149
127 277
128 150
128 153
128 164
128 165
128 169
128 187
128 197
128 205
128 222
128 269
128 274
128 295
128 1
128 2
128 4
128 9
128 19
128 22
128 27
128 31
128 34
128 35
128 37
128 38
128 47
128 50
128 51
128 54
128 62
128 63
128 67
128 86
128 88
128 90
128 93
128 95
128 105
128 108
128 109
128 115
128 116
128 120
128 121
128 122
128 126
128 129
128 137
128 143
128 144
128 146
128 278
129 161
129 184
129 186
129 195
129 216
129 240
129 263
129 271
129 279
129 294
129 297
129 4
129 9
129 10
129 11
129 14
129 15
129 17
129 19
129 22
129 29
129 34
129 39
129 40
129 41
129 43
129 47
129 48
129 50
129 57
129 59
129 65
129 68
129 69
129 70
129 78
129 80
129 87
129 89
129 95
129 98
129 99
129 100
129 101
129 110
129 112
129 113
129 115
129 122
129 124
129 125
129 127
129 128
129 130
129 131
129 135
129 136
129 138
129 143
129 149
130 221
130 257
130 260
130 289
130 0
130 4
130 5
130 8
130 12
130 15
130 17
130 42
130 44
130 45
130 52
130 60
130 61
130 62
130 65
130 66
130 70
130 75
130 81
130 88
130 90
130 94
130 95
130 98
130 104
130 106
130 109
130 112
130 113
130 115
130 121
130 126
130 129
130 131
130 132
130 134
130 139
130 144
130 280
131 164
131 178
131 184
131 194
131 196
131 226
131 239
131 242
131 259
131 279
131 3
131 10
131 12
131 27
131 28
131 32
131 37
131 39
131 50
131 59
131 60
131 62
131 64
131 66
131 68
131 69
131 70
131 71
131 72
131 74
131 84
131 86
131 90
131 91
131 99
131 100
131 102
131 119
131 123
131 129
131 130
131 132
131 135
131 136
131 140
131 141
131 142
131 147
131 281
132 208
132 212
132 218
132 241
132 245
132 247
132 263
132 270
132 279
132 288
132 293
132 1
132 6
132 11
132 15
132 16
132 18
132 27
132 29
132 34
132 36
132 41
132 46
132 47
132 48
132 53
132 54
132 56
132 58
132 61
132 62
132 66
132 72
132 74
132 94
132 98
132 107
132 109
132 110
132 113
132 115
132 116
132 117
132 118
132 121
132 126
132 130
132 131
132 135
132 145
132 148
132 282
133 153
133 155
133 159
133 170
133 175
133 180
133 207
133 227
133 251
133 253
133 260
133 274
133 290
133 298
133 299
133 0
133 2
133 3
133 6
133 7
133 15
133 18
133 19
133 24
133 27
133 31
133 32
133 40
133 42
133 43
133 48
133 51
133 58
133 60
133 66
133 73
133 74
133 79
133 85
133 91
133 93
133 95
133 96
133 98
133 100
133 101
133 102
133 103
133 106
133 110
133 114
133 115
133 122
133 124
133 125
133 137
133 140
133 145
133 146
133 283
134 153
134 252
134 263
134 0
134 5
134 6
134 7
134 14
134 19
134 20
134 25
134 26
134 27
134 32
134 41
134 44
134 49
134 50
134 54
134 55
134 61
134 62
134 63
134 66
134 69
134 74
134 76
134 77
134 89
134 91
134 92
134 96
134 98
134 100
134 102
134 106
134 109
134 111
134 113
134 126
134 130
134 140
134 145
134 148
134 284
135 198
135 199
135 224
135 245
135 274
135 277
135 279
135 287
135 0
135 1
135 7
135 8
135 17
135 20
135 25
135 27
135 28
135 29
135 34
135 38
135 42
135 44
135 47
135 59
135 61
135 71
135 74
135 76
135 81
135 87
135 97
135 99
135 102
135 103
135 107
135 112
135 121
135 123
135 129
135 131
135 132
135 138
135 285
136 168
136 181
136 197
136 217
136 235
136 236
136 247
136 250
136 252
136 279
136 1
136 2
136 3
136 17
136 18
136 20
136 21
136 26
136 29
136 33
136 36
136 37
136 38
136 39
136 40
136 41
136 44
136 47
136 49
136 50
136 51
136 53
136 55
136 57
136 60
136 64
136 65
136 66
136 69
136 70
136 73
136 74
136 75
136 77
136 83
136 84
136 85
136 90
136 91
136 94
136 97
136 99
136 102
136 103
136 111
136 113
136 114
136 116
136 117
136 118
136 120
136 129
136 131
136 138
136 140
136 142
136 147
136 149
136 286
137 163
137 197
137 237
137 238
137 244
137 2
137 12
137 13
137 14
137 15
137 16
137 17
137 27
137 29
137 33
137 35
137 42
137 53
137 63
137 65
137 67
137 69
137 75
137 77
137 79
137 88
137 90
137 91
137 96
137 113
137 118
137 119
137 124
137 126
137 128
137 133
137 141
137 143
137 144
137 146
137 149
137 287
138 154
138 166
138 197
138 201
138 299
138 8
138 9
138 11
138 13
138 14
138 17
138 22
138 27
138 28
138 32
138 34
138 37
138 38
138 41
138 44
138 50
138 54
138 57
138 61
138 62
138 66
138 69
138 70
138 71
138 73
138 77
138 82
138 83
138 84
138 87
138 89
138 95
138 97
138 102
138 105
138 108
138 115
138 118
138 123
138 126
138 127
138 129
138 135
138 136
138 139
138 142
138 146
138 288
139 156
139 173
139 182
139 194
139 218
139 234
139 235
139 239
139 245
139 247
139 266
139 9
139 10
139 12
139 13
139 14
139 20
139 22
139 34
139 38
139 43
139 44
139 50
139 53
139 55
139 56
139 58
139 64
139 66
139 69
139 70
139 76
139 79
139 80
139 88
139 92
139 105
139 112
139 113
139 114
139 115
139 116
139 117
139 122
139 124
139 127
139 130
139 138
139 140
139 143
139 146
139 289
140 238
140 247
140 293
140 2
140 3
140 5
140 6
140 13
140 15
140 17
140 23
140 25
140 32
140 35
140 38
140 43
140 49
140 55
140 56
140 60
140 65
140 68
140 70
140 71
140 76
140 79
140 87
140 95
140 96
140 100
140 109
140 114
140 116
140 118
140 125
140 126
140 131
140 133
140 134
140 136
140 139
140 147
140 148
140 149
140 290
141 157
141 162
141 204
141 249
141 256
141 265
141 273
141 293
141 0
141 1
141 19
141 20
141 22
141 24
141 25
141 26
141 32
141 33
141 35
141 36
141 47
141 54
141 58
141 65
141 69
141 71
141 72
141 74
141 77
141 78
141 79
141 83
141 85
141 90
141 95
141 96
141 97
141 99
141 100
141 101
141 104
141 106
141 107
141 114
141 118
141 120
141 122
141 123
141 127
141 131
141 137
141 142
141 144
141 146
141 147
141 291
142 160
142 183
142 192
142 203
142 231
142 233
142 243
142 262
142 267
142 288
142 298
142 3
142 5
142 7
142 14
142 15
142 17
142 19
142 21
142 22
142 31
142 37
142 38
142 40
142 41
142 42
142 53
142 58
142 61
142 62
142 65
142 66
142 70
142 73
142 74
142 76
142 77
142 82
142 84
142 89
142 92
142 93
142 101
142 103
142 110
142 111
142 120
142 121
142 122
142 123
142 125
142 131
142 136
142 138
142 141
142 143
142 144
142 148
142 292
143 175
143 256
143 262
143 279
143 290
143 293
143 2
143 5
143 9
143 10
143 12
143 19
143 39
143 44
143 49
143 50
143 55
143 56
143 58
143 62
143 63
143 64
143 66
143 67
143 68
143 74
143 81
143 90
143 93
143 94
143 98
143 99
143 100
143 102
143 107
143 112
143 113
143 123
143 124
143 126
143 128
143 129
143 137
143 139
143 142
143 144
143 145
144 151
144 153
144 2
144 4
144 8
144 11
144 13
144 18
144 25
144 26
144 27
144 28
144 32
144 35
144 39
144 40
144 45
144 48
144 49
144 53
144 54
144 59
144 60
144 61
144 62
144 63
144 66
144 71
144 74
144 77
144 80
144 86
144 89
144 95
144 96
144 99
144 105
144 106
144 112
144 113
144 117
144 118
144 124
144 127
144 128
144 130
144 137
144 141
144 142
144 143
144 149
144 294
145 151
145 152
145 165
145 167
145 180
145 189
145 192
145 252
145 253
145 267
145 286
145 288
145 291
145 1
145 8
145 14
145 20
145 23
145 25
145 26
145 30
145 31
145 34
145 36
145 44
145 52
145 56
145 64
145 66
145 67
145 70
145 73
145 74
145 75
145 77
145 82
145 85
145 86
145 87
145 88
145 89
145 94
145 96
145 101
145 106
145 107
145 112
145 119
145 132
145 133
145 134
145 143
145 147
145 148
145 295
146 157
146 201
146 238
146 247
146 249
146 290
146 1
146 2
146 4
146 5
146 9
146 14
146 16
146 20
146 22
146 24
146 34
146 40
146 42
146 44
146 45
146 52
146 54
146 55
146 58
146 60
146 63
146 64
146 65
146 70
146 72
146 74
146 80
146 81
146 82
146 84
146 87
146 92
146 97
146 98
146 99
146 100
146 105
146 106
146 110
146 111
146 118
146 121
146 122
146 125
146 128
146 133
146 137
146 138
146 139
146 141
146 296
147 162
147 180
147 194
147 195
147 201
147 209
147 245
147 279
147 292
147 299
147 1
147 6
147 8
147 9
147 11
147 12
147 15
147 17
147 18
147 19
147 23
147 29
147 32
147 34
147 38
147 40
147 41
147 50
147 52
147 66
147 69
147 78
147 79
147 83
147 86
147 89
147 95
147 96
147 100
147 101
147 103
147 108
147 109
147 111
147 116
147 117
147 118
147 120
147 122
147 126
147 127
147 131
147 136
147 140
147 141
147 145
147 148
147 297
148 183
148 187
148 199
148 238
148 239
148 242
148 252
148 272
148 276
148 4
148 8
148 10
148 11
148 19
148 22
148 24
148 28
148 29
148 30
148 31
148 43
148 46
148 49
148 50
148 57
148 59
148 60
148 62
148 69
148 80
148 81
148 83
148 84
148 86
148 87
148 88
148 96
148 97
148 102
148 103
148 111
148 113
148 114
148 115
148 120
148 122
148 132
148 134
148 140
148 142
148 145
148 147
148 298
149 180
149 192
149 207
149 216
149 217
149 227
149 244
149 275
149 277
149 0
149 1
149 5
149 8
149 9
149 10
149 11
149 18
149 23
149 24
149 28
149 32
149 33
149 46
149 47
149 50
149 51
149 56
149 57
149 60
149 61
149 68
149 73
149 74
149 80
149 83
149 87
149 88
149 91
149 94
149 102
149 103
149 107
149 109
149 111
149 112
149 114
149 121
149 126
149 127
149 129
149 136
149 137
149 140
149 144
149 299
150 13
150 41
150 44
150 76
150 97
150 112
150 126
150 128
150 0
151 13
151 18
151 22
151 55
151 59
151 62
151 67
151 69
151 114
151 121
151 144
151 145
151 1
152 3
152 5
152 15
152 37
152 38
152 54
152 96
152 101
152 109
152 112
152 145
152 2
153 14
153 21
153 30
153 36
153 75
153 128
153 133
153 134
153 144
153 3
154 27
154 67
154 70
154 73
154 94
154 95
154 97
154 99
154 106
154 109
154 138
154 4
155 6
155 15
155 22
155 32
155 37
155 42
155 71
155 90
155 103
155 113
155 119
155 133
155 5
156 6
156 20
156 37
156 58
156 95
156 99
156 112
156 124
156 139
157 12
157 19
157 60
157 89
157 90
157 91
157 114
157 141
157 146
157 7
158 22
158 35
158 64
158 76
158 79
158 87
158 105
158 111
158 122
158 8
159 25
159 27
159 35
159 44
159 50
159 55
159 64
159 75
159 76
159 89
159 91
159 97
159 127
159 133
159 9
160 8
160 23
160 25
160 26
160 47
160 60
160 64
160 102
160 115
160 125
160 142
160 10
161 34
161 42
161 64
161 111
161 120
161 129
161 11
162 13
162 21
162 22
162 125
162 141
162 147
162 12
163 5
163 15
163 28
163 31
163 34
163 46
163 50
163 57
163 62
163 80
163 81
163 100
163 118
163 137
163 13
164 3
164 11
164 23
164 34
164 39
164 50
164 63
164 78
164 93
164 105
164 106
164 111
164 120
164 128
164 131
164 14
165 61
165 128
165 145
165 15
166 33
166 47
166 50
166 51
166 91
166 138
166 16
167 1
167 5
167 36
167 65
167 71
167 83
167 98
167 99
167 103
167 123
167 126
167 145
167 17
168 0
168 10
168 22
168 24
168 59
168 100
168 115
168 136
168 18
169 59
169 65
169 100
169 128
169 19
170 5
170 59
170 76
170 78
170 79
170 133
170 20
171 7
171 21
171 52
171 78
171 79
171 104
171 112
172 15
172 20
172 55
172 71
172 95
172 110
172 22
173 3
173 10
173 32
173 62
173 67
173 72
173 87
173 92
173 99
173 113
173 139
173 23
174 4
174 7
174 14
174 15
174 54
174 59
174 79
174 98
174 119
174 121
174 24
175 20
175 26
175 34
175 58
175 59
175 76
175 86
175 133
175 143
175 25
176 0
176 32
176 44
176 80
176 81
176 85
176 104
176 117
176 26
177 17
177 31
177 54
177 120
177 124
177 125
177 27
178 5
178 10
178 23
178 31
178 34
178 43
178 46
178 53
178 57
178 61
178 71
178 91
178 93
178 124
178 126
178 131
178 28
179 14
179 24
179 26
179 73
179 74
179 78
179 107
179 118
179 122
179 29
180 1
180 21
180 29
180 34
180 46
180 63
180 77
180 87
180 98
180 133
180 145
180 147
180 149
180 30
181 24
181 58
181 61
181 72
181 94
181 111
181 113
181 116
181 124
181 136
181 31
182 15
182 19
182 78
182 79
182 85
182 93
182 103
182 115
182 125
182 139
182 32
183 5
183 11
183 14
183 43
183 67
183 78
183 87
183 102
183 142
183 148
183 33
184 7
184 45
184 78
184 100
184 111
184 125
184 129
184 131
184 34
185 5
185 8
185 11
185 20
185 49
185 56
185 59
185 92
185 119
185 35
186 41
186 48
186 66
186 80
186 92
186 119
186 129
186 36
187 9
187 16
187 31
187 43
187 62
187 102
187 128
187 148
187 37
188 65
188 76
188 77
188 78
188 88
188 118
188 38
189 38
189 45
189 51
189 58
189 70
189 71
189 107
189 145
189 39
190 2
190 31
190 35
190 44
190 85
190 97
190 100
190 40
191 14
191 24
191 33
191 50
191 91
191 41
192 16
192 35
192 68
192 87
192 106
192 109
192 110
192 114
192 127
192 142
192 145
192 149
192 42
193 25
193 31
193 38
193 42
193 46
193 88
193 95
193 97
193 98
193 101
193 110
193 113
193 116
193 43
194 17
194 32
194 40
194 50
194 57
194 67
194 74
194 89
194 94
194 100
194 110
194 131
194 139
194 147
194 44
195 10
195 49
195 51
195 52
195 76
195 106
195 110
195 126
195 129
195 147
195 45
196 0
196 15
196 50
196 60
196 74
196 119
196 131
196 46
197 2
197 14
197 62
197 70
197 78
197 81
197 99
197 105
197 128
197 136
197 137
197 138
197 47
198 4
198 29
198 31
198 39
198 80
198 89
198 115
198 116
198 135
198 48
199 0
199 17
199 23
199 83
199 120
199 135
199 148
199 49
200 10
200 15
200 26
200 34
200 55
200 72
200 73
200 87
200 119
200 122
200 50
201 51
201 53
201 63
201 66
201 76
201 90
201 93
201 95
201 108
201 112
201 138
201 146
201 147
202 2
202 30
202 31
202 60
202 64
202 67
202 72
202 81
202 101
202 111
202 118
202 120
202 126
202 52
203 1
203 6
203 13
203 20
203 55
203 80
203 104
203 142
203 53
204 18
204 37
204 43
204 63
204 67
204 92
204 94
204 108
204 119
204 141
204 54
205 1
205 8
205 10
205 11
205 19
205 43
205 79
205 128
205 55
206 11
206 20
206 50
206 53
206 56
206 58
206 73
206 99
206 113
206 123
207 12
207 56
207 70
207 83
207 95
207 97
207 101
207 133
207 149
207 57
208 7
208 13
208 53
208 72
208 75
208 82
208 83
208 90
208 132
208 58
209 44
209 52
209 65
209 68
209 80
209 84
209 87
209 95
209 147
209 59
210 19
210 22
210 65
210 76
210 119
210 60
211 31
211 60
211 70
211 85
211 94
211 114
211 61
212 3
212 27
212 44
212 79
212 93
212 97
212 113
212 115
212 118
212 121
212 132
212 62
213 2
213 4
213 34
213 36
213 55
213 71
213 74
213 78
213 97
213 63
214 36
214 47
214 54
214 68
214 69
214 90
214 98
214 99
214 109
214 121
214 64
215 2
215 6
215 22
215 30
215 70
215 82
215 101
215 102
215 119
215 65
216 11
216 47
216 58
216 95
216 102
216 109
216 117
216 127
216 129
216 149
216 66
217 7
217 20
217 24
217 40
217 90
217 92
217 136
217 149
217 67
218 22
218 35
218 46
218 51
218 55
218 70
218 74
218 92
218 103
218 132
218 139
218 68
219 18
219 35
219 38
219 40
219 84
219 112
219 119
219 69
220 4
220 34
220 52
220 64
220 85
220 113
220 125
220 70
221 23
221 75
221 80
221 123
221 130
221 71
222 0
222 9
222 11
222 19
222 32
222 49
222 66
222 72
222 87
222 105
222 110
222 128
223 18
223 40
223 43
223 45
223 73
223 74
223 96
223 101
223 103
223 122
224 28
224 41
224 73
224 86
224 87
224 88
224 102
224 103
224 135
224 74
225 4
225 19
225 36
225 38
225 39
225 54
225 57
225 68
225 77
225 126
225 75
226 32
226 70
226 82
226 84
226 89
226 112
226 115
226 122
226 131
226 76
227 10
227 11
227 16
227 19
227 56
227 105
227 111
227 124
227 133
227 149
227 77
228 85
228 78
229 5
229 9
229 13
229 24
229 47
229 49
229 51
229 83
229 89
229 94
229 108
229 115
229 123
229 79
230 8
230 19
230 28
230 35
230 44
230 46
230 54
230 67
230 120
230 80
231 9
231 21
231 22
231 47
231 99
231 103
231 113
231 114
231 124
231 142
231 81
232 7
232 38
232 44
232 59
232 77
232 99
232 105
232 122
232 82
233 2
233 23
233 43
233 90
233 120
233 142
233 83
234 7
234 25
234 39
234 49
234 74
234 89
234 139
234 84
235 1
235 10
235 20
235 86
235 103
235 106
235 136
235 139
235 85
236 4
236 21
236 55
236 57
236 60
236 87
236 136
236 86
237 0
237 26
237 41
237 47
237 63
237 78
237 89
237 106
237 121
237 137
237 87
238 19
238 23
238 51
238 70
238 91
238 102
238 120
238 137
238 140
238 146
238 148
238 88
239 7
239 12
239 14
239 22
239 29
239 42
239 48
239 91
239 104
239 119
239 125
239 131
239 139
239 148
239 89
240 36
240 78
240 88
240 123
240 129
240 90
241 1
241 58
241 61
241 62
241 73
241 81
241 132
241 91
242 21
242 25
242 33
242 42
242 75
242 118
242 131
242 148
242 92
243 96
243 142
243 93
244 13
244 32
244 46
244 52
244 61
244 73
244 137
244 149
244 94
245 38
245 40
245 51
245 58
245 62
245 82
245 87
245 101
245 105
245 122
245 123
245 132
245 135
245 139
245 147
245 95
246 24
246 44
246 56
246 67
246 70
246 72
246 96
247 9
247 16
247 24
247 34
247 52
247 87
247 92
247 123
247 124
247 132
247 136
247 139
247 140
247 146
247 97
248 8
248 20
248 21
248 26
248 64
248 68
248 70
248 102
248 110
248 112
248 123
248 98
249 4
249 17
249 26
249 30
249 46
249 54
249 60
249 64
249 87
249 91
249 100
249 118
249 141
249 146
249 99
250 36
250 45
250 46
250 67
250 92
250 98
250 136
250 100
251 7
251 16
251 21
251 45
251 62
251 103
251 133
251 101
252 3
252 28
252 39
252 98
252 99
252 115
252 123
252 134
252 136
252 145
252 148
252 102
253 35
253 45
253 69
253 106
253 133
253 145
253 103
254 9
254 20
254 23
254 62
254 66
254 81
254 92
254 121
254 104
255 6
255 32
255 54
255 59
255 104
255 113
255 105
256 34
256 109
256 141
256 143
256 106
257 8
257 16
257 27
257 107
257 117
257 123
257 130
258 15
258 16
258 28
258 32
258 42
258 45
258 49
258 81
258 109
258 119
258 108
259 50
259 51
259 56
259 89
259 94
259 116
259 122
259 131
259 109
260 3
260 5
260 9
260 63
260 80
260 86
260 123
260 130
260 133
260 110
261 9
261 11
261 28
261 50
261 69
261 83
261 94
261 108
261 127
261 111
262 2
262 4
262 7
262 15
262 16
262 18
262 30
262 42
262 47
262 51
262 89
262 116
262 117
262 142
262 143
262 112
263 12
263 31
263 32
263 36
263 60
263 62
263 129
263 132
263 134
263 113
264 9
264 26
264 52
264 83
264 84
264 89
264 94
264 97
264 106
264 122
264 114
265 21
265 22
265 35
265 45
265 57
265 71
265 74
265 83
265 89
265 97
265 100
265 115
265 123
265 141
266 31
266 36
266 43
266 46
266 67
266 84
266 108
266 112
266 139
266 116
267 17
267 37
267 42
267 45
267 66
267 93
267 142
267 145
267 117
268 15
268 49
268 67
268 80
268 90
268 95
268 107
268 114
268 118
269 0
269 3
269 6
269 9
269 42
269 47
269 62
269 127
269 128
269 119
270 13
270 32
270 73
270 132
270 120
271 11
271 27
271 33
271 41
271 75
271 87
271 90
271 105
271 121
271 129
272 1
272 11
272 20
272 36
272 37
272 53
272 56
272 72
272 107
272 148
272 122
273 4
273 13
273 28
273 66
273 82
273 96
273 107
273 124
273 141
273 123
274 1
274 9
274 20
274 25
274 102
274 108
274 121
274 128
274 133
274 135
274 124
275 4
275 11
275 35
275 42
275 50
275 56
275 76
275 79
275 80
275 100
275 149
275 125
276 24
276 27
276 35
276 40
276 65
276 79
276 85
276 97
276 99
276 119
276 148
276 126
277 18
277 35
277 49
277 52
277 73
277 85
277 112
277 120
277 135
277 149
277 127
278 9
278 15
278 22
278 26
278 60
278 74
278 120
278 128
279 6
279 7
279 14
279 27
279 43
279 44
279 62
279 72
279 82
279 110
279 129
279 131
279 132
279 135
279 136
279 143
279 147
280 0
280 9
280 14
280 23
280 29
280 31
280 67
280 86
280 96
280 99
280 103
280 110
280 124
280 130
281 18
281 26
281 32
281 48
281 56
281 58
281 86
281 87
281 90
281 114
281 131
282 46
282 61
282 72
282 96
282 103
282 108
282 113
282 123
282 132
283 8
283 9
283 12
283 24
283 51
283 68
283 73
283 77
283 82
283 94
283 99
283 119
283 133
284 1
284 13
284 70
284 83
284 84
284 111
284 134
285 1
285 49
285 65
285 83
285 102
285 115
285 121
285 135
286 19
286 26
286 47
286 75
286 90
286 107
286 113
286 145
286 136
287 12
287 23
287 35
287 48
287 50
287 51
287 98
287 105
287 117
287 135
287 137
288 21
288 66
288 74
288 106
288 132
288 142
288 145
288 138
289 13
289 29
289 35
289 123
289 130
289 139
290 9
290 29
290 50
290 52
290 60
290 64
290 65
290 118
290 133
290 143
290 146
290 140
291 0
291 37
291 66
291 77
291 124
291 145
291 141
292 31
292 36
292 80
292 84
292 100
292 107
292 119
292 122
292 147
292 142
293 20
293 64
293 79
293 105
293 108
293 110
293 123
293 132
293 140
293 141
293 143
294 2
294 16
294 23
294 67
294 75
294 89
294 114
294 116
294 118
294 129
294 144
295 81
295 120
295 128
295 145
296 6
296 10
296 23
296 63
296 126
296 146
297 5
297 8
297 26
297 77
297 88
297 91
297 102
297 103
297 129
297 147
298 13
298 64
298 76
298 91
298 115
298 121
298 133
298 142
298 148
299 4
299 5
299 9
299 12
299 17
299 32
299 63
299 65
299 85
299 133
299 138
299 147
299 149
