  100   238
0 92
0 1
0 4
0 7
0 19
0 29
0 50
1 64
1 78
1 94
1 0
1 23
1 34
1 46
1 51
2 98
2 26
2 32
2 52
3 81
3 80
3 6
3 13
3 22
3 23
3 24
3 39
3 40
3 53
4 82
4 81
4 0
4 27
4 34
4 41
4 54
5 77
5 78
5 12
5 17
5 55
6 54
6 69
6 3
6 11
6 27
6 56
7 50
7 90
7 0
7 18
7 22
7 57
8 83
8 82
8 16
8 17
8 32
8 43
8 58
9 87
9 18
9 29
9 43
9 45
9 59
10 76
10 82
10 44
10 60
11 68
11 73
11 92
11 6
11 61
12 71
12 85
12 5
12 13
12 33
12 42
12 62
13 63
13 66
13 68
13 3
13 12
13 20
13 27
13 42
13 47
14 84
14 83
14 48
14 64
15 61
15 73
15 78
15 24
15 43
15 65
16 72
16 8
16 49
16 66
17 72
17 96
17 5
17 8
17 28
17 29
17 42
17 67
18 60
18 7
18 9
18 38
18 68
19 85
19 84
19 0
19 26
19 40
19 43
19 69
20 52
20 65
20 13
20 28
20 70
21 67
21 34
21 35
21 42
21 71
22 68
22 70
22 93
22 3
22 7
22 72
23 62
23 83
23 1
23 3
23 28
23 33
23 38
23 73
24 52
24 3
24 15
24 27
24 41
24 44
24 74
25 51
25 75
25 87
25 26
26 75
26 2
26 19
26 25
26 76
27 52
27 67
27 72
27 96
27 4
27 6
27 13
27 24
27 34
27 36
27 77
28 55
28 58
28 88
28 17
28 20
28 23
28 32
28 78
29 65
29 0
29 9
29 17
29 49
29 79
30 62
30 36
30 40
30 48
30 49
30 80
31 76
31 49
31 81
32 89
32 85
32 56
32 53
32 2
32 8
32 28
32 46
32 82
33 69
33 12
33 23
33 36
33 83
34 86
34 1
34 4
34 21
34 27
34 84
35 91
35 89
35 57
35 56
35 21
35 44
35 49
35 85
36 94
36 91
36 59
36 57
36 27
36 30
36 33
36 47
36 86
37 50
37 55
37 86
37 93
37 39
37 43
37 87
38 75
38 94
38 18
38 23
38 41
38 42
38 88
39 91
39 3
39 37
39 89
40 95
40 94
40 60
40 59
40 3
40 19
40 30
40 45
40 90
41 96
41 95
41 69
41 60
41 4
41 24
41 38
41 91
42 77
42 12
42 13
42 17
42 21
42 38
42 92
43 97
43 8
43 9
43 15
43 19
43 37
43 93
44 52
44 10
44 24
44 35
44 45
44 94
45 97
45 96
45 74
45 69
45 9
45 40
45 44
45 95
46 63
46 1
46 32
46 96
47 98
47 97
47 79
47 74
47 13
47 36
48 85
48 14
48 30
48 98
49 99
49 98
49 80
49 79
49 16
49 29
49 30
49 31
49 35
50 7
50 37
50 0
51 25
51 1
52 20
52 24
52 27
52 44
52 2
53 32
53 3
54 6
54 4
55 28
55 37
55 5
56 32
56 35
56 6
57 35
57 36
57 7
58 28
58 8
59 36
59 40
59 9
60 18
60 40
60 41
60 10
61 15
61 11
62 23
62 30
62 12
63 13
63 46
64 1
64 14
65 20
65 29
65 15
66 13
66 16
67 21
67 27
67 17
68 11
68 13
68 22
68 18
69 6
69 33
69 41
69 45
69 19
70 22
70 20
71 12
71 21
72 16
72 17
72 27
72 22
73 11
73 15
73 23
74 45
74 47
74 24
75 25
75 26
75 38
76 10
76 31
76 26
77 5
77 42
77 27
78 1
78 5
78 15
78 28
79 47
79 49
79 29
80 3
80 49
80 30
81 3
81 4
81 31
82 4
82 8
82 10
82 32
83 8
83 14
83 23
83 33
84 14
84 19
84 34
85 12
85 19
85 32
85 48
85 35
86 34
86 37
86 36
87 9
87 25
87 37
88 28
88 38
89 32
89 35
89 39
90 7
90 40
91 35
91 36
91 39
91 41
92 0
92 11
92 42
93 22
93 37
93 43
94 1
94 36
94 38
94 40
94 44
95 40
95 41
95 45
96 17
96 27
96 41
96 45
96 46
97 43
97 45
97 47
98 2
98 47
98 49
98 48
99 49
