  300   4344
0 167
0 195
0 196
0 234
0 235
0 247
0 248
0 257
0 279
0 283
0 293
0 298
0 1
0 2
0 10
0 16
0 35
0 40
0 49
0 53
0 59
0 60
0 66
0 72
0 84
0 87
0 90
0 94
0 97
0 99
0 103
0 106
0 110
0 119
0 123
0 132
0 136
0 138
0 140
0 147
0 150
1 163
1 172
1 195
1 200
1 214
1 254
1 267
1 279
1 287
1 298
1 0
1 2
1 5
1 14
1 16
1 27
1 29
1 30
1 31
1 35
1 41
1 45
1 51
1 61
1 68
1 72
1 78
1 79
1 84
1 105
1 108
1 115
1 122
1 123
1 135
1 136
1 140
1 143
1 146
1 149
1 151
2 156
2 177
2 188
2 191
2 198
2 210
2 224
2 225
2 239
2 243
2 256
2 277
2 283
2 297
2 0
2 1
2 10
2 16
2 18
2 19
2 23
2 24
2 27
2 28
2 36
2 37
2 39
2 40
2 41
2 47
2 51
2 56
2 57
2 67
2 68
2 78
2 80
2 91
2 92
2 95
2 96
2 99
2 107
2 110
2 111
2 120
2 122
2 152
3 154
3 157
3 170
3 180
3 202
3 215
3 224
3 234
3 240
3 255
3 290
3 10
3 14
3 15
3 16
3 20
3 21
3 25
3 27
3 41
3 48
3 49
3 55
3 57
3 58
3 63
3 66
3 70
3 75
3 81
3 84
3 87
3 91
3 103
3 109
3 125
3 127
3 133
3 145
3 148
3 153
4 151
4 160
4 176
4 181
4 183
4 193
4 247
4 249
4 259
4 286
4 290
4 5
4 16
4 21
4 23
4 24
4 30
4 31
4 36
4 37
4 38
4 45
4 59
4 62
4 64
4 72
4 75
4 77
4 82
4 83
4 84
4 87
4 90
4 92
4 96
4 98
4 102
4 103
4 115
4 118
4 119
4 124
4 125
4 129
4 131
4 141
4 154
5 150
5 170
5 175
5 176
5 189
5 193
5 197
5 227
5 229
5 238
5 246
5 265
5 281
5 287
5 288
5 292
5 298
5 1
5 4
5 17
5 18
5 20
5 24
5 30
5 37
5 39
5 40
5 46
5 52
5 55
5 72
5 73
5 74
5 84
5 89
5 105
5 115
5 116
5 122
5 124
5 126
5 128
5 134
5 136
5 148
5 155
6 151
6 163
6 173
6 178
6 191
6 247
6 255
6 278
6 294
6 299
6 9
6 32
6 35
6 37
6 45
6 46
6 48
6 65
6 69
6 71
6 75
6 76
6 79
6 83
6 86
6 97
6 100
6 106
6 108
6 110
6 116
6 118
6 119
6 123
6 130
6 131
6 138
6 142
6 156
7 168
7 181
7 189
7 200
7 208
7 227
7 250
7 253
7 279
7 286
7 288
7 294
7 14
7 17
7 19
7 20
7 30
7 36
7 38
7 41
7 42
7 45
7 49
7 57
7 59
7 60
7 62
7 65
7 72
7 77
7 79
7 82
7 101
7 133
7 142
7 147
7 157
8 171
8 199
8 200
8 208
8 217
8 224
8 225
8 247
8 257
8 266
8 285
8 289
8 291
8 297
8 11
8 13
8 16
8 18
8 31
8 32
8 43
8 49
8 56
8 70
8 80
8 82
8 85
8 99
8 100
8 106
8 108
8 114
8 122
8 123
8 126
8 128
8 131
8 158
9 153
9 162
9 184
9 194
9 195
9 233
9 244
9 245
9 256
9 258
9 263
9 277
9 280
9 289
9 6
9 24
9 28
9 35
9 37
9 56
9 57
9 59
9 61
9 67
9 72
9 92
9 104
9 105
9 106
9 107
9 112
9 113
9 121
9 123
9 124
9 126
9 128
9 129
9 135
9 146
9 148
9 159
10 154
10 173
10 180
10 210
10 218
10 225
10 233
10 253
10 255
10 256
10 257
10 272
10 0
10 2
10 3
10 14
10 19
10 25
10 26
10 28
10 31
10 34
10 38
10 44
10 61
10 67
10 71
10 72
10 77
10 86
10 87
10 89
10 91
10 95
10 101
10 106
10 110
10 111
10 113
10 115
10 118
10 120
10 121
10 122
10 130
10 132
10 133
10 134
10 136
10 137
10 140
10 141
10 142
10 149
10 160
11 150
11 158
11 166
11 173
11 210
11 216
11 217
11 218
11 225
11 227
11 233
11 246
11 278
11 289
11 8
11 17
11 18
11 20
11 38
11 40
11 43
11 46
11 48
11 49
11 50
11 51
11 55
11 57
11 69
11 71
11 79
11 80
11 88
11 90
11 110
11 118
11 123
11 125
11 126
11 136
11 143
11 149
11 161
12 156
12 166
12 169
12 177
12 230
12 231
12 241
12 245
12 260
12 271
12 280
12 287
12 23
12 26
12 34
12 36
12 40
12 45
12 51
12 56
12 59
12 63
12 77
12 79
12 80
12 83
12 85
12 89
12 90
12 98
12 99
12 106
12 107
12 112
12 113
12 114
12 118
12 126
12 138
12 142
12 162
13 155
13 159
13 163
13 187
13 192
13 204
13 208
13 218
13 223
13 253
13 254
13 259
13 268
13 273
13 275
13 286
13 292
13 293
13 8
13 20
13 22
13 25
13 27
13 30
13 31
13 33
13 40
13 44
13 53
13 60
13 65
13 73
13 85
13 93
13 96
13 102
13 111
13 115
13 116
13 120
13 121
13 140
13 142
14 150
14 163
14 168
14 169
14 178
14 181
14 185
14 204
14 206
14 211
14 253
14 280
14 294
14 1
14 3
14 7
14 10
14 22
14 23
14 26
14 27
14 33
14 34
14 47
14 49
14 53
14 54
14 60
14 62
14 65
14 66
14 87
14 91
14 98
14 99
14 101
14 112
14 121
14 122
14 137
14 138
14 139
14 141
14 164
15 152
15 166
15 185
15 188
15 201
15 210
15 221
15 225
15 232
15 258
15 262
15 268
15 272
15 275
15 283
15 3
15 20
15 24
15 25
15 32
15 34
15 40
15 45
15 46
15 50
15 53
15 56
15 57
15 63
15 65
15 74
15 75
15 86
15 95
15 98
15 100
15 103
15 104
15 110
15 111
15 124
15 134
15 149
15 165
16 153
16 155
16 159
16 176
16 186
16 222
16 224
16 239
16 257
16 270
16 289
16 0
16 1
16 2
16 3
16 4
16 8
16 24
16 30
16 33
16 35
16 46
16 55
16 56
16 57
16 63
16 64
16 72
16 73
16 74
16 78
16 79
16 82
16 85
16 88
16 96
16 97
16 101
16 106
16 109
16 113
16 114
16 117
16 123
16 124
16 130
16 133
16 138
16 140
16 146
16 166
17 172
17 198
17 201
17 210
17 213
17 231
17 287
17 288
17 289
17 291
17 294
17 5
17 7
17 11
17 26
17 31
17 33
17 36
17 39
17 41
17 46
17 56
17 61
17 65
17 74
17 76
17 94
17 95
17 99
17 102
17 104
17 107
17 109
17 114
17 120
17 124
17 136
17 144
17 146
17 148
17 167
18 155
18 165
18 168
18 186
18 187
18 188
18 198
18 209
18 210
18 216
18 219
18 228
18 247
18 250
18 267
18 269
18 273
18 274
18 297
18 2
18 5
18 8
18 11
18 21
18 34
18 41
18 44
18 49
18 51
18 57
18 59
18 66
18 70
18 72
18 73
18 79
18 82
18 84
18 87
18 88
18 96
18 101
18 109
18 113
18 114
18 116
18 119
18 125
18 133
18 135
19 150
19 157
19 168
19 174
19 190
19 207
19 209
19 235
19 236
19 238
19 299
19 2
19 7
19 10
19 21
19 27
19 43
19 44
19 54
19 60
19 61
19 62
19 64
19 78
19 82
19 86
19 90
19 91
19 92
19 93
19 96
19 100
19 108
19 111
19 112
19 116
19 119
19 121
19 128
19 131
19 133
19 141
19 147
19 169
20 155
20 160
20 196
20 220
20 227
20 236
20 254
20 257
20 283
20 284
20 3
20 5
20 7
20 11
20 13
20 15
20 23
20 28
20 36
20 38
20 40
20 41
20 42
20 62
20 64
20 82
20 83
20 90
20 93
20 96
20 97
20 98
20 99
20 105
20 106
20 115
20 127
20 128
20 129
20 133
20 135
20 138
20 170
21 164
21 186
21 204
21 212
21 238
21 243
21 262
21 269
21 3
21 4
21 18
21 19
21 25
21 29
21 30
21 35
21 40
21 41
21 42
21 43
21 45
21 51
21 53
21 54
21 56
21 60
21 65
21 68
21 73
21 75
21 76
21 81
21 92
21 94
21 98
21 99
21 101
21 108
21 109
21 111
21 114
21 117
21 122
21 125
21 134
21 138
21 140
21 145
21 146
21 147
21 171
22 158
22 159
22 160
22 165
22 171
22 189
22 200
22 201
22 214
22 216
22 249
22 262
22 271
22 294
22 299
22 13
22 14
22 28
22 29
22 33
22 36
22 45
22 56
22 59
22 63
22 67
22 70
22 75
22 78
22 82
22 84
22 92
22 93
22 102
22 105
22 106
22 112
22 114
22 115
22 120
22 127
22 133
22 135
22 136
22 141
22 148
22 172
23 150
23 157
23 164
23 175
23 178
23 181
23 193
23 207
23 219
23 220
23 243
23 278
23 280
23 284
23 285
23 289
23 2
23 4
23 12
23 14
23 20
23 28
23 34
23 39
23 41
23 44
23 51
23 52
23 55
23 58
23 61
23 66
23 70
23 88
23 113
23 117
23 118
23 121
23 122
23 131
23 146
23 147
23 149
23 173
24 171
24 173
24 186
24 192
24 219
24 227
24 231
24 232
24 251
24 254
24 273
24 276
24 284
24 2
24 4
24 5
24 9
24 15
24 16
24 26
24 27
24 30
24 35
24 41
24 43
24 53
24 54
24 58
24 61
24 62
24 72
24 74
24 84
24 85
24 91
24 95
24 100
24 104
24 114
24 116
24 118
24 120
24 131
24 135
24 137
24 139
24 144
24 146
24 174
25 171
25 174
25 181
25 188
25 206
25 213
25 214
25 224
25 231
25 236
25 243
25 246
25 253
25 260
25 261
25 275
25 283
25 289
25 293
25 297
25 3
25 10
25 13
25 15
25 21
25 29
25 36
25 46
25 50
25 52
25 54
25 60
25 72
25 77
25 89
25 94
25 95
25 102
25 106
25 111
25 112
25 134
25 144
25 146
25 149
25 175
26 155
26 160
26 166
26 173
26 174
26 180
26 181
26 198
26 200
26 204
26 214
26 215
26 220
26 225
26 227
26 240
26 263
26 270
26 271
26 281
26 286
26 289
26 292
26 10
26 12
26 14
26 17
26 24
26 30
26 34
26 42
26 43
26 44
26 57
26 65
26 68
26 72
26 78
26 84
26 90
26 92
26 93
26 112
26 113
26 115
26 116
26 117
26 124
26 126
26 128
26 132
26 133
26 134
26 135
26 137
26 144
26 149
26 176
27 153
27 156
27 157
27 170
27 175
27 181
27 193
27 201
27 213
27 242
27 245
27 253
27 262
27 273
27 276
27 277
27 281
27 295
27 1
27 2
27 3
27 13
27 14
27 19
27 24
27 30
27 35
27 36
27 54
27 61
27 62
27 63
27 67
27 75
27 82
27 86
27 87
27 88
27 89
27 92
27 95
27 97
27 100
27 101
27 109
27 112
27 113
27 115
27 122
27 124
27 126
27 133
27 135
27 139
27 144
27 148
27 177
28 155
28 156
28 195
28 201
28 208
28 219
28 221
28 224
28 235
28 236
28 259
28 284
28 287
28 289
28 2
28 9
28 10
28 20
28 22
28 23
28 31
28 37
28 45
28 57
28 62
28 68
28 74
28 76
28 86
28 101
28 103
28 104
28 109
28 110
28 117
28 118
28 130
28 142
28 145
28 146
28 178
29 160
29 168
29 186
29 187
29 192
29 193
29 194
29 196
29 199
29 231
29 233
29 246
29 272
29 275
29 278
29 290
29 295
29 298
29 1
29 21
29 22
29 25
29 31
29 36
29 40
29 42
29 46
29 50
29 55
29 56
29 58
29 63
29 73
29 77
29 81
29 85
29 86
29 88
29 89
29 90
29 93
29 106
29 119
29 123
29 129
29 130
29 134
29 136
29 144
29 147
29 179
30 157
30 162
30 175
30 177
30 184
30 185
30 188
30 193
30 219
30 243
30 257
30 258
30 278
30 280
30 298
30 1
30 4
30 5
30 7
30 13
30 16
30 21
30 24
30 26
30 27
30 33
30 35
30 45
30 49
30 52
30 56
30 59
30 60
30 61
30 63
30 78
30 85
30 89
30 101
30 102
30 103
30 106
30 109
30 114
30 118
30 119
30 123
30 132
30 138
30 140
30 180
31 150
31 151
31 187
31 193
31 207
31 217
31 223
31 240
31 247
31 251
31 254
31 270
31 285
31 291
31 1
31 4
31 8
31 10
31 13
31 17
31 28
31 29
31 39
31 42
31 45
31 48
31 62
31 67
31 68
31 77
31 100
31 108
31 128
31 129
31 131
31 134
31 146
31 181
32 159
32 163
32 169
32 196
32 201
32 211
32 223
32 226
32 266
32 6
32 8
32 15
32 34
32 46
32 48
32 49
32 56
32 58
32 59
32 78
32 82
32 84
32 89
32 92
32 98
32 100
32 104
32 109
32 131
32 133
32 135
32 142
32 182
33 173
33 180
33 215
33 246
33 289
33 13
33 14
33 16
33 17
33 22
33 30
33 35
33 59
33 64
33 65
33 70
33 72
33 74
33 78
33 81
33 83
33 85
33 88
33 94
33 104
33 105
33 113
33 114
33 130
33 143
33 145
33 183
34 164
34 178
34 179
34 192
34 211
34 212
34 213
34 235
34 248
34 259
34 260
34 284
34 10
34 12
34 14
34 15
34 18
34 23
34 26
34 32
34 35
34 43
34 56
34 57
34 58
34 59
34 69
34 70
34 74
34 81
34 91
34 96
34 97
34 101
34 107
34 108
34 110
34 111
34 112
34 115
34 118
34 132
34 141
34 146
34 184
35 157
35 176
35 185
35 187
35 192
35 210
35 234
35 244
35 253
35 266
35 297
35 298
35 0
35 1
35 6
35 9
35 16
35 21
35 24
35 27
35 30
35 33
35 34
35 37
35 40
35 43
35 51
35 55
35 72
35 75
35 77
35 79
35 82
35 85
35 91
35 92
35 93
35 94
35 95
35 96
35 103
35 105
35 106
35 109
35 113
35 115
35 145
35 147
36 151
36 153
36 155
36 163
36 180
36 186
36 202
36 204
36 224
36 232
36 234
36 235
36 252
36 286
36 293
36 294
36 299
36 2
36 4
36 7
36 12
36 17
36 20
36 22
36 25
36 27
36 29
36 38
36 48
36 50
36 55
36 57
36 62
36 73
36 76
36 92
36 99
36 100
36 110
36 115
36 116
36 117
36 123
36 132
36 134
36 136
36 138
37 154
37 156
37 187
37 194
37 211
37 225
37 243
37 262
37 281
37 296
37 298
37 2
37 4
37 5
37 6
37 9
37 28
37 35
37 38
37 40
37 44
37 46
37 48
37 59
37 60
37 66
37 67
37 82
37 83
37 86
37 87
37 89
37 91
37 95
37 102
37 115
37 129
37 132
37 140
37 147
38 153
38 155
38 204
38 211
38 260
38 282
38 289
38 4
38 7
38 10
38 11
38 20
38 36
38 37
38 39
38 43
38 48
38 50
38 52
38 53
38 60
38 63
38 71
38 79
38 90
38 96
38 105
38 127
38 128
38 131
38 132
38 134
38 137
38 140
38 141
38 142
38 143
38 147
38 149
38 188
39 177
39 188
39 213
39 217
39 233
39 245
39 255
39 260
39 281
39 282
39 2
39 5
39 17
39 23
39 31
39 38
39 43
39 45
39 49
39 50
39 51
39 61
39 67
39 71
39 72
39 75
39 79
39 81
39 101
39 106
39 114
39 115
39 120
39 125
39 126
39 135
39 149
39 189
40 172
40 175
40 207
40 209
40 246
40 296
40 0
40 2
40 5
40 11
40 12
40 13
40 15
40 20
40 21
40 29
40 35
40 37
40 47
40 49
40 51
40 53
40 65
40 74
40 77
40 82
40 87
40 90
40 92
40 94
40 106
40 107
40 114
40 124
40 136
40 147
40 190
41 171
41 172
41 178
41 197
41 198
41 200
41 202
41 216
41 235
41 260
41 271
41 273
41 277
41 1
41 2
41 3
41 7
41 17
41 18
41 20
41 21
41 23
41 24
41 46
41 57
41 66
41 72
41 84
41 89
41 91
41 98
41 102
41 103
41 106
41 107
41 114
41 119
41 124
41 136
41 191
42 171
42 180
42 213
42 228
42 247
42 263
42 267
42 271
42 7
42 20
42 21
42 26
42 29
42 31
42 43
42 49
42 53
42 54
42 56
42 62
42 63
42 64
42 69
42 72
42 77
42 78
42 84
42 92
42 95
42 98
42 100
42 103
42 110
42 122
42 124
42 125
42 128
42 131
42 136
42 137
42 142
42 149
42 192
43 150
43 151
43 165
43 166
43 167
43 184
43 185
43 189
43 203
43 226
43 227
43 276
43 280
43 8
43 11
43 19
43 21
43 24
43 26
43 34
43 35
43 38
43 39
43 42
43 44
43 52
43 60
43 80
43 81
43 82
43 83
43 85
43 86
43 88
43 91
43 92
43 98
43 103
43 104
43 106
43 108
43 113
43 122
43 144
43 193
44 159
44 179
44 196
44 202
44 216
44 225
44 235
44 242
44 271
44 287
44 294
44 297
44 299
44 10
44 13
44 18
44 19
44 23
44 26
44 37
44 43
44 46
44 50
44 57
44 64
44 71
44 80
44 84
44 89
44 94
44 98
44 100
44 107
44 113
44 114
44 119
44 134
44 135
44 137
44 141
44 144
44 145
44 148
44 149
44 194
45 160
45 162
45 170
45 174
45 182
45 196
45 198
45 201
45 211
45 212
45 213
45 218
45 246
45 247
45 262
45 263
45 272
45 286
45 292
45 299
45 1
45 4
45 6
45 7
45 12
45 15
45 21
45 22
45 28
45 30
45 31
45 39
45 48
45 53
45 59
45 62
45 63
45 64
45 66
45 69
45 85
45 86
45 91
45 93
45 96
45 119
45 122
45 125
45 129
45 132
45 136
45 145
45 147
45 149
45 195
46 152
46 160
46 174
46 175
46 176
46 179
46 183
46 190
46 191
46 201
46 206
46 213
46 224
46 226
46 227
46 233
46 236
46 237
46 250
46 261
46 281
46 282
46 284
46 295
46 5
46 6
46 11
46 15
46 16
46 17
46 25
46 29
46 32
46 37
46 41
46 44
46 47
46 48
46 59
46 60
46 62
46 66
46 71
46 78
46 85
46 86
46 87
46 88
46 96
46 107
46 112
46 113
46 115
46 117
46 118
46 122
46 124
46 131
46 139
46 147
46 196
47 150
47 173
47 191
47 210
47 213
47 250
47 257
47 264
47 282
47 2
47 14
47 40
47 46
47 52
47 57
47 59
47 60
47 65
47 66
47 76
47 84
47 96
47 100
47 102
47 123
47 125
47 129
47 146
47 197
48 151
48 152
48 153
48 161
48 175
48 177
48 194
48 218
48 222
48 246
48 262
48 269
48 274
48 275
48 281
48 291
48 296
48 3
48 6
48 11
48 31
48 32
48 36
48 37
48 38
48 45
48 46
48 50
48 51
48 52
48 55
48 66
48 73
48 78
48 84
48 86
48 93
48 98
48 103
48 104
48 105
48 107
48 116
48 119
48 123
48 143
48 146
48 149
48 198
49 151
49 153
49 190
49 211
49 234
49 235
49 237
49 238
49 254
49 256
49 272
49 0
49 3
49 7
49 8
49 11
49 14
49 18
49 30
49 32
49 39
49 40
49 42
49 51
49 57
49 58
49 64
49 65
49 66
49 67
49 68
49 74
49 75
49 79
49 85
49 86
49 88
49 89
49 105
49 111
49 113
49 115
49 116
49 120
49 127
49 140
49 141
49 145
49 199
50 167
50 183
50 185
50 192
50 197
50 230
50 235
50 242
50 250
50 258
50 281
50 286
50 11
50 15
50 25
50 29
50 36
50 38
50 39
50 44
50 48
50 53
50 58
50 68
50 70
50 71
50 78
50 80
50 86
50 102
50 107
50 109
50 111
50 113
50 125
50 143
50 200
51 158
51 168
51 179
51 191
51 193
51 196
51 209
51 227
51 235
51 239
51 256
51 261
51 286
51 288
51 298
51 1
51 2
51 11
51 12
51 18
51 21
51 23
51 35
51 39
51 40
51 48
51 49
51 52
51 61
51 62
51 63
51 71
51 72
51 91
51 92
51 93
51 94
51 100
51 101
51 112
51 113
51 115
51 116
51 117
51 120
51 123
51 129
51 131
51 133
51 138
51 140
51 147
51 201
52 173
52 179
52 188
52 190
52 214
52 225
52 228
52 248
52 255
52 271
52 278
52 292
52 5
52 23
52 25
52 30
52 38
52 43
52 47
52 48
52 51
52 56
52 57
52 68
52 69
52 85
52 88
52 96
52 99
52 104
52 111
52 116
52 127
52 133
52 134
52 138
52 148
52 202
53 152
53 160
53 166
53 184
53 187
53 210
53 211
53 218
53 223
53 228
53 249
53 296
53 0
53 13
53 14
53 15
53 21
53 24
53 38
53 40
53 42
53 45
53 50
53 63
53 66
53 73
53 80
53 95
53 96
53 101
53 110
53 112
53 131
53 133
53 134
53 135
53 139
53 142
53 148
53 203
54 154
54 167
54 181
54 202
54 207
54 211
54 215
54 219
54 229
54 237
54 255
54 269
54 279
54 285
54 291
54 14
54 19
54 21
54 24
54 25
54 27
54 42
54 56
54 61
54 62
54 70
54 78
54 84
54 91
54 95
54 101
54 102
54 106
54 116
54 118
54 120
54 121
54 122
54 127
54 130
54 132
54 140
54 142
54 204
55 158
55 179
55 193
55 194
55 200
55 202
55 205
55 218
55 219
55 232
55 253
55 265
55 277
55 279
55 3
55 5
55 11
55 16
55 23
55 29
55 35
55 36
55 48
55 68
55 70
55 81
55 82
55 90
55 91
55 94
55 97
55 100
55 103
55 114
55 118
55 119
55 120
55 121
55 143
56 156
56 177
56 189
56 200
56 205
56 208
56 209
56 216
56 230
56 254
56 273
56 275
56 293
56 294
56 297
56 2
56 8
56 9
56 12
56 15
56 16
56 17
56 21
56 22
56 29
56 30
56 32
56 34
56 42
56 52
56 54
56 63
56 73
56 75
56 100
56 113
56 115
56 117
56 118
56 121
56 128
56 137
56 141
56 145
56 147
56 206
57 165
57 175
57 176
57 178
57 213
57 219
57 223
57 225
57 233
57 240
57 251
57 254
57 257
57 273
57 281
57 2
57 3
57 7
57 9
57 11
57 15
57 16
57 18
57 26
57 28
57 34
57 36
57 41
57 44
57 47
57 49
57 52
57 62
57 65
57 66
57 78
57 83
57 84
57 85
57 88
57 108
57 116
57 119
57 120
57 132
57 135
57 145
57 146
57 148
57 149
57 207
58 150
58 160
58 169
58 193
58 205
58 245
58 253
58 260
58 282
58 3
58 23
58 24
58 29
58 32
58 34
58 49
58 50
58 62
58 65
58 73
58 78
58 80
58 88
58 90
58 99
58 102
58 104
58 107
58 108
58 113
58 115
58 116
58 120
58 123
58 126
58 132
58 134
58 140
58 141
58 144
58 208
59 152
59 166
59 180
59 192
59 226
59 229
59 251
59 274
59 279
59 284
59 285
59 296
59 297
59 0
59 4
59 7
59 9
59 12
59 18
59 22
59 30
59 32
59 33
59 34
59 37
59 45
59 46
59 47
59 62
59 70
59 72
59 88
59 94
59 101
59 104
59 106
59 111
59 115
59 123
59 128
59 131
59 134
59 144
59 148
59 209
60 162
60 167
60 178
60 190
60 199
60 249
60 251
60 254
60 255
60 264
60 276
60 281
60 0
60 7
60 13
60 14
60 19
60 21
60 25
60 30
60 37
60 38
60 43
60 46
60 47
60 62
60 68
60 76
60 85
60 95
60 97
60 105
60 119
60 121
60 127
60 133
60 137
60 141
60 147
60 210
61 173
61 176
61 196
61 211
61 219
61 248
61 266
61 299
61 1
61 9
61 10
61 17
61 19
61 23
61 24
61 27
61 30
61 39
61 51
61 54
61 62
61 65
61 66
61 67
61 79
61 81
61 101
61 102
61 107
61 112
61 123
61 125
61 126
61 130
61 136
61 145
61 146
62 156
62 157
62 162
62 168
62 184
62 211
62 225
62 226
62 232
62 245
62 288
62 4
62 7
62 14
62 19
62 20
62 24
62 27
62 28
62 31
62 36
62 42
62 45
62 46
62 51
62 54
62 57
62 58
62 59
62 60
62 61
62 65
62 66
62 67
62 68
62 82
62 83
62 104
62 113
62 114
62 116
62 124
62 132
62 133
62 141
62 144
62 148
62 149
62 212
63 157
63 161
63 173
63 177
63 187
63 195
63 196
63 200
63 202
63 206
63 239
63 253
63 254
63 265
63 296
63 3
63 12
63 15
63 16
63 22
63 27
63 29
63 30
63 38
63 42
63 45
63 51
63 53
63 56
63 72
63 80
63 84
63 87
63 91
63 96
63 100
63 101
63 106
63 109
63 113
63 114
63 122
63 125
63 133
63 137
63 142
63 145
63 147
63 149
63 213
64 171
64 175
64 187
64 189
64 197
64 204
64 206
64 213
64 216
64 220
64 239
64 260
64 262
64 269
64 273
64 275
64 279
64 290
64 293
64 4
64 16
64 19
64 20
64 33
64 42
64 44
64 45
64 49
64 72
64 76
64 77
64 87
64 96
64 106
64 107
64 111
64 114
64 122
64 129
64 132
64 139
64 147
64 214
65 153
65 156
65 158
65 162
65 170
65 173
65 178
65 215
65 217
65 227
65 240
65 251
65 263
65 266
65 274
65 277
65 279
65 282
65 284
65 291
65 294
65 6
65 7
65 13
65 14
65 15
65 17
65 21
65 26
65 33
65 40
65 47
65 49
65 57
65 58
65 61
65 62
65 70
65 74
65 86
65 88
65 91
65 96
65 100
65 108
65 119
65 120
65 123
65 124
65 125
65 137
65 140
65 141
65 146
66 151
66 161
66 176
66 193
66 210
66 229
66 236
66 243
66 246
66 259
66 263
66 265
66 271
66 282
66 284
66 292
66 293
66 299
66 0
66 3
66 14
66 18
66 23
66 37
66 41
66 45
66 46
66 47
66 48
66 49
66 53
66 57
66 61
66 62
66 69
66 75
66 77
66 79
66 84
66 86
66 94
66 102
66 103
66 111
66 113
66 117
66 119
66 123
66 125
66 127
66 149
66 216
67 153
67 165
67 181
67 182
67 214
67 217
67 234
67 244
67 248
67 249
67 257
67 258
67 285
67 293
67 295
67 2
67 9
67 10
67 22
67 27
67 31
67 37
67 39
67 49
67 61
67 62
67 81
67 86
67 88
67 89
67 91
67 94
67 97
67 98
67 113
67 116
67 124
67 131
67 134
67 138
67 149
68 152
68 158
68 161
68 168
68 175
68 182
68 191
68 193
68 203
68 206
68 238
68 245
68 246
68 247
68 259
68 281
68 294
68 1
68 2
68 21
68 26
68 28
68 31
68 49
68 50
68 52
68 55
68 60
68 62
68 73
68 96
68 99
68 106
68 109
68 112
68 113
68 117
68 125
68 131
68 133
68 135
68 143
68 147
68 218
69 167
69 196
69 211
69 229
69 238
69 239
69 242
69 243
69 256
69 271
69 285
69 6
69 11
69 34
69 42
69 45
69 52
69 66
69 71
69 81
69 82
69 84
69 95
69 99
69 103
69 110
69 113
69 116
69 119
69 121
69 126
69 139
69 219
70 163
70 169
70 173
70 185
70 191
70 201
70 204
70 242
70 250
70 253
70 258
70 263
70 270
70 277
70 3
70 8
70 18
70 22
70 23
70 33
70 34
70 50
70 54
70 55
70 59
70 65
70 71
70 72
70 73
70 74
70 77
70 84
70 92
70 93
70 100
70 103
70 104
70 117
70 119
70 121
70 124
70 137
70 138
70 220
71 157
71 168
71 182
71 190
71 198
71 207
71 209
71 215
71 219
71 221
71 224
71 283
71 6
71 10
71 11
71 38
71 39
71 44
71 46
71 50
71 51
71 69
71 70
71 85
71 88
71 89
71 98
71 104
71 127
71 137
71 144
72 163
72 164
72 187
72 199
72 201
72 222
72 242
72 253
72 270
72 276
72 296
72 0
72 1
72 4
72 5
72 7
72 9
72 10
72 16
72 18
72 24
72 25
72 26
72 33
72 35
72 39
72 41
72 42
72 51
72 59
72 63
72 64
72 70
72 79
72 84
72 94
72 96
72 97
72 102
72 103
72 106
72 112
72 119
72 123
72 131
72 144
72 146
73 160
73 179
73 182
73 183
73 190
73 206
73 211
73 225
73 5
73 13
73 16
73 18
73 21
73 29
73 36
73 48
73 53
73 56
73 58
73 68
73 70
73 97
73 99
73 104
73 105
73 114
73 116
73 122
73 123
73 124
73 131
73 132
73 135
73 142
73 223
74 150
74 153
74 155
74 162
74 171
74 173
74 176
74 217
74 233
74 237
74 260
74 265
74 274
74 281
74 298
74 5
74 15
74 16
74 17
74 24
74 28
74 33
74 34
74 40
74 49
74 65
74 70
74 77
74 79
74 80
74 89
74 93
74 106
74 115
74 126
74 135
74 137
74 139
74 141
74 143
74 147
74 224
75 160
75 163
75 187
75 196
75 213
75 230
75 234
75 258
75 261
75 291
75 3
75 4
75 6
75 15
75 21
75 22
75 27
75 35
75 39
75 49
75 56
75 66
75 79
75 81
75 87
75 89
75 100
75 105
75 109
75 111
75 137
75 143
75 144
75 146
75 149
75 225
76 164
76 168
76 180
76 191
76 198
76 201
76 227
76 232
76 248
76 259
76 276
76 279
76 281
76 284
76 6
76 17
76 21
76 28
76 36
76 47
76 60
76 64
76 98
76 121
76 131
76 135
76 138
76 142
76 145
76 226
77 163
77 178
77 196
77 211
77 213
77 231
77 232
77 244
77 249
77 257
77 266
77 272
77 273
77 275
77 297
77 4
77 7
77 10
77 12
77 25
77 29
77 31
77 35
77 40
77 42
77 64
77 66
77 70
77 74
77 82
77 87
77 93
77 98
77 101
77 103
77 106
77 109
77 114
77 117
77 118
77 120
77 121
77 122
77 124
77 129
77 144
77 227
78 150
78 175
78 186
78 192
78 203
78 206
78 211
78 227
78 233
78 238
78 266
78 279
78 1
78 2
78 16
78 19
78 22
78 26
78 30
78 32
78 33
78 42
78 46
78 48
78 50
78 54
78 57
78 58
78 80
78 87
78 103
78 104
78 112
78 121
78 124
78 128
78 131
78 132
78 135
78 138
78 142
78 145
78 146
78 148
78 228
79 153
79 157
79 166
79 180
79 188
79 189
79 203
79 222
79 227
79 238
79 257
79 260
79 274
79 277
79 279
79 284
79 286
79 1
79 6
79 7
79 11
79 12
79 16
79 18
79 35
79 38
79 39
79 49
79 61
79 66
79 72
79 74
79 75
79 83
79 86
79 88
79 101
79 104
79 106
79 112
79 113
79 119
79 120
79 121
79 122
79 129
79 140
79 143
79 146
79 229
80 158
80 168
80 187
80 193
80 200
80 209
80 247
80 259
80 266
80 278
80 299
80 2
80 8
80 11
80 12
80 43
80 44
80 50
80 53
80 58
80 63
80 74
80 78
80 81
80 86
80 87
80 89
80 93
80 94
80 97
80 103
80 105
80 107
80 131
80 135
80 138
80 139
80 149
80 230
81 160
81 166
81 169
81 199
81 200
81 201
81 210
81 227
81 233
81 253
81 264
81 270
81 274
81 284
81 294
81 3
81 21
81 29
81 33
81 34
81 39
81 43
81 55
81 61
81 67
81 69
81 75
81 80
81 85
81 92
81 108
81 109
81 113
81 130
81 132
81 133
81 138
81 142
81 144
81 147
81 148
81 231
82 152
82 153
82 161
82 166
82 181
82 182
82 203
82 210
82 212
82 213
82 225
82 239
82 262
82 282
82 293
82 296
82 4
82 7
82 8
82 16
82 18
82 19
82 20
82 22
82 27
82 32
82 35
82 37
82 40
82 43
82 55
82 62
82 69
82 77
82 86
82 90
82 92
82 93
82 94
82 96
82 97
82 99
82 104
82 112
82 113
82 116
82 127
82 128
82 129
82 130
82 145
82 146
82 232
83 163
83 170
83 184
83 190
83 198
83 211
83 214
83 232
83 246
83 253
83 272
83 274
83 4
83 6
83 12
83 20
83 33
83 37
83 43
83 57
83 62
83 79
83 93
83 94
83 95
83 96
83 100
83 106
83 107
83 110
83 113
83 114
83 115
83 117
83 119
83 130
83 132
83 136
83 138
83 145
83 146
83 147
83 233
84 173
84 174
84 197
84 198
84 206
84 210
84 213
84 215
84 234
84 237
84 246
84 273
84 285
84 286
84 289
84 293
84 0
84 1
84 3
84 4
84 5
84 18
84 22
84 24
84 26
84 32
84 41
84 42
84 44
84 47
84 48
84 54
84 57
84 63
84 66
84 69
84 70
84 72
84 91
84 93
84 100
84 105
84 119
84 121
84 123
84 127
84 129
84 132
84 133
84 137
84 145
85 180
85 186
85 189
85 201
85 203
85 212
85 221
85 256
85 258
85 261
85 265
85 281
85 293
85 298
85 8
85 12
85 13
85 16
85 24
85 29
85 30
85 33
85 35
85 43
85 45
85 46
85 49
85 52
85 57
85 60
85 71
85 81
85 87
85 102
85 106
85 112
85 125
85 133
85 134
85 140
85 141
85 148
85 149
85 235
86 156
86 170
86 177
86 185
86 188
86 196
86 210
86 250
86 297
86 6
86 10
86 15
86 19
86 27
86 28
86 29
86 37
86 43
86 45
86 46
86 48
86 49
86 50
86 65
86 66
86 67
86 79
86 80
86 82
86 87
86 93
86 106
86 109
86 110
86 112
86 125
86 130
86 131
86 132
86 137
86 145
86 147
86 148
86 236
87 151
87 154
87 165
87 176
87 179
87 199
87 201
87 210
87 230
87 236
87 261
87 276
87 298
87 0
87 3
87 4
87 10
87 14
87 18
87 27
87 37
87 40
87 46
87 63
87 64
87 75
87 77
87 78
87 80
87 85
87 86
87 109
87 110
87 119
87 120
87 126
87 135
87 140
87 145
87 146
87 149
87 237
88 153
88 175
88 189
88 192
88 204
88 228
88 290
88 299
88 11
88 16
88 18
88 23
88 27
88 29
88 33
88 43
88 46
88 49
88 52
88 57
88 58
88 59
88 65
88 67
88 71
88 79
88 93
88 96
88 105
88 106
88 107
88 108
88 109
88 122
88 124
88 126
88 128
88 130
88 132
88 148
88 238
89 150
89 209
89 230
89 280
89 284
89 5
89 10
89 12
89 25
89 27
89 29
89 30
89 32
89 37
89 41
89 44
89 49
89 67
89 71
89 74
89 75
89 80
89 98
89 99
89 110
89 115
89 123
89 126
89 139
89 145
89 146
89 149
89 239
90 159
90 163
90 217
90 224
90 226
90 247
90 251
90 258
90 265
90 271
90 281
90 0
90 4
90 11
90 12
90 19
90 20
90 26
90 29
90 38
90 40
90 55
90 58
90 82
90 91
90 92
90 104
90 108
90 122
90 126
90 128
90 130
90 132
90 138
90 140
90 240
91 168
91 203
91 211
91 228
91 241
91 242
91 268
91 275
91 2
91 3
91 10
91 14
91 19
91 24
91 34
91 35
91 37
91 41
91 43
91 45
91 51
91 54
91 55
91 63
91 65
91 67
91 84
91 90
91 93
91 96
91 97
91 98
91 103
91 111
91 146
92 160
92 165
92 188
92 194
92 198
92 204
92 219
92 228
92 231
92 236
92 254
92 2
92 4
92 9
92 19
92 21
92 22
92 26
92 27
92 32
92 35
92 36
92 40
92 42
92 43
92 51
92 70
92 81
92 82
92 90
92 95
92 99
92 101
92 102
92 105
92 118
92 124
92 125
92 129
92 132
92 140
92 242
93 153
93 161
93 174
93 189
93 203
93 204
93 210
93 226
93 229
93 236
93 244
93 249
93 254
93 256
93 13
93 19
93 20
93 22
93 26
93 29
93 35
93 45
93 48
93 51
93 70
93 74
93 77
93 80
93 82
93 83
93 84
93 86
93 88
93 91
93 94
93 107
93 109
93 113
93 114
93 115
93 118
93 119
93 128
93 134
93 139
93 142
93 146
93 147
93 148
93 149
93 243
94 178
94 189
94 193
94 198
94 205
94 206
94 211
94 212
94 220
94 225
94 228
94 229
94 233
94 234
94 235
94 244
94 246
94 271
94 278
94 293
94 0
94 17
94 21
94 25
94 33
94 35
94 40
94 44
94 51
94 55
94 59
94 66
94 67
94 72
94 80
94 82
94 83
94 93
94 97
94 109
94 111
94 115
94 120
94 125
94 128
94 131
94 139
94 144
94 146
94 148
95 161
95 163
95 164
95 194
95 213
95 217
95 222
95 224
95 229
95 235
95 241
95 275
95 278
95 2
95 10
95 15
95 17
95 24
95 25
95 27
95 35
95 37
95 42
95 53
95 54
95 60
95 69
95 83
95 92
95 102
95 107
95 117
95 120
95 122
95 123
95 138
95 139
95 142
95 146
95 148
95 245
96 156
96 181
96 199
96 201
96 213
96 214
96 218
96 254
96 262
96 264
96 266
96 282
96 285
96 2
96 4
96 13
96 16
96 18
96 19
96 20
96 34
96 35
96 38
96 45
96 46
96 47
96 52
96 53
96 63
96 64
96 65
96 68
96 72
96 82
96 83
96 88
96 91
96 98
96 99
96 102
96 104
96 109
96 114
96 126
96 128
96 132
96 138
96 246
97 157
97 178
97 189
97 190
97 227
97 233
97 236
97 254
97 273
97 274
97 287
97 294
97 0
97 6
97 16
97 20
97 27
97 34
97 55
97 60
97 67
97 72
97 73
97 80
97 82
97 91
97 94
97 103
97 134
97 143
97 147
97 149
97 247
98 154
98 158
98 168
98 177
98 190
98 193
98 199
98 209
98 212
98 213
98 218
98 221
98 224
98 227
98 228
98 230
98 272
98 279
98 295
98 296
98 4
98 12
98 14
98 15
98 20
98 21
98 32
98 41
98 42
98 43
98 44
98 48
98 67
98 71
98 76
98 77
98 89
98 91
98 96
98 100
98 102
98 105
98 109
98 112
98 113
98 121
98 126
98 130
98 137
98 140
98 142
98 248
99 158
99 161
99 162
99 163
99 176
99 209
99 213
99 214
99 224
99 252
99 257
99 258
99 264
99 266
99 274
99 275
99 276
99 280
99 286
99 287
99 0
99 2
99 8
99 12
99 14
99 17
99 20
99 21
99 36
99 52
99 58
99 68
99 69
99 73
99 82
99 89
99 92
99 96
99 100
99 101
99 106
99 108
99 113
99 114
99 119
99 120
99 136
99 139
99 141
99 143
99 149
99 249
100 171
100 179
100 187
100 195
100 203
100 218
100 219
100 235
100 250
100 254
100 283
100 287
100 292
100 6
100 8
100 15
100 19
100 24
100 27
100 31
100 32
100 36
100 42
100 44
100 47
100 51
100 55
100 56
100 63
100 65
100 70
100 75
100 83
100 84
100 98
100 99
100 104
100 107
100 114
100 116
100 117
100 123
100 145
100 146
100 149
101 153
101 180
101 185
101 232
101 234
101 235
101 250
101 285
101 7
101 10
101 14
101 16
101 18
101 21
101 27
101 28
101 30
101 34
101 39
101 51
101 53
101 54
101 59
101 61
101 63
101 77
101 79
101 92
101 99
101 107
101 113
101 117
101 121
101 122
101 125
101 126
101 133
101 141
101 144
101 251
102 160
102 178
102 192
102 200
102 201
102 202
102 230
102 236
102 237
102 245
102 247
102 248
102 251
102 253
102 265
102 266
102 277
102 292
102 296
102 4
102 13
102 17
102 22
102 25
102 30
102 37
102 41
102 47
102 50
102 54
102 58
102 61
102 66
102 72
102 85
102 92
102 95
102 96
102 98
102 104
102 108
102 112
102 115
102 119
102 127
102 133
102 135
102 139
102 140
102 142
102 144
102 148
102 252
103 151
103 162
103 164
103 170
103 173
103 185
103 194
103 196
103 236
103 242
103 248
103 249
103 256
103 263
103 266
103 273
103 281
103 283
103 291
103 299
103 0
103 3
103 4
103 15
103 28
103 30
103 35
103 41
103 42
103 43
103 48
103 55
103 66
103 69
103 70
103 72
103 77
103 78
103 80
103 91
103 97
103 107
103 116
103 131
103 138
103 140
103 146
103 147
103 148
103 253
104 185
104 190
104 193
104 217
104 229
104 250
104 267
104 274
104 287
104 295
104 9
104 15
104 17
104 24
104 28
104 32
104 33
104 43
104 48
104 52
104 58
104 59
104 62
104 70
104 71
104 73
104 78
104 79
104 82
104 90
104 96
104 100
104 102
104 105
104 107
104 108
104 127
104 131
104 132
104 137
104 140
104 254
105 159
105 167
105 183
105 190
105 191
105 194
105 210
105 227
105 246
105 248
105 249
105 286
105 294
105 1
105 5
105 9
105 20
105 22
105 33
105 35
105 38
105 48
105 49
105 60
105 73
105 75
105 80
105 84
105 88
105 92
105 98
105 104
105 109
105 110
105 111
105 113
105 114
105 116
105 120
105 121
105 125
105 129
105 130
105 133
105 136
105 145
105 149
105 255
106 162
106 169
106 179
106 199
106 206
106 215
106 229
106 245
106 247
106 248
106 249
106 260
106 264
106 272
106 276
106 0
106 6
106 8
106 9
106 10
106 12
106 16
106 20
106 22
106 25
106 29
106 30
106 35
106 39
106 40
106 41
106 43
106 54
106 59
106 63
106 64
106 68
106 72
106 74
106 77
106 79
106 83
106 85
106 86
106 88
106 99
106 107
106 113
106 114
106 138
106 144
106 146
106 256
107 161
107 162
107 163
107 176
107 187
107 220
107 225
107 231
107 233
107 258
107 267
107 273
107 281
107 289
107 291
107 295
107 2
107 9
107 12
107 17
107 34
107 40
107 41
107 44
107 46
107 48
107 50
107 58
107 61
107 64
107 80
107 83
107 88
107 93
107 95
107 100
107 101
107 103
107 104
107 106
107 110
107 112
107 115
107 123
107 127
107 140
107 142
107 143
107 145
107 257
108 162
108 177
108 197
108 200
108 239
108 253
108 261
108 267
108 271
108 283
108 286
108 288
108 291
108 1
108 6
108 8
108 19
108 21
108 31
108 34
108 43
108 57
108 58
108 65
108 81
108 88
108 90
108 99
108 102
108 104
108 109
108 112
108 131
108 142
108 144
108 258
109 223
109 230
109 231
109 237
109 244
109 247
109 248
109 253
109 287
109 288
109 292
109 294
109 3
109 16
109 17
109 18
109 21
109 27
109 28
109 30
109 32
109 35
109 50
109 63
109 68
109 75
109 77
109 81
109 86
109 87
109 88
109 93
109 94
109 96
109 98
109 105
109 108
109 114
109 116
109 128
109 133
109 143
109 149
109 259
110 163
110 164
110 175
110 181
110 213
110 219
110 231
110 233
110 269
110 279
110 0
110 2
110 6
110 10
110 11
110 15
110 28
110 34
110 36
110 42
110 53
110 69
110 83
110 86
110 87
110 89
110 105
110 107
110 116
110 122
110 123
110 131
110 139
110 143
110 147
110 260
111 174
111 189
111 205
111 209
111 222
111 228
111 229
111 245
111 260
111 271
111 277
111 278
111 279
111 292
111 2
111 10
111 13
111 15
111 19
111 21
111 25
111 34
111 49
111 50
111 52
111 59
111 64
111 66
111 75
111 91
111 94
111 105
111 114
111 115
111 128
111 141
111 148
111 149
111 261
112 151
112 159
112 177
112 183
112 188
112 190
112 194
112 197
112 213
112 231
112 240
112 242
112 9
112 12
112 14
112 19
112 22
112 25
112 26
112 27
112 34
112 46
112 51
112 53
112 61
112 68
112 72
112 78
112 79
112 82
112 85
112 86
112 98
112 102
112 107
112 108
112 119
112 123
112 125
112 126
112 128
112 138
112 144
112 262
113 156
113 158
113 159
113 168
113 172
113 176
113 208
113 212
113 228
113 238
113 250
113 265
113 274
113 276
113 9
113 10
113 12
113 16
113 18
113 23
113 26
113 27
113 33
113 35
113 43
113 44
113 46
113 49
113 50
113 51
113 56
113 58
113 62
113 63
113 66
113 67
113 68
113 69
113 79
113 81
113 82
113 83
113 93
113 98
113 99
113 101
113 105
113 106
113 125
113 128
113 142
113 143
113 144
113 147
113 263
114 200
114 202
114 218
114 231
114 236
114 256
114 274
114 294
114 298
114 8
114 12
114 16
114 17
114 18
114 21
114 22
114 24
114 30
114 33
114 39
114 40
114 41
114 44
114 55
114 62
114 63
114 64
114 73
114 77
114 83
114 93
114 96
114 99
114 100
114 105
114 106
114 109
114 111
114 119
114 129
114 130
114 135
114 137
114 142
114 145
114 149
114 264
115 150
115 171
115 179
115 190
115 207
115 223
115 242
115 243
115 244
115 246
115 283
115 297
115 1
115 4
115 5
115 10
115 13
115 20
115 22
115 26
115 27
115 34
115 35
115 36
115 37
115 39
115 46
115 49
115 51
115 56
115 58
115 59
115 74
115 83
115 89
115 93
115 94
115 102
115 107
115 111
115 132
115 140
115 265
116 198
116 230
116 239
116 253
116 257
116 267
116 269
116 5
116 6
116 13
116 18
116 19
116 24
116 26
116 36
116 48
116 49
116 51
116 52
116 54
116 57
116 58
116 62
116 67
116 69
116 73
116 82
116 100
116 103
116 105
116 109
116 110
116 121
116 125
116 128
116 131
116 135
116 142
116 144
116 147
116 266
117 155
117 160
117 194
117 207
117 223
117 252
117 256
117 274
117 290
117 16
117 21
117 23
117 26
117 28
117 36
117 46
117 51
117 56
117 66
117 68
117 70
117 77
117 83
117 95
117 100
117 101
117 121
117 123
117 130
117 137
117 138
117 144
117 145
117 146
117 147
117 267
118 173
118 185
118 193
118 218
118 220
118 225
118 234
118 239
118 258
118 267
118 269
118 270
118 286
118 4
118 6
118 10
118 11
118 12
118 23
118 24
118 28
118 30
118 34
118 46
118 54
118 55
118 56
118 77
118 92
118 93
118 120
118 122
118 140
118 143
118 146
118 268
119 168
119 179
119 221
119 223
119 255
119 261
119 262
119 264
119 271
119 272
119 276
119 278
119 287
119 0
119 4
119 6
119 18
119 19
119 29
119 30
119 41
119 44
119 45
119 48
119 55
119 57
119 60
119 65
119 66
119 69
119 70
119 72
119 79
119 83
119 84
119 87
119 93
119 99
119 102
119 112
119 114
119 124
119 136
119 137
119 139
119 269
120 165
120 166
120 167
120 168
120 169
120 193
120 209
120 214
120 242
120 264
120 269
120 274
120 277
120 2
120 10
120 13
120 17
120 22
120 24
120 39
120 49
120 51
120 54
120 55
120 57
120 58
120 65
120 77
120 79
120 87
120 94
120 95
120 99
120 105
120 118
120 122
120 128
120 130
120 140
120 141
120 145
120 270
121 169
121 171
121 192
121 203
121 209
121 226
121 260
121 268
121 281
121 9
121 10
121 13
121 14
121 19
121 23
121 54
121 55
121 56
121 60
121 69
121 70
121 76
121 77
121 78
121 79
121 84
121 98
121 101
121 105
121 116
121 117
121 122
121 135
121 148
121 271
122 150
122 168
122 192
122 196
122 205
122 210
122 211
122 219
122 220
122 223
122 228
122 232
122 235
122 247
122 252
122 265
122 266
122 268
122 275
122 1
122 2
122 5
122 8
122 10
122 14
122 21
122 23
122 27
122 42
122 43
122 45
122 46
122 54
122 63
122 64
122 73
122 77
122 79
122 88
122 90
122 95
122 101
122 110
122 118
122 120
122 121
122 126
122 134
122 138
122 145
122 146
122 149
122 272
123 150
123 160
123 168
123 196
123 199
123 205
123 248
123 249
123 256
123 266
123 274
123 0
123 1
123 6
123 8
123 9
123 11
123 16
123 29
123 30
123 36
123 47
123 48
123 51
123 58
123 59
123 61
123 65
123 66
123 72
123 73
123 84
123 89
123 95
123 100
123 107
123 110
123 112
123 117
123 124
123 125
123 136
123 137
123 141
123 273
124 163
124 172
124 174
124 182
124 197
124 226
124 227
124 262
124 267
124 270
124 278
124 286
124 293
124 298
124 4
124 5
124 9
124 15
124 16
124 17
124 26
124 27
124 40
124 41
124 42
124 46
124 62
124 65
124 67
124 70
124 73
124 77
124 78
124 88
124 92
124 119
124 123
124 127
124 128
124 139
124 140
124 145
124 149
124 274
125 151
125 161
125 172
125 178
125 191
125 211
125 218
125 229
125 245
125 246
125 249
125 254
125 256
125 258
125 279
125 284
125 286
125 287
125 289
125 292
125 3
125 4
125 11
125 18
125 21
125 39
125 42
125 45
125 47
125 50
125 61
125 63
125 65
125 66
125 68
125 85
125 86
125 92
125 94
125 101
125 105
125 112
125 113
125 116
125 123
125 133
125 142
125 144
125 149
125 275
126 164
126 165
126 167
126 174
126 190
126 193
126 207
126 224
126 226
126 236
126 237
126 243
126 250
126 252
126 255
126 256
126 5
126 8
126 9
126 11
126 12
126 26
126 27
126 39
126 58
126 61
126 69
126 74
126 87
126 88
126 89
126 90
126 96
126 98
126 101
126 112
126 122
126 127
126 129
126 133
126 135
126 147
126 276
127 156
127 178
127 226
127 241
127 246
127 256
127 257
127 258
127 260
127 271
127 293
127 298
127 3
127 20
127 22
127 38
127 49
127 52
127 54
127 60
127 66
127 71
127 82
127 84
127 102
127 104
127 107
127 124
127 126
127 129
127 140
127 146
127 277
128 178
128 185
128 186
128 187
128 196
128 208
128 209
128 230
128 235
128 250
128 252
128 263
128 268
128 284
128 5
128 8
128 9
128 19
128 20
128 26
128 31
128 38
128 42
128 56
128 59
128 78
128 82
128 88
128 90
128 93
128 94
128 96
128 109
128 111
128 112
128 113
128 116
128 120
128 124
128 132
128 137
128 142
128 146
128 278
129 184
129 200
129 215
129 227
129 233
129 264
129 273
129 275
129 278
129 293
129 4
129 9
129 20
129 29
129 31
129 37
129 45
129 47
129 51
129 64
129 77
129 79
129 82
129 84
129 92
129 105
129 114
129 126
129 127
129 133
129 136
129 147
129 279
130 170
130 178
130 191
130 192
130 195
130 200
130 215
130 216
130 222
130 223
130 225
130 237
130 260
130 261
130 266
130 284
130 6
130 10
130 16
130 28
130 29
130 33
130 54
130 61
130 81
130 82
130 83
130 86
130 88
130 90
130 98
130 105
130 114
130 117
130 120
130 132
130 133
130 138
130 145
130 148
130 280
131 153
131 193
131 205
131 220
131 228
131 253
131 261
131 262
131 270
131 271
131 299
131 4
131 6
131 8
131 19
131 23
131 24
131 31
131 32
131 38
131 42
131 46
131 51
131 53
131 59
131 67
131 68
131 72
131 73
131 76
131 78
131 80
131 86
131 94
131 103
131 104
131 108
131 110
131 116
131 133
131 138
131 140
131 146
131 281
132 150
132 151
132 153
132 163
132 168
132 174
132 176
132 179
132 187
132 202
132 204
132 205
132 206
132 212
132 220
132 227
132 244
132 248
132 265
132 270
132 286
132 288
132 294
132 298
132 0
132 10
132 26
132 30
132 34
132 36
132 37
132 38
132 45
132 54
132 57
132 58
132 62
132 64
132 73
132 78
132 81
132 83
132 84
132 86
132 88
132 90
132 92
132 96
132 104
132 115
132 128
132 130
132 138
132 141
132 146
132 282
133 155
133 163
133 177
133 180
133 186
133 197
133 206
133 213
133 239
133 243
133 253
133 278
133 288
133 3
133 7
133 10
133 16
133 18
133 19
133 20
133 22
133 26
133 27
133 32
133 51
133 52
133 53
133 60
133 62
133 63
133 68
133 81
133 84
133 85
133 101
133 102
133 105
133 109
133 125
133 126
133 129
133 130
133 131
133 138
133 141
133 142
133 283
134 150
134 153
134 165
134 178
134 215
134 223
134 226
134 235
134 263
134 266
134 284
134 287
134 5
134 10
134 15
134 21
134 25
134 26
134 29
134 31
134 36
134 38
134 44
134 52
134 53
134 58
134 59
134 67
134 85
134 93
134 97
134 122
134 135
134 143
134 145
135 168
135 178
135 185
135 190
135 244
135 259
135 282
135 1
135 9
135 18
135 20
135 22
135 24
135 26
135 27
135 32
135 39
135 44
135 53
135 57
135 68
135 73
135 74
135 76
135 78
135 80
135 87
135 102
135 114
135 116
135 121
135 126
135 134
135 137
135 138
135 144
135 146
135 148
135 285
136 171
136 186
136 188
136 195
136 198
136 227
136 231
136 235
136 236
136 242
136 250
136 257
136 260
136 273
136 275
136 289
136 0
136 1
136 5
136 10
136 11
136 17
136 22
136 29
136 36
136 40
136 41
136 42
136 45
136 61
136 83
136 99
136 105
136 119
136 123
136 129
136 141
136 143
136 286
137 153
137 156
137 160
137 179
137 193
137 200
137 217
137 218
137 223
137 229
137 240
137 246
137 263
137 276
137 289
137 10
137 14
137 24
137 26
137 38
137 42
137 44
137 56
137 60
137 63
137 65
137 70
137 71
137 74
137 75
137 84
137 86
137 98
137 104
137 114
137 117
137 119
137 123
137 128
137 135
137 138
137 142
137 146
137 287
138 150
138 164
138 166
138 178
138 182
138 191
138 196
138 211
138 263
138 264
138 267
138 0
138 6
138 12
138 14
138 16
138 20
138 21
138 30
138 36
138 51
138 52
138 67
138 70
138 76
138 78
138 80
138 81
138 83
138 90
138 95
138 96
138 103
138 106
138 112
138 117
138 122
138 130
138 131
138 132
138 133
138 135
138 137
138 139
138 144
138 146
138 147
138 148
138 288
139 155
139 162
139 184
139 189
139 222
139 233
139 241
139 243
139 256
139 266
139 277
139 284
139 294
139 296
139 14
139 24
139 27
139 46
139 53
139 64
139 69
139 74
139 80
139 89
139 93
139 94
139 95
139 99
139 102
139 110
139 119
139 124
139 138
139 141
139 149
139 289
140 169
140 185
140 188
140 201
140 213
140 216
140 220
140 235
140 243
140 255
140 265
140 297
140 0
140 1
140 10
140 13
140 16
140 21
140 30
140 37
140 38
140 49
140 51
140 54
140 58
140 65
140 79
140 85
140 87
140 90
140 92
140 98
140 102
140 103
140 104
140 107
140 115
140 118
140 120
140 124
140 127
140 131
140 141
140 147
140 290
141 165
141 182
141 184
141 188
141 196
141 228
141 242
141 250
141 260
141 4
141 10
141 14
141 19
141 22
141 34
141 38
141 44
141 49
141 56
141 58
141 60
141 62
141 65
141 74
141 85
141 99
141 101
141 111
141 120
141 123
141 132
141 133
141 136
141 139
141 140
141 146
141 291
142 155
142 157
142 162
142 163
142 174
142 180
142 209
142 214
142 259
142 268
142 273
142 279
142 285
142 292
142 6
142 7
142 10
142 12
142 13
142 28
142 32
142 38
142 42
142 53
142 54
142 63
142 73
142 76
142 78
142 81
142 93
142 95
142 98
142 102
142 107
142 108
142 113
142 114
142 116
142 125
142 128
142 133
142 137
142 146
143 163
143 178
143 190
143 212
143 234
143 242
143 251
143 266
143 284
143 288
143 1
143 11
143 33
143 38
143 48
143 50
143 55
143 68
143 74
143 75
143 79
143 97
143 99
143 107
143 109
143 110
143 113
143 118
143 134
143 136
143 148
143 293
144 160
144 161
144 164
144 170
144 177
144 200
144 202
144 204
144 221
144 224
144 274
144 17
144 24
144 25
144 26
144 27
144 29
144 43
144 44
144 58
144 59
144 62
144 71
144 72
144 75
144 77
144 81
144 94
144 101
144 102
144 106
144 108
144 112
144 113
144 116
144 117
144 125
144 135
144 138
144 146
144 148
144 149
144 294
145 160
145 161
145 175
145 194
145 216
145 222
145 223
145 225
145 232
145 248
145 262
145 269
145 275
145 293
145 294
145 3
145 21
145 28
145 33
145 35
145 44
145 45
145 49
145 56
145 57
145 61
145 63
145 76
145 78
145 82
145 83
145 84
145 86
145 87
145 89
145 100
145 105
145 107
145 114
145 117
145 120
145 122
145 124
145 130
145 134
145 148
145 295
146 163
146 179
146 186
146 238
146 265
146 278
146 1
146 9
146 16
146 17
146 21
146 23
146 24
146 25
146 28
146 31
146 34
146 47
146 48
146 57
146 61
146 65
146 72
146 75
146 78
146 79
146 82
146 83
146 87
146 89
146 91
146 93
146 94
146 95
146 100
146 103
146 106
146 117
146 118
146 122
146 127
146 128
146 131
146 132
146 135
146 137
146 138
146 141
146 142
146 144
146 296
147 164
147 179
147 194
147 206
147 209
147 212
147 214
147 224
147 227
147 231
147 244
147 271
147 279
147 0
147 7
147 19
147 21
147 23
147 29
147 35
147 37
147 38
147 40
147 45
147 46
147 51
147 56
147 60
147 63
147 64
147 68
147 74
147 81
147 83
147 86
147 93
147 97
147 103
147 110
147 113
147 116
147 117
147 126
147 129
147 138
147 140
147 148
147 149
147 297
148 150
148 163
148 165
148 167
148 177
148 205
148 211
148 213
148 259
148 271
148 274
148 3
148 5
148 9
148 17
148 22
148 27
148 44
148 52
148 53
148 57
148 59
148 62
148 78
148 81
148 85
148 86
148 88
148 93
148 94
148 95
148 102
148 103
148 111
148 121
148 130
148 135
148 138
148 143
148 144
148 145
148 147
148 298
149 150
149 165
149 169
149 187
149 196
149 197
149 208
149 217
149 222
149 223
149 236
149 239
149 240
149 245
149 259
149 265
149 266
149 272
149 280
149 287
149 290
149 292
149 297
149 1
149 10
149 11
149 15
149 23
149 25
149 26
149 38
149 39
149 42
149 44
149 45
149 48
149 57
149 62
149 63
149 66
149 67
149 75
149 80
149 85
149 87
149 89
149 93
149 97
149 99
149 100
149 105
149 109
149 111
149 114
149 122
149 124
149 125
149 139
149 144
149 147
149 299
150 5
150 11
150 14
150 19
150 23
150 31
150 43
150 47
150 58
150 74
150 78
150 89
150 115
150 122
150 123
150 132
150 134
150 138
150 148
150 149
150 0
151 4
151 6
151 31
151 36
151 43
151 48
151 49
151 66
151 87
151 103
151 112
151 125
151 132
151 1
152 15
152 46
152 48
152 53
152 59
152 68
152 82
152 2
153 9
153 16
153 27
153 36
153 38
153 48
153 49
153 65
153 67
153 74
153 79
153 82
153 88
153 93
153 101
153 131
153 132
153 134
153 137
153 3
154 3
154 10
154 37
154 54
154 87
154 98
154 4
155 13
155 16
155 18
155 20
155 26
155 28
155 36
155 38
155 74
155 117
155 133
155 139
155 142
155 5
156 2
156 12
156 27
156 28
156 37
156 56
156 62
156 65
156 86
156 96
156 113
156 127
156 137
156 6
157 3
157 19
157 23
157 27
157 30
157 35
157 62
157 63
157 71
157 79
157 97
157 142
157 7
158 11
158 22
158 51
158 55
158 65
158 68
158 80
158 98
158 99
158 113
158 8
159 13
159 16
159 22
159 32
159 44
159 90
159 105
159 112
159 113
159 9
160 4
160 20
160 22
160 26
160 29
160 45
160 46
160 53
160 58
160 73
160 75
160 81
160 92
160 102
160 117
160 123
160 137
160 144
160 145
160 10
161 48
161 63
161 66
161 68
161 82
161 93
161 95
161 99
161 107
161 125
161 144
161 145
161 11
162 9
162 30
162 45
162 60
162 62
162 65
162 74
162 99
162 103
162 106
162 107
162 108
162 139
162 142
162 12
163 1
163 6
163 13
163 14
163 32
163 36
163 70
163 72
163 75
163 77
163 83
163 90
163 95
163 99
163 107
163 110
163 124
163 132
163 133
163 142
163 143
163 146
163 148
164 21
164 23
164 34
164 72
164 76
164 95
164 103
164 110
164 126
164 138
164 144
164 147
164 14
165 18
165 22
165 43
165 57
165 67
165 87
165 92
165 120
165 126
165 134
165 141
165 148
165 149
165 15
166 11
166 12
166 15
166 26
166 43
166 53
166 59
166 79
166 81
166 82
166 120
166 138
166 16
167 0
167 43
167 50
167 54
167 60
167 69
167 105
167 120
167 126
167 148
167 17
168 7
168 14
168 18
168 19
168 29
168 51
168 62
168 68
168 71
168 76
168 80
168 91
168 98
168 113
168 119
168 120
168 122
168 123
168 132
168 135
169 12
169 14
169 32
169 58
169 70
169 81
169 106
169 120
169 121
169 140
169 149
169 19
170 3
170 5
170 27
170 45
170 65
170 83
170 86
170 103
170 130
170 144
170 20
171 8
171 22
171 24
171 25
171 41
171 42
171 64
171 74
171 100
171 115
171 121
171 136
171 21
172 1
172 17
172 40
172 41
172 113
172 124
172 125
172 22
173 6
173 10
173 11
173 24
173 26
173 33
173 47
173 52
173 61
173 63
173 65
173 70
173 74
173 84
173 103
173 118
173 23
174 19
174 25
174 26
174 45
174 46
174 84
174 93
174 111
174 124
174 126
174 132
174 142
174 24
175 5
175 23
175 27
175 30
175 40
175 46
175 48
175 57
175 64
175 68
175 78
175 88
175 110
175 145
175 25
176 4
176 5
176 16
176 35
176 46
176 57
176 61
176 66
176 74
176 87
176 99
176 107
176 113
176 132
176 26
177 2
177 12
177 30
177 39
177 48
177 56
177 63
177 86
177 98
177 108
177 112
177 133
177 144
177 148
177 27
178 6
178 14
178 23
178 34
178 41
178 57
178 60
178 65
178 77
178 94
178 97
178 102
178 125
178 127
178 128
178 130
178 134
178 135
178 138
178 143
178 28
179 34
179 44
179 46
179 51
179 52
179 55
179 73
179 87
179 100
179 106
179 115
179 119
179 132
179 137
179 146
179 147
179 29
180 3
180 10
180 26
180 33
180 36
180 42
180 59
180 76
180 79
180 85
180 101
180 133
180 142
180 30
181 4
181 7
181 14
181 23
181 25
181 26
181 27
181 54
181 67
181 82
181 96
181 110
181 31
182 45
182 67
182 68
182 71
182 73
182 82
182 124
182 138
182 141
182 32
183 4
183 46
183 50
183 73
183 105
183 112
183 33
184 9
184 30
184 43
184 53
184 62
184 83
184 129
184 139
184 141
184 34
185 14
185 15
185 30
185 35
185 43
185 50
185 70
185 86
185 101
185 103
185 104
185 118
185 128
185 135
185 140
186 16
186 18
186 21
186 24
186 29
186 36
186 78
186 85
186 128
186 133
186 136
186 146
187 13
187 18
187 29
187 31
187 35
187 37
187 53
187 63
187 64
187 72
187 75
187 80
187 100
187 107
187 128
187 132
187 149
188 2
188 15
188 18
188 25
188 30
188 39
188 52
188 79
188 86
188 92
188 112
188 136
188 140
188 141
188 38
189 5
189 7
189 22
189 43
189 56
189 64
189 79
189 85
189 88
189 93
189 94
189 97
189 111
189 139
189 39
190 19
190 46
190 49
190 52
190 60
190 71
190 73
190 83
190 97
190 98
190 104
190 105
190 112
190 115
190 126
190 135
190 143
190 40
191 2
191 6
191 46
191 47
191 51
191 68
191 70
191 76
191 105
191 125
191 130
191 138
191 41
192 13
192 24
192 29
192 34
192 35
192 50
192 59
192 78
192 88
192 102
192 121
192 122
192 130
192 42
193 4
193 5
193 23
193 27
193 29
193 30
193 31
193 51
193 55
193 58
193 66
193 68
193 80
193 94
193 98
193 104
193 118
193 120
193 126
193 131
193 137
193 43
194 9
194 29
194 37
194 48
194 55
194 92
194 95
194 103
194 105
194 112
194 117
194 145
194 147
194 44
195 0
195 1
195 9
195 28
195 63
195 100
195 130
195 136
195 45
196 0
196 20
196 29
196 32
196 44
196 45
196 51
196 61
196 63
196 69
196 75
196 77
196 86
196 103
196 122
196 123
196 128
196 138
196 141
196 149
196 46
197 5
197 41
197 50
197 64
197 84
197 108
197 112
197 124
197 133
197 149
197 47
198 2
198 17
198 18
198 26
198 41
198 45
198 71
198 76
198 83
198 84
198 92
198 94
198 116
198 136
198 48
199 8
199 29
199 60
199 72
199 81
199 87
199 96
199 98
199 106
199 123
199 49
200 1
200 7
200 8
200 22
200 26
200 41
200 55
200 56
200 63
200 80
200 81
200 102
200 108
200 114
200 129
200 130
200 137
200 144
200 50
201 15
201 17
201 22
201 27
201 28
201 32
201 45
201 46
201 70
201 72
201 76
201 81
201 85
201 87
201 96
201 102
201 140
201 51
202 3
202 36
202 41
202 44
202 54
202 55
202 63
202 102
202 114
202 132
202 144
202 52
203 43
203 68
203 78
203 79
203 82
203 85
203 91
203 93
203 100
203 121
203 53
204 13
204 14
204 21
204 26
204 36
204 38
204 64
204 70
204 88
204 92
204 93
204 132
204 144
204 54
205 55
205 56
205 58
205 94
205 111
205 122
205 123
205 131
205 132
205 148
206 14
206 25
206 46
206 63
206 64
206 68
206 73
206 78
206 84
206 94
206 106
206 132
206 133
206 147
206 56
207 19
207 23
207 31
207 40
207 54
207 71
207 115
207 117
207 126
207 57
208 7
208 8
208 13
208 28
208 56
208 113
208 128
208 149
208 58
209 18
209 19
209 40
209 51
209 56
209 71
209 80
209 89
209 98
209 99
209 111
209 120
209 121
209 128
209 142
209 147
209 59
210 2
210 10
210 11
210 15
210 17
210 18
210 35
210 47
210 53
210 66
210 81
210 82
210 84
210 86
210 87
210 93
210 105
210 122
210 60
211 14
211 32
211 34
211 37
211 38
211 45
211 49
211 53
211 54
211 61
211 62
211 69
211 73
211 77
211 78
211 83
211 91
211 94
211 122
211 125
211 138
211 148
212 21
212 34
212 45
212 82
212 85
212 94
212 98
212 113
212 132
212 143
212 147
212 62
213 17
213 25
213 27
213 34
213 39
213 42
213 45
213 46
213 47
213 57
213 64
213 75
213 77
213 82
213 84
213 95
213 96
213 98
213 99
213 110
213 112
213 133
213 140
213 148
213 63
214 1
214 22
214 25
214 26
214 52
214 67
214 83
214 96
214 99
214 120
214 142
214 147
214 64
215 3
215 26
215 33
215 54
215 65
215 71
215 84
215 106
215 129
215 130
215 134
216 11
216 18
216 22
216 41
216 44
216 56
216 64
216 130
216 140
216 145
216 66
217 8
217 11
217 31
217 39
217 65
217 67
217 74
217 90
217 95
217 104
217 137
217 149
218 10
218 11
218 13
218 45
218 48
218 53
218 55
218 96
218 98
218 100
218 114
218 118
218 125
218 137
218 68
219 18
219 23
219 24
219 28
219 30
219 54
219 55
219 57
219 61
219 71
219 92
219 100
219 110
219 122
219 69
220 20
220 23
220 26
220 64
220 94
220 107
220 118
220 122
220 131
220 132
220 140
220 70
221 15
221 28
221 71
221 85
221 98
221 119
221 144
222 16
222 48
222 72
222 79
222 95
222 111
222 130
222 139
222 145
222 149
223 13
223 31
223 32
223 53
223 57
223 109
223 115
223 117
223 119
223 122
223 130
223 134
223 137
223 145
223 149
223 73
224 2
224 3
224 8
224 16
224 25
224 28
224 36
224 46
224 71
224 90
224 95
224 98
224 99
224 126
224 144
224 147
224 74
225 2
225 8
225 10
225 11
225 15
225 26
225 37
225 44
225 52
225 57
225 62
225 73
225 82
225 94
225 107
225 118
225 130
225 145
225 75
226 32
226 43
226 46
226 59
226 62
226 90
226 93
226 121
226 124
226 126
226 127
226 134
226 76
227 5
227 7
227 11
227 20
227 24
227 26
227 43
227 46
227 51
227 65
227 76
227 78
227 79
227 81
227 97
227 98
227 105
227 124
227 129
227 132
227 136
227 147
227 77
228 18
228 42
228 52
228 53
228 88
228 91
228 92
228 94
228 98
228 111
228 113
228 122
228 131
228 141
228 78
229 5
229 54
229 59
229 66
229 69
229 93
229 94
229 95
229 104
229 106
229 111
229 125
229 137
229 79
230 12
230 50
230 56
230 75
230 87
230 89
230 98
230 102
230 109
230 116
230 128
230 80
231 12
231 17
231 24
231 25
231 29
231 77
231 92
231 107
231 109
231 110
231 112
231 114
231 136
231 147
231 81
232 15
232 24
232 36
232 55
232 62
232 76
232 77
232 83
232 101
232 122
232 145
232 82
233 9
233 10
233 11
233 29
233 39
233 46
233 57
233 74
233 78
233 81
233 94
233 97
233 107
233 110
233 129
233 139
233 83
234 0
234 3
234 35
234 36
234 49
234 67
234 75
234 84
234 94
234 101
234 118
234 143
235 0
235 19
235 28
235 34
235 36
235 41
235 44
235 49
235 50
235 51
235 94
235 95
235 100
235 101
235 122
235 128
235 134
235 136
235 140
235 85
236 19
236 20
236 25
236 28
236 46
236 66
236 87
236 92
236 93
236 97
236 102
236 103
236 114
236 126
236 136
236 149
236 86
237 46
237 49
237 54
237 74
237 84
237 102
237 109
237 126
237 130
237 87
238 5
238 19
238 21
238 49
238 68
238 69
238 78
238 79
238 113
238 146
238 88
239 2
239 16
239 51
239 63
239 64
239 69
239 82
239 108
239 116
239 118
239 133
239 149
239 89
240 3
240 26
240 31
240 57
240 65
240 112
240 137
240 149
240 90
241 12
241 91
241 95
241 127
241 139
242 27
242 44
242 50
242 69
242 70
242 72
242 91
242 103
242 112
242 115
242 120
242 136
242 141
242 143
242 92
243 2
243 21
243 23
243 25
243 30
243 37
243 66
243 69
243 115
243 126
243 133
243 139
243 140
243 93
244 9
244 35
244 67
244 77
244 93
244 94
244 109
244 115
244 132
244 135
244 147
245 9
245 12
245 27
245 39
245 58
245 62
245 68
245 102
245 106
245 111
245 125
245 149
245 95
246 5
246 11
246 25
246 29
246 33
246 40
246 45
246 48
246 66
246 68
246 83
246 84
246 94
246 105
246 115
246 125
246 127
246 137
246 96
247 0
247 4
247 6
247 8
247 18
247 31
247 42
247 45
247 68
247 80
247 90
247 102
247 106
247 109
247 122
247 97
248 0
248 34
248 52
248 61
248 67
248 76
248 102
248 103
248 105
248 106
248 109
248 123
248 132
248 145
248 98
249 4
249 22
249 53
249 60
249 67
249 77
249 93
249 103
249 105
249 106
249 123
249 125
249 99
250 7
250 18
250 46
250 47
250 50
250 70
250 86
250 100
250 101
250 104
250 113
250 126
250 128
250 136
250 141
251 24
251 31
251 57
251 59
251 60
251 65
251 90
251 102
251 143
251 101
252 36
252 99
252 117
252 122
252 126
252 128
252 102
253 7
253 10
253 13
253 14
253 25
253 27
253 35
253 55
253 58
253 63
253 70
253 72
253 81
253 83
253 102
253 108
253 109
253 116
253 131
253 133
253 103
254 1
254 13
254 20
254 24
254 31
254 49
254 56
254 57
254 60
254 63
254 92
254 93
254 96
254 97
254 100
254 125
254 104
255 3
255 6
255 10
255 39
255 52
255 54
255 60
255 119
255 126
255 140
255 105
256 2
256 9
256 10
256 49
256 51
256 69
256 85
256 93
256 103
256 114
256 117
256 123
256 125
256 126
256 127
256 139
256 106
257 0
257 8
257 10
257 16
257 20
257 30
257 47
257 57
257 67
257 77
257 79
257 99
257 116
257 127
257 136
257 107
258 9
258 15
258 30
258 50
258 67
258 70
258 75
258 85
258 90
258 99
258 107
258 118
258 125
258 127
258 108
259 4
259 13
259 28
259 34
259 66
259 68
259 76
259 80
259 135
259 142
259 148
259 149
259 109
260 12
260 25
260 34
260 38
260 39
260 41
260 58
260 64
260 74
260 79
260 106
260 111
260 121
260 127
260 130
260 136
260 141
260 110
261 25
261 46
261 51
261 75
261 85
261 87
261 108
261 119
261 130
261 131
261 111
262 15
262 21
262 22
262 27
262 37
262 45
262 48
262 64
262 82
262 96
262 119
262 124
262 131
262 145
262 112
263 9
263 26
263 42
263 45
263 65
263 66
263 70
263 103
263 128
263 134
263 137
263 138
263 113
264 47
264 60
264 81
264 96
264 99
264 106
264 119
264 120
264 129
264 138
264 114
265 5
265 55
265 63
265 66
265 74
265 85
265 90
265 102
265 113
265 122
265 132
265 140
265 146
265 149
265 115
266 8
266 32
266 35
266 61
266 65
266 77
266 78
266 80
266 96
266 99
266 102
266 103
266 122
266 123
266 130
266 134
266 139
266 143
266 149
266 116
267 1
267 18
267 42
267 104
267 107
267 108
267 116
267 118
267 124
267 138
267 117
268 13
268 15
268 91
268 121
268 122
268 128
268 142
268 118
269 18
269 21
269 48
269 54
269 64
269 110
269 116
269 118
269 120
269 145
269 119
270 16
270 26
270 31
270 70
270 72
270 81
270 118
270 124
270 131
270 132
270 120
271 12
271 22
271 26
271 41
271 42
271 44
271 52
271 66
271 69
271 90
271 94
271 108
271 111
271 119
271 127
271 131
271 147
271 148
271 121
272 10
272 15
272 29
272 45
272 49
272 77
272 83
272 98
272 106
272 119
272 149
272 122
273 13
273 18
273 24
273 27
273 41
273 56
273 57
273 64
273 77
273 84
273 97
273 103
273 107
273 129
273 136
273 142
273 123
274 18
274 48
274 59
274 65
274 74
274 79
274 81
274 83
274 97
274 99
274 104
274 113
274 114
274 117
274 120
274 123
274 144
274 148
274 124
275 13
275 15
275 25
275 29
275 48
275 56
275 64
275 77
275 91
275 95
275 99
275 122
275 129
275 136
275 145
275 125
276 24
276 27
276 43
276 60
276 72
276 76
276 87
276 99
276 106
276 113
276 119
276 137
276 126
277 2
277 9
277 27
277 41
277 55
277 65
277 70
277 79
277 102
277 111
277 120
277 139
277 127
278 6
278 11
278 23
278 29
278 30
278 52
278 80
278 94
278 95
278 111
278 119
278 124
278 129
278 133
278 146
278 128
279 0
279 1
279 7
279 54
279 55
279 59
279 64
279 65
279 76
279 78
279 79
279 98
279 110
279 111
279 125
279 142
279 147
279 129
280 9
280 12
280 14
280 23
280 30
280 43
280 89
280 99
280 149
280 130
281 5
281 26
281 27
281 37
281 39
281 46
281 48
281 50
281 57
281 60
281 68
281 74
281 76
281 85
281 90
281 103
281 107
281 121
281 131
282 38
282 39
282 46
282 47
282 58
282 65
282 66
282 82
282 96
282 135
282 132
283 0
283 2
283 15
283 20
283 25
283 71
283 100
283 103
283 108
283 115
283 133
284 20
284 23
284 24
284 28
284 34
284 46
284 59
284 65
284 66
284 76
284 79
284 81
284 89
284 125
284 128
284 130
284 134
284 139
284 143
285 8
285 23
285 31
285 54
285 59
285 67
285 69
285 84
285 96
285 101
285 142
285 135
286 4
286 7
286 13
286 26
286 36
286 45
286 50
286 51
286 79
286 84
286 99
286 105
286 108
286 118
286 124
286 125
286 132
286 136
287 1
287 5
287 12
287 17
287 28
287 44
287 97
287 99
287 100
287 104
287 109
287 119
287 125
287 134
287 149
287 137
288 5
288 7
288 17
288 51
288 62
288 108
288 109
288 132
288 133
288 143
288 138
289 8
289 9
289 11
289 16
289 17
289 23
289 25
289 26
289 28
289 33
289 38
289 84
289 107
289 125
289 136
289 137
289 139
290 3
290 4
290 29
290 64
290 88
290 117
290 149
290 140
291 8
291 17
291 31
291 48
291 54
291 65
291 75
291 103
291 107
291 108
291 141
292 5
292 13
292 26
292 45
292 52
292 66
292 100
292 102
292 109
292 111
292 125
292 142
292 149
293 0
293 13
293 25
293 36
293 56
293 64
293 66
293 67
293 82
293 84
293 85
293 94
293 124
293 127
293 129
293 145
293 143
294 6
294 7
294 14
294 17
294 22
294 36
294 44
294 56
294 65
294 68
294 81
294 97
294 105
294 109
294 114
294 132
294 139
294 145
294 144
295 27
295 29
295 46
295 67
295 98
295 104
295 107
295 145
296 37
296 40
296 48
296 53
296 59
296 63
296 72
296 82
296 98
296 102
296 139
296 146
297 2
297 8
297 18
297 25
297 35
297 44
297 56
297 59
297 77
297 86
297 115
297 140
297 149
297 147
298 0
298 1
298 5
298 29
298 30
298 35
298 37
298 51
298 74
298 85
298 87
298 114
298 124
298 127
298 132
298 148
299 6
299 19
299 22
299 36
299 44
299 45
299 61
299 66
299 80
299 88
299 103
299 131
299 149
