  400   3020
0 239
0 248
0 250
0 278
0 331
0 340
0 388
0 398
0 14
0 15
0 40
0 58
0 69
0 71
0 88
0 104
0 105
0 129
0 130
0 137
0 147
0 148
0 149
0 157
0 185
0 186
0 187
0 200
1 200
1 232
1 244
1 254
1 287
1 346
1 368
1 372
1 383
1 4
1 38
1 72
1 92
1 93
1 101
1 109
1 117
1 141
1 144
1 149
1 151
1 172
1 175
1 178
1 182
1 188
1 201
2 261
2 277
2 316
2 330
2 345
2 33
2 34
2 42
2 45
2 66
2 74
2 80
2 81
2 146
2 173
2 180
2 197
2 202
3 227
3 242
3 268
3 284
3 366
3 383
3 392
3 62
3 66
3 111
3 137
3 147
3 148
3 149
3 155
3 170
3 193
3 197
3 198
3 203
4 248
4 257
4 260
4 331
4 345
4 367
4 368
4 395
4 1
4 6
4 27
4 65
4 77
4 91
4 94
4 132
4 136
4 142
4 143
4 144
4 146
4 192
4 204
5 235
5 286
5 305
5 310
5 312
5 348
5 352
5 8
5 40
5 43
5 50
5 60
5 61
5 63
5 79
5 80
5 92
5 102
5 135
5 145
5 205
6 231
6 283
6 312
6 320
6 353
6 371
6 389
6 390
6 398
6 399
6 4
6 18
6 26
6 32
6 66
6 67
6 68
6 72
6 79
6 83
6 92
6 112
6 119
6 131
6 158
6 161
6 168
6 179
6 206
7 208
7 233
7 234
7 266
7 272
7 289
7 312
7 328
7 341
7 396
7 12
7 20
7 50
7 57
7 77
7 115
7 127
7 136
7 164
7 167
7 188
7 197
7 207
8 211
8 240
8 281
8 303
8 316
8 324
8 329
8 362
8 380
8 393
8 5
8 21
8 52
8 61
8 70
8 105
8 153
8 180
8 185
8 208
9 222
9 253
9 266
9 281
9 331
9 366
9 390
9 63
9 67
9 92
9 93
9 134
9 138
9 150
9 159
9 165
9 168
9 197
9 209
10 225
10 241
10 254
10 263
10 294
10 295
10 389
10 392
10 26
10 39
10 45
10 53
10 74
10 83
10 86
10 104
10 127
10 133
10 138
10 144
10 153
10 158
10 176
10 177
10 198
10 210
11 226
11 241
11 299
11 304
11 308
11 311
11 393
11 399
11 51
11 65
11 74
11 124
11 164
11 194
11 196
11 211
12 335
12 7
12 35
12 47
12 131
12 137
12 143
12 186
12 188
12 212
13 206
13 213
13 224
13 253
13 297
13 300
13 323
13 350
13 357
13 373
13 15
13 18
13 20
13 59
13 73
13 90
13 93
13 133
13 170
13 184
13 188
14 253
14 257
14 272
14 296
14 298
14 333
14 366
14 374
14 0
14 26
14 35
14 42
14 49
14 54
14 58
14 76
14 93
14 103
14 107
14 127
14 132
14 144
14 148
14 161
14 164
14 174
14 187
14 192
14 197
14 214
15 254
15 273
15 277
15 315
15 322
15 370
15 380
15 0
15 13
15 42
15 55
15 80
15 90
15 113
15 143
15 163
15 174
15 189
15 215
16 209
16 217
16 218
16 223
16 250
16 264
16 272
16 273
16 289
16 296
16 309
16 342
16 390
16 56
16 86
16 104
16 148
16 170
16 174
16 193
16 216
17 203
17 212
17 246
17 252
17 272
17 287
17 350
17 368
17 37
17 55
17 73
17 97
17 108
17 123
17 135
17 217
18 219
18 245
18 255
18 282
18 304
18 314
18 323
18 339
18 369
18 374
18 6
18 13
18 21
18 36
18 38
18 43
18 47
18 89
18 97
18 118
18 119
18 122
18 129
18 148
18 154
18 169
18 191
18 193
18 218
19 243
19 248
19 251
19 277
19 297
19 304
19 335
19 339
19 368
19 375
19 379
19 29
19 44
19 56
19 58
19 77
19 89
19 93
19 96
19 103
19 135
19 149
19 176
19 185
19 219
20 250
20 264
20 308
20 376
20 394
20 7
20 13
20 41
20 55
20 64
20 76
20 97
20 115
20 138
20 143
20 220
21 211
21 237
21 271
21 287
21 323
21 362
21 373
21 383
21 8
21 18
21 38
21 46
21 58
21 69
21 86
21 88
21 98
21 112
21 117
21 143
21 150
21 156
21 166
21 221
22 210
22 217
22 229
22 241
22 243
22 301
22 315
22 374
22 37
22 56
22 61
22 93
22 100
22 121
22 122
22 124
22 173
22 180
22 222
23 230
23 263
23 300
23 312
23 318
23 358
23 31
23 60
23 90
23 101
23 104
23 111
23 175
23 176
23 180
23 191
23 223
24 241
24 250
24 301
24 335
24 345
24 354
24 379
24 49
24 77
24 80
24 98
24 100
24 110
24 132
24 137
24 146
24 173
24 224
25 202
25 212
25 226
25 326
25 342
25 360
25 385
25 399
25 26
25 72
25 80
25 93
25 128
25 131
25 133
25 152
25 182
25 192
25 194
25 196
25 225
26 203
26 214
26 215
26 250
26 336
26 353
26 367
26 6
26 10
26 14
26 25
26 47
26 50
26 58
26 59
26 60
26 71
26 107
26 108
26 164
26 177
26 226
27 250
27 283
27 320
27 327
27 333
27 337
27 348
27 4
27 29
27 50
27 52
27 59
27 69
27 75
27 79
27 117
27 141
27 148
27 154
27 189
27 227
28 211
28 247
28 289
28 321
28 348
28 378
28 384
28 395
28 55
28 94
28 118
28 122
28 138
28 140
28 146
28 149
28 156
28 178
28 228
29 214
29 270
29 271
29 272
29 288
29 313
29 352
29 367
29 368
29 19
29 27
29 33
29 41
29 48
29 67
29 139
29 145
29 153
29 155
29 177
29 229
30 280
30 301
30 351
30 37
30 45
30 63
30 81
30 110
30 122
30 154
30 173
30 182
30 185
30 191
30 230
31 233
31 238
31 300
31 302
31 314
31 321
31 360
31 394
31 23
31 35
31 108
31 125
31 147
31 166
31 175
31 231
32 205
32 243
32 255
32 328
32 369
32 6
32 43
32 84
32 85
32 102
32 110
32 128
32 144
32 186
32 189
32 197
32 232
33 208
33 217
33 221
33 279
33 288
33 311
33 332
33 333
33 353
33 368
33 379
33 383
33 2
33 29
33 50
33 58
33 62
33 64
33 70
33 75
33 110
33 124
33 149
33 159
33 160
33 169
33 171
33 180
33 188
33 199
33 233
34 232
34 247
34 279
34 289
34 294
34 296
34 323
34 351
34 382
34 397
34 2
34 37
34 101
34 103
34 166
34 171
34 179
34 195
34 197
34 234
35 228
35 235
35 297
35 328
35 333
35 345
35 361
35 375
35 377
35 395
35 12
35 14
35 31
35 40
35 46
35 52
35 75
35 94
35 104
35 106
35 132
35 134
35 135
35 137
35 188
36 204
36 282
36 283
36 287
36 337
36 370
36 386
36 387
36 391
36 18
36 55
36 56
36 91
36 118
36 126
36 128
36 137
36 165
36 186
36 236
37 245
37 249
37 264
37 292
37 369
37 17
37 22
37 30
37 34
37 38
37 42
37 46
37 65
37 80
37 126
37 134
37 140
37 160
37 237
38 246
38 249
38 275
38 282
38 321
38 348
38 354
38 384
38 1
38 18
38 21
38 37
38 49
38 74
38 86
38 105
38 106
38 124
38 128
38 146
38 153
38 238
39 208
39 254
39 318
39 341
39 356
39 377
39 10
39 45
39 71
39 87
39 95
39 104
39 137
39 169
39 239
40 209
40 216
40 220
40 252
40 275
40 301
40 0
40 5
40 35
40 59
40 143
40 150
40 196
40 199
40 240
41 254
41 256
41 298
41 307
41 320
41 331
41 335
41 373
41 376
41 383
41 20
41 29
41 47
41 79
41 82
41 95
41 106
41 130
41 162
41 189
41 241
42 230
42 340
42 2
42 14
42 15
42 37
42 44
42 51
42 58
42 69
42 79
42 80
42 97
42 115
42 136
42 155
42 242
43 242
43 287
43 323
43 330
43 352
43 355
43 369
43 378
43 379
43 5
43 18
43 32
43 56
43 68
43 84
43 90
43 95
43 116
43 133
43 139
43 144
43 147
43 158
43 170
43 243
44 212
44 232
44 234
44 243
44 249
44 353
44 360
44 368
44 369
44 19
44 42
44 81
44 154
44 191
44 244
45 257
45 271
45 310
45 314
45 332
45 2
45 10
45 30
45 39
45 47
45 85
45 117
45 126
45 156
45 161
45 245
46 231
46 252
46 268
46 272
46 296
46 297
46 299
46 329
46 335
46 340
46 342
46 370
46 21
46 35
46 37
46 49
46 71
46 77
46 97
46 104
46 134
46 140
46 152
46 172
46 246
47 205
47 209
47 218
47 223
47 239
47 241
47 253
47 264
47 265
47 306
47 308
47 309
47 352
47 12
47 18
47 26
47 41
47 45
47 48
47 61
47 93
47 124
47 190
47 191
47 197
47 247
48 205
48 215
48 220
48 274
48 277
48 311
48 313
48 351
48 361
48 29
48 47
48 75
48 81
48 85
48 126
48 128
48 132
48 136
48 143
48 179
48 180
48 187
48 198
48 248
49 213
49 219
49 240
49 246
49 282
49 297
49 357
49 364
49 14
49 24
49 38
49 46
49 125
49 157
49 249
50 256
50 310
50 324
50 328
50 335
50 358
50 379
50 385
50 390
50 5
50 7
50 26
50 27
50 33
50 57
50 78
50 79
50 91
50 131
50 171
50 178
50 183
50 193
50 250
51 217
51 291
51 313
51 314
51 347
51 352
51 361
51 366
51 370
51 396
51 11
51 42
51 138
51 153
51 167
51 178
51 186
51 251
52 217
52 238
52 250
52 256
52 297
52 311
52 317
52 327
52 336
52 342
52 354
52 8
52 27
52 35
52 53
52 86
52 95
52 110
52 111
52 116
52 252
53 232
53 233
53 261
53 263
53 266
53 340
53 345
53 346
53 347
53 10
53 52
53 77
53 121
53 126
53 150
53 156
53 181
53 253
54 234
54 242
54 259
54 266
54 291
54 299
54 314
54 327
54 330
54 345
54 357
54 375
54 381
54 383
54 397
54 14
54 64
54 67
54 75
54 117
54 119
54 128
54 145
54 157
54 171
54 180
54 254
55 206
55 225
55 228
55 262
55 294
55 309
55 314
55 339
55 363
55 376
55 388
55 15
55 17
55 20
55 28
55 36
55 88
55 108
55 114
55 115
55 117
55 129
55 137
55 144
55 167
55 172
55 180
55 255
56 222
56 229
56 243
56 325
56 342
56 349
56 391
56 395
56 16
56 19
56 22
56 36
56 43
56 60
56 98
56 110
56 126
56 129
56 164
56 169
56 256
57 213
57 246
57 265
57 282
57 283
57 301
57 305
57 337
57 361
57 7
57 50
57 82
57 107
57 151
57 190
57 257
58 249
58 314
58 358
58 381
58 399
58 0
58 14
58 19
58 21
58 26
58 33
58 42
58 76
58 78
58 103
58 125
58 128
58 130
58 166
58 184
58 198
58 258
59 201
59 202
59 221
59 226
59 247
59 282
59 284
59 300
59 314
59 13
59 26
59 27
59 40
59 65
59 69
59 76
59 101
59 108
59 113
59 127
59 148
59 192
59 259
60 201
60 215
60 222
60 258
60 279
60 307
60 322
60 342
60 347
60 360
60 385
60 395
60 5
60 23
60 26
60 56
60 99
60 115
60 136
60 138
60 170
60 181
60 260
61 212
61 235
61 237
61 278
61 308
61 311
61 347
61 368
61 387
61 5
61 8
61 22
61 47
61 78
61 87
61 91
61 102
61 113
61 129
61 147
61 161
61 165
61 182
61 261
62 243
62 247
62 258
62 285
62 363
62 380
62 395
62 3
62 33
62 65
62 69
62 92
62 113
62 121
62 122
62 141
62 144
62 157
62 262
63 213
63 301
63 325
63 328
63 372
63 373
63 379
63 388
63 5
63 9
63 30
63 65
63 67
63 74
63 90
63 114
63 129
63 152
63 153
63 155
63 161
63 178
63 184
63 263
64 203
64 226
64 259
64 274
64 297
64 299
64 341
64 347
64 357
64 365
64 382
64 20
64 33
64 54
64 124
64 127
64 182
64 198
64 264
65 225
65 227
65 257
65 266
65 271
65 279
65 294
65 307
65 310
65 343
65 357
65 366
65 4
65 11
65 37
65 59
65 62
65 63
65 117
65 118
65 127
65 143
65 150
65 158
65 161
65 171
65 265
66 204
66 231
66 246
66 252
66 273
66 280
66 282
66 294
66 318
66 348
66 359
66 376
66 2
66 3
66 6
66 73
66 101
66 102
66 105
66 133
66 152
66 153
66 162
66 171
66 183
66 266
67 200
67 220
67 224
67 276
67 298
67 347
67 358
67 379
67 6
67 9
67 29
67 54
67 63
67 71
67 81
67 90
67 102
67 106
67 122
67 132
67 138
67 139
67 176
67 267
68 209
68 215
68 219
68 228
68 237
68 240
68 251
68 269
68 278
68 280
68 294
68 391
68 399
68 6
68 43
68 91
68 97
68 119
68 120
68 170
68 198
68 268
69 220
69 340
69 342
69 360
69 369
69 371
69 378
69 382
69 0
69 21
69 27
69 42
69 59
69 62
69 70
69 73
69 81
69 100
69 105
69 159
69 163
69 180
69 269
70 207
70 209
70 281
70 297
70 347
70 356
70 376
70 377
70 8
70 33
70 69
70 76
70 78
70 105
70 109
70 110
70 121
70 123
70 162
70 175
70 176
70 190
70 193
70 270
71 202
71 240
71 241
71 250
71 252
71 340
71 395
71 0
71 26
71 39
71 46
71 67
71 96
71 103
71 105
71 111
71 125
71 158
71 163
71 174
71 181
71 271
72 216
72 263
72 276
72 278
72 333
72 354
72 364
72 366
72 382
72 1
72 6
72 25
72 74
72 82
72 85
72 92
72 116
72 119
72 137
72 167
72 172
72 187
72 272
73 200
73 233
73 285
73 297
73 332
73 347
73 350
73 382
73 394
73 13
73 17
73 66
73 69
73 75
73 112
73 142
73 158
73 182
73 273
74 202
74 216
74 244
74 250
74 261
74 263
74 281
74 286
74 290
74 308
74 325
74 336
74 344
74 345
74 350
74 354
74 397
74 2
74 10
74 11
74 38
74 63
74 72
74 89
74 111
74 128
74 139
74 142
74 146
74 154
74 156
74 167
74 170
74 172
74 173
74 182
74 186
74 274
75 231
75 270
75 327
75 354
75 359
75 361
75 27
75 33
75 35
75 48
75 54
75 73
75 105
75 127
75 144
75 158
75 173
75 186
75 275
76 231
76 242
76 245
76 273
76 276
76 278
76 287
76 309
76 319
76 353
76 397
76 14
76 20
76 58
76 59
76 70
76 100
76 117
76 139
76 141
76 181
77 205
77 222
77 256
77 257
77 261
77 269
77 271
77 355
77 359
77 364
77 4
77 7
77 19
77 24
77 46
77 53
77 103
77 113
77 135
77 156
77 181
77 277
78 200
78 205
78 262
78 341
78 368
78 380
78 50
78 58
78 61
78 70
78 92
78 120
78 127
78 134
78 159
78 174
78 178
78 192
78 278
79 217
79 251
79 268
79 276
79 290
79 375
79 5
79 6
79 27
79 41
79 42
79 50
79 97
79 107
79 141
79 160
79 173
79 186
79 187
79 279
80 207
80 216
80 229
80 234
80 262
80 276
80 327
80 328
80 353
80 376
80 382
80 386
80 394
80 2
80 5
80 15
80 24
80 25
80 37
80 42
80 92
80 99
80 119
80 135
80 145
80 154
80 280
81 206
81 306
81 308
81 326
81 391
81 2
81 30
81 44
81 48
81 67
81 69
81 105
81 106
81 109
81 112
81 126
81 128
81 163
81 169
81 195
81 281
82 209
82 220
82 262
82 271
82 291
82 300
82 335
82 374
82 385
82 41
82 57
82 72
82 87
82 98
82 130
82 132
82 148
82 180
82 181
82 282
83 202
83 205
83 253
83 271
83 295
83 317
83 332
83 352
83 363
83 366
83 6
83 10
83 102
83 103
83 117
83 119
83 122
83 133
83 140
83 141
83 152
83 283
84 209
84 298
84 309
84 314
84 323
84 330
84 363
84 379
84 32
84 43
84 113
84 121
84 122
84 161
84 167
84 284
85 242
85 245
85 260
85 268
85 286
85 304
85 308
85 325
85 360
85 369
85 378
85 387
85 395
85 32
85 45
85 48
85 72
85 93
85 108
85 129
85 137
85 155
85 160
85 165
85 168
85 285
86 211
86 216
86 222
86 232
86 242
86 294
86 335
86 365
86 10
86 16
86 21
86 38
86 52
86 126
86 137
86 150
86 155
86 190
86 197
86 286
87 204
87 227
87 237
87 258
87 274
87 299
87 341
87 354
87 361
87 378
87 389
87 39
87 61
87 82
87 113
87 148
87 157
87 179
87 287
88 226
88 383
88 0
88 21
88 55
88 118
88 122
88 135
88 137
88 145
88 181
88 185
88 288
89 213
89 296
89 325
89 347
89 370
89 373
89 398
89 399
89 18
89 19
89 74
89 133
89 143
89 153
89 155
89 184
89 198
89 289
90 247
90 308
90 328
90 330
90 348
90 394
90 397
90 13
90 15
90 23
90 43
90 63
90 67
90 109
90 110
90 121
90 187
90 190
90 199
90 290
91 201
91 203
91 218
91 271
91 316
91 326
91 339
91 363
91 4
91 36
91 50
91 61
91 68
91 105
91 118
91 135
91 175
91 184
91 196
91 197
91 291
92 242
92 244
92 304
92 336
92 350
92 392
92 1
92 5
92 6
92 9
92 62
92 72
92 78
92 80
92 117
92 132
92 143
92 146
92 151
92 182
92 196
92 292
93 222
93 244
93 272
93 278
93 291
93 305
93 311
93 331
93 385
93 392
93 396
93 1
93 9
93 13
93 14
93 19
93 22
93 25
93 47
93 85
93 109
93 124
93 137
93 140
93 153
93 173
93 188
93 293
94 204
94 328
94 350
94 378
94 4
94 28
94 35
94 114
94 116
94 124
94 128
94 139
94 142
94 143
94 162
94 168
94 169
94 174
94 180
94 294
95 206
95 209
95 217
95 225
95 230
95 235
95 241
95 317
95 324
95 338
95 344
95 348
95 39
95 41
95 43
95 52
95 109
95 141
95 156
95 295
96 220
96 233
96 249
96 259
96 285
96 321
96 333
96 19
96 71
96 103
96 143
96 147
96 157
96 159
96 168
96 296
97 223
97 268
97 289
97 353
97 374
97 17
97 18
97 20
97 42
97 46
97 68
97 79
97 130
97 167
97 172
97 173
97 190
97 297
98 217
98 225
98 251
98 266
98 323
98 336
98 361
98 368
98 382
98 388
98 21
98 24
98 56
98 82
98 147
98 153
98 171
98 182
98 189
98 298
99 200
99 207
99 209
99 221
99 225
99 226
99 237
99 255
99 285
99 302
99 317
99 327
99 328
99 332
99 386
99 60
99 80
99 107
99 115
99 137
99 156
99 181
99 192
99 299
100 206
100 209
100 258
100 259
100 316
100 365
100 370
100 393
100 22
100 24
100 69
100 76
100 123
100 126
100 148
100 177
100 191
100 300
101 251
101 310
101 315
101 334
101 349
101 357
101 394
101 1
101 23
101 34
101 59
101 66
101 109
101 122
101 128
101 145
101 168
101 169
101 301
102 255
102 273
102 279
102 290
102 318
102 325
102 354
102 371
102 5
102 32
102 61
102 66
102 67
102 83
102 128
102 135
102 159
102 188
102 302
103 234
103 235
103 250
103 273
103 303
103 364
103 14
103 19
103 34
103 58
103 71
103 77
103 83
103 96
103 121
103 122
103 126
103 142
103 155
103 161
103 168
103 192
104 239
104 283
104 320
104 329
104 343
104 352
104 360
104 379
104 382
104 389
104 392
104 0
104 10
104 16
104 23
104 35
104 39
104 46
104 114
104 128
104 131
104 137
104 148
104 171
104 197
104 198
104 304
105 230
105 237
105 240
105 246
105 272
105 284
105 299
105 302
105 309
105 314
105 321
105 347
105 379
105 0
105 8
105 38
105 66
105 69
105 70
105 71
105 75
105 81
105 91
105 147
105 157
105 174
105 182
105 191
105 305
106 201
106 243
106 300
106 302
106 307
106 310
106 325
106 340
106 348
106 360
106 373
106 35
106 38
106 41
106 67
106 81
106 114
106 139
106 156
106 157
106 170
106 189
106 306
107 281
107 305
107 316
107 331
107 334
107 342
107 14
107 26
107 57
107 79
107 99
107 127
107 154
107 158
107 166
107 180
107 307
108 206
108 209
108 214
108 216
108 224
108 228
108 242
108 245
108 254
108 258
108 279
108 313
108 331
108 369
108 387
108 17
108 26
108 31
108 55
108 59
108 85
108 110
108 112
108 149
108 166
108 197
108 308
109 215
109 237
109 279
109 295
109 297
109 373
109 1
109 70
109 81
109 90
109 93
109 95
109 101
109 140
109 178
109 187
109 189
109 309
110 200
110 213
110 235
110 250
110 251
110 272
110 311
110 332
110 354
110 24
110 30
110 32
110 33
110 52
110 56
110 70
110 90
110 108
110 115
110 138
110 166
110 181
110 310
111 232
111 236
111 270
111 290
111 295
111 308
111 380
111 381
111 392
111 3
111 23
111 52
111 71
111 74
111 124
111 125
111 155
111 162
111 169
111 182
111 311
112 210
112 232
112 275
112 299
112 341
112 372
112 6
112 21
112 73
112 81
112 108
112 148
112 154
112 166
112 198
112 312
113 213
113 271
113 284
113 287
113 297
113 312
113 333
113 343
113 356
113 383
113 389
113 398
113 15
113 59
113 61
113 62
113 77
113 84
113 87
113 144
113 183
113 190
113 313
114 204
114 205
114 210
114 245
114 297
114 311
114 339
114 344
114 357
114 358
114 367
114 55
114 63
114 94
114 104
114 106
114 115
114 157
114 168
114 179
114 314
115 274
115 275
115 276
115 311
115 333
115 362
115 363
115 367
115 376
115 7
115 20
115 42
115 55
115 60
115 99
115 110
115 114
115 132
115 160
115 175
115 185
115 315
116 273
116 294
116 307
116 317
116 344
116 349
116 43
116 52
116 72
116 94
116 135
116 141
116 142
116 167
116 316
117 207
117 228
117 276
117 316
117 325
117 338
117 378
117 379
117 399
117 1
117 21
117 27
117 45
117 54
117 55
117 65
117 76
117 83
117 92
117 121
117 135
117 140
117 317
118 203
118 213
118 219
118 221
118 248
118 318
118 336
118 18
118 28
118 36
118 65
118 88
118 91
118 123
118 127
118 152
118 164
118 167
118 170
118 185
119 201
119 255
119 259
119 313
119 358
119 6
119 18
119 54
119 68
119 72
119 80
119 83
119 125
119 140
119 319
120 236
120 239
120 302
120 316
120 346
120 353
120 354
120 362
120 369
120 68
120 78
120 138
120 165
120 167
120 177
120 320
121 202
121 268
121 288
121 298
121 316
121 366
121 378
121 22
121 53
121 62
121 70
121 84
121 90
121 103
121 117
121 125
121 131
121 138
121 140
121 174
121 191
121 193
121 321
122 292
122 340
122 396
122 18
122 22
122 28
122 30
122 62
122 67
122 83
122 84
122 88
122 101
122 103
122 132
122 146
122 151
122 322
123 232
123 275
123 289
123 381
123 394
123 17
123 70
123 100
123 118
123 127
123 198
123 323
124 235
124 275
124 341
124 380
124 392
124 11
124 22
124 33
124 38
124 47
124 64
124 93
124 94
124 111
124 126
124 131
124 139
124 141
124 324
125 203
125 217
125 225
125 250
125 290
125 291
125 359
125 31
125 49
125 58
125 71
125 111
125 119
125 121
125 153
125 185
125 325
126 219
126 223
126 233
126 269
126 315
126 373
126 385
126 36
126 37
126 45
126 48
126 53
126 56
126 81
126 86
126 100
126 103
126 124
126 136
126 137
126 143
126 158
126 169
126 326
127 206
127 217
127 236
127 240
127 303
127 305
127 363
127 364
127 389
127 7
127 10
127 14
127 59
127 64
127 65
127 75
127 78
127 107
127 118
127 123
127 138
127 139
127 141
127 152
127 167
127 181
127 185
127 193
127 327
128 231
128 260
128 281
128 308
128 348
128 351
128 369
128 25
128 32
128 36
128 38
128 48
128 54
128 58
128 74
128 81
128 94
128 101
128 102
128 104
128 164
128 169
128 183
128 190
128 328
129 218
129 246
129 291
129 302
129 333
129 0
129 18
129 55
129 56
129 61
129 63
129 85
129 134
129 329
130 253
130 319
130 323
130 324
130 328
130 358
130 368
130 0
130 41
130 58
130 82
130 97
130 155
130 159
130 184
130 330
131 252
131 258
131 286
131 349
131 368
131 374
131 6
131 12
131 25
131 50
131 104
131 121
131 124
131 143
131 165
131 171
131 187
131 188
131 331
132 264
132 265
132 280
132 329
132 342
132 4
132 14
132 24
132 35
132 48
132 67
132 82
132 92
132 115
132 122
132 139
132 147
132 162
132 166
132 168
132 176
132 189
132 192
132 332
133 217
133 284
133 301
133 334
133 356
133 366
133 374
133 383
133 396
133 10
133 13
133 25
133 43
133 66
133 83
133 89
133 135
133 157
133 168
133 170
133 175
133 188
133 190
133 333
134 206
134 255
134 262
134 289
134 299
134 306
134 318
134 346
134 9
134 35
134 37
134 46
134 78
134 129
134 138
134 173
134 334
135 204
135 229
135 231
135 273
135 288
135 308
135 309
135 328
135 329
135 336
135 339
135 342
135 5
135 17
135 19
135 35
135 77
135 80
135 88
135 91
135 102
135 116
135 117
135 133
135 139
135 158
135 175
135 199
135 335
136 258
136 273
136 321
136 339
136 354
136 4
136 7
136 42
136 48
136 60
136 126
136 178
136 336
137 267
137 300
137 303
137 355
137 368
137 0
137 3
137 12
137 24
137 35
137 36
137 39
137 55
137 72
137 85
137 86
137 88
137 93
137 99
137 104
137 126
137 154
137 167
137 190
137 337
138 227
138 260
138 270
138 317
138 358
138 376
138 9
138 10
138 20
138 28
138 51
138 60
138 67
138 110
138 120
138 121
138 127
138 134
138 168
138 191
138 338
139 200
139 247
139 273
139 363
139 396
139 29
139 43
139 67
139 74
139 76
139 94
139 106
139 124
139 127
139 132
139 135
139 147
139 148
139 165
139 178
139 193
139 196
139 339
140 247
140 261
140 304
140 329
140 381
140 28
140 37
140 46
140 83
140 93
140 109
140 117
140 119
140 121
140 159
140 340
141 201
141 202
141 218
141 232
141 243
141 298
141 342
141 371
141 389
141 398
141 399
141 1
141 27
141 62
141 76
141 79
141 83
141 95
141 116
141 124
141 127
141 146
141 154
141 183
141 341
142 212
142 242
142 246
142 257
142 262
142 265
142 297
142 305
142 321
142 335
142 336
142 397
142 4
142 73
142 74
142 94
142 103
142 116
142 144
142 171
142 190
142 342
143 242
143 277
143 318
143 325
143 327
143 386
143 4
143 12
143 15
143 20
143 21
143 40
143 48
143 65
143 89
143 92
143 94
143 96
143 126
143 131
143 162
143 163
143 192
143 343
144 214
144 288
144 314
144 335
144 360
144 366
144 1
144 4
144 10
144 14
144 32
144 43
144 55
144 62
144 75
144 113
144 142
144 183
144 344
145 206
145 224
145 268
145 350
145 359
145 368
145 5
145 29
145 54
145 80
145 88
145 101
145 159
145 191
145 197
145 345
146 241
146 270
146 313
146 347
146 376
146 377
146 2
146 4
146 24
146 28
146 38
146 74
146 92
146 122
146 141
146 346
147 225
147 249
147 265
147 347
147 383
147 0
147 3
147 31
147 43
147 61
147 96
147 98
147 105
147 132
147 139
147 155
147 175
147 190
147 196
147 199
148 200
148 213
148 237
148 255
148 290
148 371
148 374
148 375
148 390
148 0
148 3
148 14
148 16
148 18
148 27
148 59
148 82
148 87
148 100
148 104
148 112
148 139
148 149
148 153
148 160
148 162
148 171
148 348
149 200
149 214
149 243
149 292
149 316
149 318
149 322
149 342
149 397
149 0
149 1
149 3
149 19
149 28
149 33
149 108
149 148
149 154
149 173
149 349
150 262
150 278
150 282
150 287
150 313
150 351
150 359
150 365
150 9
150 21
150 40
150 53
150 65
150 86
150 154
150 180
150 350
151 217
151 223
151 228
151 289
151 293
151 370
151 371
151 1
151 57
151 92
151 122
151 165
151 169
151 171
151 199
151 351
152 200
152 210
152 241
152 273
152 274
152 277
152 312
152 334
152 360
152 25
152 46
152 63
152 66
152 83
152 118
152 127
152 158
152 185
152 352
153 261
153 277
153 290
153 295
153 328
153 353
153 372
153 375
153 389
153 8
153 10
153 29
153 38
153 51
153 63
153 66
153 89
153 93
153 98
153 125
153 148
153 191
153 194
154 201
154 263
154 265
154 270
154 273
154 284
154 287
154 293
154 299
154 308
154 342
154 375
154 376
154 399
154 18
154 27
154 30
154 44
154 74
154 80
154 107
154 112
154 137
154 141
154 149
154 150
154 160
154 185
154 190
154 354
155 208
155 270
155 276
155 333
155 362
155 371
155 399
155 3
155 29
155 42
155 63
155 85
155 86
155 89
155 103
155 111
155 130
155 147
155 157
155 175
155 197
155 355
156 202
156 239
156 264
156 265
156 290
156 300
156 355
156 363
156 399
156 21
156 28
156 45
156 53
156 74
156 77
156 95
156 99
156 106
156 171
156 174
156 356
157 208
157 210
157 246
157 258
157 325
157 328
157 334
157 340
157 379
157 383
157 0
157 49
157 54
157 62
157 87
157 96
157 105
157 106
157 114
157 133
157 155
157 159
157 188
157 357
158 203
158 218
158 259
158 266
158 335
158 340
158 356
158 372
158 6
158 10
158 43
158 65
158 71
158 73
158 75
158 107
158 126
158 135
158 152
158 169
158 181
158 191
158 358
159 225
159 243
159 250
159 272
159 284
159 289
159 311
159 331
159 339
159 342
159 360
159 9
159 33
159 69
159 78
159 96
159 102
159 130
159 140
159 145
159 157
159 177
159 359
160 223
160 241
160 309
160 329
160 343
160 372
160 33
160 37
160 79
160 85
160 115
160 148
160 154
160 171
160 179
160 195
160 198
160 360
161 205
161 207
161 218
161 254
161 261
161 266
161 275
161 283
161 294
161 295
161 312
161 315
161 331
161 6
161 14
161 45
161 61
161 63
161 65
161 84
161 103
161 169
161 172
161 186
161 199
161 361
162 252
162 259
162 260
162 270
162 271
162 296
162 327
162 346
162 375
162 386
162 41
162 66
162 70
162 94
162 111
162 132
162 143
162 148
162 173
162 187
162 362
163 261
163 271
163 279
163 289
163 292
163 327
163 331
163 367
163 386
163 395
163 15
163 69
163 71
163 81
163 143
163 164
163 182
163 363
164 282
164 327
164 355
164 358
164 376
164 377
164 7
164 11
164 14
164 26
164 56
164 118
164 128
164 163
164 193
164 364
165 229
165 232
165 237
165 244
165 317
165 342
165 343
165 349
165 356
165 377
165 381
165 382
165 385
165 389
165 9
165 36
165 61
165 85
165 120
165 131
165 139
165 151
165 175
165 365
166 212
166 225
166 234
166 236
166 284
166 285
166 21
166 31
166 34
166 58
166 107
166 108
166 110
166 112
166 132
166 366
167 240
167 249
167 261
167 268
167 279
167 281
167 297
167 304
167 319
167 362
167 372
167 7
167 51
167 55
167 72
167 74
167 84
167 97
167 116
167 118
167 120
167 127
167 137
167 177
167 188
167 367
168 214
168 228
168 238
168 303
168 311
168 340
168 344
168 357
168 6
168 9
168 85
168 94
168 96
168 101
168 103
168 114
168 132
168 133
168 138
168 173
168 184
168 193
168 368
169 259
169 272
169 282
169 309
169 350
169 386
169 18
169 33
169 39
169 56
169 81
169 94
169 101
169 111
169 126
169 128
169 151
169 158
169 161
169 176
169 178
169 182
169 183
169 185
169 187
169 189
169 369
170 230
170 244
170 280
170 282
170 287
170 300
170 351
170 361
170 3
170 13
170 16
170 43
170 60
170 68
170 74
170 106
170 118
170 133
170 173
170 179
170 181
170 182
170 184
170 370
171 200
171 207
171 214
171 237
171 262
171 284
171 306
171 338
171 364
171 33
171 34
171 50
171 54
171 65
171 66
171 98
171 104
171 131
171 142
171 148
171 151
171 156
171 160
171 177
171 371
172 220
172 228
172 255
172 275
172 303
172 326
172 352
172 364
172 1
172 46
172 55
172 72
172 74
172 97
172 161
172 178
172 183
172 196
172 372
173 224
173 249
173 271
173 346
173 396
173 2
173 22
173 24
173 30
173 74
173 75
173 79
173 93
173 97
173 134
173 149
173 162
173 168
173 170
173 193
173 373
174 211
174 231
174 247
174 293
174 329
174 379
174 391
174 14
174 15
174 16
174 71
174 78
174 94
174 105
174 121
174 156
174 192
174 374
175 236
175 244
175 291
175 301
175 317
175 341
175 342
175 372
175 383
175 398
175 1
175 23
175 31
175 70
175 91
175 115
175 133
175 135
175 147
175 155
175 165
175 375
176 202
176 213
176 218
176 244
176 279
176 293
176 310
176 337
176 354
176 382
176 385
176 10
176 19
176 23
176 67
176 70
176 132
176 169
176 185
176 188
176 196
176 376
177 223
177 225
177 235
177 251
177 276
177 361
177 370
177 10
177 26
177 29
177 100
177 120
177 159
177 167
177 171
177 185
177 377
178 254
178 291
178 293
178 304
178 339
178 1
178 28
178 50
178 51
178 63
178 78
178 109
178 136
178 139
178 169
178 172
178 378
179 338
179 346
179 6
179 34
179 48
179 87
179 114
179 160
179 170
179 194
179 379
180 219
180 243
180 288
180 307
180 355
180 2
180 8
180 22
180 23
180 33
180 48
180 54
180 55
180 69
180 82
180 94
180 107
180 150
180 186
180 190
180 380
181 207
181 213
181 237
181 260
181 270
181 292
181 344
181 380
181 53
181 60
181 71
181 76
181 77
181 82
181 88
181 99
181 110
181 127
181 158
181 170
181 189
181 381
182 225
182 240
182 280
182 299
182 368
182 394
182 396
182 1
182 25
182 30
182 61
182 64
182 73
182 74
182 92
182 98
182 105
182 111
182 163
182 169
182 170
182 185
182 382
183 231
183 247
183 250
183 251
183 257
183 259
183 262
183 271
183 318
183 319
183 50
183 66
183 113
183 128
183 141
183 144
183 169
183 172
183 185
183 194
183 383
184 221
184 238
184 254
184 302
184 344
184 353
184 396
184 13
184 58
184 63
184 89
184 91
184 130
184 168
184 170
184 192
184 384
185 213
185 222
185 277
185 297
185 323
185 330
185 339
185 355
185 391
185 0
185 8
185 19
185 30
185 88
185 115
185 118
185 125
185 127
185 152
185 154
185 169
185 176
185 177
185 182
185 183
185 190
185 191
185 194
185 385
186 210
186 216
186 271
186 308
186 313
186 318
186 350
186 0
186 12
186 32
186 36
186 51
186 74
186 75
186 79
186 161
186 180
186 196
186 386
187 215
187 221
187 234
187 235
187 289
187 303
187 354
187 355
187 360
187 363
187 0
187 14
187 48
187 72
187 79
187 90
187 109
187 131
187 162
187 169
187 191
187 387
188 216
188 217
188 230
188 331
188 355
188 378
188 393
188 1
188 7
188 12
188 13
188 33
188 35
188 93
188 102
188 131
188 133
188 157
188 167
188 176
188 190
188 196
188 388
189 213
189 257
189 309
189 334
189 373
189 392
189 15
189 27
189 32
189 41
189 98
189 106
189 109
189 132
189 169
189 181
189 198
189 389
190 213
190 225
190 233
190 235
190 276
190 277
190 306
190 314
190 322
190 332
190 375
190 393
190 47
190 57
190 70
190 86
190 90
190 97
190 113
190 128
190 133
190 137
190 142
190 147
190 154
190 180
190 185
190 188
190 194
190 390
191 204
191 205
191 231
191 232
191 318
191 322
191 372
191 395
191 18
191 23
191 30
191 44
191 47
191 100
191 105
191 121
191 138
191 145
191 153
191 158
191 185
191 187
191 391
192 295
192 301
192 355
192 4
192 14
192 25
192 59
192 78
192 99
192 103
192 132
192 143
192 174
192 184
192 392
193 209
193 210
193 222
193 245
193 258
193 267
193 291
193 389
193 3
193 16
193 18
193 50
193 70
193 121
193 127
193 139
193 164
193 168
193 173
193 393
194 200
194 241
194 256
194 285
194 304
194 332
194 334
194 339
194 392
194 399
194 11
194 25
194 153
194 179
194 183
194 185
194 190
194 394
195 250
195 254
195 266
195 269
195 319
195 327
195 329
195 334
195 366
195 34
195 81
195 160
195 395
196 237
196 256
196 257
196 262
196 301
196 320
196 361
196 385
196 11
196 25
196 40
196 91
196 92
196 139
196 147
196 172
196 176
196 186
196 188
196 396
197 206
197 226
197 238
197 249
197 255
197 310
197 331
197 334
197 2
197 3
197 7
197 9
197 14
197 32
197 34
197 47
197 86
197 91
197 104
197 108
197 145
197 155
197 397
198 239
198 254
198 273
198 283
198 302
198 312
198 331
198 376
198 382
198 387
198 399
198 3
198 10
198 48
198 58
198 64
198 68
198 89
198 104
198 112
198 123
198 160
198 189
198 398
199 217
199 317
199 350
199 372
199 384
199 33
199 40
199 90
199 135
199 147
199 151
199 161
199 399
200 1
200 67
200 73
200 78
200 99
200 110
200 139
200 148
200 149
200 152
200 171
200 194
200 0
201 59
201 60
201 91
201 106
201 119
201 141
201 154
201 1
202 25
202 59
202 71
202 74
202 83
202 121
202 141
202 156
202 176
202 2
203 17
203 26
203 64
203 91
203 118
203 125
203 158
203 3
204 36
204 66
204 87
204 94
204 114
204 135
204 191
204 4
205 32
205 47
205 48
205 77
205 78
205 83
205 114
205 161
205 191
205 5
206 13
206 55
206 81
206 95
206 100
206 108
206 127
206 134
206 145
206 197
206 6
207 70
207 80
207 99
207 117
207 161
207 171
207 181
207 7
208 7
208 33
208 39
208 155
208 157
208 8
209 16
209 40
209 47
209 68
209 70
209 82
209 84
209 95
209 99
209 100
209 108
209 193
209 9
210 22
210 112
210 114
210 152
210 157
210 186
210 193
210 10
211 8
211 21
211 28
211 86
211 174
211 11
212 17
212 25
212 44
212 61
212 142
212 166
212 12
213 13
213 49
213 57
213 63
213 89
213 110
213 113
213 118
213 148
213 176
213 181
213 185
213 189
213 190
214 26
214 29
214 108
214 144
214 149
214 168
214 171
214 14
215 26
215 48
215 60
215 68
215 109
215 187
215 15
216 40
216 72
216 74
216 80
216 86
216 108
216 186
216 188
216 16
217 16
217 22
217 33
217 51
217 52
217 79
217 95
217 98
217 125
217 127
217 133
217 151
217 188
217 199
217 17
218 16
218 47
218 91
218 129
218 141
218 158
218 161
218 176
218 18
219 18
219 49
219 68
219 118
219 126
219 180
219 19
220 40
220 48
220 67
220 69
220 82
220 96
220 172
220 20
221 33
221 59
221 99
221 118
221 184
221 187
221 21
222 9
222 56
222 60
222 77
222 86
222 93
222 185
222 193
222 22
223 16
223 47
223 97
223 126
223 151
223 160
223 177
223 23
224 13
224 67
224 108
224 145
224 173
224 24
225 10
225 55
225 65
225 95
225 98
225 99
225 125
225 147
225 159
225 166
225 177
225 182
225 190
225 25
226 11
226 25
226 59
226 64
226 88
226 99
226 197
226 26
227 3
227 65
227 87
227 138
227 27
228 35
228 55
228 68
228 108
228 117
228 151
228 168
228 172
228 28
229 22
229 56
229 80
229 135
229 165
229 29
230 23
230 42
230 95
230 105
230 170
230 188
230 30
231 6
231 46
231 66
231 75
231 76
231 128
231 135
231 174
231 183
231 191
231 31
232 1
232 34
232 44
232 53
232 86
232 111
232 112
232 123
232 141
232 165
232 191
232 32
233 7
233 31
233 53
233 73
233 96
233 126
233 190
233 33
234 7
234 44
234 54
234 80
234 103
234 166
234 187
234 34
235 5
235 35
235 61
235 95
235 103
235 110
235 124
235 177
235 187
235 190
236 111
236 120
236 127
236 166
236 175
236 36
237 21
237 61
237 68
237 87
237 99
237 105
237 109
237 148
237 165
237 171
237 181
237 196
237 37
238 31
238 52
238 168
238 184
238 197
238 38
239 0
239 47
239 104
239 120
239 156
239 198
239 39
240 8
240 49
240 68
240 71
240 105
240 127
240 167
240 182
240 40
241 10
241 11
241 22
241 24
241 47
241 71
241 95
241 146
241 152
241 160
241 194
241 41
242 3
242 43
242 54
242 76
242 85
242 86
242 92
242 108
242 142
242 143
242 42
243 19
243 22
243 32
243 44
243 56
243 62
243 106
243 141
243 149
243 159
243 180
243 43
244 1
244 74
244 92
244 93
244 165
244 170
244 175
244 176
244 44
245 18
245 37
245 76
245 85
245 108
245 114
245 193
245 45
246 17
246 38
246 49
246 57
246 66
246 105
246 129
246 142
246 157
246 46
247 28
247 34
247 59
247 62
247 90
247 139
247 140
247 174
247 183
247 47
248 0
248 4
248 19
248 118
248 48
249 37
249 38
249 44
249 58
249 96
249 147
249 167
249 173
249 197
249 49
250 0
250 16
250 20
250 24
250 26
250 27
250 52
250 71
250 74
250 103
250 110
250 125
250 159
250 183
250 195
250 50
251 19
251 68
251 79
251 98
251 101
251 110
251 177
251 183
251 51
252 17
252 40
252 46
252 66
252 71
252 131
252 162
252 52
253 9
253 13
253 14
253 47
253 83
253 130
253 53
254 1
254 10
254 15
254 39
254 41
254 108
254 161
254 178
254 184
254 195
254 198
254 54
255 18
255 32
255 99
255 102
255 119
255 134
255 148
255 172
255 197
255 55
256 41
256 50
256 52
256 77
256 194
256 196
256 56
257 4
257 14
257 45
257 65
257 77
257 142
257 183
257 189
257 196
257 57
258 60
258 62
258 87
258 100
258 108
258 131
258 136
258 157
258 193
258 58
259 54
259 64
259 96
259 100
259 119
259 158
259 162
259 169
259 183
259 59
260 4
260 85
260 128
260 138
260 162
260 181
260 60
261 2
261 53
261 74
261 77
261 140
261 153
261 161
261 163
261 167
261 61
262 55
262 78
262 80
262 82
262 134
262 142
262 150
262 171
262 183
262 196
262 62
263 10
263 23
263 53
263 72
263 74
263 154
263 63
264 16
264 20
264 37
264 47
264 132
264 156
264 64
265 47
265 57
265 132
265 142
265 147
265 154
265 156
265 65
266 7
266 9
266 53
266 54
266 65
266 98
266 158
266 161
266 195
266 66
267 137
267 193
267 67
268 3
268 46
268 79
268 85
268 97
268 121
268 145
268 167
268 68
269 68
269 77
269 126
269 195
269 69
270 29
270 75
270 111
270 138
270 146
270 154
270 155
270 162
270 181
270 70
271 21
271 29
271 45
271 65
271 77
271 82
271 83
271 91
271 113
271 162
271 163
271 173
271 183
271 186
271 71
272 7
272 14
272 16
272 17
272 29
272 46
272 93
272 105
272 110
272 159
272 169
272 72
273 15
273 16
273 66
273 76
273 102
273 103
273 116
273 135
273 136
273 139
273 152
273 154
273 198
273 73
274 48
274 64
274 87
274 115
274 152
274 74
275 38
275 40
275 112
275 115
275 123
275 124
275 161
275 172
275 75
276 67
276 72
276 76
276 79
276 80
276 115
276 117
276 155
276 177
276 190
277 2
277 15
277 19
277 48
277 143
277 152
277 153
277 185
277 190
277 77
278 0
278 61
278 68
278 72
278 76
278 93
278 150
278 78
279 33
279 34
279 60
279 65
279 102
279 108
279 109
279 163
279 167
279 176
279 79
280 30
280 66
280 68
280 132
280 170
280 182
280 80
281 8
281 9
281 70
281 74
281 107
281 128
281 167
281 81
282 18
282 36
282 38
282 49
282 57
282 59
282 66
282 150
282 164
282 169
282 170
282 82
283 6
283 27
283 36
283 57
283 104
283 161
283 198
283 83
284 3
284 59
284 105
284 113
284 133
284 154
284 159
284 166
284 171
284 84
285 62
285 73
285 96
285 99
285 166
285 194
285 85
286 5
286 74
286 85
286 131
286 86
287 1
287 17
287 21
287 36
287 43
287 76
287 113
287 150
287 154
287 170
287 87
288 29
288 33
288 121
288 135
288 144
288 180
288 88
289 7
289 16
289 28
289 34
289 97
289 123
289 134
289 151
289 159
289 163
289 187
289 89
290 74
290 79
290 102
290 111
290 125
290 148
290 153
290 156
290 90
291 51
291 54
291 82
291 93
291 125
291 129
291 175
291 178
291 193
291 91
292 37
292 122
292 149
292 163
292 181
292 92
293 151
293 154
293 174
293 176
293 178
293 93
294 10
294 34
294 55
294 65
294 66
294 68
294 86
294 116
294 161
294 94
295 10
295 83
295 109
295 111
295 153
295 161
295 192
295 95
296 14
296 16
296 34
296 46
296 89
296 162
296 96
297 13
297 19
297 35
297 46
297 49
297 52
297 64
297 70
297 73
297 109
297 113
297 114
297 142
297 167
297 185
297 97
298 14
298 41
298 67
298 84
298 121
298 141
298 98
299 11
299 46
299 54
299 64
299 87
299 105
299 112
299 134
299 154
299 182
299 99
300 13
300 23
300 31
300 59
300 82
300 106
300 137
300 156
300 170
300 100
301 22
301 24
301 30
301 40
301 57
301 63
301 133
301 175
301 192
301 196
301 101
302 31
302 99
302 105
302 106
302 120
302 129
302 184
302 198
302 102
303 8
303 103
303 127
303 137
303 168
303 172
303 187
304 11
304 18
304 19
304 85
304 92
304 140
304 167
304 178
304 194
304 104
305 5
305 57
305 93
305 107
305 127
305 142
305 105
306 47
306 81
306 134
306 171
306 190
306 106
307 41
307 60
307 65
307 106
307 116
307 180
307 107
308 11
308 20
308 47
308 61
308 74
308 81
308 85
308 90
308 111
308 128
308 135
308 154
308 186
308 108
309 16
309 47
309 55
309 76
309 84
309 105
309 135
309 160
309 169
309 189
309 109
310 5
310 45
310 50
310 65
310 101
310 106
310 176
310 197
310 110
311 11
311 33
311 48
311 52
311 61
311 93
311 110
311 114
311 115
311 159
311 168
311 111
312 5
312 6
312 7
312 23
312 113
312 152
312 161
312 198
312 112
313 29
313 48
313 51
313 108
313 119
313 146
313 150
313 186
313 113
314 18
314 31
314 45
314 51
314 54
314 55
314 58
314 59
314 84
314 105
314 144
314 190
314 114
315 15
315 22
315 101
315 126
315 161
315 115
316 2
316 8
316 91
316 100
316 107
316 117
316 120
316 121
316 149
316 116
317 52
317 83
317 95
317 99
317 116
317 138
317 165
317 175
317 199
317 117
318 23
318 39
318 66
318 102
318 118
318 134
318 143
318 149
318 183
318 186
318 191
319 76
319 130
319 167
319 183
319 195
319 119
320 6
320 27
320 41
320 104
320 196
320 120
321 28
321 31
321 38
321 96
321 105
321 136
321 142
321 121
322 15
322 60
322 149
322 190
322 191
322 122
323 13
323 18
323 21
323 34
323 43
323 84
323 98
323 130
323 185
323 123
324 8
324 50
324 95
324 130
324 124
325 56
325 63
325 74
325 85
325 89
325 102
325 106
325 117
325 143
325 157
325 125
326 25
326 81
326 91
326 172
326 126
327 27
327 52
327 54
327 75
327 80
327 99
327 143
327 162
327 163
327 164
327 195
327 127
328 7
328 32
328 35
328 50
328 63
328 80
328 90
328 94
328 99
328 130
328 135
328 153
328 157
328 128
329 8
329 46
329 104
329 132
329 135
329 140
329 160
329 174
329 195
329 129
330 2
330 43
330 54
330 84
330 90
330 185
330 130
331 0
331 4
331 9
331 41
331 93
331 107
331 108
331 159
331 161
331 163
331 188
331 197
331 198
331 131
332 33
332 45
332 73
332 83
332 99
332 110
332 190
332 194
332 132
333 14
333 27
333 33
333 35
333 72
333 96
333 113
333 115
333 129
333 155
333 133
334 101
334 107
334 133
334 152
334 157
334 189
334 194
334 195
334 197
334 134
335 12
335 19
335 24
335 41
335 46
335 50
335 82
335 86
335 142
335 144
335 158
335 135
336 26
336 52
336 74
336 92
336 98
336 118
336 135
336 142
336 136
337 27
337 36
337 57
337 176
337 137
338 95
338 117
338 171
338 179
338 138
339 18
339 19
339 55
339 91
339 114
339 135
339 136
339 159
339 178
339 185
339 194
339 139
340 0
340 42
340 46
340 53
340 69
340 71
340 106
340 122
340 157
340 158
340 168
340 140
341 7
341 39
341 64
341 78
341 87
341 112
341 124
341 175
341 141
342 16
342 25
342 46
342 52
342 56
342 60
342 69
342 107
342 132
342 135
342 141
342 149
342 154
342 159
342 165
342 175
342 142
343 65
343 104
343 113
343 160
343 165
343 143
344 74
344 95
344 114
344 116
344 168
344 181
344 184
344 144
345 2
345 4
345 24
345 35
345 53
345 54
345 74
345 145
346 1
346 53
346 120
346 134
346 162
346 173
346 179
346 146
347 51
347 53
347 60
347 61
347 64
347 67
347 70
347 73
347 89
347 105
347 146
347 147
348 5
348 27
348 28
348 38
348 66
348 90
348 95
348 106
348 128
348 148
349 56
349 101
349 116
349 131
349 165
349 149
350 13
350 17
350 73
350 74
350 92
350 94
350 145
350 169
350 186
350 199
350 150
351 30
351 34
351 48
351 128
351 150
351 170
351 151
352 5
352 29
352 43
352 47
352 51
352 83
352 104
352 172
352 152
353 6
353 26
353 33
353 44
353 76
353 80
353 97
353 120
353 153
353 184
354 24
354 38
354 52
354 72
354 74
354 75
354 87
354 102
354 110
354 120
354 136
354 176
354 187
354 154
355 43
355 77
355 137
355 156
355 164
355 180
355 185
355 187
355 188
355 192
355 155
356 39
356 70
356 113
356 133
356 158
356 165
356 156
357 13
357 49
357 54
357 64
357 65
357 101
357 114
357 168
357 157
358 23
358 50
358 58
358 67
358 114
358 119
358 130
358 138
358 164
358 158
359 66
359 75
359 77
359 125
359 145
359 150
359 159
360 25
360 31
360 44
360 60
360 69
360 85
360 104
360 106
360 144
360 152
360 159
360 187
360 160
361 35
361 48
361 51
361 57
361 75
361 87
361 98
361 170
361 177
361 196
361 161
362 8
362 21
362 115
362 120
362 155
362 167
362 162
363 55
363 62
363 83
363 84
363 91
363 115
363 127
363 139
363 156
363 187
363 163
364 49
364 72
364 77
364 103
364 127
364 171
364 172
364 164
365 64
365 86
365 100
365 150
365 165
366 3
366 9
366 14
366 51
366 65
366 72
366 83
366 121
366 133
366 144
366 195
366 166
367 4
367 26
367 29
367 114
367 115
367 163
367 167
368 1
368 4
368 17
368 19
368 29
368 33
368 44
368 61
368 78
368 98
368 130
368 131
368 137
368 145
368 182
368 168
369 18
369 32
369 37
369 43
369 44
369 69
369 85
369 108
369 120
369 128
369 169
370 15
370 36
370 46
370 51
370 89
370 100
370 151
370 177
370 170
371 6
371 69
371 102
371 141
371 148
371 151
371 155
371 171
372 1
372 63
372 112
372 153
372 158
372 160
372 167
372 175
372 191
372 199
372 172
373 13
373 21
373 41
373 63
373 89
373 106
373 109
373 126
373 189
373 173
374 14
374 18
374 22
374 82
374 97
374 131
374 133
374 148
374 174
375 19
375 35
375 54
375 79
375 148
375 153
375 154
375 162
375 190
375 175
376 20
376 41
376 55
376 66
376 70
376 80
376 115
376 138
376 146
376 154
376 164
376 198
376 176
377 35
377 39
377 70
377 146
377 164
377 165
377 177
378 28
378 43
378 69
378 85
378 87
378 94
378 117
378 121
378 188
378 178
379 19
379 24
379 33
379 43
379 50
379 63
379 67
379 84
379 104
379 105
379 117
379 157
379 174
379 179
380 8
380 15
380 62
380 78
380 111
380 124
380 181
380 180
381 54
381 58
381 111
381 123
381 140
381 165
381 181
382 34
382 64
382 69
382 72
382 73
382 80
382 98
382 104
382 165
382 176
382 198
382 182
383 1
383 3
383 21
383 33
383 41
383 54
383 88
383 113
383 133
383 147
383 157
383 175
383 183
384 28
384 38
384 199
384 184
385 25
385 50
385 60
385 82
385 93
385 126
385 165
385 176
385 196
385 185
386 36
386 80
386 99
386 143
386 162
386 163
386 169
386 186
387 36
387 61
387 85
387 108
387 198
387 187
388 0
388 55
388 63
388 98
388 188
389 6
389 10
389 87
389 104
389 113
389 127
389 141
389 153
389 165
389 193
389 189
390 6
390 9
390 16
390 50
390 148
390 190
391 36
391 56
391 68
391 81
391 174
391 185
391 191
392 3
392 10
392 92
392 93
392 104
392 111
392 124
392 189
392 194
392 192
393 8
393 11
393 100
393 188
393 190
393 193
394 20
394 31
394 73
394 80
394 90
394 101
394 123
394 182
394 194
395 4
395 28
395 35
395 56
395 60
395 62
395 71
395 85
395 163
395 191
395 195
396 7
396 51
396 93
396 122
396 133
396 139
396 173
396 182
396 184
396 196
397 34
397 54
397 74
397 76
397 90
397 142
397 149
397 197
398 0
398 6
398 89
398 113
398 141
398 175
398 198
399 6
399 11
399 25
399 58
399 68
399 89
399 117
399 141
399 154
399 155
399 156
399 194
399 198
399 199
