  200   1560
0 114
0 119
0 144
0 171
0 188
0 193
0 195
0 199
0 25
0 33
0 43
0 45
0 46
0 51
0 53
0 76
0 78
0 83
0 100
1 139
1 140
1 141
1 143
1 163
1 169
1 172
1 177
1 189
1 5
1 12
1 15
1 29
1 33
1 40
1 48
1 49
1 51
1 56
1 57
1 77
1 80
1 83
1 101
2 105
2 111
2 112
2 126
2 132
2 138
2 144
2 151
2 156
2 158
2 159
2 167
2 174
2 176
2 199
2 34
2 36
2 48
2 50
2 51
2 52
2 62
2 72
2 95
2 102
3 108
3 117
3 128
3 145
3 151
3 31
3 38
3 42
3 57
3 58
3 59
3 61
3 62
3 85
3 99
3 103
4 101
4 107
4 117
4 149
4 157
4 178
4 181
4 186
4 8
4 18
4 24
4 28
4 38
4 53
4 62
4 79
4 80
4 81
4 82
4 104
5 105
5 109
5 112
5 116
5 133
5 145
5 180
5 189
5 1
5 8
5 14
5 23
5 35
5 37
5 50
5 53
5 54
5 65
5 80
5 93
5 97
6 150
6 151
6 155
6 185
6 7
6 10
6 19
6 23
6 24
6 27
6 31
6 56
6 71
6 73
6 98
6 106
7 107
7 115
7 118
7 119
7 121
7 132
7 172
7 173
7 176
7 178
7 186
7 198
7 6
7 30
7 44
7 47
7 68
7 78
7 79
7 88
8 105
8 112
8 115
8 129
8 142
8 147
8 161
8 167
8 179
8 180
8 190
8 4
8 5
8 10
8 22
8 28
8 35
8 51
8 56
8 63
8 66
8 108
9 134
9 148
9 155
9 166
9 187
9 199
9 17
9 33
9 63
9 73
9 87
9 92
9 109
10 107
10 109
10 115
10 126
10 131
10 135
10 137
10 177
10 184
10 197
10 6
10 8
10 17
10 20
10 29
10 30
10 40
10 47
10 48
10 68
10 74
10 99
10 110
11 106
11 141
11 148
11 176
11 182
11 197
11 27
11 50
11 52
11 70
11 71
11 74
11 78
11 84
11 88
11 99
11 111
12 106
12 110
12 115
12 120
12 193
12 199
12 1
12 17
12 28
12 42
12 43
12 44
12 64
12 88
12 91
12 95
12 98
12 112
13 100
13 101
13 106
13 117
13 152
13 162
13 170
13 178
13 180
13 181
13 186
13 187
13 35
13 40
13 43
13 45
13 49
13 60
13 67
13 72
13 83
13 98
13 113
14 123
14 134
14 142
14 157
14 166
14 180
14 198
14 5
14 22
14 27
14 29
14 43
14 44
14 54
14 57
14 60
14 64
14 69
14 72
14 79
14 81
14 82
14 89
14 97
14 114
15 100
15 113
15 118
15 133
15 136
15 140
15 159
15 170
15 174
15 176
15 179
15 188
15 196
15 1
15 29
15 34
15 38
15 44
15 49
15 115
16 101
16 103
16 111
16 112
16 117
16 120
16 122
16 123
16 140
16 142
16 149
16 154
16 175
16 180
16 187
16 22
16 26
16 39
16 53
16 58
16 61
16 71
16 77
16 79
16 85
16 94
16 96
16 99
16 116
17 104
17 137
17 144
17 153
17 155
17 169
17 174
17 178
17 190
17 9
17 10
17 12
17 39
17 43
17 48
17 49
17 53
17 56
17 79
17 89
17 117
18 107
18 110
18 115
18 116
18 143
18 176
18 177
18 179
18 4
18 31
18 38
18 45
18 49
18 67
18 68
18 73
18 78
18 99
18 118
19 106
19 133
19 135
19 150
19 162
19 166
19 6
19 23
19 27
19 38
19 60
19 65
19 72
19 77
19 82
19 83
19 98
19 119
20 116
20 120
20 124
20 125
20 127
20 129
20 136
20 140
20 145
20 150
20 168
20 175
20 195
20 10
20 29
20 41
20 43
20 55
20 66
20 70
20 71
20 81
21 102
21 105
21 113
21 116
21 120
21 137
21 160
21 171
21 175
21 182
21 184
21 190
21 45
21 53
21 56
21 63
21 76
21 83
21 94
21 121
22 102
22 103
22 105
22 111
22 137
22 144
22 171
22 173
22 188
22 198
22 8
22 14
22 16
22 43
22 62
22 72
22 86
22 87
22 92
22 122
23 100
23 116
23 122
23 123
23 139
23 147
23 155
23 157
23 167
23 170
23 187
23 188
23 197
23 5
23 6
23 19
23 70
23 72
23 75
23 85
23 88
23 93
24 100
24 101
24 123
24 125
24 126
24 127
24 129
24 139
24 175
24 179
24 184
24 186
24 188
24 196
24 4
24 6
24 26
24 33
24 42
24 52
24 72
24 78
24 96
24 124
25 113
25 129
25 137
25 144
25 165
25 181
25 183
25 187
25 192
25 198
25 0
25 26
25 40
25 55
25 57
25 62
25 64
25 92
25 125
26 108
26 138
26 144
26 146
26 171
26 172
26 175
26 189
26 16
26 24
26 25
26 45
26 46
26 54
26 77
26 84
26 90
26 126
27 107
27 110
27 119
27 128
27 133
27 141
27 147
27 151
27 156
27 161
27 177
27 182
27 191
27 6
27 11
27 14
27 19
27 28
27 29
27 48
27 68
27 77
27 80
27 81
27 98
27 127
28 120
28 126
28 133
28 138
28 150
28 182
28 191
28 4
28 8
28 12
28 27
28 34
28 37
28 50
28 69
28 128
29 122
29 129
29 151
29 172
29 173
29 176
29 187
29 193
29 1
29 10
29 14
29 15
29 20
29 27
29 31
29 44
29 49
29 55
29 65
29 71
29 81
29 82
29 92
29 95
29 96
30 125
30 129
30 144
30 165
30 166
30 194
30 197
30 198
30 7
30 10
30 33
30 38
30 41
30 44
30 56
30 68
30 76
30 77
30 130
31 101
31 103
31 121
31 122
31 123
31 124
31 127
31 131
31 134
31 143
31 148
31 157
31 172
31 3
31 6
31 18
31 29
31 33
31 59
31 62
31 66
31 75
31 82
31 85
31 89
31 90
31 91
31 93
32 101
32 106
32 110
32 140
32 146
32 169
32 177
32 189
32 193
32 194
32 52
32 62
32 68
32 82
32 84
32 132
33 110
33 118
33 121
33 129
33 137
33 145
33 181
33 185
33 187
33 0
33 1
33 9
33 24
33 30
33 31
33 69
33 82
33 133
34 100
34 120
34 131
34 132
34 142
34 153
34 167
34 179
34 195
34 2
34 15
34 28
34 50
34 59
34 70
34 77
34 85
34 94
34 134
35 116
35 118
35 121
35 130
35 136
35 137
35 150
35 156
35 157
35 163
35 183
35 184
35 186
35 193
35 5
35 8
35 13
35 47
35 59
35 96
35 135
36 102
36 108
36 111
36 113
36 114
36 127
36 143
36 157
36 160
36 182
36 185
36 192
36 2
36 53
36 80
36 86
36 136
37 101
37 118
37 128
37 130
37 155
37 165
37 175
37 179
37 5
37 28
37 80
37 82
37 99
37 137
38 150
38 160
38 165
38 176
38 182
38 185
38 3
38 4
38 15
38 18
38 19
38 30
38 39
38 54
38 67
38 68
38 76
38 92
38 138
39 114
39 122
39 142
39 158
39 170
39 180
39 182
39 196
39 16
39 17
39 38
39 51
39 54
39 60
39 63
39 65
39 77
39 79
39 89
39 97
39 139
40 106
40 107
40 113
40 115
40 118
40 143
40 166
40 181
40 185
40 189
40 193
40 1
40 10
40 13
40 25
40 57
40 64
40 69
40 71
40 75
40 80
40 140
41 104
41 105
41 117
41 124
41 132
41 133
41 134
41 139
41 173
41 184
41 189
41 20
41 30
41 44
41 53
41 61
41 65
41 92
41 98
41 141
42 106
42 127
42 135
42 139
42 161
42 165
42 179
42 181
42 183
42 191
42 3
42 12
42 24
42 74
42 88
42 94
42 96
42 142
43 102
43 133
43 136
43 148
43 152
43 175
43 187
43 190
43 0
43 12
43 13
43 14
43 17
43 20
43 22
43 54
43 143
44 107
44 116
44 118
44 150
44 156
44 162
44 170
44 173
44 175
44 199
44 7
44 12
44 14
44 15
44 29
44 30
44 41
44 51
44 60
44 66
44 78
44 88
44 96
44 144
45 142
45 143
45 172
45 177
45 184
45 195
45 0
45 13
45 18
45 21
45 26
45 51
45 62
45 83
45 86
45 94
45 95
45 145
46 102
46 122
46 164
46 177
46 187
46 197
46 0
46 26
46 55
46 89
46 93
46 146
47 115
47 118
47 125
47 130
47 155
47 173
47 175
47 180
47 196
47 7
47 10
47 35
47 50
47 51
47 55
47 91
47 147
48 124
48 125
48 127
48 147
48 155
48 168
48 178
48 188
48 190
48 193
48 1
48 2
48 10
48 17
48 27
48 53
48 59
48 74
48 75
48 93
48 95
48 98
48 99
48 148
49 110
49 113
49 129
49 132
49 143
49 154
49 174
49 196
49 1
49 13
49 15
49 17
49 18
49 29
49 57
49 149
50 103
50 120
50 138
50 140
50 158
50 171
50 179
50 2
50 5
50 11
50 28
50 34
50 47
50 65
50 67
50 72
50 84
50 90
50 93
50 96
50 150
51 111
51 120
51 131
51 141
51 153
51 157
51 164
51 170
51 172
51 191
51 192
51 195
51 197
51 0
51 1
51 2
51 8
51 39
51 44
51 45
51 47
51 73
51 78
51 81
51 82
51 99
51 151
52 100
52 106
52 114
52 130
52 157
52 166
52 177
52 191
52 2
52 11
52 24
52 32
52 84
52 92
52 99
52 152
53 100
53 105
53 108
53 119
53 128
53 131
53 136
53 137
53 142
53 161
53 167
53 196
53 0
53 4
53 5
53 16
53 17
53 21
53 36
53 41
53 48
53 65
53 68
53 72
53 78
53 81
53 85
53 97
53 153
54 112
54 128
54 144
54 146
54 163
54 165
54 172
54 5
54 14
54 26
54 38
54 39
54 43
54 66
54 75
54 95
54 96
54 154
55 100
55 103
55 105
55 111
55 116
55 156
55 161
55 188
55 192
55 20
55 25
55 29
55 46
55 47
55 73
55 83
55 86
55 89
55 94
55 155
56 100
56 105
56 106
56 116
56 117
56 119
56 123
56 135
56 140
56 145
56 149
56 175
56 176
56 193
56 1
56 6
56 8
56 17
56 21
56 30
56 59
56 60
56 79
56 82
56 84
56 156
57 104
57 107
57 126
57 132
57 134
57 139
57 142
57 144
57 164
57 177
57 182
57 184
57 188
57 190
57 198
57 1
57 3
57 14
57 25
57 40
57 49
57 66
57 77
57 87
57 94
57 95
57 157
58 115
58 130
58 142
58 166
58 170
58 176
58 184
58 3
58 16
58 66
58 96
58 98
58 158
59 102
59 104
59 114
59 118
59 127
59 129
59 132
59 153
59 172
59 177
59 185
59 190
59 194
59 196
59 3
59 31
59 34
59 35
59 48
59 56
59 81
59 84
59 85
59 87
59 159
60 106
60 139
60 144
60 149
60 152
60 156
60 158
60 164
60 165
60 180
60 189
60 191
60 13
60 14
60 19
60 39
60 44
60 56
60 67
60 79
60 85
60 86
60 93
60 99
60 160
61 100
61 108
61 111
61 135
61 145
61 151
61 152
61 154
61 162
61 165
61 172
61 178
61 3
61 16
61 41
61 72
61 88
61 90
61 161
62 100
62 103
62 107
62 121
62 135
62 158
62 163
62 164
62 178
62 188
62 191
62 193
62 195
62 2
62 3
62 4
62 22
62 25
62 31
62 32
62 45
62 64
62 71
62 75
62 85
62 97
62 162
63 105
63 141
63 144
63 156
63 164
63 168
63 173
63 176
63 184
63 189
63 199
63 8
63 9
63 21
63 39
63 65
63 78
63 87
63 93
63 163
64 146
64 155
64 165
64 169
64 192
64 198
64 12
64 14
64 25
64 40
64 62
64 73
64 75
64 99
64 164
65 110
65 135
65 142
65 144
65 147
65 160
65 184
65 197
65 5
65 19
65 29
65 39
65 41
65 50
65 53
65 63
65 79
65 87
65 89
65 165
66 106
66 131
66 137
66 145
66 151
66 158
66 164
66 166
66 168
66 180
66 185
66 192
66 195
66 197
66 8
66 20
66 31
66 44
66 54
66 57
66 58
66 71
66 77
67 105
67 114
67 128
67 139
67 153
67 168
67 178
67 181
67 13
67 18
67 38
67 50
67 60
67 68
67 89
67 167
68 102
68 105
68 115
68 117
68 122
68 129
68 146
68 154
68 157
68 159
68 160
68 165
68 168
68 171
68 172
68 176
68 177
68 194
68 195
68 7
68 10
68 18
68 27
68 30
68 32
68 38
68 53
68 67
68 69
68 88
68 89
68 93
69 118
69 119
69 139
69 152
69 161
69 168
69 172
69 173
69 175
69 181
69 182
69 188
69 198
69 14
69 28
69 33
69 40
69 68
69 77
69 95
69 96
69 97
69 169
70 103
70 105
70 126
70 137
70 161
70 187
70 11
70 20
70 23
70 34
70 71
70 93
70 94
70 170
71 127
71 148
71 162
71 173
71 196
71 197
71 198
71 6
71 11
71 16
71 20
71 29
71 40
71 62
71 66
71 70
71 91
71 171
72 102
72 112
72 124
72 141
72 142
72 144
72 157
72 181
72 189
72 2
72 13
72 14
72 19
72 22
72 23
72 24
72 50
72 53
72 61
72 75
72 82
72 86
72 87
72 172
73 121
73 134
73 141
73 144
73 150
73 162
73 163
73 166
73 175
73 178
73 181
73 195
73 6
73 9
73 18
73 51
73 55
73 64
73 84
73 99
73 173
74 108
74 112
74 118
74 119
74 130
74 131
74 147
74 155
74 183
74 189
74 196
74 10
74 11
74 42
74 48
74 78
74 79
74 94
74 174
75 100
75 115
75 116
75 119
75 141
75 142
75 147
75 150
75 151
75 161
75 168
75 176
75 180
75 192
75 23
75 31
75 40
75 48
75 54
75 62
75 64
75 72
75 84
75 90
75 175
76 115
76 116
76 128
76 139
76 154
76 168
76 171
76 181
76 187
76 199
76 0
76 21
76 30
76 38
76 88
76 89
76 90
76 92
76 176
77 110
77 136
77 176
77 1
77 16
77 19
77 26
77 27
77 30
77 34
77 39
77 57
77 66
77 69
77 82
77 86
77 87
77 177
78 103
78 107
78 112
78 122
78 123
78 134
78 142
78 158
78 172
78 176
78 181
78 193
78 0
78 7
78 11
78 18
78 24
78 44
78 51
78 53
78 63
78 74
78 80
78 96
78 178
79 109
79 118
79 123
79 128
79 129
79 152
79 160
79 165
79 178
79 199
79 4
79 7
79 14
79 16
79 17
79 39
79 56
79 60
79 65
79 74
79 179
80 105
80 113
80 115
80 124
80 133
80 141
80 146
80 153
80 172
80 178
80 188
80 191
80 192
80 1
80 4
80 5
80 27
80 36
80 37
80 40
80 78
80 81
80 84
80 94
80 99
80 180
81 116
81 130
81 139
81 147
81 157
81 170
81 178
81 196
81 4
81 14
81 20
81 27
81 29
81 51
81 53
81 59
81 80
81 83
81 88
81 181
82 104
82 123
82 130
82 133
82 139
82 142
82 145
82 149
82 156
82 171
82 189
82 4
82 14
82 19
82 29
82 31
82 32
82 33
82 37
82 51
82 56
82 72
82 77
82 182
83 108
83 126
83 129
83 178
83 197
83 0
83 1
83 13
83 19
83 21
83 45
83 55
83 81
83 92
83 97
83 183
84 103
84 112
84 117
84 120
84 127
84 153
84 157
84 167
84 179
84 188
84 11
84 26
84 32
84 50
84 52
84 56
84 59
84 73
84 75
84 80
84 90
84 95
84 184
85 100
85 112
85 117
85 118
85 125
85 128
85 132
85 135
85 144
85 153
85 156
85 157
85 182
85 190
85 197
85 3
85 16
85 23
85 31
85 34
85 53
85 59
85 60
85 62
85 95
85 185
86 110
86 113
86 114
86 122
86 136
86 182
86 191
86 22
86 36
86 45
86 55
86 60
86 72
86 77
86 186
87 108
87 109
87 113
87 126
87 135
87 143
87 148
87 154
87 161
87 182
87 191
87 9
87 22
87 57
87 59
87 63
87 65
87 72
87 77
87 89
87 98
87 187
88 100
88 104
88 119
88 124
88 132
88 142
88 174
88 190
88 192
88 7
88 11
88 12
88 23
88 42
88 44
88 61
88 68
88 76
88 81
88 92
88 98
88 188
89 116
89 127
89 137
89 139
89 151
89 169
89 188
89 14
89 17
89 31
89 39
89 46
89 55
89 65
89 67
89 68
89 76
89 87
89 95
89 189
90 105
90 137
90 138
90 146
90 177
90 196
90 26
90 31
90 50
90 61
90 75
90 76
90 84
90 97
90 190
91 100
91 107
91 110
91 129
91 137
91 138
91 151
91 160
91 169
91 174
91 175
91 181
91 192
91 12
91 31
91 47
91 71
91 94
91 96
91 191
92 114
92 118
92 150
92 158
92 183
92 184
92 192
92 9
92 22
92 25
92 29
92 38
92 41
92 52
92 76
92 83
92 88
93 102
93 105
93 107
93 108
93 113
93 124
93 132
93 137
93 145
93 175
93 195
93 5
93 23
93 31
93 46
93 48
93 50
93 60
93 63
93 68
93 70
93 99
93 193
94 105
94 117
94 127
94 131
94 141
94 149
94 157
94 169
94 172
94 179
94 16
94 21
94 34
94 42
94 45
94 55
94 57
94 70
94 74
94 80
94 91
94 194
95 117
95 132
95 136
95 143
95 154
95 164
95 165
95 175
95 187
95 2
95 12
95 29
95 45
95 48
95 54
95 57
95 69
95 84
95 85
95 89
95 195
96 116
96 117
96 128
96 140
96 155
96 177
96 189
96 190
96 16
96 24
96 29
96 35
96 42
96 44
96 50
96 54
96 58
96 69
96 78
96 91
96 196
97 114
97 124
97 132
97 150
97 157
97 165
97 171
97 173
97 185
97 5
97 14
97 39
97 53
97 62
97 69
97 83
97 90
97 197
98 103
98 124
98 140
98 149
98 167
98 175
98 6
98 12
98 13
98 19
98 27
98 41
98 48
98 58
98 87
98 88
98 198
99 100
99 105
99 108
99 111
99 139
99 170
99 177
99 179
99 3
99 10
99 11
99 16
99 18
99 37
99 48
99 51
99 52
99 60
99 64
99 73
99 80
99 93
99 199
100 13
100 15
100 23
100 24
100 34
100 52
100 53
100 55
100 56
100 61
100 62
100 75
100 85
100 88
100 91
100 99
100 0
101 4
101 13
101 16
101 24
101 31
101 32
101 37
101 1
102 21
102 22
102 36
102 43
102 46
102 59
102 68
102 72
102 93
102 2
103 16
103 22
103 31
103 50
103 55
103 62
103 70
103 78
103 84
103 98
103 3
104 17
104 41
104 57
104 59
104 82
104 88
104 4
105 2
105 5
105 8
105 21
105 22
105 41
105 53
105 55
105 56
105 63
105 67
105 68
105 70
105 80
105 90
105 93
105 94
105 99
106 11
106 12
106 13
106 19
106 32
106 40
106 42
106 52
106 56
106 60
106 66
106 6
107 4
107 7
107 10
107 18
107 27
107 40
107 44
107 57
107 62
107 78
107 91
107 93
108 3
108 26
108 36
108 53
108 61
108 74
108 83
108 87
108 93
108 99
108 8
109 5
109 10
109 79
109 87
109 9
110 12
110 18
110 27
110 32
110 33
110 49
110 65
110 77
110 86
110 91
110 10
111 2
111 16
111 22
111 36
111 51
111 55
111 61
111 99
111 11
112 2
112 5
112 8
112 16
112 54
112 72
112 74
112 78
112 84
112 85
112 12
113 15
113 21
113 25
113 36
113 40
113 49
113 80
113 86
113 87
113 93
113 13
114 0
114 36
114 39
114 52
114 59
114 67
114 86
114 92
114 97
114 14
115 7
115 8
115 10
115 12
115 18
115 40
115 47
115 58
115 68
115 75
115 76
115 80
115 15
116 5
116 18
116 20
116 21
116 23
116 35
116 44
116 55
116 56
116 75
116 76
116 81
116 89
116 96
116 16
117 3
117 4
117 13
117 16
117 41
117 56
117 68
117 84
117 85
117 94
117 95
117 96
117 17
118 7
118 15
118 33
118 35
118 37
118 40
118 44
118 47
118 59
118 69
118 74
118 79
118 85
118 92
118 18
119 0
119 7
119 27
119 53
119 56
119 69
119 74
119 75
119 88
119 19
120 12
120 16
120 20
120 21
120 28
120 34
120 50
120 51
120 84
121 7
121 31
121 33
121 35
121 62
121 73
121 21
122 16
122 23
122 29
122 31
122 39
122 46
122 68
122 78
122 86
122 22
123 14
123 16
123 23
123 24
123 31
123 56
123 78
123 79
123 82
124 20
124 31
124 41
124 48
124 72
124 80
124 88
124 93
124 97
124 98
124 24
125 20
125 24
125 30
125 47
125 48
125 85
125 25
126 2
126 10
126 24
126 28
126 57
126 70
126 83
126 87
126 26
127 20
127 24
127 31
127 36
127 42
127 48
127 59
127 71
127 84
127 89
127 94
127 27
128 3
128 27
128 37
128 53
128 54
128 67
128 76
128 79
128 85
128 96
128 28
129 8
129 20
129 24
129 25
129 29
129 30
129 33
129 49
129 59
129 68
129 79
129 83
129 91
130 35
130 37
130 47
130 52
130 58
130 74
130 81
130 82
130 30
131 10
131 31
131 34
131 51
131 53
131 66
131 74
131 94
132 2
132 7
132 34
132 41
132 49
132 57
132 59
132 85
132 88
132 93
132 95
132 97
132 32
133 5
133 15
133 19
133 27
133 28
133 41
133 43
133 80
133 82
133 33
134 9
134 14
134 31
134 41
134 57
134 73
134 78
134 34
135 10
135 19
135 42
135 56
135 61
135 62
135 65
135 85
135 87
135 35
136 15
136 20
136 35
136 43
136 53
136 77
136 86
136 95
136 36
137 10
137 17
137 21
137 22
137 25
137 33
137 35
137 53
137 66
137 70
137 89
137 90
137 91
137 93
137 37
138 2
138 26
138 28
138 50
138 90
138 91
138 38
139 1
139 23
139 24
139 41
139 42
139 57
139 60
139 67
139 69
139 76
139 81
139 82
139 89
139 99
139 39
140 1
140 15
140 16
140 20
140 32
140 50
140 56
140 96
140 98
140 40
141 1
141 11
141 27
141 51
141 63
141 72
141 73
141 75
141 80
141 94
141 41
142 8
142 14
142 16
142 34
142 39
142 45
142 53
142 57
142 58
142 65
142 72
142 75
142 78
142 82
142 88
142 42
143 1
143 18
143 31
143 36
143 40
143 45
143 49
143 87
143 95
143 43
144 0
144 2
144 17
144 22
144 25
144 26
144 30
144 54
144 57
144 60
144 63
144 65
144 72
144 73
144 85
144 44
145 3
145 5
145 20
145 33
145 56
145 61
145 66
145 82
145 93
145 45
146 26
146 32
146 54
146 64
146 68
146 80
146 90
146 46
147 8
147 23
147 27
147 48
147 65
147 74
147 75
147 81
147 47
148 9
148 11
148 31
148 43
148 71
148 87
148 48
149 4
149 16
149 56
149 60
149 82
149 94
149 98
149 49
150 6
150 19
150 20
150 28
150 35
150 38
150 44
150 73
150 75
150 92
150 97
150 50
151 2
151 3
151 6
151 27
151 29
151 61
151 66
151 75
151 89
151 91
151 51
152 13
152 43
152 60
152 61
152 69
152 79
152 52
153 17
153 34
153 51
153 59
153 67
153 80
153 84
153 85
153 53
154 16
154 49
154 61
154 68
154 76
154 87
154 95
154 54
155 6
155 9
155 17
155 23
155 37
155 47
155 48
155 64
155 74
155 96
155 55
156 2
156 27
156 35
156 44
156 55
156 60
156 63
156 82
156 85
156 56
157 4
157 14
157 23
157 31
157 35
157 36
157 51
157 52
157 68
157 72
157 81
157 84
157 85
157 94
157 97
157 57
158 2
158 39
158 50
158 60
158 62
158 66
158 78
158 92
158 58
159 2
159 15
159 68
159 59
160 21
160 36
160 38
160 65
160 68
160 79
160 91
160 60
161 8
161 27
161 42
161 53
161 55
161 69
161 70
161 75
161 87
161 61
162 13
162 19
162 44
162 61
162 71
162 73
162 62
163 1
163 35
163 54
163 62
163 73
163 63
164 46
164 51
164 57
164 60
164 62
164 63
164 66
164 95
164 64
165 25
165 30
165 37
165 38
165 42
165 54
165 60
165 61
165 64
165 68
165 79
165 95
165 97
165 65
166 9
166 14
166 19
166 30
166 40
166 52
166 58
166 66
166 73
167 2
167 8
167 23
167 34
167 53
167 84
167 98
167 67
168 20
168 48
168 63
168 66
168 67
168 68
168 69
168 75
168 76
169 1
169 17
169 32
169 64
169 89
169 91
169 94
169 69
170 13
170 15
170 23
170 39
170 44
170 51
170 58
170 81
170 99
170 70
171 0
171 21
171 22
171 26
171 50
171 68
171 76
171 82
171 97
171 71
172 1
172 7
172 26
172 29
172 31
172 45
172 51
172 54
172 59
172 61
172 68
172 69
172 78
172 80
172 94
172 72
173 7
173 22
173 29
173 41
173 44
173 47
173 63
173 69
173 71
173 97
173 73
174 2
174 15
174 17
174 49
174 88
174 91
174 74
175 16
175 20
175 21
175 24
175 26
175 37
175 43
175 44
175 47
175 56
175 69
175 73
175 91
175 93
175 95
175 98
175 75
176 2
176 7
176 11
176 15
176 18
176 29
176 38
176 56
176 58
176 63
176 68
176 75
176 77
176 78
176 76
177 1
177 10
177 18
177 27
177 32
177 45
177 46
177 52
177 57
177 59
177 68
177 90
177 96
177 99
177 77
178 4
178 7
178 13
178 17
178 48
178 61
178 62
178 67
178 73
178 79
178 80
178 81
178 83
178 78
179 8
179 15
179 18
179 24
179 34
179 37
179 42
179 50
179 84
179 94
179 99
179 79
180 5
180 8
180 13
180 14
180 16
180 39
180 47
180 60
180 66
180 75
180 80
181 4
181 13
181 25
181 33
181 40
181 42
181 67
181 69
181 72
181 73
181 76
181 78
181 91
181 81
182 11
182 21
182 27
182 28
182 36
182 38
182 39
182 57
182 69
182 85
182 86
182 87
182 82
183 25
183 35
183 42
183 74
183 92
183 83
184 10
184 21
184 24
184 35
184 41
184 45
184 57
184 58
184 63
184 65
184 92
184 84
185 6
185 33
185 36
185 38
185 40
185 59
185 66
185 97
185 85
186 4
186 7
186 13
186 24
186 35
186 86
187 9
187 13
187 16
187 23
187 25
187 29
187 33
187 43
187 46
187 70
187 76
187 95
187 87
188 0
188 15
188 22
188 23
188 24
188 48
188 55
188 57
188 62
188 69
188 80
188 84
188 89
188 88
189 1
189 5
189 26
189 32
189 40
189 41
189 60
189 63
189 72
189 74
189 82
189 96
189 89
190 8
190 17
190 21
190 43
190 48
190 57
190 59
190 85
190 88
190 96
190 90
191 27
191 28
191 42
191 51
191 52
191 60
191 62
191 80
191 86
191 87
191 91
192 25
192 36
192 51
192 55
192 64
192 66
192 75
192 80
192 88
192 91
192 92
193 0
193 12
193 29
193 32
193 35
193 40
193 48
193 56
193 62
193 78
193 93
194 30
194 32
194 59
194 68
194 94
195 0
195 20
195 34
195 45
195 51
195 62
195 66
195 68
195 73
195 93
195 95
196 15
196 24
196 39
196 47
196 49
196 53
196 59
196 71
196 74
196 81
196 90
196 96
197 10
197 11
197 23
197 30
197 46
197 51
197 65
197 66
197 71
197 83
197 85
197 97
198 7
198 14
198 22
198 25
198 30
198 57
198 64
198 69
198 71
198 98
199 0
199 2
199 9
199 12
199 44
199 63
199 76
199 79
199 99
