  200   1057
0 103
0 116
0 124
0 133
0 142
0 147
0 181
0 25
0 33
0 43
0 45
0 46
0 51
0 53
0 76
0 78
0 83
0 100
1 103
1 185
1 5
1 12
1 15
1 29
1 33
1 40
1 48
1 49
1 51
1 56
1 57
1 77
1 80
1 83
1 101
2 110
2 133
2 149
2 34
2 36
2 48
2 50
2 51
2 52
2 62
2 72
2 95
2 102
3 110
3 129
3 131
3 146
3 164
3 183
3 199
3 175
3 157
3 114
3 31
3 38
3 42
3 57
3 58
3 59
3 61
3 62
3 85
3 99
3 103
4 108
4 125
4 139
4 149
4 190
4 8
4 18
4 24
4 28
4 38
4 53
4 62
4 79
4 80
4 81
4 82
4 104
5 118
5 140
5 146
5 166
5 1
5 8
5 14
5 23
5 35
5 37
5 50
5 53
5 54
5 65
5 80
5 93
5 97
5 105
6 116
6 118
6 119
6 190
6 192
6 7
6 10
6 19
6 23
6 24
6 27
6 31
6 56
6 71
6 73
6 98
6 106
7 113
7 196
7 6
7 30
7 44
7 47
7 68
7 78
7 79
7 88
7 107
8 124
8 127
8 146
8 180
8 4
8 5
8 10
8 22
8 28
8 35
8 51
8 56
8 63
8 66
8 108
9 111
9 122
9 128
9 130
9 184
9 196
9 17
9 33
9 63
9 73
9 87
9 92
9 109
10 104
10 143
10 159
10 161
10 166
10 167
10 6
10 8
10 17
10 20
10 29
10 30
10 40
10 47
10 48
10 68
10 74
10 99
10 110
11 111
11 133
11 137
11 179
11 27
11 50
11 52
11 70
11 71
11 74
11 78
11 84
11 88
11 99
12 121
12 155
12 164
12 182
12 1
12 17
12 28
12 42
12 43
12 44
12 64
12 88
12 91
12 95
12 98
12 112
13 107
13 123
13 131
13 143
13 179
13 196
13 35
13 40
13 43
13 45
13 49
13 60
13 67
13 72
13 83
13 98
13 113
14 133
14 138
14 173
14 174
14 5
14 22
14 27
14 29
14 43
14 44
14 54
14 57
14 60
14 64
14 69
14 72
14 79
14 81
14 82
14 89
14 97
14 114
15 106
15 118
15 150
15 180
15 189
15 190
15 1
15 29
15 34
15 38
15 44
15 49
15 115
16 102
16 130
16 133
16 185
16 192
16 22
16 26
16 39
16 53
16 58
16 61
16 71
16 77
16 79
16 85
16 94
16 96
16 99
16 116
17 116
17 131
17 181
17 199
17 9
17 10
17 12
17 39
17 43
17 48
17 49
17 53
17 56
17 79
17 89
17 117
18 111
18 115
18 139
18 142
18 149
18 163
18 173
18 4
18 31
18 38
18 45
18 49
18 67
18 68
18 73
18 78
18 99
18 118
19 183
19 186
19 6
19 23
19 27
19 38
19 60
19 65
19 72
19 77
19 82
19 83
19 98
19 119
20 107
20 127
20 133
20 192
20 10
20 29
20 41
20 43
20 55
20 66
20 70
20 71
20 81
20 120
21 104
21 115
21 132
21 166
21 174
21 45
21 53
21 56
21 63
21 76
21 83
21 94
21 121
22 110
22 121
22 126
22 128
22 153
22 182
22 191
22 198
22 8
22 14
22 16
22 43
22 62
22 72
22 86
22 87
22 92
22 122
23 107
23 125
23 144
23 155
23 182
23 197
23 5
23 6
23 19
23 70
23 72
23 75
23 85
23 88
23 93
23 123
24 133
24 139
24 156
24 199
24 4
24 6
24 26
24 33
24 42
24 52
24 72
24 78
24 96
24 124
25 107
25 142
25 151
25 178
25 189
25 0
25 26
25 40
25 55
25 57
25 62
25 64
25 92
25 125
26 101
26 152
26 168
26 16
26 24
26 25
26 45
26 46
26 54
26 77
26 84
26 90
26 126
27 117
27 181
27 193
27 6
27 11
27 14
27 19
27 28
27 29
27 48
27 68
27 77
27 80
27 81
27 98
27 127
28 132
28 166
28 192
28 4
28 8
28 12
28 27
28 34
28 37
28 50
28 69
28 128
29 127
29 140
29 169
29 173
29 177
29 190
29 1
29 10
29 14
29 15
29 20
29 27
29 31
29 44
29 49
29 55
29 65
29 71
29 81
29 82
29 92
29 95
29 96
29 129
30 110
30 130
30 177
30 7
30 10
30 33
30 38
30 41
30 44
30 56
30 68
30 76
30 77
31 103
31 109
31 119
31 129
31 153
31 156
31 186
31 193
31 3
31 6
31 18
31 29
31 33
31 59
31 62
31 66
31 75
31 82
31 85
31 89
31 90
31 91
31 93
31 131
32 119
32 155
32 52
32 62
32 68
32 82
32 84
32 132
33 140
33 153
33 166
33 179
33 187
33 0
33 1
33 9
33 24
33 30
33 31
33 69
33 82
33 133
34 102
34 112
34 176
34 2
34 15
34 28
34 50
34 59
34 70
34 77
34 85
34 94
34 134
35 109
35 192
35 194
35 5
35 8
35 13
35 47
35 59
35 96
35 135
36 116
36 147
36 154
36 170
36 189
36 2
36 53
36 80
36 86
36 136
37 104
37 128
37 132
37 139
37 152
37 158
37 162
37 173
37 185
37 5
37 28
37 80
37 82
37 99
37 137
38 109
38 123
38 136
38 138
38 142
38 158
38 159
38 3
38 4
38 15
38 18
38 19
38 30
38 39
38 54
38 67
38 68
38 76
38 92
39 109
39 116
39 159
39 170
39 173
39 185
39 16
39 17
39 38
39 51
39 54
39 60
39 63
39 65
39 77
39 79
39 89
39 97
39 139
40 139
40 161
40 169
40 1
40 10
40 13
40 25
40 57
40 64
40 69
40 71
40 75
40 80
40 140
41 136
41 161
41 166
41 20
41 30
41 44
41 53
41 61
41 65
41 92
41 98
41 141
42 120
42 153
42 158
42 173
42 196
42 3
42 12
42 24
42 74
42 88
42 94
42 96
42 142
43 104
43 115
43 140
43 149
43 154
43 169
43 182
43 185
43 0
43 12
43 13
43 14
43 17
43 20
43 22
43 54
43 143
44 102
44 130
44 133
44 182
44 7
44 12
44 14
44 15
44 29
44 30
44 41
44 51
44 60
44 66
44 78
44 88
44 96
44 144
45 104
45 118
45 147
45 152
45 0
45 13
45 18
45 21
45 26
45 51
45 62
45 83
45 86
45 94
45 95
45 145
46 107
46 121
46 124
46 135
46 156
46 164
46 0
46 26
46 55
46 89
46 93
46 146
47 100
47 106
47 111
47 156
47 176
47 187
47 198
47 7
47 10
47 35
47 50
47 51
47 55
47 91
47 147
48 139
48 184
48 193
48 1
48 2
48 10
48 17
48 27
48 53
48 59
48 74
48 75
48 93
48 95
48 98
48 99
48 148
49 104
49 122
49 143
49 196
49 1
49 13
49 15
49 17
49 18
49 29
49 57
49 149
50 117
50 121
50 2
50 5
50 11
50 28
50 34
50 47
50 65
50 67
50 72
50 84
50 90
50 93
50 96
50 150
51 105
51 115
51 124
51 178
51 0
51 1
51 2
51 8
51 39
51 44
51 45
51 47
51 73
51 78
51 81
51 82
51 99
51 151
52 108
52 112
52 131
52 137
52 145
52 2
52 11
52 24
52 32
52 84
52 92
52 99
52 152
53 103
53 116
53 179
53 188
53 0
53 4
53 5
53 16
53 17
53 21
53 36
53 41
53 48
53 65
53 68
53 72
53 78
53 81
53 85
53 97
53 153
54 127
54 143
54 145
54 149
54 192
54 193
54 198
54 5
54 14
54 26
54 38
54 39
54 43
54 66
54 75
54 95
54 96
54 154
55 147
55 160
55 165
55 167
55 20
55 25
55 29
55 46
55 47
55 73
55 83
55 86
55 89
55 94
55 155
56 117
56 156
56 1
56 6
56 8
56 17
56 21
56 30
56 59
56 60
56 79
56 82
56 84
57 128
57 181
57 184
57 1
57 3
57 14
57 25
57 40
57 49
57 66
57 77
57 87
57 94
57 95
57 157
58 110
58 140
58 158
58 192
58 3
58 16
58 66
58 96
58 98
59 103
59 155
59 172
59 190
59 3
59 31
59 34
59 35
59 48
59 56
59 81
59 84
59 85
59 87
59 159
60 145
60 154
60 173
60 176
60 13
60 14
60 19
60 39
60 44
60 56
60 67
60 79
60 85
60 86
60 93
60 99
60 160
61 120
61 153
61 170
61 173
61 193
61 3
61 16
61 41
61 72
61 88
61 90
61 161
62 127
62 137
62 147
62 184
62 197
62 2
62 3
62 4
62 22
62 25
62 31
62 32
62 45
62 64
62 71
62 75
62 85
62 97
62 162
63 134
63 173
63 188
63 198
63 8
63 9
63 21
63 39
63 65
63 78
63 87
63 93
63 163
64 137
64 138
64 158
64 191
64 12
64 14
64 25
64 40
64 62
64 73
64 75
64 99
64 164
65 121
65 155
65 5
65 19
65 29
65 39
65 41
65 50
65 53
65 63
65 79
65 87
65 89
65 165
66 128
66 147
66 167
66 8
66 20
66 31
66 44
66 54
66 57
66 58
66 71
66 77
66 166
67 126
67 131
67 148
67 156
67 167
67 177
67 196
67 13
67 18
67 38
67 50
67 60
67 68
67 89
68 101
68 102
68 110
68 115
68 124
68 146
68 165
68 199
68 7
68 10
68 18
68 27
68 30
68 32
68 38
68 53
68 67
68 69
68 88
68 89
68 93
68 168
69 101
69 188
69 14
69 28
69 33
69 40
69 68
69 77
69 95
69 96
69 97
69 169
70 117
70 125
70 11
70 20
70 23
70 34
70 71
70 93
70 94
70 170
71 113
71 146
71 173
71 6
71 11
71 16
71 20
71 29
71 40
71 62
71 66
71 70
71 91
71 171
72 101
72 133
72 155
72 156
72 197
72 2
72 13
72 14
72 19
72 22
72 23
72 24
72 50
72 53
72 61
72 75
72 82
72 86
72 87
72 172
73 106
73 134
73 147
73 156
73 195
73 6
73 9
73 18
73 51
73 55
73 64
73 84
73 99
73 173
74 121
74 136
74 165
74 196
74 10
74 11
74 42
74 48
74 78
74 79
74 94
74 174
75 196
75 23
75 31
75 40
75 48
75 54
75 62
75 64
75 72
75 84
75 90
75 175
76 107
76 130
76 144
76 145
76 151
76 153
76 180
76 181
76 0
76 21
76 30
76 38
76 88
76 89
76 90
76 92
76 176
77 124
77 125
77 156
77 190
77 1
77 16
77 19
77 26
77 27
77 30
77 34
77 39
77 57
77 66
77 69
77 82
77 86
77 87
77 177
78 115
78 152
78 185
78 0
78 7
78 11
78 18
78 24
78 44
78 51
78 53
78 63
78 74
78 80
78 96
78 178
79 103
79 105
79 127
79 131
79 155
79 156
79 184
79 4
79 7
79 14
79 16
79 17
79 39
79 56
79 60
79 65
79 74
79 179
80 116
80 118
80 145
80 176
80 190
80 1
80 4
80 5
80 27
80 36
80 37
80 40
80 78
80 81
80 84
80 94
80 99
80 180
81 155
81 163
81 179
81 181
81 4
81 14
81 20
81 27
81 29
81 51
81 53
81 59
81 80
81 83
81 88
82 138
82 156
82 4
82 14
82 19
82 29
82 31
82 32
82 33
82 37
82 51
82 56
82 72
82 77
82 182
83 121
83 143
83 151
83 184
83 189
83 192
83 0
83 1
83 13
83 19
83 21
83 45
83 55
83 81
83 92
83 97
83 183
84 140
84 164
84 193
84 11
84 26
84 32
84 50
84 52
84 56
84 59
84 73
84 75
84 80
84 90
84 95
84 184
85 101
85 131
85 141
85 179
85 193
85 3
85 16
85 23
85 31
85 34
85 53
85 59
85 60
85 62
85 95
85 185
86 103
86 107
86 110
86 126
86 139
86 142
86 149
86 150
86 160
86 197
86 22
86 36
86 45
86 55
86 60
86 72
86 77
86 186
87 106
87 107
87 145
87 150
87 170
87 185
87 9
87 22
87 57
87 59
87 63
87 65
87 72
87 77
87 89
87 98
87 187
88 124
88 149
88 165
88 179
88 195
88 7
88 11
88 12
88 23
88 42
88 44
88 61
88 68
88 76
88 81
88 92
88 98
88 188
89 107
89 178
89 187
89 196
89 14
89 17
89 31
89 39
89 46
89 55
89 65
89 67
89 68
89 76
89 87
89 95
89 189
90 144
90 153
90 187
90 26
90 31
90 50
90 61
90 75
90 76
90 84
90 97
90 190
91 104
91 116
91 141
91 12
91 31
91 47
91 71
91 94
91 96
91 191
92 150
92 174
92 9
92 22
92 25
92 29
92 38
92 41
92 52
92 76
92 83
92 88
92 192
93 120
93 136
93 148
93 187
93 5
93 23
93 31
93 46
93 48
93 50
93 60
93 63
93 68
93 70
93 99
93 193
94 136
94 154
94 159
94 180
94 186
94 187
94 190
94 16
94 21
94 34
94 42
94 45
94 55
94 57
94 70
94 74
94 80
94 91
94 194
95 103
95 164
95 171
95 184
95 197
95 2
95 12
95 29
95 45
95 48
95 54
95 57
95 69
95 84
95 85
95 89
95 195
96 164
96 174
96 16
96 24
96 29
96 35
96 42
96 44
96 50
96 54
96 58
96 69
96 78
96 91
96 196
97 103
97 143
97 153
97 165
97 181
97 184
97 5
97 14
97 39
97 53
97 62
97 69
97 83
97 90
97 197
98 102
98 109
98 113
98 128
98 161
98 170
98 182
98 184
98 192
98 6
98 12
98 13
98 19
98 27
98 41
98 48
98 58
98 87
98 88
98 198
99 107
99 122
99 124
99 137
99 148
99 161
99 168
99 186
99 189
99 3
99 10
99 11
99 16
99 18
99 37
99 48
99 51
99 52
99 60
99 64
99 73
99 80
99 93
99 199
100 47
100 0
101 26
101 68
101 69
101 72
101 85
101 1
102 16
102 34
102 44
102 68
102 98
102 2
103 0
103 1
103 31
103 53
103 59
103 79
103 86
103 95
103 97
103 3
104 10
104 21
104 37
104 43
104 45
104 49
104 91
104 4
105 51
105 79
105 5
106 15
106 47
106 73
106 87
106 6
107 13
107 20
107 23
107 25
107 46
107 76
107 86
107 87
107 89
107 99
107 7
108 4
108 52
108 8
109 31
109 35
109 38
109 39
109 98
109 9
110 2
110 3
110 22
110 30
110 58
110 68
110 86
110 10
111 9
111 11
111 18
111 47
112 34
112 52
112 12
113 7
113 71
113 98
113 13
114 3
114 14
115 18
115 21
115 43
115 51
115 68
115 78
115 15
116 0
116 6
116 17
116 36
116 39
116 53
116 80
116 91
116 16
117 27
117 50
117 56
117 70
117 17
118 5
118 6
118 15
118 45
118 80
118 18
119 6
119 31
119 32
119 19
120 42
120 61
120 93
120 20
121 12
121 22
121 46
121 50
121 65
121 74
121 83
121 21
122 9
122 49
122 99
122 22
123 13
123 38
123 23
124 0
124 8
124 46
124 51
124 68
124 77
124 88
124 99
124 24
125 4
125 23
125 70
125 77
125 25
126 22
126 67
126 86
126 26
127 8
127 20
127 29
127 54
127 62
127 79
127 27
128 9
128 22
128 37
128 57
128 66
128 98
128 28
129 3
129 31
129 29
130 9
130 16
130 30
130 44
130 76
131 3
131 13
131 17
131 52
131 67
131 79
131 85
131 31
132 21
132 28
132 37
132 32
133 0
133 2
133 11
133 14
133 16
133 20
133 24
133 44
133 72
133 33
134 63
134 73
134 34
135 46
135 35
136 38
136 41
136 74
136 93
136 94
136 36
137 11
137 52
137 62
137 64
137 99
137 37
138 14
138 38
138 64
138 82
139 4
139 18
139 24
139 37
139 40
139 48
139 86
139 39
140 5
140 29
140 33
140 43
140 58
140 84
140 40
141 85
141 91
141 41
142 0
142 18
142 25
142 38
142 86
142 42
143 10
143 13
143 49
143 54
143 83
143 97
143 43
144 23
144 76
144 90
144 44
145 52
145 54
145 60
145 76
145 80
145 87
145 45
146 3
146 5
146 8
146 68
146 71
146 46
147 0
147 36
147 45
147 55
147 62
147 66
147 73
147 47
148 67
148 93
148 99
148 48
149 2
149 4
149 18
149 43
149 54
149 86
149 88
149 49
150 15
150 86
150 87
150 92
150 50
151 25
151 76
151 83
151 51
152 26
152 37
152 45
152 78
152 52
153 22
153 31
153 33
153 42
153 61
153 76
153 90
153 97
153 53
154 36
154 43
154 60
154 94
154 54
155 12
155 23
155 32
155 59
155 65
155 72
155 79
155 81
155 55
156 24
156 31
156 46
156 47
156 56
156 67
156 72
156 73
156 77
156 79
156 82
157 3
157 57
158 37
158 38
158 42
158 58
158 64
159 10
159 38
159 39
159 94
159 59
160 55
160 86
160 60
161 10
161 40
161 41
161 98
161 99
161 61
162 37
162 62
163 18
163 81
163 63
164 3
164 12
164 46
164 84
164 95
164 96
164 64
165 55
165 68
165 74
165 88
165 97
165 65
166 5
166 10
166 21
166 28
166 33
166 41
166 66
167 10
167 55
167 66
167 67
168 26
168 99
168 68
169 29
169 40
169 43
169 69
170 36
170 39
170 61
170 87
170 98
170 70
171 95
171 71
172 59
172 72
173 14
173 18
173 29
173 37
173 39
173 42
173 60
173 61
173 63
173 71
173 73
174 14
174 21
174 92
174 96
174 74
175 3
175 75
176 34
176 47
176 60
176 80
176 76
177 29
177 30
177 67
177 77
178 25
178 51
178 89
178 78
179 11
179 13
179 33
179 53
179 81
179 85
179 88
179 79
180 8
180 15
180 76
180 94
180 80
181 0
181 17
181 27
181 57
181 76
181 81
181 97
182 12
182 22
182 23
182 43
182 44
182 98
182 82
183 3
183 19
183 83
184 9
184 48
184 57
184 62
184 79
184 83
184 95
184 97
184 98
184 84
185 1
185 16
185 37
185 39
185 43
185 78
185 87
185 85
186 19
186 31
186 94
186 99
186 86
187 33
187 47
187 89
187 90
187 93
187 94
187 87
188 53
188 63
188 69
188 88
189 15
189 25
189 36
189 83
189 99
189 89
190 4
190 6
190 15
190 29
190 59
190 77
190 80
190 94
190 90
191 22
191 64
191 91
192 6
192 16
192 20
192 28
192 35
192 54
192 58
192 83
192 98
192 92
193 27
193 31
193 48
193 54
193 61
193 84
193 85
193 93
194 35
194 94
195 73
195 88
195 95
196 7
196 9
196 13
196 42
196 49
196 67
196 74
196 75
196 89
196 96
197 23
197 62
197 72
197 86
197 95
197 97
198 22
198 47
198 54
198 63
198 98
199 3
199 17
199 24
199 68
199 99
