  100   212
0 84
0 2
0 50
1 81
1 85
1 89
1 27
1 51
2 69
2 73
2 78
2 97
2 0
2 4
2 52
3 65
3 11
3 53
4 50
4 65
4 70
4 83
4 2
4 6
4 54
5 61
5 60
5 23
5 34
5 55
6 56
6 67
6 89
6 4
6 7
7 52
7 65
7 99
7 6
7 8
7 57
8 63
8 61
8 7
8 9
8 58
9 71
9 63
9 8
9 10
9 59
10 92
10 94
10 9
10 15
10 60
11 81
11 86
11 98
11 3
11 45
11 61
12 75
12 98
12 43
12 62
13 77
13 71
13 19
13 43
13 63
14 58
14 68
14 49
14 64
15 59
15 93
15 10
15 16
15 65
16 50
16 86
16 90
16 15
16 17
16 66
17 76
17 81
17 84
17 93
17 16
17 24
17 67
18 65
18 66
18 23
18 29
18 68
19 73
19 83
19 91
19 13
19 21
19 69
20 62
20 64
20 74
20 98
20 35
20 36
20 70
21 53
21 19
21 71
22 89
22 39
22 72
23 82
23 77
23 5
23 18
23 73
24 79
24 95
24 17
24 25
24 74
25 74
25 95
25 24
25 26
25 75
26 72
26 86
26 25
26 27
26 76
27 68
27 1
27 26
27 28
27 77
28 81
28 89
28 27
28 30
28 78
29 69
29 18
29 79
30 87
30 82
30 55
30 53
30 28
30 31
30 80
31 64
31 97
31 30
31 32
31 81
32 62
32 69
32 86
32 31
32 33
32 82
33 75
33 32
33 34
33 83
34 90
34 99
34 5
34 33
34 36
34 84
35 97
35 20
35 85
36 57
36 99
36 20
36 34
36 37
36 86
37 62
37 75
37 91
37 36
37 38
37 87
38 59
38 37
38 39
38 88
39 51
39 74
39 22
39 38
39 40
39 89
40 76
40 85
40 39
40 41
40 90
41 83
41 40
41 42
41 91
42 62
42 74
42 80
42 92
42 95
42 41
42 43
43 50
43 88
43 12
43 13
43 42
43 44
43 93
44 54
44 70
44 96
44 43
44 45
44 94
45 68
45 86
45 93
45 97
45 99
45 11
45 44
45 46
45 95
46 99
46 87
46 60
46 55
46 45
46 47
46 96
47 59
47 74
47 46
47 48
47 97
48 51
48 47
48 49
48 98
49 83
49 14
49 48
49 99
50 4
50 16
50 43
50 0
51 39
51 48
51 1
52 7
52 2
53 21
53 30
53 3
54 44
54 4
55 30
55 46
55 5
56 6
57 36
57 7
58 14
58 8
59 15
59 38
59 47
59 9
60 5
60 46
60 10
61 5
61 8
61 11
62 20
62 32
62 37
62 42
62 12
63 8
63 9
63 13
64 20
64 31
64 14
65 3
65 4
65 7
65 18
65 15
66 18
66 16
67 6
67 17
68 14
68 27
68 45
68 18
69 2
69 29
69 32
69 19
70 4
70 44
70 20
71 9
71 13
71 21
72 26
72 22
73 2
73 19
73 23
74 20
74 25
74 39
74 42
74 47
74 24
75 12
75 33
75 37
75 25
76 17
76 40
76 26
77 13
77 23
77 27
78 2
78 28
79 24
79 29
80 42
80 30
81 1
81 11
81 17
81 28
81 31
82 23
82 30
82 32
83 4
83 19
83 41
83 49
83 33
84 0
84 17
84 34
85 1
85 40
85 35
86 11
86 16
86 26
86 32
86 45
86 36
87 30
87 46
87 37
88 43
88 38
89 1
89 6
89 22
89 28
89 39
90 16
90 34
90 40
91 19
91 37
91 41
92 10
92 42
93 15
93 17
93 45
93 43
94 10
94 44
95 24
95 25
95 42
95 45
96 44
96 46
97 2
97 31
97 35
97 45
97 47
98 11
98 12
98 20
98 48
99 7
99 34
99 36
99 45
99 46
99 49
