  100   307
0 92
0 3
0 5
0 9
0 17
0 26
0 41
0 50
1 71
1 77
1 2
1 20
1 21
1 24
1 31
1 36
1 46
1 51
2 98
2 90
2 1
2 16
2 19
2 22
2 31
2 52
3 70
3 82
3 86
3 88
3 0
3 24
3 31
3 43
3 44
3 53
4 56
4 91
4 16
4 33
4 49
4 54
5 83
5 86
5 0
5 48
5 55
6 58
6 60
6 72
6 82
6 42
6 56
7 70
7 88
7 91
7 92
7 12
7 36
7 37
7 41
7 42
7 46
7 57
8 87
8 94
8 18
8 31
8 32
8 44
8 58
9 56
9 58
9 59
9 64
9 66
9 98
9 0
9 11
9 13
9 17
9 28
9 43
10 63
10 81
10 92
10 23
10 37
10 60
11 70
11 93
11 9
11 14
11 39
11 61
12 54
12 64
12 71
12 74
12 7
12 15
12 35
12 39
12 62
13 82
13 9
13 16
13 21
13 63
14 58
14 62
14 83
14 95
14 11
14 18
14 19
14 29
14 64
15 54
15 83
15 87
15 12
15 16
15 17
15 37
15 40
15 49
15 65
16 59
16 93
16 2
16 4
16 13
16 15
16 17
16 18
16 23
16 39
16 46
16 66
17 99
17 98
17 90
17 89
17 0
17 9
17 15
17 16
17 20
17 32
17 33
17 37
17 67
18 71
18 76
18 82
18 91
18 95
18 8
18 14
18 16
18 27
18 31
18 68
19 50
19 84
19 2
19 14
19 25
19 40
19 69
20 65
20 77
20 92
20 1
20 17
20 34
20 70
21 66
21 97
21 1
21 13
21 41
21 47
21 48
21 71
22 55
22 58
22 74
22 2
22 34
22 47
22 48
22 72
23 79
23 84
23 97
23 10
23 16
23 29
23 31
23 37
23 38
23 73
24 52
24 93
24 1
24 3
24 26
24 30
24 31
24 35
24 74
25 71
25 74
25 76
25 80
25 81
25 83
25 19
25 43
25 75
26 53
26 65
26 71
26 78
26 80
26 96
26 97
26 0
26 24
26 42
26 44
26 45
26 76
27 55
27 56
27 67
27 18
27 77
28 54
28 63
28 93
28 9
28 45
28 78
29 54
29 76
29 91
29 14
29 23
29 30
29 48
29 79
30 54
30 66
30 92
30 24
30 29
30 31
30 38
30 40
30 80
31 52
31 82
31 87
31 93
31 1
31 2
31 3
31 8
31 18
31 23
31 24
31 30
31 49
31 81
32 65
32 92
32 8
32 17
32 37
32 38
32 44
32 82
33 58
33 80
33 91
33 4
33 17
33 83
34 53
34 82
34 94
34 20
34 22
34 38
34 84
35 56
35 58
35 79
35 12
35 24
35 46
35 85
36 69
36 1
36 7
36 48
36 49
36 86
37 61
37 69
37 84
37 94
37 7
37 10
37 15
37 17
37 23
37 32
37 42
37 87
38 59
38 73
38 92
38 23
38 30
38 32
38 34
38 88
39 61
39 11
39 12
39 16
39 89
40 63
40 92
40 15
40 19
40 30
40 90
41 74
41 0
41 7
41 21
41 91
42 57
42 6
42 7
42 26
42 37
42 44
42 92
43 69
43 75
43 79
43 80
43 88
43 3
43 9
43 25
43 47
43 93
44 77
44 86
44 95
44 97
44 3
44 8
44 26
44 32
44 42
44 94
45 73
45 75
45 26
45 28
45 95
46 63
46 93
46 1
46 7
46 16
46 35
46 47
46 96
47 68
47 72
47 92
47 21
47 22
47 43
47 46
47 97
48 51
48 52
48 57
48 61
48 62
48 65
48 77
48 5
48 21
48 22
48 29
48 36
48 98
49 85
49 92
49 4
49 15
49 31
49 36
49 99
50 19
50 0
51 48
51 1
52 24
52 31
52 48
52 2
53 26
53 34
53 3
54 12
54 15
54 28
54 29
54 30
54 4
55 22
55 27
55 5
56 4
56 9
56 27
56 35
56 6
57 42
57 48
57 7
58 6
58 9
58 14
58 22
58 33
58 35
58 8
59 9
59 16
59 38
60 6
60 10
61 37
61 39
61 48
61 11
62 14
62 48
62 12
63 10
63 28
63 40
63 46
63 13
64 9
64 12
64 14
65 20
65 26
65 32
65 48
65 15
66 9
66 21
66 30
66 16
67 27
67 17
68 47
68 18
69 36
69 37
69 43
69 19
70 3
70 7
70 11
70 20
71 1
71 12
71 18
71 25
71 26
71 21
72 6
72 47
72 22
73 38
73 45
73 23
74 12
74 22
74 25
74 41
74 24
75 43
75 45
75 25
76 18
76 25
76 29
76 26
77 1
77 20
77 44
77 48
77 27
78 26
78 28
79 23
79 35
79 43
79 29
80 25
80 26
80 33
80 43
80 30
81 10
81 25
81 31
82 3
82 6
82 13
82 18
82 31
82 34
82 32
83 5
83 14
83 15
83 25
83 33
84 19
84 23
84 37
84 34
85 49
85 35
86 3
86 5
86 44
86 36
87 8
87 15
87 31
87 37
88 3
88 7
88 43
88 38
89 17
89 39
90 2
90 17
90 40
91 4
91 7
91 18
91 29
91 33
91 41
92 0
92 7
92 10
92 20
92 30
92 32
92 38
92 40
92 47
92 49
92 42
93 11
93 16
93 24
93 28
93 31
93 46
93 43
94 8
94 34
94 37
94 44
95 14
95 18
95 44
95 45
96 26
96 46
97 21
97 23
97 26
97 44
97 47
98 2
98 9
98 17
98 48
99 17
99 49
