  200   425
0 149
0 148
0 1
0 100
1 150
1 149
1 0
1 3
1 101
2 152
2 150
2 94
2 102
3 153
3 152
3 1
3 4
3 103
4 189
4 3
4 5
4 104
5 121
5 4
5 6
5 105
6 160
6 5
6 11
6 106
7 101
7 142
7 155
7 72
7 87
7 107
8 154
8 153
8 12
8 69
8 70
8 108
9 118
9 66
9 97
9 109
10 170
10 58
10 110
11 178
11 6
11 13
11 111
12 157
12 154
12 8
12 112
13 175
13 11
13 14
13 113
14 158
14 157
14 13
14 15
14 114
15 189
15 14
15 16
15 115
16 193
16 15
16 17
16 116
17 119
17 16
17 21
17 117
18 159
18 158
18 84
18 118
19 168
19 198
19 27
19 33
19 119
20 182
20 30
20 120
21 156
21 17
21 26
21 121
22 160
22 159
22 32
22 58
22 122
23 161
23 160
23 30
23 123
24 152
24 80
24 124
25 162
25 161
25 27
25 60
25 125
26 120
26 136
26 21
26 29
26 126
27 152
27 19
27 25
27 127
28 107
28 68
28 128
29 128
29 26
29 30
29 129
30 163
30 162
30 20
30 23
30 29
30 31
30 130
31 124
31 30
31 35
31 131
32 164
32 163
32 22
32 90
32 132
33 165
33 164
33 103
33 102
33 19
33 86
33 133
34 139
34 172
34 180
34 43
34 134
35 167
35 165
35 104
35 103
35 31
35 36
35 135
36 126
36 137
36 169
36 35
36 38
36 136
37 169
37 167
37 106
37 104
37 50
37 137
38 127
38 36
38 39
38 138
39 158
39 38
39 43
39 139
40 124
40 192
40 78
40 98
40 140
41 124
41 145
41 85
41 141
42 170
42 169
42 108
42 106
42 56
42 87
42 142
43 134
43 34
43 39
43 44
43 143
44 124
44 43
44 45
44 144
45 165
45 44
45 48
45 145
46 124
46 172
46 187
46 71
46 146
47 131
47 78
47 147
48 173
48 170
48 109
48 108
48 45
48 50
48 148
49 111
49 92
49 149
50 174
50 173
50 111
50 109
50 37
50 48
50 52
50 150
51 105
51 97
51 151
52 125
52 50
52 53
52 152
53 175
53 174
53 112
53 111
53 52
53 54
53 153
54 100
54 135
54 141
54 53
54 57
54 154
55 179
55 80
55 87
55 155
56 176
56 175
56 114
56 112
56 42
56 68
56 156
57 177
57 176
57 115
57 114
57 54
57 64
57 157
58 168
58 10
58 22
58 158
59 178
59 177
59 116
59 115
59 62
59 159
60 164
60 25
60 160
61 151
61 193
61 69
61 97
61 161
62 105
62 107
62 181
62 59
62 63
62 72
62 162
63 155
63 171
63 180
63 62
63 80
63 163
64 179
64 178
64 117
64 116
64 57
64 65
64 164
65 181
65 179
65 118
65 117
65 64
65 67
65 165
66 182
66 181
66 121
66 118
66 9
66 166
67 183
67 182
67 122
67 121
67 65
67 73
67 167
68 184
68 183
68 123
68 122
68 28
68 56
68 168
69 185
69 184
69 125
69 123
69 8
69 61
69 92
69 169
70 186
70 185
70 127
70 125
70 8
70 170
71 157
71 46
71 81
71 171
72 100
72 147
72 7
72 62
72 172
73 188
73 186
73 128
73 127
73 67
73 74
73 173
74 111
74 73
74 76
74 174
75 189
75 188
75 130
75 128
75 91
75 175
76 135
76 74
76 77
76 176
77 190
77 189
77 131
77 130
77 76
77 79
77 177
78 110
78 118
78 40
78 47
78 82
78 178
79 162
79 77
79 81
79 179
80 150
80 24
80 55
80 63
80 180
81 191
81 190
81 133
81 131
81 71
81 79
81 83
81 181
82 119
82 153
82 78
82 182
83 166
83 173
83 81
83 84
83 183
84 192
84 191
84 134
84 133
84 18
84 83
84 85
84 184
85 107
85 132
85 41
85 84
85 86
85 185
86 193
86 192
86 138
86 134
86 33
86 85
86 87
86 186
87 194
87 193
87 140
87 138
87 7
87 42
87 55
87 86
87 88
87 187
88 129
88 168
88 87
88 89
88 188
89 195
89 194
89 143
89 140
89 88
89 90
89 189
90 126
90 156
90 32
90 89
90 91
90 190
91 196
91 195
91 144
91 143
91 75
91 90
91 93
91 191
92 136
92 194
92 49
92 69
92 192
93 173
93 91
93 94
93 193
94 143
94 2
94 93
94 95
94 194
95 189
95 94
95 96
95 195
96 113
96 137
96 95
96 97
96 196
97 197
97 196
97 146
97 144
97 9
97 51
97 61
97 96
97 98
98 198
98 197
98 147
98 146
98 40
98 97
98 99
99 199
99 198
99 148
99 147
99 98
100 54
100 72
100 0
101 7
101 1
102 33
102 2
103 33
103 35
103 3
104 35
104 37
104 4
105 51
105 62
105 5
106 37
106 42
106 6
107 28
107 62
107 85
107 7
108 42
108 48
108 8
109 48
109 50
109 9
110 78
110 10
111 49
111 50
111 53
111 74
111 11
112 53
112 56
112 12
113 96
113 13
114 56
114 57
114 14
115 57
115 59
115 15
116 59
116 64
116 16
117 64
117 65
117 17
118 9
118 65
118 66
118 78
118 18
119 17
119 82
119 19
120 26
120 20
121 5
121 66
121 67
121 21
122 67
122 68
122 22
123 68
123 69
123 23
124 31
124 40
124 41
124 44
124 46
124 24
125 52
125 69
125 70
125 25
126 36
126 90
126 26
127 38
127 70
127 73
127 27
128 29
128 73
128 75
128 28
129 88
129 29
130 75
130 77
130 30
131 47
131 77
131 81
131 31
132 85
132 32
133 81
133 84
133 33
134 43
134 84
134 86
134 34
135 54
135 76
135 35
136 26
136 92
136 36
137 36
137 96
137 37
138 86
138 87
138 38
139 34
139 39
140 87
140 89
140 40
141 54
141 41
142 7
142 42
143 89
143 91
143 94
143 43
144 91
144 97
144 44
145 41
145 45
146 97
146 98
146 46
147 72
147 98
147 99
147 47
148 0
148 99
148 48
149 0
149 1
149 49
150 1
150 2
150 80
150 50
151 61
151 51
152 2
152 3
152 24
152 27
152 52
153 3
153 8
153 82
153 53
154 8
154 12
154 54
155 7
155 63
155 55
156 21
156 90
156 56
157 12
157 14
157 71
157 57
158 14
158 18
158 39
158 58
159 18
159 22
159 59
160 6
160 22
160 23
160 60
161 23
161 25
161 61
162 25
162 30
162 79
162 62
163 30
163 32
163 63
164 32
164 33
164 60
164 64
165 33
165 35
165 45
165 65
166 83
166 66
167 35
167 37
167 67
168 19
168 58
168 88
168 68
169 36
169 37
169 42
169 69
170 10
170 42
170 48
170 70
171 63
171 71
172 34
172 46
172 72
173 48
173 50
173 83
173 93
173 73
174 50
174 53
174 74
175 13
175 53
175 56
175 75
176 56
176 57
176 76
177 57
177 59
177 77
178 11
178 59
178 64
178 78
179 55
179 64
179 65
179 79
180 34
180 63
180 80
181 62
181 65
181 66
181 81
182 20
182 66
182 67
182 82
183 67
183 68
183 83
184 68
184 69
184 84
185 69
185 70
185 85
186 70
186 73
186 86
187 46
187 87
188 73
188 75
188 88
189 4
189 15
189 75
189 77
189 95
189 89
190 77
190 81
190 90
191 81
191 84
191 91
192 40
192 84
192 86
192 92
193 16
193 61
193 86
193 87
193 93
194 87
194 89
194 92
194 94
195 89
195 91
195 95
196 91
196 97
196 96
197 97
197 98
198 19
198 98
198 99
199 99
