  300   1965
0 161
0 173
0 218
0 225
0 255
0 16
0 32
0 38
0 49
0 62
0 71
0 103
0 107
0 117
0 118
0 125
0 130
0 135
0 150
1 159
1 164
1 183
1 185
1 194
1 229
1 257
1 260
1 265
1 13
1 20
1 33
1 34
1 62
1 75
1 76
1 80
1 95
1 96
1 102
1 112
1 119
1 129
1 136
1 151
2 160
2 169
2 170
2 205
2 4
2 12
2 17
2 55
2 59
2 61
2 68
2 73
2 74
2 88
2 100
2 102
2 113
2 117
2 135
2 145
2 148
2 152
3 187
3 202
3 210
3 12
3 35
3 49
3 56
3 68
3 71
3 73
3 74
3 87
3 91
3 95
3 105
3 111
3 116
3 117
3 124
3 125
3 127
3 131
3 132
3 143
3 153
4 218
4 240
4 261
4 275
4 286
4 293
4 2
4 17
4 21
4 34
4 44
4 60
4 64
4 73
4 79
4 83
4 129
4 130
4 137
4 154
5 204
5 234
5 22
5 46
5 68
5 71
5 79
5 86
5 89
5 94
5 102
5 117
5 125
5 155
6 152
6 163
6 173
6 265
6 267
6 19
6 30
6 35
6 38
6 39
6 40
6 54
6 72
6 81
6 84
6 101
6 119
6 138
6 147
6 156
7 157
7 208
7 242
7 254
7 16
7 32
7 49
7 52
7 59
7 101
7 122
7 124
7 125
7 137
7 148
8 234
8 293
8 15
8 16
8 60
8 64
8 65
8 80
8 112
8 113
8 158
9 158
9 211
9 21
9 37
9 50
9 57
9 95
9 113
9 117
9 136
9 159
10 248
10 260
10 272
10 17
10 26
10 58
10 65
10 69
10 89
10 117
10 130
10 132
10 160
11 189
11 212
11 243
11 249
11 250
11 263
11 282
11 291
11 21
11 23
11 35
11 48
11 51
11 54
11 55
11 60
11 78
11 79
11 92
11 110
11 128
11 161
12 178
12 179
12 192
12 214
12 232
12 244
12 245
12 269
12 271
12 2
12 3
12 16
12 20
12 21
12 25
12 46
12 72
12 126
12 131
12 145
12 162
13 161
13 167
13 179
13 184
13 190
13 194
13 197
13 216
13 256
13 286
13 288
13 1
13 56
13 66
13 110
13 117
13 121
13 122
13 137
13 163
14 161
14 254
14 261
14 267
14 19
14 95
14 108
14 121
14 137
14 138
14 164
15 204
15 227
15 250
15 8
15 26
15 30
15 33
15 35
15 48
15 54
15 55
15 56
15 57
15 58
15 65
15 78
15 81
15 95
15 97
15 107
15 110
15 125
15 132
15 137
15 140
15 143
15 165
16 158
16 178
16 195
16 215
16 241
16 0
16 7
16 8
16 12
16 24
16 63
16 103
16 105
16 118
16 120
16 126
16 166
17 183
17 214
17 221
17 232
17 2
17 4
17 10
17 22
17 31
17 43
17 44
17 71
17 74
17 76
17 91
17 97
17 116
17 118
17 132
17 134
17 138
17 146
17 167
18 177
18 188
18 190
18 261
18 296
18 22
18 34
18 59
18 60
18 66
18 73
18 75
18 77
18 79
18 82
18 85
18 90
18 108
18 109
18 111
18 118
18 122
18 168
19 154
19 173
19 262
19 286
19 293
19 6
19 14
19 22
19 81
19 100
19 128
19 131
19 139
19 169
20 153
20 160
20 165
20 182
20 186
20 198
20 244
20 248
20 259
20 275
20 1
20 12
20 23
20 52
20 56
20 65
20 72
20 76
20 83
20 90
20 96
20 105
20 116
20 122
20 170
21 155
21 176
21 200
21 252
21 4
21 9
21 11
21 12
21 28
21 38
21 45
21 48
21 63
21 78
21 99
21 102
21 108
21 171
22 152
22 153
22 176
22 200
22 201
22 253
22 284
22 290
22 5
22 17
22 18
22 19
22 30
22 71
22 91
22 99
22 110
22 113
22 119
22 122
22 123
22 131
22 172
23 163
23 170
23 178
23 203
23 210
23 220
23 258
23 279
23 11
23 20
23 28
23 29
23 37
23 44
23 63
23 76
23 86
23 88
23 101
23 113
23 141
23 149
23 173
24 157
24 162
24 166
24 176
24 190
24 200
24 202
24 213
24 224
24 230
24 236
24 243
24 256
24 286
24 16
24 34
24 51
24 57
24 63
24 78
24 90
24 112
24 122
24 123
24 136
24 137
24 140
24 174
25 174
25 181
25 195
25 206
25 252
25 12
25 33
25 83
25 86
25 91
25 93
25 96
25 112
25 125
25 134
25 135
25 136
25 175
26 166
26 175
26 181
26 186
26 196
26 197
26 203
26 214
26 217
26 218
26 259
26 288
26 10
26 15
26 39
26 42
26 86
26 89
26 90
26 107
26 117
26 120
26 134
26 135
26 136
26 176
27 153
27 176
27 193
27 215
27 218
27 258
27 269
27 294
27 297
27 38
27 40
27 50
27 61
27 81
27 88
27 117
27 121
27 125
27 130
27 136
27 145
27 177
28 150
28 179
28 225
28 21
28 23
28 34
28 36
28 59
28 61
28 74
28 87
28 90
28 114
28 143
28 178
29 176
29 186
29 224
29 235
29 236
29 244
29 259
29 296
29 23
29 41
29 45
29 71
29 79
29 87
29 88
29 98
29 100
29 102
29 114
29 122
29 136
29 179
30 166
30 178
30 242
30 275
30 276
30 278
30 281
30 282
30 289
30 6
30 15
30 22
30 32
30 59
30 66
30 69
30 77
30 88
30 95
30 102
30 134
30 141
30 180
31 189
31 204
31 210
31 252
31 255
31 283
31 286
31 17
31 40
31 41
31 47
31 78
31 81
31 88
31 94
31 103
31 109
31 111
31 139
31 181
32 163
32 241
32 0
32 7
32 30
32 95
32 101
32 106
32 107
32 110
32 116
32 135
32 137
32 182
33 157
33 163
33 164
33 215
33 249
33 254
33 1
33 15
33 25
33 61
33 63
33 74
33 76
33 77
33 79
33 84
33 96
33 109
33 117
33 183
34 152
34 185
34 197
34 200
34 202
34 227
34 273
34 286
34 294
34 1
34 4
34 18
34 24
34 28
34 45
34 64
34 81
34 86
34 99
34 130
34 140
34 184
35 170
35 172
35 188
35 196
35 225
35 244
35 255
35 285
35 3
35 6
35 11
35 15
35 43
35 51
35 52
35 56
35 61
35 70
35 85
35 100
35 102
35 108
35 116
35 126
35 136
35 144
35 147
35 185
36 161
36 182
36 212
36 238
36 244
36 275
36 282
36 28
36 41
36 44
36 48
36 74
36 83
36 89
36 101
36 106
36 113
36 133
36 146
36 186
37 215
37 231
37 278
37 9
37 23
37 47
37 55
37 62
37 69
37 80
37 112
37 113
37 121
37 123
37 140
37 145
37 187
38 153
38 167
38 170
38 223
38 227
38 295
38 0
38 6
38 21
38 27
38 60
38 67
38 74
38 86
38 108
38 188
39 194
39 232
39 256
39 267
39 268
39 297
39 6
39 26
39 52
39 60
39 75
39 80
39 81
39 87
39 95
39 103
39 114
39 127
39 144
39 146
39 189
40 168
40 201
40 204
40 221
40 255
40 256
40 295
40 6
40 27
40 31
40 81
40 92
40 101
40 109
40 130
40 133
40 144
40 190
41 175
41 208
41 242
41 258
41 29
41 31
41 36
41 47
41 83
41 87
41 102
41 145
41 191
42 162
42 169
42 226
42 227
42 241
42 245
42 246
42 26
42 53
42 54
42 59
42 63
42 89
42 105
42 108
42 124
42 130
42 149
42 192
43 194
43 201
43 205
43 17
43 35
43 72
43 88
43 114
43 126
43 142
43 193
44 150
44 165
44 223
44 258
44 275
44 294
44 4
44 17
44 23
44 36
44 53
44 70
44 86
44 96
44 103
44 130
44 135
44 194
45 155
45 164
45 177
45 184
45 210
45 219
45 248
45 265
45 283
45 286
45 21
45 29
45 34
45 58
45 59
45 79
45 91
45 120
45 123
45 131
45 147
45 195
46 153
46 176
46 180
46 181
46 207
46 229
46 261
46 5
46 12
46 54
46 65
46 67
46 79
46 116
46 122
46 126
46 143
46 147
46 196
47 157
47 168
47 173
47 182
47 216
47 238
47 244
47 246
47 286
47 290
47 31
47 37
47 41
47 64
47 78
47 83
47 92
47 108
47 115
47 130
47 141
47 144
47 197
48 160
48 164
48 204
48 210
48 246
48 11
48 15
48 21
48 36
48 57
48 60
48 71
48 72
48 73
48 74
48 76
48 90
48 97
48 114
48 118
48 131
48 137
48 198
49 208
49 0
49 3
49 7
49 56
49 83
49 98
49 108
49 126
49 129
49 135
49 140
49 144
49 199
50 199
50 231
50 241
50 249
50 266
50 9
50 27
50 58
50 64
50 67
50 78
50 104
50 117
50 125
50 134
50 138
50 139
50 140
50 146
50 148
50 200
51 177
51 256
51 11
51 24
51 35
51 63
51 65
51 85
51 98
51 106
51 110
51 127
51 139
51 201
52 205
52 259
52 286
52 7
52 20
52 35
52 39
52 91
52 93
52 96
52 107
52 127
52 137
52 202
53 152
53 202
53 204
53 42
53 44
53 58
53 100
53 104
53 110
53 115
53 119
53 135
53 142
53 146
53 149
53 203
54 155
54 168
54 202
54 217
54 219
54 226
54 253
54 283
54 6
54 11
54 15
54 42
54 46
54 81
54 104
54 109
54 113
54 133
54 139
54 142
54 204
55 154
55 182
55 210
55 225
55 243
55 250
55 257
55 275
55 2
55 11
55 15
55 37
55 70
55 82
55 104
55 113
55 149
55 205
56 155
56 213
56 3
56 13
56 15
56 20
56 35
56 49
56 71
56 98
56 206
57 271
57 9
57 15
57 24
57 48
57 62
57 91
57 95
57 101
57 113
57 117
57 119
57 134
57 142
57 144
57 145
57 148
57 207
58 299
58 298
58 292
58 10
58 15
58 45
58 50
58 53
58 68
58 73
58 79
58 87
58 90
58 110
58 119
58 129
58 141
58 208
59 169
59 187
59 247
59 282
59 290
59 2
59 7
59 18
59 28
59 30
59 42
59 45
59 60
59 68
59 69
59 97
59 100
59 102
59 124
59 126
59 134
59 136
59 141
59 209
60 168
60 197
60 212
60 240
60 251
60 285
60 4
60 8
60 11
60 18
60 38
60 39
60 48
60 59
60 73
60 75
60 92
60 110
60 127
60 210
61 174
61 191
61 230
61 247
61 263
61 276
61 2
61 27
61 28
61 33
61 35
61 66
61 67
61 70
61 74
61 83
61 111
61 126
61 134
61 145
61 211
62 166
62 0
62 1
62 37
62 57
62 90
62 147
62 148
62 212
63 181
63 204
63 233
63 235
63 276
63 16
63 21
63 23
63 24
63 33
63 42
63 51
63 70
63 85
63 116
63 213
64 154
64 158
64 159
64 180
64 240
64 248
64 4
64 8
64 34
64 47
64 50
64 65
64 90
64 115
64 124
64 132
64 214
65 196
65 204
65 225
65 241
65 274
65 293
65 299
65 8
65 10
65 15
65 20
65 46
65 51
65 64
65 77
65 111
65 119
65 121
65 136
65 149
65 215
66 191
66 206
66 222
66 233
66 269
66 13
66 18
66 30
66 61
66 72
66 73
66 131
66 136
66 216
67 158
67 181
67 186
67 209
67 212
67 213
67 253
67 264
67 286
67 290
67 38
67 46
67 50
67 61
67 82
67 93
67 97
67 114
67 120
67 125
67 217
68 152
68 187
68 217
68 229
68 272
68 291
68 2
68 3
68 5
68 58
68 59
68 82
68 85
68 87
68 100
68 218
69 175
69 191
69 198
69 217
69 10
69 30
69 37
69 59
69 74
69 97
69 103
69 113
69 124
69 133
69 145
69 147
69 219
70 150
70 175
70 220
70 226
70 254
70 266
70 283
70 289
70 35
70 44
70 55
70 61
70 63
70 92
70 98
70 105
70 115
70 144
70 149
71 172
71 179
71 182
71 208
71 232
71 245
71 260
71 263
71 270
71 274
71 0
71 3
71 5
71 17
71 22
71 29
71 48
71 56
71 80
71 105
71 114
71 221
72 158
72 174
72 178
72 180
72 214
72 216
72 228
72 260
72 265
72 271
72 289
72 6
72 12
72 20
72 43
72 48
72 66
72 80
72 91
72 101
72 104
72 116
72 122
72 126
72 137
72 222
73 151
73 176
73 192
73 210
73 219
73 230
73 252
73 271
73 275
73 2
73 3
73 4
73 18
73 48
73 58
73 60
73 66
73 104
73 123
73 135
73 223
74 155
74 215
74 238
74 245
74 266
74 2
74 3
74 17
74 28
74 33
74 36
74 38
74 48
74 61
74 69
74 85
74 88
74 90
74 92
74 113
74 114
74 145
74 224
75 152
75 192
75 244
75 268
75 1
75 18
75 39
75 60
75 98
75 105
75 114
75 133
75 146
75 225
76 155
76 184
76 193
76 250
76 256
76 265
76 286
76 290
76 1
76 17
76 20
76 23
76 33
76 48
76 95
76 125
76 141
76 226
77 154
77 155
77 189
77 242
77 266
77 270
77 278
77 18
77 30
77 33
77 65
77 108
77 141
77 144
77 148
77 227
78 223
78 293
78 11
78 15
78 21
78 24
78 31
78 47
78 50
78 102
78 110
78 112
78 133
78 228
79 152
79 188
79 199
79 248
79 257
79 286
79 4
79 5
79 11
79 18
79 29
79 33
79 45
79 46
79 58
79 84
79 116
79 132
79 133
79 135
79 229
80 192
80 193
80 212
80 253
80 256
80 288
80 1
80 8
80 37
80 39
80 71
80 72
80 96
80 107
80 126
80 131
80 145
80 146
80 149
80 230
81 155
81 190
81 270
81 276
81 279
81 297
81 6
81 15
81 19
81 27
81 31
81 34
81 39
81 40
81 54
81 87
81 108
81 111
81 114
81 118
81 121
81 140
81 148
81 231
82 153
82 170
82 188
82 195
82 208
82 221
82 225
82 245
82 268
82 281
82 18
82 55
82 67
82 68
82 136
82 232
83 187
83 216
83 251
83 4
83 20
83 25
83 36
83 41
83 47
83 49
83 61
83 93
83 102
83 120
83 138
83 145
83 233
84 165
84 176
84 196
84 217
84 224
84 227
84 245
84 288
84 291
84 6
84 33
84 79
84 94
84 148
84 234
85 155
85 191
85 192
85 193
85 245
85 18
85 35
85 51
85 63
85 68
85 74
85 95
85 106
85 109
85 125
85 127
85 134
85 142
85 235
86 154
86 201
86 205
86 231
86 281
86 285
86 287
86 5
86 23
86 25
86 26
86 34
86 38
86 44
86 89
86 102
86 118
86 135
86 139
86 236
87 163
87 198
87 201
87 274
87 3
87 28
87 29
87 39
87 41
87 58
87 68
87 81
87 90
87 112
87 113
87 128
87 132
87 134
87 237
88 162
88 166
88 167
88 168
88 173
88 177
88 195
88 209
88 266
88 273
88 2
88 23
88 27
88 29
88 30
88 31
88 43
88 74
88 94
88 99
88 100
88 101
88 102
88 121
88 134
88 238
89 159
89 166
89 180
89 182
89 186
89 213
89 234
89 266
89 5
89 10
89 26
89 36
89 42
89 86
89 92
89 101
89 110
89 115
89 239
90 176
90 183
90 192
90 233
90 263
90 296
90 18
90 20
90 24
90 26
90 28
90 48
90 58
90 62
90 64
90 74
90 87
90 92
90 95
90 107
90 131
90 137
90 145
90 240
91 165
91 195
91 243
91 3
91 17
91 22
91 25
91 45
91 52
91 57
91 72
91 110
91 121
91 130
91 144
91 241
92 169
92 177
92 193
92 201
92 268
92 287
92 293
92 11
92 40
92 47
92 60
92 70
92 74
92 89
92 90
92 242
93 167
93 221
93 225
93 246
93 249
93 296
93 25
93 52
93 67
93 83
93 94
93 114
93 122
93 125
93 243
94 214
94 229
94 251
94 5
94 31
94 84
94 88
94 93
94 112
94 135
94 137
94 149
94 244
95 186
95 230
95 240
95 255
95 1
95 3
95 9
95 14
95 15
95 30
95 32
95 39
95 57
95 76
95 85
95 90
95 118
95 141
95 146
95 245
96 155
96 161
96 205
96 207
96 219
96 233
96 240
96 264
96 276
96 1
96 20
96 25
96 33
96 44
96 52
96 80
96 98
96 122
96 124
96 137
96 147
96 246
97 163
97 169
97 170
97 174
97 202
97 209
97 231
97 243
97 246
97 297
97 15
97 17
97 48
97 59
97 67
97 69
97 110
97 122
97 123
97 140
97 247
98 163
98 175
98 192
98 227
98 235
98 29
98 49
98 51
98 56
98 70
98 75
98 96
98 102
98 111
98 114
98 122
98 127
98 130
98 138
98 248
99 160
99 175
99 243
99 249
99 288
99 21
99 22
99 34
99 88
99 102
99 114
99 115
99 120
99 127
99 139
99 145
100 154
100 180
100 223
100 227
100 273
100 2
100 19
100 29
100 35
100 53
100 59
100 68
100 88
100 106
100 250
101 160
101 173
101 193
101 203
101 222
101 234
101 253
101 274
101 280
101 6
101 7
101 23
101 32
101 36
101 40
101 57
101 72
101 88
101 89
101 115
101 124
101 128
101 133
101 251
102 157
102 158
102 177
102 204
102 210
102 237
102 243
102 288
102 1
102 2
102 5
102 21
102 29
102 30
102 35
102 41
102 59
102 78
102 83
102 86
102 88
102 98
102 99
102 112
102 114
102 122
102 252
103 177
103 187
103 203
103 219
103 244
103 257
103 294
103 0
103 16
103 31
103 39
103 44
103 69
103 115
103 120
103 130
103 132
103 253
104 153
104 169
104 200
104 210
104 212
104 216
104 226
104 239
104 265
104 50
104 53
104 54
104 55
104 72
104 73
104 107
104 145
104 149
104 254
105 214
105 239
105 256
105 3
105 16
105 20
105 42
105 70
105 71
105 75
105 124
105 141
105 149
105 255
106 181
106 200
106 209
106 217
106 277
106 278
106 282
106 293
106 32
106 36
106 51
106 85
106 100
106 122
106 138
106 147
106 256
107 155
107 158
107 167
107 187
107 285
107 289
107 0
107 15
107 26
107 32
107 52
107 80
107 90
107 104
107 118
107 133
107 257
108 157
108 164
108 193
108 231
108 281
108 291
108 294
108 14
108 18
108 21
108 35
108 38
108 42
108 47
108 49
108 77
108 81
108 109
108 115
108 119
108 142
108 148
108 258
109 184
109 214
109 250
109 261
109 262
109 282
109 18
109 31
109 33
109 40
109 54
109 85
109 108
109 127
109 259
110 157
110 257
110 265
110 278
110 11
110 13
110 15
110 22
110 32
110 51
110 53
110 58
110 60
110 78
110 89
110 91
110 97
110 260
111 185
111 200
111 212
111 219
111 282
111 3
111 18
111 31
111 61
111 65
111 81
111 98
111 120
111 132
111 135
111 142
111 261
112 177
112 204
112 222
112 287
112 293
112 294
112 1
112 8
112 24
112 25
112 37
112 78
112 87
112 94
112 102
112 118
112 124
112 128
112 262
113 152
113 158
113 172
113 175
113 198
113 205
113 2
113 8
113 9
113 22
113 23
113 36
113 37
113 54
113 55
113 57
113 69
113 74
113 87
113 135
113 145
113 263
114 163
114 215
114 231
114 261
114 268
114 28
114 29
114 39
114 43
114 48
114 67
114 71
114 74
114 75
114 81
114 93
114 98
114 99
114 102
114 115
114 120
114 125
114 136
114 139
114 143
114 146
114 264
115 153
115 161
115 241
115 253
115 283
115 47
115 53
115 64
115 70
115 89
115 99
115 101
115 103
115 108
115 114
115 116
115 131
115 265
116 163
116 171
116 190
116 204
116 248
116 3
116 17
116 20
116 32
116 35
116 46
116 63
116 72
116 79
116 115
116 120
116 128
116 138
116 266
117 176
117 177
117 187
117 192
117 194
117 274
117 296
117 0
117 2
117 3
117 5
117 9
117 10
117 13
117 26
117 27
117 33
117 50
117 57
117 122
117 267
118 178
118 200
118 220
118 222
118 283
118 290
118 293
118 297
118 0
118 16
118 17
118 18
118 48
118 81
118 86
118 95
118 107
118 112
118 143
118 147
118 268
119 170
119 184
119 187
119 196
119 255
119 1
119 6
119 22
119 53
119 57
119 58
119 65
119 108
119 148
119 149
119 269
120 182
120 221
120 267
120 279
120 280
120 282
120 16
120 26
120 45
120 67
120 83
120 99
120 103
120 111
120 114
120 116
120 136
120 137
120 270
121 194
121 196
121 214
121 247
121 254
121 258
121 262
121 297
121 13
121 14
121 27
121 37
121 65
121 81
121 88
121 91
121 123
121 125
121 140
121 271
122 180
122 192
122 206
122 217
122 221
122 255
122 268
122 297
122 7
122 13
122 18
122 20
122 22
122 24
122 29
122 46
122 72
122 93
122 96
122 97
122 98
122 102
122 106
122 117
122 131
122 136
122 141
122 142
122 272
123 154
123 158
123 214
123 223
123 273
123 22
123 24
123 37
123 45
123 73
123 97
123 121
123 129
123 134
123 141
124 189
124 225
124 234
124 275
124 284
124 286
124 3
124 7
124 42
124 59
124 64
124 69
124 96
124 101
124 105
124 112
124 274
125 161
125 165
125 190
125 191
125 204
125 215
125 233
125 241
125 260
125 270
125 277
125 296
125 297
125 0
125 3
125 5
125 7
125 15
125 25
125 27
125 50
125 67
125 76
125 85
125 93
125 114
125 121
125 129
125 130
125 141
125 144
125 149
125 275
126 190
126 215
126 224
126 240
126 243
126 279
126 12
126 16
126 35
126 43
126 46
126 49
126 59
126 61
126 72
126 80
126 276
127 166
127 179
127 184
127 205
127 244
127 249
127 254
127 257
127 260
127 290
127 3
127 39
127 51
127 52
127 60
127 85
127 98
127 99
127 109
127 129
127 141
127 145
127 149
127 277
128 153
128 169
128 171
128 189
128 211
128 214
128 246
128 261
128 284
128 287
128 11
128 19
128 87
128 101
128 112
128 116
128 137
128 278
129 161
129 200
129 227
129 282
129 295
129 1
129 4
129 49
129 58
129 123
129 125
129 127
129 137
129 139
129 279
130 185
130 236
130 253
130 259
130 0
130 4
130 10
130 27
130 34
130 40
130 42
130 44
130 47
130 91
130 98
130 103
130 125
130 136
130 147
130 280
131 184
131 228
131 266
131 282
131 3
131 12
131 19
131 22
131 45
131 48
131 66
131 80
131 90
131 115
131 122
131 281
132 154
132 168
132 198
132 237
132 241
132 244
132 247
132 295
132 3
132 10
132 15
132 17
132 64
132 79
132 87
132 103
132 111
132 140
132 143
132 282
133 195
133 198
133 219
133 259
133 264
133 285
133 36
133 40
133 54
133 69
133 75
133 78
133 79
133 101
133 107
133 144
133 283
134 152
134 190
134 231
134 232
134 243
134 248
134 249
134 265
134 275
134 285
134 299
134 17
134 25
134 26
134 30
134 50
134 57
134 59
134 61
134 85
134 87
134 88
134 123
134 144
134 284
135 213
135 0
135 2
135 25
135 26
135 32
135 44
135 49
135 53
135 73
135 79
135 86
135 94
135 111
135 113
135 285
136 181
136 183
136 190
136 201
136 209
136 210
136 211
136 212
136 220
136 221
136 237
136 1
136 9
136 24
136 25
136 26
136 27
136 29
136 35
136 59
136 65
136 66
136 82
136 114
136 120
136 122
136 130
136 147
136 149
136 286
137 230
137 291
137 297
137 4
137 7
137 13
137 14
137 15
137 24
137 32
137 48
137 52
137 72
137 90
137 94
137 96
137 120
137 128
137 129
137 147
137 287
138 157
138 180
138 183
138 187
138 212
138 221
138 256
138 266
138 278
138 6
138 14
138 17
138 50
138 83
138 98
138 106
138 116
138 139
138 288
139 188
139 196
139 239
139 291
139 19
139 31
139 50
139 51
139 54
139 86
139 99
139 114
139 129
139 138
139 149
139 289
140 159
140 164
140 170
140 174
140 191
140 222
140 249
140 257
140 268
140 15
140 24
140 34
140 37
140 49
140 50
140 81
140 97
140 121
140 132
140 146
140 290
141 206
141 228
141 265
141 23
141 30
141 47
141 58
141 59
141 76
141 77
141 95
141 105
141 122
141 123
141 125
141 127
141 145
141 291
142 150
142 167
142 174
142 199
142 209
142 247
142 275
142 43
142 53
142 54
142 57
142 85
142 108
142 111
142 122
142 147
142 292
143 197
143 3
143 15
143 28
143 46
143 114
143 118
143 132
143 293
144 184
144 188
144 212
144 244
144 261
144 290
144 35
144 39
144 40
144 47
144 49
144 57
144 70
144 77
144 91
144 125
144 133
144 134
144 294
145 153
145 156
145 167
145 197
145 198
145 268
145 273
145 297
145 2
145 12
145 27
145 37
145 41
145 57
145 61
145 69
145 74
145 80
145 83
145 90
145 99
145 104
145 113
145 127
145 141
145 295
146 161
146 186
146 218
146 226
146 263
146 269
146 17
146 36
146 39
146 50
146 53
146 75
146 80
146 95
146 114
146 140
146 296
147 172
147 190
147 259
147 274
147 288
147 6
147 35
147 45
147 46
147 62
147 69
147 96
147 106
147 118
147 130
147 136
147 137
147 142
147 297
148 155
148 163
148 173
148 180
148 182
148 183
148 229
148 288
148 2
148 7
148 50
148 57
148 62
148 77
148 81
148 84
148 108
148 119
148 298
149 168
149 220
149 245
149 23
149 42
149 53
149 55
149 65
149 70
149 80
149 94
149 104
149 105
149 119
149 125
149 127
149 136
149 139
149 299
150 28
150 44
150 70
150 142
150 0
151 73
151 1
152 6
152 22
152 34
152 53
152 68
152 75
152 79
152 113
152 134
152 2
153 20
153 22
153 27
153 38
153 46
153 82
153 104
153 115
153 128
153 145
153 3
154 19
154 55
154 64
154 77
154 86
154 100
154 123
154 132
154 4
155 21
155 45
155 54
155 56
155 74
155 76
155 77
155 81
155 85
155 96
155 107
155 148
155 5
156 145
156 6
157 7
157 24
157 33
157 47
157 102
157 108
157 110
157 138
158 9
158 16
158 64
158 67
158 72
158 102
158 107
158 113
158 123
158 8
159 1
159 64
159 89
159 140
159 9
160 2
160 20
160 48
160 99
160 101
160 10
161 0
161 13
161 14
161 36
161 96
161 115
161 125
161 129
161 146
161 11
162 24
162 42
162 88
162 12
163 6
163 23
163 32
163 33
163 87
163 97
163 98
163 114
163 116
163 148
163 13
164 1
164 33
164 45
164 48
164 108
164 140
164 14
165 20
165 44
165 84
165 91
165 125
165 15
166 24
166 26
166 30
166 62
166 88
166 89
166 127
166 16
167 13
167 38
167 88
167 93
167 107
167 142
167 145
167 17
168 40
168 47
168 54
168 60
168 88
168 132
168 149
168 18
169 2
169 42
169 59
169 92
169 97
169 104
169 128
169 19
170 2
170 23
170 35
170 38
170 82
170 97
170 119
170 140
170 20
171 116
171 128
171 21
172 35
172 71
172 113
172 147
172 22
173 0
173 6
173 19
173 47
173 88
173 101
173 148
173 23
174 25
174 61
174 72
174 97
174 140
174 142
174 24
175 26
175 41
175 69
175 70
175 98
175 99
175 113
175 25
176 21
176 22
176 24
176 27
176 29
176 46
176 73
176 84
176 90
176 117
176 26
177 18
177 45
177 51
177 88
177 92
177 102
177 103
177 112
177 117
177 27
178 12
178 16
178 23
178 30
178 72
178 118
178 28
179 12
179 13
179 28
179 71
179 127
179 29
180 46
180 64
180 72
180 89
180 100
180 122
180 138
180 148
180 30
181 25
181 26
181 46
181 63
181 67
181 106
181 136
181 31
182 20
182 36
182 47
182 55
182 71
182 89
182 120
182 148
182 32
183 1
183 17
183 90
183 136
183 138
183 148
183 33
184 13
184 45
184 76
184 109
184 119
184 127
184 131
184 144
184 34
185 1
185 34
185 111
185 130
185 35
186 20
186 26
186 29
186 67
186 89
186 95
186 146
186 36
187 3
187 59
187 68
187 83
187 103
187 107
187 117
187 119
187 138
187 37
188 18
188 35
188 79
188 82
188 139
188 144
188 38
189 11
189 31
189 77
189 124
189 128
189 39
190 13
190 18
190 24
190 81
190 116
190 125
190 126
190 134
190 136
190 147
190 40
191 61
191 66
191 69
191 85
191 125
191 140
191 41
192 12
192 73
192 75
192 80
192 85
192 90
192 98
192 117
192 122
192 42
193 27
193 76
193 80
193 85
193 92
193 101
193 108
193 43
194 1
194 13
194 39
194 43
194 117
194 121
194 44
195 16
195 25
195 82
195 88
195 91
195 133
195 45
196 26
196 35
196 65
196 84
196 119
196 121
196 139
196 46
197 13
197 26
197 34
197 60
197 143
197 145
197 47
198 20
198 69
198 87
198 113
198 132
198 133
198 145
198 48
199 50
199 79
199 142
199 49
200 21
200 22
200 24
200 34
200 104
200 106
200 111
200 118
200 129
200 50
201 22
201 40
201 43
201 86
201 87
201 92
201 136
201 51
202 3
202 24
202 34
202 53
202 54
202 97
202 52
203 23
203 26
203 101
203 103
203 53
204 5
204 15
204 31
204 40
204 48
204 53
204 63
204 65
204 102
204 112
204 116
204 125
204 54
205 2
205 43
205 52
205 86
205 96
205 113
205 127
205 55
206 25
206 66
206 122
206 141
206 56
207 46
207 96
207 57
208 7
208 41
208 49
208 71
208 82
208 58
209 67
209 88
209 97
209 106
209 136
209 142
209 59
210 3
210 23
210 31
210 45
210 48
210 55
210 73
210 102
210 104
210 136
210 60
211 9
211 128
211 136
211 61
212 11
212 36
212 60
212 67
212 80
212 104
212 111
212 136
212 138
212 144
212 62
213 24
213 56
213 67
213 89
213 135
213 63
214 12
214 17
214 26
214 72
214 94
214 105
214 109
214 121
214 123
214 128
214 64
215 16
215 27
215 33
215 37
215 74
215 114
215 125
215 126
215 65
216 13
216 47
216 72
216 83
216 104
216 66
217 26
217 54
217 68
217 69
217 84
217 106
217 122
217 67
218 0
218 4
218 26
218 27
218 146
218 68
219 45
219 54
219 73
219 96
219 103
219 111
219 133
219 69
220 23
220 70
220 118
220 136
220 149
221 17
221 40
221 82
221 93
221 120
221 122
221 136
221 138
221 71
222 66
222 101
222 112
222 118
222 140
222 72
223 38
223 44
223 78
223 100
223 123
223 73
224 24
224 29
224 84
224 126
224 74
225 0
225 28
225 35
225 55
225 65
225 82
225 93
225 124
225 75
226 42
226 54
226 70
226 104
226 146
226 76
227 15
227 34
227 38
227 42
227 84
227 98
227 100
227 129
227 77
228 72
228 131
228 141
228 78
229 1
229 46
229 68
229 94
229 148
229 79
230 24
230 61
230 73
230 95
230 137
230 80
231 37
231 50
231 86
231 97
231 108
231 114
231 134
231 81
232 12
232 17
232 39
232 71
232 134
232 82
233 63
233 66
233 90
233 96
233 125
233 83
234 5
234 8
234 89
234 101
234 124
234 84
235 29
235 63
235 98
235 85
236 24
236 29
236 130
236 86
237 102
237 132
237 136
237 87
238 36
238 47
238 74
238 88
239 104
239 105
239 139
239 89
240 4
240 60
240 64
240 95
240 96
240 126
240 90
241 16
241 32
241 42
241 50
241 65
241 115
241 125
241 132
241 91
242 7
242 30
242 41
242 77
242 92
243 11
243 24
243 55
243 91
243 97
243 99
243 102
243 126
243 134
243 93
244 12
244 20
244 29
244 35
244 36
244 47
244 75
244 103
244 127
244 132
244 144
244 94
245 12
245 42
245 71
245 74
245 82
245 84
245 85
245 149
245 95
246 42
246 47
246 48
246 93
246 97
246 128
246 96
247 59
247 61
247 121
247 132
247 142
247 97
248 10
248 20
248 45
248 64
248 79
248 116
248 134
248 98
249 11
249 33
249 50
249 93
249 99
249 127
249 134
249 140
250 11
250 15
250 55
250 76
250 109
250 100
251 60
251 83
251 94
251 101
252 21
252 25
252 31
252 73
252 102
253 22
253 54
253 67
253 80
253 101
253 115
253 130
253 103
254 7
254 14
254 33
254 70
254 121
254 127
254 104
255 0
255 31
255 35
255 40
255 95
255 119
255 122
255 105
256 13
256 24
256 39
256 40
256 51
256 76
256 80
256 105
256 138
256 106
257 1
257 55
257 79
257 103
257 110
257 127
257 140
257 107
258 23
258 27
258 41
258 44
258 121
258 108
259 20
259 26
259 29
259 52
259 130
259 133
259 147
259 109
260 1
260 10
260 71
260 72
260 125
260 127
260 110
261 4
261 14
261 18
261 46
261 109
261 114
261 128
261 144
261 111
262 19
262 109
262 121
262 112
263 11
263 61
263 71
263 90
263 146
263 113
264 67
264 96
264 133
264 114
265 1
265 6
265 45
265 72
265 76
265 104
265 110
265 134
265 141
265 115
266 50
266 70
266 74
266 77
266 88
266 89
266 131
266 138
266 116
267 6
267 14
267 39
267 120
267 117
268 39
268 75
268 82
268 92
268 114
268 122
268 140
268 145
268 118
269 12
269 27
269 66
269 146
269 119
270 71
270 77
270 81
270 125
270 120
271 12
271 57
271 72
271 73
271 121
272 10
272 68
272 122
273 34
273 88
273 100
273 123
273 145
274 65
274 71
274 87
274 101
274 117
274 147
274 124
275 4
275 20
275 30
275 36
275 44
275 55
275 73
275 124
275 134
275 142
275 125
276 30
276 61
276 63
276 81
276 96
276 126
277 106
277 125
277 127
278 30
278 37
278 77
278 106
278 110
278 138
278 128
279 23
279 81
279 120
279 126
279 129
280 101
280 120
280 130
281 30
281 82
281 86
281 108
281 131
282 11
282 30
282 36
282 59
282 106
282 109
282 111
282 120
282 129
282 131
282 132
283 31
283 45
283 54
283 70
283 115
283 118
283 133
284 22
284 124
284 128
284 134
285 35
285 60
285 86
285 107
285 133
285 134
285 135
286 4
286 13
286 19
286 24
286 31
286 34
286 45
286 47
286 52
286 67
286 76
286 79
286 124
286 136
287 86
287 92
287 112
287 128
287 137
288 13
288 26
288 80
288 84
288 99
288 102
288 147
288 148
288 138
289 30
289 70
289 72
289 107
289 139
290 22
290 47
290 59
290 67
290 76
290 118
290 127
290 144
290 140
291 11
291 68
291 84
291 108
291 137
291 139
291 141
292 58
292 142
293 4
293 8
293 19
293 65
293 78
293 92
293 106
293 112
293 118
293 143
294 27
294 34
294 44
294 103
294 108
294 112
294 144
295 38
295 40
295 129
295 132
295 145
296 18
296 29
296 90
296 93
296 117
296 125
296 146
297 27
297 39
297 81
297 97
297 118
297 121
297 122
297 125
297 137
297 145
297 147
298 58
298 148
299 58
299 65
299 134
299 149
