  100   294
0 92
0 1
0 8
0 38
0 40
0 42
0 50
1 71
1 77
1 0
1 39
1 51
2 98
2 90
2 3
2 9
2 21
2 37
2 40
2 45
2 46
2 47
2 52
3 70
3 82
3 86
3 88
3 2
3 4
3 28
3 33
3 44
3 53
4 56
4 91
4 3
4 16
4 44
4 54
5 83
5 86
5 8
5 9
5 20
5 29
5 55
6 58
6 60
6 72
6 82
6 25
6 29
6 36
6 56
7 70
7 88
7 91
7 92
7 22
7 25
7 26
7 28
7 48
7 57
8 87
8 94
8 0
8 5
8 9
8 20
8 48
8 58
9 56
9 58
9 59
9 64
9 66
9 98
9 2
9 5
9 8
9 10
9 13
9 24
9 28
9 29
9 43
10 63
10 81
10 92
10 9
10 12
10 19
10 21
10 60
11 70
11 93
11 48
11 61
12 54
12 64
12 71
12 74
12 10
12 20
12 37
12 62
13 82
13 9
13 16
13 18
13 27
13 45
13 63
14 58
14 62
14 83
14 95
14 40
14 64
15 54
15 83
15 87
15 17
15 24
15 45
15 65
16 59
16 93
16 4
16 13
16 21
16 49
16 66
17 99
17 98
17 90
17 89
17 15
17 32
17 48
17 67
18 71
18 76
18 82
18 91
18 95
18 13
18 23
18 31
18 39
18 46
18 68
19 50
19 84
19 10
19 42
19 69
20 65
20 77
20 92
20 5
20 8
20 12
20 70
21 66
21 97
21 2
21 10
21 16
21 44
21 71
22 55
22 58
22 74
22 7
22 36
22 39
22 45
22 47
22 48
22 72
23 79
23 84
23 97
23 18
23 26
23 48
23 73
24 52
24 93
24 9
24 15
24 30
24 74
25 71
25 74
25 76
25 80
25 81
25 83
25 6
25 7
25 75
26 53
26 65
26 71
26 78
26 80
26 96
26 97
26 7
26 23
26 30
26 35
26 76
27 55
27 56
27 67
27 13
27 32
27 77
28 54
28 63
28 93
28 3
28 7
28 9
28 78
29 54
29 76
29 91
29 5
29 6
29 9
29 45
29 79
30 54
30 66
30 92
30 24
30 26
30 37
30 80
31 52
31 82
31 87
31 93
31 18
31 33
31 44
31 46
31 81
32 65
32 92
32 17
32 27
32 35
32 82
33 58
33 80
33 91
33 3
33 31
33 83
34 53
34 82
34 94
34 35
34 84
35 56
35 58
35 79
35 26
35 32
35 34
35 47
35 85
36 69
36 6
36 22
36 47
36 86
37 61
37 69
37 84
37 94
37 2
37 12
37 30
37 42
37 49
37 87
38 59
38 73
38 92
38 0
38 49
38 88
39 61
39 1
39 18
39 22
39 89
40 63
40 92
40 0
40 2
40 14
40 42
40 48
40 49
40 90
41 74
41 42
41 49
41 91
42 57
42 0
42 19
42 37
42 40
42 41
42 92
43 69
43 75
43 79
43 80
43 88
43 9
43 44
43 93
44 77
44 86
44 95
44 97
44 3
44 4
44 21
44 31
44 43
44 46
44 94
45 73
45 75
45 2
45 13
45 15
45 22
45 29
45 95
46 63
46 93
46 2
46 18
46 31
46 44
46 96
47 68
47 72
47 92
47 2
47 22
47 35
47 36
47 97
48 51
48 52
48 57
48 61
48 62
48 65
48 77
48 7
48 8
48 11
48 17
48 22
48 23
48 40
48 98
49 85
49 92
49 16
49 37
49 38
49 40
49 41
49 99
50 19
50 0
51 48
51 1
52 24
52 31
52 48
52 2
53 26
53 34
53 3
54 12
54 15
54 28
54 29
54 30
54 4
55 22
55 27
55 5
56 4
56 9
56 27
56 35
56 6
57 42
57 48
57 7
58 6
58 9
58 14
58 22
58 33
58 35
58 8
59 9
59 16
59 38
60 6
60 10
61 37
61 39
61 48
61 11
62 14
62 48
62 12
63 10
63 28
63 40
63 46
63 13
64 9
64 12
64 14
65 20
65 26
65 32
65 48
65 15
66 9
66 21
66 30
66 16
67 27
67 17
68 47
68 18
69 36
69 37
69 43
69 19
70 3
70 7
70 11
70 20
71 1
71 12
71 18
71 25
71 26
71 21
72 6
72 47
72 22
73 38
73 45
73 23
74 12
74 22
74 25
74 41
74 24
75 43
75 45
75 25
76 18
76 25
76 29
76 26
77 1
77 20
77 44
77 48
77 27
78 26
78 28
79 23
79 35
79 43
79 29
80 25
80 26
80 33
80 43
80 30
81 10
81 25
81 31
82 3
82 6
82 13
82 18
82 31
82 34
82 32
83 5
83 14
83 15
83 25
83 33
84 19
84 23
84 37
84 34
85 49
85 35
86 3
86 5
86 44
86 36
87 8
87 15
87 31
87 37
88 3
88 7
88 43
88 38
89 17
89 39
90 2
90 17
90 40
91 4
91 7
91 18
91 29
91 33
91 41
92 0
92 7
92 10
92 20
92 30
92 32
92 38
92 40
92 47
92 49
92 42
93 11
93 16
93 24
93 28
93 31
93 46
93 43
94 8
94 34
94 37
94 44
95 14
95 18
95 44
95 45
96 26
96 46
97 21
97 23
97 26
97 44
97 47
98 2
98 9
98 17
98 48
99 17
99 49
