  300   2019
0 210
0 269
0 278
0 286
0 8
0 9
0 11
0 19
0 21
0 22
0 25
0 30
0 38
0 46
0 49
0 52
0 62
0 68
0 72
0 81
0 82
0 93
0 98
0 99
0 100
0 123
0 125
0 134
0 147
0 150
1 184
1 189
1 272
1 285
1 8
1 16
1 24
1 52
1 53
1 56
1 66
1 88
1 91
1 92
1 96
1 98
1 99
1 103
1 110
1 128
1 146
1 151
2 226
2 265
2 290
2 4
2 20
2 28
2 44
2 46
2 72
2 75
2 107
2 122
2 131
2 146
2 148
2 152
3 216
3 224
3 249
3 12
3 14
3 18
3 28
3 36
3 43
3 50
3 65
3 69
3 78
3 83
3 84
3 89
3 110
3 111
3 127
3 130
3 145
3 149
3 153
4 159
4 171
4 237
4 272
4 2
4 10
4 12
4 20
4 22
4 26
4 42
4 48
4 56
4 65
4 67
4 73
4 74
4 75
4 82
4 103
4 109
4 112
4 117
4 126
4 127
4 130
4 142
4 144
4 154
5 196
5 210
5 242
5 243
5 247
5 273
5 293
5 11
5 14
5 17
5 18
5 23
5 29
5 30
5 73
5 79
5 85
5 94
5 101
5 102
5 103
5 105
5 129
5 131
5 141
5 155
6 165
6 179
6 181
6 279
6 24
6 28
6 35
6 50
6 51
6 62
6 69
6 83
6 91
6 100
6 111
6 121
6 122
6 128
6 156
7 154
7 167
7 168
7 188
7 201
7 215
7 252
7 255
7 295
7 8
7 11
7 14
7 24
7 70
7 76
7 83
7 90
7 94
7 111
7 119
7 123
7 126
7 137
7 138
7 148
7 149
7 157
8 155
8 168
8 235
8 259
8 294
8 0
8 1
8 7
8 13
8 14
8 21
8 27
8 29
8 30
8 36
8 40
8 50
8 60
8 69
8 92
8 114
8 121
8 139
8 148
8 149
8 158
9 217
9 238
9 240
9 269
9 0
9 12
9 17
9 18
9 35
9 44
9 47
9 53
9 59
9 64
9 73
9 80
9 96
9 120
9 122
9 127
9 130
9 134
9 159
10 222
10 227
10 4
10 24
10 32
10 45
10 46
10 48
10 52
10 55
10 56
10 59
10 61
10 68
10 79
10 80
10 83
10 87
10 95
10 120
10 130
10 139
10 160
11 174
11 216
11 267
11 293
11 0
11 5
11 7
11 12
11 22
11 39
11 51
11 60
11 65
11 68
11 84
11 91
11 115
11 117
11 140
11 143
11 149
11 161
12 210
12 279
12 3
12 4
12 9
12 11
12 18
12 21
12 43
12 47
12 53
12 57
12 58
12 70
12 83
12 94
12 100
12 162
13 191
13 197
13 283
13 285
13 8
13 18
13 29
13 64
13 67
13 72
13 82
13 116
13 137
13 143
13 163
14 221
14 239
14 248
14 3
14 5
14 7
14 8
14 20
14 22
14 36
14 37
14 62
14 79
14 84
14 105
14 108
14 115
14 123
14 131
14 134
14 140
14 146
14 148
14 164
15 153
15 158
15 163
15 179
15 220
15 234
15 240
15 258
15 291
15 21
15 30
15 37
15 48
15 82
15 92
15 94
15 98
15 104
15 105
15 113
15 121
15 128
15 136
15 139
15 147
15 165
16 169
16 195
16 205
16 211
16 265
16 274
16 289
16 295
16 1
16 23
16 33
16 43
16 47
16 67
16 86
16 101
16 108
16 116
16 118
16 120
16 122
16 127
16 140
16 166
17 152
17 155
17 187
17 284
17 5
17 9
17 26
17 35
17 44
17 48
17 71
17 82
17 101
17 107
17 112
17 119
17 126
17 167
18 156
18 226
18 256
18 279
18 299
18 180
18 3
18 5
18 9
18 12
18 13
18 42
18 47
18 48
18 55
18 60
18 62
18 86
18 97
18 100
18 113
18 123
18 130
18 139
18 146
18 148
18 168
19 194
19 0
19 23
19 24
19 44
19 46
19 51
19 58
19 62
19 73
19 81
19 110
19 121
19 127
19 137
19 143
19 169
20 265
20 2
20 4
20 14
20 36
20 39
20 44
20 47
20 63
20 69
20 73
20 89
20 96
20 130
20 134
20 170
21 157
21 175
21 0
21 8
21 12
21 15
21 26
21 46
21 51
21 55
21 81
21 85
21 93
21 112
21 115
21 122
21 123
21 127
21 142
21 171
22 154
22 161
22 203
22 252
22 267
22 0
22 4
22 11
22 14
22 26
22 28
22 37
22 38
22 47
22 50
22 74
22 81
22 82
22 96
22 108
22 117
22 126
22 128
22 144
22 172
23 151
23 177
23 182
23 192
23 201
23 205
23 5
23 16
23 19
23 25
23 31
23 39
23 43
23 45
23 54
23 71
23 74
23 88
23 92
23 99
23 104
23 120
23 121
23 133
23 139
23 145
23 146
23 148
23 149
23 173
24 230
24 1
24 6
24 7
24 10
24 19
24 42
24 45
24 57
24 62
24 65
24 82
24 106
24 124
24 148
24 174
25 159
25 174
25 194
25 221
25 237
25 249
25 273
25 0
25 23
25 40
25 56
25 64
25 73
25 94
25 102
25 135
25 146
25 175
26 153
26 160
26 165
26 177
26 202
26 252
26 253
26 262
26 268
26 282
26 293
26 4
26 17
26 21
26 22
26 35
26 51
26 60
26 74
26 90
26 91
26 148
26 176
27 194
27 233
27 246
27 255
27 8
27 37
27 39
27 65
27 76
27 79
27 82
27 89
27 90
27 111
27 125
27 133
27 145
27 177
28 179
28 2
28 3
28 6
28 22
28 39
28 41
28 53
28 56
28 73
28 74
28 75
28 92
28 96
28 97
28 98
28 101
28 125
28 129
28 178
29 160
29 218
29 5
29 8
29 13
29 34
29 37
29 39
29 50
29 69
29 70
29 83
29 93
29 116
29 137
29 140
29 179
30 160
30 202
30 210
30 215
30 235
30 237
30 247
30 0
30 5
30 8
30 15
30 33
30 34
30 47
30 54
30 61
30 63
30 64
30 65
30 79
30 80
30 81
30 129
30 137
30 139
30 142
30 180
31 192
31 210
31 223
31 23
31 54
31 73
31 99
31 107
31 113
31 121
31 130
31 142
31 143
31 181
32 161
32 173
32 190
32 268
32 288
32 290
32 10
32 36
32 43
32 74
32 78
32 79
32 80
32 103
32 124
32 125
32 182
33 252
33 272
33 296
33 16
33 30
33 37
33 39
33 40
33 42
33 51
33 56
33 77
33 83
33 89
33 109
33 116
33 126
33 130
33 131
33 134
33 136
33 145
33 183
34 171
34 203
34 204
34 217
34 224
34 240
34 280
34 29
34 30
34 44
34 57
34 64
34 70
34 77
34 78
34 85
34 88
34 96
34 126
34 144
34 184
35 184
35 208
35 220
35 232
35 251
35 280
35 6
35 9
35 17
35 26
35 72
35 73
35 90
35 109
35 117
35 118
35 121
35 122
35 125
35 128
35 141
35 143
35 145
35 185
36 153
36 184
36 198
36 233
36 248
36 265
36 3
36 8
36 14
36 20
36 32
36 42
36 45
36 46
36 50
36 91
36 99
36 110
36 117
36 122
36 123
36 128
36 142
36 186
37 166
37 170
37 178
37 184
37 245
37 260
37 280
37 14
37 15
37 22
37 27
37 29
37 33
37 45
37 48
37 63
37 67
37 69
37 70
37 72
37 80
37 84
37 98
37 144
37 187
38 206
38 251
38 293
38 0
38 22
38 47
38 53
38 85
38 97
38 102
38 115
38 121
38 136
38 188
39 176
39 208
39 236
39 11
39 20
39 23
39 27
39 28
39 29
39 33
39 54
39 57
39 59
39 74
39 87
39 101
39 109
39 111
39 140
39 143
39 148
39 189
40 176
40 284
40 285
40 293
40 294
40 8
40 25
40 33
40 72
40 102
40 110
40 111
40 114
40 124
40 125
40 135
40 147
40 190
41 169
41 181
41 193
41 244
41 265
41 289
41 28
41 42
41 55
41 64
41 87
41 89
41 113
41 125
41 191
42 163
42 236
42 4
42 18
42 24
42 33
42 36
42 41
42 65
42 67
42 68
42 72
42 79
42 84
42 100
42 105
42 128
42 129
42 133
42 138
42 139
42 192
43 200
43 246
43 256
43 288
43 293
43 3
43 12
43 16
43 23
43 32
43 54
43 58
43 71
43 75
43 80
43 113
43 118
43 119
43 137
43 193
44 169
44 183
44 210
44 214
44 260
44 2
44 9
44 17
44 19
44 20
44 34
44 70
44 77
44 80
44 81
44 86
44 87
44 117
44 121
44 135
44 136
44 142
44 148
44 194
45 220
45 239
45 242
45 248
45 10
45 23
45 24
45 36
45 37
45 51
45 54
45 69
45 84
45 94
45 119
45 128
45 129
45 133
45 147
45 195
46 223
46 233
46 299
46 0
46 2
46 10
46 19
46 21
46 36
46 53
46 71
46 74
46 82
46 91
46 103
46 104
46 106
46 107
46 115
46 127
46 134
46 137
46 196
47 184
47 203
47 254
47 267
47 9
47 12
47 16
47 18
47 20
47 22
47 30
47 38
47 54
47 83
47 85
47 89
47 97
47 101
47 107
47 115
47 126
47 137
47 197
48 154
48 162
48 165
48 218
48 248
48 267
48 277
48 4
48 10
48 15
48 17
48 18
48 37
48 68
48 71
48 75
48 76
48 91
48 106
48 123
48 145
48 198
49 151
49 272
49 281
49 0
49 53
49 62
49 68
49 75
49 82
49 86
49 93
49 113
49 149
49 199
50 187
50 299
50 3
50 6
50 8
50 22
50 29
50 36
50 67
50 73
50 92
50 114
50 119
50 127
50 200
51 164
51 198
51 238
51 6
51 11
51 19
51 21
51 26
51 33
51 45
51 54
51 55
51 61
51 68
51 73
51 85
51 103
51 106
51 118
51 120
51 125
51 201
52 198
52 0
52 1
52 10
52 55
52 60
52 82
52 96
52 104
52 105
52 116
52 145
52 202
53 173
53 1
53 9
53 12
53 28
53 38
53 46
53 49
53 98
53 112
53 113
53 119
53 135
53 203
54 158
54 178
54 181
54 228
54 239
54 254
54 288
54 293
54 23
54 30
54 31
54 39
54 43
54 45
54 47
54 51
54 55
54 81
54 102
54 116
54 120
54 131
54 132
54 204
55 237
55 289
55 10
55 18
55 21
55 41
55 51
55 52
55 54
55 72
55 96
55 104
55 106
55 112
55 122
55 123
55 127
55 131
55 132
55 133
55 135
55 142
55 146
55 205
56 211
56 231
56 247
56 273
56 275
56 1
56 4
56 10
56 25
56 28
56 33
56 59
56 62
56 64
56 65
56 68
56 70
56 73
56 74
56 78
56 93
56 94
56 103
56 110
56 119
56 120
56 136
56 138
56 140
56 146
56 206
57 164
57 165
57 198
57 210
57 229
57 239
57 254
57 285
57 290
57 12
57 24
57 34
57 39
57 94
57 105
57 110
57 114
57 122
57 132
57 135
57 136
57 142
57 207
58 159
58 161
58 162
58 197
58 251
58 264
58 294
58 299
58 12
58 19
58 43
58 71
58 82
58 88
58 96
58 97
58 101
58 116
58 117
58 118
58 208
59 181
59 221
59 232
59 241
59 271
59 273
59 287
59 9
59 10
59 39
59 56
59 70
59 73
59 76
59 79
59 84
59 91
59 125
59 135
59 139
59 140
59 209
60 161
60 209
60 238
60 239
60 245
60 246
60 274
60 286
60 296
60 8
60 11
60 18
60 26
60 52
60 79
60 88
60 104
60 105
60 106
60 122
60 132
60 134
60 147
60 210
61 168
61 172
61 178
61 183
61 194
61 202
61 208
61 223
61 281
61 10
61 30
61 51
61 64
61 65
61 98
61 114
61 126
61 132
61 138
61 211
62 192
62 218
62 261
62 263
62 271
62 0
62 6
62 14
62 18
62 19
62 24
62 49
62 56
62 65
62 72
62 75
62 96
62 101
62 103
62 149
62 212
63 169
63 177
63 195
63 202
63 204
63 222
63 283
63 20
63 30
63 37
63 71
63 75
63 78
63 80
63 90
63 91
63 95
63 112
63 213
64 151
64 198
64 212
64 230
64 235
64 260
64 264
64 274
64 9
64 13
64 25
64 30
64 34
64 41
64 56
64 61
64 75
64 77
64 80
64 81
64 93
64 117
64 124
64 214
65 151
65 165
65 240
65 267
65 282
65 3
65 4
65 11
65 24
65 27
65 30
65 42
65 56
65 61
65 62
65 73
65 83
65 96
65 105
65 107
65 111
65 121
65 130
65 215
66 163
66 173
66 264
66 1
66 70
66 76
66 82
66 95
66 114
66 122
66 129
66 216
67 152
67 211
67 229
67 246
67 262
67 4
67 13
67 16
67 37
67 42
67 50
67 75
67 84
67 91
67 134
67 217
68 183
68 222
68 270
68 279
68 297
68 0
68 10
68 11
68 42
68 48
68 49
68 51
68 56
68 81
68 95
68 129
68 218
69 163
69 264
69 275
69 3
69 6
69 8
69 20
69 29
69 37
69 45
69 83
69 94
69 102
69 110
69 119
69 125
69 130
69 140
69 142
69 146
69 149
69 219
70 153
70 186
70 201
70 206
70 7
70 12
70 29
70 34
70 37
70 44
70 56
70 59
70 66
70 78
70 79
70 88
70 103
70 104
70 109
70 123
70 129
70 220
71 156
71 161
71 185
71 190
71 248
71 17
71 23
71 43
71 46
71 48
71 58
71 63
71 80
71 81
71 96
71 105
71 113
71 121
71 124
71 127
71 141
71 144
71 221
72 166
72 174
72 245
72 258
72 276
72 279
72 292
72 295
72 0
72 2
72 13
72 35
72 37
72 40
72 42
72 55
72 62
72 89
72 112
72 116
72 123
72 125
72 139
72 140
72 222
73 150
73 165
73 206
73 250
73 4
73 5
73 9
73 19
73 20
73 25
73 28
73 31
73 35
73 50
73 51
73 56
73 59
73 65
73 86
73 95
73 99
73 102
73 105
73 117
73 118
73 120
73 123
73 136
73 137
73 141
73 223
74 212
74 219
74 222
74 233
74 236
74 275
74 281
74 4
74 22
74 23
74 26
74 28
74 32
74 39
74 46
74 56
74 77
74 89
74 107
74 128
74 129
74 139
74 148
74 224
75 209
75 241
75 2
75 4
75 28
75 43
75 48
75 49
75 62
75 63
75 64
75 67
75 84
75 87
75 88
75 89
75 100
75 111
75 112
75 130
75 225
76 206
76 208
76 226
76 269
76 276
76 295
76 297
76 7
76 27
76 48
76 59
76 66
76 87
76 107
76 112
76 121
76 123
76 124
77 153
77 175
77 178
77 210
77 239
77 243
77 268
77 273
77 295
77 33
77 34
77 44
77 64
77 74
77 78
77 116
77 130
77 136
77 148
77 227
78 239
78 259
78 263
78 270
78 3
78 32
78 34
78 56
78 63
78 70
78 77
78 82
78 85
78 86
78 96
78 126
78 143
78 145
78 147
78 228
79 166
79 252
79 270
79 5
79 10
79 14
79 27
79 30
79 32
79 42
79 59
79 60
79 70
79 84
79 93
79 94
79 100
79 106
79 119
79 147
79 229
80 168
80 262
80 9
80 10
80 30
80 32
80 37
80 43
80 44
80 63
80 64
80 71
80 81
80 83
80 116
80 132
80 137
80 144
80 230
81 173
81 185
81 187
81 211
81 259
81 278
81 0
81 19
81 21
81 22
81 30
81 44
81 54
81 64
81 68
81 71
81 80
81 86
81 96
81 97
81 103
81 110
81 115
81 119
81 123
81 125
81 137
81 138
81 139
81 140
81 231
82 158
82 193
82 199
82 225
82 231
82 265
82 0
82 4
82 13
82 15
82 17
82 22
82 24
82 27
82 46
82 49
82 52
82 58
82 66
82 78
82 84
82 112
82 121
82 127
82 128
82 232
83 166
83 200
83 220
83 230
83 232
83 236
83 250
83 274
83 3
83 6
83 7
83 10
83 12
83 29
83 33
83 47
83 65
83 69
83 80
83 86
83 90
83 119
83 122
83 125
83 139
83 233
84 206
84 212
84 213
84 232
84 3
84 11
84 14
84 37
84 42
84 45
84 59
84 67
84 75
84 79
84 82
84 88
84 93
84 99
84 103
84 108
84 111
84 120
84 134
84 135
84 234
85 150
85 196
85 200
85 214
85 220
85 232
85 262
85 276
85 291
85 5
85 21
85 34
85 38
85 47
85 51
85 78
85 99
85 103
85 145
85 235
86 181
86 191
86 205
86 213
86 268
86 276
86 16
86 18
86 44
86 49
86 73
86 78
86 81
86 83
86 116
86 125
86 131
86 141
86 144
86 148
86 236
87 169
87 178
87 185
87 238
87 243
87 292
87 10
87 39
87 41
87 44
87 75
87 76
87 115
87 122
87 124
87 134
87 142
87 237
88 156
88 195
88 229
88 1
88 23
88 34
88 58
88 60
88 70
88 75
88 84
88 90
88 122
88 125
88 141
88 143
88 147
88 238
89 214
89 232
89 243
89 264
89 282
89 3
89 20
89 27
89 33
89 41
89 47
89 72
89 74
89 75
89 101
89 114
89 121
89 133
89 139
89 146
89 239
90 153
90 229
90 283
90 7
90 26
90 27
90 35
90 63
90 83
90 88
90 91
90 95
90 104
90 105
90 106
90 109
90 138
90 144
90 240
91 166
91 207
91 249
91 263
91 1
91 6
91 11
91 26
91 36
91 46
91 48
91 59
91 63
91 67
91 90
91 140
91 142
91 241
92 178
92 228
92 248
92 264
92 272
92 274
92 289
92 1
92 8
92 15
92 23
92 28
92 50
92 96
92 106
92 111
92 120
92 123
92 146
92 242
93 215
93 287
93 0
93 21
93 29
93 49
93 56
93 64
93 79
93 84
93 97
93 99
93 104
93 105
93 112
93 119
93 123
93 128
93 136
93 139
93 143
93 243
94 161
94 166
94 189
94 192
94 194
94 197
94 231
94 5
94 7
94 12
94 15
94 25
94 45
94 56
94 57
94 69
94 79
94 96
94 99
94 107
94 111
94 115
94 128
94 244
95 159
95 188
95 198
95 200
95 239
95 249
95 250
95 258
95 287
95 293
95 10
95 63
95 66
95 68
95 73
95 90
95 97
95 101
95 133
95 245
96 151
96 195
96 214
96 235
96 238
96 242
96 245
96 1
96 9
96 20
96 22
96 28
96 34
96 52
96 55
96 58
96 62
96 65
96 71
96 78
96 81
96 92
96 94
96 98
96 117
96 128
96 129
96 246
97 217
97 254
97 256
97 273
97 18
97 28
97 38
97 47
97 58
97 81
97 93
97 95
97 104
97 106
97 122
97 146
97 147
97 247
98 154
98 280
98 0
98 1
98 15
98 28
98 37
98 53
98 61
98 96
98 107
98 113
98 114
98 248
99 185
99 206
99 265
99 289
99 291
99 295
99 0
99 1
99 23
99 31
99 36
99 73
99 84
99 85
99 93
99 94
99 115
99 125
99 128
99 144
99 249
100 150
100 248
100 263
100 277
100 0
100 6
100 12
100 18
100 42
100 75
100 79
100 113
100 115
100 116
100 135
100 141
100 144
100 250
101 168
101 174
101 204
101 280
101 5
101 16
101 17
101 28
101 39
101 47
101 58
101 62
101 89
101 95
101 132
101 137
101 149
101 251
102 173
102 206
102 218
102 263
102 5
102 25
102 38
102 40
102 54
102 69
102 73
102 104
102 106
102 128
102 132
102 133
102 137
102 138
102 139
102 142
102 145
102 252
103 152
103 177
103 191
103 273
103 278
103 1
103 4
103 5
103 32
103 46
103 51
103 56
103 62
103 70
103 81
103 84
103 85
103 253
104 174
104 188
104 210
104 242
104 268
104 276
104 283
104 15
104 23
104 46
104 52
104 55
104 60
104 70
104 90
104 93
104 97
104 102
104 117
104 136
104 143
104 144
104 254
105 203
105 236
105 265
105 285
105 298
105 5
105 14
105 15
105 42
105 52
105 57
105 60
105 65
105 71
105 73
105 90
105 93
105 106
105 107
105 122
105 124
105 125
105 126
105 134
105 255
106 177
106 194
106 196
106 200
106 211
106 240
106 24
106 46
106 48
106 51
106 55
106 60
106 79
106 90
106 92
106 97
106 102
106 105
106 127
106 131
106 142
106 146
106 256
107 260
107 277
107 2
107 17
107 31
107 46
107 47
107 65
107 74
107 76
107 94
107 98
107 105
107 117
107 123
107 141
107 257
108 167
108 204
108 213
108 243
108 250
108 260
108 289
108 14
108 16
108 22
108 84
108 111
108 117
108 126
108 137
108 144
108 147
108 258
109 189
109 4
109 33
109 35
109 39
109 70
109 90
109 139
109 141
109 145
109 149
109 259
110 183
110 208
110 223
110 239
110 285
110 1
110 3
110 19
110 36
110 40
110 56
110 57
110 69
110 81
110 127
110 132
110 260
111 218
111 3
111 6
111 7
111 27
111 39
111 40
111 65
111 75
111 84
111 92
111 94
111 108
111 116
111 129
111 132
111 261
112 186
112 196
112 245
112 269
112 294
112 4
112 17
112 21
112 53
112 55
112 63
112 72
112 75
112 76
112 82
112 93
112 129
112 132
112 138
112 262
113 167
113 15
113 18
113 31
113 41
113 43
113 49
113 53
113 71
113 98
113 100
113 120
113 125
113 130
113 131
113 263
114 172
114 198
114 200
114 203
114 270
114 272
114 8
114 40
114 50
114 57
114 61
114 66
114 89
114 98
114 123
114 124
114 125
114 126
114 139
114 264
115 172
115 192
115 248
115 252
115 254
115 11
115 14
115 21
115 38
115 46
115 47
115 81
115 87
115 94
115 99
115 100
115 126
115 127
115 129
115 131
115 133
115 139
115 147
115 265
116 156
116 248
116 279
116 13
116 16
116 29
116 33
116 52
116 54
116 58
116 72
116 77
116 80
116 86
116 100
116 111
116 125
116 128
116 133
116 139
116 266
117 170
117 183
117 205
117 262
117 278
117 287
117 4
117 11
117 22
117 35
117 36
117 44
117 58
117 64
117 73
117 96
117 104
117 107
117 108
117 119
117 131
117 136
117 140
117 142
117 144
117 267
118 175
118 187
118 197
118 218
118 268
118 16
118 35
118 43
118 51
118 58
118 73
118 120
118 121
118 129
118 144
119 150
119 211
119 227
119 238
119 246
119 254
119 7
119 17
119 43
119 45
119 50
119 53
119 56
119 69
119 79
119 81
119 83
119 93
119 117
119 136
119 140
119 146
119 269
120 183
120 291
120 297
120 9
120 10
120 16
120 23
120 51
120 54
120 56
120 73
120 84
120 92
120 113
120 118
120 126
120 146
120 270
121 164
121 202
121 237
121 240
121 246
121 258
121 281
121 282
121 6
121 8
121 15
121 19
121 23
121 31
121 35
121 38
121 44
121 65
121 71
121 76
121 82
121 89
121 118
121 137
121 141
121 271
122 183
122 2
122 6
122 9
122 16
122 21
122 35
122 36
122 55
122 57
122 60
122 66
122 83
122 87
122 88
122 97
122 105
122 146
122 272
123 185
123 195
123 209
123 275
123 0
123 7
123 14
123 18
123 21
123 36
123 48
123 55
123 70
123 72
123 73
123 76
123 81
123 92
123 93
123 107
123 114
123 273
124 168
124 245
124 250
124 267
124 273
124 280
124 282
124 24
124 32
124 40
124 64
124 71
124 76
124 87
124 105
124 114
124 130
124 139
124 147
124 274
125 165
125 268
125 289
125 0
125 27
125 28
125 32
125 35
125 40
125 41
125 51
125 59
125 69
125 72
125 81
125 83
125 86
125 88
125 99
125 105
125 113
125 114
125 116
125 127
125 137
125 144
125 146
125 275
126 175
126 282
126 4
126 7
126 17
126 22
126 33
126 34
126 47
126 61
126 78
126 105
126 108
126 114
126 115
126 120
126 130
126 141
126 142
126 143
126 276
127 167
127 197
127 228
127 276
127 291
127 3
127 4
127 9
127 16
127 19
127 21
127 46
127 50
127 55
127 71
127 82
127 106
127 110
127 115
127 125
127 131
127 133
127 137
127 277
128 182
128 254
128 270
128 291
128 1
128 6
128 15
128 22
128 35
128 36
128 42
128 45
128 74
128 82
128 93
128 94
128 96
128 99
128 102
128 116
128 135
128 278
129 169
129 177
129 183
129 240
129 266
129 5
129 28
129 30
129 42
129 45
129 66
129 68
129 70
129 74
129 96
129 111
129 112
129 115
129 118
129 130
129 131
129 134
129 140
129 142
129 147
129 149
129 279
130 158
130 218
130 245
130 3
130 4
130 9
130 10
130 18
130 20
130 31
130 33
130 65
130 69
130 75
130 77
130 113
130 124
130 126
130 129
130 131
130 138
130 280
131 237
131 2
131 5
131 14
131 33
131 54
131 55
131 86
131 106
131 113
131 115
131 117
131 127
131 129
131 130
131 143
131 146
131 281
132 156
132 164
132 188
132 206
132 228
132 54
132 55
132 57
132 60
132 61
132 80
132 101
132 102
132 110
132 111
132 112
132 135
132 138
132 282
133 162
133 169
133 177
133 197
133 200
133 297
133 23
133 27
133 42
133 45
133 55
133 89
133 95
133 102
133 115
133 116
133 127
133 144
133 283
134 192
134 218
134 220
134 222
134 243
134 257
134 283
134 295
134 0
134 9
134 14
134 20
134 33
134 46
134 60
134 67
134 84
134 87
134 105
134 129
134 141
134 147
134 284
135 167
135 198
135 212
135 220
135 294
135 25
135 40
135 44
135 53
135 55
135 57
135 59
135 84
135 100
135 128
135 132
135 139
135 285
136 189
136 198
136 236
136 250
136 268
136 296
136 15
136 33
136 38
136 44
136 56
136 57
136 73
136 77
136 93
136 104
136 117
136 119
136 149
136 286
137 193
137 225
137 256
137 264
137 282
137 7
137 13
137 19
137 29
137 30
137 43
137 46
137 47
137 73
137 80
137 81
137 101
137 102
137 108
137 121
137 125
137 127
137 148
137 287
138 158
138 179
138 216
138 242
138 262
138 299
138 7
138 42
138 56
138 61
138 81
138 90
138 102
138 112
138 130
138 132
138 288
139 150
139 221
139 232
139 275
139 281
139 8
139 10
139 15
139 18
139 23
139 30
139 42
139 59
139 72
139 74
139 81
139 83
139 89
139 93
139 102
139 109
139 114
139 115
139 116
139 124
139 135
139 147
139 289
140 219
140 11
140 14
140 16
140 29
140 39
140 56
140 59
140 69
140 72
140 81
140 91
140 117
140 119
140 129
140 142
140 145
140 290
141 186
141 195
141 244
141 277
141 278
141 292
141 5
141 35
141 71
141 73
141 86
141 88
141 100
141 107
141 109
141 121
141 126
141 134
141 291
142 163
142 198
142 207
142 236
142 255
142 264
142 270
142 296
142 4
142 21
142 30
142 31
142 36
142 44
142 55
142 57
142 69
142 87
142 91
142 102
142 106
142 117
142 126
142 129
142 140
142 292
143 188
143 207
143 213
143 229
143 236
143 276
143 11
143 13
143 19
143 31
143 35
143 39
143 78
143 88
143 93
143 104
143 126
143 131
143 146
143 293
144 223
144 250
144 4
144 22
144 34
144 37
144 71
144 80
144 86
144 90
144 99
144 100
144 104
144 108
144 117
144 118
144 125
144 133
144 148
144 294
145 150
145 226
145 238
145 279
145 298
145 3
145 23
145 27
145 33
145 35
145 48
145 52
145 78
145 85
145 102
145 109
145 140
145 295
146 157
146 160
146 169
146 173
146 243
146 1
146 2
146 14
146 18
146 23
146 25
146 55
146 56
146 69
146 89
146 92
146 97
146 106
146 119
146 120
146 122
146 125
146 131
146 143
146 148
146 296
147 193
147 194
147 195
147 199
147 295
147 0
147 15
147 40
147 45
147 60
147 78
147 79
147 88
147 97
147 108
147 115
147 124
147 129
147 134
147 139
147 148
147 297
148 193
148 215
148 240
148 262
148 273
148 2
148 7
148 8
148 14
148 18
148 23
148 24
148 26
148 39
148 44
148 74
148 77
148 86
148 137
148 144
148 146
148 147
148 298
149 162
149 169
149 219
149 246
149 255
149 267
149 3
149 7
149 8
149 11
149 23
149 49
149 62
149 69
149 101
149 109
149 129
149 136
149 299
150 73
150 85
150 100
150 119
150 139
150 145
150 0
151 23
151 49
151 64
151 65
151 96
151 1
152 17
152 67
152 103
152 2
153 15
153 26
153 36
153 70
153 77
153 90
153 3
154 7
154 22
154 48
154 98
154 4
155 8
155 17
155 5
156 18
156 71
156 88
156 116
156 132
156 6
157 21
157 146
157 7
158 15
158 54
158 82
158 130
158 138
158 8
159 4
159 25
159 58
159 95
159 9
160 26
160 29
160 30
160 146
160 10
161 22
161 32
161 58
161 60
161 71
161 94
161 11
162 48
162 58
162 133
162 149
162 12
163 15
163 42
163 66
163 69
163 142
163 13
164 51
164 57
164 121
164 132
164 14
165 6
165 26
165 48
165 57
165 65
165 73
165 125
165 15
166 37
166 72
166 79
166 83
166 91
166 94
166 16
167 7
167 108
167 113
167 127
167 135
167 17
168 7
168 8
168 61
168 80
168 101
168 124
168 18
169 16
169 41
169 44
169 63
169 87
169 129
169 133
169 146
169 149
169 19
170 37
170 117
170 20
171 4
171 34
171 21
172 61
172 114
172 115
172 22
173 32
173 53
173 66
173 81
173 102
173 146
173 23
174 11
174 25
174 72
174 101
174 104
174 24
175 21
175 77
175 118
175 126
175 25
176 39
176 40
176 26
177 23
177 26
177 63
177 103
177 106
177 129
177 133
177 27
178 37
178 54
178 61
178 77
178 87
178 92
178 28
179 6
179 15
179 28
179 138
179 29
180 18
180 30
181 6
181 41
181 54
181 59
181 86
181 31
182 23
182 128
182 32
183 44
183 61
183 68
183 110
183 117
183 120
183 122
183 129
183 33
184 1
184 35
184 36
184 37
184 47
184 34
185 71
185 81
185 87
185 99
185 123
185 35
186 70
186 112
186 141
186 36
187 17
187 50
187 81
187 118
187 37
188 7
188 95
188 104
188 132
188 143
188 38
189 1
189 94
189 109
189 136
189 39
190 32
190 71
190 40
191 13
191 86
191 103
191 41
192 23
192 31
192 62
192 94
192 115
192 134
192 42
193 41
193 82
193 137
193 147
193 148
193 43
194 19
194 25
194 27
194 61
194 94
194 106
194 147
194 44
195 16
195 63
195 88
195 96
195 123
195 141
195 147
195 45
196 5
196 85
196 106
196 112
196 46
197 13
197 58
197 94
197 118
197 127
197 133
197 47
198 36
198 51
198 52
198 57
198 64
198 95
198 114
198 135
198 136
198 142
198 48
199 82
199 147
199 49
200 43
200 83
200 85
200 95
200 106
200 114
200 133
200 50
201 7
201 23
201 70
201 51
202 26
202 30
202 61
202 63
202 121
202 52
203 22
203 34
203 47
203 105
203 114
203 53
204 34
204 63
204 101
204 108
204 54
205 16
205 23
205 86
205 117
205 55
206 38
206 70
206 73
206 76
206 84
206 99
206 102
206 132
206 56
207 91
207 142
207 143
207 57
208 35
208 39
208 61
208 76
208 110
208 58
209 60
209 75
209 123
209 59
210 0
210 5
210 12
210 30
210 31
210 44
210 57
210 77
210 104
210 60
211 16
211 56
211 67
211 81
211 106
211 119
211 61
212 64
212 74
212 84
212 135
212 62
213 84
213 86
213 108
213 143
213 63
214 44
214 85
214 89
214 96
214 64
215 7
215 30
215 93
215 148
215 65
216 3
216 11
216 138
216 66
217 9
217 34
217 97
217 67
218 29
218 48
218 62
218 102
218 111
218 118
218 130
218 134
218 68
219 74
219 140
219 149
219 69
220 15
220 35
220 45
220 83
220 85
220 134
220 135
220 70
221 14
221 25
221 59
221 139
221 71
222 10
222 63
222 68
222 74
222 134
222 72
223 31
223 46
223 61
223 110
223 144
223 73
224 3
224 34
224 74
225 82
225 137
225 75
226 2
226 18
226 76
226 145
227 10
227 119
227 77
228 54
228 92
228 127
228 132
228 78
229 57
229 67
229 88
229 90
229 143
229 79
230 24
230 64
230 83
230 80
231 56
231 82
231 94
231 81
232 35
232 59
232 83
232 84
232 85
232 89
232 139
232 82
233 27
233 36
233 46
233 74
233 83
234 15
234 84
235 8
235 30
235 64
235 96
235 85
236 39
236 42
236 74
236 83
236 105
236 136
236 142
236 143
236 86
237 4
237 25
237 30
237 55
237 121
237 131
237 87
238 9
238 51
238 60
238 87
238 96
238 119
238 145
238 88
239 14
239 45
239 54
239 57
239 60
239 77
239 78
239 95
239 110
239 89
240 9
240 15
240 34
240 65
240 106
240 121
240 129
240 148
240 90
241 59
241 75
241 91
242 5
242 45
242 96
242 104
242 138
242 92
243 5
243 77
243 87
243 89
243 108
243 134
243 146
243 93
244 41
244 141
244 94
245 37
245 60
245 72
245 96
245 112
245 124
245 130
245 95
246 27
246 43
246 60
246 67
246 119
246 121
246 149
246 96
247 5
247 30
247 56
247 97
248 14
248 36
248 45
248 48
248 71
248 92
248 100
248 115
248 116
248 98
249 3
249 25
249 91
249 95
249 99
250 73
250 83
250 95
250 108
250 124
250 136
250 144
250 100
251 35
251 38
251 58
251 101
252 7
252 22
252 26
252 33
252 79
252 115
252 102
253 26
253 103
254 47
254 54
254 57
254 97
254 115
254 119
254 128
254 104
255 7
255 27
255 142
255 149
255 105
256 18
256 43
256 97
256 137
256 106
257 134
257 107
258 15
258 72
258 95
258 121
258 108
259 8
259 78
259 81
259 109
260 37
260 44
260 64
260 107
260 108
260 110
261 62
261 111
262 26
262 67
262 80
262 85
262 117
262 138
262 148
262 112
263 62
263 78
263 91
263 100
263 102
263 113
264 58
264 64
264 66
264 69
264 89
264 92
264 137
264 142
264 114
265 2
265 16
265 20
265 36
265 41
265 82
265 99
265 105
265 115
266 129
266 116
267 11
267 22
267 47
267 48
267 65
267 124
267 149
267 117
268 26
268 32
268 77
268 86
268 104
268 118
268 125
268 136
269 0
269 9
269 76
269 112
269 119
270 68
270 78
270 79
270 114
270 128
270 142
270 120
271 59
271 62
271 121
272 1
272 4
272 33
272 49
272 92
272 114
272 122
273 5
273 25
273 56
273 59
273 77
273 97
273 103
273 124
273 148
273 123
274 16
274 60
274 64
274 83
274 92
274 124
275 56
275 69
275 74
275 123
275 139
275 125
276 72
276 76
276 85
276 86
276 104
276 127
276 143
276 126
277 48
277 100
277 107
277 141
277 127
278 0
278 81
278 103
278 117
278 141
278 128
279 6
279 12
279 18
279 68
279 72
279 116
279 145
279 129
280 34
280 35
280 37
280 98
280 101
280 124
280 130
281 49
281 61
281 74
281 121
281 139
281 131
282 26
282 65
282 89
282 121
282 124
282 126
282 137
282 132
283 13
283 63
283 90
283 104
283 134
283 133
284 17
284 40
284 134
285 1
285 13
285 40
285 57
285 105
285 110
285 135
286 0
286 60
286 136
287 59
287 93
287 95
287 117
287 137
288 32
288 43
288 54
288 138
289 16
289 41
289 55
289 92
289 99
289 108
289 125
289 139
290 2
290 32
290 57
290 140
291 15
291 85
291 99
291 120
291 127
291 128
291 141
292 72
292 87
292 141
292 142
293 5
293 11
293 26
293 38
293 40
293 43
293 54
293 95
293 143
294 8
294 40
294 58
294 112
294 135
294 144
295 7
295 16
295 72
295 76
295 77
295 99
295 134
295 147
295 145
296 33
296 60
296 136
296 142
296 146
297 68
297 76
297 120
297 133
297 147
298 105
298 145
298 148
299 18
299 46
299 50
299 58
299 138
299 149
