  500   3370
0 349
0 404
0 414
0 427
0 17
0 20
0 36
0 37
0 51
0 58
0 68
0 75
0 89
0 101
0 103
0 112
0 114
0 117
0 120
0 133
0 136
0 163
0 168
0 191
0 196
0 202
0 250
1 489
1 12
1 14
1 20
1 68
1 79
1 83
1 96
1 103
1 114
1 125
1 130
1 151
1 154
1 158
1 168
1 172
1 185
1 187
1 189
1 191
1 204
1 233
1 234
1 245
1 247
1 251
2 301
2 389
2 20
2 21
2 26
2 35
2 46
2 54
2 57
2 76
2 87
2 88
2 92
2 118
2 130
2 137
2 168
2 183
2 185
2 216
2 224
2 226
2 245
2 252
3 395
3 386
3 290
3 252
3 13
3 22
3 41
3 47
3 48
3 59
3 71
3 85
3 99
3 103
3 108
3 110
3 111
3 115
3 125
3 129
3 144
3 145
3 158
3 183
3 198
3 208
3 210
3 216
3 218
3 226
3 253
4 289
4 425
4 8
4 29
4 41
4 51
4 59
4 77
4 95
4 147
4 165
4 177
4 214
4 254
5 259
5 351
5 381
5 455
5 22
5 24
5 36
5 46
5 49
5 61
5 92
5 98
5 105
5 116
5 130
5 134
5 154
5 163
5 172
5 182
5 191
5 193
5 204
5 209
5 217
5 234
5 243
5 247
5 255
6 265
6 267
6 456
6 7
6 25
6 30
6 50
6 51
6 64
6 79
6 83
6 89
6 96
6 109
6 110
6 112
6 120
6 144
6 152
6 170
6 176
6 178
6 193
6 205
6 219
6 222
6 236
6 256
7 250
7 264
7 376
7 6
7 30
7 39
7 65
7 68
7 78
7 79
7 89
7 104
7 131
7 144
7 148
7 168
7 171
7 187
7 194
7 224
7 245
7 257
8 299
8 4
8 12
8 14
8 21
8 24
8 27
8 39
8 53
8 69
8 70
8 82
8 100
8 102
8 104
8 125
8 133
8 139
8 142
8 162
8 166
8 167
8 169
8 181
8 190
8 214
8 220
8 224
8 225
8 235
8 258
9 272
9 358
9 385
9 26
9 36
9 45
9 48
9 58
9 60
9 65
9 85
9 107
9 109
9 146
9 150
9 156
9 157
9 177
9 204
9 222
9 237
9 259
10 272
10 318
10 324
10 11
10 16
10 37
10 52
10 59
10 63
10 66
10 80
10 101
10 105
10 122
10 137
10 144
10 147
10 203
10 217
10 224
10 231
10 234
10 260
11 428
11 395
11 296
11 290
11 10
11 40
11 45
11 58
11 63
11 66
11 108
11 117
11 135
11 147
11 189
11 214
11 233
11 246
11 261
12 319
12 426
12 1
12 8
12 17
12 29
12 30
12 51
12 87
12 93
12 98
12 131
12 141
12 149
12 170
12 215
12 219
12 224
12 228
12 231
12 262
13 253
13 257
13 3
13 17
13 37
13 53
13 59
13 69
13 81
13 87
13 99
13 104
13 111
13 117
13 167
13 173
13 217
13 218
13 222
13 231
13 234
13 243
13 245
13 263
14 274
14 383
14 440
14 1
14 8
14 15
14 22
14 27
14 32
14 46
14 100
14 101
14 114
14 124
14 130
14 158
14 163
14 170
14 202
14 218
14 227
14 264
15 402
15 14
15 51
15 83
15 101
15 131
15 159
15 162
15 174
15 179
15 186
15 187
15 209
15 224
15 240
15 247
15 265
16 321
16 10
16 50
16 64
16 65
16 68
16 71
16 77
16 95
16 101
16 108
16 135
16 169
16 178
16 182
16 186
16 214
16 227
16 246
16 266
17 348
17 436
17 454
17 477
17 0
17 12
17 13
17 30
17 31
17 33
17 38
17 48
17 76
17 79
17 91
17 97
17 111
17 122
17 132
17 156
17 157
17 174
17 178
17 224
17 227
17 267
18 281
18 292
18 352
18 408
18 417
18 24
18 28
18 70
18 74
18 82
18 90
18 91
18 111
18 128
18 137
18 162
18 169
18 187
18 207
18 249
18 268
19 262
19 339
19 56
19 92
19 133
19 144
19 155
19 169
19 191
19 198
19 201
19 215
19 216
19 220
19 246
19 269
20 322
20 443
20 455
20 0
20 1
20 2
20 28
20 30
20 45
20 70
20 74
20 85
20 101
20 106
20 142
20 154
20 171
20 174
20 179
20 187
20 201
20 205
20 242
20 247
20 270
21 485
21 2
21 8
21 23
21 41
21 67
21 68
21 84
21 89
21 114
21 135
21 139
21 147
21 151
21 167
21 174
21 178
21 191
21 204
21 210
21 219
21 228
21 232
21 235
21 271
22 300
22 3
22 5
22 14
22 43
22 44
22 113
22 139
22 156
22 189
22 203
22 216
22 224
22 272
23 352
23 376
23 439
23 21
23 87
23 88
23 94
23 104
23 110
23 111
23 125
23 163
23 174
23 181
23 184
23 202
23 211
23 228
23 236
23 242
23 273
24 264
24 407
24 5
24 8
24 18
24 46
24 52
24 82
24 127
24 176
24 181
24 184
24 193
24 203
24 233
24 244
24 274
25 473
25 6
25 30
25 42
25 60
25 77
25 82
25 102
25 107
25 128
25 160
25 171
25 189
25 201
25 216
25 223
25 227
25 244
25 275
26 304
26 368
26 444
26 499
26 2
26 9
26 30
26 32
26 35
26 36
26 44
26 82
26 83
26 86
26 102
26 116
26 118
26 127
26 138
26 177
26 198
26 207
26 217
26 229
26 231
26 276
27 277
27 280
27 402
27 436
27 8
27 14
27 48
27 60
27 74
27 77
27 86
27 122
27 154
27 189
27 206
27 221
27 224
27 239
27 243
28 393
28 432
28 18
28 20
28 36
28 40
28 87
28 92
28 102
28 103
28 113
28 146
28 148
28 158
28 169
28 176
28 190
28 209
28 210
28 220
28 225
28 232
28 278
29 275
29 411
29 4
29 12
29 36
29 43
29 54
29 56
29 68
29 71
29 79
29 114
29 148
29 162
29 170
29 177
29 197
29 211
29 219
29 226
29 228
29 279
30 391
30 6
30 7
30 12
30 17
30 20
30 25
30 26
30 40
30 59
30 91
30 135
30 147
30 170
30 213
30 226
30 243
30 247
30 280
31 332
31 350
31 419
31 424
31 441
31 494
31 17
31 43
31 44
31 46
31 52
31 56
31 57
31 59
31 60
31 61
31 87
31 139
31 152
31 164
31 177
31 189
31 195
31 238
31 242
31 246
31 281
32 429
32 428
32 300
32 296
32 14
32 26
32 47
32 60
32 72
32 77
32 81
32 98
32 99
32 102
32 116
32 121
32 130
32 133
32 147
32 151
32 168
32 192
32 198
32 203
32 209
32 214
32 218
32 219
32 237
32 282
33 337
33 352
33 385
33 422
33 476
33 17
33 48
33 55
33 66
33 94
33 97
33 109
33 125
33 129
33 137
33 140
33 150
33 170
33 182
33 219
33 220
33 228
33 283
34 256
34 267
34 408
34 38
34 42
34 56
34 58
34 60
34 69
34 71
34 93
34 111
34 118
34 136
34 150
34 152
34 166
34 194
34 202
34 211
34 214
34 237
34 240
34 284
35 284
35 337
35 2
35 26
35 45
35 46
35 48
35 69
35 71
35 75
35 79
35 86
35 118
35 126
35 137
35 139
35 149
35 150
35 161
35 164
35 190
35 207
35 230
35 285
36 315
36 317
36 394
36 436
36 0
36 5
36 9
36 26
36 28
36 29
36 69
36 73
36 100
36 145
36 188
36 201
36 206
36 210
36 215
36 243
36 286
37 250
37 312
37 437
37 454
37 467
37 0
37 10
37 13
37 65
37 77
37 94
37 97
37 119
37 121
37 135
37 137
37 142
37 150
37 167
37 182
37 185
37 189
37 192
37 201
37 218
37 236
37 237
37 240
37 287
38 281
38 289
38 435
38 499
38 17
38 34
38 43
38 56
38 62
38 128
38 129
38 158
38 162
38 201
38 209
38 243
38 288
39 423
39 495
39 7
39 8
39 46
39 60
39 61
39 69
39 110
39 115
39 122
39 124
39 140
39 170
39 173
39 205
39 207
39 214
39 223
39 229
39 231
39 241
39 242
39 289
40 322
40 363
40 11
40 28
40 30
40 73
40 88
40 191
40 208
40 216
40 233
40 249
40 290
41 312
41 361
41 493
41 3
41 4
41 21
41 49
41 59
41 70
41 94
41 100
41 123
41 153
41 170
41 214
41 222
41 229
41 244
41 291
42 393
42 405
42 25
42 34
42 45
42 73
42 106
42 141
42 174
42 176
42 177
42 192
42 212
42 226
42 248
42 292
43 335
43 426
43 22
43 29
43 31
43 38
43 50
43 51
43 70
43 101
43 103
43 161
43 172
43 179
43 183
43 213
43 216
43 225
43 227
43 242
43 244
43 247
43 293
44 421
44 22
44 26
44 31
44 82
44 94
44 118
44 119
44 124
44 134
44 135
44 144
44 145
44 149
44 167
44 186
44 202
44 294
45 317
45 408
45 9
45 11
45 20
45 35
45 42
45 53
45 58
45 63
45 75
45 83
45 125
45 131
45 138
45 145
45 150
45 174
45 197
45 200
45 219
45 229
45 295
46 278
46 321
46 353
46 399
46 417
46 2
46 5
46 14
46 24
46 31
46 35
46 39
46 86
46 103
46 121
46 122
46 123
46 127
46 135
46 161
46 162
46 163
46 166
46 185
46 190
46 192
46 197
46 203
46 296
47 413
47 478
47 495
47 3
47 32
47 68
47 72
47 80
47 93
47 96
47 109
47 122
47 126
47 142
47 146
47 151
47 159
47 199
47 207
47 212
47 228
47 231
47 234
47 297
48 260
48 268
48 287
48 314
48 327
48 344
48 405
48 3
48 9
48 17
48 27
48 33
48 35
48 54
48 65
48 67
48 71
48 77
48 92
48 111
48 115
48 120
48 127
48 142
48 144
48 150
48 191
48 212
48 225
48 236
48 242
48 243
48 248
48 298
49 276
49 317
49 5
49 41
49 65
49 100
49 124
49 151
49 157
49 162
49 193
49 197
49 215
49 226
49 237
49 299
50 431
50 429
50 308
50 300
50 6
50 16
50 43
50 66
50 77
50 81
50 84
50 88
50 111
50 113
50 133
50 167
50 172
50 179
50 208
50 213
50 243
50 247
51 447
51 0
51 4
51 6
51 12
51 15
51 43
51 61
51 71
51 77
51 118
51 122
51 123
51 132
51 144
51 145
51 150
51 157
51 161
51 188
51 233
51 248
51 301
52 315
52 376
52 414
52 485
52 10
52 24
52 31
52 56
52 65
52 67
52 89
52 170
52 175
52 185
52 190
52 217
52 241
52 302
53 292
53 319
53 352
53 398
53 404
53 444
53 8
53 13
53 45
53 78
53 79
53 85
53 94
53 121
53 128
53 130
53 165
53 173
53 196
53 197
53 209
53 221
53 303
54 448
54 431
54 309
54 308
54 2
54 29
54 48
54 71
54 75
54 94
54 109
54 116
54 123
54 133
54 165
54 173
54 201
54 222
54 227
54 237
54 304
55 268
55 355
55 393
55 465
55 33
55 57
55 68
55 82
55 95
55 118
55 138
55 190
55 210
55 211
55 217
55 305
56 340
56 352
56 385
56 19
56 29
56 31
56 34
56 38
56 52
56 58
56 70
56 73
56 90
56 95
56 123
56 125
56 138
56 158
56 164
56 168
56 174
56 177
56 191
56 213
56 219
56 221
56 229
56 231
56 234
56 306
57 256
57 327
57 401
57 2
57 31
57 55
57 75
57 90
57 104
57 117
57 127
57 157
57 181
57 184
57 188
57 191
57 198
57 214
57 215
57 229
57 235
57 307
58 378
58 0
58 9
58 11
58 34
58 45
58 56
58 81
58 107
58 124
58 157
58 166
58 172
58 180
58 212
58 216
58 220
58 246
58 248
58 308
59 260
59 364
59 383
59 471
59 3
59 4
59 10
59 13
59 30
59 31
59 41
59 84
59 88
59 89
59 97
59 151
59 153
59 163
59 176
59 178
59 190
59 199
59 210
59 245
59 309
60 451
60 448
60 311
60 309
60 9
60 25
60 27
60 31
60 32
60 34
60 39
60 69
60 81
60 97
60 107
60 112
60 118
60 146
60 154
60 159
60 165
60 168
60 177
60 193
60 228
60 233
60 234
60 235
60 310
61 273
61 377
61 5
61 31
61 39
61 51
61 70
61 75
61 76
61 87
61 90
61 99
61 116
61 120
61 135
61 142
61 157
61 162
61 194
61 215
61 219
61 223
61 225
61 233
61 245
61 311
62 310
62 350
62 38
62 88
62 96
62 98
62 113
62 127
62 147
62 153
62 179
62 210
62 212
62 218
62 229
62 231
62 237
62 312
63 258
63 324
63 10
63 11
63 45
63 69
63 70
63 71
63 85
63 91
63 122
63 140
63 143
63 155
63 159
63 175
63 177
63 185
63 198
63 203
63 209
63 313
64 298
64 306
64 333
64 6
64 16
64 67
64 84
64 103
64 128
64 157
64 158
64 172
64 178
64 191
64 202
64 217
64 224
64 230
64 235
64 236
64 314
65 452
65 451
65 323
65 311
65 7
65 9
65 16
65 37
65 48
65 49
65 52
65 66
65 70
65 81
65 87
65 88
65 116
65 133
65 138
65 143
65 144
65 183
65 192
65 204
65 205
65 226
65 315
66 326
66 10
66 11
66 33
66 50
66 65
66 80
66 96
66 97
66 104
66 125
66 126
66 144
66 147
66 168
66 195
66 205
66 316
67 332
67 397
67 421
67 21
67 48
67 52
67 64
67 74
67 94
67 101
67 128
67 131
67 135
67 145
67 194
67 204
67 205
67 234
67 239
67 242
67 317
68 476
68 0
68 1
68 7
68 16
68 21
68 29
68 47
68 55
68 70
68 80
68 92
68 104
68 120
68 132
68 144
68 153
68 172
68 179
68 183
68 188
68 198
68 217
68 227
68 232
68 318
69 306
69 412
69 468
69 8
69 13
69 34
69 35
69 36
69 39
69 60
69 63
69 95
69 117
69 118
69 124
69 129
69 134
69 138
69 153
69 181
69 184
69 203
69 211
69 216
69 219
69 226
69 237
69 246
69 319
70 359
70 416
70 8
70 18
70 20
70 41
70 43
70 56
70 61
70 63
70 65
70 68
70 77
70 81
70 86
70 105
70 108
70 111
70 116
70 124
70 139
70 140
70 149
70 154
70 170
70 195
70 198
70 202
70 248
70 320
71 320
71 364
71 399
71 433
71 450
71 454
71 460
71 3
71 16
71 29
71 34
71 35
71 48
71 51
71 54
71 63
71 75
71 88
71 91
71 92
71 99
71 112
71 141
71 144
71 151
71 169
71 176
71 180
71 190
71 199
71 203
71 240
71 321
72 325
72 32
72 47
72 117
72 151
72 165
72 180
72 181
72 214
72 215
72 216
72 237
72 322
73 284
73 359
73 477
73 36
73 40
73 42
73 56
73 88
73 89
73 99
73 102
73 104
73 112
73 154
73 169
73 178
73 180
73 235
73 239
73 323
74 253
74 307
74 387
74 401
74 427
74 474
74 18
74 20
74 27
74 67
74 94
74 116
74 125
74 153
74 156
74 192
74 198
74 200
74 202
74 203
74 204
74 212
74 230
74 239
74 324
75 453
75 452
75 339
75 323
75 0
75 35
75 45
75 54
75 57
75 61
75 71
75 82
75 84
75 85
75 98
75 107
75 108
75 113
75 116
75 117
75 120
75 132
75 155
75 161
75 163
75 172
75 184
75 190
75 200
75 217
75 219
75 244
75 325
76 306
76 408
76 412
76 459
76 2
76 17
76 61
76 110
76 125
76 135
76 163
76 173
76 181
76 182
76 186
76 227
76 229
76 326
77 284
77 4
77 16
77 25
77 27
77 32
77 37
77 48
77 50
77 51
77 70
77 79
77 105
77 122
77 124
77 138
77 139
77 168
77 204
77 238
77 243
77 244
77 327
78 336
78 393
78 7
78 53
78 81
78 82
78 85
78 92
78 109
78 110
78 113
78 122
78 136
78 143
78 144
78 145
78 154
78 232
78 328
79 258
79 328
79 414
79 1
79 6
79 7
79 17
79 29
79 35
79 53
79 77
79 94
79 116
79 123
79 137
79 140
79 141
79 147
79 167
79 172
79 173
79 175
79 193
79 201
79 209
79 227
79 239
79 243
79 249
79 329
80 431
80 10
80 47
80 66
80 68
80 87
80 122
80 131
80 133
80 160
80 169
80 179
80 194
80 195
80 203
80 330
81 254
81 255
81 315
81 332
81 391
81 13
81 32
81 50
81 58
81 60
81 65
81 70
81 78
81 98
81 102
81 109
81 115
81 132
81 145
81 150
81 185
81 189
81 192
81 203
81 241
81 243
81 331
82 433
82 434
82 8
82 18
82 24
82 25
82 26
82 44
82 55
82 75
82 78
82 84
82 86
82 95
82 114
82 115
82 137
82 150
82 163
82 186
82 190
82 208
82 222
82 232
82 235
82 332
83 414
83 1
83 6
83 15
83 26
83 45
83 95
83 116
83 137
83 216
83 333
84 382
84 478
84 21
84 50
84 59
84 64
84 75
84 82
84 157
84 159
84 163
84 196
84 200
84 234
84 334
85 298
85 404
85 3
85 9
85 20
85 53
85 63
85 75
85 78
85 89
85 124
85 125
85 135
85 136
85 146
85 164
85 172
85 177
85 198
85 211
85 223
85 224
85 229
85 237
85 335
86 257
86 26
86 27
86 35
86 46
86 70
86 82
86 92
86 93
86 103
86 134
86 136
86 143
86 154
86 168
86 185
86 203
86 210
86 224
86 239
86 241
86 336
87 361
87 460
87 2
87 12
87 13
87 23
87 28
87 31
87 61
87 65
87 80
87 132
87 141
87 152
87 166
87 228
87 231
87 236
87 244
87 337
88 318
88 406
88 2
88 23
88 40
88 50
88 59
88 62
88 65
88 71
88 73
88 94
88 112
88 122
88 123
88 125
88 134
88 139
88 143
88 150
88 152
88 153
88 155
88 177
88 195
88 205
88 208
88 210
88 225
88 234
88 245
88 338
89 287
89 313
89 397
89 0
89 6
89 7
89 21
89 52
89 59
89 73
89 85
89 92
89 106
89 120
89 137
89 149
89 152
89 181
89 186
89 209
89 212
89 226
89 238
89 339
90 280
90 357
90 368
90 398
90 399
90 468
90 18
90 56
90 57
90 61
90 103
90 110
90 137
90 158
90 185
90 189
90 192
90 195
90 198
90 207
90 227
90 241
90 247
90 340
91 359
91 420
91 442
91 460
91 17
91 18
91 30
91 63
91 71
91 96
91 106
91 113
91 121
91 135
91 142
91 180
91 183
91 209
91 213
91 225
91 341
92 283
92 2
92 5
92 19
92 28
92 48
92 68
92 71
92 78
92 86
92 89
92 97
92 123
92 126
92 129
92 136
92 142
92 152
92 176
92 225
92 234
92 241
92 242
92 249
92 342
93 478
93 12
93 34
93 47
93 86
93 94
93 102
93 117
93 118
93 143
93 157
93 173
93 206
93 213
93 215
93 231
93 239
93 243
93 246
93 343
94 477
94 23
94 33
94 37
94 41
94 44
94 53
94 54
94 67
94 74
94 79
94 88
94 93
94 95
94 105
94 108
94 117
94 127
94 154
94 158
94 190
94 202
94 220
94 232
94 234
94 344
95 384
95 417
95 418
95 426
95 4
95 16
95 55
95 56
95 69
95 82
95 83
95 94
95 96
95 113
95 171
95 176
95 181
95 182
95 200
95 214
95 223
95 225
95 246
95 345
96 417
96 419
96 1
96 6
96 47
96 62
96 66
96 91
96 95
96 123
96 133
96 138
96 152
96 159
96 169
96 171
96 221
96 346
97 345
97 17
97 33
97 37
97 59
97 60
97 66
97 92
97 134
97 136
97 145
97 150
97 153
97 157
97 170
97 171
97 194
97 221
97 239
97 241
97 347
98 465
98 5
98 12
98 32
98 62
98 75
98 81
98 107
98 116
98 120
98 125
98 126
98 145
98 163
98 173
98 181
98 183
98 186
98 187
98 198
98 212
98 242
98 249
98 348
99 335
99 419
99 433
99 3
99 13
99 32
99 61
99 71
99 73
99 126
99 133
99 149
99 157
99 160
99 170
99 177
99 185
99 228
99 243
99 349
100 359
100 363
100 482
100 8
100 14
100 36
100 41
100 49
100 124
100 130
100 156
100 158
100 159
100 161
100 162
100 177
100 188
100 192
100 198
100 204
100 216
100 220
100 222
100 237
100 350
101 416
101 462
101 0
101 10
101 14
101 15
101 16
101 20
101 43
101 67
101 102
101 105
101 110
101 128
101 135
101 137
101 142
101 157
101 165
101 226
101 231
101 232
101 239
101 245
101 351
102 314
102 370
102 401
102 442
102 8
102 25
102 26
102 28
102 32
102 73
102 81
102 93
102 101
102 113
102 120
102 123
102 149
102 152
102 160
102 163
102 169
102 174
102 176
102 200
102 205
102 241
102 352
103 313
103 462
103 0
103 1
103 3
103 28
103 43
103 46
103 64
103 86
103 90
103 144
103 145
103 160
103 165
103 174
103 209
103 227
103 235
103 243
103 353
104 279
104 372
104 438
104 488
104 7
104 8
104 13
104 23
104 57
104 66
104 68
104 73
104 123
104 134
104 154
104 157
104 172
104 175
104 181
104 190
104 192
104 198
104 220
104 222
104 228
104 235
104 248
104 354
105 283
105 303
105 5
105 10
105 70
105 77
105 94
105 101
105 113
105 127
105 146
105 151
105 153
105 157
105 177
105 182
105 225
105 231
105 355
106 269
106 298
106 350
106 20
106 42
106 89
106 91
106 131
106 135
106 141
106 156
106 161
106 200
106 206
106 225
106 232
106 244
106 356
107 338
107 483
107 487
107 9
107 25
107 58
107 60
107 75
107 98
107 109
107 112
107 123
107 128
107 136
107 137
107 154
107 181
107 187
107 201
107 202
107 213
107 221
107 236
107 239
107 357
108 317
108 3
108 11
108 16
108 70
108 75
108 94
108 114
108 118
108 119
108 125
108 131
108 154
108 170
108 187
108 198
108 217
108 238
108 247
108 249
108 358
109 267
109 6
109 9
109 33
109 47
109 54
109 78
109 81
109 107
109 127
109 138
109 173
109 174
109 184
109 188
109 189
109 198
109 204
109 206
109 207
109 225
109 229
109 232
109 242
109 359
110 298
110 444
110 3
110 6
110 23
110 39
110 76
110 78
110 90
110 101
110 111
110 125
110 143
110 147
110 154
110 175
110 179
110 213
110 218
110 224
110 360
111 288
111 3
111 13
111 17
111 18
111 23
111 34
111 48
111 50
111 70
111 110
111 132
111 141
111 147
111 151
111 164
111 181
111 187
111 193
111 194
111 205
111 206
111 207
111 211
111 214
111 215
111 229
111 231
111 239
111 249
111 361
112 475
112 0
112 6
112 60
112 71
112 73
112 88
112 107
112 136
112 156
112 179
112 183
112 196
112 198
112 235
112 238
112 241
112 244
112 362
113 255
113 267
113 407
113 444
113 22
113 28
113 50
113 62
113 75
113 78
113 91
113 95
113 102
113 105
113 124
113 132
113 135
113 139
113 157
113 165
113 178
113 180
113 209
113 213
113 215
113 217
113 221
113 222
113 223
113 363
114 380
114 0
114 1
114 14
114 21
114 29
114 82
114 108
114 136
114 189
114 210
114 236
114 364
115 305
115 436
115 454
115 3
115 39
115 48
115 81
115 82
115 129
115 163
115 169
115 178
115 188
115 196
115 199
115 209
115 220
115 232
115 245
115 365
116 356
116 391
116 411
116 5
116 26
116 32
116 54
116 61
116 65
116 70
116 74
116 75
116 79
116 83
116 98
116 119
116 134
116 136
116 144
116 170
116 188
116 189
116 192
116 223
116 228
116 235
116 366
117 460
117 461
117 0
117 11
117 13
117 57
117 69
117 72
117 75
117 93
117 94
117 132
117 157
117 158
117 171
117 172
117 185
117 195
117 197
117 211
117 227
117 367
118 319
118 447
118 2
118 26
118 34
118 35
118 44
118 51
118 55
118 60
118 69
118 93
118 108
118 127
118 133
118 142
118 155
118 157
118 196
118 206
118 232
118 244
118 246
118 248
118 368
119 316
119 37
119 44
119 108
119 116
119 151
119 157
119 169
119 216
119 234
119 240
119 246
119 369
120 285
120 469
120 0
120 6
120 48
120 61
120 68
120 75
120 89
120 98
120 102
120 138
120 142
120 148
120 162
120 165
120 171
120 183
120 217
120 219
120 233
120 238
120 245
120 247
120 370
121 281
121 420
121 466
121 32
121 37
121 46
121 53
121 91
121 131
121 136
121 141
121 161
121 169
121 171
121 175
121 186
121 187
121 205
121 371
122 299
122 416
122 10
122 17
122 27
122 39
122 46
122 47
122 51
122 63
122 77
122 78
122 80
122 88
122 130
122 131
122 140
122 144
122 157
122 158
122 161
122 191
122 199
122 206
122 210
122 211
122 234
122 240
122 372
123 381
123 41
123 46
123 51
123 54
123 56
123 79
123 88
123 92
123 96
123 102
123 104
123 107
123 145
123 153
123 155
123 164
123 197
123 210
123 214
123 373
124 281
124 330
124 405
124 454
124 14
124 39
124 44
124 49
124 58
124 69
124 70
124 77
124 85
124 100
124 113
124 126
124 137
124 161
124 177
124 208
124 374
125 250
125 375
125 1
125 3
125 8
125 23
125 33
125 45
125 56
125 66
125 74
125 76
125 85
125 88
125 98
125 108
125 110
125 127
125 154
125 189
125 206
125 221
125 224
126 333
126 35
126 47
126 66
126 92
126 98
126 99
126 124
126 127
126 158
126 160
126 183
126 186
126 189
126 202
126 208
126 231
126 241
126 242
126 376
127 275
127 293
127 299
127 358
127 390
127 462
127 24
127 26
127 46
127 48
127 57
127 62
127 94
127 105
127 109
127 118
127 125
127 126
127 138
127 153
127 181
127 183
127 184
127 191
127 198
127 224
127 225
127 239
127 244
127 245
127 377
128 331
128 430
128 456
128 18
128 25
128 38
128 53
128 64
128 67
128 101
128 107
128 142
128 146
128 183
128 192
128 198
128 202
128 203
128 249
128 378
129 400
129 3
129 33
129 38
129 69
129 92
129 115
129 136
129 142
129 143
129 150
129 174
129 179
129 195
129 199
129 202
129 205
129 233
129 379
130 467
130 1
130 2
130 5
130 14
130 32
130 53
130 100
130 122
130 141
130 148
130 162
130 166
130 168
130 180
130 196
130 199
130 216
130 225
130 234
130 236
130 248
130 380
131 266
131 359
131 391
131 7
131 12
131 15
131 45
131 67
131 80
131 106
131 108
131 121
131 122
131 135
131 148
131 167
131 169
131 171
131 177
131 198
131 223
131 226
131 227
131 229
131 233
131 381
132 345
132 424
132 17
132 51
132 68
132 75
132 81
132 87
132 111
132 113
132 117
132 142
132 144
132 148
132 158
132 189
132 201
132 216
132 226
132 245
132 382
133 458
133 453
133 341
133 339
133 0
133 8
133 19
133 32
133 50
133 54
133 65
133 80
133 96
133 99
133 118
133 155
133 176
133 177
133 194
133 201
133 240
133 242
133 249
133 383
134 463
134 458
134 343
134 341
134 5
134 44
134 69
134 86
134 88
134 97
134 104
134 116
134 138
134 144
134 178
134 179
134 204
134 218
134 219
134 232
134 244
134 384
135 314
135 347
135 11
135 16
135 21
135 30
135 37
135 44
135 46
135 61
135 67
135 76
135 85
135 91
135 101
135 106
135 113
135 131
135 141
135 144
135 150
135 157
135 159
135 160
135 165
135 183
135 193
135 205
135 234
135 385
136 410
136 419
136 0
136 34
136 78
136 85
136 86
136 92
136 97
136 107
136 112
136 114
136 116
136 121
136 129
136 147
136 149
136 156
136 158
136 161
136 165
136 170
136 175
136 181
136 198
136 241
136 244
136 386
137 485
137 2
137 10
137 18
137 33
137 35
137 37
137 79
137 82
137 83
137 89
137 90
137 101
137 107
137 124
137 161
137 169
137 186
137 211
137 218
137 221
137 231
137 247
137 387
138 277
138 317
138 412
138 26
138 45
138 55
138 56
138 65
138 69
138 77
138 96
138 109
138 120
138 127
138 134
138 144
138 196
138 208
138 214
138 224
138 227
138 236
138 388
139 251
139 302
139 474
139 8
139 21
139 22
139 31
139 35
139 70
139 77
139 88
139 113
139 141
139 152
139 195
139 197
139 216
139 217
139 218
139 225
139 228
139 249
139 389
140 301
140 417
140 33
140 39
140 63
140 70
140 79
140 122
140 152
140 153
140 157
140 177
140 184
140 195
140 196
140 199
140 209
140 214
140 230
140 235
140 241
140 249
140 390
141 430
141 12
141 42
141 71
141 79
141 87
141 106
141 111
141 121
141 130
141 135
141 139
141 142
141 172
141 186
141 188
141 236
141 243
141 244
141 391
142 288
142 430
142 8
142 20
142 37
142 47
142 48
142 61
142 91
142 92
142 101
142 118
142 120
142 128
142 129
142 132
142 141
142 147
142 150
142 155
142 180
142 214
142 219
142 226
142 230
142 237
142 239
142 392
143 279
143 350
143 381
143 63
143 65
143 78
143 86
143 88
143 93
143 110
143 129
143 189
143 193
143 198
143 214
143 222
143 228
143 244
143 393
144 301
144 314
144 315
144 441
144 495
144 3
144 6
144 7
144 10
144 19
144 44
144 48
144 51
144 65
144 66
144 68
144 71
144 78
144 103
144 116
144 122
144 132
144 134
144 135
144 138
144 150
144 165
144 167
144 171
144 235
144 394
145 468
145 495
145 3
145 36
145 44
145 45
145 51
145 67
145 78
145 81
145 97
145 98
145 103
145 123
145 149
145 164
145 171
145 175
145 199
145 227
145 228
145 230
145 235
145 395
146 470
146 463
146 346
146 343
146 9
146 28
146 47
146 60
146 85
146 105
146 128
146 148
146 151
146 169
146 190
146 195
146 197
146 202
146 221
146 237
146 241
146 396
147 367
147 396
147 443
147 4
147 10
147 11
147 21
147 30
147 32
147 62
147 66
147 79
147 110
147 111
147 136
147 142
147 153
147 170
147 196
147 209
147 210
147 232
147 397
148 472
148 470
148 365
148 346
148 7
148 28
148 29
148 120
148 130
148 131
148 132
148 146
148 152
148 154
148 167
148 174
148 194
148 226
148 227
148 228
148 235
148 247
148 398
149 479
149 472
149 373
149 365
149 12
149 35
149 44
149 70
149 89
149 99
149 102
149 136
149 145
149 151
149 203
149 213
149 220
149 248
149 399
150 473
150 477
150 9
150 33
150 34
150 35
150 37
150 45
150 48
150 51
150 81
150 82
150 88
150 97
150 129
150 135
150 142
150 144
150 171
150 178
150 199
150 203
150 205
150 212
150 214
150 248
150 400
151 291
151 362
151 443
151 459
151 1
151 21
151 32
151 47
151 49
151 59
151 71
151 72
151 105
151 111
151 119
151 146
151 149
151 174
151 192
151 197
151 230
151 240
151 243
151 246
151 401
152 268
152 281
152 371
152 473
152 6
152 31
152 34
152 87
152 88
152 89
152 92
152 96
152 102
152 139
152 140
152 148
152 194
152 199
152 214
152 402
153 315
153 369
153 392
153 480
153 41
153 59
153 62
153 68
153 69
153 74
153 88
153 97
153 105
153 123
153 127
153 140
153 147
153 157
153 167
153 189
153 196
153 208
153 215
153 219
153 223
153 234
153 403
154 259
154 490
154 1
154 5
154 20
154 27
154 60
154 70
154 73
154 78
154 86
154 94
154 104
154 107
154 108
154 110
154 125
154 148
154 165
154 169
154 174
154 178
154 180
154 184
154 195
154 206
154 225
154 235
154 404
155 335
155 370
155 374
155 19
155 63
155 75
155 88
155 118
155 123
155 133
155 142
155 171
155 196
155 198
155 227
155 229
155 237
155 405
156 481
156 479
156 377
156 373
156 9
156 17
156 22
156 74
156 100
156 106
156 112
156 136
156 172
156 175
156 176
156 180
156 202
156 230
156 231
156 406
157 256
157 269
157 301
157 322
157 326
157 432
157 496
157 9
157 17
157 49
157 51
157 57
157 58
157 61
157 64
157 84
157 93
157 97
157 99
157 101
157 104
157 105
157 113
157 117
157 118
157 119
157 122
157 135
157 140
157 153
157 161
157 165
157 178
157 180
157 246
157 407
158 360
158 474
158 1
158 3
158 14
158 28
158 38
158 56
158 64
158 90
158 94
158 100
158 117
158 122
158 126
158 132
158 136
158 168
158 194
158 195
158 201
158 209
158 223
158 236
158 408
159 303
159 410
159 15
159 47
159 60
159 63
159 84
159 96
159 100
159 135
159 176
159 188
159 194
159 198
159 226
159 238
159 240
159 241
159 409
160 467
160 25
160 80
160 99
160 102
160 103
160 126
160 135
160 182
160 185
160 233
160 246
160 410
161 269
161 336
161 375
161 388
161 454
161 35
161 43
161 46
161 51
161 75
161 100
161 106
161 121
161 122
161 124
161 136
161 137
161 157
161 166
161 181
161 230
161 231
161 239
161 411
162 435
162 465
162 488
162 8
162 15
162 18
162 29
162 38
162 46
162 49
162 61
162 100
162 120
162 130
162 191
162 208
162 214
162 215
162 217
162 229
162 241
162 244
162 412
163 273
163 0
163 5
163 14
163 23
163 46
163 59
163 75
163 76
163 82
163 84
163 98
163 102
163 115
163 178
163 184
163 194
163 200
163 216
163 221
163 242
163 249
163 413
164 334
164 465
164 477
164 31
164 35
164 56
164 85
164 111
164 123
164 145
164 204
164 214
164 242
164 245
164 414
165 481
165 4
165 53
165 54
165 60
165 72
165 101
165 103
165 113
165 120
165 135
165 136
165 144
165 154
165 157
165 169
165 172
165 204
165 218
165 233
165 239
165 415
166 269
166 282
166 490
166 8
166 34
166 46
166 58
166 87
166 130
166 161
166 176
166 201
166 222
166 416
167 329
167 347
167 476
167 8
167 13
167 21
167 37
167 44
167 50
167 79
167 131
167 144
167 148
167 153
167 189
167 225
167 231
167 232
167 417
168 482
168 0
168 1
168 2
168 7
168 32
168 56
168 60
168 66
168 77
168 86
168 130
168 158
168 171
168 175
168 200
168 211
168 216
168 222
168 239
168 248
168 418
169 269
169 271
169 294
169 329
169 8
169 16
169 18
169 19
169 28
169 71
169 73
169 80
169 96
169 102
169 115
169 119
169 121
169 131
169 137
169 146
169 154
169 165
169 175
169 212
169 223
169 232
169 419
170 281
170 422
170 439
170 483
170 6
170 12
170 14
170 29
170 30
170 33
170 39
170 41
170 52
170 70
170 97
170 99
170 108
170 116
170 136
170 147
170 178
170 180
170 183
170 187
170 206
170 220
170 231
170 236
170 420
171 294
171 326
171 379
171 7
171 20
171 25
171 95
171 96
171 97
171 117
171 120
171 121
171 131
171 144
171 145
171 150
171 155
171 168
171 186
171 192
171 201
171 236
171 243
171 248
171 421
172 263
172 1
172 5
172 43
172 50
172 58
172 64
172 68
172 75
172 79
172 85
172 104
172 117
172 141
172 156
172 165
172 179
172 185
172 203
172 220
172 222
172 243
172 422
173 310
173 364
173 449
173 465
173 484
173 13
173 39
173 53
173 54
173 76
173 79
173 93
173 98
173 109
173 182
173 194
173 222
173 235
173 244
173 423
174 349
174 425
174 446
174 15
174 17
174 20
174 21
174 23
174 42
174 45
174 56
174 102
174 103
174 109
174 129
174 148
174 151
174 154
174 192
174 211
174 216
174 224
174 226
174 229
174 245
174 424
175 270
175 281
175 402
175 449
175 52
175 63
175 79
175 104
175 110
175 121
175 136
175 145
175 156
175 168
175 169
175 185
175 192
175 193
175 200
175 217
175 222
175 232
175 425
176 302
176 337
176 358
176 414
176 6
176 24
176 28
176 42
176 59
176 71
176 92
176 95
176 102
176 133
176 156
176 159
176 166
176 179
176 193
176 197
176 198
176 210
176 232
176 237
176 240
176 426
177 254
177 351
177 487
177 4
177 9
177 26
177 29
177 31
177 42
177 56
177 60
177 63
177 85
177 88
177 99
177 100
177 105
177 124
177 131
177 133
177 140
177 192
177 218
177 235
177 237
177 427
178 284
178 310
178 419
178 422
178 495
178 6
178 16
178 17
178 21
178 59
178 64
178 73
178 113
178 115
178 134
178 150
178 154
178 157
178 163
178 170
178 198
178 200
178 209
178 235
178 238
178 245
178 428
179 253
179 276
179 405
179 487
179 15
179 20
179 43
179 50
179 62
179 68
179 80
179 110
179 112
179 129
179 134
179 172
179 176
179 181
179 215
179 245
179 429
180 352
180 439
180 58
180 71
180 72
180 73
180 91
180 113
180 130
180 142
180 154
180 156
180 157
180 170
180 186
180 204
180 207
180 209
180 210
180 221
180 229
180 230
180 231
180 430
181 381
181 397
181 412
181 462
181 488
181 499
181 8
181 23
181 24
181 57
181 69
181 72
181 76
181 89
181 95
181 98
181 104
181 107
181 111
181 127
181 136
181 161
181 179
181 182
181 184
181 189
181 192
181 198
181 210
181 211
181 214
181 221
181 225
181 236
181 431
182 286
182 294
182 338
182 5
182 16
182 33
182 37
182 76
182 95
182 105
182 160
182 173
182 181
182 187
182 243
182 432
183 386
183 2
183 3
183 43
183 65
183 68
183 91
183 98
183 112
183 120
183 126
183 127
183 128
183 135
183 170
183 196
183 199
183 205
183 213
183 219
183 222
183 433
184 486
184 481
184 378
184 377
184 23
184 24
184 57
184 69
184 75
184 109
184 127
184 140
184 154
184 163
184 181
184 186
184 195
184 202
184 214
184 217
184 223
184 235
184 434
185 260
185 283
185 489
185 1
185 2
185 37
185 46
185 52
185 63
185 81
185 86
185 90
185 99
185 117
185 160
185 172
185 175
185 204
185 220
185 236
185 249
185 435
186 309
186 15
186 16
186 44
186 76
186 82
186 89
186 98
186 121
186 126
186 137
186 141
186 171
186 180
186 184
186 189
186 197
186 203
186 209
186 215
186 221
186 239
186 249
186 436
187 393
187 1
187 7
187 15
187 18
187 20
187 98
187 107
187 108
187 111
187 121
187 170
187 182
187 193
187 437
188 271
188 275
188 313
188 383
188 465
188 36
188 51
188 57
188 68
188 100
188 109
188 115
188 116
188 141
188 159
188 215
188 229
188 236
188 242
188 438
189 353
189 447
189 474
189 1
189 11
189 22
189 25
189 27
189 31
189 37
189 81
189 90
189 109
189 114
189 116
189 125
189 126
189 132
189 143
189 153
189 167
189 181
189 186
189 191
189 208
189 222
189 241
189 439
190 323
190 8
190 28
190 35
190 46
190 52
190 55
190 59
190 71
190 75
190 82
190 94
190 104
190 146
190 198
190 208
190 212
190 223
190 233
190 234
190 235
190 440
191 261
191 336
191 358
191 0
191 1
191 5
191 19
191 21
191 40
191 48
191 56
191 57
191 64
191 122
191 127
191 162
191 189
191 213
191 216
191 220
191 234
191 247
191 249
191 441
192 283
192 305
192 366
192 32
192 37
192 42
192 46
192 65
192 74
192 81
192 90
192 100
192 104
192 116
192 128
192 151
192 171
192 174
192 175
192 177
192 181
192 201
192 202
192 228
192 442
193 313
193 367
193 382
193 5
193 6
193 24
193 49
193 60
193 79
193 111
193 135
193 143
193 175
193 176
193 187
193 211
193 229
193 232
193 443
194 315
194 356
194 496
194 7
194 34
194 61
194 67
194 80
194 97
194 111
194 133
194 148
194 152
194 158
194 159
194 163
194 173
194 209
194 215
194 219
194 444
195 413
195 445
195 461
195 466
195 31
195 66
195 70
195 80
195 88
195 90
195 117
195 129
195 139
195 140
195 146
195 154
195 158
195 184
195 211
195 225
195 244
195 245
195 249
196 397
196 398
196 0
196 53
196 84
196 112
196 115
196 118
196 130
196 138
196 140
196 147
196 153
196 155
196 183
196 198
196 203
196 229
196 238
196 243
196 245
196 446
197 276
197 301
197 423
197 496
197 29
197 45
197 46
197 49
197 53
197 117
197 123
197 139
197 146
197 151
197 176
197 186
197 204
197 447
198 263
198 275
198 302
198 351
198 424
198 492
198 3
198 19
198 26
198 32
198 57
198 63
198 68
198 70
198 74
198 85
198 90
198 98
198 100
198 104
198 108
198 109
198 112
198 127
198 128
198 131
198 136
198 143
198 155
198 159
198 176
198 178
198 181
198 190
198 196
198 200
198 203
198 230
198 241
198 448
199 250
199 337
199 457
199 47
199 59
199 71
199 115
199 122
199 129
199 130
199 140
199 145
199 150
199 152
199 183
199 204
199 231
199 239
199 243
199 245
199 449
200 253
200 282
200 402
200 404
200 45
200 74
200 75
200 84
200 95
200 102
200 106
200 163
200 168
200 175
200 178
200 198
200 205
200 215
200 217
200 221
200 231
200 244
200 450
201 384
201 19
201 20
201 25
201 36
201 37
201 38
201 54
201 79
201 107
201 132
201 133
201 158
201 166
201 171
201 192
201 221
201 225
201 234
201 235
201 238
201 451
202 323
202 0
202 14
202 23
202 34
202 44
202 64
202 70
202 74
202 94
202 107
202 126
202 128
202 129
202 146
202 156
202 184
202 192
202 219
202 226
202 231
202 239
202 452
203 267
203 297
203 364
203 495
203 10
203 22
203 24
203 32
203 46
203 63
203 69
203 71
203 74
203 80
203 81
203 86
203 128
203 149
203 150
203 172
203 186
203 196
203 198
203 208
203 220
203 232
203 233
203 238
203 246
203 453
204 253
204 265
204 357
204 362
204 370
204 461
204 492
204 1
204 5
204 9
204 21
204 65
204 67
204 74
204 77
204 100
204 109
204 134
204 164
204 165
204 180
204 185
204 197
204 199
204 207
204 213
204 214
204 217
204 240
204 248
204 454
205 331
205 436
205 6
205 20
205 39
205 65
205 66
205 67
205 88
205 102
205 111
205 121
205 129
205 135
205 150
205 183
205 200
205 219
205 228
205 239
205 249
205 455
206 383
206 425
206 496
206 27
206 36
206 93
206 106
206 109
206 111
206 118
206 122
206 125
206 154
206 170
206 217
206 235
206 456
207 354
207 438
207 18
207 26
207 35
207 39
207 47
207 90
207 109
207 111
207 180
207 204
207 228
207 238
207 457
208 485
208 3
208 40
208 50
208 82
208 88
208 124
208 126
208 138
208 153
208 162
208 189
208 190
208 203
208 220
208 227
208 458
209 491
209 486
209 380
209 378
209 5
209 15
209 28
209 32
209 38
209 53
209 63
209 79
209 89
209 91
209 103
209 113
209 115
209 140
209 147
209 158
209 178
209 180
209 186
209 194
209 230
209 232
209 235
209 240
209 459
210 334
210 342
210 410
210 420
210 3
210 21
210 28
210 36
210 55
210 59
210 62
210 86
210 88
210 114
210 122
210 123
210 147
210 176
210 180
210 181
210 221
210 229
210 460
211 492
211 23
211 29
211 34
211 55
211 69
211 85
211 111
211 117
211 122
211 137
211 168
211 174
211 181
211 193
211 195
211 225
211 229
211 233
211 237
211 245
211 461
212 294
212 295
212 353
212 42
212 47
212 48
212 58
212 62
212 74
212 89
212 98
212 150
212 169
212 190
212 214
212 215
212 218
212 462
213 398
213 409
213 461
213 465
213 30
213 43
213 50
213 56
213 91
213 93
213 107
213 110
213 113
213 149
213 183
213 191
213 204
213 214
213 226
213 230
213 236
213 241
213 463
214 359
214 459
214 460
214 4
214 8
214 11
214 16
214 32
214 34
214 39
214 41
214 57
214 72
214 95
214 111
214 123
214 138
214 140
214 142
214 143
214 150
214 152
214 162
214 164
214 181
214 184
214 204
214 212
214 213
214 226
214 228
214 236
214 238
214 244
214 246
214 247
214 464
215 253
215 317
215 367
215 460
215 12
215 19
215 36
215 49
215 57
215 61
215 72
215 93
215 111
215 113
215 153
215 162
215 179
215 186
215 188
215 194
215 200
215 212
215 218
215 220
215 228
215 465
216 256
216 418
216 433
216 2
216 3
216 19
216 22
216 25
216 40
216 43
216 58
216 69
216 72
216 83
216 100
216 119
216 130
216 132
216 139
216 163
216 168
216 174
216 191
216 217
216 239
216 245
216 466
217 374
217 399
217 497
217 5
217 10
217 13
217 26
217 52
217 55
217 64
217 68
217 75
217 108
217 113
217 120
217 139
217 162
217 175
217 184
217 200
217 204
217 206
217 216
217 241
217 244
217 467
218 385
218 3
218 13
218 14
218 32
218 37
218 62
218 110
218 134
218 137
218 139
218 165
218 177
218 212
218 215
218 227
218 247
218 468
219 370
219 403
219 411
219 6
219 12
219 21
219 29
219 32
219 33
219 45
219 56
219 61
219 69
219 75
219 120
219 134
219 142
219 153
219 183
219 194
219 202
219 205
219 469
220 437
220 467
220 8
220 19
220 28
220 33
220 58
220 94
220 100
220 104
220 115
220 149
220 170
220 172
220 185
220 191
220 203
220 208
220 215
220 222
220 235
220 470
221 415
221 475
221 27
221 53
221 56
221 96
221 97
221 107
221 113
221 125
221 137
221 146
221 163
221 180
221 181
221 186
221 200
221 201
221 210
221 222
221 225
221 234
221 236
221 471
222 254
222 303
222 371
222 434
222 6
222 9
222 13
222 41
222 54
222 82
222 100
222 104
222 113
222 143
222 166
222 168
222 172
222 173
222 175
222 183
222 189
222 220
222 221
222 248
222 472
223 465
223 25
223 39
223 61
223 85
223 95
223 113
223 116
223 131
223 153
223 158
223 169
223 184
223 190
223 235
223 473
224 318
224 464
224 2
224 7
224 8
224 10
224 12
224 15
224 17
224 22
224 27
224 64
224 85
224 86
224 110
224 125
224 127
224 138
224 174
224 233
224 474
225 255
225 283
225 412
225 435
225 485
225 8
225 28
225 43
225 48
225 61
225 88
225 91
225 92
225 95
225 105
225 106
225 109
225 127
225 130
225 139
225 154
225 167
225 181
225 195
225 201
225 211
225 221
225 237
225 245
225 247
225 475
226 277
226 2
226 3
226 29
226 30
226 42
226 49
226 65
226 69
226 89
226 101
226 131
226 132
226 142
226 148
226 159
226 174
226 202
226 213
226 214
226 228
226 243
226 476
227 439
227 457
227 471
227 475
227 482
227 14
227 16
227 17
227 25
227 43
227 54
227 68
227 76
227 79
227 90
227 103
227 117
227 131
227 138
227 145
227 148
227 155
227 208
227 218
227 247
227 477
228 415
228 438
228 12
228 21
228 23
228 29
228 33
228 47
228 60
228 87
228 99
228 104
228 116
228 139
228 143
228 145
228 148
228 192
228 205
228 207
228 214
228 215
228 226
228 230
228 240
228 247
228 478
229 295
229 459
229 26
229 39
229 41
229 45
229 56
229 57
229 62
229 76
229 85
229 109
229 111
229 131
229 155
229 162
229 174
229 180
229 188
229 193
229 196
229 210
229 211
229 236
229 240
229 479
230 499
230 491
230 386
230 380
230 35
230 64
230 74
230 140
230 142
230 145
230 151
230 156
230 161
230 180
230 198
230 209
230 213
230 228
230 249
230 480
231 311
231 10
231 12
231 13
231 26
231 39
231 47
231 56
231 62
231 87
231 93
231 101
231 105
231 111
231 126
231 137
231 156
231 161
231 167
231 170
231 180
231 199
231 200
231 202
231 481
232 281
232 450
232 21
232 28
232 68
232 78
232 82
232 94
232 101
232 106
232 109
232 115
232 118
232 134
232 147
232 167
232 169
232 175
232 176
232 193
232 203
232 209
232 234
232 240
232 241
232 243
232 482
233 356
233 360
233 488
233 498
233 1
233 11
233 24
233 40
233 51
233 60
233 61
233 120
233 129
233 131
233 160
233 165
233 190
233 203
233 211
233 224
233 483
234 289
234 325
234 345
234 434
234 487
234 1
234 5
234 10
234 13
234 47
234 56
234 60
234 67
234 84
234 88
234 92
234 94
234 119
234 122
234 130
234 135
234 153
234 190
234 191
234 201
234 221
234 232
234 236
234 246
234 249
234 484
235 274
235 324
235 356
235 487
235 8
235 21
235 57
235 60
235 64
235 73
235 82
235 103
235 104
235 112
235 116
235 140
235 144
235 145
235 148
235 154
235 173
235 177
235 178
235 184
235 190
235 201
235 206
235 209
235 220
235 223
235 247
235 485
236 256
236 446
236 6
236 23
236 37
236 48
236 64
236 87
236 107
236 114
236 130
236 138
236 141
236 158
236 170
236 171
236 181
236 185
236 188
236 213
236 214
236 221
236 229
236 234
236 240
236 241
236 245
236 486
237 475
237 9
237 32
237 34
237 37
237 49
237 54
237 62
237 69
237 72
237 85
237 100
237 142
237 146
237 155
237 176
237 177
237 211
237 225
237 244
237 487
238 299
238 482
238 484
238 31
238 77
238 89
238 108
238 112
238 120
238 159
238 178
238 196
238 201
238 203
238 207
238 214
238 488
239 293
239 400
239 454
239 27
239 67
239 73
239 74
239 79
239 86
239 93
239 97
239 101
239 107
239 111
239 127
239 142
239 161
239 165
239 168
239 186
239 199
239 202
239 205
239 216
239 489
240 268
240 283
240 348
240 414
240 438
240 485
240 15
240 34
240 37
240 71
240 119
240 122
240 133
240 151
240 159
240 176
240 204
240 209
240 228
240 229
240 232
240 236
240 247
240 490
241 335
241 39
241 52
241 81
241 86
241 90
241 92
241 97
241 102
241 112
241 126
241 136
241 140
241 146
241 159
241 162
241 189
241 198
241 213
241 217
241 232
241 236
241 245
241 249
241 491
242 284
242 417
242 20
242 23
242 31
242 39
242 43
242 48
242 67
242 92
242 98
242 109
242 126
242 133
242 163
242 164
242 188
242 243
242 492
243 286
243 305
243 350
243 394
243 417
243 5
243 13
243 27
243 30
243 36
243 38
243 48
243 50
243 77
243 79
243 81
243 93
243 99
243 103
243 141
243 151
243 171
243 172
243 182
243 196
243 199
243 226
243 232
243 242
243 493
244 362
244 24
244 25
244 41
244 43
244 75
244 77
244 87
244 106
244 112
244 118
244 127
244 134
244 136
244 141
244 143
244 162
244 173
244 195
244 200
244 214
244 217
244 237
244 245
244 248
244 494
245 285
245 320
245 471
245 475
245 1
245 2
245 7
245 13
245 59
245 61
245 88
245 101
245 115
245 120
245 127
245 132
245 164
245 174
245 178
245 179
245 195
245 196
245 199
245 211
245 216
245 225
245 236
245 241
245 244
245 249
245 495
246 251
246 289
246 11
246 16
246 19
246 31
246 58
246 69
246 93
246 95
246 118
246 119
246 151
246 157
246 160
246 203
246 214
246 234
246 496
247 316
247 371
247 1
247 5
247 15
247 20
247 30
247 43
247 50
247 90
247 108
247 120
247 137
247 148
247 191
247 214
247 218
247 225
247 227
247 228
247 235
247 240
247 497
248 265
248 366
248 376
248 383
248 459
248 42
248 48
248 51
248 58
248 70
248 104
248 118
248 130
248 149
248 150
248 168
248 171
248 204
248 222
248 244
248 498
249 334
249 439
249 488
249 18
249 40
249 79
249 92
249 98
249 108
249 111
249 128
249 133
249 139
249 140
249 163
249 185
249 186
249 191
249 195
249 205
249 230
249 234
249 241
249 245
249 499
250 7
250 37
250 125
250 199
250 0
251 139
251 246
251 1
252 3
252 2
253 13
253 74
253 179
253 200
253 204
253 215
253 3
254 81
254 177
254 222
254 4
255 81
255 113
255 225
255 5
256 34
256 57
256 157
256 216
256 236
256 6
257 13
257 86
257 7
258 63
258 79
258 8
259 5
259 154
259 9
260 48
260 59
260 185
260 10
261 191
261 11
262 19
262 12
263 172
263 198
263 13
264 7
264 24
264 14
265 6
265 204
265 248
265 15
266 131
266 16
267 6
267 34
267 109
267 113
267 203
267 17
268 48
268 55
268 152
268 240
268 18
269 106
269 157
269 161
269 166
269 169
269 19
270 175
270 20
271 169
271 188
271 21
272 9
272 10
272 22
273 61
273 163
273 23
274 14
274 235
274 24
275 29
275 127
275 188
275 198
275 25
276 49
276 179
276 197
276 26
277 27
277 138
277 226
278 46
278 28
279 104
279 143
279 29
280 27
280 90
280 30
281 18
281 38
281 121
281 124
281 152
281 170
281 175
281 232
281 31
282 166
282 200
282 32
283 92
283 105
283 185
283 192
283 225
283 240
283 33
284 35
284 73
284 77
284 178
284 242
284 34
285 120
285 245
285 35
286 182
286 243
286 36
287 48
287 89
287 37
288 111
288 142
288 38
289 4
289 38
289 234
289 246
289 39
290 3
290 11
290 40
291 151
291 41
292 18
292 53
292 42
293 127
293 239
293 43
294 169
294 171
294 182
294 212
294 44
295 212
295 229
295 45
296 11
296 32
296 46
297 203
297 47
298 64
298 85
298 106
298 110
298 48
299 8
299 122
299 127
299 238
299 49
300 22
300 32
300 50
301 2
301 140
301 144
301 157
301 197
301 51
302 139
302 176
302 198
302 52
303 105
303 159
303 222
303 53
304 26
304 54
305 115
305 192
305 243
305 55
306 64
306 69
306 76
306 56
307 74
307 57
308 50
308 54
308 58
309 54
309 60
309 186
309 59
310 62
310 173
310 178
310 60
311 60
311 65
311 231
311 61
312 37
312 41
312 62
313 89
313 103
313 188
313 193
313 63
314 48
314 102
314 135
314 144
314 64
315 36
315 52
315 81
315 144
315 153
315 194
315 65
316 119
316 247
316 66
317 36
317 45
317 49
317 108
317 138
317 215
317 67
318 10
318 88
318 224
318 68
319 12
319 53
319 118
319 69
320 71
320 245
320 70
321 16
321 46
321 71
322 20
322 40
322 157
322 72
323 65
323 75
323 190
323 202
323 73
324 10
324 63
324 235
324 74
325 72
325 234
325 75
326 66
326 157
326 171
326 76
327 48
327 57
327 77
328 79
328 78
329 167
329 169
329 79
330 124
330 80
331 128
331 205
331 81
332 31
332 67
332 81
332 82
333 64
333 126
333 83
334 164
334 210
334 249
334 84
335 43
335 99
335 155
335 241
335 85
336 78
336 161
336 191
336 86
337 33
337 35
337 176
337 199
337 87
338 107
338 182
338 88
339 19
339 75
339 133
339 89
340 56
340 90
341 133
341 134
341 91
342 210
342 92
343 134
343 146
343 93
344 48
344 94
345 97
345 132
345 234
345 95
346 146
346 148
346 96
347 135
347 167
347 97
348 17
348 240
348 98
349 0
349 174
349 99
350 31
350 62
350 106
350 143
350 243
350 100
351 5
351 177
351 198
351 101
352 18
352 23
352 33
352 53
352 56
352 180
352 102
353 46
353 189
353 212
353 103
354 207
354 104
355 55
355 105
356 116
356 194
356 233
356 235
356 106
357 90
357 204
357 107
358 9
358 127
358 176
358 191
358 108
359 70
359 73
359 91
359 100
359 131
359 214
359 109
360 158
360 233
360 110
361 41
361 87
361 111
362 151
362 204
362 244
362 112
363 40
363 100
363 113
364 59
364 71
364 173
364 203
364 114
365 148
365 149
365 115
366 192
366 248
366 116
367 147
367 193
367 215
367 117
368 26
368 90
368 118
369 153
369 119
370 102
370 155
370 204
370 219
370 120
371 152
371 222
371 247
371 121
372 104
372 122
373 149
373 156
373 123
374 155
374 217
374 124
375 125
375 161
376 7
376 23
376 52
376 248
376 126
377 61
377 156
377 184
377 127
378 58
378 184
378 209
378 128
379 171
379 129
380 114
380 209
380 230
380 130
381 5
381 123
381 143
381 181
381 131
382 84
382 193
382 132
383 14
383 59
383 188
383 206
383 248
383 133
384 95
384 201
384 134
385 9
385 33
385 56
385 218
385 135
386 3
386 183
386 230
386 136
387 74
387 137
388 161
388 138
389 2
389 139
390 127
390 140
391 30
391 81
391 116
391 131
391 141
392 153
392 142
393 28
393 42
393 55
393 78
393 187
393 143
394 36
394 243
394 144
395 3
395 11
395 145
396 147
396 146
397 67
397 89
397 181
397 196
397 147
398 53
398 90
398 196
398 213
398 148
399 46
399 71
399 90
399 217
399 149
400 129
400 239
400 150
401 57
401 74
401 102
401 151
402 15
402 27
402 175
402 200
402 152
403 219
403 153
404 0
404 53
404 85
404 200
404 154
405 42
405 48
405 124
405 179
405 155
406 88
406 156
407 24
407 113
407 157
408 18
408 34
408 45
408 76
408 158
409 213
409 159
410 136
410 159
410 210
410 160
411 29
411 116
411 219
411 161
412 69
412 76
412 138
412 181
412 225
412 162
413 47
413 195
413 163
414 0
414 52
414 79
414 83
414 176
414 240
414 164
415 221
415 228
415 165
416 70
416 101
416 122
416 166
417 18
417 46
417 95
417 96
417 140
417 242
417 243
417 167
418 95
418 216
418 168
419 31
419 96
419 99
419 136
419 178
419 169
420 91
420 121
420 210
420 170
421 44
421 67
421 171
422 33
422 170
422 178
422 172
423 39
423 197
423 173
424 31
424 132
424 198
424 174
425 4
425 174
425 206
425 175
426 12
426 43
426 95
426 176
427 0
427 74
427 177
428 11
428 32
428 178
429 32
429 50
429 179
430 128
430 141
430 142
430 180
431 50
431 54
431 80
431 181
432 28
432 157
432 182
433 71
433 82
433 99
433 216
433 183
434 82
434 222
434 234
434 184
435 38
435 162
435 225
435 185
436 17
436 27
436 36
436 115
436 205
436 186
437 37
437 220
437 187
438 104
438 207
438 228
438 240
438 188
439 23
439 170
439 180
439 227
439 249
439 189
440 14
440 190
441 31
441 144
441 191
442 91
442 102
442 192
443 20
443 147
443 151
443 193
444 26
444 53
444 110
444 113
444 194
445 195
446 174
446 236
446 196
447 51
447 118
447 189
447 197
448 54
448 60
448 198
449 173
449 175
449 199
450 71
450 232
450 200
451 60
451 65
451 201
452 65
452 75
452 202
453 75
453 133
453 203
454 17
454 37
454 71
454 115
454 124
454 161
454 239
454 204
455 5
455 20
455 205
456 6
456 128
456 206
457 199
457 227
457 207
458 133
458 134
458 208
459 76
459 151
459 214
459 229
459 248
459 209
460 71
460 87
460 91
460 117
460 214
460 215
460 210
461 117
461 195
461 204
461 213
461 211
462 101
462 103
462 127
462 181
462 212
463 134
463 146
463 213
464 224
464 214
465 55
465 98
465 162
465 164
465 173
465 188
465 213
465 223
465 215
466 121
466 195
466 216
467 37
467 130
467 160
467 220
467 217
468 69
468 90
468 145
468 218
469 120
469 219
470 146
470 148
470 220
471 59
471 227
471 245
471 221
472 148
472 149
472 222
473 25
473 150
473 152
473 223
474 74
474 139
474 158
474 189
474 224
475 112
475 221
475 227
475 237
475 245
475 225
476 33
476 68
476 167
476 226
477 17
477 73
477 94
477 150
477 164
477 227
478 47
478 84
478 93
478 228
479 149
479 156
479 229
480 153
480 230
481 156
481 165
481 184
481 231
482 100
482 168
482 227
482 238
482 232
483 107
483 170
483 233
484 173
484 238
484 234
485 21
485 52
485 137
485 208
485 225
485 240
485 235
486 184
486 209
486 236
487 107
487 177
487 179
487 234
487 235
487 237
488 104
488 162
488 181
488 233
488 249
488 238
489 1
489 185
489 239
490 154
490 166
490 240
491 209
491 230
491 241
492 198
492 204
492 211
492 242
493 41
493 243
494 31
494 244
495 39
495 47
495 144
495 145
495 178
495 203
495 245
496 157
496 194
496 197
496 206
496 246
497 217
497 247
498 233
498 248
499 26
499 38
499 181
499 230
499 249
