  500   4313
0 304
0 312
0 320
0 339
0 346
0 380
0 443
0 471
0 474
0 488
0 10
0 27
0 28
0 48
0 93
0 96
0 99
0 114
0 123
0 144
0 209
0 230
0 239
0 250
1 251
1 263
1 266
1 279
1 302
1 344
1 419
1 435
1 442
1 481
1 487
1 10
1 25
1 70
1 81
1 92
1 109
1 128
1 232
2 257
2 303
2 310
2 324
2 391
2 436
2 440
2 442
2 489
2 494
2 75
2 85
2 117
2 127
2 173
2 186
2 195
2 210
2 237
2 252
3 274
3 276
3 409
3 423
3 456
3 466
3 470
3 34
3 64
3 72
3 78
3 209
3 212
3 253
4 275
4 293
4 338
4 359
4 370
4 377
4 380
4 396
4 439
4 444
4 453
4 479
4 33
4 65
4 71
4 83
4 88
4 98
4 108
4 117
4 125
4 144
4 150
4 183
4 192
4 210
4 214
4 236
4 247
4 254
5 312
5 313
5 329
5 364
5 402
5 416
5 442
5 443
5 488
5 18
5 76
5 80
5 101
5 115
5 139
5 157
5 159
5 161
5 169
5 179
5 180
5 192
5 197
5 207
5 210
5 255
6 277
6 382
6 395
6 397
6 419
6 479
6 14
6 23
6 51
6 59
6 61
6 86
6 92
6 151
6 156
6 161
6 202
6 205
6 230
6 238
6 240
6 256
7 307
7 308
7 309
7 312
7 313
7 325
7 335
7 338
7 357
7 390
7 412
7 415
7 442
7 447
7 451
7 469
7 477
7 11
7 61
7 63
7 80
7 97
7 112
7 168
7 175
7 176
7 206
7 214
7 257
8 251
8 285
8 324
8 378
8 386
8 392
8 441
8 442
8 459
8 39
8 71
8 73
8 103
8 132
8 138
8 169
8 170
8 174
8 215
8 239
8 258
9 269
9 295
9 300
9 305
9 332
9 362
9 376
9 392
9 446
9 457
9 471
9 476
9 483
9 494
9 22
9 46
9 60
9 67
9 89
9 157
9 166
9 176
9 196
9 197
9 204
9 240
9 259
10 271
10 285
10 292
10 296
10 370
10 373
10 408
10 447
10 448
10 451
10 471
10 496
10 0
10 1
10 16
10 26
10 105
10 107
10 115
10 171
10 186
10 206
10 208
10 221
10 229
10 260
11 253
11 273
11 283
11 295
11 317
11 324
11 338
11 378
11 388
11 404
11 412
11 467
11 475
11 7
11 39
11 50
11 60
11 92
11 99
11 103
11 108
11 119
11 125
11 184
11 245
11 261
12 262
12 296
12 310
12 358
12 366
12 370
12 402
12 416
12 421
12 484
12 488
12 498
12 499
12 19
12 27
12 61
12 102
12 105
12 140
12 218
12 224
12 236
12 240
13 265
13 290
13 293
13 322
13 333
13 335
13 338
13 359
13 432
13 434
13 55
13 61
13 89
13 92
13 96
13 117
13 154
13 177
13 195
13 198
13 233
13 263
14 274
14 288
14 311
14 369
14 421
14 438
14 451
14 456
14 476
14 478
14 6
14 71
14 98
14 100
14 141
14 149
14 164
14 172
14 192
14 195
14 245
14 264
15 329
15 352
15 381
15 387
15 389
15 27
15 72
15 119
15 165
15 176
15 188
15 195
15 201
15 224
15 247
15 249
15 265
16 308
16 311
16 383
16 391
16 397
16 410
16 430
16 475
16 476
16 486
16 487
16 10
16 20
16 34
16 37
16 46
16 68
16 86
16 97
16 109
16 111
16 150
16 187
16 217
16 226
16 227
16 235
16 266
17 321
17 346
17 361
17 406
17 415
17 481
17 24
17 26
17 39
17 47
17 58
17 62
17 77
17 80
17 114
17 127
17 130
17 147
17 173
17 176
17 177
17 182
17 215
17 229
17 249
17 267
18 357
18 367
18 414
18 424
18 461
18 5
18 20
18 46
18 79
18 111
18 115
18 127
18 148
18 188
18 201
18 204
18 208
18 237
18 268
19 252
19 294
19 308
19 317
19 362
19 371
19 383
19 396
19 449
19 454
19 485
19 12
19 42
19 61
19 86
19 98
19 116
19 129
19 134
19 143
19 208
19 213
19 217
19 238
19 247
19 269
20 292
20 301
20 310
20 318
20 337
20 395
20 423
20 440
20 478
20 16
20 18
20 27
20 32
20 97
20 219
20 238
20 270
21 287
21 291
21 315
21 320
21 333
21 347
21 356
21 363
21 373
21 377
21 396
21 397
21 442
21 28
21 59
21 120
21 135
21 138
21 147
21 162
21 163
21 166
21 185
21 226
21 232
21 236
21 271
22 262
22 290
22 293
22 297
22 308
22 340
22 368
22 371
22 388
22 460
22 484
22 9
22 45
22 48
22 60
22 71
22 75
22 119
22 124
22 126
22 129
22 136
22 188
22 202
22 207
22 222
22 228
22 248
22 272
23 251
23 277
23 285
23 437
23 442
23 448
23 451
23 6
23 84
23 89
23 140
23 150
23 151
23 160
23 192
23 201
23 216
23 227
23 273
24 265
24 402
24 403
24 425
24 450
24 455
24 468
24 494
24 495
24 17
24 52
24 60
24 68
24 147
24 212
24 214
24 226
24 239
24 274
25 256
25 264
25 296
25 300
25 317
25 337
25 351
25 368
25 377
25 387
25 411
25 464
25 466
25 479
25 1
25 51
25 63
25 66
25 162
25 188
25 209
25 228
25 235
25 275
26 321
26 323
26 326
26 334
26 347
26 354
26 357
26 460
26 492
26 10
26 17
26 54
26 82
26 99
26 103
26 157
26 193
26 204
26 237
26 239
26 276
27 252
27 253
27 258
27 280
27 331
27 356
27 368
27 370
27 385
27 405
27 421
27 433
27 438
27 451
27 481
27 490
27 493
27 0
27 12
27 15
27 20
27 28
27 53
27 87
27 109
27 120
27 139
27 166
27 173
27 177
27 234
27 277
28 329
28 368
28 373
28 375
28 398
28 423
28 424
28 440
28 453
28 465
28 482
28 0
28 21
28 27
28 43
28 45
28 51
28 53
28 61
28 67
28 71
28 101
28 106
28 148
28 222
28 229
28 278
29 262
29 291
29 297
29 395
29 415
29 421
29 443
29 455
29 464
29 47
29 54
29 61
29 75
29 78
29 88
29 113
29 137
29 147
29 164
29 170
29 171
29 193
29 199
29 279
30 284
30 287
30 306
30 316
30 325
30 386
30 397
30 403
30 426
30 442
30 469
30 70
30 83
30 116
30 122
30 128
30 163
30 170
30 173
30 228
30 280
31 259
31 267
31 305
31 355
31 356
31 360
31 443
31 471
31 483
31 65
31 73
31 75
31 108
31 109
31 114
31 131
31 160
31 168
31 187
31 213
31 234
31 237
31 281
32 262
32 263
32 269
32 275
32 282
32 331
32 360
32 406
32 421
32 433
32 452
32 485
32 20
32 43
32 62
32 106
32 146
32 176
32 206
32 217
32 237
33 310
33 314
33 325
33 336
33 347
33 352
33 388
33 407
33 416
33 419
33 421
33 436
33 437
33 489
33 4
33 92
33 93
33 103
33 120
33 177
33 179
33 214
33 215
33 235
33 283
34 255
34 324
34 331
34 341
34 360
34 391
34 394
34 399
34 411
34 431
34 478
34 3
34 16
34 37
34 63
34 97
34 98
34 120
34 175
34 183
34 199
34 210
34 213
34 220
34 284
35 263
35 303
35 355
35 372
35 374
35 386
35 434
35 37
35 42
35 64
35 65
35 70
35 73
35 97
35 143
35 147
35 149
35 169
35 185
35 224
35 230
35 285
36 284
36 290
36 324
36 326
36 393
36 463
36 480
36 492
36 61
36 63
36 78
36 134
36 152
36 175
36 218
36 225
36 228
36 286
37 253
37 254
37 265
37 277
37 320
37 366
37 370
37 411
37 422
37 431
37 444
37 468
37 477
37 485
37 16
37 34
37 35
37 71
37 72
37 84
37 98
37 110
37 120
37 141
37 155
37 214
37 216
37 229
37 247
37 287
38 261
38 279
38 318
38 345
38 354
38 360
38 365
38 378
38 379
38 404
38 431
38 458
38 461
38 465
38 478
38 494
38 126
38 127
38 147
38 149
38 189
38 215
38 219
38 288
39 270
39 285
39 394
39 443
39 445
39 8
39 11
39 17
39 57
39 77
39 90
39 155
39 188
39 193
39 230
39 236
39 289
40 250
40 277
40 318
40 341
40 356
40 375
40 387
40 424
40 459
40 482
40 41
40 50
40 67
40 124
40 140
40 176
40 220
40 235
40 237
40 241
40 290
41 266
41 267
41 288
41 308
41 345
41 375
41 407
41 437
41 444
41 451
41 461
41 473
41 490
41 491
41 40
41 53
41 78
41 98
41 128
41 195
41 221
41 235
41 242
41 291
42 257
42 273
42 288
42 315
42 323
42 363
42 371
42 372
42 383
42 399
42 412
42 443
42 447
42 451
42 467
42 19
42 35
42 44
42 48
42 52
42 71
42 91
42 129
42 137
42 148
42 154
42 184
42 228
42 240
42 241
42 292
43 264
43 296
43 302
43 311
43 313
43 317
43 358
43 385
43 472
43 490
43 28
43 32
43 66
43 82
43 105
43 108
43 114
43 159
43 167
43 218
43 219
43 233
43 239
43 245
43 293
44 257
44 262
44 268
44 269
44 276
44 277
44 291
44 304
44 307
44 326
44 343
44 390
44 397
44 407
44 422
44 433
44 455
44 461
44 481
44 494
44 42
44 50
44 62
44 110
44 116
44 134
44 140
44 148
44 163
44 168
44 180
44 294
45 278
45 281
45 289
45 359
45 389
45 400
45 402
45 404
45 420
45 427
45 443
45 493
45 22
45 28
45 82
45 101
45 104
45 225
45 232
45 295
46 256
46 279
46 297
46 298
46 299
46 310
46 318
46 327
46 328
46 329
46 339
46 374
46 384
46 392
46 413
46 416
46 436
46 459
46 468
46 479
46 497
46 9
46 16
46 18
46 51
46 62
46 63
46 107
46 122
46 134
46 201
46 210
46 234
46 235
46 248
46 296
47 255
47 266
47 280
47 292
47 310
47 401
47 416
47 499
47 17
47 29
47 55
47 61
47 69
47 74
47 95
47 125
47 130
47 168
47 204
47 207
47 232
47 233
47 242
47 243
47 297
48 315
48 331
48 341
48 355
48 364
48 373
48 383
48 422
48 430
48 434
48 481
48 487
48 0
48 22
48 42
48 65
48 69
48 72
48 127
48 137
48 141
48 219
48 232
48 233
48 246
48 298
49 253
49 301
49 340
49 346
49 372
49 376
49 395
49 438
49 448
49 452
49 453
49 479
49 484
49 69
49 72
49 87
49 92
49 111
49 123
49 133
49 188
49 241
49 244
49 299
50 369
50 387
50 393
50 397
50 407
50 412
50 435
50 482
50 11
50 40
50 44
50 72
50 98
50 109
50 172
50 184
50 195
50 210
50 248
50 300
51 312
51 320
51 377
51 381
51 438
51 455
51 469
51 473
51 6
51 25
51 28
51 46
51 54
51 61
51 73
51 82
51 132
51 136
51 159
51 176
51 199
51 216
51 232
51 240
51 249
51 301
52 255
52 320
52 355
52 371
52 386
52 399
52 402
52 433
52 438
52 448
52 452
52 24
52 42
52 57
52 66
52 90
52 123
52 167
52 177
52 197
52 209
52 213
52 302
53 251
53 277
53 281
53 341
53 353
53 394
53 395
53 423
53 429
53 449
53 456
53 479
53 27
53 28
53 41
53 64
53 77
53 78
53 82
53 162
53 173
53 182
53 196
53 205
53 216
53 225
53 303
54 287
54 316
54 343
54 355
54 381
54 424
54 26
54 29
54 51
54 124
54 159
54 162
54 164
54 167
54 169
54 173
54 175
54 177
54 206
54 226
54 247
54 304
55 300
55 319
55 341
55 372
55 374
55 428
55 430
55 478
55 13
55 47
55 58
55 85
55 96
55 120
55 127
55 128
55 132
55 140
55 188
55 194
55 204
55 229
55 236
55 247
55 305
56 257
56 266
56 318
56 323
56 359
56 376
56 404
56 421
56 429
56 470
56 479
56 496
56 61
56 67
56 74
56 119
56 139
56 147
56 167
56 168
56 176
56 213
56 214
56 306
57 257
57 260
57 265
57 268
57 289
57 323
57 329
57 403
57 404
57 422
57 497
57 39
57 52
57 61
57 66
57 102
57 118
57 132
57 155
57 166
57 170
57 186
57 192
57 202
57 203
57 225
57 307
58 349
58 409
58 415
58 434
58 467
58 484
58 487
58 17
58 55
58 64
58 125
58 130
58 146
58 156
58 160
58 162
58 169
58 170
58 174
58 181
58 184
58 208
58 225
58 308
59 250
59 280
59 298
59 339
59 359
59 418
59 427
59 441
59 450
59 469
59 472
59 490
59 496
59 6
59 21
59 107
59 112
59 124
59 164
59 201
59 207
59 240
59 249
59 309
60 256
60 358
60 379
60 384
60 388
60 431
60 466
60 471
60 472
60 9
60 11
60 22
60 24
60 70
60 84
60 103
60 119
60 166
60 171
60 194
60 197
60 223
60 235
60 244
60 310
61 251
61 261
61 271
61 362
61 363
61 369
61 400
61 432
61 464
61 470
61 6
61 7
61 12
61 13
61 19
61 28
61 29
61 36
61 47
61 51
61 56
61 57
61 125
61 163
61 196
61 216
61 228
61 230
61 231
61 311
62 264
62 296
62 303
62 309
62 393
62 401
62 422
62 441
62 474
62 479
62 481
62 17
62 32
62 44
62 46
62 80
62 106
62 114
62 118
62 134
62 151
62 173
62 178
62 233
62 246
62 312
63 277
63 288
63 332
63 345
63 370
63 376
63 384
63 421
63 426
63 493
63 7
63 25
63 34
63 36
63 46
63 81
63 110
63 125
63 127
63 165
63 167
63 175
63 176
63 177
63 184
63 237
63 313
64 335
64 338
64 369
64 384
64 468
64 476
64 490
64 498
64 3
64 35
64 53
64 58
64 95
64 128
64 137
64 138
64 144
64 150
64 314
65 273
65 300
65 372
65 410
65 422
65 432
65 447
65 4
65 31
65 35
65 48
65 66
65 78
65 136
65 161
65 166
65 210
65 211
65 226
65 315
66 250
66 259
66 294
66 309
66 328
66 387
66 392
66 407
66 452
66 25
66 43
66 52
66 57
66 65
66 72
66 87
66 89
66 106
66 111
66 137
66 138
66 159
66 173
66 179
66 192
66 198
66 213
66 227
66 239
66 316
67 253
67 261
67 273
67 319
67 346
67 362
67 373
67 375
67 386
67 393
67 399
67 408
67 9
67 28
67 40
67 56
67 120
67 121
67 126
67 138
67 150
67 159
67 184
67 220
67 317
68 263
68 291
68 328
68 351
68 364
68 381
68 455
68 456
68 498
68 16
68 24
68 83
68 99
68 121
68 123
68 139
68 167
68 223
68 225
68 318
69 263
69 266
69 286
69 298
69 312
69 333
69 337
69 363
69 416
69 444
69 451
69 458
69 477
69 47
69 48
69 49
69 72
69 76
69 105
69 131
69 140
69 142
69 148
69 200
69 202
69 234
69 248
69 319
70 256
70 354
70 399
70 429
70 444
70 446
70 468
70 476
70 486
70 487
70 1
70 30
70 35
70 60
70 88
70 89
70 111
70 150
70 153
70 169
70 172
70 200
70 217
70 248
70 320
71 264
71 298
71 375
71 384
71 395
71 419
71 425
71 4
71 8
71 14
71 22
71 28
71 37
71 42
71 87
71 93
71 101
71 114
71 117
71 132
71 137
71 153
71 223
71 321
72 283
72 289
72 328
72 330
72 337
72 346
72 358
72 361
72 363
72 429
72 455
72 488
72 3
72 15
72 37
72 48
72 49
72 50
72 66
72 69
72 74
72 77
72 104
72 163
72 187
72 198
72 238
72 322
73 274
73 291
73 329
73 381
73 427
73 8
73 31
73 35
73 51
73 74
73 101
73 102
73 105
73 145
73 147
73 179
73 210
73 217
73 233
73 239
73 323
74 256
74 268
74 279
74 382
74 415
74 416
74 434
74 452
74 488
74 494
74 47
74 56
74 72
74 73
74 107
74 117
74 133
74 221
74 227
74 324
75 276
75 303
75 307
75 340
75 358
75 371
75 457
75 478
75 488
75 490
75 2
75 22
75 29
75 31
75 89
75 91
75 105
75 106
75 186
75 192
75 220
75 325
76 264
76 320
76 338
76 345
76 356
76 377
76 435
76 439
76 450
76 473
76 483
76 5
76 69
76 83
76 104
76 110
76 141
76 182
76 215
76 224
76 326
77 261
77 294
77 357
77 375
77 376
77 377
77 416
77 444
77 450
77 482
77 17
77 39
77 53
77 72
77 92
77 109
77 173
77 175
77 184
77 190
77 206
77 226
77 227
77 249
77 327
78 258
78 334
78 343
78 349
78 358
78 397
78 433
78 455
78 457
78 459
78 470
78 491
78 493
78 3
78 29
78 36
78 41
78 53
78 65
78 89
78 102
78 113
78 164
78 194
78 233
78 239
78 328
79 268
79 296
79 307
79 316
79 335
79 354
79 406
79 427
79 458
79 475
79 18
79 87
79 92
79 100
79 133
79 201
79 220
79 229
79 234
79 329
80 280
80 329
80 333
80 342
80 346
80 350
80 360
80 380
80 386
80 406
80 413
80 447
80 471
80 5
80 7
80 17
80 62
80 88
80 147
80 166
80 171
80 189
80 191
80 217
80 244
80 330
81 269
81 314
81 376
81 380
81 423
81 431
81 451
81 452
81 454
81 469
81 476
81 489
81 1
81 63
81 85
81 88
81 117
81 146
81 148
81 160
81 164
81 185
81 331
82 293
82 337
82 351
82 353
82 389
82 393
82 466
82 495
82 26
82 43
82 45
82 51
82 53
82 95
82 107
82 112
82 114
82 141
82 193
82 231
82 237
82 332
83 255
83 268
83 353
83 354
83 363
83 421
83 422
83 432
83 482
83 483
83 491
83 4
83 30
83 68
83 76
83 99
83 102
83 171
83 183
83 185
83 248
83 333
84 271
84 273
84 324
84 368
84 417
84 444
84 462
84 23
84 37
84 60
84 100
84 110
84 131
84 143
84 177
84 187
84 192
84 203
84 236
84 240
84 241
84 334
85 260
85 304
85 340
85 359
85 381
85 389
85 406
85 439
85 443
85 481
85 2
85 55
85 81
85 86
85 97
85 115
85 145
85 151
85 188
85 199
85 202
85 216
85 219
85 230
85 238
85 244
85 247
85 335
86 280
86 285
86 298
86 351
86 376
86 381
86 423
86 453
86 468
86 474
86 479
86 491
86 6
86 16
86 19
86 85
86 110
86 144
86 164
86 176
86 191
86 195
86 211
86 243
86 336
87 281
87 393
87 456
87 459
87 466
87 467
87 469
87 484
87 487
87 27
87 49
87 66
87 71
87 79
87 121
87 182
87 195
87 200
87 202
87 209
87 232
87 337
88 366
88 426
88 454
88 466
88 477
88 4
88 29
88 70
88 80
88 81
88 113
88 131
88 162
88 169
88 179
88 199
88 338
89 273
89 313
89 354
89 371
89 386
89 408
89 457
89 479
89 9
89 13
89 23
89 66
89 70
89 75
89 78
89 90
89 91
89 111
89 129
89 162
89 177
89 199
89 242
89 339
90 258
90 280
90 338
90 374
90 398
90 473
90 39
90 52
90 89
90 111
90 126
90 142
90 151
90 217
90 219
90 233
90 236
90 340
91 260
91 294
91 316
91 345
91 400
91 463
91 42
91 75
91 89
91 101
91 124
91 126
91 134
91 153
91 158
91 174
91 190
91 192
91 341
92 260
92 411
92 450
92 454
92 1
92 6
92 11
92 13
92 33
92 49
92 77
92 79
92 116
92 162
92 206
92 221
92 342
93 274
93 308
93 322
93 387
93 405
93 419
93 422
93 469
93 470
93 477
93 0
93 33
93 71
93 94
93 122
93 127
93 148
93 201
93 204
93 205
93 229
93 241
93 243
93 343
94 278
94 288
94 355
94 369
94 422
94 477
94 496
94 93
94 96
94 136
94 154
94 177
94 181
94 187
94 188
94 194
94 222
94 344
95 259
95 268
95 310
95 352
95 389
95 406
95 431
95 456
95 492
95 498
95 47
95 64
95 82
95 143
95 187
95 215
95 226
95 230
95 345
96 257
96 265
96 266
96 273
96 283
96 338
96 363
96 379
96 380
96 394
96 398
96 417
96 437
96 441
96 444
96 463
96 480
96 482
96 494
96 0
96 13
96 55
96 94
96 113
96 147
96 192
96 239
96 346
97 291
97 363
97 368
97 382
97 485
97 490
97 491
97 7
97 16
97 20
97 34
97 35
97 85
97 101
97 109
97 113
97 170
97 185
97 194
97 202
97 242
97 249
97 347
98 295
98 334
98 389
98 408
98 418
98 439
98 465
98 4
98 14
98 19
98 34
98 37
98 41
98 50
98 110
98 137
98 146
98 149
98 155
98 170
98 194
98 203
98 206
98 348
99 327
99 333
99 337
99 343
99 395
99 404
99 435
99 450
99 471
99 0
99 11
99 26
99 68
99 83
99 114
99 127
99 134
99 136
99 146
99 162
99 163
99 175
99 176
99 205
99 217
99 220
99 349
100 282
100 295
100 334
100 401
100 429
100 453
100 484
100 14
100 79
100 84
100 104
100 124
100 125
100 149
100 152
100 186
100 204
100 208
100 221
100 246
100 350
101 279
101 292
101 327
101 359
101 372
101 407
101 415
101 451
101 457
101 475
101 477
101 491
101 5
101 28
101 45
101 71
101 73
101 91
101 97
101 131
101 168
101 173
101 181
101 245
101 351
102 278
102 279
102 291
102 299
102 330
102 331
102 336
102 351
102 366
102 368
102 390
102 414
102 420
102 447
102 468
102 12
102 57
102 73
102 78
102 83
102 111
102 117
102 135
102 146
102 170
102 183
102 197
102 210
102 220
102 239
102 352
103 252
103 258
103 260
103 308
103 315
103 334
103 384
103 422
103 441
103 468
103 484
103 486
103 8
103 11
103 26
103 33
103 60
103 116
103 130
103 140
103 156
103 186
103 190
103 236
103 353
104 258
104 270
104 280
104 306
104 350
104 383
104 454
104 488
104 45
104 72
104 76
104 100
104 125
104 126
104 163
104 165
104 175
104 179
104 354
105 263
105 276
105 329
105 334
105 342
105 351
105 406
105 412
105 427
105 492
105 10
105 12
105 43
105 69
105 73
105 75
105 238
105 242
105 246
105 355
106 256
106 270
106 273
106 275
106 278
106 282
106 429
106 491
106 492
106 497
106 28
106 32
106 62
106 66
106 75
106 120
106 126
106 132
106 183
106 199
106 210
106 213
106 238
106 239
106 240
106 356
107 256
107 276
107 285
107 331
107 346
107 372
107 379
107 399
107 410
107 452
107 499
107 10
107 46
107 59
107 74
107 82
107 120
107 167
107 183
107 239
107 357
108 303
108 316
108 324
108 340
108 349
108 361
108 387
108 392
108 404
108 434
108 472
108 476
108 4
108 11
108 31
108 43
108 190
108 191
108 198
108 202
108 203
108 358
109 251
109 268
109 332
109 354
109 392
109 397
109 399
109 403
109 457
109 491
109 498
109 1
109 16
109 27
109 31
109 50
109 77
109 97
109 133
109 144
109 147
109 222
109 246
109 359
110 256
110 276
110 368
110 369
110 380
110 420
110 426
110 428
110 433
110 447
110 37
110 44
110 63
110 76
110 84
110 86
110 98
110 124
110 184
110 194
110 198
110 233
110 360
111 274
111 353
111 388
111 463
111 481
111 482
111 488
111 495
111 16
111 18
111 49
111 66
111 70
111 89
111 90
111 102
111 114
111 149
111 164
111 168
111 175
111 213
111 230
111 233
111 234
111 361
112 271
112 321
112 332
112 333
112 337
112 341
112 384
112 389
112 403
112 458
112 474
112 484
112 7
112 59
112 82
112 124
112 144
112 146
112 147
112 160
112 197
112 222
112 234
112 249
112 362
113 261
113 263
113 296
113 321
113 383
113 437
113 449
113 465
113 475
113 29
113 78
113 88
113 96
113 97
113 128
113 134
113 145
113 169
113 197
113 200
113 246
113 363
114 308
114 333
114 358
114 363
114 426
114 427
114 437
114 441
114 0
114 17
114 31
114 43
114 62
114 71
114 82
114 99
114 111
114 132
114 151
114 184
114 195
114 207
114 222
114 230
114 364
115 258
115 265
115 280
115 332
115 333
115 348
115 372
115 418
115 439
115 472
115 491
115 5
115 10
115 18
115 85
115 158
115 219
115 230
115 249
115 365
116 255
116 266
116 274
116 329
116 333
116 335
116 340
116 348
116 354
116 368
116 371
116 374
116 375
116 400
116 402
116 440
116 478
116 490
116 19
116 30
116 44
116 92
116 103
116 118
116 134
116 186
116 187
116 239
116 246
116 366
117 257
117 261
117 278
117 279
117 308
117 311
117 330
117 401
117 404
117 412
117 426
117 441
117 492
117 2
117 4
117 13
117 71
117 74
117 81
117 102
117 123
117 140
117 144
117 195
117 196
117 218
117 367
118 282
118 285
118 349
118 359
118 371
118 374
118 411
118 413
118 414
118 426
118 488
118 57
118 62
118 116
118 147
118 152
118 164
118 182
118 189
118 206
118 228
118 368
119 262
119 263
119 328
119 372
119 384
119 410
119 426
119 436
119 464
119 467
119 472
119 11
119 15
119 22
119 56
119 60
119 122
119 134
119 135
119 150
119 153
119 156
119 169
119 186
119 192
119 194
119 204
119 369
120 281
120 326
120 347
120 367
120 370
120 381
120 415
120 448
120 494
120 21
120 27
120 33
120 34
120 37
120 55
120 67
120 106
120 107
120 152
120 165
120 176
120 182
120 206
120 217
120 220
120 225
120 242
121 251
121 306
121 308
121 359
121 372
121 386
121 453
121 467
121 482
121 485
121 67
121 68
121 87
121 137
121 142
121 148
121 171
121 177
121 186
121 192
121 248
121 371
122 252
122 262
122 278
122 287
122 297
122 322
122 412
122 431
122 432
122 440
122 447
122 476
122 478
122 485
122 30
122 46
122 93
122 119
122 129
122 146
122 153
122 160
122 206
122 207
122 224
122 231
122 372
123 276
123 296
123 368
123 381
123 399
123 408
123 432
123 442
123 481
123 486
123 494
123 0
123 49
123 52
123 68
123 117
123 132
123 140
123 149
123 161
123 183
123 205
123 238
123 239
123 373
124 276
124 298
124 381
124 386
124 454
124 475
124 22
124 40
124 54
124 59
124 91
124 100
124 110
124 112
124 152
124 158
124 170
124 184
124 197
124 226
124 374
125 257
125 280
125 296
125 300
125 302
125 326
125 339
125 355
125 358
125 443
125 469
125 480
125 4
125 11
125 47
125 58
125 61
125 63
125 100
125 104
125 159
125 164
125 178
125 215
125 375
126 253
126 315
126 349
126 360
126 388
126 454
126 463
126 468
126 471
126 497
126 22
126 38
126 67
126 90
126 91
126 104
126 106
126 132
126 136
126 137
126 149
126 184
126 202
126 204
126 215
126 376
127 278
127 299
127 385
127 422
127 463
127 2
127 17
127 18
127 38
127 48
127 55
127 63
127 93
127 99
127 136
127 138
127 151
127 163
127 164
127 212
127 241
127 377
128 256
128 287
128 297
128 325
128 334
128 349
128 369
128 412
128 418
128 448
128 497
128 1
128 30
128 41
128 55
128 64
128 113
128 155
128 168
128 171
128 210
128 223
128 225
128 378
129 275
129 284
129 324
129 361
129 372
129 373
129 379
129 434
129 476
129 19
129 22
129 42
129 89
129 122
129 192
129 212
130 304
130 340
130 351
130 370
130 387
130 416
130 427
130 444
130 447
130 17
130 47
130 58
130 103
130 180
130 181
130 188
130 244
130 380
131 253
131 336
131 371
131 391
131 416
131 421
131 445
131 468
131 31
131 69
131 84
131 88
131 101
131 137
131 163
131 175
131 181
131 226
131 230
131 381
132 286
132 389
132 404
132 435
132 482
132 493
132 8
132 51
132 55
132 57
132 71
132 106
132 114
132 123
132 126
132 146
132 150
132 194
132 206
132 228
132 382
133 250
133 266
133 300
133 309
133 322
133 326
133 329
133 352
133 358
133 490
133 494
133 49
133 74
133 79
133 109
133 173
133 212
133 383
134 251
134 279
134 295
134 398
134 421
134 424
134 431
134 474
134 490
134 19
134 36
134 44
134 46
134 62
134 91
134 99
134 113
134 116
134 119
134 143
134 158
134 167
134 248
134 384
135 264
135 270
135 272
135 320
135 322
135 332
135 358
135 372
135 432
135 450
135 479
135 21
135 102
135 119
135 167
135 175
135 186
135 203
135 206
135 224
135 233
135 235
135 239
135 244
135 385
136 261
136 268
136 281
136 315
136 332
136 369
136 406
136 411
136 416
136 419
136 420
136 428
136 435
136 457
136 459
136 475
136 489
136 22
136 51
136 65
136 94
136 99
136 126
136 127
136 156
136 174
136 181
136 194
136 198
136 211
136 215
136 247
136 386
137 314
137 346
137 383
137 384
137 427
137 447
137 450
137 455
137 483
137 498
137 29
137 42
137 48
137 64
137 66
137 71
137 98
137 121
137 126
137 131
137 140
137 195
137 387
138 260
138 266
138 277
138 325
138 360
138 393
138 416
138 430
138 435
138 497
138 8
138 21
138 64
138 66
138 67
138 127
138 139
138 144
138 160
138 182
138 194
138 203
138 239
138 248
138 388
139 262
139 362
139 394
139 397
139 432
139 435
139 494
139 5
139 27
139 56
139 68
139 138
139 178
139 189
139 217
139 223
139 232
139 236
139 237
139 389
140 285
140 301
140 307
140 323
140 340
140 350
140 354
140 374
140 375
140 409
140 443
140 464
140 489
140 12
140 23
140 40
140 44
140 55
140 69
140 103
140 117
140 123
140 137
140 165
140 390
141 272
141 299
141 303
141 330
141 336
141 362
141 392
141 478
141 486
141 14
141 37
141 48
141 76
141 82
141 147
141 203
141 239
141 391
142 272
142 284
142 299
142 320
142 339
142 349
142 359
142 365
142 366
142 396
142 413
142 443
142 445
142 450
142 454
142 467
142 69
142 90
142 121
142 162
142 177
142 204
142 222
142 229
142 230
142 248
142 392
143 252
143 260
143 280
143 283
143 299
143 318
143 402
143 440
143 447
143 19
143 35
143 84
143 95
143 134
143 201
143 214
143 393
144 312
144 314
144 379
144 403
144 405
144 416
144 464
144 481
144 494
144 0
144 4
144 64
144 86
144 109
144 112
144 117
144 138
144 146
144 175
144 219
144 220
144 237
144 242
144 394
145 254
145 262
145 270
145 289
145 420
145 438
145 441
145 449
145 458
145 469
145 73
145 85
145 113
145 157
145 179
145 207
145 210
145 239
145 246
145 395
146 251
146 254
146 263
146 296
146 331
146 360
146 378
146 430
146 436
146 442
146 445
146 465
146 491
146 32
146 58
146 81
146 98
146 99
146 102
146 112
146 122
146 132
146 144
146 167
146 180
146 396
147 251
147 272
147 294
147 309
147 312
147 339
147 356
147 390
147 425
147 17
147 21
147 24
147 29
147 35
147 38
147 56
147 73
147 80
147 96
147 109
147 112
147 118
147 141
147 184
147 191
147 201
147 205
147 213
147 228
147 244
147 397
148 285
148 376
148 400
148 432
148 449
148 462
148 18
148 28
148 42
148 44
148 69
148 81
148 93
148 121
148 169
148 224
148 239
148 249
148 398
149 293
149 328
149 335
149 343
149 437
149 446
149 460
149 479
149 14
149 35
149 38
149 98
149 100
149 111
149 123
149 126
149 170
149 171
149 182
149 196
149 249
149 399
150 263
150 271
150 335
150 340
150 365
150 401
150 410
150 446
150 461
150 487
150 4
150 16
150 23
150 64
150 67
150 70
150 119
150 132
150 151
150 170
150 171
150 181
150 205
150 237
150 400
151 283
151 310
151 352
151 359
151 379
151 422
151 431
151 435
151 459
151 493
151 495
151 6
151 23
151 62
151 85
151 90
151 114
151 127
151 150
151 154
151 155
151 158
151 160
151 169
151 192
151 202
151 211
151 226
151 248
151 401
152 259
152 319
152 332
152 349
152 402
152 460
152 489
152 496
152 36
152 100
152 118
152 120
152 124
152 172
152 185
152 194
152 203
152 217
153 291
153 314
153 340
153 371
153 384
153 412
153 427
153 486
153 70
153 71
153 91
153 119
153 122
153 154
153 166
153 176
153 218
153 239
153 403
154 253
154 255
154 277
154 292
154 326
154 412
154 420
154 428
154 462
154 468
154 477
154 13
154 42
154 94
154 151
154 153
154 172
154 200
154 234
154 404
155 270
155 344
155 363
155 369
155 398
155 462
155 473
155 494
155 37
155 39
155 57
155 98
155 128
155 151
155 161
155 163
155 171
155 182
155 209
155 220
155 225
155 405
156 252
156 256
156 352
156 388
156 401
156 402
156 450
156 452
156 485
156 6
156 58
156 103
156 119
156 136
156 181
156 206
156 220
156 226
156 406
157 287
157 348
157 395
157 399
157 417
157 427
157 438
157 466
157 5
157 9
157 26
157 145
157 208
157 217
157 237
157 242
157 247
157 407
158 304
158 337
158 368
158 375
158 400
158 423
158 442
158 464
158 91
158 115
158 124
158 134
158 151
158 172
158 180
158 215
158 225
158 229
158 408
159 272
159 295
159 301
159 330
159 382
159 432
159 446
159 461
159 481
159 484
159 493
159 5
159 43
159 51
159 54
159 66
159 67
159 125
159 204
159 213
159 409
160 253
160 283
160 315
160 320
160 335
160 337
160 404
160 427
160 439
160 448
160 452
160 486
160 488
160 494
160 23
160 31
160 58
160 81
160 112
160 122
160 138
160 151
160 161
160 169
160 187
160 201
160 224
160 226
160 410
161 264
161 267
161 278
161 298
161 305
161 307
161 337
161 359
161 410
161 438
161 441
161 451
161 473
161 478
161 5
161 6
161 65
161 123
161 155
161 160
161 202
161 207
161 411
162 296
162 307
162 316
162 336
162 352
162 371
162 423
162 436
162 447
162 470
162 487
162 489
162 491
162 21
162 25
162 53
162 54
162 58
162 88
162 89
162 92
162 99
162 142
162 206
162 412
163 260
163 274
163 290
163 328
163 348
163 382
163 435
163 455
163 491
163 21
163 30
163 44
163 61
163 72
163 99
163 104
163 127
163 131
163 155
163 166
163 179
163 204
163 413
164 285
164 301
164 357
164 370
164 431
164 468
164 477
164 486
164 14
164 29
164 54
164 59
164 78
164 81
164 86
164 111
164 118
164 125
164 127
164 178
164 226
164 414
165 307
165 376
165 387
165 466
165 485
165 491
165 492
165 15
165 63
165 104
165 120
165 140
165 169
165 170
165 191
165 205
165 415
166 298
166 331
166 365
166 367
166 395
166 405
166 413
166 451
166 459
166 9
166 21
166 27
166 57
166 60
166 65
166 80
166 153
166 163
166 170
166 172
166 200
166 416
167 250
167 255
167 356
167 394
167 425
167 432
167 43
167 52
167 54
167 56
167 63
167 68
167 107
167 134
167 135
167 146
167 206
167 221
167 417
168 333
168 362
168 442
168 448
168 471
168 7
168 31
168 44
168 47
168 56
168 101
168 111
168 128
168 173
168 180
168 203
168 204
168 242
168 418
169 252
169 277
169 280
169 283
169 290
169 314
169 349
169 387
169 400
169 468
169 5
169 8
169 35
169 54
169 58
169 70
169 88
169 113
169 119
169 148
169 151
169 160
169 165
169 174
169 220
169 419
170 268
170 315
170 322
170 323
170 350
170 400
170 401
170 445
170 462
170 472
170 492
170 8
170 29
170 30
170 57
170 58
170 97
170 98
170 102
170 124
170 149
170 150
170 165
170 166
170 172
170 197
170 203
170 228
170 237
170 420
171 254
171 259
171 278
171 334
171 347
171 359
171 379
171 405
171 408
171 471
171 10
171 29
171 60
171 80
171 83
171 121
171 128
171 149
171 150
171 155
171 174
171 193
171 201
171 202
171 245
171 421
172 251
172 273
172 283
172 286
172 337
172 364
172 439
172 14
172 50
172 70
172 152
172 154
172 158
172 166
172 170
172 188
172 239
172 422
173 270
173 338
173 350
173 356
173 384
173 387
173 402
173 410
173 450
173 483
173 2
173 17
173 27
173 30
173 53
173 54
173 62
173 66
173 77
173 101
173 133
173 168
173 178
173 188
173 234
173 239
173 244
173 249
173 423
174 251
174 259
174 301
174 336
174 372
174 407
174 469
174 8
174 58
174 91
174 136
174 169
174 171
174 211
174 222
174 234
174 424
175 320
175 393
175 407
175 420
175 422
175 425
175 464
175 483
175 498
175 7
175 34
175 36
175 54
175 63
175 77
175 99
175 104
175 111
175 131
175 135
175 144
175 188
175 216
175 242
175 246
176 320
176 372
176 376
176 409
176 423
176 461
176 477
176 7
176 9
176 15
176 17
176 32
176 40
176 51
176 56
176 63
176 86
176 99
176 120
176 153
176 179
176 213
176 217
176 229
176 426
177 254
177 263
177 275
177 287
177 303
177 325
177 388
177 405
177 420
177 424
177 425
177 477
177 13
177 17
177 27
177 33
177 52
177 54
177 63
177 84
177 89
177 94
177 121
177 142
177 179
177 185
177 188
177 427
178 256
178 305
178 419
178 427
178 429
178 472
178 499
178 62
178 125
178 139
178 164
178 173
178 224
178 226
178 231
178 241
178 245
178 428
179 269
179 299
179 319
179 401
179 424
179 446
179 451
179 453
179 466
179 5
179 33
179 66
179 73
179 88
179 104
179 145
179 163
179 176
179 177
179 186
179 217
179 248
179 429
180 252
180 257
180 267
180 272
180 277
180 281
180 306
180 316
180 339
180 342
180 363
180 420
180 434
180 474
180 487
180 5
180 44
180 130
180 146
180 158
180 168
180 203
180 208
180 216
180 223
180 241
180 430
181 286
181 319
181 348
181 352
181 399
181 407
181 469
181 470
181 486
181 58
181 94
181 101
181 130
181 131
181 136
181 150
181 156
181 186
181 195
181 200
181 208
181 235
181 431
182 288
182 289
182 311
182 322
182 343
182 393
182 419
182 434
182 435
182 441
182 452
182 463
182 492
182 497
182 17
182 53
182 76
182 87
182 118
182 120
182 138
182 149
182 155
182 244
182 432
183 272
183 367
183 403
183 406
183 408
183 4
183 34
183 83
183 102
183 106
183 107
183 123
183 185
183 197
183 235
183 433
184 291
184 306
184 337
184 366
184 378
184 387
184 390
184 411
184 443
184 483
184 492
184 11
184 42
184 50
184 58
184 63
184 67
184 77
184 110
184 114
184 124
184 126
184 147
184 189
184 190
184 191
184 192
184 241
184 434
185 312
185 393
185 414
185 429
185 457
185 458
185 21
185 35
185 81
185 83
185 97
185 152
185 177
185 183
185 190
185 203
185 216
185 243
185 245
185 435
186 253
186 285
186 299
186 351
186 352
186 360
186 364
186 366
186 421
186 438
186 474
186 2
186 10
186 57
186 75
186 100
186 103
186 116
186 119
186 121
186 135
186 179
186 181
186 188
186 199
186 436
187 253
187 281
187 310
187 318
187 404
187 407
187 414
187 440
187 482
187 16
187 31
187 72
187 84
187 94
187 95
187 116
187 160
187 215
187 244
187 437
188 259
188 281
188 292
188 293
188 311
188 340
188 385
188 403
188 419
188 435
188 15
188 18
188 22
188 25
188 39
188 49
188 55
188 85
188 94
188 130
188 172
188 173
188 175
188 177
188 186
188 229
188 438
189 322
189 346
189 364
189 365
189 411
189 421
189 447
189 486
189 38
189 80
189 118
189 139
189 184
189 204
189 217
189 219
189 234
189 246
189 439
190 251
190 275
190 280
190 295
190 312
190 334
190 342
190 367
190 388
190 431
190 462
190 488
190 77
190 91
190 103
190 108
190 184
190 185
190 229
190 233
190 241
190 243
190 440
191 259
191 278
191 302
191 321
191 344
191 354
191 377
191 386
191 392
191 394
191 430
191 434
191 445
191 461
191 471
191 489
191 492
191 80
191 86
191 108
191 147
191 165
191 184
191 208
191 441
192 257
192 266
192 275
192 283
192 315
192 318
192 324
192 336
192 369
192 409
192 411
192 432
192 465
192 481
192 488
192 4
192 5
192 14
192 23
192 57
192 66
192 75
192 84
192 91
192 96
192 119
192 121
192 129
192 151
192 184
192 210
192 214
192 442
193 316
193 327
193 362
193 372
193 398
193 423
193 26
193 29
193 39
193 82
193 171
193 221
193 228
193 236
193 443
194 250
194 255
194 271
194 310
194 340
194 353
194 407
194 413
194 463
194 473
194 482
194 484
194 493
194 55
194 60
194 78
194 94
194 97
194 98
194 110
194 119
194 132
194 136
194 138
194 152
194 202
194 220
194 444
195 293
195 300
195 302
195 308
195 350
195 390
195 391
195 425
195 435
195 454
195 466
195 471
195 485
195 2
195 13
195 14
195 15
195 41
195 50
195 86
195 87
195 114
195 117
195 137
195 181
195 230
195 245
195 445
196 259
196 317
196 337
196 412
196 428
196 438
196 441
196 455
196 459
196 471
196 9
196 53
196 61
196 117
196 149
196 446
197 264
197 280
197 284
197 340
197 372
197 374
197 396
197 428
197 453
197 462
197 477
197 5
197 9
197 52
197 60
197 102
197 112
197 113
197 124
197 170
197 183
197 210
197 237
197 242
197 447
198 285
198 325
198 384
198 388
198 440
198 449
198 13
198 66
198 72
198 108
198 110
198 136
198 207
198 448
199 315
199 323
199 326
199 355
199 369
199 381
199 415
199 463
199 497
199 499
199 29
199 34
199 51
199 85
199 88
199 89
199 106
199 186
199 246
199 449
200 329
200 343
200 396
200 468
200 469
200 470
200 489
200 497
200 499
200 69
200 70
200 87
200 113
200 154
200 166
200 181
200 214
200 227
200 243
200 450
201 250
201 260
201 261
201 265
201 295
201 303
201 327
201 336
201 369
201 373
201 446
201 450
201 468
201 15
201 18
201 23
201 46
201 59
201 79
201 93
201 143
201 147
201 160
201 171
201 247
201 451
202 252
202 256
202 267
202 312
202 368
202 375
202 400
202 401
202 476
202 6
202 22
202 57
202 69
202 85
202 87
202 97
202 108
202 126
202 151
202 161
202 171
202 194
202 207
202 222
202 233
202 452
203 280
203 287
203 306
203 323
203 326
203 424
203 445
203 450
203 474
203 476
203 483
203 498
203 57
203 84
203 98
203 108
203 135
203 138
203 141
203 152
203 168
203 170
203 180
203 185
203 210
203 221
203 226
203 227
203 235
203 246
203 453
204 253
204 265
204 271
204 276
204 326
204 368
204 382
204 403
204 412
204 447
204 477
204 9
204 18
204 26
204 47
204 55
204 93
204 100
204 119
204 126
204 142
204 159
204 163
204 168
204 189
204 206
204 219
204 233
204 454
205 260
205 279
205 319
205 361
205 396
205 411
205 452
205 496
205 6
205 53
205 93
205 99
205 123
205 147
205 150
205 165
205 224
205 225
205 231
205 455
206 255
206 264
206 270
206 307
206 316
206 318
206 363
206 364
206 375
206 387
206 403
206 406
206 425
206 428
206 471
206 7
206 10
206 32
206 54
206 77
206 92
206 98
206 118
206 120
206 122
206 132
206 135
206 156
206 162
206 167
206 204
206 224
206 456
207 253
207 275
207 307
207 333
207 367
207 399
207 433
207 445
207 446
207 492
207 5
207 22
207 47
207 59
207 114
207 122
207 145
207 161
207 198
207 202
207 224
207 233
207 457
208 271
208 276
208 280
208 283
208 290
208 308
208 311
208 324
208 325
208 330
208 385
208 417
208 10
208 18
208 19
208 58
208 100
208 157
208 180
208 181
208 191
208 217
208 230
208 458
209 265
209 271
209 279
209 303
209 317
209 329
209 339
209 436
209 450
209 468
209 0
209 3
209 25
209 52
209 87
209 155
209 221
209 238
209 459
210 252
210 319
210 354
210 362
210 384
210 406
210 416
210 417
210 452
210 478
210 2
210 4
210 5
210 34
210 46
210 50
210 65
210 73
210 102
210 106
210 128
210 145
210 192
210 197
210 203
210 460
211 361
211 400
211 420
211 476
211 65
211 86
211 136
211 151
211 174
211 245
211 461
212 253
212 261
212 264
212 273
212 277
212 290
212 293
212 296
212 302
212 304
212 347
212 364
212 414
212 417
212 469
212 470
212 477
212 3
212 24
212 127
212 129
212 133
212 217
212 225
212 233
212 462
213 251
213 262
213 274
213 288
213 297
213 335
213 368
213 397
213 429
213 456
213 473
213 489
213 499
213 19
213 31
213 34
213 52
213 56
213 66
213 106
213 111
213 147
213 159
213 176
213 234
213 463
214 285
214 303
214 415
214 435
214 450
214 478
214 4
214 7
214 24
214 33
214 37
214 56
214 143
214 192
214 200
214 222
214 464
215 273
215 338
215 353
215 397
215 435
215 8
215 17
215 33
215 38
215 76
215 95
215 125
215 126
215 136
215 158
215 187
215 465
216 256
216 311
216 314
216 344
216 350
216 369
216 380
216 399
216 446
216 452
216 498
216 23
216 37
216 51
216 53
216 61
216 85
216 175
216 180
216 185
216 235
216 466
217 272
217 297
217 315
217 323
217 332
217 337
217 338
217 399
217 413
217 437
217 487
217 16
217 19
217 32
217 70
217 73
217 80
217 90
217 99
217 120
217 139
217 152
217 157
217 176
217 179
217 189
217 208
217 212
217 467
218 273
218 297
218 334
218 403
218 405
218 482
218 12
218 36
218 43
218 117
218 153
218 239
218 468
219 250
219 262
219 336
219 364
219 367
219 395
219 408
219 417
219 466
219 486
219 20
219 38
219 43
219 48
219 85
219 90
219 115
219 144
219 189
219 204
219 231
219 237
219 248
219 469
220 254
220 257
220 309
220 321
220 341
220 376
220 401
220 408
220 452
220 489
220 34
220 40
220 67
220 75
220 79
220 99
220 102
220 120
220 144
220 155
220 156
220 169
220 194
220 470
221 253
221 268
221 271
221 287
221 288
221 321
221 360
221 377
221 420
221 437
221 464
221 475
221 491
221 10
221 41
221 74
221 92
221 100
221 167
221 193
221 203
221 209
221 228
221 243
221 248
221 471
222 255
222 259
222 262
222 287
222 315
222 342
222 437
222 441
222 445
222 472
222 476
222 478
222 22
222 28
222 94
222 109
222 112
222 114
222 142
222 174
222 202
222 214
222 223
222 229
222 237
223 294
223 383
223 386
223 467
223 60
223 68
223 71
223 128
223 139
223 180
223 222
223 234
223 473
224 273
224 303
224 327
224 350
224 445
224 456
224 12
224 15
224 35
224 76
224 122
224 135
224 148
224 160
224 178
224 205
224 206
224 207
224 226
224 236
224 474
225 255
225 257
225 259
225 267
225 304
225 313
225 323
225 422
225 436
225 455
225 459
225 475
225 36
225 45
225 53
225 57
225 58
225 68
225 120
225 128
225 155
225 158
225 205
225 212
225 227
225 229
225 249
226 266
226 272
226 289
226 304
226 316
226 338
226 385
226 413
226 420
226 430
226 434
226 455
226 478
226 486
226 494
226 16
226 21
226 24
226 54
226 65
226 77
226 95
226 124
226 131
226 151
226 156
226 160
226 164
226 178
226 203
226 224
226 476
227 251
227 275
227 293
227 302
227 393
227 438
227 440
227 448
227 16
227 23
227 66
227 74
227 77
227 200
227 203
227 225
227 236
227 241
227 477
228 254
228 285
228 294
228 305
228 307
228 320
228 339
228 340
228 351
228 363
228 367
228 370
228 425
228 457
228 458
228 461
228 472
228 22
228 25
228 30
228 36
228 42
228 61
228 118
228 132
228 147
228 170
228 193
228 221
228 478
229 295
229 394
229 472
229 10
229 17
229 28
229 37
229 55
229 79
229 93
229 142
229 158
229 176
229 188
229 190
229 222
229 225
229 233
229 234
229 479
230 260
230 297
230 334
230 355
230 417
230 444
230 455
230 460
230 498
230 0
230 6
230 35
230 39
230 61
230 85
230 95
230 111
230 114
230 115
230 131
230 142
230 195
230 208
230 231
230 239
230 480
231 280
231 319
231 322
231 327
231 390
231 440
231 444
231 61
231 82
231 122
231 178
231 205
231 219
231 230
231 235
231 243
231 481
232 253
232 276
232 296
232 320
232 327
232 347
232 353
232 387
232 392
232 402
232 404
232 432
232 465
232 485
232 495
232 1
232 21
232 45
232 47
232 48
232 51
232 87
232 139
232 244
232 482
233 263
233 264
233 266
233 300
233 386
233 387
233 425
233 473
233 481
233 495
233 13
233 43
233 47
233 48
233 62
233 73
233 78
233 90
233 110
233 111
233 135
233 190
233 202
233 204
233 207
233 212
233 229
233 483
234 412
234 414
234 424
234 433
234 447
234 456
234 460
234 480
234 27
234 31
234 46
234 69
234 79
234 111
234 112
234 154
234 173
234 174
234 189
234 213
234 223
234 229
234 484
235 288
235 325
235 343
235 358
235 390
235 403
235 429
235 456
235 463
235 498
235 16
235 25
235 33
235 40
235 41
235 46
235 60
235 135
235 181
235 183
235 203
235 216
235 231
235 236
235 238
235 485
236 285
236 288
236 321
236 361
236 369
236 493
236 4
236 12
236 21
236 39
236 55
236 84
236 90
236 103
236 139
236 193
236 224
236 227
236 235
236 245
236 486
237 251
237 259
237 261
237 271
237 274
237 305
237 319
237 325
237 332
237 356
237 372
237 387
237 412
237 415
237 2
237 18
237 26
237 31
237 32
237 40
237 63
237 82
237 139
237 144
237 150
237 157
237 170
237 197
237 219
237 222
237 487
238 264
238 270
238 307
238 344
238 370
238 394
238 438
238 455
238 456
238 466
238 469
238 487
238 6
238 19
238 20
238 72
238 85
238 105
238 106
238 123
238 209
238 235
238 488
239 269
239 281
239 297
239 309
239 338
239 357
239 453
239 454
239 457
239 471
239 482
239 0
239 8
239 24
239 26
239 43
239 66
239 73
239 78
239 96
239 102
239 106
239 107
239 116
239 123
239 135
239 138
239 141
239 145
239 148
239 153
239 172
239 173
239 218
239 230
239 489
240 277
240 289
240 313
240 328
240 348
240 383
240 484
240 492
240 6
240 9
240 12
240 42
240 51
240 59
240 84
240 106
240 490
241 276
241 330
241 377
241 380
241 400
241 407
241 420
241 438
241 444
241 457
241 479
241 40
241 42
241 49
241 84
241 93
241 127
241 178
241 180
241 184
241 190
241 227
241 244
241 491
242 286
242 353
242 373
242 402
242 420
242 427
242 456
242 467
242 480
242 41
242 47
242 89
242 97
242 105
242 120
242 144
242 157
242 168
242 175
242 197
242 243
242 492
243 274
243 279
243 315
243 317
243 324
243 359
243 388
243 390
243 405
243 407
243 425
243 476
243 488
243 492
243 47
243 86
243 93
243 185
243 190
243 200
243 221
243 231
243 242
243 493
244 260
244 270
244 273
244 277
244 323
244 346
244 372
244 380
244 384
244 485
244 489
244 49
244 60
244 80
244 85
244 130
244 135
244 147
244 173
244 182
244 187
244 232
244 241
244 494
245 336
245 348
245 352
245 397
245 414
245 418
245 496
245 11
245 14
245 43
245 101
245 171
245 178
245 185
245 195
245 211
245 236
245 495
246 262
246 279
246 287
246 288
246 295
246 376
246 380
246 439
246 458
246 471
246 48
246 62
246 100
246 105
246 109
246 113
246 116
246 145
246 175
246 189
246 199
246 203
246 496
247 316
247 322
247 358
247 367
247 454
247 4
247 15
247 19
247 37
247 54
247 55
247 85
247 136
247 157
247 201
247 497
248 251
248 265
248 279
248 343
248 375
248 383
248 396
248 406
248 438
248 447
248 471
248 479
248 22
248 46
248 50
248 69
248 70
248 83
248 121
248 134
248 138
248 142
248 151
248 179
248 219
248 221
248 498
249 250
249 276
249 278
249 281
249 307
249 315
249 322
249 343
249 362
249 370
249 435
249 441
249 446
249 497
249 15
249 17
249 51
249 59
249 77
249 97
249 112
249 115
249 148
249 149
249 173
249 225
249 499
250 40
250 59
250 66
250 133
250 167
250 194
250 201
250 219
250 249
250 0
251 1
251 8
251 23
251 53
251 61
251 109
251 121
251 134
251 146
251 147
251 172
251 174
251 190
251 213
251 227
251 237
251 248
252 19
252 27
252 103
252 122
252 143
252 156
252 169
252 180
252 202
252 210
252 2
253 11
253 27
253 37
253 49
253 67
253 126
253 131
253 154
253 160
253 186
253 187
253 204
253 207
253 212
253 221
253 232
253 3
254 37
254 145
254 146
254 171
254 177
254 220
254 228
254 4
255 34
255 47
255 52
255 83
255 116
255 154
255 167
255 194
255 206
255 222
255 225
255 5
256 25
256 46
256 60
256 70
256 74
256 106
256 107
256 110
256 128
256 156
256 178
256 202
256 216
256 6
257 2
257 42
257 44
257 56
257 57
257 96
257 117
257 125
257 180
257 192
257 220
257 225
257 7
258 27
258 78
258 90
258 103
258 104
258 115
258 8
259 31
259 66
259 95
259 152
259 171
259 174
259 188
259 191
259 196
259 222
259 225
259 237
259 9
260 57
260 85
260 91
260 92
260 103
260 138
260 143
260 163
260 201
260 205
260 230
260 244
260 10
261 38
261 61
261 67
261 77
261 113
261 117
261 136
261 201
261 212
261 237
261 11
262 12
262 22
262 29
262 32
262 44
262 119
262 122
262 139
262 145
262 213
262 219
262 222
262 246
263 1
263 32
263 35
263 68
263 69
263 105
263 113
263 119
263 146
263 150
263 177
263 233
263 13
264 25
264 43
264 62
264 71
264 76
264 135
264 161
264 197
264 206
264 212
264 233
264 238
264 14
265 13
265 24
265 37
265 57
265 96
265 115
265 201
265 204
265 209
265 248
265 15
266 1
266 41
266 47
266 56
266 69
266 96
266 116
266 133
266 138
266 192
266 226
266 233
266 16
267 31
267 41
267 161
267 180
267 202
267 225
267 17
268 44
268 57
268 74
268 79
268 83
268 95
268 109
268 136
268 170
268 221
268 18
269 9
269 32
269 44
269 81
269 179
269 239
269 19
270 39
270 104
270 106
270 135
270 145
270 155
270 173
270 206
270 238
270 244
270 20
271 10
271 61
271 84
271 112
271 150
271 194
271 204
271 208
271 209
271 221
271 237
271 21
272 135
272 141
272 142
272 147
272 159
272 180
272 183
272 217
272 226
272 22
273 11
273 42
273 65
273 67
273 84
273 89
273 96
273 106
273 172
273 212
273 215
273 218
273 224
273 244
273 23
274 3
274 14
274 73
274 93
274 111
274 116
274 163
274 213
274 237
274 243
274 24
275 4
275 32
275 106
275 129
275 177
275 190
275 192
275 207
275 227
275 25
276 3
276 44
276 75
276 105
276 107
276 110
276 123
276 124
276 204
276 208
276 232
276 241
276 249
276 26
277 6
277 23
277 37
277 40
277 44
277 53
277 63
277 138
277 154
277 169
277 180
277 212
277 240
277 244
277 27
278 45
278 94
278 102
278 106
278 117
278 122
278 127
278 161
278 171
278 191
278 249
278 28
279 1
279 38
279 46
279 74
279 101
279 102
279 117
279 134
279 205
279 209
279 243
279 246
279 248
279 29
280 27
280 47
280 59
280 80
280 86
280 90
280 104
280 115
280 125
280 143
280 169
280 190
280 197
280 203
280 208
280 231
280 30
281 45
281 53
281 87
281 120
281 136
281 180
281 187
281 188
281 239
281 249
281 31
282 32
282 100
282 106
282 118
283 11
283 72
283 96
283 143
283 151
283 160
283 169
283 172
283 192
283 208
283 33
284 30
284 36
284 129
284 142
284 197
284 34
285 8
285 10
285 23
285 39
285 86
285 107
285 118
285 140
285 148
285 164
285 186
285 198
285 214
285 228
285 236
285 35
286 69
286 132
286 172
286 181
286 242
286 36
287 21
287 30
287 54
287 122
287 128
287 157
287 177
287 203
287 221
287 222
287 246
287 37
288 14
288 41
288 42
288 63
288 94
288 182
288 213
288 221
288 235
288 236
288 246
288 38
289 45
289 57
289 72
289 145
289 182
289 226
289 240
289 39
290 13
290 22
290 36
290 163
290 169
290 208
290 212
290 40
291 21
291 29
291 44
291 68
291 73
291 97
291 102
291 153
291 184
291 41
292 10
292 20
292 47
292 101
292 154
292 188
292 42
293 4
293 13
293 22
293 82
293 149
293 188
293 195
293 212
293 227
293 43
294 19
294 66
294 77
294 91
294 147
294 223
294 228
294 44
295 9
295 11
295 98
295 100
295 134
295 159
295 190
295 201
295 229
295 246
295 45
296 10
296 12
296 25
296 43
296 62
296 79
296 113
296 123
296 125
296 146
296 162
296 212
296 232
296 46
297 22
297 29
297 46
297 122
297 128
297 213
297 217
297 218
297 230
297 239
297 47
298 46
298 59
298 69
298 71
298 86
298 124
298 161
298 166
298 48
299 46
299 102
299 127
299 141
299 142
299 143
299 179
299 186
299 49
300 9
300 25
300 55
300 65
300 125
300 133
300 195
300 233
300 50
301 20
301 49
301 140
301 159
301 164
301 174
301 51
302 1
302 43
302 125
302 191
302 195
302 212
302 227
302 52
303 2
303 35
303 62
303 75
303 108
303 141
303 177
303 201
303 209
303 214
303 224
303 53
304 0
304 44
304 85
304 130
304 158
304 212
304 225
304 226
304 54
305 9
305 31
305 161
305 178
305 228
305 237
305 55
306 30
306 104
306 121
306 180
306 184
306 203
306 56
307 7
307 44
307 75
307 79
307 140
307 161
307 162
307 165
307 206
307 207
307 228
307 238
307 249
307 57
308 7
308 16
308 19
308 22
308 41
308 93
308 103
308 114
308 117
308 121
308 195
308 208
308 58
309 7
309 62
309 66
309 133
309 147
309 220
309 239
309 59
310 2
310 12
310 20
310 33
310 46
310 47
310 95
310 151
310 187
310 194
310 60
311 14
311 16
311 43
311 117
311 182
311 188
311 208
311 216
311 61
312 0
312 5
312 7
312 51
312 69
312 144
312 147
312 185
312 190
312 202
312 62
313 5
313 7
313 43
313 89
313 225
313 240
313 63
314 33
314 81
314 137
314 144
314 153
314 169
314 216
314 64
315 21
315 42
315 48
315 103
315 126
315 136
315 160
315 170
315 192
315 199
315 217
315 222
315 243
315 249
315 65
316 30
316 54
316 79
316 91
316 108
316 162
316 180
316 193
316 206
316 226
316 247
316 66
317 11
317 19
317 25
317 43
317 196
317 209
317 243
317 67
318 20
318 38
318 40
318 46
318 56
318 143
318 187
318 192
318 206
318 68
319 55
319 67
319 152
319 179
319 181
319 205
319 210
319 231
319 237
319 69
320 0
320 21
320 37
320 51
320 52
320 76
320 135
320 142
320 160
320 175
320 176
320 228
320 232
320 70
321 17
321 26
321 112
321 113
321 191
321 220
321 221
321 236
321 71
322 13
322 93
322 122
322 133
322 135
322 170
322 182
322 189
322 231
322 247
322 249
322 72
323 26
323 42
323 56
323 57
323 140
323 170
323 199
323 203
323 217
323 225
323 244
323 73
324 2
324 8
324 11
324 34
324 36
324 84
324 108
324 129
324 192
324 208
324 243
324 74
325 7
325 30
325 33
325 128
325 138
325 177
325 198
325 208
325 235
325 237
325 75
326 26
326 36
326 44
326 120
326 125
326 133
326 154
326 199
326 203
326 204
326 76
327 46
327 99
327 101
327 193
327 201
327 224
327 231
327 232
327 77
328 46
328 66
328 68
328 72
328 119
328 149
328 163
328 240
328 78
329 5
329 15
329 28
329 46
329 57
329 73
329 80
329 105
329 116
329 133
329 200
329 209
329 79
330 72
330 102
330 117
330 141
330 159
330 208
330 241
330 80
331 27
331 32
331 34
331 48
331 102
331 107
331 146
331 166
331 81
332 9
332 63
332 109
332 112
332 115
332 135
332 136
332 152
332 217
332 237
332 82
333 13
333 21
333 69
333 80
333 99
333 112
333 114
333 115
333 116
333 168
333 207
333 83
334 26
334 78
334 98
334 100
334 103
334 105
334 128
334 171
334 190
334 218
334 230
334 84
335 7
335 13
335 64
335 79
335 116
335 149
335 150
335 160
335 213
335 85
336 33
336 102
336 131
336 141
336 162
336 174
336 192
336 201
336 219
336 245
336 86
337 20
337 25
337 69
337 72
337 82
337 99
337 112
337 158
337 160
337 161
337 172
337 184
337 196
337 217
337 87
338 4
338 7
338 11
338 13
338 64
338 76
338 90
338 96
338 173
338 215
338 217
338 226
338 239
338 88
339 0
339 46
339 59
339 125
339 142
339 147
339 180
339 209
339 228
339 89
340 22
340 49
340 75
340 85
340 108
340 116
340 130
340 140
340 150
340 153
340 188
340 194
340 197
340 228
340 90
341 34
341 40
341 48
341 53
341 55
341 112
341 220
341 91
342 80
342 105
342 180
342 190
342 222
342 92
343 44
343 54
343 78
343 99
343 149
343 182
343 200
343 235
343 248
343 249
343 93
344 1
344 155
344 191
344 216
344 238
344 94
345 38
345 41
345 63
345 76
345 91
345 95
346 0
346 17
346 49
346 67
346 72
346 80
346 107
346 137
346 189
346 244
346 96
347 21
347 26
347 33
347 120
347 171
347 212
347 232
347 97
348 115
348 116
348 157
348 163
348 181
348 240
348 245
348 98
349 58
349 78
349 108
349 118
349 126
349 128
349 142
349 152
349 169
349 99
350 80
350 104
350 140
350 170
350 173
350 195
350 216
350 224
350 100
351 25
351 68
351 82
351 86
351 102
351 105
351 130
351 186
351 228
351 101
352 15
352 33
352 95
352 133
352 151
352 156
352 162
352 181
352 186
352 245
352 102
353 53
353 82
353 83
353 111
353 194
353 215
353 232
353 242
353 103
354 26
354 38
354 70
354 79
354 83
354 89
354 109
354 116
354 140
354 191
354 210
354 104
355 31
355 35
355 48
355 52
355 54
355 94
355 125
355 199
355 230
355 105
356 21
356 27
356 31
356 40
356 76
356 147
356 167
356 173
356 237
356 106
357 7
357 18
357 26
357 77
357 164
357 239
357 107
358 12
358 43
358 60
358 72
358 75
358 78
358 114
358 125
358 133
358 135
358 235
358 247
358 108
359 4
359 13
359 45
359 56
359 59
359 85
359 101
359 118
359 121
359 142
359 151
359 161
359 171
359 243
359 109
360 31
360 32
360 34
360 38
360 80
360 126
360 138
360 146
360 186
360 221
360 110
361 17
361 72
361 108
361 129
361 205
361 211
361 236
361 111
362 9
362 19
362 61
362 67
362 139
362 141
362 168
362 193
362 210
362 249
362 112
363 21
363 42
363 61
363 69
363 72
363 83
363 96
363 97
363 114
363 155
363 180
363 206
363 228
363 113
364 5
364 48
364 68
364 172
364 186
364 189
364 206
364 212
364 219
364 114
365 38
365 142
365 150
365 166
365 189
365 115
366 12
366 37
366 88
366 102
366 142
366 184
366 186
366 116
367 18
367 120
367 166
367 183
367 190
367 207
367 219
367 228
367 247
367 117
368 22
368 25
368 27
368 28
368 84
368 97
368 102
368 110
368 116
368 123
368 158
368 202
368 204
368 213
368 118
369 14
369 50
369 61
369 64
369 94
369 110
369 128
369 136
369 155
369 192
369 199
369 201
369 216
369 236
369 119
370 4
370 10
370 12
370 27
370 37
370 63
370 120
370 130
370 164
370 228
370 238
370 249
371 19
371 22
371 42
371 52
371 75
371 89
371 116
371 118
371 131
371 153
371 162
371 121
372 35
372 42
372 49
372 55
372 65
372 101
372 107
372 115
372 119
372 121
372 129
372 135
372 174
372 176
372 193
372 197
372 237
372 244
372 122
373 10
373 21
373 28
373 48
373 67
373 129
373 201
373 242
373 123
374 35
374 46
374 55
374 90
374 116
374 118
374 140
374 197
374 124
375 28
375 40
375 41
375 67
375 71
375 77
375 116
375 140
375 158
375 202
375 206
375 248
375 125
376 9
376 49
376 56
376 63
376 77
376 81
376 86
376 148
376 165
376 176
376 220
376 246
376 126
377 4
377 21
377 25
377 51
377 76
377 77
377 191
377 221
377 241
377 127
378 8
378 11
378 38
378 146
378 184
378 128
379 38
379 60
379 96
379 107
379 129
379 144
379 151
379 171
380 0
380 4
380 80
380 81
380 96
380 110
380 216
380 241
380 244
380 246
380 130
381 15
381 51
381 54
381 68
381 73
381 85
381 86
381 120
381 123
381 124
381 199
381 131
382 6
382 74
382 97
382 159
382 163
382 204
382 132
383 16
383 19
383 42
383 48
383 104
383 113
383 137
383 223
383 240
383 248
383 133
384 46
384 60
384 63
384 64
384 71
384 103
384 112
384 119
384 137
384 153
384 173
384 198
384 210
384 244
384 134
385 27
385 43
385 127
385 188
385 208
385 226
385 135
386 8
386 30
386 35
386 52
386 67
386 80
386 89
386 121
386 124
386 191
386 223
386 233
386 136
387 15
387 25
387 40
387 50
387 66
387 93
387 108
387 130
387 165
387 169
387 173
387 184
387 206
387 232
387 233
387 237
387 137
388 11
388 22
388 33
388 60
388 111
388 126
388 156
388 177
388 190
388 198
388 243
388 138
389 15
389 45
389 82
389 85
389 95
389 98
389 112
389 132
389 139
390 7
390 44
390 102
390 147
390 184
390 195
390 231
390 235
390 243
390 140
391 2
391 16
391 34
391 131
391 195
391 141
392 8
392 9
392 46
392 66
392 108
392 109
392 141
392 191
392 232
392 142
393 36
393 50
393 62
393 67
393 82
393 87
393 138
393 175
393 182
393 185
393 227
393 143
394 34
394 39
394 53
394 96
394 139
394 167
394 191
394 229
394 238
394 144
395 6
395 20
395 29
395 49
395 53
395 71
395 99
395 157
395 166
395 219
395 145
396 4
396 19
396 21
396 142
396 197
396 200
396 205
396 248
396 146
397 6
397 16
397 21
397 30
397 44
397 50
397 78
397 109
397 139
397 213
397 215
397 245
397 147
398 28
398 90
398 96
398 134
398 155
398 193
398 148
399 34
399 42
399 52
399 67
399 70
399 107
399 109
399 123
399 157
399 181
399 207
399 216
399 217
399 149
400 45
400 61
400 91
400 116
400 148
400 158
400 169
400 170
400 202
400 211
400 241
400 150
401 47
401 62
401 100
401 117
401 150
401 156
401 170
401 179
401 202
401 220
401 151
402 5
402 12
402 24
402 45
402 52
402 116
402 143
402 152
402 156
402 173
402 232
402 242
403 24
403 30
403 57
403 109
403 112
403 144
403 183
403 188
403 204
403 206
403 218
403 235
403 153
404 11
404 38
404 45
404 56
404 57
404 99
404 108
404 117
404 132
404 160
404 187
404 232
404 154
405 27
405 93
405 144
405 166
405 171
405 177
405 218
405 243
405 155
406 17
406 32
406 79
406 80
406 85
406 95
406 105
406 136
406 183
406 206
406 210
406 248
406 156
407 33
407 41
407 44
407 50
407 66
407 101
407 174
407 175
407 181
407 187
407 194
407 241
407 243
407 157
408 10
408 67
408 89
408 98
408 123
408 171
408 183
408 219
408 220
408 158
409 3
409 58
409 140
409 176
409 192
409 159
410 16
410 65
410 107
410 119
410 150
410 161
410 173
410 160
411 25
411 34
411 37
411 92
411 118
411 136
411 184
411 189
411 192
411 205
411 161
412 7
412 11
412 42
412 50
412 105
412 117
412 122
412 128
412 153
412 154
412 196
412 204
412 234
412 237
412 162
413 46
413 80
413 118
413 142
413 166
413 194
413 217
413 226
413 163
414 18
414 102
414 118
414 185
414 187
414 212
414 234
414 245
414 164
415 7
415 17
415 29
415 58
415 74
415 101
415 120
415 199
415 214
415 237
415 165
416 5
416 12
416 33
416 46
416 47
416 69
416 74
416 77
416 130
416 131
416 136
416 138
416 144
416 210
416 166
417 84
417 96
417 157
417 208
417 210
417 212
417 219
417 230
417 167
418 59
418 98
418 115
418 128
418 245
418 168
419 1
419 6
419 33
419 71
419 93
419 136
419 178
419 182
419 188
419 169
420 45
420 102
420 110
420 136
420 145
420 154
420 175
420 177
420 180
420 211
420 221
420 226
420 241
420 242
420 170
421 12
421 14
421 27
421 29
421 32
421 33
421 56
421 63
421 83
421 131
421 134
421 186
421 189
421 171
422 37
422 44
422 48
422 57
422 62
422 65
422 83
422 93
422 94
422 103
422 127
422 151
422 175
422 225
422 172
423 3
423 20
423 28
423 53
423 81
423 86
423 158
423 162
423 176
423 193
423 173
424 18
424 28
424 40
424 54
424 134
424 177
424 179
424 203
424 234
424 174
425 24
425 71
425 147
425 167
425 175
425 177
425 195
425 206
425 228
425 233
425 243
426 30
426 63
426 88
426 110
426 114
426 117
426 118
426 119
426 176
427 45
427 59
427 73
427 79
427 105
427 114
427 130
427 137
427 153
427 157
427 160
427 178
427 242
427 177
428 55
428 110
428 136
428 154
428 196
428 197
428 206
428 178
429 53
429 56
429 70
429 72
429 100
429 106
429 178
429 185
429 213
429 235
429 179
430 16
430 48
430 55
430 138
430 146
430 191
430 226
430 180
431 34
431 37
431 38
431 60
431 81
431 95
431 122
431 134
431 151
431 164
431 190
431 181
432 13
432 61
432 65
432 83
432 122
432 123
432 135
432 139
432 148
432 159
432 167
432 192
432 232
432 182
433 27
433 32
433 44
433 52
433 78
433 110
433 207
433 234
433 183
434 13
434 35
434 48
434 58
434 74
434 108
434 129
434 180
434 182
434 191
434 226
434 184
435 1
435 50
435 76
435 99
435 132
435 136
435 138
435 139
435 151
435 163
435 182
435 188
435 195
435 214
435 215
435 249
435 185
436 2
436 33
436 46
436 119
436 146
436 162
436 209
436 225
436 186
437 23
437 33
437 41
437 96
437 113
437 114
437 149
437 217
437 221
437 222
437 187
438 14
438 27
438 49
438 51
438 52
438 145
438 157
438 161
438 186
438 196
438 227
438 238
438 241
438 248
438 188
439 4
439 76
439 85
439 98
439 115
439 160
439 172
439 246
439 189
440 2
440 20
440 28
440 116
440 122
440 143
440 187
440 198
440 227
440 231
440 190
441 8
441 59
441 62
441 96
441 103
441 114
441 117
441 145
441 161
441 182
441 196
441 222
441 249
441 191
442 1
442 2
442 5
442 7
442 8
442 21
442 23
442 30
442 123
442 146
442 158
442 168
442 192
443 0
443 5
443 29
443 31
443 39
443 42
443 45
443 85
443 125
443 140
443 142
443 184
443 193
444 4
444 37
444 41
444 69
444 70
444 77
444 84
444 96
444 130
444 230
444 231
444 241
444 194
445 39
445 131
445 142
445 146
445 170
445 191
445 203
445 207
445 222
445 224
445 195
446 9
446 70
446 149
446 150
446 159
446 179
446 201
446 207
446 216
446 249
446 196
447 7
447 10
447 42
447 65
447 80
447 102
447 110
447 122
447 130
447 137
447 143
447 162
447 189
447 204
447 234
447 248
447 197
448 10
448 23
448 49
448 52
448 120
448 128
448 160
448 168
448 227
448 198
449 19
449 53
449 113
449 145
449 148
449 198
449 199
450 24
450 59
450 76
450 77
450 92
450 99
450 135
450 137
450 142
450 156
450 173
450 201
450 203
450 209
450 214
450 200
451 7
451 10
451 14
451 23
451 27
451 41
451 42
451 69
451 81
451 101
451 161
451 166
451 179
451 201
452 32
452 49
452 52
452 66
452 74
452 81
452 107
452 156
452 160
452 182
452 205
452 210
452 216
452 220
452 202
453 4
453 28
453 49
453 86
453 100
453 121
453 179
453 197
453 239
453 203
454 19
454 81
454 88
454 92
454 104
454 124
454 126
454 142
454 195
454 239
454 247
454 204
455 24
455 29
455 44
455 51
455 68
455 72
455 78
455 137
455 163
455 196
455 225
455 226
455 230
455 238
455 205
456 3
456 14
456 53
456 68
456 87
456 95
456 213
456 224
456 234
456 235
456 238
456 242
456 206
457 9
457 75
457 78
457 89
457 101
457 109
457 136
457 185
457 228
457 239
457 241
457 207
458 38
458 69
458 79
458 112
458 145
458 185
458 228
458 246
458 208
459 8
459 40
459 46
459 78
459 87
459 136
459 151
459 166
459 196
459 225
459 209
460 22
460 26
460 149
460 152
460 230
460 234
460 210
461 18
461 38
461 41
461 44
461 150
461 159
461 176
461 191
461 228
461 211
462 84
462 148
462 154
462 155
462 170
462 190
462 197
462 212
463 36
463 91
463 96
463 111
463 126
463 127
463 182
463 194
463 199
463 235
463 213
464 25
464 29
464 61
464 119
464 140
464 144
464 158
464 175
464 221
464 214
465 28
465 38
465 98
465 113
465 146
465 192
465 232
465 215
466 3
466 25
466 60
466 82
466 87
466 88
466 157
466 165
466 179
466 195
466 219
466 238
466 216
467 11
467 42
467 58
467 87
467 119
467 121
467 142
467 223
467 242
467 217
468 24
468 37
468 46
468 64
468 70
468 86
468 102
468 103
468 126
468 131
468 154
468 164
468 169
468 200
468 201
468 209
468 218
469 7
469 30
469 51
469 59
469 81
469 87
469 93
469 125
469 145
469 174
469 181
469 200
469 212
469 238
469 219
470 3
470 56
470 61
470 78
470 93
470 162
470 181
470 200
470 212
470 220
471 0
471 9
471 10
471 31
471 60
471 80
471 99
471 126
471 168
471 171
471 191
471 195
471 196
471 206
471 239
471 246
471 248
471 221
472 43
472 59
472 60
472 108
472 115
472 119
472 170
472 178
472 222
472 228
472 229
473 41
473 51
473 76
473 90
473 155
473 161
473 194
473 213
473 233
473 223
474 0
474 62
474 86
474 112
474 134
474 180
474 186
474 203
474 224
475 11
475 16
475 79
475 101
475 113
475 124
475 136
475 221
475 225
476 9
476 14
476 16
476 64
476 70
476 81
476 108
476 122
476 129
476 202
476 203
476 211
476 222
476 243
476 226
477 7
477 37
477 69
477 88
477 93
477 94
477 101
477 154
477 164
477 176
477 177
477 197
477 204
477 212
477 227
478 14
478 20
478 34
478 38
478 55
478 75
478 116
478 122
478 141
478 161
478 210
478 214
478 222
478 226
478 228
479 4
479 6
479 25
479 46
479 49
479 53
479 56
479 62
479 86
479 89
479 135
479 149
479 241
479 248
479 229
480 36
480 96
480 125
480 234
480 242
480 230
481 1
481 17
481 27
481 44
481 48
481 62
481 85
481 111
481 123
481 144
481 159
481 192
481 233
481 231
482 28
482 40
482 50
482 77
482 83
482 96
482 111
482 121
482 132
482 187
482 194
482 218
482 239
482 232
483 9
483 31
483 76
483 83
483 137
483 173
483 175
483 184
483 203
483 233
484 12
484 22
484 49
484 58
484 87
484 100
484 103
484 112
484 159
484 194
484 240
484 234
485 19
485 32
485 37
485 97
485 121
485 122
485 156
485 165
485 195
485 232
485 244
485 235
486 16
486 70
486 103
486 123
486 141
486 153
486 160
486 164
486 181
486 189
486 219
486 226
486 236
487 1
487 16
487 48
487 58
487 70
487 87
487 150
487 162
487 180
487 217
487 238
487 237
488 0
488 5
488 12
488 72
488 74
488 75
488 104
488 111
488 118
488 160
488 190
488 192
488 243
488 238
489 2
489 33
489 81
489 136
489 140
489 152
489 162
489 191
489 200
489 213
489 220
489 244
489 239
490 27
490 41
490 43
490 59
490 64
490 75
490 97
490 116
490 133
490 134
490 240
491 41
491 78
491 83
491 86
491 97
491 101
491 106
491 109
491 115
491 146
491 162
491 163
491 165
491 221
491 241
492 26
492 36
492 95
492 105
492 106
492 117
492 165
492 170
492 182
492 184
492 191
492 207
492 240
492 243
492 242
493 27
493 45
493 63
493 78
493 132
493 151
493 159
493 194
493 236
493 243
494 2
494 9
494 24
494 38
494 44
494 74
494 96
494 120
494 123
494 133
494 139
494 144
494 155
494 160
494 226
494 244
495 24
495 82
495 111
495 151
495 232
495 233
495 245
496 10
496 56
496 59
496 94
496 152
496 205
496 245
496 246
497 46
497 57
497 106
497 126
497 128
497 138
497 182
497 199
497 200
497 249
497 247
498 12
498 64
498 68
498 95
498 109
498 137
498 175
498 203
498 216
498 230
498 235
498 248
499 12
499 47
499 107
499 178
499 199
499 200
499 213
499 249
