  100   639
0 77
0 92
0 93
0 98
0 2
0 10
0 14
0 15
0 16
0 17
0 20
0 21
0 24
0 26
0 28
0 30
0 32
0 41
0 44
0 47
0 48
0 50
1 62
1 84
1 2
1 10
1 16
1 19
1 20
1 22
1 23
1 30
1 33
1 36
1 37
1 39
1 42
1 45
1 47
1 51
2 50
2 72
2 75
2 76
2 97
2 0
2 1
2 4
2 10
2 17
2 18
2 27
2 28
2 33
2 34
2 38
2 52
3 54
3 57
3 60
3 80
3 89
3 90
3 96
3 7
3 11
3 15
3 17
3 24
3 27
3 29
3 39
3 40
3 53
4 75
4 78
4 86
4 2
4 8
4 14
4 16
4 19
4 20
4 21
4 24
4 25
4 29
4 31
4 32
4 33
4 38
4 41
4 42
4 45
4 48
4 49
4 54
5 58
5 65
5 84
5 90
5 96
5 10
5 23
5 25
5 27
5 34
5 35
5 37
5 41
5 45
5 47
5 55
6 58
6 62
6 65
6 66
6 81
6 87
6 88
6 94
6 7
6 8
6 12
6 18
6 26
6 28
6 33
6 38
6 39
6 40
6 41
6 42
6 47
6 56
7 65
7 68
7 76
7 81
7 91
7 3
7 6
7 9
7 10
7 11
7 16
7 19
7 21
7 23
7 26
7 27
7 28
7 30
7 31
7 35
7 36
7 37
7 39
7 41
7 43
7 47
7 57
8 53
8 58
8 66
8 73
8 4
8 6
8 10
8 29
8 30
8 32
8 33
8 35
8 41
8 46
8 47
9 62
9 73
9 79
9 97
9 7
9 13
9 14
9 23
9 24
9 28
9 29
9 37
9 42
9 43
9 47
9 48
9 59
10 55
10 76
10 82
10 87
10 0
10 1
10 2
10 5
10 7
10 8
10 15
10 23
10 24
10 26
10 27
10 30
10 32
10 34
10 43
10 60
11 50
11 56
11 62
11 67
11 70
11 91
11 3
11 7
11 15
11 20
11 22
11 24
11 25
11 26
11 27
11 28
11 31
11 34
11 42
11 61
12 55
12 57
12 62
12 64
12 68
12 70
12 79
12 89
12 6
12 13
12 14
12 16
12 23
12 28
12 33
12 41
12 45
12 48
13 58
13 69
13 77
13 84
13 86
13 90
13 9
13 12
13 18
13 19
13 22
13 27
13 30
13 31
13 32
13 35
13 36
13 37
13 63
14 51
14 52
14 70
14 71
14 74
14 80
14 86
14 93
14 0
14 4
14 9
14 12
14 24
14 25
14 29
14 31
14 32
14 33
14 34
14 38
14 39
14 46
14 47
14 64
15 73
15 78
15 93
15 99
15 0
15 3
15 10
15 11
15 17
15 18
15 19
15 20
15 26
15 28
15 31
15 34
15 35
15 42
15 46
15 47
15 48
15 49
15 65
16 50
16 53
16 71
16 77
16 88
16 90
16 97
16 0
16 1
16 4
16 7
16 12
16 18
16 21
16 22
16 23
16 24
16 26
16 27
16 32
16 36
16 39
16 41
16 48
16 66
17 55
17 62
17 0
17 2
17 3
17 15
17 21
17 30
17 31
17 35
17 36
17 37
17 46
17 47
17 49
17 67
18 73
18 80
18 95
18 2
18 6
18 13
18 15
18 16
18 24
18 29
18 32
18 33
18 35
18 41
18 48
18 68
19 81
19 1
19 4
19 7
19 13
19 15
19 22
19 28
19 32
19 34
19 35
19 37
19 42
19 43
19 44
19 45
19 48
19 49
19 69
20 99
20 85
20 0
20 1
20 4
20 11
20 15
20 23
20 26
20 30
20 31
20 32
20 33
20 37
20 40
20 44
20 45
20 70
21 54
21 69
21 0
21 4
21 7
21 16
21 17
21 32
21 34
21 39
21 41
21 43
21 71
22 51
22 57
22 58
22 75
22 90
22 1
22 11
22 13
22 16
22 19
22 23
22 24
22 25
22 27
22 31
22 32
22 36
22 37
22 38
22 41
22 42
22 44
22 45
22 49
22 72
23 68
23 80
23 82
23 87
23 91
23 1
23 5
23 7
23 9
23 10
23 12
23 16
23 20
23 22
23 24
23 25
23 28
23 31
23 33
23 38
23 39
23 40
23 48
23 73
24 67
24 96
24 0
24 3
24 4
24 9
24 10
24 11
24 14
24 16
24 18
24 22
24 23
24 27
24 28
24 31
24 37
24 46
24 48
24 74
25 57
25 65
25 66
25 73
25 4
25 5
25 11
25 14
25 22
25 23
25 26
25 28
25 29
25 30
25 31
25 32
25 36
25 38
25 39
25 47
25 75
26 61
26 63
26 66
26 0
26 6
26 7
26 10
26 11
26 15
26 16
26 20
26 25
26 27
26 31
26 38
26 41
26 42
26 47
26 49
26 76
27 55
27 69
27 81
27 2
27 3
27 5
27 7
27 10
27 11
27 13
27 16
27 22
27 24
27 26
27 30
27 36
27 45
27 47
27 49
27 77
28 74
28 89
28 0
28 2
28 6
28 7
28 9
28 11
28 12
28 15
28 19
28 23
28 24
28 25
28 32
28 34
28 44
28 48
28 78
29 65
29 67
29 70
29 86
29 87
29 3
29 4
29 8
29 9
29 14
29 18
29 25
29 34
29 35
29 39
29 40
29 41
29 79
30 65
30 68
30 76
30 79
30 84
30 91
30 98
30 99
30 0
30 1
30 7
30 8
30 10
30 13
30 17
30 20
30 25
30 27
30 31
30 45
30 46
30 48
30 49
30 80
31 51
31 71
31 82
31 95
31 4
31 7
31 11
31 13
31 14
31 15
31 17
31 20
31 22
31 23
31 24
31 25
31 26
31 30
31 32
31 34
31 35
31 36
31 39
31 40
31 42
31 43
31 44
31 45
31 46
31 48
31 81
32 80
32 0
32 4
32 8
32 10
32 13
32 14
32 16
32 18
32 19
32 20
32 21
32 22
32 25
32 28
32 31
32 33
32 38
32 39
32 40
32 41
32 47
32 48
32 82
33 57
33 70
33 80
33 82
33 94
33 1
33 2
33 4
33 6
33 8
33 12
33 14
33 18
33 20
33 23
33 32
33 35
33 36
33 39
33 47
33 83
34 55
34 70
34 88
34 90
34 98
34 2
34 5
34 10
34 11
34 14
34 15
34 19
34 21
34 28
34 29
34 31
34 39
34 42
34 47
34 84
35 51
35 59
35 66
35 69
35 83
35 86
35 95
35 5
35 7
35 8
35 13
35 15
35 17
35 18
35 19
35 29
35 31
35 33
35 37
35 39
35 45
35 47
35 48
35 49
35 85
36 70
36 74
36 82
36 94
36 1
36 7
36 13
36 16
36 17
36 22
36 25
36 27
36 31
36 33
36 40
36 45
36 47
36 48
36 86
37 54
37 75
37 87
37 99
37 1
37 5
37 7
37 9
37 13
37 17
37 19
37 20
37 22
37 24
37 35
37 38
37 41
37 42
37 44
37 45
38 52
38 57
38 59
38 60
38 62
38 69
38 70
38 75
38 77
38 84
38 2
38 4
38 6
38 14
38 22
38 23
38 25
38 26
38 32
38 37
38 39
38 40
38 41
38 45
38 88
39 60
39 62
39 77
39 96
39 1
39 3
39 6
39 7
39 14
39 16
39 21
39 23
39 25
39 29
39 31
39 32
39 33
39 34
39 35
39 38
39 42
39 43
39 48
39 89
40 60
40 64
40 65
40 72
40 90
40 96
40 3
40 6
40 20
40 23
40 29
40 31
40 32
40 36
40 38
40 45
40 46
40 47
40 49
41 59
41 94
41 0
41 4
41 5
41 6
41 7
41 8
41 12
41 16
41 18
41 21
41 22
41 26
41 29
41 32
41 37
41 38
41 42
41 48
41 91
42 52
42 54
42 61
42 1
42 4
42 6
42 9
42 11
42 15
42 19
42 22
42 26
42 31
42 34
42 37
42 39
42 41
42 46
42 92
43 66
43 76
43 84
43 92
43 7
43 9
43 10
43 19
43 21
43 31
43 39
43 48
43 49
43 93
44 71
44 79
44 0
44 19
44 20
44 22
44 28
44 31
44 37
44 94
45 52
45 65
45 66
45 1
45 4
45 5
45 12
45 19
45 20
45 22
45 27
45 30
45 31
45 35
45 36
45 37
45 38
45 40
45 47
45 95
46 73
46 92
46 93
46 96
46 98
46 8
46 14
46 15
46 17
46 24
46 30
46 31
46 40
46 42
47 68
47 0
47 1
47 5
47 6
47 7
47 8
47 9
47 14
47 15
47 17
47 25
47 26
47 27
47 32
47 33
47 34
47 35
47 36
47 40
47 45
47 49
47 97
48 51
48 52
48 77
48 78
48 96
48 0
48 4
48 9
48 12
48 15
48 16
48 18
48 19
48 23
48 24
48 28
48 30
48 31
48 32
48 35
48 36
48 39
48 41
48 43
48 98
49 63
49 66
49 68
49 74
49 75
49 81
49 87
49 90
49 96
49 4
49 15
49 17
49 19
49 22
49 26
49 27
49 30
49 35
49 40
49 43
49 47
49 99
50 2
50 11
50 16
50 0
51 14
51 22
51 31
51 35
51 48
51 1
52 14
52 38
52 42
52 45
52 48
52 2
53 8
53 16
53 3
54 3
54 21
54 37
54 42
54 4
55 10
55 12
55 17
55 27
55 34
55 5
56 11
56 6
57 3
57 12
57 22
57 25
57 33
57 38
57 7
58 5
58 6
58 8
58 13
58 22
59 35
59 38
59 41
59 9
60 3
60 38
60 39
60 40
60 10
61 26
61 42
61 11
62 1
62 6
62 9
62 11
62 12
62 17
62 38
62 39
63 26
63 49
63 13
64 12
64 40
64 14
65 5
65 6
65 7
65 25
65 29
65 30
65 40
65 45
65 15
66 6
66 8
66 25
66 26
66 35
66 43
66 45
66 49
66 16
67 11
67 24
67 29
67 17
68 7
68 12
68 23
68 30
68 47
68 49
68 18
69 13
69 21
69 27
69 35
69 38
69 19
70 11
70 12
70 14
70 29
70 33
70 34
70 36
70 38
70 20
71 14
71 16
71 31
71 44
71 21
72 2
72 40
72 22
73 8
73 9
73 15
73 18
73 25
73 46
73 23
74 14
74 28
74 36
74 49
74 24
75 2
75 4
75 22
75 37
75 38
75 49
75 25
76 2
76 7
76 10
76 30
76 43
76 26
77 0
77 13
77 16
77 38
77 39
77 48
77 27
78 4
78 15
78 48
78 28
79 9
79 12
79 30
79 44
79 29
80 3
80 14
80 18
80 23
80 32
80 33
80 30
81 6
81 7
81 19
81 27
81 49
81 31
82 10
82 23
82 31
82 33
82 36
82 32
83 35
83 33
84 1
84 5
84 13
84 30
84 38
84 43
84 34
85 20
85 35
86 4
86 13
86 14
86 29
86 35
86 36
87 6
87 10
87 23
87 29
87 37
87 49
88 6
88 16
88 34
88 38
89 3
89 12
89 28
89 39
90 3
90 5
90 13
90 16
90 22
90 34
90 40
90 49
91 7
91 11
91 23
91 30
91 41
92 0
92 43
92 46
92 42
93 0
93 14
93 15
93 46
93 43
94 6
94 33
94 36
94 41
94 44
95 18
95 31
95 35
95 45
96 3
96 5
96 24
96 39
96 40
96 46
96 48
96 49
97 2
97 9
97 16
97 47
98 0
98 30
98 34
98 46
98 48
99 15
99 20
99 30
99 37
99 49
