  300   4644
0 188
0 214
0 224
0 230
0 235
0 236
0 240
0 247
0 248
0 257
0 262
0 264
0 270
0 278
0 281
0 291
0 1
0 2
0 10
0 16
0 35
0 40
0 49
0 53
0 59
0 60
0 66
0 72
0 84
0 87
0 90
0 94
0 97
0 99
0 103
0 106
0 110
0 119
0 123
0 132
0 136
0 138
0 140
0 147
0 150
1 150
1 164
1 184
1 194
1 195
1 241
1 244
1 248
1 250
1 260
1 267
1 277
1 280
1 290
1 297
1 299
1 0
1 2
1 5
1 14
1 16
1 27
1 29
1 30
1 31
1 35
1 41
1 45
1 51
1 61
1 68
1 72
1 78
1 79
1 84
1 105
1 108
1 115
1 122
1 123
1 135
1 136
1 140
1 143
1 146
1 149
1 151
2 151
2 166
2 173
2 182
2 199
2 207
2 215
2 225
2 236
2 237
2 240
2 254
2 268
2 272
2 274
2 279
2 293
2 294
2 295
2 0
2 1
2 10
2 16
2 18
2 19
2 23
2 24
2 27
2 28
2 36
2 37
2 39
2 40
2 41
2 47
2 51
2 56
2 57
2 67
2 68
2 78
2 80
2 91
2 92
2 95
2 96
2 99
2 107
2 110
2 111
2 120
2 122
2 152
3 161
3 170
3 184
3 190
3 191
3 193
3 196
3 203
3 209
3 210
3 214
3 236
3 240
3 251
3 269
3 271
3 291
3 10
3 14
3 15
3 16
3 20
3 21
3 25
3 27
3 41
3 48
3 49
3 55
3 57
3 58
3 63
3 66
3 70
3 75
3 81
3 84
3 87
3 91
3 103
3 109
3 125
3 127
3 133
3 145
3 148
3 153
4 166
4 188
4 191
4 197
4 206
4 212
4 216
4 218
4 227
4 232
4 238
4 274
4 286
4 5
4 16
4 21
4 23
4 24
4 30
4 31
4 36
4 37
4 38
4 45
4 59
4 62
4 64
4 72
4 75
4 77
4 82
4 83
4 84
4 87
4 90
4 92
4 96
4 98
4 102
4 103
4 115
4 118
4 119
4 124
4 125
4 129
4 131
4 141
4 154
5 151
5 155
5 174
5 178
5 184
5 192
5 205
5 209
5 238
5 249
5 266
5 269
5 278
5 287
5 290
5 1
5 4
5 17
5 18
5 20
5 24
5 30
5 37
5 39
5 40
5 46
5 52
5 55
5 72
5 73
5 74
5 84
5 89
5 105
5 115
5 116
5 122
5 124
5 126
5 128
5 134
5 136
5 148
6 151
6 169
6 182
6 183
6 189
6 193
6 203
6 209
6 221
6 224
6 248
6 262
6 266
6 269
6 277
6 279
6 288
6 291
6 294
6 9
6 32
6 35
6 37
6 45
6 46
6 48
6 65
6 69
6 71
6 75
6 76
6 79
6 83
6 86
6 97
6 100
6 106
6 108
6 110
6 116
6 118
6 119
6 123
6 130
6 131
6 138
6 142
6 156
7 169
7 172
7 174
7 189
7 191
7 194
7 197
7 198
7 200
7 202
7 203
7 204
7 210
7 227
7 239
7 250
7 277
7 289
7 293
7 14
7 17
7 19
7 20
7 30
7 36
7 38
7 41
7 42
7 45
7 49
7 57
7 59
7 60
7 62
7 65
7 72
7 77
7 79
7 82
7 101
7 133
7 142
7 147
7 157
8 159
8 170
8 196
8 199
8 205
8 238
8 239
8 243
8 244
8 254
8 255
8 271
8 276
8 277
8 287
8 288
8 11
8 13
8 16
8 18
8 31
8 32
8 43
8 49
8 56
8 70
8 80
8 82
8 85
8 99
8 100
8 106
8 108
8 114
8 122
8 123
8 126
8 128
8 131
8 158
9 154
9 155
9 156
9 163
9 185
9 189
9 194
9 211
9 219
9 222
9 226
9 232
9 251
9 256
9 263
9 266
9 280
9 284
9 285
9 288
9 295
9 6
9 24
9 28
9 35
9 37
9 56
9 57
9 59
9 61
9 67
9 72
9 92
9 104
9 105
9 106
9 107
9 112
9 113
9 121
9 123
9 124
9 126
9 128
9 129
9 135
9 146
9 148
9 159
10 151
10 163
10 170
10 186
10 206
10 208
10 224
10 230
10 239
10 0
10 2
10 3
10 14
10 19
10 25
10 26
10 28
10 31
10 34
10 38
10 44
10 61
10 67
10 71
10 72
10 77
10 86
10 87
10 89
10 91
10 95
10 101
10 106
10 110
10 111
10 113
10 115
10 118
10 120
10 121
10 122
10 130
10 132
10 133
10 134
10 136
10 137
10 140
10 141
10 142
10 149
10 160
11 151
11 173
11 179
11 189
11 192
11 198
11 200
11 203
11 206
11 207
11 208
11 210
11 219
11 229
11 235
11 238
11 241
11 258
11 291
11 292
11 8
11 17
11 18
11 20
11 38
11 40
11 43
11 46
11 48
11 49
11 50
11 51
11 55
11 57
11 69
11 71
11 79
11 80
11 88
11 90
11 110
11 118
11 123
11 125
11 126
11 136
11 143
11 149
11 161
12 160
12 256
12 279
12 291
12 23
12 26
12 34
12 36
12 40
12 45
12 51
12 56
12 59
12 63
12 77
12 79
12 80
12 83
12 85
12 89
12 90
12 98
12 99
12 106
12 107
12 112
12 113
12 114
12 118
12 126
12 138
12 142
12 162
13 174
13 186
13 200
13 209
13 254
13 255
13 257
13 258
13 274
13 276
13 281
13 285
13 288
13 299
13 8
13 20
13 22
13 25
13 27
13 30
13 31
13 33
13 40
13 44
13 53
13 60
13 65
13 73
13 85
13 93
13 96
13 102
13 111
13 115
13 116
13 120
13 121
13 140
13 142
13 163
14 167
14 180
14 198
14 210
14 227
14 239
14 249
14 259
14 269
14 275
14 277
14 294
14 295
14 1
14 3
14 7
14 10
14 22
14 23
14 26
14 27
14 33
14 34
14 47
14 49
14 53
14 54
14 60
14 62
14 65
14 66
14 87
14 91
14 98
14 99
14 101
14 112
14 121
14 122
14 137
14 138
14 139
14 141
14 164
15 160
15 165
15 169
15 177
15 179
15 185
15 191
15 198
15 200
15 207
15 222
15 232
15 244
15 246
15 250
15 252
15 273
15 3
15 20
15 24
15 25
15 32
15 34
15 40
15 45
15 46
15 50
15 53
15 56
15 57
15 63
15 65
15 74
15 75
15 86
15 95
15 98
15 100
15 103
15 104
15 110
15 111
15 124
15 134
15 149
16 150
16 152
16 161
16 163
16 169
16 185
16 196
16 200
16 208
16 212
16 220
16 221
16 223
16 237
16 246
16 262
16 263
16 275
16 296
16 0
16 1
16 2
16 3
16 4
16 8
16 24
16 30
16 33
16 35
16 46
16 55
16 56
16 57
16 63
16 64
16 72
16 73
16 74
16 78
16 79
16 82
16 85
16 88
16 96
16 97
16 101
16 106
16 109
16 113
16 114
16 117
16 123
16 124
16 130
16 133
16 138
16 140
16 146
16 166
17 169
17 170
17 175
17 184
17 199
17 212
17 213
17 221
17 230
17 239
17 259
17 267
17 268
17 289
17 5
17 7
17 11
17 26
17 31
17 33
17 36
17 39
17 41
17 46
17 56
17 61
17 65
17 74
17 76
17 94
17 95
17 99
17 102
17 104
17 107
17 109
17 114
17 120
17 124
17 136
17 144
17 146
17 148
17 167
18 183
18 184
18 186
18 197
18 207
18 236
18 239
18 245
18 259
18 260
18 270
18 282
18 299
18 2
18 5
18 8
18 11
18 21
18 34
18 41
18 44
18 49
18 51
18 57
18 59
18 66
18 70
18 72
18 73
18 79
18 82
18 84
18 87
18 88
18 96
18 101
18 109
18 113
18 114
18 116
18 119
18 125
18 133
18 135
18 168
19 153
19 154
19 175
19 178
19 189
19 200
19 201
19 205
19 221
19 222
19 252
19 258
19 261
19 272
19 277
19 280
19 298
19 2
19 7
19 10
19 21
19 27
19 43
19 44
19 54
19 60
19 61
19 62
19 64
19 78
19 82
19 86
19 90
19 91
19 92
19 93
19 96
19 100
19 108
19 111
19 112
19 116
19 119
19 121
19 128
19 131
19 133
19 141
19 147
19 169
20 153
20 155
20 175
20 179
20 207
20 210
20 212
20 220
20 226
20 227
20 240
20 242
20 248
20 249
20 268
20 277
20 287
20 289
20 298
20 3
20 5
20 7
20 11
20 13
20 15
20 23
20 28
20 36
20 38
20 40
20 41
20 42
20 62
20 64
20 82
20 83
20 90
20 93
20 96
20 97
20 98
20 99
20 105
20 106
20 115
20 127
20 128
20 129
20 133
20 135
20 138
20 170
21 150
21 152
21 159
21 163
21 184
21 186
21 205
21 207
21 212
21 225
21 227
21 242
21 255
21 265
21 266
21 270
21 273
21 276
21 283
21 3
21 4
21 18
21 19
21 25
21 29
21 30
21 35
21 40
21 41
21 42
21 43
21 45
21 51
21 53
21 54
21 56
21 60
21 65
21 68
21 73
21 75
21 76
21 81
21 92
21 94
21 98
21 99
21 101
21 108
21 109
21 111
21 114
21 117
21 122
21 125
21 134
21 138
21 140
21 145
21 146
21 147
21 171
22 163
22 182
22 188
22 192
22 215
22 222
22 223
22 226
22 247
22 274
22 288
22 293
22 298
22 13
22 14
22 28
22 29
22 33
22 36
22 45
22 56
22 59
22 63
22 67
22 70
22 75
22 78
22 82
22 84
22 92
22 93
22 102
22 105
22 106
22 112
22 114
22 115
22 120
22 127
22 133
22 135
22 136
22 141
22 148
22 172
23 156
23 163
23 185
23 186
23 193
23 210
23 211
23 219
23 220
23 225
23 235
23 246
23 250
23 272
23 274
23 277
23 280
23 293
23 298
23 2
23 4
23 12
23 14
23 20
23 28
23 34
23 39
23 41
23 44
23 51
23 52
23 55
23 58
23 61
23 66
23 70
23 88
23 113
23 117
23 118
23 121
23 122
23 131
23 146
23 147
23 149
23 173
24 161
24 172
24 182
24 189
24 192
24 217
24 226
24 234
24 242
24 243
24 244
24 245
24 272
24 278
24 282
24 288
24 2
24 4
24 5
24 9
24 15
24 16
24 26
24 27
24 30
24 35
24 41
24 43
24 53
24 54
24 58
24 61
24 62
24 72
24 74
24 84
24 85
24 91
24 95
24 100
24 104
24 114
24 116
24 118
24 120
24 131
24 135
24 137
24 139
24 144
24 146
24 174
25 173
25 189
25 240
25 242
25 247
25 265
25 284
25 290
25 292
25 294
25 3
25 10
25 13
25 15
25 21
25 29
25 36
25 46
25 50
25 52
25 54
25 60
25 72
25 77
25 89
25 94
25 95
25 102
25 106
25 111
25 112
25 134
25 144
25 146
25 149
25 175
26 159
26 165
26 173
26 195
26 210
26 213
26 214
26 221
26 223
26 224
26 226
26 227
26 243
26 245
26 266
26 295
26 10
26 12
26 14
26 17
26 24
26 30
26 34
26 42
26 43
26 44
26 57
26 65
26 68
26 72
26 78
26 84
26 90
26 92
26 93
26 112
26 113
26 115
26 116
26 117
26 124
26 126
26 128
26 132
26 133
26 134
26 135
26 137
26 144
26 149
26 176
27 154
27 157
27 178
27 184
27 190
27 201
27 202
27 207
27 213
27 245
27 251
27 260
27 263
27 265
27 289
27 1
27 2
27 3
27 13
27 14
27 19
27 24
27 30
27 35
27 36
27 54
27 61
27 62
27 63
27 67
27 75
27 82
27 86
27 87
27 88
27 89
27 92
27 95
27 97
27 100
27 101
27 109
27 112
27 113
27 115
27 122
27 124
27 126
27 133
27 135
27 139
27 144
27 148
27 177
28 161
28 162
28 181
28 189
28 191
28 200
28 212
28 218
28 220
28 253
28 264
28 283
28 297
28 2
28 9
28 10
28 20
28 22
28 23
28 31
28 37
28 45
28 57
28 62
28 68
28 74
28 76
28 86
28 101
28 103
28 104
28 109
28 110
28 117
28 118
28 130
28 142
28 145
28 146
28 178
29 175
29 181
29 187
29 199
29 202
29 204
29 230
29 232
29 240
29 247
29 248
29 254
29 274
29 275
29 288
29 289
29 1
29 21
29 22
29 25
29 31
29 36
29 40
29 42
29 46
29 50
29 55
29 56
29 58
29 63
29 73
29 77
29 81
29 85
29 86
29 88
29 89
29 90
29 93
29 106
29 119
29 123
29 129
29 130
29 134
29 136
29 144
29 147
29 179
30 154
30 170
30 171
30 180
30 193
30 196
30 197
30 200
30 220
30 230
30 237
30 238
30 239
30 242
30 253
30 259
30 264
30 293
30 299
30 1
30 4
30 5
30 7
30 13
30 16
30 21
30 24
30 26
30 27
30 33
30 35
30 45
30 49
30 52
30 56
30 59
30 60
30 61
30 63
30 78
30 85
30 89
30 101
30 102
30 103
30 106
30 109
30 114
30 118
30 119
30 123
30 132
30 138
30 140
31 152
31 176
31 179
31 183
31 195
31 213
31 224
31 235
31 237
31 258
31 261
31 262
31 263
31 266
31 283
31 285
31 294
31 295
31 1
31 4
31 8
31 10
31 13
31 17
31 28
31 29
31 39
31 42
31 45
31 48
31 62
31 67
31 68
31 77
31 100
31 108
31 128
31 129
31 131
31 134
31 146
31 181
32 154
32 158
32 162
32 166
32 168
32 190
32 198
32 201
32 208
32 218
32 220
32 227
32 237
32 248
32 251
32 260
32 277
32 280
32 286
32 290
32 297
32 298
32 6
32 8
32 15
32 34
32 46
32 48
32 49
32 56
32 58
32 59
32 78
32 82
32 84
32 89
32 92
32 98
32 100
32 104
32 109
32 131
32 133
32 135
32 142
32 182
33 153
33 172
33 173
33 176
33 180
33 181
33 189
33 195
33 196
33 208
33 215
33 221
33 235
33 238
33 241
33 253
33 260
33 275
33 282
33 283
33 288
33 293
33 13
33 14
33 16
33 17
33 22
33 30
33 35
33 59
33 64
33 65
33 70
33 72
33 74
33 78
33 81
33 83
33 85
33 88
33 94
33 104
33 105
33 113
33 114
33 130
33 143
33 145
33 183
34 172
34 176
34 181
34 184
34 187
34 191
34 200
34 219
34 230
34 242
34 10
34 12
34 14
34 15
34 18
34 23
34 26
34 32
34 35
34 43
34 56
34 57
34 58
34 59
34 69
34 70
34 74
34 81
34 91
34 96
34 97
34 101
34 107
34 108
34 110
34 111
34 112
34 115
34 118
34 132
34 141
34 146
35 163
35 172
35 178
35 187
35 203
35 213
35 220
35 235
35 239
35 245
35 251
35 252
35 283
35 297
35 0
35 1
35 6
35 9
35 16
35 21
35 24
35 27
35 30
35 33
35 34
35 37
35 40
35 43
35 51
35 55
35 72
35 75
35 77
35 79
35 82
35 85
35 91
35 92
35 93
35 94
35 95
35 96
35 103
35 105
35 106
35 109
35 113
35 115
35 145
35 147
35 185
36 155
36 162
36 163
36 174
36 177
36 181
36 182
36 186
36 193
36 201
36 216
36 232
36 243
36 280
36 286
36 287
36 289
36 295
36 298
36 2
36 4
36 7
36 12
36 17
36 20
36 22
36 25
36 27
36 29
36 38
36 48
36 50
36 55
36 57
36 62
36 73
36 76
36 92
36 99
36 100
36 110
36 115
36 116
36 117
36 123
36 132
36 134
36 136
36 138
37 156
37 170
37 171
37 178
37 189
37 216
37 226
37 237
37 246
37 267
37 270
37 272
37 2
37 4
37 5
37 6
37 9
37 28
37 35
37 38
37 40
37 44
37 46
37 48
37 59
37 60
37 66
37 67
37 82
37 83
37 86
37 87
37 89
37 91
37 95
37 102
37 115
37 129
37 132
37 140
37 147
37 187
38 153
38 158
38 162
38 188
38 194
38 204
38 215
38 216
38 225
38 229
38 230
38 233
38 240
38 250
38 255
38 256
38 261
38 264
38 272
38 4
38 7
38 10
38 11
38 20
38 36
38 37
38 39
38 43
38 48
38 50
38 52
38 53
38 60
38 63
38 71
38 79
38 90
38 96
38 105
38 127
38 128
38 131
38 132
38 134
38 137
38 140
38 141
38 142
38 143
38 147
38 149
39 162
39 189
39 193
39 197
39 199
39 204
39 212
39 234
39 251
39 254
39 259
39 262
39 265
39 267
39 279
39 281
39 289
39 2
39 5
39 17
39 23
39 31
39 38
39 43
39 45
39 49
39 50
39 51
39 61
39 67
39 71
39 72
39 75
39 79
39 81
39 101
39 106
39 114
39 115
39 120
39 125
39 126
39 135
39 149
40 152
40 153
40 169
40 170
40 172
40 196
40 202
40 204
40 206
40 230
40 240
40 257
40 259
40 264
40 274
40 281
40 286
40 287
40 290
40 291
40 295
40 296
40 0
40 2
40 5
40 11
40 12
40 13
40 15
40 20
40 21
40 29
40 35
40 37
40 47
40 49
40 51
40 53
40 65
40 74
40 77
40 82
40 87
40 90
40 92
40 94
40 106
40 107
40 114
40 124
40 136
40 147
40 190
41 171
41 183
41 186
41 191
41 198
41 223
41 229
41 232
41 236
41 258
41 268
41 270
41 276
41 1
41 2
41 3
41 7
41 17
41 18
41 20
41 21
41 23
41 24
41 46
41 57
41 66
41 72
41 84
41 89
41 91
41 98
41 102
41 103
41 106
41 107
41 114
41 119
41 124
41 136
42 155
42 159
42 163
42 166
42 167
42 178
42 181
42 182
42 183
42 196
42 199
42 206
42 207
42 216
42 239
42 253
42 260
42 275
42 283
42 288
42 299
42 7
42 20
42 21
42 26
42 29
42 31
42 43
42 49
42 53
42 54
42 56
42 62
42 63
42 64
42 69
42 72
42 77
42 78
42 84
42 92
42 95
42 98
42 100
42 103
42 110
42 122
42 124
42 125
42 128
42 131
42 136
42 137
42 142
42 149
42 192
43 158
43 186
43 195
43 196
43 211
43 215
43 220
43 259
43 263
43 264
43 275
43 282
43 283
43 284
43 8
43 11
43 19
43 21
43 24
43 26
43 34
43 35
43 38
43 39
43 42
43 44
43 52
43 60
43 80
43 81
43 82
43 83
43 85
43 86
43 88
43 91
43 92
43 98
43 103
43 104
43 106
43 108
43 113
43 122
43 144
43 193
44 150
44 151
44 152
44 156
44 165
44 172
44 176
44 211
44 214
44 215
44 231
44 232
44 237
44 245
44 253
44 255
44 271
44 10
44 13
44 18
44 19
44 23
44 26
44 37
44 43
44 46
44 50
44 57
44 64
44 71
44 80
44 84
44 89
44 94
44 98
44 100
44 107
44 113
44 114
44 119
44 134
44 135
44 137
44 141
44 144
44 145
44 148
44 149
44 194
45 155
45 172
45 221
45 231
45 235
45 240
45 260
45 266
45 273
45 278
45 281
45 287
45 296
45 1
45 4
45 6
45 7
45 12
45 15
45 21
45 22
45 28
45 30
45 31
45 39
45 48
45 53
45 59
45 62
45 63
45 64
45 66
45 69
45 85
45 86
45 91
45 93
45 96
45 119
45 122
45 125
45 129
45 132
45 136
45 145
45 147
45 149
45 195
46 162
46 175
46 186
46 199
46 202
46 205
46 229
46 249
46 270
46 289
46 298
46 5
46 6
46 11
46 15
46 16
46 17
46 25
46 29
46 32
46 37
46 41
46 44
46 47
46 48
46 59
46 60
46 62
46 66
46 71
46 78
46 85
46 86
46 87
46 88
46 96
46 107
46 112
46 113
46 115
46 117
46 118
46 122
46 124
46 131
46 139
46 147
46 196
47 151
47 153
47 168
47 170
47 185
47 191
47 226
47 248
47 251
47 253
47 258
47 270
47 288
47 294
47 2
47 14
47 40
47 46
47 52
47 57
47 59
47 60
47 65
47 66
47 76
47 84
47 96
47 100
47 102
47 123
47 125
47 129
47 146
47 197
48 166
48 170
48 176
48 211
48 213
48 218
48 222
48 223
48 226
48 232
48 245
48 258
48 259
48 260
48 265
48 274
48 276
48 288
48 297
48 3
48 6
48 11
48 31
48 32
48 36
48 37
48 38
48 45
48 46
48 50
48 51
48 52
48 55
48 66
48 73
48 78
48 84
48 86
48 93
48 98
48 103
48 104
48 105
48 107
48 116
48 119
48 123
48 143
48 146
48 149
48 198
49 158
49 169
49 174
49 198
49 223
49 229
49 238
49 258
49 287
49 288
49 299
49 0
49 3
49 7
49 8
49 11
49 14
49 18
49 30
49 32
49 39
49 40
49 42
49 51
49 57
49 58
49 64
49 65
49 66
49 67
49 68
49 74
49 75
49 79
49 85
49 86
49 88
49 89
49 105
49 111
49 113
49 115
49 116
49 120
49 127
49 140
49 141
49 145
49 199
50 153
50 167
50 176
50 197
50 198
50 208
50 215
50 241
50 248
50 264
50 298
50 11
50 15
50 25
50 29
50 36
50 38
50 39
50 44
50 48
50 53
50 58
50 68
50 70
50 71
50 78
50 80
50 86
50 102
50 107
50 109
50 111
50 113
50 125
50 143
50 200
51 153
51 162
51 180
51 191
51 204
51 218
51 230
51 233
51 259
51 269
51 271
51 289
51 1
51 2
51 11
51 12
51 18
51 21
51 23
51 35
51 39
51 40
51 48
51 49
51 52
51 61
51 62
51 63
51 71
51 72
51 91
51 92
51 93
51 94
51 100
51 101
51 112
51 113
51 115
51 116
51 117
51 120
51 123
51 129
51 131
51 133
51 138
51 140
51 147
51 201
52 150
52 152
52 207
52 219
52 232
52 240
52 251
52 257
52 258
52 261
52 262
52 274
52 279
52 293
52 297
52 5
52 23
52 25
52 30
52 38
52 43
52 47
52 48
52 51
52 56
52 57
52 68
52 69
52 85
52 88
52 96
52 99
52 104
52 111
52 116
52 127
52 133
52 134
52 138
52 148
52 202
53 164
53 166
53 181
53 194
53 213
53 219
53 227
53 235
53 248
53 259
53 269
53 292
53 0
53 13
53 14
53 15
53 21
53 24
53 38
53 40
53 42
53 45
53 50
53 63
53 66
53 73
53 80
53 95
53 96
53 101
53 110
53 112
53 131
53 133
53 134
53 135
53 139
53 142
53 148
53 203
54 150
54 167
54 174
54 176
54 189
54 201
54 207
54 208
54 210
54 229
54 231
54 234
54 245
54 247
54 264
54 266
54 272
54 281
54 14
54 19
54 21
54 24
54 25
54 27
54 42
54 56
54 61
54 62
54 70
54 78
54 84
54 91
54 95
54 101
54 102
54 106
54 116
54 118
54 120
54 121
54 122
54 127
54 130
54 132
54 140
54 142
54 204
55 150
55 152
55 153
55 160
55 173
55 177
55 181
55 186
55 191
55 208
55 215
55 223
55 224
55 237
55 251
55 252
55 254
55 255
55 256
55 269
55 274
55 3
55 5
55 11
55 16
55 23
55 29
55 35
55 36
55 48
55 68
55 70
55 81
55 82
55 90
55 91
55 94
55 97
55 100
55 103
55 114
55 118
55 119
55 120
55 121
55 143
55 205
56 157
56 171
56 179
56 185
56 188
56 189
56 190
56 195
56 227
56 241
56 257
56 286
56 296
56 2
56 8
56 9
56 12
56 15
56 16
56 17
56 21
56 22
56 29
56 30
56 32
56 34
56 42
56 52
56 54
56 63
56 73
56 75
56 100
56 113
56 115
56 117
56 118
56 121
56 128
56 137
56 141
56 145
56 147
56 206
57 152
57 178
57 186
57 187
57 196
57 203
57 208
57 213
57 225
57 227
57 228
57 238
57 239
57 245
57 249
57 259
57 262
57 266
57 267
57 270
57 276
57 284
57 2
57 3
57 7
57 9
57 11
57 15
57 16
57 18
57 26
57 28
57 34
57 36
57 41
57 44
57 47
57 49
57 52
57 62
57 65
57 66
57 78
57 83
57 84
57 85
57 88
57 108
57 116
57 119
57 120
57 132
57 135
57 145
57 146
57 148
57 149
57 207
58 151
58 153
58 154
58 157
58 167
58 196
58 198
58 200
58 203
58 206
58 210
58 215
58 227
58 231
58 236
58 249
58 251
58 260
58 264
58 285
58 289
58 3
58 23
58 24
58 29
58 32
58 34
58 49
58 50
58 62
58 65
58 73
58 78
58 80
58 88
58 90
58 99
58 102
58 104
58 107
58 108
58 113
58 115
58 116
58 120
58 123
58 126
58 132
58 134
58 140
58 141
58 144
58 208
59 152
59 160
59 167
59 192
59 200
59 208
59 236
59 238
59 262
59 264
59 290
59 0
59 4
59 7
59 9
59 12
59 18
59 22
59 30
59 32
59 33
59 34
59 37
59 45
59 46
59 47
59 62
59 70
59 72
59 88
59 94
59 101
59 104
59 106
59 111
59 115
59 123
59 128
59 131
59 134
59 144
59 148
59 209
60 153
60 168
60 178
60 209
60 211
60 220
60 247
60 250
60 269
60 277
60 290
60 293
60 295
60 298
60 0
60 7
60 13
60 14
60 19
60 21
60 25
60 30
60 37
60 38
60 43
60 46
60 47
60 62
60 68
60 76
60 85
60 95
60 97
60 105
60 119
60 121
60 127
60 133
60 137
60 141
60 147
60 210
61 153
61 165
61 177
61 188
61 197
61 200
61 215
61 217
61 225
61 228
61 233
61 234
61 250
61 252
61 261
61 266
61 276
61 285
61 297
61 1
61 9
61 10
61 17
61 19
61 23
61 24
61 27
61 30
61 39
61 51
61 54
61 62
61 65
61 66
61 67
61 79
61 81
61 101
61 102
61 107
61 112
61 123
61 125
61 126
61 130
61 136
61 145
61 146
61 211
62 153
62 161
62 180
62 196
62 203
62 210
62 211
62 214
62 226
62 238
62 255
62 260
62 264
62 267
62 286
62 287
62 292
62 4
62 7
62 14
62 19
62 20
62 24
62 27
62 28
62 31
62 36
62 42
62 45
62 46
62 51
62 54
62 57
62 58
62 59
62 60
62 61
62 65
62 66
62 67
62 68
62 82
62 83
62 104
62 113
62 114
62 116
62 124
62 132
62 133
62 141
62 144
62 148
62 149
62 212
63 153
63 172
63 176
63 195
63 209
63 213
63 215
63 223
63 251
63 264
63 290
63 292
63 3
63 12
63 15
63 16
63 22
63 27
63 29
63 30
63 38
63 42
63 45
63 51
63 53
63 56
63 72
63 80
63 84
63 87
63 91
63 96
63 100
63 101
63 106
63 109
63 113
63 114
63 122
63 125
63 133
63 137
63 142
63 145
63 147
63 149
64 152
64 156
64 182
64 194
64 196
64 224
64 227
64 249
64 257
64 262
64 263
64 265
64 278
64 285
64 288
64 299
64 4
64 16
64 19
64 20
64 33
64 42
64 44
64 45
64 49
64 72
64 76
64 77
64 87
64 96
64 106
64 107
64 111
64 114
64 122
64 129
64 132
64 139
64 147
64 214
65 160
65 162
65 178
65 186
65 192
65 214
65 221
65 232
65 276
65 284
65 291
65 295
65 297
65 6
65 7
65 13
65 14
65 15
65 17
65 21
65 26
65 33
65 40
65 47
65 49
65 57
65 58
65 61
65 62
65 70
65 74
65 86
65 88
65 91
65 96
65 100
65 108
65 119
65 120
65 123
65 124
65 125
65 137
65 140
65 141
65 146
65 215
66 158
66 182
66 192
66 213
66 217
66 219
66 222
66 236
66 243
66 258
66 267
66 283
66 291
66 297
66 0
66 3
66 14
66 18
66 23
66 37
66 41
66 45
66 46
66 47
66 48
66 49
66 53
66 57
66 61
66 62
66 69
66 75
66 77
66 79
66 84
66 86
66 94
66 102
66 103
66 111
66 113
66 117
66 119
66 123
66 125
66 127
66 149
66 216
67 152
67 156
67 168
67 186
67 210
67 211
67 220
67 243
67 244
67 246
67 264
67 299
67 2
67 9
67 10
67 22
67 27
67 31
67 37
67 39
67 49
67 61
67 62
67 81
67 86
67 88
67 89
67 91
67 94
67 97
67 98
67 113
67 116
67 124
67 131
67 134
67 138
67 149
67 217
68 161
68 164
68 188
68 192
68 193
68 196
68 208
68 210
68 222
68 242
68 244
68 254
68 257
68 260
68 280
68 286
68 1
68 2
68 21
68 26
68 28
68 31
68 49
68 50
68 52
68 55
68 60
68 62
68 73
68 96
68 99
68 106
68 109
68 112
68 113
68 117
68 125
68 131
68 133
68 135
68 143
68 147
68 218
69 179
69 184
69 185
69 208
69 230
69 237
69 242
69 245
69 246
69 247
69 250
69 252
69 258
69 259
69 278
69 288
69 6
69 11
69 34
69 42
69 45
69 52
69 66
69 71
69 81
69 82
69 84
69 95
69 99
69 103
69 110
69 113
69 116
69 119
69 121
69 126
69 139
69 219
70 152
70 172
70 176
70 178
70 180
70 187
70 188
70 189
70 197
70 201
70 202
70 242
70 279
70 299
70 3
70 8
70 18
70 22
70 23
70 33
70 34
70 50
70 54
70 55
70 59
70 65
70 71
70 72
70 73
70 74
70 77
70 84
70 92
70 93
70 100
70 103
70 104
70 117
70 119
70 121
70 124
70 137
70 138
70 220
71 167
71 175
71 177
71 181
71 194
71 205
71 210
71 226
71 230
71 252
71 280
71 288
71 289
71 293
71 6
71 10
71 11
71 38
71 39
71 44
71 46
71 50
71 51
71 69
71 70
71 85
71 88
71 89
71 98
71 104
71 127
71 137
71 144
71 221
72 169
72 189
72 194
72 197
72 219
72 243
72 257
72 271
72 272
72 274
72 299
72 0
72 1
72 4
72 5
72 7
72 9
72 10
72 16
72 18
72 24
72 25
72 26
72 33
72 35
72 39
72 41
72 42
72 51
72 59
72 63
72 64
72 70
72 79
72 84
72 94
72 96
72 97
72 102
72 103
72 106
72 112
72 119
72 123
72 131
72 144
72 146
72 222
73 152
73 154
73 155
73 172
73 178
73 185
73 189
73 200
73 203
73 211
73 215
73 225
73 226
73 229
73 232
73 253
73 256
73 270
73 277
73 282
73 291
73 292
73 295
73 5
73 13
73 16
73 18
73 21
73 29
73 36
73 48
73 53
73 56
73 58
73 68
73 70
73 97
73 99
73 104
73 105
73 114
73 116
73 122
73 123
73 124
73 131
73 132
73 135
73 142
73 223
74 171
74 172
74 201
74 203
74 223
74 232
74 235
74 247
74 262
74 264
74 275
74 287
74 5
74 15
74 16
74 17
74 24
74 28
74 33
74 34
74 40
74 49
74 65
74 70
74 77
74 79
74 80
74 89
74 93
74 106
74 115
74 126
74 135
74 137
74 139
74 141
74 143
74 147
74 224
75 150
75 152
75 174
75 180
75 197
75 211
75 228
75 242
75 282
75 292
75 299
75 3
75 4
75 6
75 15
75 21
75 22
75 27
75 35
75 39
75 49
75 56
75 66
75 79
75 81
75 87
75 89
75 100
75 105
75 109
75 111
75 137
75 143
75 144
75 146
75 149
75 225
76 156
76 168
76 171
76 177
76 191
76 194
76 198
76 203
76 243
76 248
76 250
76 251
76 263
76 293
76 298
76 299
76 6
76 17
76 21
76 28
76 36
76 47
76 60
76 64
76 98
76 121
76 131
76 135
76 138
76 142
76 145
76 226
77 158
77 160
77 169
77 173
77 189
77 209
77 232
77 250
77 255
77 264
77 265
77 271
77 272
77 293
77 4
77 7
77 10
77 12
77 25
77 29
77 31
77 35
77 40
77 42
77 64
77 66
77 70
77 74
77 82
77 87
77 93
77 98
77 101
77 103
77 106
77 109
77 114
77 117
77 118
77 120
77 121
77 122
77 124
77 129
77 144
77 227
78 153
78 165
78 209
78 214
78 219
78 234
78 241
78 257
78 267
78 280
78 1
78 2
78 16
78 19
78 22
78 26
78 30
78 32
78 33
78 42
78 46
78 48
78 50
78 54
78 57
78 58
78 80
78 87
78 103
78 104
78 112
78 121
78 124
78 128
78 131
78 132
78 135
78 138
78 142
78 145
78 146
78 148
78 228
79 152
79 162
79 165
79 176
79 189
79 199
79 211
79 217
79 228
79 240
79 241
79 243
79 246
79 248
79 257
79 264
79 270
79 271
79 273
79 281
79 1
79 6
79 7
79 11
79 12
79 16
79 18
79 35
79 38
79 39
79 49
79 61
79 66
79 72
79 74
79 75
79 83
79 86
79 88
79 101
79 104
79 106
79 112
79 113
79 119
79 120
79 121
79 122
79 129
79 140
79 143
79 146
79 229
80 160
80 166
80 177
80 178
80 188
80 190
80 196
80 201
80 240
80 242
80 245
80 268
80 270
80 283
80 284
80 2
80 8
80 11
80 12
80 43
80 44
80 50
80 53
80 58
80 63
80 74
80 78
80 81
80 86
80 87
80 89
80 93
80 94
80 97
80 103
80 105
80 107
80 131
80 135
80 138
80 139
80 149
80 230
81 150
81 169
81 180
81 182
81 194
81 196
81 212
81 226
81 229
81 236
81 243
81 255
81 261
81 3
81 21
81 29
81 33
81 34
81 39
81 43
81 55
81 61
81 67
81 69
81 75
81 80
81 85
81 92
81 108
81 109
81 113
81 130
81 132
81 133
81 138
81 142
81 144
81 147
81 148
81 231
82 170
82 194
82 202
82 233
82 251
82 270
82 274
82 291
82 4
82 7
82 8
82 16
82 18
82 19
82 20
82 22
82 27
82 32
82 35
82 37
82 40
82 43
82 55
82 62
82 69
82 77
82 86
82 90
82 92
82 93
82 94
82 96
82 97
82 99
82 104
82 112
82 113
82 116
82 127
82 128
82 129
82 130
82 145
82 146
82 232
83 174
83 186
83 194
83 198
83 211
83 220
83 231
83 233
83 235
83 236
83 249
83 256
83 259
83 262
83 265
83 293
83 294
83 298
83 4
83 6
83 12
83 20
83 33
83 37
83 43
83 57
83 62
83 79
83 93
83 94
83 95
83 96
83 100
83 106
83 107
83 110
83 113
83 114
83 115
83 117
83 119
83 130
83 132
83 136
83 138
83 145
83 146
83 147
84 166
84 172
84 187
84 206
84 212
84 217
84 218
84 223
84 254
84 259
84 261
84 280
84 282
84 285
84 286
84 287
84 290
84 291
84 0
84 1
84 3
84 4
84 5
84 18
84 22
84 24
84 26
84 32
84 41
84 42
84 44
84 47
84 48
84 54
84 57
84 63
84 66
84 69
84 70
84 72
84 91
84 93
84 100
84 105
84 119
84 121
84 123
84 127
84 129
84 132
84 133
84 137
84 145
84 234
85 151
85 155
85 168
85 188
85 189
85 196
85 199
85 200
85 208
85 221
85 233
85 250
85 261
85 264
85 279
85 280
85 284
85 286
85 8
85 12
85 13
85 16
85 24
85 29
85 30
85 33
85 35
85 43
85 45
85 46
85 49
85 52
85 57
85 60
85 71
85 81
85 87
85 102
85 106
85 112
85 125
85 133
85 134
85 140
85 141
85 148
85 149
85 235
86 154
86 166
86 176
86 193
86 195
86 208
86 209
86 212
86 218
86 222
86 230
86 238
86 261
86 262
86 272
86 279
86 286
86 287
86 294
86 6
86 10
86 15
86 19
86 27
86 28
86 29
86 37
86 43
86 45
86 46
86 48
86 49
86 50
86 65
86 66
86 67
86 79
86 80
86 82
86 87
86 93
86 106
86 109
86 110
86 112
86 125
86 130
86 131
86 132
86 137
86 145
86 147
86 148
86 236
87 150
87 152
87 156
87 185
87 193
87 204
87 233
87 234
87 253
87 260
87 283
87 290
87 291
87 294
87 0
87 3
87 4
87 10
87 14
87 18
87 27
87 37
87 40
87 46
87 63
87 64
87 75
87 77
87 78
87 80
87 85
87 86
87 109
87 110
87 119
87 120
87 126
87 135
87 140
87 145
87 146
87 149
87 237
88 163
88 171
88 177
88 187
88 195
88 200
88 207
88 225
88 227
88 241
88 242
88 252
88 262
88 269
88 271
88 272
88 276
88 11
88 16
88 18
88 23
88 27
88 29
88 33
88 43
88 46
88 49
88 52
88 57
88 58
88 59
88 65
88 67
88 71
88 79
88 93
88 96
88 105
88 106
88 107
88 108
88 109
88 122
88 124
88 126
88 128
88 130
88 132
88 148
88 238
89 171
89 174
89 182
89 185
89 186
89 192
89 209
89 229
89 251
89 257
89 289
89 5
89 10
89 12
89 25
89 27
89 29
89 30
89 32
89 37
89 41
89 44
89 49
89 67
89 71
89 74
89 75
89 80
89 98
89 99
89 110
89 115
89 123
89 126
89 139
89 145
89 146
89 149
89 239
90 155
90 156
90 160
90 173
90 180
90 181
90 189
90 198
90 206
90 223
90 227
90 249
90 255
90 260
90 295
90 0
90 4
90 11
90 12
90 19
90 20
90 26
90 29
90 38
90 40
90 55
90 58
90 82
90 91
90 92
90 104
90 108
90 122
90 126
90 128
90 130
90 132
90 138
90 140
90 240
91 169
91 200
91 202
91 204
91 212
91 218
91 220
91 237
91 239
91 248
91 256
91 260
91 281
91 290
91 297
91 2
91 3
91 10
91 14
91 19
91 24
91 34
91 35
91 37
91 41
91 43
91 45
91 51
91 54
91 55
91 63
91 65
91 67
91 84
91 90
91 93
91 96
91 97
91 98
91 103
91 111
91 146
91 241
92 172
92 180
92 193
92 199
92 210
92 230
92 267
92 283
92 287
92 2
92 4
92 9
92 19
92 21
92 22
92 26
92 27
92 32
92 35
92 36
92 40
92 42
92 43
92 51
92 70
92 81
92 82
92 90
92 95
92 99
92 101
92 102
92 105
92 118
92 124
92 125
92 129
92 132
92 140
92 242
93 150
93 157
93 165
93 169
93 175
93 179
93 208
93 214
93 246
93 252
93 256
93 269
93 13
93 19
93 20
93 22
93 26
93 29
93 35
93 45
93 48
93 51
93 70
93 74
93 77
93 80
93 82
93 83
93 84
93 86
93 88
93 91
93 94
93 107
93 109
93 113
93 114
93 115
93 118
93 119
93 128
93 134
93 139
93 142
93 146
93 147
93 148
93 149
93 243
94 165
94 168
94 172
94 181
94 190
94 202
94 204
94 221
94 253
94 257
94 258
94 260
94 263
94 266
94 294
94 0
94 17
94 21
94 25
94 33
94 35
94 40
94 44
94 51
94 55
94 59
94 66
94 67
94 72
94 80
94 82
94 83
94 93
94 97
94 109
94 111
94 115
94 120
94 125
94 128
94 131
94 139
94 144
94 146
94 148
94 244
95 162
95 200
95 206
95 211
95 212
95 219
95 228
95 235
95 243
95 249
95 253
95 258
95 259
95 294
95 2
95 10
95 15
95 17
95 24
95 25
95 27
95 35
95 37
95 42
95 53
95 54
95 60
95 69
95 83
95 92
95 102
95 107
95 117
95 120
95 122
95 123
95 138
95 139
95 142
95 146
95 148
95 245
96 165
96 166
96 177
96 181
96 189
96 202
96 206
96 213
96 219
96 220
96 222
96 232
96 241
96 256
96 264
96 265
96 273
96 274
96 275
96 284
96 289
96 2
96 4
96 13
96 16
96 18
96 19
96 20
96 34
96 35
96 38
96 45
96 46
96 47
96 52
96 53
96 63
96 64
96 65
96 68
96 72
96 82
96 83
96 88
96 91
96 98
96 99
96 102
96 104
96 109
96 114
96 126
96 128
96 132
96 138
96 246
97 154
97 162
97 173
97 182
97 195
97 197
97 204
97 215
97 220
97 229
97 236
97 242
97 244
97 248
97 249
97 261
97 262
97 265
97 275
97 283
97 285
97 292
97 0
97 6
97 16
97 20
97 27
97 34
97 55
97 60
97 67
97 72
97 73
97 80
97 82
97 91
97 94
97 103
97 134
97 143
97 147
97 149
97 247
98 159
98 163
98 165
98 170
98 171
98 189
98 217
98 218
98 219
98 224
98 227
98 275
98 280
98 292
98 294
98 299
98 4
98 12
98 14
98 15
98 20
98 21
98 32
98 41
98 42
98 43
98 44
98 48
98 67
98 71
98 76
98 77
98 89
98 91
98 96
98 100
98 102
98 105
98 109
98 112
98 113
98 121
98 126
98 130
98 137
98 140
98 142
98 248
99 165
99 175
99 176
99 202
99 213
99 245
99 248
99 251
99 259
99 264
99 279
99 280
99 282
99 0
99 2
99 8
99 12
99 14
99 17
99 20
99 21
99 36
99 52
99 58
99 68
99 69
99 73
99 82
99 89
99 92
99 96
99 100
99 101
99 106
99 108
99 113
99 114
99 119
99 120
99 136
99 139
99 141
99 143
99 149
99 249
100 151
100 160
100 166
100 167
100 173
100 187
100 199
100 213
100 217
100 218
100 233
100 236
100 263
100 267
100 272
100 277
100 281
100 290
100 6
100 8
100 15
100 19
100 24
100 27
100 31
100 32
100 36
100 42
100 44
100 47
100 51
100 55
100 56
100 63
100 65
100 70
100 75
100 83
100 84
100 98
100 99
100 104
100 107
100 114
100 116
100 117
100 123
100 145
100 146
100 149
100 250
101 152
101 156
101 159
101 164
101 172
101 174
101 177
101 192
101 197
101 201
101 220
101 221
101 273
101 290
101 293
101 7
101 10
101 14
101 16
101 18
101 21
101 27
101 28
101 30
101 34
101 39
101 51
101 53
101 54
101 59
101 61
101 63
101 77
101 79
101 92
101 99
101 107
101 113
101 117
101 121
101 122
101 125
101 126
101 133
101 141
101 144
101 251
102 152
102 171
102 174
102 175
102 203
102 207
102 215
102 218
102 236
102 243
102 260
102 271
102 280
102 4
102 13
102 17
102 22
102 25
102 30
102 37
102 41
102 47
102 50
102 54
102 58
102 61
102 66
102 72
102 85
102 92
102 95
102 96
102 98
102 104
102 108
102 112
102 115
102 119
102 127
102 133
102 135
102 139
102 140
102 142
102 144
102 148
102 252
103 164
103 173
103 180
103 189
103 202
103 204
103 209
103 227
103 229
103 230
103 235
103 240
103 261
103 277
103 279
103 294
103 0
103 3
103 4
103 15
103 28
103 30
103 35
103 41
103 42
103 43
103 48
103 55
103 66
103 69
103 70
103 72
103 77
103 78
103 80
103 91
103 97
103 107
103 116
103 131
103 138
103 140
103 146
103 147
103 148
103 253
104 163
104 166
104 170
104 173
104 175
104 176
104 184
104 211
104 221
104 224
104 228
104 231
104 234
104 235
104 271
104 273
104 298
104 9
104 15
104 17
104 24
104 28
104 32
104 33
104 43
104 48
104 52
104 58
104 59
104 62
104 70
104 71
104 73
104 78
104 79
104 82
104 90
104 96
104 100
104 102
104 105
104 107
104 108
104 127
104 131
104 132
104 137
104 140
104 254
105 151
105 154
105 175
105 187
105 191
105 199
105 207
105 211
105 243
105 247
105 248
105 249
105 262
105 275
105 278
105 281
105 290
105 293
105 298
105 1
105 5
105 9
105 20
105 22
105 33
105 35
105 38
105 48
105 49
105 60
105 73
105 75
105 80
105 84
105 88
105 92
105 98
105 104
105 109
105 110
105 111
105 113
105 114
105 116
105 120
105 121
105 125
105 129
105 130
105 133
105 136
105 145
105 149
105 255
106 158
106 159
106 160
106 162
106 183
106 188
106 196
106 208
106 213
106 225
106 231
106 234
106 244
106 246
106 255
106 263
106 272
106 275
106 278
106 279
106 0
106 6
106 8
106 9
106 10
106 12
106 16
106 20
106 22
106 25
106 29
106 30
106 35
106 39
106 40
106 41
106 43
106 54
106 59
106 63
106 64
106 68
106 72
106 74
106 77
106 79
106 83
106 85
106 86
106 88
106 99
106 107
106 113
106 114
106 138
106 144
106 146
106 256
107 159
107 198
107 215
107 225
107 235
107 236
107 237
107 243
107 260
107 272
107 289
107 2
107 9
107 12
107 17
107 34
107 40
107 41
107 44
107 46
107 48
107 50
107 58
107 61
107 64
107 80
107 83
107 88
107 93
107 95
107 100
107 101
107 103
107 104
107 106
107 110
107 112
107 115
107 123
107 127
107 140
107 142
107 143
107 145
107 257
108 176
108 187
108 192
108 259
108 268
108 272
108 276
108 279
108 1
108 6
108 8
108 19
108 21
108 31
108 34
108 43
108 57
108 58
108 65
108 81
108 88
108 90
108 99
108 102
108 104
108 109
108 112
108 131
108 142
108 144
108 258
109 158
109 176
109 178
109 187
109 190
109 193
109 216
109 227
109 236
109 242
109 278
109 293
109 3
109 16
109 17
109 18
109 21
109 27
109 28
109 30
109 32
109 35
109 50
109 63
109 68
109 75
109 77
109 81
109 86
109 87
109 88
109 93
109 94
109 96
109 98
109 105
109 108
109 114
109 116
109 128
109 133
109 143
109 149
109 259
110 155
110 174
110 176
110 182
110 187
110 206
110 211
110 213
110 219
110 221
110 243
110 247
110 251
110 282
110 288
110 298
110 0
110 2
110 6
110 10
110 11
110 15
110 28
110 34
110 36
110 42
110 53
110 69
110 83
110 86
110 87
110 89
110 105
110 107
110 116
110 122
110 123
110 131
110 139
110 143
110 147
110 260
111 155
111 173
111 180
111 201
111 205
111 212
111 235
111 238
111 242
111 252
111 258
111 260
111 263
111 291
111 2
111 10
111 13
111 15
111 19
111 21
111 25
111 34
111 49
111 50
111 52
111 59
111 64
111 66
111 75
111 91
111 94
111 105
111 114
111 115
111 128
111 141
111 148
111 149
111 261
112 159
112 172
112 182
112 184
112 215
112 219
112 237
112 274
112 288
112 292
112 297
112 9
112 12
112 14
112 19
112 22
112 25
112 26
112 27
112 34
112 46
112 51
112 53
112 61
112 68
112 72
112 78
112 79
112 82
112 85
112 86
112 98
112 102
112 107
112 108
112 119
112 123
112 125
112 126
112 128
112 138
112 144
112 262
113 155
113 156
113 158
113 166
113 169
113 186
113 189
113 191
113 225
113 236
113 239
113 262
113 276
113 278
113 290
113 292
113 295
113 9
113 10
113 12
113 16
113 18
113 23
113 26
113 27
113 33
113 35
113 43
113 44
113 46
113 49
113 50
113 51
113 56
113 58
113 62
113 63
113 66
113 67
113 68
113 69
113 79
113 81
113 82
113 83
113 93
113 98
113 99
113 101
113 105
113 106
113 125
113 128
113 142
113 143
113 144
113 147
113 263
114 161
114 199
114 218
114 225
114 227
114 233
114 249
114 253
114 265
114 266
114 282
114 288
114 289
114 294
114 8
114 12
114 16
114 17
114 18
114 21
114 22
114 24
114 30
114 33
114 39
114 40
114 41
114 44
114 55
114 62
114 63
114 64
114 73
114 77
114 83
114 93
114 96
114 99
114 100
114 105
114 106
114 109
114 111
114 119
114 129
114 130
114 135
114 137
114 142
114 145
114 149
114 264
115 157
115 168
115 172
115 184
115 193
115 211
115 214
115 237
115 239
115 246
115 247
115 265
115 271
115 294
115 1
115 4
115 5
115 10
115 13
115 20
115 22
115 26
115 27
115 34
115 35
115 36
115 37
115 39
115 46
115 49
115 51
115 56
115 58
115 59
115 74
115 83
115 89
115 93
115 94
115 102
115 107
115 111
115 132
115 140
116 163
116 164
116 165
116 167
116 174
116 191
116 194
116 195
116 198
116 208
116 235
116 243
116 278
116 282
116 284
116 295
116 5
116 6
116 13
116 18
116 19
116 24
116 26
116 36
116 48
116 49
116 51
116 52
116 54
116 57
116 58
116 62
116 67
116 69
116 73
116 82
116 100
116 103
116 105
116 109
116 110
116 121
116 125
116 128
116 131
116 135
116 142
116 144
116 147
116 266
117 160
117 163
117 168
117 186
117 188
117 191
117 220
117 233
117 235
117 244
117 247
117 263
117 265
117 266
117 278
117 279
117 281
117 16
117 21
117 23
117 26
117 28
117 36
117 46
117 51
117 56
117 66
117 68
117 70
117 77
117 83
117 95
117 100
117 101
117 121
117 123
117 130
117 137
117 138
117 144
117 145
117 146
117 147
117 267
118 154
118 191
118 198
118 204
118 212
118 225
118 242
118 268
118 4
118 6
118 10
118 11
118 12
118 23
118 24
118 28
118 30
118 34
118 46
118 54
118 55
118 56
118 77
118 92
118 93
118 120
118 122
118 140
118 143
118 146
119 167
119 168
119 191
119 197
119 214
119 215
119 218
119 230
119 256
119 260
119 263
119 265
119 296
119 0
119 4
119 6
119 18
119 19
119 29
119 30
119 41
119 44
119 45
119 48
119 55
119 57
119 60
119 65
119 66
119 69
119 70
119 72
119 79
119 83
119 84
119 87
119 93
119 99
119 102
119 112
119 114
119 124
119 136
119 137
119 139
119 269
120 153
120 157
120 161
120 189
120 192
120 255
120 294
120 2
120 10
120 13
120 17
120 22
120 24
120 39
120 49
120 51
120 54
120 55
120 57
120 58
120 65
120 77
120 79
120 87
120 94
120 95
120 99
120 105
120 118
120 122
120 128
120 130
120 140
120 141
120 145
120 270
121 151
121 163
121 198
121 212
121 213
121 229
121 233
121 234
121 236
121 255
121 9
121 10
121 13
121 14
121 19
121 23
121 54
121 55
121 56
121 60
121 69
121 70
121 76
121 77
121 78
121 79
121 84
121 98
121 101
121 105
121 116
121 117
121 122
121 135
121 148
121 271
122 168
122 174
122 183
122 184
122 197
122 203
122 211
122 212
122 225
122 242
122 263
122 265
122 275
122 279
122 283
122 292
122 294
122 1
122 2
122 5
122 8
122 10
122 14
122 21
122 23
122 27
122 42
122 43
122 45
122 46
122 54
122 63
122 64
122 73
122 77
122 79
122 88
122 90
122 95
122 101
122 110
122 118
122 120
122 121
122 126
122 134
122 138
122 145
122 146
122 149
122 272
123 159
123 168
123 176
123 181
123 206
123 223
123 230
123 261
123 288
123 299
123 0
123 1
123 6
123 8
123 9
123 11
123 16
123 29
123 30
123 36
123 47
123 48
123 51
123 58
123 59
123 61
123 65
123 66
123 72
123 73
123 84
123 89
123 95
123 100
123 107
123 110
123 112
123 117
123 124
123 125
123 136
123 137
123 141
123 273
124 156
124 169
124 172
124 192
124 196
124 202
124 208
124 216
124 219
124 224
124 227
124 232
124 236
124 267
124 276
124 278
124 280
124 288
124 292
124 4
124 5
124 9
124 15
124 16
124 17
124 26
124 27
124 40
124 41
124 42
124 46
124 62
124 65
124 67
124 70
124 73
124 77
124 78
124 88
124 92
124 119
124 123
124 127
124 128
124 139
124 140
124 145
124 149
124 274
125 172
125 175
125 178
125 184
125 194
125 210
125 219
125 237
125 244
125 257
125 259
125 262
125 267
125 277
125 278
125 283
125 295
125 3
125 4
125 11
125 18
125 21
125 39
125 42
125 45
125 47
125 50
125 61
125 63
125 65
125 66
125 68
125 85
125 86
125 92
125 94
125 101
125 105
125 112
125 113
125 116
125 123
125 133
125 142
125 144
125 149
125 275
126 152
126 157
126 162
126 212
126 217
126 221
126 247
126 255
126 257
126 267
126 270
126 277
126 5
126 8
126 9
126 11
126 12
126 26
126 27
126 39
126 58
126 61
126 69
126 74
126 87
126 88
126 89
126 90
126 96
126 98
126 101
126 112
126 122
126 127
126 129
126 133
126 135
126 147
126 276
127 162
127 164
127 171
127 204
127 218
127 219
127 231
127 236
127 256
127 279
127 3
127 20
127 22
127 38
127 49
127 52
127 54
127 60
127 66
127 71
127 82
127 84
127 102
127 104
127 107
127 124
127 126
127 129
127 140
127 146
127 277
128 154
128 157
128 167
128 169
128 170
128 189
128 191
128 206
128 207
128 214
128 225
128 227
128 231
128 243
128 244
128 252
128 254
128 258
128 264
128 268
128 277
128 280
128 294
128 297
128 5
128 8
128 9
128 19
128 20
128 26
128 31
128 38
128 42
128 56
128 59
128 78
128 82
128 88
128 90
128 93
128 94
128 96
128 109
128 111
128 112
128 113
128 116
128 120
128 124
128 132
128 137
128 142
128 146
128 278
129 162
129 167
129 183
129 189
129 193
129 199
129 244
129 248
129 259
129 261
129 291
129 295
129 297
129 4
129 9
129 20
129 29
129 31
129 37
129 45
129 47
129 51
129 64
129 77
129 79
129 82
129 84
129 92
129 105
129 114
129 126
129 127
129 133
129 136
129 147
129 279
130 162
130 178
130 193
130 211
130 215
130 219
130 229
130 232
130 244
130 255
130 259
130 261
130 279
130 282
130 288
130 295
130 6
130 10
130 16
130 28
130 29
130 33
130 54
130 61
130 81
130 82
130 83
130 86
130 88
130 90
130 98
130 105
130 114
130 117
130 120
130 132
130 133
130 138
130 145
130 148
130 280
131 154
131 166
131 172
131 174
131 181
131 182
131 183
131 185
131 187
131 189
131 214
131 228
131 257
131 261
131 269
131 270
131 286
131 290
131 298
131 4
131 6
131 8
131 19
131 23
131 24
131 31
131 32
131 38
131 42
131 46
131 51
131 53
131 59
131 67
131 68
131 72
131 73
131 76
131 78
131 80
131 86
131 94
131 103
131 104
131 108
131 110
131 116
131 133
131 138
131 140
131 146
131 281
132 153
132 162
132 185
132 191
132 198
132 208
132 215
132 220
132 225
132 233
132 235
132 238
132 248
132 249
132 265
132 272
132 278
132 284
132 292
132 296
132 0
132 10
132 26
132 30
132 34
132 36
132 37
132 38
132 45
132 54
132 57
132 58
132 62
132 64
132 73
132 78
132 81
132 83
132 84
132 86
132 88
132 90
132 92
132 96
132 104
132 115
132 128
132 130
132 138
132 141
132 146
132 282
133 160
133 171
133 173
133 175
133 187
133 189
133 195
133 200
133 216
133 223
133 236
133 244
133 253
133 256
133 268
133 273
133 282
133 290
133 3
133 7
133 10
133 16
133 18
133 19
133 20
133 22
133 26
133 27
133 32
133 51
133 52
133 53
133 60
133 62
133 63
133 68
133 81
133 84
133 85
133 101
133 102
133 105
133 109
133 125
133 126
133 129
133 130
133 131
133 138
133 141
133 142
133 283
134 157
134 188
134 198
134 209
134 213
134 216
134 217
134 218
134 236
134 241
134 267
134 278
134 284
134 298
134 5
134 10
134 15
134 21
134 25
134 26
134 29
134 31
134 36
134 38
134 44
134 52
134 53
134 58
134 59
134 67
134 85
134 93
134 97
134 122
134 135
134 143
134 145
135 175
135 183
135 205
135 210
135 223
135 237
135 248
135 256
135 262
135 263
135 264
135 266
135 274
135 281
135 1
135 9
135 18
135 20
135 22
135 24
135 26
135 27
135 32
135 39
135 44
135 53
135 57
135 68
135 73
135 74
135 76
135 78
135 80
135 87
135 102
135 114
135 116
135 121
135 126
135 134
135 137
135 138
135 144
135 146
135 148
135 285
136 167
136 177
136 182
136 248
136 254
136 265
136 269
136 279
136 285
136 0
136 1
136 5
136 10
136 11
136 17
136 22
136 29
136 36
136 40
136 41
136 42
136 45
136 61
136 83
136 99
136 105
136 119
136 123
136 129
136 141
136 143
136 286
137 153
137 174
137 180
137 198
137 202
137 223
137 228
137 238
137 242
137 254
137 266
137 268
137 269
137 275
137 291
137 10
137 14
137 24
137 26
137 38
137 42
137 44
137 56
137 60
137 63
137 65
137 70
137 71
137 74
137 75
137 84
137 86
137 98
137 104
137 114
137 117
137 119
137 123
137 128
137 135
137 138
137 142
137 146
137 287
138 166
138 167
138 168
138 186
138 188
138 193
138 209
138 244
138 249
138 255
138 262
138 268
138 276
138 287
138 288
138 292
138 0
138 6
138 12
138 14
138 16
138 20
138 21
138 30
138 36
138 51
138 52
138 67
138 70
138 76
138 78
138 80
138 81
138 83
138 90
138 95
138 96
138 103
138 106
138 112
138 117
138 122
138 130
138 131
138 132
138 133
138 135
138 137
138 139
138 144
138 146
138 147
138 148
139 169
139 181
139 193
139 214
139 248
139 257
139 266
139 279
139 288
139 290
139 14
139 24
139 27
139 46
139 53
139 64
139 69
139 74
139 80
139 89
139 93
139 94
139 95
139 99
139 102
139 110
139 119
139 124
139 138
139 141
139 149
139 289
140 151
140 169
140 175
140 179
140 195
140 197
140 202
140 214
140 229
140 241
140 269
140 297
140 0
140 1
140 10
140 13
140 16
140 21
140 30
140 37
140 38
140 49
140 51
140 54
140 58
140 65
140 79
140 85
140 87
140 90
140 92
140 98
140 102
140 103
140 104
140 107
140 115
140 118
140 120
140 124
140 127
140 131
140 141
140 147
140 290
141 152
141 154
141 155
141 175
141 192
141 195
141 203
141 206
141 211
141 216
141 240
141 243
141 245
141 277
141 286
141 292
141 293
141 4
141 10
141 14
141 19
141 22
141 34
141 38
141 44
141 49
141 56
141 58
141 60
141 62
141 65
141 74
141 85
141 99
141 101
141 111
141 120
141 123
141 132
141 133
141 136
141 139
141 140
141 146
141 291
142 155
142 189
142 197
142 205
142 217
142 220
142 241
142 268
142 269
142 272
142 6
142 7
142 10
142 12
142 13
142 28
142 32
142 38
142 42
142 53
142 54
142 63
142 73
142 76
142 78
142 81
142 93
142 95
142 98
142 102
142 107
142 108
142 113
142 114
142 116
142 125
142 128
142 133
142 137
142 146
142 292
143 152
143 161
143 164
143 168
143 170
143 181
143 204
143 218
143 221
143 230
143 232
143 233
143 235
143 241
143 260
143 263
143 268
143 269
143 284
143 287
143 291
143 294
143 1
143 11
143 33
143 38
143 48
143 50
143 55
143 68
143 74
143 75
143 79
143 97
143 99
143 107
143 109
143 110
143 113
143 118
143 134
143 136
143 148
143 293
144 156
144 168
144 170
144 177
144 178
144 211
144 212
144 214
144 217
144 221
144 235
144 255
144 263
144 265
144 281
144 17
144 24
144 25
144 26
144 27
144 29
144 43
144 44
144 58
144 59
144 62
144 71
144 72
144 75
144 77
144 81
144 94
144 101
144 102
144 106
144 108
144 112
144 113
144 116
144 117
144 125
144 135
144 138
144 146
144 148
144 149
144 294
145 150
145 157
145 164
145 170
145 172
145 173
145 176
145 183
145 227
145 248
145 249
145 251
145 260
145 261
145 269
145 288
145 3
145 21
145 28
145 33
145 35
145 44
145 45
145 49
145 56
145 57
145 61
145 63
145 76
145 78
145 82
145 83
145 84
145 86
145 87
145 89
145 100
145 105
145 107
145 114
145 117
145 120
145 122
145 124
145 130
145 134
145 148
145 295
146 151
146 160
146 163
146 164
146 168
146 181
146 204
146 214
146 222
146 273
146 275
146 299
146 1
146 9
146 16
146 17
146 21
146 23
146 24
146 25
146 28
146 31
146 34
146 47
146 48
146 57
146 61
146 65
146 72
146 75
146 78
146 79
146 82
146 83
146 87
146 89
146 91
146 93
146 94
146 95
146 100
146 103
146 106
146 117
146 118
146 122
146 127
146 128
146 131
146 132
146 135
146 137
146 138
146 141
146 142
146 144
146 296
147 153
147 157
147 185
147 201
147 207
147 211
147 226
147 238
147 272
147 275
147 282
147 283
147 295
147 0
147 7
147 19
147 21
147 23
147 29
147 35
147 37
147 38
147 40
147 45
147 46
147 51
147 56
147 60
147 63
147 64
147 68
147 74
147 81
147 83
147 86
147 93
147 97
147 103
147 110
147 113
147 116
147 117
147 126
147 129
147 138
147 140
147 148
147 149
147 297
148 152
148 164
148 168
148 206
148 208
148 219
148 224
148 236
148 238
148 239
148 240
148 248
148 256
148 270
148 277
148 280
148 293
148 294
148 297
148 3
148 5
148 9
148 17
148 22
148 27
148 44
148 52
148 53
148 57
148 59
148 62
148 78
148 81
148 85
148 86
148 88
148 93
148 94
148 95
148 102
148 103
148 111
148 121
148 130
148 135
148 138
148 143
148 144
148 145
148 147
148 298
149 157
149 171
149 177
149 184
149 191
149 198
149 204
149 212
149 214
149 229
149 246
149 251
149 262
149 273
149 280
149 291
149 292
149 297
149 1
149 10
149 11
149 15
149 23
149 25
149 26
149 38
149 39
149 42
149 44
149 45
149 48
149 57
149 62
149 63
149 66
149 67
149 75
149 80
149 85
149 87
149 89
149 93
149 97
149 99
149 100
149 105
149 109
149 111
149 114
149 122
149 124
149 125
149 139
149 144
149 147
149 299
150 1
150 16
150 21
150 44
150 52
150 54
150 55
150 75
150 81
150 87
150 93
150 145
150 0
151 2
151 5
151 6
151 10
151 11
151 44
151 47
151 58
151 85
151 100
151 105
151 121
151 140
151 146
151 1
152 16
152 21
152 31
152 40
152 44
152 52
152 55
152 57
152 59
152 64
152 67
152 70
152 73
152 75
152 79
152 87
152 101
152 102
152 126
152 141
152 143
152 148
152 2
153 19
153 20
153 33
153 38
153 40
153 47
153 50
153 51
153 55
153 58
153 60
153 61
153 62
153 63
153 78
153 120
153 132
153 137
153 147
153 3
154 9
154 19
154 27
154 30
154 32
154 58
154 73
154 86
154 97
154 105
154 118
154 128
154 131
154 141
154 4
155 5
155 9
155 20
155 36
155 42
155 45
155 73
155 85
155 90
155 110
155 111
155 113
155 141
155 142
156 9
156 23
156 37
156 44
156 64
156 67
156 76
156 87
156 90
156 101
156 113
156 124
156 144
156 6
157 27
157 56
157 58
157 93
157 115
157 120
157 126
157 128
157 134
157 145
157 147
157 149
157 7
158 32
158 38
158 43
158 49
158 66
158 77
158 106
158 109
158 113
158 8
159 8
159 21
159 26
159 42
159 98
159 101
159 106
159 107
159 112
159 123
159 9
160 12
160 15
160 55
160 59
160 65
160 77
160 80
160 90
160 100
160 106
160 117
160 133
160 146
160 10
161 3
161 16
161 24
161 28
161 62
161 68
161 114
161 120
161 143
161 11
162 28
162 32
162 36
162 38
162 39
162 46
162 51
162 65
162 79
162 95
162 97
162 106
162 126
162 127
162 129
162 130
162 132
162 12
163 9
163 10
163 16
163 21
163 22
163 23
163 35
163 36
163 42
163 88
163 98
163 104
163 116
163 117
163 121
163 146
163 13
164 1
164 53
164 68
164 101
164 103
164 116
164 127
164 143
164 145
164 146
164 148
164 14
165 15
165 26
165 44
165 61
165 78
165 79
165 93
165 94
165 96
165 98
165 99
165 116
166 2
166 4
166 32
166 42
166 48
166 53
166 80
166 84
166 86
166 96
166 100
166 104
166 113
166 131
166 138
166 16
167 14
167 42
167 50
167 54
167 58
167 59
167 71
167 100
167 116
167 119
167 128
167 129
167 136
167 138
167 17
168 32
168 47
168 60
168 67
168 76
168 85
168 94
168 115
168 117
168 119
168 122
168 123
168 138
168 143
168 144
168 146
168 148
168 18
169 6
169 7
169 15
169 16
169 17
169 40
169 49
169 72
169 77
169 81
169 91
169 93
169 113
169 124
169 128
169 139
169 140
169 19
170 3
170 8
170 10
170 17
170 30
170 37
170 40
170 47
170 48
170 82
170 98
170 104
170 128
170 143
170 144
170 145
170 20
171 30
171 37
171 41
171 56
171 74
171 76
171 88
171 89
171 98
171 102
171 127
171 133
171 149
171 21
172 7
172 24
172 33
172 34
172 35
172 40
172 44
172 45
172 63
172 70
172 73
172 74
172 84
172 92
172 94
172 101
172 112
172 115
172 124
172 125
172 131
172 145
172 22
173 2
173 11
173 25
173 26
173 33
173 55
173 77
173 90
173 97
173 100
173 103
173 104
173 111
173 133
173 145
173 23
174 5
174 7
174 13
174 36
174 49
174 54
174 75
174 83
174 89
174 101
174 102
174 110
174 116
174 122
174 131
174 137
174 24
175 17
175 19
175 20
175 29
175 46
175 71
175 93
175 99
175 102
175 104
175 105
175 125
175 133
175 135
175 140
175 141
175 25
176 31
176 33
176 34
176 44
176 48
176 50
176 54
176 63
176 70
176 79
176 86
176 99
176 104
176 108
176 109
176 110
176 123
176 145
176 26
177 15
177 36
177 55
177 61
177 71
177 76
177 80
177 88
177 96
177 101
177 136
177 144
177 149
177 27
178 5
178 19
178 27
178 35
178 37
178 42
178 57
178 60
178 65
178 70
178 73
178 80
178 109
178 125
178 130
178 144
178 28
179 11
179 15
179 20
179 31
179 56
179 69
179 93
179 140
179 29
180 14
180 30
180 33
180 51
180 62
180 70
180 75
180 81
180 90
180 92
180 103
180 111
180 137
181 28
181 29
181 33
181 34
181 36
181 42
181 53
181 55
181 71
181 90
181 94
181 96
181 123
181 131
181 139
181 143
181 146
181 31
182 2
182 6
182 22
182 24
182 36
182 42
182 64
182 66
182 81
182 89
182 97
182 110
182 112
182 131
182 136
182 32
183 6
183 18
183 31
183 41
183 42
183 106
183 122
183 129
183 131
183 135
183 145
183 33
184 1
184 3
184 5
184 17
184 18
184 21
184 27
184 34
184 69
184 104
184 112
184 115
184 122
184 125
184 149
185 9
185 15
185 16
185 23
185 47
185 56
185 69
185 73
185 87
185 89
185 131
185 132
185 147
185 35
186 10
186 13
186 18
186 21
186 23
186 36
186 41
186 43
186 46
186 55
186 57
186 65
186 67
186 83
186 89
186 113
186 117
186 138
187 29
187 34
187 35
187 57
187 70
187 84
187 88
187 100
187 105
187 108
187 109
187 110
187 131
187 133
187 37
188 0
188 4
188 22
188 38
188 56
188 61
188 68
188 70
188 80
188 85
188 106
188 117
188 134
188 138
189 6
189 7
189 9
189 11
189 19
189 24
189 25
189 28
189 33
189 37
189 39
189 54
189 56
189 70
189 72
189 73
189 77
189 79
189 85
189 90
189 96
189 98
189 103
189 113
189 120
189 128
189 129
189 131
189 133
189 142
190 3
190 27
190 32
190 56
190 80
190 94
190 109
190 40
191 3
191 4
191 7
191 15
191 28
191 34
191 41
191 47
191 51
191 55
191 76
191 105
191 113
191 116
191 117
191 118
191 119
191 128
191 132
191 149
192 5
192 11
192 22
192 24
192 59
192 65
192 66
192 68
192 89
192 101
192 108
192 120
192 124
192 141
192 42
193 3
193 6
193 23
193 30
193 36
193 39
193 68
193 86
193 87
193 92
193 109
193 115
193 129
193 130
193 138
193 139
193 43
194 1
194 7
194 9
194 38
194 53
194 64
194 71
194 72
194 76
194 81
194 82
194 83
194 116
194 125
194 44
195 1
195 26
195 31
195 33
195 43
195 56
195 63
195 86
195 88
195 97
195 116
195 133
195 140
195 141
195 45
196 3
196 8
196 16
196 30
196 33
196 40
196 42
196 43
196 57
196 58
196 62
196 64
196 68
196 80
196 81
196 85
196 106
196 124
196 46
197 4
197 7
197 18
197 30
197 39
197 50
197 61
197 70
197 72
197 75
197 97
197 101
197 119
197 122
197 140
197 142
197 47
198 7
198 11
198 14
198 15
198 32
198 41
198 49
198 50
198 58
198 76
198 83
198 90
198 107
198 116
198 118
198 121
198 132
198 134
198 137
198 149
198 48
199 2
199 8
199 17
199 29
199 39
199 42
199 46
199 79
199 85
199 92
199 100
199 105
199 114
199 129
199 49
200 7
200 11
200 13
200 15
200 16
200 19
200 28
200 30
200 34
200 58
200 59
200 61
200 73
200 85
200 88
200 91
200 95
200 133
200 50
201 19
201 27
201 32
201 36
201 54
201 70
201 74
201 80
201 101
201 111
201 147
201 51
202 7
202 27
202 29
202 40
202 46
202 70
202 82
202 91
202 94
202 96
202 99
202 103
202 124
202 137
202 140
202 52
203 3
203 6
203 7
203 11
203 35
203 57
203 58
203 62
203 73
203 74
203 76
203 102
203 122
203 141
203 53
204 7
204 29
204 38
204 39
204 40
204 51
204 87
204 91
204 94
204 97
204 103
204 118
204 127
204 143
204 146
204 149
204 54
205 5
205 8
205 19
205 21
205 46
205 71
205 111
205 135
205 142
205 55
206 4
206 10
206 11
206 40
206 42
206 58
206 84
206 90
206 95
206 96
206 110
206 123
206 128
206 141
206 148
206 56
207 2
207 11
207 15
207 18
207 20
207 21
207 27
207 42
207 52
207 54
207 88
207 102
207 105
207 128
207 147
207 57
208 10
208 11
208 16
208 32
208 33
208 50
208 54
208 55
208 57
208 59
208 68
208 69
208 85
208 86
208 93
208 106
208 116
208 124
208 132
208 148
208 58
209 3
209 5
209 6
209 13
209 60
209 63
209 77
209 78
209 86
209 89
209 103
209 134
209 138
209 59
210 3
210 7
210 11
210 14
210 20
210 23
210 26
210 54
210 58
210 62
210 67
210 68
210 71
210 92
210 125
210 135
210 60
211 9
211 23
211 43
211 44
211 48
211 60
211 62
211 67
211 73
211 75
211 79
211 83
211 95
211 104
211 105
211 110
211 115
211 122
211 130
211 141
211 144
211 147
211 61
212 4
212 16
212 17
212 20
212 21
212 28
212 39
212 81
212 84
212 86
212 91
212 95
212 111
212 118
212 121
212 122
212 126
212 144
212 149
212 62
213 17
213 26
213 27
213 31
213 35
213 48
213 53
213 57
213 63
213 66
213 96
213 99
213 100
213 106
213 110
213 121
213 134
214 0
214 3
214 26
214 44
214 62
214 65
214 78
214 93
214 115
214 119
214 128
214 131
214 139
214 140
214 144
214 146
214 149
214 64
215 2
215 22
215 33
215 38
215 43
215 44
215 50
215 55
215 58
215 61
215 63
215 73
215 97
215 102
215 107
215 112
215 119
215 130
215 132
215 65
216 4
216 36
216 37
216 38
216 42
216 109
216 124
216 133
216 134
216 141
216 66
217 24
217 61
217 66
217 79
217 84
217 98
217 100
217 126
217 134
217 142
217 144
217 67
218 4
218 28
218 32
218 48
218 51
218 84
218 86
218 91
218 98
218 100
218 102
218 114
218 119
218 127
218 134
218 143
218 68
219 9
219 11
219 23
219 34
219 52
219 53
219 66
219 72
219 78
219 95
219 96
219 98
219 110
219 112
219 124
219 125
219 127
219 130
219 148
219 69
220 16
220 20
220 23
220 28
220 30
220 32
220 35
220 43
220 60
220 67
220 83
220 91
220 96
220 97
220 101
220 117
220 132
220 142
220 70
221 6
221 16
221 17
221 19
221 26
221 33
221 45
221 65
221 85
221 94
221 101
221 104
221 110
221 126
221 143
221 144
221 71
222 9
222 15
222 19
222 22
222 48
222 66
222 68
222 86
222 96
222 146
222 72
223 16
223 22
223 26
223 41
223 48
223 49
223 55
223 63
223 74
223 84
223 90
223 123
223 133
223 135
223 137
223 73
224 0
224 6
224 10
224 26
224 31
224 55
224 64
224 98
224 104
224 124
224 148
224 74
225 2
225 21
225 23
225 38
225 57
225 61
225 73
225 88
225 106
225 107
225 113
225 114
225 118
225 122
225 128
225 132
225 75
226 9
226 20
226 22
226 24
226 26
226 37
226 47
226 48
226 62
226 71
226 73
226 81
226 147
226 76
227 4
227 7
227 14
227 20
227 21
227 26
227 32
227 53
227 56
227 57
227 58
227 64
227 88
227 90
227 98
227 103
227 109
227 114
227 124
227 128
227 145
227 77
228 57
228 61
228 75
228 79
228 95
228 104
228 131
228 137
228 78
229 11
229 38
229 41
229 46
229 49
229 54
229 73
229 81
229 89
229 97
229 103
229 121
229 130
229 140
229 149
229 79
230 0
230 10
230 17
230 29
230 30
230 34
230 38
230 40
230 51
230 69
230 71
230 86
230 92
230 103
230 119
230 123
230 143
230 80
231 44
231 45
231 54
231 58
231 83
231 104
231 106
231 127
231 128
231 81
232 4
232 9
232 15
232 29
232 36
232 41
232 44
232 48
232 52
232 65
232 73
232 74
232 77
232 96
232 124
232 130
232 143
232 82
233 38
233 51
233 61
233 82
233 83
233 85
233 87
233 100
233 114
233 117
233 121
233 132
233 143
234 24
234 39
234 54
234 61
234 78
234 87
234 104
234 106
234 121
234 84
235 0
235 11
235 23
235 31
235 33
235 35
235 45
235 53
235 74
235 83
235 95
235 103
235 104
235 107
235 111
235 116
235 117
235 132
235 143
235 144
235 85
236 0
236 2
236 3
236 18
236 41
236 58
236 59
236 66
236 81
236 83
236 97
236 100
236 102
236 107
236 109
236 113
236 121
236 124
236 127
236 133
236 134
236 148
236 86
237 2
237 16
237 30
237 31
237 32
237 37
237 44
237 55
237 69
237 91
237 107
237 112
237 115
237 125
237 135
237 87
238 4
238 5
238 8
238 11
238 30
238 33
238 49
238 57
238 59
238 62
238 86
238 111
238 132
238 137
238 147
238 148
238 88
239 7
239 8
239 10
239 14
239 17
239 18
239 30
239 35
239 42
239 57
239 91
239 113
239 115
239 148
239 89
240 0
240 2
240 3
240 20
240 25
240 29
240 38
240 40
240 45
240 52
240 79
240 80
240 103
240 141
240 148
240 90
241 1
241 11
241 33
241 50
241 56
241 78
241 79
241 88
241 96
241 134
241 140
241 142
241 143
241 91
242 20
242 21
242 24
242 25
242 30
242 34
242 68
242 69
242 70
242 75
242 80
242 88
242 97
242 109
242 111
242 118
242 122
242 137
242 92
243 8
243 24
243 26
243 36
243 66
243 67
243 72
243 76
243 79
243 81
243 95
243 102
243 105
243 107
243 110
243 116
243 128
243 141
243 93
244 1
244 8
244 15
244 24
244 67
244 68
244 97
244 106
244 117
244 125
244 128
244 129
244 130
244 133
244 138
244 94
245 18
245 24
245 26
245 27
245 35
245 44
245 48
245 54
245 57
245 69
245 80
245 99
245 141
245 95
246 15
246 16
246 23
246 37
246 67
246 69
246 79
246 93
246 106
246 115
246 149
246 96
247 0
247 22
247 25
247 29
247 54
247 60
247 69
247 74
247 105
247 110
247 115
247 117
247 126
247 97
248 0
248 1
248 6
248 20
248 29
248 32
248 47
248 50
248 53
248 76
248 79
248 91
248 97
248 99
248 105
248 129
248 132
248 135
248 136
248 139
248 145
248 148
248 98
249 5
249 14
249 20
249 46
249 57
249 58
249 64
249 83
249 90
249 95
249 97
249 105
249 114
249 132
249 138
249 145
249 99
250 1
250 7
250 15
250 23
250 38
250 60
250 61
250 69
250 76
250 77
250 85
250 100
251 3
251 9
251 27
251 32
251 35
251 39
251 47
251 52
251 55
251 58
251 63
251 76
251 82
251 89
251 99
251 110
251 145
251 149
251 101
252 15
252 19
252 35
252 55
252 61
252 69
252 71
252 88
252 93
252 111
252 128
252 102
253 28
253 30
253 33
253 42
253 44
253 47
253 73
253 87
253 94
253 95
253 114
253 133
253 103
254 2
254 8
254 13
254 29
254 39
254 55
254 68
254 84
254 128
254 136
254 137
254 104
255 8
255 13
255 21
255 38
255 44
255 55
255 62
255 77
255 81
255 90
255 106
255 120
255 121
255 126
255 130
255 138
255 144
255 105
256 9
256 12
256 38
256 55
256 73
256 83
256 91
256 93
256 96
256 119
256 127
256 133
256 135
256 148
256 106
257 0
257 13
257 40
257 52
257 56
257 64
257 68
257 72
257 78
257 79
257 89
257 94
257 125
257 126
257 131
257 139
257 107
258 11
258 13
258 19
258 31
258 41
258 47
258 48
258 49
258 52
258 66
258 69
258 94
258 95
258 111
258 128
258 108
259 14
259 17
259 18
259 30
259 39
259 40
259 43
259 48
259 51
259 53
259 57
259 69
259 83
259 84
259 95
259 99
259 108
259 125
259 129
259 130
259 109
260 1
260 18
260 27
260 32
260 33
260 42
260 45
260 48
260 58
260 62
260 68
260 87
260 90
260 91
260 94
260 102
260 107
260 111
260 119
260 143
260 145
260 110
261 19
261 31
261 38
261 52
261 61
261 81
261 84
261 85
261 86
261 97
261 103
261 123
261 129
261 130
261 131
261 145
261 111
262 0
262 6
262 16
262 31
262 39
262 52
262 57
262 59
262 64
262 74
262 83
262 86
262 88
262 97
262 105
262 113
262 125
262 135
262 138
262 149
262 112
263 9
263 16
263 27
263 31
263 43
263 64
263 76
263 94
263 100
263 106
263 111
263 117
263 119
263 122
263 135
263 143
263 144
263 113
264 0
264 28
264 30
264 38
264 40
264 43
264 50
264 54
264 58
264 59
264 62
264 63
264 67
264 74
264 77
264 79
264 85
264 96
264 99
264 128
264 135
264 114
265 21
265 25
265 27
265 39
265 48
265 64
265 77
265 83
265 96
265 97
265 114
265 115
265 117
265 119
265 122
265 132
265 136
265 144
266 5
266 6
266 9
266 21
266 26
266 31
266 45
266 54
266 57
266 61
266 94
266 114
266 117
266 135
266 137
266 139
266 116
267 1
267 17
267 37
267 39
267 57
267 62
267 66
267 78
267 92
267 100
267 124
267 125
267 126
267 134
267 117
268 2
268 17
268 20
268 41
268 80
268 108
268 118
268 128
268 133
268 137
268 138
268 142
268 143
269 3
269 5
269 6
269 14
269 51
269 53
269 55
269 60
269 88
269 93
269 131
269 136
269 137
269 140
269 142
269 143
269 145
269 119
270 0
270 18
270 21
270 37
270 41
270 46
270 47
270 57
270 73
270 79
270 80
270 82
270 126
270 131
270 148
270 120
271 3
271 8
271 44
271 51
271 72
271 77
271 79
271 88
271 102
271 104
271 115
271 121
272 2
272 19
272 23
272 24
272 37
272 38
272 54
272 72
272 77
272 86
272 88
272 100
272 106
272 107
272 108
272 132
272 142
272 147
272 122
273 15
273 21
273 45
273 79
273 96
273 101
273 104
273 133
273 146
273 149
273 123
274 2
274 4
274 13
274 22
274 23
274 29
274 40
274 48
274 52
274 55
274 72
274 82
274 96
274 112
274 135
274 124
275 14
275 16
275 29
275 33
275 42
275 43
275 74
275 96
275 97
275 98
275 105
275 106
275 122
275 137
275 146
275 147
275 125
276 8
276 13
276 21
276 41
276 48
276 57
276 61
276 65
276 88
276 108
276 113
276 124
276 138
276 126
277 1
277 6
277 7
277 8
277 14
277 19
277 20
277 23
277 32
277 60
277 73
277 100
277 103
277 125
277 126
277 128
277 141
277 148
277 127
278 0
278 5
278 24
278 45
278 64
278 69
278 105
278 106
278 109
278 113
278 116
278 117
278 124
278 125
278 132
278 134
278 128
279 2
279 6
279 12
279 39
279 52
279 70
279 85
279 86
279 99
279 103
279 106
279 108
279 117
279 122
279 127
279 130
279 136
279 139
279 129
280 1
280 9
280 19
280 23
280 32
280 36
280 68
280 71
280 78
280 84
280 85
280 98
280 99
280 102
280 124
280 128
280 148
280 149
280 130
281 0
281 13
281 39
281 40
281 45
281 54
281 79
281 91
281 100
281 105
281 117
281 135
281 144
281 131
282 18
282 24
282 33
282 43
282 73
282 75
282 84
282 99
282 110
282 114
282 116
282 130
282 133
282 147
282 132
283 21
283 28
283 31
283 33
283 35
283 42
283 43
283 66
283 80
283 87
283 92
283 97
283 122
283 125
283 147
283 133
284 9
284 25
284 43
284 57
284 65
284 80
284 85
284 96
284 116
284 132
284 134
284 143
285 9
285 13
285 31
285 58
285 61
285 64
285 84
285 97
285 136
285 135
286 4
286 32
286 36
286 40
286 56
286 62
286 68
286 84
286 85
286 86
286 131
286 141
286 136
287 5
287 8
287 20
287 36
287 40
287 45
287 49
287 62
287 74
287 84
287 86
287 92
287 138
287 143
287 137
288 6
288 8
288 9
288 13
288 22
288 24
288 29
288 33
288 42
288 47
288 48
288 49
288 64
288 69
288 71
288 110
288 112
288 114
288 123
288 124
288 130
288 138
288 139
288 145
289 7
289 17
289 20
289 27
289 29
289 36
289 39
289 46
289 51
289 58
289 71
289 89
289 96
289 107
289 114
289 139
290 1
290 5
290 25
290 32
290 40
290 59
290 60
290 63
290 84
290 87
290 91
290 100
290 101
290 105
290 113
290 131
290 133
290 139
290 140
291 0
291 3
291 6
291 11
291 12
291 40
291 65
291 66
291 73
291 82
291 84
291 87
291 111
291 129
291 137
291 143
291 149
291 141
292 11
292 25
292 53
292 62
292 63
292 73
292 75
292 97
292 98
292 112
292 113
292 122
292 124
292 132
292 138
292 141
292 149
292 142
293 2
293 7
293 22
293 23
293 30
293 33
293 52
293 60
293 71
293 76
293 77
293 83
293 101
293 105
293 109
293 141
293 148
293 143
294 2
294 6
294 14
294 25
294 31
294 47
294 83
294 86
294 87
294 94
294 95
294 98
294 103
294 114
294 115
294 120
294 122
294 128
294 143
294 148
294 144
295 2
295 9
295 14
295 26
295 31
295 36
295 40
295 60
295 65
295 73
295 90
295 113
295 116
295 125
295 129
295 130
295 147
295 145
296 16
296 40
296 45
296 56
296 119
296 132
296 146
297 1
297 28
297 32
297 35
297 48
297 52
297 61
297 65
297 66
297 91
297 112
297 128
297 129
297 140
297 148
297 149
297 147
298 19
298 20
298 22
298 23
298 32
298 36
298 46
298 50
298 60
298 76
298 83
298 104
298 105
298 110
298 131
298 134
298 148
299 1
299 13
299 18
299 30
299 42
299 49
299 64
299 67
299 70
299 72
299 75
299 76
299 98
299 123
299 146
299 149
