  500   4407
0 264
0 277
0 296
0 335
0 338
0 358
0 362
0 366
0 392
0 422
0 480
0 6
0 24
0 28
0 33
0 47
0 68
0 73
0 85
0 109
0 110
0 114
0 135
0 156
0 179
0 181
0 185
0 196
0 206
0 220
0 250
1 332
1 386
1 425
1 467
1 3
1 8
1 50
1 53
1 125
1 130
1 173
1 180
1 200
1 205
1 212
1 244
1 251
2 282
2 358
2 380
2 409
2 420
2 457
2 7
2 11
2 12
2 13
2 19
2 27
2 33
2 36
2 66
2 83
2 99
2 101
2 105
2 106
2 111
2 124
2 132
2 153
2 164
2 186
2 187
2 225
2 229
2 252
3 250
3 360
3 371
3 493
3 494
3 1
3 16
3 45
3 66
3 67
3 86
3 114
3 115
3 117
3 127
3 130
3 153
3 154
3 173
3 174
3 193
3 202
3 205
3 220
3 234
3 243
3 244
3 253
4 285
4 316
4 317
4 334
4 355
4 403
4 424
4 445
4 472
4 17
4 92
4 97
4 98
4 110
4 111
4 115
4 116
4 122
4 132
4 148
4 159
4 188
4 218
4 241
4 254
5 262
5 279
5 284
5 299
5 309
5 316
5 319
5 364
5 392
5 434
5 436
5 438
5 448
5 489
5 491
5 25
5 26
5 29
5 40
5 62
5 73
5 84
5 92
5 97
5 98
5 105
5 115
5 147
5 151
5 168
5 195
5 221
5 223
5 241
5 255
6 262
6 263
6 293
6 334
6 358
6 379
6 399
6 434
6 462
6 473
6 486
6 0
6 45
6 48
6 53
6 74
6 92
6 108
6 118
6 130
6 131
6 153
6 162
6 164
6 168
6 196
6 233
6 256
7 270
7 309
7 390
7 421
7 448
7 455
7 481
7 2
7 9
7 31
7 59
7 74
7 87
7 100
7 117
7 130
7 149
7 172
7 188
7 199
7 203
7 210
7 232
7 243
7 257
8 309
8 322
8 337
8 451
8 496
8 1
8 11
8 14
8 20
8 25
8 30
8 33
8 40
8 44
8 46
8 63
8 75
8 134
8 152
8 159
8 169
8 229
8 239
8 241
8 248
8 258
9 320
9 337
9 360
9 367
9 392
9 412
9 435
9 438
9 451
9 457
9 485
9 7
9 32
9 38
9 58
9 66
9 67
9 69
9 71
9 72
9 73
9 79
9 89
9 92
9 103
9 136
9 152
9 156
9 161
9 173
9 176
9 188
9 199
9 212
9 218
9 259
10 299
10 368
10 399
10 421
10 447
10 449
10 452
10 67
10 94
10 131
10 151
10 159
10 162
10 167
10 171
10 175
10 193
10 204
10 248
10 260
11 265
11 307
11 319
11 327
11 337
11 339
11 344
11 384
11 416
11 440
11 479
11 2
11 8
11 80
11 97
11 150
11 156
11 172
11 209
11 214
11 216
11 238
11 248
11 261
12 256
12 279
12 294
12 299
12 318
12 365
12 397
12 406
12 423
12 436
12 444
12 462
12 2
12 38
12 39
12 41
12 71
12 79
12 86
12 117
12 126
12 131
12 138
12 141
12 144
12 166
12 196
12 201
12 226
12 236
12 238
12 240
12 262
13 301
13 306
13 312
13 356
13 382
13 395
13 402
13 440
13 2
13 19
13 26
13 30
13 45
13 47
13 62
13 63
13 69
13 80
13 91
13 96
13 105
13 140
13 152
13 164
13 166
13 176
13 187
13 194
13 227
13 230
13 248
13 263
14 266
14 284
14 288
14 310
14 336
14 414
14 437
14 475
14 8
14 82
14 107
14 149
14 150
14 156
14 161
14 166
14 167
14 192
14 199
14 241
14 244
14 264
15 262
15 287
15 426
15 496
15 23
15 26
15 27
15 32
15 39
15 54
15 56
15 72
15 90
15 93
15 95
15 102
15 129
15 132
15 174
15 177
15 193
15 198
15 226
15 233
15 265
16 301
16 326
16 396
16 400
16 3
16 26
16 72
16 82
16 88
16 98
16 106
16 107
16 113
16 134
16 139
16 154
16 157
16 161
16 164
16 171
16 201
16 207
16 211
16 219
16 246
16 266
17 278
17 289
17 315
17 320
17 327
17 346
17 355
17 434
17 440
17 494
17 4
17 104
17 112
17 125
17 127
17 165
17 166
17 193
17 195
17 196
17 197
17 199
17 211
17 247
17 267
18 251
18 299
18 312
18 330
18 372
18 427
18 429
18 35
18 42
18 43
18 79
18 81
18 85
18 102
18 103
18 108
18 109
18 110
18 131
18 134
18 144
18 171
18 198
18 226
18 241
18 268
19 273
19 317
19 357
19 385
19 388
19 395
19 411
19 2
19 13
19 21
19 33
19 57
19 82
19 91
19 92
19 106
19 130
19 143
19 155
19 162
19 182
19 192
19 196
19 201
19 229
19 234
19 247
19 269
20 274
20 304
20 432
20 469
20 492
20 8
20 22
20 38
20 46
20 60
20 96
20 114
20 135
20 144
20 150
20 172
20 180
20 183
20 210
20 228
20 234
20 242
20 270
21 293
21 316
21 317
21 361
21 375
21 384
21 473
21 486
21 495
21 19
21 26
21 32
21 45
21 58
21 59
21 82
21 106
21 120
21 154
21 160
21 176
21 188
21 196
21 197
21 199
21 234
21 239
21 249
21 271
22 286
22 295
22 315
22 347
22 390
22 399
22 400
22 431
22 432
22 453
22 476
22 492
22 20
22 32
22 33
22 50
22 57
22 58
22 65
22 79
22 116
22 130
22 134
22 136
22 138
22 166
22 168
22 188
22 199
22 215
22 241
22 272
23 323
23 352
23 364
23 384
23 15
23 33
23 70
23 98
23 120
23 136
23 140
23 141
23 143
23 150
23 155
23 165
23 189
23 193
23 234
23 236
23 247
23 273
24 270
24 286
24 298
24 315
24 349
24 405
24 464
24 0
24 34
24 77
24 79
24 84
24 92
24 96
24 106
24 114
24 125
24 127
24 135
24 150
24 154
24 168
24 170
24 175
24 188
24 209
24 243
24 274
25 257
25 261
25 299
25 379
25 386
25 409
25 424
25 428
25 486
25 5
25 8
25 42
25 49
25 69
25 100
25 101
25 143
25 145
25 170
25 199
25 209
25 214
25 217
25 275
26 264
26 360
26 380
26 407
26 416
26 442
26 456
26 5
26 13
26 15
26 16
26 21
26 45
26 76
26 99
26 103
26 111
26 120
26 141
26 168
26 174
26 204
26 211
26 228
26 276
27 319
27 371
27 382
27 384
27 386
27 422
27 431
27 444
27 499
27 2
27 15
27 60
27 69
27 80
27 82
27 100
27 108
27 109
27 144
27 165
27 179
27 187
27 196
27 197
27 230
27 277
28 253
28 297
28 302
28 315
28 430
28 475
28 488
28 0
28 42
28 101
28 103
28 126
28 133
28 148
28 163
28 187
28 190
28 201
28 209
28 216
28 218
28 221
28 223
28 233
28 237
28 278
29 275
29 280
29 328
29 388
29 397
29 402
29 424
29 436
29 449
29 494
29 5
29 42
29 59
29 78
29 91
29 110
29 114
29 121
29 123
29 129
29 172
29 190
29 192
29 195
29 225
29 245
29 248
29 279
30 254
30 262
30 289
30 311
30 391
30 395
30 8
30 13
30 34
30 48
30 74
30 94
30 95
30 96
30 105
30 115
30 144
30 147
30 177
30 185
30 186
30 211
30 216
30 234
30 245
30 280
31 313
31 366
31 406
31 470
31 7
31 35
31 38
31 74
31 105
31 109
31 113
31 132
31 135
31 136
31 144
31 152
31 162
31 174
31 186
31 187
31 233
31 244
31 245
31 281
32 270
32 316
32 329
32 357
32 369
32 373
32 375
32 379
32 397
32 400
32 451
32 462
32 470
32 477
32 9
32 15
32 21
32 22
32 37
32 75
32 85
32 87
32 105
32 112
32 157
32 160
32 172
32 173
32 174
32 209
32 238
32 246
32 282
33 280
33 435
33 444
33 446
33 451
33 460
33 469
33 490
33 0
33 2
33 8
33 19
33 22
33 23
33 47
33 55
33 89
33 94
33 96
33 145
33 195
33 196
33 211
33 223
33 228
33 238
33 246
33 283
34 278
34 279
34 301
34 302
34 307
34 315
34 440
34 481
34 486
34 490
34 24
34 30
34 41
34 45
34 50
34 62
34 81
34 88
34 92
34 111
34 130
34 149
34 155
34 160
34 169
34 170
34 182
34 207
34 216
34 236
34 237
34 284
35 258
35 273
35 310
35 327
35 399
35 407
35 416
35 445
35 450
35 18
35 31
35 41
35 74
35 92
35 121
35 170
35 187
35 199
35 202
35 207
35 219
35 230
35 233
35 249
35 285
36 257
36 279
36 282
36 284
36 416
36 468
36 2
36 39
36 49
36 50
36 52
36 71
36 93
36 114
36 128
36 147
36 170
36 181
36 187
36 200
36 205
36 209
36 219
36 286
37 257
37 280
37 315
37 345
37 358
37 361
37 377
37 420
37 427
37 472
37 32
37 39
37 55
37 62
37 104
37 108
37 109
37 122
37 137
37 150
37 170
37 172
37 194
37 212
37 216
37 241
37 287
38 259
38 367
38 379
38 449
38 457
38 469
38 483
38 9
38 12
38 20
38 31
38 64
38 67
38 94
38 97
38 107
38 117
38 147
38 157
38 162
38 167
38 176
38 212
38 218
38 220
38 288
39 342
39 351
39 400
39 473
39 476
39 12
39 15
39 36
39 37
39 47
39 52
39 68
39 72
39 87
39 94
39 100
39 112
39 117
39 122
39 123
39 129
39 138
39 179
39 204
39 210
39 219
39 221
39 226
39 233
39 289
40 250
40 270
40 288
40 441
40 457
40 489
40 5
40 8
40 55
40 56
40 63
40 111
40 123
40 124
40 129
40 136
40 156
40 159
40 164
40 183
40 186
40 221
40 232
40 242
40 245
40 290
41 263
41 271
41 297
41 336
41 378
41 398
41 403
41 491
41 12
41 34
41 35
41 55
41 60
41 61
41 63
41 76
41 80
41 99
41 146
41 168
41 175
41 182
41 188
41 196
41 216
41 219
41 225
41 239
41 291
42 253
42 257
42 258
42 271
42 341
42 348
42 368
42 417
42 18
42 25
42 28
42 29
42 45
42 52
42 56
42 74
42 79
42 93
42 99
42 116
42 120
42 154
42 155
42 165
42 204
42 229
42 235
42 243
42 292
43 280
43 291
43 372
43 452
43 480
43 18
43 46
43 63
43 74
43 76
43 86
43 92
43 96
43 99
43 124
43 143
43 149
43 155
43 159
43 193
43 195
43 204
43 212
43 220
43 237
43 293
44 279
44 280
44 303
44 333
44 356
44 357
44 358
44 389
44 8
44 73
44 91
44 94
44 110
44 114
44 118
44 125
44 127
44 147
44 201
44 213
44 215
44 242
44 294
45 330
45 347
45 391
45 464
45 475
45 495
45 3
45 6
45 13
45 21
45 26
45 34
45 42
45 46
45 48
45 59
45 65
45 80
45 116
45 119
45 135
45 169
45 170
45 172
45 180
45 181
45 194
45 204
45 213
45 295
46 260
46 295
46 301
46 302
46 336
46 368
46 389
46 412
46 437
46 491
46 8
46 20
46 43
46 45
46 61
46 80
46 81
46 92
46 104
46 108
46 146
46 155
46 159
46 167
46 186
46 194
46 195
46 201
46 205
46 231
46 234
46 239
46 243
46 296
47 253
47 282
47 304
47 312
47 319
47 340
47 359
47 433
47 0
47 13
47 33
47 39
47 48
47 62
47 69
47 78
47 94
47 119
47 179
47 185
47 219
47 221
47 248
47 297
48 277
48 313
48 327
48 339
48 355
48 358
48 381
48 402
48 423
48 430
48 467
48 482
48 488
48 495
48 6
48 30
48 45
48 47
48 57
48 58
48 61
48 72
48 76
48 80
48 92
48 106
48 112
48 141
48 147
48 148
48 179
48 190
48 229
48 235
48 237
48 298
49 252
49 285
49 326
49 354
49 363
49 453
49 25
49 36
49 83
49 90
49 91
49 103
49 113
49 131
49 169
49 192
49 238
49 299
50 317
50 334
50 339
50 353
50 380
50 431
50 478
50 1
50 22
50 34
50 36
50 59
50 66
50 91
50 107
50 110
50 115
50 172
50 179
50 194
50 219
50 300
51 269
51 272
51 278
51 286
51 368
51 62
51 70
51 91
51 138
51 157
51 161
51 178
51 241
51 301
52 252
52 257
52 285
52 322
52 332
52 344
52 354
52 369
52 392
52 443
52 485
52 36
52 39
52 42
52 71
52 83
52 107
52 109
52 117
52 149
52 161
52 172
52 177
52 187
52 209
52 211
52 212
52 213
52 225
52 226
52 234
52 239
52 240
52 302
53 291
53 319
53 375
53 446
53 469
53 472
53 1
53 6
53 57
53 80
53 83
53 84
53 95
53 119
53 135
53 151
53 201
53 204
53 216
53 236
53 247
53 303
54 386
54 432
54 15
54 67
54 73
54 82
54 91
54 95
54 120
54 135
54 138
54 147
54 176
54 195
54 226
54 304
55 258
55 272
55 278
55 290
55 317
55 335
55 373
55 416
55 439
55 446
55 457
55 471
55 33
55 37
55 40
55 41
55 92
55 119
55 130
55 136
55 149
55 154
55 187
55 222
55 224
55 226
55 236
55 248
55 305
56 335
56 347
56 352
56 356
56 367
56 444
56 494
56 15
56 40
56 42
56 65
56 97
56 104
56 113
56 117
56 121
56 125
56 141
56 152
56 186
56 194
56 210
56 241
56 243
56 306
57 259
57 315
57 335
57 397
57 419
57 459
57 19
57 22
57 48
57 53
57 60
57 61
57 67
57 80
57 83
57 87
57 91
57 123
57 141
57 147
57 160
57 193
57 199
57 201
57 242
57 307
58 251
58 282
58 285
58 308
58 365
58 366
58 411
58 446
58 474
58 9
58 21
58 22
58 48
58 61
58 71
58 107
58 113
58 123
58 126
58 159
58 168
58 178
58 180
58 188
58 193
58 202
58 210
58 212
58 223
58 240
58 243
59 272
59 278
59 280
59 299
59 302
59 354
59 437
59 486
59 7
59 21
59 29
59 45
59 50
59 85
59 87
59 97
59 106
59 140
59 147
59 157
59 219
59 247
59 309
60 279
60 290
60 312
60 340
60 416
60 460
60 20
60 27
60 41
60 57
60 84
60 93
60 127
60 128
60 129
60 141
60 151
60 210
60 230
60 237
60 310
61 260
61 280
61 436
61 487
61 41
61 46
61 48
61 57
61 58
61 63
61 74
61 82
61 91
61 93
61 100
61 104
61 106
61 113
61 129
61 141
61 149
61 163
61 175
61 177
61 185
61 189
61 195
61 204
61 311
62 274
62 295
62 330
62 490
62 5
62 13
62 34
62 37
62 47
62 51
62 65
62 70
62 74
62 91
62 108
62 121
62 126
62 137
62 154
62 160
62 163
62 166
62 169
62 189
62 195
62 197
62 210
62 217
62 312
63 286
63 322
63 332
63 382
63 411
63 436
63 446
63 448
63 454
63 8
63 13
63 40
63 41
63 43
63 61
63 76
63 81
63 87
63 107
63 119
63 132
63 135
63 148
63 153
63 187
63 198
63 211
63 237
63 243
63 245
63 313
64 301
64 318
64 354
64 378
64 383
64 387
64 491
64 38
64 73
64 123
64 125
64 179
64 196
64 203
64 206
64 229
64 230
64 314
65 299
65 342
65 432
65 481
65 490
65 497
65 499
65 22
65 45
65 56
65 62
65 67
65 113
65 161
65 165
65 168
65 193
65 198
65 315
66 270
66 284
66 310
66 324
66 370
66 470
66 476
66 477
66 2
66 3
66 9
66 50
66 77
66 93
66 95
66 119
66 127
66 156
66 179
66 203
66 205
66 207
66 228
66 233
66 316
67 251
67 269
67 271
67 342
67 345
67 466
67 480
67 3
67 9
67 10
67 38
67 54
67 57
67 65
67 69
67 110
67 114
67 124
67 143
67 163
67 168
67 174
67 205
67 211
67 225
67 226
67 237
67 241
67 317
68 273
68 370
68 382
68 386
68 439
68 472
68 487
68 0
68 39
68 77
68 78
68 122
68 124
68 126
68 149
68 165
68 173
68 181
68 182
68 211
68 244
68 318
69 274
69 293
69 418
69 427
69 9
69 13
69 25
69 27
69 47
69 67
69 119
69 132
69 140
69 142
69 162
69 169
69 319
70 297
70 331
70 344
70 414
70 416
70 470
70 475
70 496
70 23
70 51
70 62
70 85
70 89
70 102
70 113
70 158
70 167
70 182
70 198
70 234
70 320
71 277
71 296
71 354
71 418
71 431
71 450
71 477
71 488
71 9
71 12
71 36
71 52
71 58
71 103
71 141
71 155
71 172
71 183
71 200
71 203
71 232
71 241
71 321
72 250
72 284
72 321
72 363
72 410
72 9
72 15
72 16
72 39
72 48
72 73
72 81
72 97
72 116
72 138
72 186
72 189
72 198
72 210
72 216
72 233
72 322
73 287
73 335
73 391
73 407
73 430
73 0
73 5
73 9
73 44
73 54
73 64
73 72
73 84
73 90
73 102
73 112
73 125
73 172
73 196
73 198
73 210
73 217
73 323
74 273
74 339
74 395
74 406
74 415
74 420
74 433
74 470
74 6
74 7
74 30
74 31
74 35
74 42
74 43
74 61
74 62
74 76
74 104
74 122
74 138
74 139
74 149
74 159
74 188
74 191
74 199
74 217
74 230
74 232
74 247
74 249
74 324
75 301
75 311
75 326
75 395
75 432
75 439
75 444
75 450
75 454
75 469
75 486
75 494
75 496
75 498
75 8
75 32
75 77
75 102
75 112
75 131
75 133
75 136
75 148
75 170
75 178
75 200
75 213
75 242
75 325
76 319
76 320
76 332
76 355
76 367
76 380
76 388
76 461
76 26
76 41
76 43
76 48
76 63
76 74
76 77
76 88
76 95
76 105
76 115
76 117
76 131
76 132
76 142
76 146
76 170
76 172
76 191
76 197
76 206
76 326
77 295
77 322
77 363
77 402
77 443
77 453
77 493
77 24
77 66
77 68
77 75
77 76
77 94
77 112
77 122
77 167
77 172
77 180
77 202
77 218
77 235
77 327
78 269
78 287
78 291
78 329
78 330
78 351
78 389
78 433
78 444
78 29
78 47
78 68
78 79
78 101
78 107
78 110
78 166
78 183
78 199
78 238
78 244
78 246
78 328
79 275
79 276
79 294
79 309
79 325
79 330
79 370
79 458
79 484
79 493
79 9
79 12
79 18
79 22
79 24
79 42
79 78
79 96
79 98
79 106
79 110
79 117
79 120
79 133
79 135
79 163
79 199
79 206
79 244
79 248
79 329
80 263
80 315
80 334
80 11
80 13
80 27
80 41
80 45
80 46
80 48
80 53
80 57
80 124
80 126
80 139
80 173
80 183
80 197
80 221
80 222
80 249
80 330
81 259
81 284
81 307
81 333
81 347
81 354
81 358
81 369
81 372
81 410
81 434
81 439
81 449
81 18
81 34
81 46
81 63
81 72
81 84
81 90
81 109
81 112
81 131
81 135
81 138
81 151
81 170
81 171
81 193
81 198
81 200
81 213
81 222
81 241
81 331
82 254
82 267
82 270
82 420
82 430
82 458
82 482
82 14
82 16
82 19
82 21
82 27
82 54
82 61
82 89
82 133
82 151
82 168
82 175
82 181
82 188
82 191
82 196
82 200
82 214
82 223
82 244
82 332
83 273
83 328
83 341
83 345
83 370
83 410
83 434
83 2
83 49
83 52
83 53
83 57
83 130
83 135
83 148
83 176
83 191
83 207
83 240
83 243
83 333
84 269
84 286
84 357
84 361
84 429
84 497
84 5
84 24
84 53
84 60
84 73
84 81
84 92
84 123
84 124
84 128
84 169
84 184
84 190
84 237
84 334
85 270
85 287
85 288
85 376
85 414
85 492
85 497
85 0
85 18
85 32
85 59
85 70
85 102
85 111
85 125
85 129
85 171
85 213
85 225
85 241
85 335
86 260
86 356
86 390
86 391
86 3
86 12
86 43
86 87
86 95
86 121
86 125
86 136
86 137
86 139
86 148
86 152
86 156
86 177
86 194
86 223
86 336
87 281
87 345
87 363
87 396
87 413
87 415
87 421
87 496
87 7
87 32
87 39
87 57
87 59
87 63
87 86
87 104
87 113
87 146
87 153
87 162
87 174
87 176
87 191
87 192
87 200
87 216
87 229
87 337
88 258
88 296
88 301
88 350
88 357
88 360
88 384
88 444
88 460
88 487
88 16
88 34
88 76
88 103
88 109
88 120
88 121
88 170
88 177
88 212
88 216
88 338
89 251
89 267
89 275
89 336
89 377
89 396
89 413
89 479
89 484
89 493
89 9
89 33
89 70
89 82
89 100
89 115
89 124
89 130
89 134
89 138
89 179
89 192
89 207
89 213
89 214
89 339
90 334
90 336
90 410
90 473
90 476
90 15
90 49
90 73
90 81
90 94
90 99
90 128
90 131
90 156
90 175
90 206
90 220
90 221
90 225
90 229
90 234
90 245
90 340
91 252
91 253
91 276
91 339
91 349
91 370
91 395
91 398
91 401
91 415
91 461
91 469
91 480
91 13
91 19
91 29
91 44
91 49
91 50
91 51
91 54
91 57
91 61
91 62
91 101
91 106
91 111
91 150
91 160
91 173
91 187
91 194
91 202
91 213
91 234
91 341
92 260
92 278
92 282
92 301
92 322
92 331
92 343
92 353
92 414
92 461
92 472
92 483
92 4
92 5
92 6
92 9
92 19
92 24
92 34
92 35
92 43
92 46
92 48
92 55
92 84
92 94
92 102
92 116
92 123
92 133
92 160
92 165
92 167
92 179
92 181
92 201
92 221
92 244
92 342
93 290
93 322
93 391
93 439
93 444
93 477
93 480
93 15
93 36
93 42
93 60
93 61
93 66
93 95
93 129
93 151
93 155
93 160
93 163
93 191
93 193
93 200
93 202
93 217
93 343
94 356
94 372
94 380
94 419
94 432
94 441
94 10
94 30
94 33
94 38
94 39
94 44
94 47
94 77
94 90
94 92
94 135
94 164
94 172
94 192
94 199
94 204
94 206
94 215
94 216
94 220
94 223
94 227
94 241
94 344
95 266
95 284
95 401
95 405
95 440
95 462
95 483
95 484
95 15
95 30
95 53
95 54
95 66
95 76
95 86
95 93
95 103
95 107
95 109
95 119
95 136
95 169
95 175
95 184
95 199
95 219
95 220
95 228
95 242
95 345
96 258
96 268
96 270
96 272
96 302
96 351
96 369
96 387
96 403
96 423
96 13
96 20
96 24
96 30
96 33
96 43
96 79
96 98
96 113
96 115
96 122
96 123
96 164
96 168
96 176
96 182
96 187
96 200
96 205
96 225
96 233
96 238
96 241
96 244
96 346
97 251
97 298
97 332
97 336
97 342
97 371
97 382
97 414
97 454
97 490
97 498
97 499
97 4
97 5
97 11
97 38
97 56
97 59
97 72
97 105
97 136
97 144
97 146
97 150
97 151
97 157
97 161
97 211
97 215
97 217
97 224
97 249
97 347
98 260
98 264
98 268
98 365
98 408
98 412
98 423
98 471
98 4
98 5
98 16
98 23
98 79
98 96
98 99
98 120
98 132
98 144
98 153
98 172
98 194
98 214
98 239
98 244
98 348
99 301
99 307
99 356
99 365
99 370
99 383
99 402
99 435
99 456
99 468
99 2
99 26
99 41
99 42
99 43
99 90
99 98
99 102
99 111
99 126
99 133
99 236
99 349
100 278
100 294
100 331
100 359
100 422
100 456
100 459
100 499
100 7
100 25
100 27
100 39
100 61
100 89
100 110
100 114
100 159
100 164
100 185
100 196
100 205
100 227
100 230
100 235
100 245
100 350
101 250
101 262
101 336
101 426
101 437
101 471
101 2
101 25
101 28
101 78
101 91
101 111
101 113
101 122
101 138
101 160
101 189
101 205
101 207
101 213
101 220
101 351
102 272
102 279
102 316
102 317
102 334
102 345
102 348
102 361
102 405
102 425
102 447
102 467
102 487
102 497
102 15
102 18
102 70
102 73
102 75
102 85
102 92
102 99
102 114
102 127
102 144
102 159
102 181
102 193
102 212
102 352
103 332
103 354
103 365
103 392
103 394
103 493
103 9
103 18
103 26
103 28
103 49
103 71
103 88
103 95
103 104
103 114
103 121
103 124
103 138
103 152
103 165
103 176
103 191
103 201
103 217
103 233
103 234
103 353
104 253
104 268
104 313
104 354
104 369
104 418
104 472
104 474
104 485
104 17
104 37
104 46
104 56
104 61
104 74
104 87
104 103
104 161
104 184
104 192
104 195
104 198
104 205
104 231
104 234
104 247
105 312
105 356
105 367
105 393
105 426
105 470
105 479
105 484
105 2
105 5
105 13
105 30
105 31
105 32
105 76
105 97
105 125
105 148
105 151
105 157
105 163
105 171
105 190
105 227
105 237
105 242
105 355
106 255
106 269
106 289
106 293
106 305
106 331
106 340
106 369
106 407
106 450
106 493
106 2
106 16
106 19
106 21
106 24
106 48
106 59
106 61
106 79
106 91
106 114
106 134
106 174
106 180
106 181
106 183
106 191
106 229
106 356
107 252
107 430
107 14
107 16
107 38
107 50
107 52
107 58
107 63
107 78
107 95
107 109
107 129
107 171
107 172
107 186
107 188
107 193
107 218
107 220
107 357
108 274
108 339
108 348
108 354
108 359
108 380
108 407
108 413
108 454
108 485
108 497
108 6
108 18
108 27
108 37
108 46
108 62
108 118
108 134
108 358
109 297
109 298
109 352
109 356
109 407
109 425
109 458
109 488
109 0
109 18
109 27
109 31
109 37
109 52
109 81
109 88
109 95
109 107
109 114
109 130
109 158
109 161
109 173
109 176
109 180
109 206
109 223
109 224
109 249
109 359
110 254
110 363
110 364
110 403
110 406
110 477
110 490
110 0
110 4
110 18
110 29
110 44
110 50
110 67
110 78
110 79
110 100
110 143
110 175
110 184
110 201
110 202
110 207
110 210
110 211
110 231
110 235
110 239
110 244
110 249
110 360
111 265
111 302
111 393
111 411
111 2
111 4
111 26
111 34
111 40
111 85
111 91
111 99
111 101
111 129
111 130
111 147
111 164
111 176
111 181
111 211
111 361
112 253
112 275
112 312
112 330
112 344
112 369
112 381
112 416
112 457
112 478
112 479
112 17
112 32
112 39
112 48
112 73
112 75
112 77
112 81
112 128
112 138
112 144
112 158
112 165
112 167
112 241
112 245
112 362
113 274
113 328
113 370
113 410
113 469
113 496
113 16
113 31
113 49
113 56
113 58
113 61
113 65
113 70
113 87
113 96
113 101
113 119
113 121
113 157
113 164
113 178
113 183
113 195
113 208
113 214
113 240
113 363
114 250
114 272
114 305
114 339
114 389
114 396
114 419
114 463
114 0
114 3
114 20
114 24
114 29
114 36
114 44
114 67
114 100
114 102
114 103
114 106
114 109
114 135
114 137
114 154
114 156
114 178
114 186
114 190
114 192
114 198
114 217
114 233
114 238
114 247
114 249
114 364
115 365
115 407
115 464
115 3
115 4
115 5
115 30
115 50
115 76
115 89
115 96
115 131
115 134
115 146
115 189
115 200
115 209
115 229
115 230
115 241
115 245
115 246
116 257
116 271
116 291
116 312
116 351
116 357
116 362
116 379
116 384
116 408
116 483
116 4
116 22
116 42
116 45
116 72
116 92
116 126
116 131
116 132
116 136
116 146
116 189
116 205
116 366
117 254
117 261
117 278
117 335
117 351
117 358
117 387
117 388
117 395
117 411
117 415
117 436
117 487
117 3
117 7
117 12
117 38
117 39
117 52
117 56
117 76
117 79
117 178
117 367
118 314
118 418
118 422
118 444
118 448
118 461
118 478
118 482
118 485
118 491
118 496
118 6
118 44
118 108
118 124
118 129
118 141
118 150
118 161
118 167
118 224
118 228
118 368
119 259
119 296
119 309
119 348
119 349
119 406
119 426
119 466
119 486
119 45
119 47
119 53
119 55
119 63
119 66
119 69
119 95
119 113
119 122
119 134
119 139
119 145
119 161
119 164
119 173
119 174
119 187
119 206
119 207
119 247
119 369
120 266
120 323
120 328
120 335
120 369
120 386
120 397
120 408
120 417
120 435
120 468
120 21
120 23
120 26
120 42
120 54
120 79
120 88
120 98
120 123
120 127
120 129
120 136
120 146
120 162
120 187
120 188
120 221
120 226
120 234
120 370
121 318
121 351
121 385
121 422
121 431
121 29
121 35
121 56
121 62
121 86
121 88
121 103
121 113
121 122
121 126
121 131
121 159
121 186
121 187
121 190
121 191
121 209
121 215
121 241
121 371
122 255
122 281
122 326
122 329
122 371
122 386
122 405
122 4
122 37
122 39
122 68
122 74
122 77
122 96
122 101
122 119
122 121
122 129
122 134
122 155
122 169
122 173
122 174
122 175
122 183
122 197
122 211
122 245
122 246
122 372
123 267
123 358
123 411
123 437
123 460
123 484
123 495
123 29
123 39
123 40
123 57
123 58
123 64
123 84
123 92
123 96
123 120
123 142
123 146
123 175
123 179
123 191
123 193
123 214
123 221
123 246
123 373
124 265
124 301
124 302
124 303
124 324
124 367
124 380
124 381
124 425
124 438
124 463
124 470
124 472
124 476
124 2
124 40
124 43
124 67
124 68
124 80
124 84
124 89
124 103
124 118
124 127
124 154
124 165
124 203
124 205
124 216
124 221
124 374
125 265
125 307
125 309
125 326
125 342
125 366
125 374
125 407
125 493
125 494
125 1
125 17
125 24
125 44
125 56
125 64
125 73
125 85
125 86
125 105
125 151
125 152
125 156
125 177
125 193
125 207
125 218
125 220
125 239
125 375
126 258
126 272
126 302
126 358
126 381
126 387
126 409
126 438
126 453
126 474
126 489
126 12
126 28
126 58
126 62
126 68
126 80
126 99
126 116
126 121
126 133
126 134
126 156
126 171
126 173
126 174
126 190
126 211
126 220
126 246
126 376
127 318
127 333
127 341
127 383
127 405
127 411
127 414
127 470
127 474
127 495
127 3
127 17
127 24
127 44
127 60
127 66
127 102
127 120
127 124
127 164
127 168
127 172
127 192
127 206
127 216
127 224
127 244
127 377
128 272
128 300
128 303
128 308
128 312
128 365
128 36
128 60
128 84
128 90
128 112
128 137
128 148
128 212
128 225
128 231
128 249
128 378
129 284
129 324
129 338
129 438
129 452
129 460
129 495
129 498
129 15
129 29
129 39
129 40
129 60
129 61
129 85
129 93
129 107
129 111
129 118
129 120
129 122
129 215
129 217
129 245
129 248
129 379
130 257
130 308
130 326
130 351
130 405
130 475
130 479
130 1
130 3
130 6
130 7
130 19
130 22
130 34
130 55
130 83
130 89
130 109
130 111
130 137
130 153
130 177
130 184
130 228
130 380
131 271
131 276
131 317
131 329
131 336
131 340
131 377
131 389
131 424
131 464
131 487
131 499
131 6
131 10
131 12
131 18
131 49
131 75
131 76
131 81
131 90
131 115
131 116
131 121
131 161
131 175
131 176
131 228
131 242
131 381
132 324
132 335
132 342
132 390
132 432
132 439
132 477
132 2
132 4
132 15
132 31
132 63
132 69
132 76
132 98
132 116
132 181
132 189
132 191
132 194
132 219
132 222
132 232
132 382
133 269
133 278
133 336
133 373
133 376
133 383
133 404
133 407
133 428
133 472
133 491
133 499
133 28
133 75
133 79
133 82
133 92
133 99
133 126
133 154
133 162
133 164
133 172
133 182
133 202
133 204
133 220
133 241
133 245
134 268
134 289
134 320
134 328
134 382
134 407
134 412
134 427
134 464
134 498
134 8
134 16
134 18
134 22
134 89
134 106
134 108
134 115
134 119
134 122
134 126
134 135
134 141
134 145
134 148
134 174
134 181
134 201
134 205
134 210
134 239
134 384
135 326
135 347
135 349
135 362
135 367
135 435
135 458
135 488
135 496
135 499
135 0
135 20
135 24
135 31
135 45
135 53
135 54
135 63
135 79
135 81
135 83
135 94
135 114
135 134
135 141
135 152
135 175
135 182
135 205
135 228
135 385
136 275
136 288
136 303
136 323
136 336
136 360
136 389
136 478
136 483
136 9
136 22
136 23
136 31
136 40
136 55
136 75
136 86
136 95
136 97
136 116
136 120
136 164
136 165
136 174
136 180
136 183
136 197
136 204
136 206
136 225
136 246
136 386
137 250
137 260
137 301
137 325
137 342
137 458
137 479
137 491
137 492
137 37
137 62
137 86
137 114
137 128
137 130
137 143
137 149
137 168
137 170
137 172
137 184
137 200
137 202
137 227
137 240
137 387
138 258
138 305
138 338
138 367
138 373
138 400
138 474
138 12
138 22
138 39
138 51
138 54
138 72
138 74
138 81
138 89
138 101
138 103
138 112
138 152
138 173
138 180
138 183
138 189
138 190
138 206
138 209
138 213
138 388
139 287
139 363
139 395
139 422
139 438
139 473
139 483
139 16
139 74
139 80
139 86
139 119
139 143
139 152
139 156
139 163
139 170
139 174
139 195
139 198
139 213
139 218
139 225
139 229
139 236
139 243
139 389
140 278
140 284
140 346
140 424
140 463
140 470
140 474
140 478
140 13
140 23
140 59
140 69
140 144
140 150
140 170
140 172
140 203
140 242
140 390
141 255
141 274
141 358
141 379
141 452
141 470
141 472
141 485
141 12
141 23
141 26
141 48
141 56
141 57
141 60
141 61
141 71
141 118
141 134
141 135
141 148
141 175
141 176
141 179
141 187
141 191
141 235
141 242
141 391
142 288
142 323
142 330
142 386
142 493
142 69
142 76
142 123
142 144
142 150
142 200
142 221
142 222
142 225
142 239
142 392
143 296
143 325
143 355
143 371
143 380
143 421
143 19
143 23
143 25
143 43
143 67
143 110
143 137
143 139
143 150
143 152
143 166
143 192
143 193
143 195
143 213
143 214
143 222
143 241
143 243
143 393
144 253
144 254
144 309
144 379
144 380
144 393
144 416
144 437
144 461
144 12
144 18
144 20
144 27
144 30
144 31
144 97
144 98
144 102
144 112
144 140
144 142
144 148
144 174
144 214
144 229
144 240
144 249
144 394
145 254
145 267
145 294
145 296
145 321
145 330
145 354
145 363
145 392
145 411
145 452
145 453
145 488
145 25
145 33
145 119
145 134
145 149
145 152
145 209
145 211
145 245
145 395
146 280
146 291
146 292
146 316
146 384
146 393
146 402
146 41
146 46
146 76
146 87
146 97
146 115
146 116
146 120
146 123
146 149
146 158
146 161
146 188
146 194
146 241
146 242
146 247
146 396
147 253
147 274
147 283
147 353
147 358
147 409
147 428
147 5
147 30
147 36
147 38
147 44
147 48
147 54
147 57
147 59
147 111
147 171
147 212
147 235
147 242
147 397
148 291
148 298
148 330
148 335
148 385
148 425
148 436
148 437
148 477
148 4
148 28
148 48
148 63
148 75
148 83
148 86
148 105
148 128
148 134
148 141
148 144
148 157
148 158
148 174
148 176
148 243
148 247
148 248
148 249
148 398
149 256
149 261
149 283
149 292
149 303
149 342
149 396
149 431
149 478
149 7
149 14
149 34
149 43
149 52
149 55
149 61
149 68
149 74
149 137
149 145
149 146
149 162
149 232
149 399
150 261
150 263
150 280
150 309
150 335
150 367
150 397
150 422
150 460
150 11
150 14
150 20
150 23
150 24
150 37
150 91
150 97
150 118
150 140
150 142
150 143
150 167
150 177
150 199
150 215
150 222
150 240
150 400
151 255
151 284
151 293
151 300
151 324
151 381
151 397
151 427
151 432
151 455
151 458
151 467
151 499
151 5
151 10
151 53
151 60
151 81
151 82
151 93
151 97
151 105
151 125
151 153
151 158
151 160
151 164
151 184
151 218
151 243
151 247
151 401
152 256
152 338
152 352
152 357
152 363
152 365
152 378
152 401
152 406
152 409
152 420
152 425
152 434
152 437
152 444
152 461
152 472
152 475
152 484
152 8
152 9
152 13
152 31
152 56
152 86
152 103
152 125
152 135
152 138
152 139
152 143
152 145
152 154
152 164
152 175
152 177
152 223
152 240
152 248
152 402
153 296
153 302
153 321
153 337
153 417
153 430
153 497
153 2
153 3
153 6
153 63
153 87
153 98
153 130
153 151
153 206
153 207
153 210
153 211
153 213
153 226
153 403
154 285
154 293
154 299
154 332
154 354
154 374
154 391
154 398
154 400
154 494
154 3
154 16
154 21
154 24
154 42
154 55
154 62
154 114
154 124
154 133
154 152
154 170
154 194
154 200
154 205
154 207
154 212
154 226
154 228
154 241
154 404
155 288
155 301
155 313
155 350
155 354
155 436
155 446
155 452
155 458
155 465
155 467
155 19
155 23
155 34
155 42
155 43
155 46
155 71
155 93
155 122
155 192
155 216
155 246
155 405
156 253
156 288
156 307
156 343
156 354
156 355
156 386
156 416
156 419
156 462
156 475
156 492
156 0
156 9
156 11
156 14
156 40
156 66
156 86
156 90
156 114
156 125
156 126
156 139
156 175
156 176
156 195
156 197
156 210
156 406
157 331
157 361
157 402
157 421
157 476
157 484
157 16
157 32
157 38
157 51
157 59
157 97
157 105
157 113
157 148
157 159
157 170
157 173
157 181
157 217
157 221
157 225
157 235
157 407
158 297
158 326
158 366
158 372
158 388
158 400
158 403
158 407
158 411
158 414
158 458
158 70
158 109
158 112
158 146
158 148
158 151
158 207
158 217
158 234
158 241
158 408
159 265
159 271
159 303
159 369
159 423
159 434
159 4
159 8
159 10
159 40
159 43
159 46
159 58
159 74
159 100
159 102
159 121
159 157
159 170
159 209
159 216
159 226
159 235
159 240
159 409
160 252
160 269
160 286
160 296
160 335
160 381
160 424
160 21
160 32
160 34
160 57
160 62
160 91
160 92
160 93
160 101
160 151
160 176
160 179
160 182
160 185
160 191
160 224
160 225
160 234
160 238
160 410
161 285
161 341
161 370
161 389
161 394
161 441
161 9
161 14
161 16
161 51
161 52
161 65
161 97
161 104
161 109
161 118
161 119
161 131
161 146
161 165
161 176
161 209
161 211
161 224
161 411
162 264
162 285
162 325
162 330
162 392
162 437
162 466
162 470
162 6
162 10
162 19
162 31
162 38
162 69
162 87
162 120
162 133
162 149
162 177
162 230
162 231
162 244
162 412
163 257
163 280
163 309
163 341
163 345
163 410
163 449
163 28
163 61
163 62
163 67
163 79
163 93
163 105
163 139
163 168
163 172
163 185
163 189
163 195
163 208
163 235
163 242
163 247
163 413
164 255
164 285
164 322
164 356
164 369
164 372
164 396
164 419
164 457
164 462
164 466
164 2
164 6
164 13
164 16
164 40
164 94
164 96
164 100
164 111
164 113
164 119
164 127
164 133
164 136
164 151
164 152
164 186
164 193
164 194
164 205
164 209
164 240
164 241
164 414
165 316
165 323
165 330
165 333
165 359
165 374
165 475
165 476
165 483
165 490
165 17
165 23
165 27
165 42
165 65
165 68
165 92
165 103
165 112
165 124
165 136
165 161
165 195
165 197
165 202
165 208
165 210
165 240
165 415
166 277
166 324
166 378
166 385
166 387
166 404
166 413
166 455
166 462
166 476
166 477
166 12
166 13
166 14
166 17
166 22
166 62
166 78
166 143
166 187
166 219
166 229
166 416
167 269
167 292
167 303
167 327
167 336
167 346
167 372
167 393
167 403
167 10
167 14
167 38
167 46
167 70
167 77
167 92
167 112
167 118
167 150
167 178
167 224
167 234
167 417
168 256
168 330
168 435
168 491
168 499
168 5
168 6
168 22
168 24
168 26
168 41
168 58
168 65
168 67
168 82
168 96
168 127
168 137
168 163
168 177
168 181
168 189
168 200
168 201
168 214
168 215
168 221
168 242
168 418
169 268
169 307
169 436
169 482
169 488
169 8
169 34
169 45
169 49
169 62
169 69
169 84
169 95
169 122
169 174
169 196
169 419
170 267
170 284
170 297
170 320
170 339
170 375
170 415
170 424
170 460
170 494
170 24
170 25
170 34
170 35
170 36
170 37
170 45
170 75
170 76
170 81
170 88
170 137
170 139
170 140
170 154
170 157
170 159
170 186
170 204
170 205
170 210
170 242
170 247
170 420
171 257
171 277
171 285
171 286
171 292
171 307
171 356
171 358
171 365
171 429
171 449
171 459
171 10
171 16
171 18
171 81
171 85
171 105
171 107
171 126
171 147
171 172
171 183
171 190
171 208
171 421
172 278
172 291
172 300
172 304
172 325
172 372
172 373
172 379
172 433
172 435
172 444
172 474
172 7
172 11
172 20
172 29
172 32
172 37
172 45
172 50
172 52
172 71
172 73
172 76
172 77
172 94
172 98
172 107
172 127
172 133
172 137
172 140
172 163
172 171
172 182
172 184
172 186
172 215
172 222
172 231
172 244
172 247
172 249
172 422
173 250
173 269
173 407
173 466
173 478
173 1
173 3
173 9
173 32
173 68
173 80
173 91
173 109
173 119
173 122
173 126
173 138
173 157
173 184
173 218
173 223
173 225
173 229
173 244
173 246
173 423
174 272
174 274
174 276
174 325
174 407
174 417
174 463
174 489
174 3
174 15
174 26
174 31
174 32
174 67
174 87
174 106
174 119
174 122
174 126
174 134
174 136
174 139
174 144
174 148
174 169
174 178
174 181
174 219
174 244
174 424
175 297
175 300
175 304
175 325
175 328
175 352
175 376
175 389
175 445
175 458
175 496
175 10
175 24
175 41
175 61
175 82
175 90
175 95
175 110
175 122
175 123
175 131
175 135
175 141
175 152
175 156
175 180
175 181
175 188
175 195
175 207
175 211
175 223
175 234
175 425
176 316
176 324
176 349
176 372
176 382
176 410
176 413
176 448
176 458
176 9
176 13
176 21
176 38
176 54
176 83
176 87
176 96
176 103
176 109
176 111
176 131
176 141
176 148
176 156
176 160
176 161
176 193
176 219
176 233
176 235
176 243
176 426
177 250
177 267
177 285
177 287
177 307
177 317
177 330
177 411
177 424
177 492
177 15
177 30
177 52
177 61
177 86
177 88
177 125
177 130
177 150
177 152
177 162
177 168
177 178
177 202
177 210
177 231
177 248
177 427
178 394
178 395
178 424
178 439
178 477
178 486
178 51
178 58
178 75
178 113
178 114
178 117
178 167
178 174
178 177
178 181
178 228
178 428
179 264
179 282
179 346
179 386
179 413
179 419
179 0
179 27
179 39
179 47
179 48
179 50
179 64
179 66
179 89
179 92
179 123
179 141
179 160
179 182
179 204
179 220
179 429
180 272
180 275
180 286
180 294
180 343
180 354
180 362
180 375
180 416
180 434
180 437
180 468
180 474
180 475
180 476
180 483
180 494
180 496
180 499
180 1
180 20
180 45
180 58
180 77
180 106
180 109
180 136
180 138
180 175
180 198
180 199
180 206
180 231
180 232
180 430
181 261
181 280
181 313
181 384
181 432
181 473
181 0
181 36
181 45
181 68
181 82
181 92
181 102
181 106
181 111
181 132
181 134
181 157
181 168
181 174
181 175
181 178
181 192
181 198
181 207
181 214
181 224
181 230
181 247
181 431
182 254
182 293
182 319
182 347
182 350
182 406
182 438
182 492
182 19
182 34
182 41
182 68
182 70
182 96
182 133
182 135
182 160
182 172
182 179
182 186
182 221
182 241
182 247
182 432
183 267
183 305
183 311
183 322
183 337
183 361
183 376
183 405
183 435
183 477
183 20
183 40
183 71
183 78
183 80
183 106
183 113
183 122
183 136
183 138
183 171
183 185
183 191
183 216
183 234
183 236
183 433
184 297
184 353
184 468
184 84
184 95
184 104
184 110
184 130
184 137
184 151
184 172
184 173
184 234
184 247
184 434
185 271
185 331
185 336
185 342
185 446
185 0
185 30
185 47
185 61
185 100
185 160
185 163
185 183
185 207
185 218
185 435
186 255
186 267
186 298
186 300
186 302
186 316
186 340
186 362
186 372
186 389
186 400
186 403
186 426
186 437
186 467
186 480
186 2
186 30
186 31
186 40
186 46
186 56
186 72
186 107
186 114
186 121
186 164
186 170
186 172
186 182
186 210
186 247
186 436
187 296
187 307
187 456
187 483
187 497
187 2
187 13
187 27
187 28
187 31
187 35
187 36
187 52
187 55
187 63
187 91
187 96
187 119
187 120
187 121
187 141
187 166
187 202
187 225
187 233
187 237
187 243
187 437
188 263
188 275
188 278
188 316
188 386
188 403
188 408
188 414
188 469
188 4
188 7
188 9
188 21
188 22
188 24
188 41
188 58
188 74
188 82
188 107
188 120
188 146
188 175
188 191
188 214
188 219
188 226
188 231
188 235
188 240
188 242
188 243
188 438
189 290
189 332
189 357
189 361
189 378
189 401
189 405
189 423
189 439
189 463
189 23
189 61
189 62
189 72
189 101
189 115
189 116
189 132
189 138
189 163
189 168
189 218
189 225
190 256
190 265
190 344
190 375
190 386
190 401
190 490
190 28
190 29
190 48
190 84
190 105
190 114
190 121
190 126
190 138
190 171
190 208
190 226
190 239
190 247
190 440
191 250
191 332
191 343
191 461
191 74
191 76
191 82
191 83
191 87
191 93
191 103
191 106
191 121
191 123
191 132
191 141
191 160
191 183
191 188
191 202
191 204
191 239
191 441
192 297
192 380
192 406
192 472
192 14
192 19
192 29
192 49
192 87
192 89
192 94
192 104
192 114
192 127
192 143
192 155
192 181
192 209
192 229
192 233
192 237
192 442
193 255
193 258
193 281
193 282
193 319
193 392
193 440
193 492
193 3
193 10
193 15
193 17
193 23
193 43
193 57
193 58
193 65
193 81
193 93
193 102
193 107
193 123
193 125
193 143
193 164
193 176
193 214
193 246
193 443
194 261
194 275
194 280
194 293
194 295
194 321
194 324
194 337
194 339
194 341
194 434
194 13
194 37
194 45
194 46
194 50
194 56
194 86
194 91
194 98
194 132
194 146
194 154
194 164
194 205
194 206
194 218
194 229
194 233
194 444
195 255
195 343
195 347
195 367
195 414
195 428
195 432
195 475
195 5
195 17
195 29
195 33
195 43
195 46
195 54
195 61
195 62
195 104
195 113
195 139
195 143
195 156
195 163
195 165
195 175
195 198
195 225
195 237
195 243
195 445
196 270
196 315
196 336
196 357
196 358
196 368
196 487
196 490
196 0
196 6
196 12
196 17
196 19
196 21
196 27
196 33
196 41
196 64
196 73
196 82
196 100
196 169
196 199
196 201
196 229
196 241
196 446
197 281
197 317
197 331
197 370
197 496
197 17
197 21
197 27
197 62
197 76
197 80
197 122
197 136
197 156
197 165
197 213
197 222
197 239
197 247
197 447
198 270
198 279
198 307
198 412
198 422
198 428
198 477
198 487
198 496
198 15
198 18
198 63
198 65
198 70
198 72
198 73
198 81
198 104
198 114
198 139
198 180
198 181
198 195
198 203
198 223
198 448
199 321
199 328
199 383
199 408
199 426
199 430
199 7
199 9
199 14
199 17
199 21
199 22
199 25
199 35
199 57
199 74
199 78
199 79
199 94
199 95
199 150
199 180
199 196
199 203
199 216
199 225
199 232
199 247
199 449
200 288
200 297
200 357
200 421
200 1
200 36
200 71
200 75
200 81
200 82
200 87
200 93
200 96
200 115
200 137
200 142
200 154
200 168
200 203
200 206
200 222
200 248
200 450
201 253
201 254
201 259
201 264
201 355
201 380
201 383
201 427
201 12
201 16
201 19
201 28
201 44
201 46
201 53
201 57
201 92
201 103
201 110
201 134
201 168
201 196
201 214
201 218
201 242
201 451
202 259
202 384
202 420
202 432
202 440
202 450
202 494
202 3
202 35
202 58
202 77
202 91
202 93
202 110
202 133
202 137
202 165
202 177
202 187
202 191
202 452
203 261
203 263
203 274
203 279
203 324
203 448
203 454
203 474
203 476
203 479
203 7
203 64
203 66
203 71
203 124
203 140
203 198
203 199
203 200
203 206
203 214
203 219
203 231
203 453
204 259
204 280
204 315
204 366
204 376
204 385
204 389
204 419
204 449
204 490
204 495
204 10
204 26
204 39
204 42
204 43
204 45
204 53
204 61
204 94
204 133
204 136
204 170
204 179
204 191
204 210
204 224
204 232
204 454
205 253
205 339
205 347
205 363
205 386
205 393
205 413
205 415
205 441
205 444
205 1
205 3
205 36
205 46
205 66
205 67
205 96
205 100
205 101
205 104
205 116
205 124
205 134
205 135
205 154
205 164
205 170
205 194
205 209
205 231
205 232
205 455
206 314
206 337
206 388
206 407
206 457
206 483
206 0
206 64
206 76
206 79
206 90
206 94
206 109
206 119
206 127
206 136
206 138
206 153
206 180
206 194
206 200
206 203
206 216
206 217
206 219
206 242
206 456
207 327
207 378
207 393
207 440
207 453
207 478
207 16
207 34
207 35
207 66
207 83
207 89
207 101
207 110
207 119
207 125
207 153
207 154
207 158
207 175
207 181
207 185
207 221
207 223
207 227
207 240
207 457
208 291
208 404
208 434
208 445
208 470
208 113
208 163
208 165
208 171
208 190
208 221
208 235
208 245
208 458
209 276
209 279
209 286
209 352
209 414
209 497
209 11
209 24
209 25
209 28
209 32
209 36
209 52
209 115
209 121
209 138
209 145
209 159
209 161
209 164
209 192
209 205
209 215
209 459
210 250
210 255
210 258
210 266
210 292
210 366
210 376
210 420
210 433
210 495
210 7
210 20
210 39
210 56
210 58
210 60
210 62
210 72
210 73
210 110
210 134
210 153
210 156
210 165
210 170
210 177
210 186
210 204
210 217
210 239
210 460
211 335
211 403
211 16
211 17
211 26
211 30
211 33
211 52
211 63
211 67
211 68
211 97
211 110
211 111
211 122
211 126
211 145
211 153
211 161
211 175
211 248
211 461
212 279
212 285
212 313
212 356
212 459
212 490
212 1
212 9
212 37
212 38
212 43
212 52
212 58
212 88
212 102
212 128
212 147
212 154
212 214
212 230
212 246
212 462
213 257
213 335
213 378
213 427
213 44
213 45
213 52
213 75
213 81
213 85
213 89
213 91
213 101
213 138
213 139
213 143
213 153
213 197
213 221
213 238
213 241
213 249
213 463
214 251
214 270
214 286
214 338
214 348
214 396
214 448
214 11
214 25
214 82
214 89
214 98
214 113
214 123
214 143
214 144
214 168
214 181
214 188
214 193
214 201
214 203
214 212
214 220
214 232
214 233
214 238
214 239
214 464
215 291
215 301
215 342
215 383
215 429
215 448
215 22
215 44
215 94
215 97
215 121
215 129
215 150
215 168
215 172
215 209
215 225
215 230
215 241
215 242
215 465
216 259
216 273
216 278
216 302
216 317
216 320
216 324
216 409
216 457
216 467
216 476
216 11
216 28
216 30
216 34
216 37
216 41
216 53
216 72
216 87
216 88
216 94
216 124
216 127
216 155
216 159
216 183
216 199
216 206
216 466
217 269
217 329
217 365
217 367
217 381
217 409
217 441
217 450
217 459
217 468
217 25
217 62
217 73
217 74
217 93
217 97
217 103
217 114
217 129
217 157
217 158
217 206
217 210
217 225
217 235
217 246
217 248
217 467
218 297
218 311
218 312
218 331
218 352
218 353
218 372
218 423
218 4
218 9
218 28
218 38
218 77
218 107
218 125
218 139
218 151
218 173
218 185
218 189
218 194
218 201
218 227
218 239
218 468
219 286
219 323
219 375
219 384
219 400
219 471
219 16
219 35
219 36
219 39
219 41
219 47
219 50
219 59
219 95
219 132
219 166
219 174
219 176
219 188
219 203
219 206
219 225
219 469
220 261
220 337
220 348
220 397
220 474
220 0
220 3
220 38
220 43
220 90
220 94
220 95
220 101
220 107
220 125
220 126
220 133
220 179
220 214
220 236
220 470
221 370
221 488
221 5
221 28
221 39
221 40
221 47
221 80
221 90
221 92
221 120
221 123
221 124
221 142
221 157
221 168
221 182
221 207
221 208
221 213
221 245
221 471
222 308
222 317
222 474
222 55
222 80
222 81
222 132
222 142
222 143
222 150
222 172
222 197
222 200
222 239
222 472
223 280
223 290
223 294
223 307
223 326
223 337
223 378
223 421
223 425
223 475
223 489
223 5
223 28
223 33
223 58
223 82
223 86
223 94
223 109
223 152
223 173
223 175
223 198
223 207
223 234
223 245
223 473
224 262
224 288
224 330
224 377
224 406
224 421
224 423
224 469
224 55
224 97
224 109
224 118
224 127
224 160
224 161
224 167
224 181
224 204
224 225
224 232
224 241
224 243
224 248
224 474
225 278
225 409
225 444
225 499
225 2
225 29
225 41
225 52
225 67
225 85
225 90
225 96
225 128
225 136
225 139
225 142
225 157
225 160
225 173
225 187
225 189
225 195
225 199
225 215
225 217
225 219
225 224
225 240
225 475
226 263
226 320
226 365
226 413
226 12
226 15
226 18
226 39
226 52
226 54
226 55
226 67
226 120
226 153
226 154
226 159
226 188
226 190
226 476
227 309
227 311
227 367
227 377
227 390
227 412
227 419
227 429
227 435
227 492
227 13
227 94
227 100
227 105
227 137
227 207
227 218
227 477
228 319
228 361
228 461
228 20
228 26
228 33
228 66
228 95
228 118
228 130
228 131
228 135
228 154
228 178
228 478
229 267
229 331
229 335
229 352
229 433
229 449
229 460
229 470
229 482
229 486
229 499
229 2
229 8
229 19
229 42
229 48
229 64
229 87
229 90
229 106
229 115
229 139
229 144
229 166
229 173
229 192
229 194
229 196
229 247
229 249
229 479
230 283
230 314
230 341
230 366
230 461
230 13
230 27
230 35
230 60
230 64
230 74
230 100
230 115
230 162
230 181
230 212
230 215
230 242
230 480
231 273
231 276
231 307
231 400
231 403
231 417
231 446
231 452
231 453
231 490
231 46
231 104
231 110
231 128
231 162
231 172
231 177
231 180
231 188
231 203
231 205
231 246
231 481
232 305
232 329
232 407
232 412
232 440
232 485
232 7
232 40
232 71
232 74
232 132
232 149
232 180
232 199
232 204
232 205
232 214
232 224
232 237
232 482
233 251
233 284
233 288
233 306
233 314
233 331
233 355
233 420
233 440
233 470
233 6
233 15
233 28
233 31
233 35
233 39
233 66
233 72
233 96
233 103
233 114
233 176
233 187
233 192
233 194
233 214
233 237
233 239
233 483
234 323
234 356
234 399
234 403
234 418
234 435
234 476
234 3
234 19
234 20
234 21
234 23
234 30
234 46
234 52
234 70
234 90
234 91
234 103
234 104
234 120
234 158
234 160
234 167
234 175
234 183
234 184
234 223
234 247
234 484
235 269
235 362
235 408
235 442
235 447
235 499
235 42
235 48
235 77
235 100
235 110
235 141
235 147
235 157
235 159
235 163
235 176
235 188
235 208
235 217
235 246
235 485
236 252
236 291
236 302
236 325
236 338
236 343
236 358
236 378
236 438
236 492
236 12
236 23
236 34
236 53
236 55
236 99
236 139
236 183
236 220
236 245
236 486
237 288
237 320
237 389
237 396
237 399
237 412
237 431
237 446
237 471
237 28
237 34
237 43
237 48
237 60
237 63
237 67
237 84
237 105
237 187
237 192
237 195
237 232
237 233
237 247
237 487
238 270
238 297
238 478
238 11
238 12
238 32
238 33
238 49
238 78
238 96
238 114
238 160
238 213
238 214
238 488
239 261
239 278
239 279
239 292
239 311
239 312
239 324
239 340
239 345
239 394
239 464
239 8
239 21
239 41
239 46
239 52
239 98
239 110
239 125
239 134
239 142
239 190
239 191
239 197
239 210
239 214
239 218
239 222
239 233
239 245
239 489
240 308
240 311
240 326
240 385
240 419
240 420
240 421
240 441
240 489
240 12
240 52
240 58
240 83
240 113
240 137
240 144
240 150
240 152
240 159
240 164
240 165
240 188
240 207
240 225
240 490
241 305
241 309
241 339
241 346
241 356
241 361
241 385
241 431
241 480
241 4
241 5
241 8
241 14
241 18
241 22
241 37
241 51
241 56
241 67
241 71
241 81
241 85
241 94
241 96
241 112
241 115
241 121
241 133
241 143
241 146
241 154
241 158
241 164
241 182
241 196
241 213
241 215
241 224
241 246
241 491
242 255
242 279
242 308
242 311
242 316
242 326
242 332
242 368
242 372
242 373
242 487
242 20
242 40
242 44
242 57
242 75
242 95
242 105
242 131
242 140
242 141
242 146
242 147
242 163
242 168
242 170
242 188
242 201
242 206
242 215
242 230
242 247
242 492
243 268
243 281
243 374
243 382
243 399
243 429
243 441
243 454
243 464
243 476
243 3
243 7
243 24
243 42
243 46
243 56
243 58
243 63
243 83
243 139
243 143
243 148
243 151
243 176
243 187
243 188
243 195
243 224
243 244
243 493
244 267
244 410
244 432
244 449
244 487
244 1
244 3
244 14
244 31
244 68
244 78
244 79
244 82
244 92
244 96
244 98
244 110
244 127
244 162
244 172
244 173
244 174
244 243
244 494
245 261
245 294
245 313
245 349
245 350
245 387
245 404
245 412
245 440
245 495
245 29
245 30
245 31
245 40
245 63
245 90
245 100
245 112
245 115
245 122
245 129
245 133
245 145
245 208
245 221
245 223
245 236
245 239
246 378
246 431
246 451
246 467
246 16
246 32
246 33
246 78
246 115
246 122
246 123
246 126
246 136
246 155
246 173
246 193
246 212
246 217
246 231
246 235
246 241
246 496
247 259
247 269
247 281
247 288
247 319
247 371
247 372
247 435
247 463
247 466
247 17
247 19
247 23
247 53
247 59
247 74
247 104
247 114
247 119
247 146
247 148
247 151
247 163
247 170
247 172
247 181
247 182
247 184
247 186
247 190
247 197
247 199
247 229
247 234
247 237
247 242
247 497
248 255
248 318
248 357
248 420
248 422
248 458
248 463
248 481
248 8
248 10
248 11
248 13
248 29
248 47
248 55
248 79
248 129
248 148
248 152
248 177
248 200
248 211
248 217
248 224
248 498
249 306
249 312
249 377
249 436
249 451
249 21
249 35
249 74
249 80
249 97
249 109
249 110
249 114
249 128
249 144
249 148
249 172
249 213
249 229
249 499
250 3
250 40
250 72
250 101
250 114
250 137
250 173
250 177
250 191
250 210
250 0
251 18
251 58
251 67
251 89
251 97
251 214
251 233
251 1
252 49
252 52
252 91
252 107
252 160
252 236
252 2
253 28
253 42
253 47
253 91
253 104
253 112
253 144
253 147
253 156
253 201
253 205
253 3
254 30
254 82
254 110
254 117
254 144
254 145
254 182
254 201
254 4
255 106
255 122
255 141
255 151
255 164
255 186
255 193
255 195
255 210
255 242
255 248
255 5
256 12
256 149
256 152
256 168
256 190
256 6
257 25
257 36
257 37
257 42
257 52
257 116
257 130
257 163
257 171
257 213
257 7
258 35
258 42
258 55
258 88
258 96
258 126
258 138
258 193
258 210
258 8
259 38
259 57
259 81
259 119
259 201
259 202
259 204
259 216
259 247
259 9
260 46
260 61
260 86
260 92
260 98
260 137
260 10
261 25
261 117
261 149
261 150
261 181
261 194
261 203
261 220
261 239
261 245
261 11
262 5
262 6
262 15
262 30
262 101
262 224
262 12
263 6
263 41
263 80
263 150
263 188
263 203
263 226
263 13
264 0
264 26
264 98
264 162
264 179
264 201
264 14
265 11
265 111
265 124
265 125
265 159
265 190
265 15
266 14
266 95
266 120
266 210
266 16
267 82
267 89
267 123
267 145
267 170
267 177
267 183
267 186
267 229
267 244
267 17
268 96
268 98
268 104
268 134
268 169
268 243
268 18
269 51
269 67
269 78
269 84
269 106
269 133
269 160
269 167
269 173
269 217
269 235
269 247
269 19
270 7
270 24
270 32
270 40
270 66
270 82
270 85
270 96
270 196
270 198
270 214
270 238
270 20
271 41
271 42
271 67
271 116
271 131
271 159
271 185
271 21
272 51
272 55
272 59
272 96
272 102
272 114
272 126
272 128
272 174
272 180
272 22
273 19
273 35
273 68
273 74
273 83
273 216
273 231
273 23
274 20
274 62
274 69
274 108
274 113
274 141
274 147
274 174
274 203
274 24
275 29
275 79
275 89
275 112
275 136
275 180
275 188
275 194
275 25
276 79
276 91
276 131
276 174
276 209
276 231
276 26
277 0
277 48
277 71
277 166
277 171
277 27
278 17
278 34
278 51
278 55
278 59
278 92
278 100
278 117
278 133
278 140
278 172
278 188
278 216
278 225
278 239
278 28
279 5
279 12
279 34
279 36
279 44
279 60
279 102
279 198
279 203
279 209
279 212
279 239
279 242
279 29
280 29
280 33
280 37
280 43
280 44
280 59
280 61
280 146
280 150
280 163
280 181
280 194
280 204
280 223
280 30
281 87
281 122
281 193
281 197
281 243
281 247
281 31
282 2
282 36
282 47
282 58
282 92
282 179
282 193
282 32
283 147
283 149
283 230
283 33
284 5
284 14
284 36
284 66
284 72
284 81
284 95
284 129
284 140
284 151
284 170
284 233
284 34
285 4
285 49
285 52
285 58
285 154
285 161
285 162
285 164
285 171
285 177
285 212
285 35
286 22
286 24
286 51
286 63
286 84
286 160
286 171
286 180
286 209
286 214
286 219
286 36
287 15
287 73
287 78
287 85
287 139
287 177
287 37
288 14
288 40
288 85
288 136
288 142
288 155
288 156
288 200
288 224
288 233
288 237
288 247
288 38
289 17
289 30
289 106
289 134
289 39
290 55
290 60
290 93
290 189
290 223
290 40
291 43
291 53
291 78
291 116
291 146
291 148
291 172
291 208
291 215
291 236
291 41
292 146
292 149
292 167
292 171
292 210
292 239
292 42
293 6
293 21
293 69
293 106
293 151
293 154
293 182
293 194
293 43
294 12
294 79
294 100
294 145
294 180
294 223
294 245
294 44
295 22
295 46
295 62
295 77
295 194
295 45
296 0
296 71
296 88
296 119
296 143
296 145
296 153
296 160
296 187
296 46
297 28
297 41
297 70
297 109
297 158
297 170
297 175
297 184
297 192
297 200
297 218
297 238
297 47
298 24
298 97
298 109
298 148
298 186
298 48
299 5
299 10
299 12
299 18
299 25
299 59
299 65
299 154
299 49
300 128
300 151
300 172
300 175
300 186
300 50
301 13
301 16
301 34
301 46
301 64
301 75
301 88
301 92
301 99
301 124
301 137
301 155
301 215
301 51
302 28
302 34
302 46
302 59
302 96
302 111
302 124
302 126
302 153
302 186
302 216
302 236
302 52
303 44
303 124
303 128
303 136
303 149
303 159
303 167
303 53
304 20
304 47
304 172
304 175
304 54
305 106
305 114
305 138
305 183
305 232
305 241
305 55
306 13
306 233
306 249
306 56
307 11
307 34
307 81
307 99
307 125
307 156
307 169
307 171
307 177
307 187
307 198
307 223
307 231
307 57
308 58
308 128
308 130
308 222
308 240
308 242
309 5
309 7
309 8
309 79
309 119
309 125
309 144
309 150
309 163
309 227
309 241
309 59
310 14
310 35
310 66
310 60
311 30
311 75
311 183
311 218
311 227
311 239
311 240
311 242
311 61
312 13
312 18
312 47
312 60
312 105
312 112
312 116
312 128
312 218
312 239
312 249
312 62
313 31
313 48
313 104
313 155
313 181
313 212
313 245
313 63
314 118
314 206
314 230
314 233
314 64
315 17
315 22
315 24
315 28
315 34
315 37
315 57
315 80
315 196
315 204
315 65
316 4
316 5
316 21
316 32
316 102
316 146
316 165
316 176
316 186
316 188
316 242
316 66
317 4
317 19
317 21
317 50
317 55
317 102
317 131
317 177
317 197
317 216
317 222
317 67
318 12
318 64
318 121
318 127
318 248
318 68
319 5
319 11
319 27
319 47
319 53
319 76
319 182
319 193
319 228
319 247
319 69
320 9
320 17
320 76
320 134
320 170
320 216
320 226
320 237
320 70
321 72
321 145
321 153
321 194
321 199
321 71
322 8
322 52
322 63
322 77
322 92
322 93
322 164
322 183
322 72
323 23
323 120
323 136
323 142
323 165
323 219
323 234
323 73
324 66
324 124
324 129
324 132
324 151
324 166
324 176
324 194
324 203
324 216
324 239
324 74
325 79
325 137
325 143
325 162
325 172
325 174
325 175
325 236
325 75
326 16
326 49
326 75
326 122
326 125
326 130
326 135
326 158
326 223
326 240
326 242
326 76
327 11
327 17
327 35
327 48
327 167
327 207
327 77
328 29
328 83
328 113
328 120
328 134
328 175
328 199
328 78
329 32
329 78
329 122
329 131
329 217
329 232
329 79
330 18
330 45
330 62
330 78
330 79
330 112
330 142
330 145
330 148
330 162
330 165
330 168
330 177
330 224
330 80
331 70
331 92
331 100
331 106
331 157
331 185
331 197
331 218
331 229
331 233
331 81
332 1
332 52
332 63
332 76
332 97
332 103
332 154
332 189
332 191
332 242
332 82
333 44
333 81
333 127
333 165
333 83
334 4
334 6
334 50
334 80
334 90
334 102
334 84
335 0
335 55
335 56
335 57
335 73
335 117
335 120
335 132
335 148
335 150
335 160
335 211
335 213
335 229
335 85
336 14
336 41
336 46
336 89
336 90
336 97
336 101
336 131
336 133
336 136
336 167
336 185
336 196
336 86
337 8
337 9
337 11
337 153
337 183
337 194
337 206
337 220
337 223
337 87
338 0
338 129
338 138
338 152
338 214
338 236
338 88
339 11
339 48
339 50
339 74
339 91
339 108
339 114
339 170
339 194
339 205
339 241
339 89
340 47
340 60
340 106
340 131
340 186
340 239
340 90
341 42
341 83
341 127
341 161
341 163
341 194
341 230
341 91
342 39
342 65
342 67
342 97
342 125
342 132
342 137
342 149
342 185
342 215
342 92
343 92
343 156
343 180
343 191
343 195
343 236
343 93
344 11
344 52
344 70
344 112
344 190
344 94
345 37
345 67
345 83
345 87
345 102
345 163
345 239
345 95
346 17
346 140
346 167
346 179
346 241
346 96
347 22
347 45
347 56
347 81
347 135
347 182
347 195
347 205
347 97
348 42
348 102
348 108
348 119
348 214
348 220
348 98
349 24
349 91
349 119
349 135
349 176
349 245
349 99
350 88
350 155
350 182
350 245
350 100
351 39
351 78
351 96
351 116
351 117
351 121
351 130
351 101
352 23
352 56
352 109
352 152
352 175
352 209
352 218
352 229
352 102
353 50
353 92
353 147
353 184
353 218
353 103
354 49
354 52
354 59
354 64
354 71
354 81
354 103
354 104
354 108
354 145
354 154
354 155
354 156
354 180
355 4
355 17
355 48
355 76
355 143
355 156
355 201
355 233
355 105
356 13
356 44
356 56
356 86
356 94
356 99
356 105
356 109
356 164
356 171
356 212
356 234
356 241
356 106
357 19
357 32
357 44
357 84
357 88
357 116
357 152
357 189
357 196
357 200
357 248
357 107
358 0
358 2
358 6
358 37
358 44
358 48
358 81
358 117
358 123
358 126
358 141
358 147
358 171
358 196
358 236
358 108
359 47
359 100
359 108
359 165
359 109
360 3
360 9
360 26
360 88
360 136
360 110
361 21
361 37
361 84
361 102
361 157
361 183
361 189
361 228
361 241
361 111
362 0
362 116
362 135
362 180
362 186
362 235
362 112
363 49
363 72
363 77
363 87
363 110
363 139
363 145
363 152
363 205
363 113
364 5
364 23
364 110
364 114
365 12
365 58
365 98
365 99
365 103
365 115
365 128
365 152
365 171
365 217
365 226
366 0
366 31
366 58
366 125
366 158
366 204
366 210
366 230
366 116
367 9
367 38
367 56
367 76
367 105
367 124
367 135
367 138
367 150
367 195
367 217
367 227
367 117
368 10
368 42
368 46
368 51
368 196
368 242
368 118
369 32
369 52
369 81
369 96
369 104
369 106
369 112
369 120
369 159
369 164
369 119
370 66
370 68
370 79
370 83
370 91
370 99
370 113
370 161
370 197
370 221
370 120
371 3
371 27
371 97
371 122
371 143
371 247
371 121
372 18
372 43
372 81
372 94
372 158
372 164
372 167
372 172
372 176
372 186
372 218
372 242
372 247
372 122
373 32
373 55
373 133
373 138
373 172
373 242
373 123
374 125
374 154
374 165
374 243
374 124
375 21
375 32
375 53
375 170
375 180
375 190
375 219
375 125
376 85
376 133
376 175
376 183
376 204
376 210
376 126
377 37
377 89
377 131
377 224
377 227
377 249
377 127
378 41
378 64
378 152
378 166
378 189
378 207
378 213
378 223
378 236
378 246
378 128
379 6
379 25
379 32
379 38
379 116
379 141
379 144
379 172
379 129
380 2
380 26
380 50
380 76
380 94
380 108
380 124
380 143
380 144
380 192
380 201
380 130
381 48
381 112
381 124
381 126
381 151
381 160
381 217
381 131
382 13
382 27
382 63
382 68
382 97
382 134
382 176
382 243
382 132
383 64
383 99
383 127
383 133
383 199
383 201
383 215
384 11
384 21
384 23
384 27
384 88
384 116
384 146
384 181
384 202
384 219
384 134
385 19
385 121
385 148
385 166
385 204
385 240
385 241
385 135
386 1
386 25
386 27
386 54
386 68
386 120
386 122
386 142
386 156
386 179
386 188
386 190
386 205
386 136
387 64
387 96
387 117
387 126
387 166
387 245
387 137
388 19
388 29
388 76
388 117
388 158
388 206
388 138
389 44
389 46
389 78
389 114
389 131
389 136
389 161
389 175
389 186
389 204
389 237
389 139
390 7
390 22
390 86
390 132
390 227
390 140
391 30
391 45
391 73
391 86
391 93
391 154
391 141
392 0
392 5
392 9
392 52
392 103
392 145
392 162
392 193
392 142
393 105
393 111
393 144
393 146
393 167
393 205
393 207
393 143
394 103
394 161
394 178
394 239
394 144
395 13
395 19
395 30
395 74
395 75
395 91
395 117
395 139
395 178
395 145
396 16
396 87
396 89
396 114
396 149
396 164
396 214
396 237
396 146
397 12
397 29
397 32
397 57
397 120
397 150
397 151
397 220
397 147
398 41
398 91
398 154
398 148
399 6
399 10
399 22
399 35
399 234
399 237
399 243
399 149
400 16
400 22
400 32
400 39
400 138
400 154
400 158
400 186
400 219
400 231
400 150
401 91
401 95
401 152
401 189
401 190
401 151
402 13
402 29
402 48
402 77
402 99
402 146
402 157
402 152
403 4
403 41
403 96
403 110
403 158
403 167
403 186
403 188
403 211
403 231
403 234
403 153
404 133
404 166
404 208
404 245
404 154
405 24
405 95
405 102
405 122
405 127
405 130
405 183
405 189
405 155
406 12
406 31
406 74
406 110
406 119
406 152
406 182
406 192
406 224
406 156
407 26
407 35
407 73
407 106
407 108
407 109
407 115
407 125
407 133
407 134
407 158
407 173
407 174
407 206
407 232
407 157
408 98
408 116
408 120
408 188
408 199
408 235
408 158
409 2
409 25
409 126
409 147
409 152
409 216
409 217
409 225
409 159
410 72
410 81
410 83
410 90
410 113
410 163
410 176
410 244
410 160
411 19
411 58
411 63
411 111
411 117
411 123
411 127
411 145
411 158
411 177
411 161
412 9
412 46
412 98
412 134
412 198
412 227
412 232
412 237
412 245
412 162
413 87
413 89
413 108
413 166
413 176
413 179
413 205
413 226
413 163
414 14
414 70
414 85
414 92
414 97
414 127
414 158
414 188
414 195
414 209
414 164
415 74
415 87
415 91
415 117
415 170
415 205
415 165
416 11
416 26
416 35
416 36
416 55
416 60
416 70
416 112
416 144
416 156
416 180
416 166
417 42
417 120
417 153
417 174
417 231
417 167
418 69
418 71
418 104
418 118
418 234
418 168
419 57
419 94
419 114
419 156
419 164
419 179
419 204
419 227
419 240
419 169
420 2
420 37
420 74
420 82
420 152
420 202
420 210
420 233
420 240
420 248
420 170
421 7
421 10
421 87
421 143
421 157
421 200
421 223
421 224
421 240
421 171
422 0
422 27
422 100
422 118
422 121
422 139
422 150
422 198
422 248
422 172
423 12
423 48
423 96
423 98
423 159
423 189
423 218
423 224
423 173
424 4
424 25
424 29
424 131
424 140
424 160
424 170
424 177
424 178
424 174
425 1
425 102
425 109
425 124
425 148
425 152
425 223
425 175
426 15
426 101
426 105
426 119
426 186
426 199
426 176
427 18
427 37
427 69
427 134
427 151
427 201
427 213
427 177
428 25
428 133
428 147
428 195
428 198
428 178
429 18
429 84
429 171
429 215
429 227
429 243
429 179
430 28
430 48
430 73
430 82
430 107
430 153
430 199
430 180
431 22
431 27
431 50
431 71
431 121
431 149
431 237
431 241
431 246
431 181
432 20
432 22
432 54
432 65
432 75
432 94
432 132
432 151
432 181
432 195
432 202
432 244
432 182
433 47
433 74
433 78
433 172
433 210
433 229
433 183
434 5
434 6
434 17
434 81
434 83
434 152
434 159
434 180
434 194
434 208
434 184
435 9
435 33
435 99
435 120
435 135
435 168
435 172
435 183
435 227
435 234
435 247
435 185
436 5
436 12
436 29
436 61
436 63
436 117
436 148
436 155
436 169
436 249
436 186
437 14
437 46
437 59
437 101
437 123
437 144
437 148
437 152
437 162
437 180
437 186
437 187
438 5
438 9
438 124
438 126
438 129
438 139
438 182
438 236
438 188
439 55
439 68
439 75
439 81
439 93
439 132
439 178
439 189
440 11
440 13
440 17
440 34
440 95
440 193
440 202
440 207
440 232
440 233
440 245
440 190
441 40
441 94
441 161
441 205
441 217
441 240
441 243
441 191
442 26
442 235
442 192
443 52
443 77
443 193
444 12
444 27
444 33
444 56
444 75
444 78
444 88
444 93
444 118
444 152
444 172
444 205
444 225
444 194
445 4
445 35
445 175
445 208
445 195
446 33
446 53
446 55
446 58
446 63
446 155
446 185
446 231
446 237
446 196
447 10
447 102
447 235
447 197
448 5
448 7
448 63
448 118
448 176
448 203
448 214
448 215
448 198
449 10
449 29
449 38
449 81
449 163
449 171
449 204
449 229
449 244
449 199
450 35
450 71
450 75
450 106
450 202
450 217
450 200
451 8
451 9
451 32
451 33
451 246
451 249
451 201
452 10
452 43
452 129
452 141
452 145
452 155
452 231
452 202
453 22
453 49
453 77
453 126
453 145
453 207
453 231
453 203
454 63
454 75
454 97
454 108
454 203
454 243
454 204
455 7
455 151
455 166
455 205
456 26
456 99
456 100
456 187
456 206
457 2
457 9
457 38
457 40
457 55
457 112
457 164
457 206
457 216
457 207
458 79
458 82
458 109
458 135
458 137
458 151
458 155
458 158
458 175
458 176
458 248
458 208
459 57
459 100
459 171
459 212
459 217
459 209
460 33
460 60
460 88
460 123
460 129
460 150
460 170
460 229
460 210
461 76
461 91
461 92
461 118
461 144
461 152
461 191
461 228
461 230
461 211
462 6
462 12
462 32
462 95
462 156
462 164
462 166
462 212
463 114
463 124
463 140
463 174
463 189
463 247
463 248
463 213
464 24
464 45
464 115
464 131
464 134
464 239
464 243
464 214
465 155
465 215
466 67
466 119
466 162
466 164
466 173
466 247
466 216
467 1
467 48
467 102
467 151
467 155
467 186
467 216
467 246
467 217
468 36
468 99
468 120
468 180
468 184
468 217
468 218
469 20
469 33
469 38
469 53
469 75
469 91
469 113
469 188
469 224
469 219
470 31
470 32
470 66
470 70
470 74
470 105
470 124
470 127
470 140
470 141
470 162
470 208
470 229
470 233
470 220
471 55
471 98
471 101
471 219
471 237
471 221
472 4
472 37
472 53
472 68
472 92
472 104
472 124
472 133
472 141
472 152
472 192
472 222
473 6
473 21
473 39
473 90
473 139
473 181
473 223
474 58
474 104
474 126
474 127
474 138
474 140
474 172
474 180
474 203
474 220
474 222
474 224
475 14
475 28
475 45
475 70
475 130
475 152
475 156
475 165
475 180
475 195
475 223
475 225
476 22
476 39
476 66
476 90
476 124
476 157
476 165
476 166
476 180
476 203
476 216
476 234
476 243
476 226
477 32
477 66
477 71
477 93
477 110
477 132
477 148
477 166
477 178
477 183
477 198
477 227
478 50
478 112
478 118
478 136
478 140
478 149
478 173
478 207
478 238
478 228
479 11
479 89
479 105
479 112
479 130
479 137
479 203
479 229
480 0
480 43
480 67
480 91
480 93
480 186
480 241
480 230
481 7
481 34
481 65
481 248
481 231
482 48
482 82
482 118
482 169
482 229
482 232
483 38
483 92
483 95
483 116
483 136
483 139
483 165
483 180
483 187
483 206
483 233
484 79
484 89
484 95
484 105
484 123
484 152
484 157
484 234
485 9
485 52
485 104
485 108
485 118
485 141
485 232
485 235
486 6
486 21
486 25
486 34
486 59
486 75
486 119
486 178
486 229
486 236
487 61
487 68
487 88
487 102
487 117
487 131
487 196
487 198
487 242
487 244
487 237
488 28
488 48
488 71
488 109
488 135
488 145
488 169
488 221
488 238
489 5
489 40
489 126
489 174
489 223
489 240
489 239
490 33
490 34
490 62
490 65
490 97
490 110
490 165
490 190
490 196
490 204
490 212
490 231
490 240
491 5
491 41
491 46
491 64
491 118
491 133
491 137
491 168
491 241
492 20
492 22
492 85
492 137
492 156
492 177
492 182
492 193
492 227
492 236
492 242
493 3
493 77
493 79
493 89
493 103
493 106
493 125
493 142
493 243
494 3
494 17
494 29
494 56
494 75
494 125
494 154
494 170
494 180
494 202
494 244
495 21
495 45
495 48
495 123
495 127
495 129
495 204
495 210
495 245
496 8
496 15
496 70
496 75
496 87
496 113
496 118
496 135
496 175
496 180
496 197
496 198
496 246
497 65
497 84
497 85
497 102
497 108
497 153
497 187
497 209
497 247
498 75
498 97
498 129
498 134
498 248
499 27
499 65
499 97
499 100
499 131
499 133
499 135
499 151
499 168
499 180
499 225
499 229
499 235
499 249
