  400   5424
0 218
0 229
0 234
0 237
0 238
0 246
0 249
0 268
0 291
0 308
0 334
0 365
0 384
0 15
0 32
0 39
0 48
0 64
0 73
0 76
0 82
0 99
0 104
0 119
0 122
0 124
0 150
0 176
0 183
0 194
0 195
0 199
0 200
1 212
1 215
1 217
1 222
1 226
1 228
1 242
1 247
1 251
1 284
1 295
1 301
1 309
1 314
1 320
1 325
1 330
1 339
1 341
1 349
1 376
1 377
1 382
1 389
1 392
1 393
1 399
1 10
1 33
1 41
1 42
1 59
1 61
1 63
1 64
1 65
1 66
1 84
1 95
1 97
1 103
1 114
1 118
1 135
1 152
1 153
1 154
1 158
1 161
1 164
1 169
1 179
1 191
1 201
2 207
2 210
2 239
2 244
2 247
2 252
2 257
2 261
2 276
2 283
2 285
2 295
2 313
2 323
2 325
2 326
2 341
2 4
2 20
2 32
2 35
2 38
2 54
2 60
2 63
2 71
2 81
2 84
2 86
2 93
2 110
2 114
2 133
2 147
2 166
2 182
2 202
3 206
3 215
3 216
3 231
3 252
3 255
3 257
3 276
3 295
3 305
3 320
3 359
3 386
3 396
3 13
3 49
3 51
3 101
3 102
3 104
3 117
3 123
3 144
3 148
3 156
3 160
3 179
3 192
3 203
4 231
4 256
4 258
4 270
4 280
4 286
4 289
4 312
4 319
4 320
4 352
4 360
4 389
4 390
4 398
4 2
4 8
4 10
4 11
4 39
4 43
4 56
4 62
4 89
4 118
4 119
4 134
4 136
4 144
4 152
4 167
4 170
4 171
4 180
4 183
4 186
4 194
4 204
5 211
5 215
5 217
5 220
5 223
5 235
5 236
5 250
5 253
5 256
5 260
5 261
5 289
5 290
5 296
5 318
5 325
5 330
5 341
5 351
5 352
5 368
5 369
5 375
5 376
5 388
5 395
5 19
5 33
5 47
5 54
5 79
5 108
5 123
5 126
5 145
5 147
5 149
5 150
5 151
5 155
5 167
5 168
5 174
5 185
5 189
5 205
6 201
6 208
6 223
6 226
6 260
6 265
6 271
6 278
6 290
6 298
6 300
6 304
6 311
6 319
6 327
6 348
6 356
6 371
6 372
6 396
6 8
6 10
6 24
6 35
6 51
6 56
6 65
6 74
6 80
6 109
6 110
6 113
6 123
6 126
6 131
6 140
6 188
6 191
6 195
6 196
6 206
7 200
7 215
7 251
7 255
7 287
7 294
7 300
7 326
7 335
7 338
7 344
7 374
7 380
7 385
7 386
7 43
7 82
7 84
7 91
7 99
7 100
7 130
7 142
7 144
7 152
7 177
7 189
7 192
7 194
7 197
7 207
8 206
8 217
8 271
8 272
8 299
8 315
8 320
8 324
8 328
8 360
8 372
8 385
8 386
8 398
8 4
8 6
8 10
8 24
8 25
8 37
8 38
8 41
8 51
8 67
8 70
8 82
8 91
8 104
8 106
8 143
8 150
8 154
8 164
8 165
8 173
8 176
8 181
8 208
9 220
9 222
9 225
9 233
9 243
9 254
9 280
9 282
9 285
9 304
9 307
9 334
9 336
9 340
9 341
9 349
9 353
9 357
9 366
9 382
9 386
9 392
9 396
9 397
9 15
9 20
9 24
9 29
9 37
9 45
9 49
9 55
9 65
9 70
9 80
9 86
9 97
9 103
9 118
9 131
9 133
9 148
9 181
9 191
9 194
9 199
9 209
10 211
10 216
10 226
10 236
10 247
10 303
10 309
10 311
10 320
10 328
10 358
10 363
10 371
10 1
10 4
10 6
10 8
10 25
10 29
10 55
10 71
10 73
10 93
10 94
10 99
10 118
10 120
10 133
10 152
10 161
10 164
10 168
10 199
10 210
11 202
11 205
11 241
11 245
11 247
11 248
11 252
11 265
11 315
11 322
11 338
11 345
11 359
11 372
11 374
11 380
11 4
11 28
11 30
11 49
11 54
11 60
11 89
11 111
11 115
11 116
11 118
11 122
11 125
11 134
11 135
11 155
11 161
11 175
11 180
11 184
11 191
11 211
12 228
12 236
12 263
12 272
12 278
12 315
12 316
12 322
12 329
12 336
12 338
12 350
12 351
12 359
12 362
12 367
12 383
12 384
12 387
12 399
12 15
12 16
12 44
12 51
12 66
12 74
12 86
12 112
12 116
12 136
12 142
12 153
12 159
12 163
12 193
12 197
12 212
13 216
13 225
13 228
13 232
13 252
13 275
13 282
13 316
13 341
13 345
13 348
13 356
13 362
13 371
13 380
13 385
13 390
13 393
13 398
13 3
13 43
13 45
13 46
13 51
13 55
13 61
13 65
13 95
13 109
13 119
13 131
13 132
13 137
13 141
13 153
13 192
13 213
14 200
14 204
14 221
14 226
14 245
14 247
14 275
14 278
14 293
14 303
14 322
14 327
14 330
14 355
14 358
14 369
14 379
14 380
14 383
14 38
14 40
14 46
14 58
14 107
14 113
14 121
14 127
14 128
14 129
14 132
14 136
14 145
14 148
14 155
14 158
14 167
14 179
14 190
14 192
14 195
14 199
14 214
15 208
15 233
15 244
15 248
15 252
15 254
15 260
15 272
15 274
15 275
15 276
15 287
15 316
15 321
15 324
15 327
15 331
15 335
15 351
15 360
15 371
15 373
15 390
15 0
15 9
15 12
15 18
15 30
15 31
15 50
15 53
15 68
15 112
15 146
15 154
15 164
15 179
15 180
15 184
15 188
15 192
15 195
15 215
16 225
16 231
16 260
16 273
16 279
16 298
16 302
16 312
16 337
16 346
16 350
16 354
16 374
16 12
16 19
16 21
16 33
16 38
16 56
16 64
16 66
16 71
16 90
16 140
16 148
16 157
16 167
16 216
17 225
17 230
17 255
17 259
17 279
17 285
17 305
17 308
17 315
17 329
17 330
17 337
17 355
17 367
17 368
17 379
17 382
17 383
17 397
17 18
17 41
17 56
17 60
17 67
17 73
17 80
17 81
17 88
17 109
17 114
17 117
17 119
17 127
17 128
17 133
17 134
17 149
17 150
17 152
17 160
17 170
17 175
17 178
17 217
18 215
18 220
18 226
18 227
18 240
18 248
18 258
18 265
18 305
18 317
18 330
18 339
18 342
18 343
18 358
18 361
18 376
18 398
18 15
18 17
18 35
18 59
18 61
18 63
18 96
18 97
18 107
18 122
18 133
18 137
18 140
18 148
18 160
18 165
18 170
18 183
18 218
19 207
19 211
19 216
19 223
19 229
19 243
19 247
19 253
19 267
19 280
19 292
19 323
19 344
19 378
19 379
19 386
19 5
19 16
19 26
19 37
19 40
19 65
19 72
19 83
19 99
19 111
19 125
19 128
19 138
19 149
19 151
19 170
19 178
19 180
19 181
19 197
19 219
20 212
20 219
20 231
20 232
20 235
20 249
20 254
20 255
20 281
20 289
20 331
20 342
20 358
20 385
20 2
20 9
20 21
20 70
20 74
20 76
20 85
20 97
20 108
20 113
20 115
20 116
20 126
20 140
20 149
20 172
20 220
21 221
21 231
21 249
21 254
21 285
21 297
21 301
21 308
21 317
21 329
21 330
21 334
21 336
21 339
21 346
21 352
21 353
21 354
21 357
21 360
21 386
21 396
21 16
21 20
21 36
21 48
21 51
21 60
21 63
21 69
21 86
21 130
21 151
21 153
21 162
21 174
21 182
21 191
21 193
22 249
22 265
22 274
22 283
22 292
22 300
22 303
22 322
22 335
22 341
22 375
22 392
22 29
22 31
22 42
22 51
22 72
22 101
22 102
22 108
22 113
22 116
22 163
22 167
22 172
22 173
22 178
22 188
22 195
22 222
23 211
23 237
23 243
23 247
23 262
23 276
23 279
23 289
23 300
23 318
23 319
23 344
23 352
23 355
23 357
23 373
23 395
23 24
23 36
23 76
23 85
23 96
23 100
23 101
23 102
23 131
23 144
23 150
23 171
23 178
23 179
23 223
24 202
24 204
24 213
24 227
24 235
24 243
24 262
24 283
24 284
24 323
24 339
24 362
24 379
24 384
24 6
24 8
24 9
24 23
24 29
24 50
24 68
24 70
24 79
24 99
24 121
24 123
24 139
24 142
24 151
24 161
24 176
24 224
25 200
25 210
25 222
25 223
25 232
25 233
25 249
25 254
25 273
25 279
25 285
25 297
25 302
25 333
25 364
25 370
25 375
25 386
25 387
25 391
25 392
25 8
25 10
25 31
25 34
25 39
25 40
25 46
25 80
25 86
25 100
25 101
25 107
25 114
25 119
25 136
25 151
25 164
25 169
25 170
25 171
25 172
25 177
25 225
26 207
26 215
26 225
26 233
26 240
26 255
26 279
26 288
26 294
26 307
26 309
26 322
26 328
26 370
26 391
26 396
26 398
26 19
26 31
26 41
26 48
26 57
26 66
26 81
26 101
26 104
26 115
26 143
26 145
26 146
26 157
26 159
26 184
26 226
27 204
27 209
27 235
27 239
27 269
27 277
27 289
27 296
27 302
27 303
27 308
27 315
27 323
27 338
27 352
27 394
27 29
27 31
27 41
27 49
27 52
27 78
27 90
27 114
27 118
27 119
27 128
27 132
27 141
27 143
27 172
27 186
27 187
27 194
27 195
27 196
27 227
28 205
28 222
28 233
28 238
28 261
28 262
28 283
28 295
28 303
28 308
28 332
28 341
28 358
28 392
28 396
28 399
28 11
28 38
28 43
28 44
28 61
28 77
28 92
28 104
28 106
28 109
28 125
28 135
28 143
28 151
28 153
28 156
28 179
28 189
28 228
29 222
29 225
29 227
29 230
29 249
29 274
29 282
29 300
29 305
29 313
29 315
29 331
29 389
29 399
29 9
29 10
29 22
29 24
29 27
29 32
29 39
29 44
29 45
29 50
29 55
29 59
29 73
29 88
29 101
29 105
29 131
29 143
29 145
29 150
29 171
29 173
29 174
29 176
29 187
29 190
29 194
29 196
29 229
30 200
30 207
30 222
30 223
30 242
30 248
30 251
30 254
30 261
30 269
30 291
30 309
30 310
30 337
30 352
30 363
30 365
30 385
30 11
30 15
30 33
30 58
30 63
30 66
30 69
30 71
30 74
30 96
30 102
30 105
30 116
30 123
30 151
30 157
30 180
30 186
30 230
31 221
31 225
31 231
31 242
31 245
31 246
31 250
31 258
31 265
31 275
31 279
31 280
31 300
31 305
31 325
31 333
31 336
31 341
31 344
31 375
31 389
31 15
31 22
31 25
31 26
31 27
31 51
31 65
31 66
31 71
31 75
31 104
31 114
31 133
31 149
31 177
31 180
31 183
31 185
31 195
32 203
32 206
32 213
32 225
32 244
32 277
32 293
32 295
32 297
32 304
32 308
32 312
32 317
32 326
32 341
32 348
32 369
32 372
32 386
32 395
32 398
32 0
32 2
32 29
32 50
32 60
32 114
32 140
32 142
32 148
32 155
32 187
32 195
32 197
32 232
33 205
33 228
33 230
33 239
33 261
33 266
33 280
33 287
33 324
33 336
33 345
33 359
33 369
33 372
33 385
33 387
33 1
33 5
33 16
33 30
33 35
33 39
33 40
33 67
33 70
33 75
33 89
33 104
33 138
33 140
33 151
33 153
33 160
33 180
33 189
33 233
34 204
34 232
34 233
34 258
34 290
34 306
34 307
34 320
34 324
34 344
34 349
34 368
34 372
34 375
34 25
34 47
34 48
34 52
34 55
34 59
34 64
34 75
34 89
34 90
34 92
34 94
34 121
34 145
34 151
34 152
34 158
34 164
34 168
34 181
34 188
34 196
34 234
35 249
35 267
35 275
35 322
35 349
35 374
35 380
35 384
35 396
35 2
35 6
35 18
35 33
35 50
35 67
35 68
35 79
35 80
35 93
35 105
35 107
35 122
35 149
35 151
35 154
35 158
35 160
35 171
35 172
35 173
35 186
35 191
35 192
35 197
35 235
36 207
36 216
36 227
36 229
36 243
36 256
36 279
36 290
36 306
36 308
36 326
36 331
36 343
36 377
36 380
36 383
36 396
36 21
36 23
36 37
36 42
36 57
36 61
36 71
36 78
36 89
36 92
36 106
36 121
36 127
36 134
36 135
36 147
36 151
36 155
36 193
36 236
37 201
37 202
37 204
37 209
37 213
37 227
37 270
37 284
37 290
37 294
37 325
37 330
37 331
37 349
37 354
37 367
37 384
37 8
37 9
37 19
37 36
37 46
37 50
37 68
37 72
37 86
37 94
37 110
37 123
37 127
37 128
37 135
37 138
37 141
37 144
37 153
37 167
37 171
37 185
37 191
37 237
38 208
38 209
38 215
38 222
38 226
38 232
38 246
38 267
38 269
38 289
38 290
38 293
38 316
38 328
38 331
38 360
38 382
38 385
38 395
38 2
38 8
38 14
38 16
38 28
38 68
38 85
38 105
38 110
38 137
38 144
38 154
38 159
38 173
38 181
38 183
38 185
38 197
38 238
39 204
39 207
39 229
39 230
39 238
39 244
39 245
39 273
39 280
39 336
39 348
39 354
39 390
39 0
39 4
39 25
39 29
39 33
39 49
39 52
39 86
39 96
39 107
39 120
39 131
39 154
39 160
39 166
39 175
39 186
39 194
39 239
40 207
40 208
40 227
40 230
40 248
40 263
40 267
40 271
40 287
40 297
40 316
40 328
40 336
40 354
40 358
40 361
40 362
40 379
40 14
40 19
40 25
40 33
40 50
40 58
40 69
40 71
40 74
40 96
40 101
40 120
40 121
40 144
40 148
40 152
40 167
40 168
40 171
40 172
40 178
40 194
40 240
41 212
41 247
41 248
41 249
41 257
41 260
41 289
41 311
41 326
41 327
41 376
41 384
41 1
41 8
41 17
41 26
41 27
41 43
41 51
41 55
41 72
41 79
41 81
41 87
41 89
41 93
41 94
41 99
41 105
41 107
41 135
41 138
41 143
41 148
41 195
41 197
41 199
41 241
42 201
42 212
42 228
42 234
42 243
42 248
42 256
42 262
42 273
42 305
42 316
42 326
42 353
42 354
42 365
42 388
42 391
42 397
42 1
42 22
42 36
42 54
42 62
42 74
42 85
42 87
42 96
42 102
42 120
42 123
42 124
42 127
42 128
42 145
42 148
42 153
42 157
42 172
42 174
42 186
42 187
42 189
42 242
43 222
43 230
43 252
43 271
43 285
43 294
43 311
43 355
43 360
43 381
43 383
43 390
43 398
43 4
43 7
43 13
43 28
43 41
43 50
43 61
43 65
43 70
43 73
43 74
43 77
43 84
43 127
43 137
43 150
43 159
43 160
43 161
43 181
43 243
44 212
44 213
44 219
44 238
44 261
44 268
44 282
44 309
44 326
44 368
44 385
44 393
44 12
44 28
44 29
44 60
44 70
44 87
44 88
44 92
44 95
44 100
44 104
44 109
44 119
44 131
44 153
44 162
44 183
44 198
44 244
45 207
45 223
45 224
45 227
45 230
45 235
45 241
45 248
45 271
45 279
45 283
45 284
45 297
45 310
45 319
45 342
45 347
45 365
45 9
45 13
45 29
45 53
45 61
45 67
45 68
45 78
45 91
45 93
45 96
45 120
45 136
45 156
45 162
45 171
45 180
45 181
45 186
45 195
45 245
46 202
46 208
46 211
46 213
46 248
46 257
46 267
46 271
46 273
46 274
46 275
46 278
46 297
46 313
46 317
46 321
46 324
46 336
46 342
46 356
46 366
46 381
46 396
46 13
46 14
46 25
46 37
46 50
46 51
46 56
46 59
46 63
46 64
46 66
46 80
46 90
46 92
46 96
46 105
46 119
46 130
46 137
46 147
46 148
46 150
46 164
46 179
46 187
46 246
47 220
47 221
47 230
47 254
47 262
47 265
47 267
47 273
47 292
47 313
47 322
47 354
47 360
47 370
47 382
47 390
47 5
47 34
47 54
47 55
47 58
47 62
47 78
47 82
47 85
47 90
47 94
47 114
47 173
47 247
48 203
48 227
48 244
48 267
48 277
48 290
48 301
48 306
48 315
48 316
48 331
48 336
48 359
48 368
48 382
48 398
48 0
48 21
48 26
48 34
48 81
48 87
48 88
48 90
48 91
48 92
48 112
48 114
48 132
48 133
48 138
48 146
48 182
48 188
48 192
48 248
49 213
49 214
49 220
49 222
49 228
49 234
49 235
49 247
49 281
49 287
49 300
49 310
49 326
49 337
49 353
49 374
49 3
49 9
49 11
49 27
49 39
49 52
49 58
49 62
49 77
49 86
49 91
49 124
49 125
49 131
49 155
49 196
49 198
49 249
50 206
50 211
50 219
50 227
50 232
50 241
50 259
50 289
50 309
50 313
50 319
50 331
50 347
50 350
50 364
50 377
50 379
50 385
50 15
50 24
50 29
50 32
50 35
50 37
50 40
50 43
50 46
50 58
50 80
50 94
50 112
50 136
50 148
50 165
50 183
50 196
50 250
51 203
51 218
51 233
51 238
51 253
51 256
51 259
51 267
51 269
51 297
51 321
51 328
51 329
51 340
51 348
51 355
51 364
51 367
51 369
51 384
51 387
51 3
51 6
51 8
51 12
51 13
51 21
51 22
51 31
51 41
51 46
51 61
51 67
51 75
51 88
51 97
51 101
51 104
51 110
51 116
51 136
51 145
51 153
51 179
51 181
51 184
51 251
52 201
52 209
52 212
52 216
52 223
52 233
52 240
52 241
52 248
52 253
52 292
52 318
52 333
52 340
52 362
52 373
52 388
52 397
52 27
52 34
52 39
52 49
52 53
52 54
52 60
52 151
52 158
52 175
52 252
53 224
53 245
53 260
53 263
53 272
53 274
53 280
53 282
53 293
53 296
53 300
53 303
53 305
53 312
53 318
53 330
53 353
53 365
53 391
53 15
53 45
53 52
53 56
53 60
53 84
53 95
53 96
53 119
53 125
53 128
53 129
53 132
53 159
53 178
53 181
53 182
53 194
53 199
53 253
54 209
54 234
54 260
54 283
54 285
54 290
54 294
54 308
54 310
54 322
54 339
54 347
54 360
54 2
54 5
54 11
54 42
54 47
54 52
54 55
54 61
54 69
54 108
54 109
54 111
54 116
54 138
54 143
54 153
54 163
54 176
54 178
54 196
54 254
55 225
55 236
55 255
55 285
55 299
55 304
55 311
55 325
55 333
55 347
55 352
55 376
55 393
55 9
55 10
55 13
55 29
55 34
55 41
55 47
55 54
55 61
55 92
55 102
55 104
55 116
55 146
55 168
55 196
55 197
55 199
56 216
56 261
56 267
56 280
56 284
56 296
56 328
56 342
56 343
56 344
56 345
56 350
56 365
56 381
56 386
56 394
56 4
56 6
56 16
56 17
56 46
56 53
56 67
56 69
56 78
56 79
56 82
56 87
56 89
56 99
56 123
56 128
56 135
56 136
56 142
56 156
56 163
56 177
56 191
56 256
57 243
57 254
57 256
57 278
57 289
57 293
57 301
57 306
57 383
57 387
57 388
57 26
57 36
57 58
57 73
57 83
57 101
57 104
57 109
57 110
57 111
57 113
57 115
57 125
57 135
57 148
57 164
57 190
57 257
58 219
58 241
58 244
58 250
58 258
58 265
58 274
58 320
58 321
58 327
58 346
58 351
58 374
58 375
58 391
58 14
58 30
58 40
58 47
58 49
58 50
58 57
58 65
58 77
58 80
58 93
58 96
58 103
58 107
58 109
58 113
58 121
58 124
58 127
58 149
58 152
58 153
58 171
58 172
58 180
58 197
59 205
59 210
59 216
59 247
59 250
59 251
59 253
59 282
59 289
59 299
59 308
59 328
59 354
59 355
59 359
59 398
59 1
59 18
59 29
59 34
59 46
59 61
59 65
59 68
59 71
59 89
59 105
59 111
59 116
59 134
59 135
59 137
59 138
59 172
59 173
59 174
59 180
59 188
59 199
59 259
60 207
60 218
60 221
60 233
60 244
60 253
60 282
60 285
60 289
60 294
60 308
60 310
60 319
60 323
60 340
60 367
60 372
60 375
60 387
60 2
60 11
60 17
60 21
60 32
60 44
60 52
60 53
60 69
60 76
60 81
60 86
60 89
60 91
60 95
60 96
60 114
60 125
60 164
60 169
60 176
60 181
60 188
60 190
60 197
60 260
61 209
61 213
61 216
61 233
61 234
61 238
61 249
61 259
61 260
61 269
61 289
61 306
61 314
61 315
61 320
61 330
61 334
61 353
61 388
61 392
61 1
61 13
61 18
61 28
61 36
61 43
61 45
61 51
61 54
61 55
61 59
61 65
61 69
61 80
61 95
61 107
61 142
61 148
61 149
61 163
61 167
61 177
61 180
61 187
61 261
62 203
62 218
62 248
62 289
62 301
62 330
62 336
62 351
62 355
62 368
62 370
62 386
62 390
62 391
62 4
62 42
62 47
62 49
62 65
62 73
62 75
62 80
62 87
62 88
62 105
62 111
62 131
62 132
62 144
62 149
62 162
62 171
62 178
62 184
62 262
63 210
63 214
63 217
63 236
63 279
63 284
63 328
63 339
63 340
63 343
63 346
63 352
63 368
63 1
63 2
63 18
63 21
63 30
63 46
63 73
63 74
63 83
63 98
63 101
63 115
63 121
63 130
63 157
63 181
63 189
63 199
63 263
64 200
64 249
64 265
64 271
64 273
64 287
64 326
64 330
64 347
64 367
64 370
64 394
64 0
64 1
64 16
64 34
64 46
64 83
64 106
64 111
64 113
64 114
64 118
64 140
64 154
64 159
64 163
64 177
64 264
65 222
65 226
65 255
65 290
65 306
65 308
65 310
65 324
65 327
65 333
65 344
65 351
65 353
65 357
65 363
65 370
65 374
65 397
65 1
65 6
65 9
65 13
65 19
65 31
65 43
65 58
65 59
65 61
65 62
65 76
65 78
65 82
65 98
65 101
65 109
65 110
65 117
65 130
65 131
65 154
65 157
65 172
65 184
65 189
65 191
65 197
65 265
66 205
66 210
66 218
66 223
66 273
66 277
66 297
66 304
66 306
66 307
66 322
66 334
66 346
66 349
66 351
66 364
66 392
66 394
66 1
66 12
66 16
66 26
66 30
66 31
66 46
66 74
66 82
66 84
66 97
66 98
66 100
66 105
66 123
66 134
66 162
66 174
66 176
66 193
66 266
67 203
67 205
67 210
67 212
67 220
67 231
67 244
67 292
67 294
67 314
67 319
67 324
67 326
67 330
67 331
67 346
67 364
67 379
67 389
67 397
67 8
67 17
67 33
67 35
67 45
67 51
67 56
67 84
67 87
67 105
67 109
67 114
67 137
67 148
67 164
67 165
67 167
67 169
67 191
67 267
68 200
68 201
68 225
68 241
68 246
68 256
68 263
68 271
68 276
68 289
68 293
68 304
68 311
68 319
68 330
68 334
68 362
68 365
68 374
68 376
68 378
68 380
68 388
68 391
68 15
68 24
68 35
68 37
68 38
68 45
68 59
68 76
68 82
68 92
68 102
68 110
68 113
68 122
68 129
68 158
68 159
68 171
68 182
68 268
69 203
69 226
69 260
69 263
69 298
69 304
69 309
69 311
69 313
69 315
69 342
69 388
69 21
69 30
69 40
69 54
69 56
69 60
69 61
69 70
69 77
69 95
69 114
69 115
69 125
69 127
69 129
69 136
69 137
69 158
69 175
69 269
70 213
70 218
70 240
70 243
70 245
70 277
70 280
70 321
70 328
70 346
70 372
70 376
70 380
70 385
70 386
70 396
70 8
70 9
70 20
70 24
70 33
70 43
70 44
70 69
70 89
70 90
70 119
70 159
70 166
70 185
70 270
71 214
71 232
71 247
71 255
71 275
71 276
71 278
71 280
71 300
71 305
71 315
71 321
71 387
71 395
71 2
71 10
71 16
71 30
71 31
71 36
71 40
71 59
71 85
71 88
71 98
71 112
71 118
71 122
71 124
71 171
71 182
71 271
72 229
72 240
72 241
72 267
72 274
72 283
72 296
72 313
72 345
72 346
72 355
72 361
72 368
72 370
72 19
72 22
72 37
72 41
72 73
72 83
72 89
72 102
72 123
72 128
72 129
72 140
72 141
72 146
72 147
72 174
72 180
72 181
72 187
72 272
73 206
73 207
73 218
73 224
73 229
73 232
73 239
73 257
73 260
73 261
73 263
73 273
73 291
73 300
73 327
73 335
73 336
73 337
73 338
73 361
73 0
73 10
73 17
73 29
73 43
73 57
73 62
73 63
73 72
73 83
73 102
73 132
73 137
73 142
73 150
73 152
73 168
73 183
73 193
74 200
74 206
74 209
74 259
74 270
74 274
74 306
74 327
74 328
74 332
74 344
74 350
74 353
74 359
74 385
74 6
74 12
74 20
74 30
74 40
74 42
74 43
74 63
74 66
74 76
74 77
74 104
74 138
74 146
74 147
74 154
74 155
74 174
74 175
74 177
74 178
74 187
74 194
75 218
75 227
75 234
75 256
75 257
75 267
75 292
75 293
75 317
75 352
75 355
75 356
75 367
75 376
75 381
75 31
75 33
75 34
75 51
75 62
75 79
75 82
75 104
75 108
75 114
75 157
75 167
75 192
75 275
76 226
76 235
76 240
76 272
76 276
76 296
76 300
76 316
76 340
76 343
76 352
76 362
76 367
76 380
76 381
76 383
76 394
76 396
76 0
76 20
76 23
76 60
76 65
76 68
76 74
76 89
76 93
76 105
76 115
76 128
76 138
76 143
76 152
76 159
76 163
76 164
76 170
76 178
76 181
76 186
76 191
76 193
76 194
77 219
77 225
77 266
77 270
77 280
77 293
77 310
77 342
77 364
77 372
77 384
77 391
77 394
77 28
77 43
77 49
77 58
77 69
77 74
77 110
77 121
77 135
77 145
77 147
77 154
77 156
77 158
77 178
77 185
77 277
78 220
78 239
78 242
78 257
78 258
78 270
78 273
78 282
78 298
78 320
78 329
78 346
78 347
78 367
78 390
78 394
78 27
78 36
78 45
78 47
78 56
78 65
78 81
78 86
78 87
78 90
78 107
78 110
78 121
78 130
78 138
78 148
78 152
78 166
78 278
79 216
79 221
79 282
79 290
79 304
79 305
79 312
79 327
79 370
79 376
79 382
79 5
79 24
79 35
79 41
79 56
79 75
79 110
79 137
79 142
79 147
79 148
79 153
79 163
79 166
79 169
79 172
79 174
79 185
79 279
80 210
80 214
80 220
80 229
80 238
80 256
80 281
80 286
80 298
80 306
80 307
80 339
80 352
80 372
80 373
80 375
80 377
80 392
80 398
80 6
80 9
80 17
80 25
80 35
80 46
80 50
80 58
80 61
80 62
80 93
80 101
80 118
80 137
80 153
80 157
80 170
80 174
80 175
80 176
80 180
80 197
80 280
81 227
81 238
81 259
81 277
81 282
81 297
81 304
81 319
81 331
81 336
81 339
81 363
81 377
81 382
81 385
81 389
81 2
81 17
81 26
81 41
81 48
81 60
81 78
81 90
81 102
81 109
81 115
81 134
81 137
81 140
81 167
81 169
81 178
81 185
81 189
81 195
81 196
81 281
82 200
82 211
82 247
82 259
82 268
82 277
82 294
82 309
82 331
82 333
82 340
82 346
82 353
82 380
82 383
82 386
82 392
82 393
82 0
82 7
82 8
82 47
82 56
82 65
82 66
82 68
82 75
82 95
82 100
82 113
82 115
82 117
82 136
82 138
82 141
82 144
82 148
82 152
82 159
82 161
82 170
82 194
82 282
83 219
83 226
83 234
83 305
83 316
83 319
83 334
83 339
83 343
83 354
83 19
83 57
83 63
83 64
83 72
83 73
83 91
83 97
83 132
83 140
83 146
83 151
83 155
83 167
83 176
83 177
83 283
84 201
84 204
84 207
84 216
84 226
84 229
84 233
84 247
84 266
84 282
84 293
84 309
84 330
84 334
84 339
84 352
84 366
84 372
84 387
84 389
84 1
84 2
84 7
84 43
84 53
84 66
84 67
84 93
84 98
84 122
84 151
84 162
84 166
84 170
84 176
84 185
84 284
85 217
85 222
85 266
85 272
85 284
85 300
85 303
85 310
85 345
85 366
85 395
85 20
85 23
85 38
85 42
85 47
85 71
85 105
85 106
85 115
85 122
85 138
85 175
85 180
85 196
85 285
86 207
86 212
86 221
86 224
86 232
86 241
86 247
86 253
86 254
86 256
86 259
86 335
86 340
86 342
86 366
86 389
86 390
86 399
86 2
86 9
86 12
86 21
86 25
86 37
86 39
86 49
86 60
86 78
86 91
86 93
86 97
86 104
86 107
86 118
86 121
86 124
86 141
86 145
86 157
86 158
86 166
86 286
87 214
87 222
87 225
87 288
87 302
87 320
87 341
87 381
87 386
87 41
87 42
87 44
87 48
87 56
87 62
87 67
87 78
87 88
87 103
87 113
87 119
87 127
87 164
87 175
87 177
87 184
87 191
87 195
87 287
88 225
88 230
88 247
88 269
88 286
88 289
88 296
88 320
88 325
88 337
88 342
88 345
88 348
88 351
88 394
88 17
88 29
88 44
88 48
88 51
88 62
88 71
88 87
88 99
88 100
88 117
88 118
88 141
88 142
88 143
88 190
88 288
89 204
89 208
89 221
89 223
89 241
89 274
89 285
89 286
89 293
89 295
89 307
89 313
89 320
89 335
89 338
89 342
89 348
89 360
89 361
89 368
89 382
89 4
89 11
89 33
89 34
89 36
89 41
89 56
89 59
89 60
89 70
89 72
89 76
89 90
89 94
89 102
89 106
89 115
89 137
89 142
89 160
89 164
89 179
89 183
89 193
89 289
90 201
90 207
90 208
90 251
90 255
90 260
90 264
90 319
90 329
90 351
90 359
90 371
90 387
90 392
90 16
90 27
90 34
90 46
90 47
90 48
90 70
90 78
90 81
90 89
90 95
90 121
90 126
90 143
90 153
90 165
90 168
90 176
90 183
90 190
90 290
91 222
91 228
91 230
91 232
91 236
91 256
91 286
91 314
91 317
91 321
91 335
91 365
91 369
91 7
91 8
91 45
91 48
91 49
91 60
91 83
91 86
91 140
91 153
91 161
91 176
91 189
91 194
91 291
92 208
92 224
92 231
92 234
92 274
92 278
92 302
92 304
92 327
92 332
92 341
92 345
92 352
92 355
92 357
92 366
92 367
92 381
92 28
92 34
92 36
92 44
92 46
92 48
92 55
92 68
92 98
92 104
92 112
92 117
92 118
92 127
92 131
92 137
92 141
92 144
92 146
92 162
92 163
92 164
92 172
92 176
92 181
92 184
92 292
93 201
93 203
93 207
93 210
93 221
93 234
93 258
93 262
93 276
93 285
93 303
93 306
93 307
93 311
93 348
93 354
93 368
93 2
93 10
93 35
93 41
93 45
93 58
93 76
93 80
93 84
93 86
93 97
93 115
93 116
93 131
93 135
93 146
93 162
93 170
93 172
93 184
93 185
93 199
93 293
94 202
94 253
94 256
94 260
94 277
94 289
94 291
94 321
94 335
94 366
94 373
94 10
94 34
94 37
94 41
94 47
94 50
94 89
94 99
94 118
94 124
94 134
94 136
94 161
94 165
94 183
94 294
95 203
95 214
95 219
95 221
95 242
95 247
95 251
95 257
95 277
95 289
95 297
95 304
95 306
95 307
95 308
95 339
95 381
95 386
95 388
95 397
95 1
95 13
95 44
95 53
95 60
95 61
95 69
95 82
95 90
95 99
95 101
95 118
95 149
95 153
95 165
95 167
95 177
95 179
95 180
95 188
95 190
95 195
95 295
96 209
96 216
96 218
96 245
96 254
96 268
96 286
96 287
96 291
96 295
96 314
96 336
96 378
96 395
96 18
96 23
96 30
96 39
96 40
96 42
96 45
96 46
96 53
96 58
96 60
96 113
96 116
96 121
96 137
96 141
96 144
96 148
96 163
96 170
96 179
96 184
96 191
96 296
97 223
97 227
97 231
97 246
97 249
97 250
97 253
97 255
97 266
97 275
97 300
97 303
97 312
97 337
97 338
97 351
97 361
97 380
97 1
97 9
97 18
97 20
97 51
97 66
97 83
97 86
97 93
97 100
97 107
97 113
97 123
97 133
97 167
97 175
97 189
97 297
98 233
98 241
98 254
98 288
98 296
98 298
98 306
98 307
98 334
98 336
98 337
98 355
98 366
98 374
98 376
98 382
98 384
98 388
98 391
98 393
98 63
98 65
98 66
98 71
98 84
98 92
98 125
98 132
98 141
98 149
98 158
98 159
98 160
98 192
99 210
99 211
99 236
99 240
99 259
99 264
99 267
99 279
99 288
99 290
99 327
99 341
99 352
99 369
99 378
99 0
99 7
99 10
99 19
99 24
99 41
99 56
99 88
99 94
99 95
99 102
99 136
99 141
99 146
99 163
99 179
99 190
99 193
99 299
100 201
100 225
100 237
100 242
100 251
100 274
100 279
100 283
100 285
100 308
100 316
100 317
100 327
100 374
100 377
100 7
100 23
100 25
100 44
100 66
100 82
100 88
100 97
100 101
100 105
100 111
100 115
100 130
100 132
100 144
100 151
100 157
100 175
100 177
100 179
100 184
100 188
100 191
100 198
100 300
101 202
101 257
101 261
101 262
101 265
101 286
101 302
101 314
101 317
101 322
101 336
101 355
101 361
101 365
101 373
101 375
101 3
101 22
101 23
101 25
101 26
101 29
101 40
101 51
101 57
101 63
101 65
101 80
101 95
101 100
101 103
101 104
101 178
101 186
101 301
102 202
102 207
102 212
102 213
102 239
102 251
102 253
102 257
102 268
102 308
102 311
102 316
102 325
102 336
102 347
102 374
102 379
102 381
102 392
102 3
102 22
102 23
102 30
102 42
102 55
102 68
102 72
102 73
102 81
102 89
102 99
102 108
102 116
102 121
102 129
102 131
102 145
102 146
102 147
102 171
102 173
102 188
102 302
103 229
103 234
103 235
103 261
103 267
103 328
103 329
103 340
103 343
103 398
103 399
103 1
103 9
103 58
103 87
103 101
103 105
103 110
103 114
103 116
103 125
103 126
103 132
103 134
103 140
103 153
103 156
103 190
103 303
104 208
104 210
104 211
104 213
104 220
104 225
104 240
104 261
104 264
104 277
104 303
104 319
104 336
104 358
104 372
104 377
104 0
104 3
104 8
104 26
104 28
104 31
104 33
104 44
104 51
104 55
104 57
104 74
104 75
104 86
104 92
104 101
104 109
104 111
104 117
104 119
104 121
104 137
104 145
104 150
104 159
104 162
104 170
104 184
104 185
104 191
104 193
104 304
105 204
105 211
105 217
105 238
105 242
105 243
105 244
105 248
105 254
105 255
105 279
105 286
105 318
105 322
105 323
105 341
105 351
105 367
105 371
105 382
105 384
105 387
105 395
105 29
105 30
105 35
105 38
105 41
105 46
105 59
105 62
105 66
105 67
105 76
105 85
105 100
105 103
105 107
105 116
105 125
105 128
105 142
105 144
105 146
105 169
105 172
105 175
105 181
105 189
105 190
105 191
105 195
105 305
106 207
106 210
106 212
106 242
106 246
106 247
106 286
106 296
106 309
106 313
106 367
106 8
106 28
106 36
106 64
106 85
106 89
106 107
106 110
106 125
106 132
106 135
106 159
106 168
106 171
106 191
106 193
106 198
106 199
106 306
107 212
107 213
107 231
107 247
107 248
107 273
107 284
107 286
107 295
107 306
107 308
107 320
107 359
107 395
107 14
107 18
107 25
107 35
107 39
107 41
107 58
107 61
107 78
107 86
107 97
107 105
107 106
107 110
107 126
107 127
107 131
107 135
107 138
107 143
107 155
107 169
107 171
107 188
107 307
108 203
108 252
108 260
108 276
108 302
108 306
108 321
108 346
108 354
108 5
108 20
108 22
108 54
108 75
108 102
108 116
108 123
108 129
108 139
108 155
108 156
108 159
108 168
108 174
108 190
108 308
109 212
109 216
109 217
109 219
109 240
109 244
109 260
109 262
109 264
109 270
109 295
109 304
109 319
109 344
109 357
109 373
109 376
109 399
109 6
109 13
109 17
109 28
109 44
109 54
109 57
109 58
109 65
109 67
109 81
109 104
109 118
109 127
109 130
109 146
109 175
109 181
109 184
109 190
109 193
109 309
110 205
110 228
110 230
110 232
110 254
110 266
110 276
110 280
110 284
110 298
110 301
110 356
110 367
110 370
110 376
110 393
110 2
110 6
110 37
110 38
110 51
110 57
110 65
110 68
110 77
110 78
110 79
110 103
110 106
110 107
110 111
110 115
110 121
110 136
110 147
110 160
110 162
110 177
110 190
110 196
110 310
111 201
111 211
111 216
111 236
111 243
111 249
111 254
111 256
111 273
111 297
111 298
111 309
111 320
111 370
111 11
111 19
111 54
111 57
111 59
111 62
111 64
111 100
111 104
111 110
111 124
111 131
111 134
111 138
111 151
111 168
111 195
111 198
111 311
112 208
112 213
112 215
112 269
112 271
112 280
112 294
112 318
112 329
112 337
112 347
112 362
112 364
112 395
112 12
112 15
112 48
112 50
112 71
112 92
112 113
112 121
112 125
112 128
112 131
112 135
112 142
112 146
112 147
112 148
112 153
112 167
112 170
112 182
112 184
112 194
112 312
113 205
113 207
113 230
113 236
113 249
113 254
113 278
113 285
113 292
113 302
113 313
113 319
113 335
113 355
113 358
113 373
113 396
113 399
113 6
113 14
113 20
113 22
113 57
113 58
113 64
113 68
113 82
113 87
113 96
113 97
113 112
113 114
113 119
113 133
113 137
113 144
113 168
113 179
113 185
113 189
114 230
114 255
114 267
114 271
114 292
114 309
114 321
114 350
114 364
114 376
114 380
114 397
114 1
114 2
114 17
114 25
114 27
114 31
114 32
114 47
114 48
114 60
114 64
114 67
114 69
114 75
114 103
114 113
114 118
114 121
114 133
114 136
114 155
114 164
114 188
114 314
115 202
115 240
115 241
115 253
115 254
115 258
115 280
115 283
115 293
115 308
115 369
115 380
115 388
115 11
115 20
115 26
115 57
115 63
115 69
115 76
115 81
115 82
115 85
115 89
115 93
115 100
115 110
115 125
115 126
115 157
115 158
115 162
115 163
115 167
115 172
115 184
115 198
115 315
116 205
116 212
116 220
116 223
116 227
116 230
116 272
116 290
116 297
116 301
116 304
116 311
116 331
116 357
116 11
116 12
116 20
116 22
116 30
116 51
116 54
116 55
116 59
116 93
116 96
116 102
116 103
116 105
116 108
116 124
116 127
116 150
116 151
116 168
116 178
116 195
116 196
116 316
117 205
117 232
117 236
117 239
117 243
117 250
117 259
117 284
117 287
117 290
117 294
117 317
117 336
117 340
117 342
117 347
117 355
117 360
117 377
117 378
117 381
117 393
117 3
117 17
117 65
117 82
117 88
117 92
117 104
117 120
117 127
117 132
117 136
117 145
117 178
117 180
117 182
117 186
117 192
118 201
118 218
118 220
118 232
118 247
118 265
118 283
118 298
118 368
118 370
118 371
118 380
118 387
118 395
118 396
118 1
118 4
118 9
118 10
118 11
118 27
118 64
118 71
118 80
118 86
118 88
118 92
118 94
118 95
118 109
118 114
118 121
118 122
118 126
118 134
118 145
118 172
118 186
118 190
118 318
119 200
119 201
119 208
119 211
119 254
119 265
119 278
119 309
119 311
119 319
119 351
119 353
119 376
119 0
119 4
119 13
119 17
119 25
119 27
119 44
119 46
119 53
119 70
119 87
119 104
119 113
119 130
119 137
119 154
119 177
119 197
119 199
120 200
120 206
120 207
120 242
120 245
120 249
120 250
120 262
120 274
120 279
120 287
120 299
120 314
120 322
120 325
120 346
120 347
120 365
120 367
120 372
120 378
120 379
120 389
120 392
120 394
120 10
120 39
120 40
120 42
120 45
120 117
120 122
120 123
120 144
120 171
120 197
120 198
120 320
121 213
121 225
121 246
121 252
121 259
121 269
121 283
121 287
121 300
121 306
121 308
121 320
121 323
121 363
121 364
121 14
121 24
121 34
121 36
121 40
121 58
121 63
121 77
121 78
121 86
121 90
121 96
121 102
121 104
121 110
121 112
121 114
121 118
121 129
121 130
121 131
121 133
121 164
121 174
121 175
121 176
121 185
121 189
121 321
122 200
122 202
122 238
122 252
122 254
122 261
122 276
122 302
122 358
122 384
122 387
122 0
122 11
122 18
122 35
122 68
122 71
122 84
122 85
122 118
122 120
122 124
122 128
122 132
122 142
122 145
122 150
122 151
122 153
122 154
122 156
122 159
122 164
122 183
122 194
122 322
123 203
123 222
123 242
123 259
123 276
123 281
123 302
123 304
123 307
123 316
123 345
123 359
123 366
123 371
123 395
123 3
123 5
123 6
123 24
123 30
123 37
123 42
123 56
123 66
123 72
123 97
123 108
123 120
123 126
123 127
123 128
123 160
123 162
123 182
123 187
123 195
123 198
123 323
124 211
124 236
124 305
124 306
124 323
124 376
124 389
124 0
124 42
124 49
124 58
124 71
124 86
124 94
124 111
124 116
124 122
124 129
124 133
124 147
124 158
124 164
124 189
124 191
124 195
124 324
125 229
125 235
125 241
125 245
125 276
125 345
125 358
125 377
125 382
125 387
125 389
125 394
125 395
125 11
125 19
125 28
125 49
125 53
125 57
125 60
125 69
125 98
125 103
125 105
125 106
125 112
125 115
125 128
125 152
125 175
125 176
125 183
125 198
125 325
126 211
126 247
126 256
126 264
126 273
126 287
126 306
126 315
126 318
126 326
126 332
126 334
126 337
126 338
126 339
126 355
126 397
126 399
126 5
126 6
126 20
126 90
126 103
126 107
126 115
126 118
126 123
126 141
126 179
126 180
126 192
126 197
127 246
127 259
127 261
127 269
127 285
127 287
127 308
127 309
127 313
127 316
127 326
127 332
127 345
127 354
127 357
127 368
127 373
127 382
127 14
127 17
127 36
127 37
127 42
127 43
127 58
127 69
127 87
127 92
127 107
127 109
127 116
127 117
127 123
127 130
127 132
127 135
127 138
127 147
127 162
127 172
127 181
127 183
127 185
127 186
127 188
127 198
127 327
128 210
128 222
128 226
128 235
128 260
128 270
128 293
128 309
128 329
128 352
128 353
128 364
128 365
128 369
128 386
128 388
128 14
128 17
128 19
128 27
128 37
128 42
128 53
128 56
128 72
128 76
128 105
128 112
128 122
128 123
128 125
128 131
128 133
128 136
128 163
128 188
128 197
128 328
129 207
129 216
129 226
129 234
129 247
129 252
129 254
129 278
129 289
129 298
129 299
129 315
129 317
129 320
129 334
129 336
129 347
129 357
129 372
129 14
129 53
129 68
129 69
129 72
129 102
129 108
129 121
129 124
129 131
129 135
129 136
129 139
129 145
129 158
129 161
129 182
129 186
129 188
129 195
129 329
130 209
130 212
130 224
130 230
130 236
130 250
130 251
130 287
130 315
130 316
130 321
130 322
130 375
130 7
130 21
130 46
130 63
130 65
130 78
130 100
130 109
130 119
130 121
130 127
130 133
130 140
130 142
130 187
130 193
130 194
130 195
130 199
130 330
131 204
131 225
131 227
131 228
131 242
131 244
131 248
131 255
131 261
131 268
131 281
131 295
131 305
131 329
131 337
131 349
131 365
131 368
131 371
131 391
131 396
131 398
131 6
131 9
131 13
131 23
131 29
131 39
131 44
131 49
131 62
131 65
131 92
131 93
131 102
131 107
131 111
131 112
131 121
131 128
131 129
131 148
131 168
131 179
131 191
131 195
131 331
132 201
132 212
132 232
132 243
132 258
132 272
132 275
132 278
132 292
132 302
132 308
132 314
132 320
132 323
132 324
132 328
132 337
132 350
132 359
132 364
132 367
132 370
132 383
132 386
132 397
132 13
132 14
132 27
132 48
132 53
132 62
132 73
132 83
132 98
132 100
132 103
132 106
132 117
132 122
132 127
132 137
132 140
132 152
132 164
132 186
132 332
133 212
133 213
133 222
133 235
133 239
133 249
133 252
133 270
133 276
133 297
133 301
133 315
133 320
133 326
133 337
133 353
133 355
133 376
133 2
133 9
133 10
133 17
133 18
133 31
133 48
133 97
133 113
133 114
133 121
133 124
133 128
133 130
133 167
133 179
133 187
133 333
134 202
134 203
134 258
134 280
134 282
134 286
134 294
134 296
134 301
134 320
134 335
134 336
134 346
134 348
134 371
134 4
134 11
134 17
134 36
134 59
134 66
134 81
134 94
134 103
134 111
134 118
134 137
134 156
134 168
134 187
134 195
134 334
135 222
135 249
135 262
135 270
135 275
135 291
135 298
135 301
135 302
135 323
135 325
135 329
135 358
135 379
135 384
135 1
135 11
135 28
135 36
135 37
135 41
135 56
135 57
135 59
135 77
135 93
135 106
135 107
135 112
135 127
135 129
135 142
135 160
135 164
135 185
135 193
135 335
136 208
136 213
136 229
136 248
136 260
136 261
136 266
136 284
136 293
136 309
136 317
136 332
136 345
136 351
136 353
136 374
136 377
136 390
136 399
136 4
136 12
136 14
136 25
136 45
136 50
136 51
136 56
136 69
136 82
136 94
136 99
136 110
136 114
136 117
136 128
136 129
136 145
136 146
136 148
136 160
136 196
136 197
136 336
137 239
137 274
137 285
137 300
137 306
137 308
137 320
137 332
137 351
137 361
137 378
137 399
137 13
137 18
137 38
137 43
137 46
137 59
137 67
137 69
137 73
137 79
137 80
137 81
137 89
137 92
137 96
137 104
137 113
137 119
137 132
137 134
137 143
137 148
137 162
137 165
137 173
137 195
137 337
138 205
138 215
138 218
138 228
138 232
138 249
138 258
138 265
138 276
138 282
138 317
138 318
138 327
138 328
138 334
138 337
138 348
138 382
138 383
138 386
138 19
138 33
138 37
138 41
138 48
138 54
138 59
138 74
138 76
138 78
138 82
138 85
138 107
138 111
138 127
138 145
138 155
138 160
138 169
138 175
138 177
138 194
138 338
139 203
139 263
139 266
139 275
139 306
139 342
139 362
139 376
139 379
139 393
139 396
139 24
139 108
139 129
139 147
139 156
139 167
139 184
139 189
139 339
140 210
140 223
140 228
140 246
140 247
140 262
140 264
140 271
140 283
140 295
140 304
140 309
140 316
140 361
140 366
140 374
140 388
140 399
140 6
140 16
140 18
140 20
140 32
140 33
140 64
140 72
140 81
140 83
140 91
140 103
140 130
140 132
140 145
140 149
140 151
140 156
140 162
140 168
140 172
140 196
140 198
140 199
140 340
141 203
141 209
141 216
141 233
141 241
141 253
141 267
141 290
141 303
141 307
141 319
141 325
141 338
141 354
141 359
141 360
141 380
141 382
141 385
141 399
141 13
141 27
141 37
141 72
141 82
141 86
141 88
141 92
141 96
141 98
141 99
141 126
141 155
141 176
141 180
141 182
141 187
141 194
141 196
141 341
142 200
142 201
142 220
142 226
142 240
142 259
142 267
142 272
142 277
142 291
142 299
142 301
142 311
142 313
142 316
142 333
142 336
142 341
142 357
142 371
142 381
142 382
142 396
142 7
142 12
142 24
142 32
142 56
142 61
142 73
142 79
142 88
142 89
142 105
142 112
142 122
142 130
142 135
142 157
142 169
142 189
142 195
142 342
143 210
143 218
143 225
143 233
143 241
143 242
143 250
143 255
143 259
143 265
143 270
143 275
143 337
143 343
143 369
143 373
143 386
143 8
143 26
143 27
143 28
143 29
143 41
143 54
143 76
143 88
143 90
143 107
143 137
143 144
143 191
144 282
144 299
144 307
144 313
144 346
144 363
144 370
144 3
144 4
144 7
144 23
144 37
144 38
144 40
144 62
144 82
144 92
144 96
144 100
144 105
144 113
144 120
144 143
144 161
144 163
144 183
144 193
144 344
145 202
145 207
145 210
145 222
145 233
145 249
145 259
145 266
145 272
145 276
145 288
145 321
145 352
145 356
145 5
145 14
145 26
145 29
145 34
145 42
145 51
145 77
145 86
145 102
145 104
145 117
145 118
145 122
145 129
145 136
145 138
145 140
145 154
145 179
145 190
145 196
145 345
146 213
146 217
146 223
146 236
146 244
146 270
146 281
146 301
146 338
146 343
146 349
146 356
146 395
146 15
146 26
146 48
146 55
146 72
146 74
146 83
146 92
146 93
146 99
146 102
146 105
146 109
146 112
146 136
146 162
146 165
146 183
146 346
147 203
147 223
147 234
147 276
147 283
147 284
147 304
147 306
147 310
147 327
147 331
147 349
147 350
147 352
147 358
147 369
147 376
147 392
147 394
147 2
147 5
147 36
147 46
147 72
147 74
147 77
147 79
147 102
147 110
147 112
147 124
147 127
147 139
147 158
147 175
147 187
147 192
147 347
148 209
148 212
148 219
148 223
148 228
148 229
148 263
148 269
148 281
148 302
148 305
148 313
148 326
148 331
148 341
148 351
148 358
148 374
148 381
148 386
148 3
148 9
148 14
148 16
148 18
148 32
148 40
148 41
148 42
148 46
148 50
148 57
148 61
148 67
148 78
148 79
148 82
148 96
148 112
148 131
148 136
148 137
148 150
148 153
148 172
148 348
149 211
149 213
149 226
149 241
149 244
149 255
149 271
149 281
149 291
149 319
149 322
149 343
149 345
149 355
149 358
149 361
149 391
149 396
149 5
149 17
149 19
149 20
149 31
149 35
149 58
149 61
149 62
149 95
149 98
149 140
149 152
149 155
149 161
149 163
149 176
149 196
149 349
150 202
150 206
150 220
150 223
150 238
150 250
150 262
150 263
150 282
150 302
150 305
150 306
150 317
150 323
150 345
150 350
150 353
150 369
150 398
150 0
150 5
150 8
150 17
150 23
150 29
150 43
150 46
150 73
150 104
150 116
150 122
150 148
150 154
150 161
150 187
150 195
151 217
151 218
151 220
151 227
151 238
151 268
151 275
151 278
151 280
151 292
151 306
151 309
151 317
151 325
151 350
151 5
151 19
151 21
151 24
151 25
151 28
151 30
151 33
151 34
151 35
151 36
151 52
151 83
151 84
151 100
151 111
151 116
151 122
151 140
151 158
151 160
151 164
151 183
151 194
151 351
152 203
152 205
152 208
152 244
152 249
152 256
152 262
152 285
152 289
152 327
152 350
152 353
152 357
152 380
152 382
152 392
152 393
152 1
152 4
152 7
152 10
152 17
152 34
152 40
152 58
152 73
152 76
152 78
152 82
152 125
152 132
152 149
152 168
152 182
152 199
152 352
153 214
153 232
153 235
153 237
153 238
153 239
153 245
153 264
153 265
153 282
153 283
153 292
153 296
153 302
153 315
153 343
153 363
153 370
153 1
153 12
153 13
153 21
153 28
153 33
153 37
153 42
153 44
153 51
153 54
153 58
153 79
153 80
153 90
153 91
153 95
153 103
153 112
153 122
153 148
153 167
153 172
153 175
153 353
154 202
154 203
154 208
154 222
154 223
154 229
154 242
154 251
154 255
154 268
154 278
154 324
154 344
154 350
154 351
154 363
154 371
154 389
154 1
154 8
154 15
154 35
154 38
154 39
154 64
154 65
154 74
154 77
154 119
154 122
154 145
154 150
154 157
154 158
154 160
154 186
154 189
154 354
155 217
155 233
155 237
155 240
155 245
155 247
155 248
155 254
155 263
155 282
155 285
155 292
155 304
155 320
155 321
155 325
155 372
155 389
155 5
155 11
155 14
155 32
155 36
155 49
155 74
155 83
155 107
155 108
155 114
155 138
155 141
155 149
155 168
155 185
155 187
155 355
156 216
156 229
156 244
156 262
156 267
156 279
156 299
156 305
156 361
156 370
156 375
156 388
156 3
156 28
156 45
156 56
156 77
156 103
156 108
156 122
156 134
156 139
156 140
156 161
156 163
156 179
156 356
157 209
157 235
157 241
157 249
157 257
157 261
157 267
157 275
157 281
157 290
157 310
157 317
157 331
157 335
157 378
157 16
157 26
157 30
157 42
157 63
157 65
157 75
157 80
157 86
157 100
157 115
157 142
157 154
157 164
157 189
157 194
157 197
157 357
158 206
158 259
158 271
158 280
158 283
158 303
158 306
158 326
158 351
158 354
158 357
158 361
158 368
158 374
158 384
158 1
158 14
158 34
158 35
158 52
158 68
158 69
158 77
158 86
158 98
158 115
158 124
158 129
158 147
158 151
158 154
158 162
158 173
158 186
158 197
158 358
159 224
159 241
159 246
159 256
159 279
159 305
159 309
159 310
159 312
159 318
159 345
159 349
159 359
159 388
159 389
159 395
159 12
159 26
159 38
159 43
159 53
159 64
159 68
159 70
159 76
159 82
159 98
159 104
159 106
159 108
159 122
159 165
159 180
159 183
159 186
159 194
159 197
160 202
160 207
160 208
160 209
160 215
160 216
160 223
160 227
160 249
160 259
160 263
160 268
160 271
160 276
160 294
160 298
160 324
160 329
160 350
160 351
160 378
160 383
160 392
160 398
160 3
160 17
160 18
160 33
160 35
160 39
160 43
160 89
160 98
160 110
160 123
160 135
160 136
160 138
160 151
160 154
160 197
160 198
160 199
160 360
161 214
161 228
161 252
161 255
161 262
161 270
161 290
161 298
161 301
161 316
161 322
161 334
161 335
161 347
161 362
161 371
161 380
161 396
161 1
161 10
161 11
161 24
161 43
161 82
161 91
161 94
161 129
161 144
161 149
161 150
161 156
161 187
161 192
161 198
161 361
162 209
162 210
162 225
162 240
162 244
162 250
162 277
162 283
162 286
162 292
162 345
162 364
162 374
162 387
162 21
162 44
162 45
162 62
162 66
162 84
162 92
162 93
162 104
162 110
162 115
162 123
162 127
162 137
162 140
162 146
162 158
162 194
162 362
163 200
163 212
163 262
163 265
163 272
163 284
163 286
163 289
163 295
163 296
163 300
163 309
163 314
163 338
163 341
163 354
163 359
163 360
163 361
163 12
163 22
163 54
163 56
163 61
163 64
163 76
163 79
163 92
163 96
163 99
163 115
163 128
163 144
163 149
163 156
163 165
163 173
163 178
163 193
163 196
163 363
164 225
164 226
164 245
164 250
164 255
164 277
164 306
164 318
164 323
164 347
164 351
164 372
164 394
164 1
164 8
164 10
164 15
164 25
164 34
164 46
164 57
164 60
164 67
164 76
164 87
164 89
164 92
164 114
164 121
164 122
164 124
164 132
164 135
164 151
164 157
164 181
164 364
165 200
165 201
165 205
165 212
165 221
165 240
165 243
165 256
165 275
165 292
165 298
165 300
165 311
165 341
165 376
165 380
165 399
165 8
165 18
165 50
165 67
165 90
165 94
165 95
165 137
165 146
165 159
165 163
165 171
165 177
165 179
165 182
165 187
165 190
165 365
166 202
166 207
166 224
166 229
166 236
166 261
166 265
166 274
166 279
166 284
166 288
166 302
166 330
166 333
166 382
166 2
166 39
166 70
166 78
166 79
166 84
166 86
166 168
166 174
166 177
166 178
166 179
166 184
166 186
166 366
167 214
167 224
167 242
167 243
167 253
167 261
167 281
167 289
167 301
167 342
167 356
167 367
167 369
167 383
167 394
167 395
167 398
167 4
167 5
167 14
167 16
167 22
167 37
167 40
167 61
167 67
167 75
167 81
167 83
167 95
167 97
167 112
167 115
167 133
167 139
167 153
167 182
167 194
168 202
168 211
168 249
168 279
168 292
168 293
168 297
168 305
168 314
168 315
168 326
168 329
168 341
168 343
168 347
168 348
168 352
168 353
168 365
168 385
168 386
168 5
168 10
168 34
168 40
168 55
168 73
168 90
168 106
168 108
168 111
168 113
168 116
168 131
168 134
168 140
168 152
168 155
168 166
168 172
168 175
168 182
168 191
168 193
168 198
168 368
169 210
169 242
169 249
169 267
169 279
169 291
169 299
169 306
169 325
169 333
169 348
169 370
169 381
169 385
169 386
169 1
169 25
169 60
169 67
169 79
169 81
169 105
169 107
169 138
169 142
169 172
169 173
169 174
169 176
169 190
169 192
169 369
170 207
170 211
170 222
170 237
170 241
170 249
170 258
170 265
170 272
170 273
170 280
170 282
170 284
170 289
170 291
170 300
170 308
170 311
170 321
170 348
170 363
170 367
170 376
170 377
170 387
170 391
170 397
170 4
170 17
170 18
170 19
170 25
170 76
170 80
170 82
170 84
170 93
170 96
170 104
170 112
170 199
170 370
171 202
171 209
171 212
171 216
171 224
171 231
171 234
171 245
171 252
171 254
171 258
171 266
171 275
171 276
171 280
171 282
171 309
171 332
171 351
171 365
171 385
171 4
171 23
171 25
171 29
171 35
171 37
171 40
171 45
171 58
171 62
171 68
171 71
171 102
171 106
171 107
171 120
171 165
171 176
171 187
171 371
172 200
172 201
172 225
172 247
172 251
172 275
172 314
172 321
172 322
172 340
172 342
172 345
172 355
172 357
172 361
172 365
172 366
172 375
172 20
172 22
172 25
172 27
172 35
172 40
172 42
172 58
172 59
172 65
172 79
172 92
172 93
172 105
172 115
172 118
172 127
172 140
172 148
172 153
172 168
172 169
172 174
172 175
172 191
172 196
172 372
173 244
173 261
173 262
173 271
173 284
173 285
173 291
173 309
173 318
173 320
173 323
173 325
173 333
173 339
173 362
173 374
173 379
173 8
173 22
173 29
173 35
173 38
173 47
173 59
173 102
173 137
173 158
173 163
173 169
173 179
173 190
173 373
174 204
174 230
174 235
174 246
174 255
174 339
174 350
174 384
174 392
174 398
174 5
174 21
174 29
174 42
174 59
174 66
174 72
174 74
174 79
174 80
174 108
174 121
174 166
174 169
174 172
174 176
174 374
175 214
175 218
175 233
175 245
175 261
175 281
175 308
175 345
175 363
175 369
175 371
175 374
175 391
175 394
175 11
175 17
175 39
175 52
175 69
175 74
175 80
175 85
175 87
175 97
175 100
175 105
175 109
175 121
175 125
175 138
175 147
175 153
175 168
175 172
175 180
175 375
176 204
176 230
176 281
176 294
176 325
176 341
176 359
176 373
176 390
176 397
176 0
176 8
176 24
176 29
176 54
176 60
176 66
176 80
176 83
176 84
176 90
176 91
176 92
176 121
176 125
176 141
176 149
176 169
176 171
176 174
176 180
176 181
176 186
176 188
176 376
177 201
177 226
177 245
177 282
177 287
177 288
177 292
177 328
177 361
177 362
177 370
177 393
177 7
177 25
177 31
177 56
177 61
177 64
177 74
177 83
177 87
177 95
177 100
177 110
177 119
177 138
177 165
177 166
177 181
177 377
178 212
178 218
178 220
178 224
178 229
178 232
178 242
178 246
178 249
178 252
178 362
178 364
178 17
178 19
178 22
178 23
178 40
178 53
178 54
178 62
178 74
178 76
178 77
178 81
178 101
178 116
178 117
178 163
178 166
178 188
178 190
178 192
178 197
178 378
179 241
179 242
179 265
179 268
179 270
179 275
179 278
179 310
179 312
179 337
179 341
179 349
179 383
179 385
179 399
179 1
179 3
179 14
179 15
179 23
179 28
179 46
179 51
179 89
179 95
179 96
179 99
179 100
179 113
179 126
179 131
179 133
179 145
179 156
179 165
179 166
179 173
179 182
179 193
179 195
179 379
180 210
180 211
180 224
180 272
180 278
180 286
180 314
180 323
180 325
180 357
180 372
180 4
180 11
180 15
180 19
180 30
180 31
180 33
180 45
180 58
180 59
180 61
180 72
180 80
180 85
180 95
180 117
180 126
180 141
180 159
180 175
180 176
180 191
180 197
180 380
181 204
181 246
181 263
181 284
181 285
181 286
181 322
181 324
181 327
181 338
181 339
181 341
181 354
181 355
181 363
181 378
181 390
181 391
181 394
181 8
181 9
181 19
181 34
181 38
181 43
181 45
181 51
181 53
181 60
181 63
181 72
181 76
181 92
181 105
181 109
181 127
181 164
181 176
181 177
181 193
181 195
181 381
182 202
182 207
182 235
182 238
182 256
182 268
182 269
182 295
182 302
182 314
182 329
182 337
182 343
182 358
182 359
182 374
182 381
182 396
182 2
182 21
182 48
182 53
182 68
182 71
182 112
182 117
182 123
182 129
182 141
182 152
182 165
182 167
182 168
182 179
182 188
182 199
182 382
183 240
183 253
183 292
183 303
183 316
183 319
183 329
183 340
183 347
183 352
183 363
183 369
183 391
183 395
183 0
183 4
183 18
183 31
183 38
183 44
183 50
183 73
183 89
183 90
183 94
183 122
183 125
183 127
183 144
183 146
183 151
183 159
183 184
183 383
184 203
184 210
184 215
184 228
184 233
184 243
184 247
184 263
184 267
184 269
184 280
184 282
184 284
184 299
184 324
184 325
184 335
184 336
184 348
184 349
184 363
184 366
184 390
184 398
184 399
184 11
184 15
184 26
184 51
184 62
184 65
184 87
184 92
184 93
184 96
184 100
184 104
184 109
184 112
184 115
184 139
184 166
184 183
184 192
184 384
185 205
185 248
185 249
185 263
185 285
185 301
185 304
185 314
185 321
185 339
185 345
185 363
185 375
185 384
185 389
185 5
185 31
185 37
185 38
185 70
185 77
185 79
185 81
185 84
185 93
185 104
185 113
185 121
185 127
185 135
185 155
185 192
185 385
186 204
186 221
186 229
186 248
186 265
186 286
186 291
186 297
186 314
186 317
186 322
186 326
186 359
186 394
186 399
186 4
186 27
186 30
186 35
186 39
186 42
186 45
186 76
186 101
186 117
186 118
186 127
186 129
186 132
186 154
186 158
186 159
186 166
186 176
186 194
186 386
187 216
187 221
187 240
187 267
187 270
187 290
187 305
187 314
187 317
187 318
187 320
187 336
187 353
187 367
187 383
187 27
187 29
187 32
187 42
187 46
187 61
187 72
187 74
187 123
187 130
187 133
187 134
187 141
187 147
187 150
187 155
187 161
187 165
187 171
187 191
187 387
188 208
188 223
188 231
188 243
188 277
188 301
188 344
188 353
188 361
188 365
188 6
188 15
188 22
188 34
188 48
188 59
188 60
188 95
188 100
188 102
188 107
188 114
188 127
188 128
188 129
188 176
188 178
188 182
188 189
188 196
188 388
189 204
189 205
189 209
189 220
189 231
189 243
189 244
189 251
189 263
189 268
189 288
189 309
189 322
189 329
189 331
189 341
189 359
189 362
189 374
189 378
189 381
189 384
189 5
189 7
189 28
189 33
189 42
189 63
189 65
189 81
189 91
189 97
189 105
189 113
189 121
189 124
189 139
189 142
189 154
189 157
189 188
189 199
189 389
190 211
190 222
190 229
190 235
190 238
190 267
190 277
190 280
190 294
190 295
190 308
190 309
190 311
190 342
190 354
190 358
190 398
190 14
190 29
190 57
190 60
190 88
190 90
190 95
190 99
190 103
190 105
190 108
190 109
190 110
190 118
190 145
190 165
190 169
190 173
190 178
190 198
190 390
191 203
191 217
191 219
191 239
191 245
191 248
191 254
191 264
191 288
191 305
191 312
191 364
191 365
191 367
191 379
191 395
191 398
191 1
191 6
191 9
191 11
191 21
191 35
191 37
191 56
191 65
191 67
191 76
191 87
191 96
191 100
191 104
191 105
191 106
191 124
191 131
191 143
191 168
191 172
191 180
191 187
191 391
192 254
192 274
192 282
192 283
192 298
192 307
192 308
192 342
192 346
192 357
192 359
192 371
192 378
192 3
192 7
192 13
192 14
192 15
192 35
192 48
192 75
192 98
192 117
192 126
192 147
192 161
192 169
192 178
192 184
192 185
192 392
193 240
193 288
193 293
193 295
193 306
193 310
193 321
193 324
193 338
193 341
193 348
193 353
193 354
193 357
193 361
193 392
193 12
193 21
193 36
193 66
193 73
193 76
193 89
193 99
193 104
193 106
193 109
193 130
193 135
193 144
193 163
193 168
193 179
193 181
193 393
194 209
194 224
194 234
194 261
194 279
194 297
194 298
194 308
194 337
194 338
194 369
194 377
194 386
194 387
194 395
194 398
194 0
194 4
194 7
194 9
194 27
194 29
194 39
194 40
194 53
194 74
194 76
194 82
194 91
194 112
194 122
194 130
194 138
194 141
194 151
194 157
194 159
194 162
194 167
194 186
194 198
194 394
195 203
195 229
195 236
195 306
195 311
195 318
195 332
195 355
195 357
195 359
195 365
195 0
195 6
195 14
195 15
195 22
195 27
195 31
195 32
195 41
195 45
195 81
195 87
195 95
195 105
195 111
195 116
195 123
195 124
195 129
195 130
195 131
195 134
195 137
195 142
195 150
195 179
195 181
195 395
196 207
196 213
196 230
196 236
196 284
196 298
196 312
196 316
196 317
196 337
196 357
196 367
196 377
196 382
196 6
196 27
196 29
196 34
196 49
196 50
196 54
196 55
196 81
196 85
196 110
196 116
196 136
196 140
196 141
196 145
196 149
196 163
196 172
196 188
196 396
197 214
197 222
197 231
197 276
197 322
197 326
197 332
197 337
197 350
197 362
197 373
197 374
197 375
197 382
197 7
197 12
197 19
197 32
197 35
197 38
197 41
197 55
197 58
197 60
197 65
197 80
197 119
197 120
197 126
197 128
197 136
197 157
197 158
197 159
197 160
197 178
197 180
197 397
198 200
198 210
198 213
198 221
198 223
198 227
198 255
198 258
198 279
198 280
198 297
198 325
198 341
198 347
198 361
198 365
198 367
198 376
198 44
198 49
198 100
198 106
198 111
198 115
198 120
198 123
198 125
198 127
198 140
198 160
198 161
198 168
198 190
198 194
198 398
199 206
199 212
199 221
199 269
199 306
199 307
199 311
199 313
199 320
199 322
199 335
199 344
199 359
199 382
199 0
199 9
199 10
199 14
199 41
199 53
199 55
199 59
199 63
199 93
199 106
199 119
199 130
199 140
199 152
199 160
199 170
199 182
199 189
199 399
200 7
200 14
200 25
200 30
200 64
200 68
200 74
200 82
200 119
200 120
200 122
200 142
200 163
200 165
200 172
200 198
200 0
201 6
201 37
201 42
201 52
201 68
201 84
201 90
201 93
201 100
201 111
201 118
201 119
201 132
201 142
201 165
201 172
201 177
201 1
202 11
202 24
202 37
202 46
202 94
202 101
202 102
202 115
202 122
202 134
202 145
202 150
202 154
202 160
202 166
202 168
202 171
202 182
202 2
203 32
203 48
203 51
203 62
203 67
203 69
203 93
203 95
203 108
203 123
203 134
203 139
203 141
203 147
203 152
203 154
203 184
203 191
203 195
203 3
204 14
204 24
204 27
204 34
204 37
204 39
204 84
204 89
204 105
204 131
204 174
204 176
204 181
204 186
204 189
204 4
205 11
205 28
205 33
205 59
205 66
205 67
205 110
205 113
205 116
205 117
205 138
205 152
205 165
205 185
205 189
205 5
206 3
206 8
206 32
206 50
206 73
206 74
206 120
206 150
206 158
206 199
206 6
207 2
207 19
207 26
207 30
207 36
207 39
207 40
207 45
207 60
207 73
207 84
207 86
207 90
207 93
207 102
207 106
207 113
207 120
207 129
207 145
207 160
207 166
207 170
207 182
207 196
207 7
208 6
208 15
208 38
208 40
208 46
208 89
208 90
208 92
208 104
208 112
208 119
208 136
208 152
208 154
208 160
208 188
208 8
209 27
209 37
209 38
209 52
209 54
209 61
209 74
209 96
209 130
209 141
209 148
209 157
209 160
209 162
209 171
209 189
209 194
209 9
210 2
210 25
210 59
210 63
210 66
210 67
210 80
210 93
210 99
210 104
210 106
210 128
210 140
210 143
210 145
210 162
210 169
210 180
210 184
210 198
210 10
211 5
211 10
211 19
211 23
211 46
211 50
211 82
211 99
211 104
211 105
211 111
211 119
211 124
211 126
211 149
211 168
211 170
211 180
211 190
211 11
212 1
212 20
212 41
212 42
212 44
212 52
212 67
212 86
212 102
212 106
212 107
212 109
212 116
212 130
212 132
212 133
212 148
212 163
212 165
212 171
212 178
212 199
212 12
213 24
213 32
213 37
213 44
213 46
213 49
213 61
213 70
213 102
213 104
213 107
213 112
213 121
213 133
213 136
213 146
213 149
213 196
213 198
213 13
214 49
214 63
214 71
214 80
214 87
214 95
214 153
214 161
214 167
214 175
214 197
214 14
215 1
215 3
215 5
215 7
215 18
215 26
215 38
215 112
215 138
215 160
215 184
215 15
216 3
216 10
216 13
216 19
216 36
216 52
216 56
216 59
216 61
216 79
216 84
216 96
216 109
216 111
216 129
216 141
216 156
216 160
216 171
216 187
216 16
217 1
217 5
217 8
217 63
217 85
217 105
217 109
217 146
217 151
217 155
217 191
217 17
218 0
218 51
218 60
218 62
218 66
218 70
218 73
218 75
218 96
218 118
218 138
218 143
218 151
218 175
218 178
218 18
219 20
219 44
219 50
219 58
219 77
219 83
219 95
219 109
219 148
219 191
219 19
220 5
220 9
220 18
220 47
220 49
220 67
220 78
220 80
220 104
220 116
220 118
220 142
220 150
220 151
220 178
220 189
220 20
221 14
221 21
221 31
221 47
221 60
221 79
221 86
221 89
221 93
221 95
221 165
221 186
221 187
221 198
221 199
222 1
222 9
222 25
222 28
222 29
222 30
222 38
222 43
222 49
222 65
222 85
222 87
222 91
222 123
222 128
222 133
222 135
222 145
222 154
222 170
222 190
222 197
222 22
223 5
223 6
223 19
223 25
223 30
223 45
223 52
223 66
223 89
223 97
223 116
223 140
223 146
223 147
223 148
223 150
223 154
223 160
223 188
223 198
223 23
224 45
224 53
224 73
224 86
224 92
224 130
224 159
224 166
224 167
224 171
224 178
224 180
224 194
224 24
225 9
225 13
225 16
225 17
225 26
225 29
225 31
225 32
225 55
225 68
225 77
225 87
225 88
225 100
225 104
225 121
225 131
225 143
225 162
225 164
225 172
225 25
226 1
226 6
226 10
226 14
226 18
226 38
226 65
226 69
226 76
226 83
226 84
226 128
226 129
226 142
226 149
226 164
226 177
226 26
227 18
227 24
227 29
227 36
227 37
227 40
227 45
227 48
227 50
227 75
227 81
227 97
227 116
227 131
227 151
227 160
227 198
227 27
228 1
228 12
228 13
228 33
228 42
228 49
228 91
228 110
228 131
228 138
228 140
228 148
228 161
228 184
228 28
229 0
229 19
229 36
229 39
229 72
229 73
229 80
229 84
229 103
229 125
229 136
229 148
229 154
229 156
229 166
229 178
229 186
229 190
229 195
229 29
230 17
230 29
230 33
230 39
230 40
230 43
230 45
230 47
230 88
230 91
230 110
230 113
230 114
230 116
230 130
230 174
230 176
230 196
230 30
231 3
231 4
231 16
231 20
231 21
231 31
231 67
231 92
231 97
231 107
231 171
231 188
231 189
231 197
232 13
232 20
232 25
232 34
232 38
232 50
232 71
232 73
232 86
232 91
232 110
232 117
232 118
232 132
232 138
232 153
232 178
232 32
233 9
233 15
233 25
233 26
233 28
233 34
233 51
233 52
233 60
233 61
233 84
233 98
233 141
233 143
233 145
233 155
233 175
233 184
233 33
234 0
234 42
234 49
234 54
234 61
234 75
234 83
234 92
234 93
234 103
234 129
234 147
234 171
234 194
234 34
235 5
235 20
235 24
235 27
235 45
235 49
235 76
235 103
235 125
235 128
235 133
235 153
235 157
235 174
235 182
235 190
235 35
236 5
236 10
236 12
236 55
236 63
236 91
236 99
236 111
236 113
236 117
236 124
236 130
236 146
236 166
236 195
236 196
236 36
237 0
237 23
237 100
237 153
237 155
237 170
237 37
238 0
238 28
238 39
238 44
238 51
238 61
238 80
238 81
238 105
238 122
238 150
238 151
238 153
238 182
238 190
238 38
239 2
239 27
239 33
239 73
239 78
239 102
239 117
239 133
239 137
239 153
239 191
239 39
240 18
240 26
240 52
240 70
240 72
240 76
240 99
240 104
240 109
240 115
240 142
240 155
240 162
240 165
240 183
240 187
240 193
240 40
241 11
241 45
241 50
241 52
241 58
241 68
241 72
241 86
241 89
241 98
241 115
241 125
241 141
241 143
241 149
241 157
241 159
241 170
241 179
241 41
242 1
242 30
242 31
242 78
242 95
242 100
242 105
242 106
242 120
242 123
242 131
242 143
242 154
242 167
242 169
242 178
242 179
242 42
243 9
243 19
243 23
243 24
243 36
243 42
243 57
243 70
243 105
243 111
243 117
243 132
243 165
243 167
243 184
243 188
243 189
243 43
244 2
244 15
244 32
244 39
244 48
244 58
244 60
244 67
244 105
244 109
244 131
244 146
244 149
244 152
244 156
244 162
244 173
244 189
244 44
245 11
245 14
245 31
245 39
245 53
245 70
245 96
245 120
245 125
245 153
245 155
245 164
245 171
245 175
245 177
245 191
245 45
246 0
246 31
246 38
246 68
246 97
246 106
246 121
246 127
246 140
246 159
246 174
246 178
246 181
246 46
247 1
247 2
247 10
247 11
247 14
247 19
247 23
247 41
247 49
247 59
247 71
247 82
247 84
247 86
247 88
247 95
247 106
247 107
247 118
247 126
247 129
247 140
247 155
247 172
247 184
247 47
248 11
248 15
248 18
248 30
248 40
248 41
248 42
248 45
248 46
248 52
248 62
248 105
248 107
248 131
248 136
248 155
248 185
248 186
248 191
248 48
249 0
249 20
249 21
249 22
249 25
249 29
249 35
249 41
249 61
249 64
249 97
249 111
249 113
249 120
249 133
249 135
249 138
249 145
249 152
249 157
249 160
249 168
249 169
249 170
249 178
249 185
249 49
250 5
250 31
250 58
250 59
250 97
250 117
250 120
250 130
250 143
250 150
250 162
250 164
250 50
251 1
251 7
251 30
251 59
251 90
251 95
251 100
251 102
251 130
251 154
251 172
251 189
251 51
252 2
252 3
252 11
252 13
252 15
252 43
252 108
252 121
252 122
252 129
252 133
252 161
252 171
252 178
252 52
253 5
253 19
253 51
253 52
253 59
253 60
253 86
253 94
253 97
253 102
253 115
253 141
253 167
253 183
253 53
254 9
254 15
254 20
254 21
254 25
254 30
254 47
254 57
254 86
254 96
254 98
254 105
254 110
254 111
254 113
254 115
254 119
254 122
254 129
254 155
254 171
254 191
254 192
254 54
255 3
255 7
255 17
255 20
255 26
255 55
255 65
255 71
255 90
255 97
255 105
255 114
255 131
255 143
255 149
255 154
255 161
255 164
255 174
255 198
256 4
256 5
256 36
256 42
256 51
256 57
256 68
256 75
256 80
256 86
256 91
256 94
256 111
256 126
256 152
256 159
256 165
256 182
256 56
257 2
257 3
257 41
257 46
257 73
257 75
257 78
257 95
257 101
257 102
257 157
257 57
258 4
258 18
258 31
258 34
258 58
258 78
258 93
258 115
258 132
258 134
258 138
258 170
258 171
258 198
259 17
259 50
259 51
259 61
259 74
259 81
259 82
259 86
259 99
259 117
259 121
259 123
259 127
259 142
259 143
259 145
259 158
259 160
259 59
260 5
260 6
260 15
260 16
260 41
260 53
260 54
260 61
260 69
260 73
260 90
260 94
260 108
260 109
260 128
260 136
260 60
261 2
261 5
261 28
261 30
261 33
261 44
261 56
261 73
261 101
261 103
261 104
261 122
261 127
261 131
261 136
261 157
261 166
261 167
261 173
261 175
261 194
261 61
262 23
262 24
262 28
262 42
262 47
262 93
262 101
262 109
262 120
262 135
262 140
262 150
262 152
262 156
262 161
262 163
262 173
262 62
263 12
263 40
263 53
263 68
263 69
263 73
263 139
263 148
263 150
263 155
263 160
263 181
263 184
263 185
263 189
263 63
264 90
264 99
264 104
264 109
264 126
264 140
264 153
264 191
264 64
265 6
265 11
265 18
265 22
265 31
265 47
265 58
265 64
265 101
265 118
265 119
265 138
265 143
265 153
265 163
265 166
265 170
265 179
265 186
265 65
266 33
266 77
266 84
266 85
266 97
266 110
266 136
266 139
266 145
266 171
266 66
267 19
267 35
267 38
267 40
267 46
267 47
267 48
267 51
267 56
267 72
267 75
267 99
267 103
267 114
267 141
267 142
267 156
267 157
267 169
267 184
267 187
267 190
267 67
268 0
268 44
268 82
268 96
268 102
268 131
268 151
268 154
268 160
268 179
268 182
268 189
268 68
269 27
269 30
269 38
269 51
269 61
269 88
269 112
269 121
269 127
269 148
269 182
269 184
269 199
269 69
270 4
270 37
270 74
270 77
270 78
270 109
270 128
270 133
270 135
270 143
270 146
270 161
270 179
270 187
270 70
271 6
271 8
271 40
271 43
271 45
271 46
271 64
271 68
271 112
271 114
271 140
271 149
271 158
271 160
271 173
271 71
272 8
272 12
272 15
272 53
272 76
272 85
272 116
272 132
272 142
272 145
272 163
272 170
272 180
272 72
273 16
273 25
273 39
273 42
273 46
273 47
273 64
273 66
273 73
273 78
273 107
273 111
273 126
273 170
274 15
274 22
274 29
274 46
274 53
274 58
274 72
274 74
274 89
274 92
274 100
274 120
274 137
274 166
274 192
275 13
275 14
275 15
275 31
275 35
275 46
275 71
275 97
275 132
275 135
275 139
275 143
275 151
275 157
275 165
275 171
275 172
275 179
275 75
276 2
276 3
276 15
276 23
276 68
276 71
276 76
276 93
276 108
276 110
276 122
276 123
276 125
276 133
276 138
276 145
276 147
276 160
276 171
276 197
277 27
277 32
277 48
277 66
277 70
277 81
277 82
277 94
277 95
277 104
277 142
277 162
277 164
277 188
277 190
277 77
278 6
278 12
278 14
278 46
278 57
278 71
278 92
278 113
278 119
278 129
278 132
278 151
278 154
278 179
278 180
278 78
279 16
279 17
279 23
279 25
279 26
279 31
279 36
279 45
279 63
279 99
279 100
279 105
279 120
279 156
279 159
279 166
279 168
279 169
279 194
279 198
279 79
280 4
280 9
280 19
280 31
280 33
280 39
280 53
280 56
280 70
280 71
280 77
280 110
280 112
280 115
280 134
280 151
280 158
280 170
280 171
280 184
280 190
280 198
280 80
281 20
281 49
281 80
281 123
281 131
281 146
281 148
281 149
281 157
281 167
281 175
281 176
281 81
282 9
282 13
282 29
282 44
282 53
282 59
282 60
282 78
282 79
282 81
282 84
282 134
282 138
282 144
282 150
282 153
282 155
282 170
282 171
282 177
282 184
282 192
282 82
283 2
283 22
283 24
283 28
283 45
283 54
283 72
283 100
283 115
283 118
283 121
283 140
283 147
283 153
283 158
283 162
283 192
283 83
284 1
284 24
284 37
284 45
284 56
284 63
284 85
284 107
284 110
284 117
284 136
284 147
284 163
284 166
284 170
284 173
284 181
284 184
284 196
284 84
285 2
285 9
285 17
285 21
285 25
285 43
285 54
285 55
285 60
285 89
285 93
285 100
285 113
285 127
285 137
285 152
285 155
285 173
285 181
285 185
285 85
286 4
286 80
286 88
286 89
286 91
286 96
286 101
286 105
286 106
286 107
286 134
286 162
286 163
286 180
286 181
286 186
286 86
287 7
287 15
287 33
287 40
287 49
287 64
287 96
287 117
287 120
287 121
287 126
287 127
287 130
287 177
287 87
288 26
288 87
288 98
288 99
288 145
288 166
288 177
288 189
288 191
288 193
288 88
289 4
289 5
289 20
289 23
289 27
289 38
289 41
289 50
289 57
289 59
289 60
289 61
289 62
289 68
289 88
289 94
289 95
289 129
289 152
289 163
289 167
289 170
289 89
290 5
290 6
290 34
290 36
290 37
290 38
290 48
290 54
290 65
290 79
290 99
290 116
290 117
290 141
290 157
290 161
290 187
290 90
291 0
291 30
291 73
291 94
291 96
291 135
291 142
291 149
291 169
291 170
291 173
291 186
291 91
292 19
292 22
292 47
292 52
292 67
292 75
292 113
292 114
292 132
292 151
292 153
292 155
292 162
292 165
292 168
292 177
292 183
292 92
293 14
293 32
293 38
293 53
293 57
293 68
293 75
293 77
293 84
293 89
293 115
293 128
293 136
293 168
293 193
293 93
294 7
294 26
294 37
294 43
294 54
294 60
294 67
294 82
294 112
294 117
294 134
294 160
294 176
294 190
294 94
295 1
295 2
295 3
295 28
295 32
295 89
295 96
295 107
295 109
295 131
295 140
295 163
295 182
295 190
295 193
295 95
296 5
296 27
296 53
296 56
296 72
296 76
296 88
296 98
296 106
296 134
296 153
296 163
296 96
297 21
297 25
297 32
297 40
297 45
297 46
297 51
297 66
297 81
297 95
297 111
297 116
297 133
297 168
297 186
297 194
297 198
297 97
298 6
298 16
298 69
298 78
298 80
298 98
298 110
298 111
298 118
298 129
298 135
298 160
298 161
298 165
298 192
298 194
298 196
299 8
299 55
299 59
299 120
299 129
299 142
299 144
299 156
299 169
299 184
299 99
300 6
300 7
300 22
300 23
300 29
300 31
300 49
300 53
300 71
300 73
300 76
300 85
300 97
300 121
300 137
300 163
300 165
300 170
300 100
301 1
301 21
301 48
301 57
301 62
301 110
301 116
301 133
301 134
301 135
301 142
301 146
301 161
301 167
301 185
301 188
301 101
302 16
302 25
302 27
302 87
302 92
302 101
302 108
302 113
302 122
302 123
302 132
302 135
302 148
302 150
302 153
302 166
302 182
302 102
303 10
303 14
303 22
303 27
303 28
303 53
303 85
303 93
303 97
303 104
303 141
303 158
303 183
303 103
304 6
304 9
304 32
304 55
304 66
304 68
304 69
304 79
304 81
304 92
304 95
304 109
304 116
304 123
304 140
304 147
304 155
304 185
304 104
305 3
305 17
305 18
305 29
305 31
305 42
305 53
305 71
305 79
305 83
305 124
305 131
305 148
305 150
305 156
305 159
305 168
305 187
305 191
305 105
306 34
306 36
306 48
306 57
306 61
306 65
306 66
306 74
306 80
306 93
306 95
306 98
306 107
306 108
306 121
306 124
306 126
306 137
306 139
306 147
306 150
306 151
306 158
306 164
306 169
306 193
306 195
306 199
306 106
307 9
307 26
307 34
307 66
307 80
307 89
307 93
307 95
307 98
307 123
307 141
307 144
307 192
307 199
307 107
308 0
308 17
308 21
308 27
308 28
308 32
308 36
308 54
308 59
308 60
308 65
308 95
308 100
308 102
308 107
308 115
308 121
308 127
308 132
308 137
308 170
308 175
308 190
308 192
308 194
308 108
309 1
309 10
309 26
309 30
309 44
309 50
309 69
309 82
309 84
309 106
309 111
309 114
309 119
309 127
309 128
309 136
309 140
309 151
309 159
309 163
309 171
309 173
309 189
309 190
309 109
310 30
310 45
310 49
310 54
310 60
310 65
310 77
310 85
310 147
310 157
310 159
310 179
310 193
310 110
311 6
311 10
311 41
311 43
311 55
311 68
311 69
311 93
311 102
311 116
311 119
311 142
311 165
311 170
311 190
311 195
311 199
311 111
312 4
312 16
312 32
312 53
312 79
312 97
312 159
312 179
312 191
312 196
312 112
313 2
313 29
313 46
313 47
313 50
313 69
313 72
313 89
313 106
313 113
313 127
313 142
313 144
313 148
313 199
314 1
314 61
314 67
314 91
314 96
314 101
314 120
314 132
314 163
314 168
314 172
314 180
314 182
314 185
314 186
314 187
314 114
315 8
315 11
315 12
315 17
315 27
315 29
315 48
315 61
315 69
315 71
315 126
315 129
315 130
315 133
315 153
315 168
315 115
316 12
316 13
316 15
316 38
316 40
316 42
316 48
316 76
316 83
316 100
316 102
316 123
316 127
316 130
316 140
316 142
316 161
316 183
316 196
316 116
317 18
317 21
317 32
317 46
317 75
317 91
317 100
317 101
317 117
317 129
317 136
317 138
317 150
317 151
317 157
317 186
317 187
317 196
318 5
318 23
318 52
318 53
318 105
318 112
318 126
318 138
318 159
318 164
318 173
318 187
318 195
318 118
319 4
319 6
319 23
319 45
319 50
319 60
319 67
319 68
319 81
319 83
319 90
319 104
319 109
319 113
319 119
319 141
319 149
319 183
320 1
320 3
320 4
320 8
320 10
320 34
320 58
320 61
320 78
320 87
320 88
320 89
320 107
320 111
320 121
320 129
320 132
320 133
320 134
320 137
320 155
320 173
320 187
320 199
320 120
321 15
321 46
321 51
321 58
321 70
321 71
321 91
321 94
321 108
321 114
321 130
321 145
321 155
321 170
321 172
321 185
321 193
321 121
322 11
322 12
322 14
322 22
322 26
322 35
322 47
322 54
322 66
322 101
322 105
322 120
322 130
322 149
322 161
322 172
322 181
322 186
322 189
322 197
322 199
322 122
323 2
323 19
323 24
323 27
323 60
323 105
323 121
323 124
323 132
323 135
323 150
323 164
323 173
323 180
323 123
324 8
324 15
324 33
324 34
324 46
324 65
324 67
324 132
324 154
324 160
324 181
324 184
324 193
324 124
325 1
325 2
325 5
325 31
325 37
325 55
325 88
325 102
325 120
325 135
325 141
325 151
325 155
325 169
325 173
325 176
325 180
325 184
325 198
325 125
326 2
326 7
326 32
326 36
326 41
326 42
326 44
326 49
326 64
326 67
326 126
326 127
326 133
326 148
326 158
326 168
326 186
326 197
327 6
327 14
327 15
327 41
327 58
327 65
327 73
327 74
327 79
327 92
327 99
327 100
327 138
327 147
327 152
327 181
327 127
328 8
328 10
328 26
328 38
328 40
328 51
328 56
328 59
328 63
328 70
328 74
328 103
328 132
328 138
328 177
328 128
329 12
329 17
329 21
329 51
329 78
329 90
329 103
329 112
329 128
329 131
329 135
329 160
329 168
329 182
329 183
329 189
329 129
330 1
330 5
330 14
330 17
330 18
330 21
330 37
330 53
330 61
330 62
330 64
330 67
330 68
330 84
330 166
330 130
331 15
331 20
331 29
331 36
331 37
331 38
331 48
331 50
331 67
331 81
331 82
331 116
331 147
331 148
331 157
331 189
331 131
332 28
332 74
332 92
332 126
332 127
332 136
332 137
332 171
332 195
332 197
332 132
333 25
333 31
333 52
333 55
333 65
333 82
333 142
333 166
333 169
333 173
333 133
334 0
334 9
334 21
334 61
334 66
334 68
334 83
334 84
334 98
334 126
334 129
334 138
334 161
334 134
335 7
335 15
335 22
335 73
335 86
335 89
335 91
335 94
335 113
335 134
335 157
335 161
335 184
335 199
335 135
336 9
336 12
336 21
336 31
336 33
336 39
336 40
336 46
336 48
336 62
336 73
336 81
336 96
336 98
336 101
336 102
336 104
336 117
336 129
336 134
336 142
336 184
336 187
336 136
337 16
337 17
337 30
337 49
337 73
337 88
337 97
337 98
337 112
337 126
337 131
337 132
337 133
337 138
337 143
337 179
337 182
337 194
337 196
337 197
337 137
338 7
338 11
338 12
338 27
338 73
338 89
338 97
338 126
338 141
338 146
338 163
338 181
338 193
338 194
338 138
339 1
339 18
339 21
339 24
339 54
339 63
339 80
339 81
339 83
339 84
339 95
339 126
339 173
339 174
339 181
339 185
339 139
340 9
340 51
340 52
340 60
340 63
340 76
340 82
340 86
340 103
340 117
340 172
340 183
340 140
341 1
341 2
341 5
341 9
341 13
341 22
341 28
341 31
341 32
341 87
341 92
341 99
341 105
341 142
341 148
341 163
341 165
341 168
341 176
341 179
341 181
341 189
341 193
341 198
341 141
342 18
342 20
342 45
342 46
342 56
342 69
342 77
342 86
342 88
342 89
342 117
342 139
342 167
342 172
342 190
342 192
342 142
343 18
343 36
343 56
343 63
343 76
343 83
343 103
343 143
343 146
343 149
343 153
343 168
343 182
344 7
344 19
344 23
344 31
344 34
344 56
344 65
344 74
344 109
344 154
344 188
344 199
344 144
345 11
345 13
345 33
345 56
345 72
345 85
345 88
345 92
345 123
345 125
345 127
345 136
345 149
345 150
345 159
345 162
345 172
345 175
345 185
345 145
346 16
346 21
346 58
346 63
346 66
346 67
346 70
346 72
346 78
346 82
346 108
346 120
346 134
346 144
346 192
346 146
347 45
347 50
347 54
347 55
347 64
347 78
347 102
347 112
347 117
347 120
347 129
347 161
347 164
347 168
347 183
347 198
347 147
348 6
348 13
348 32
348 39
348 51
348 88
348 89
348 93
348 134
348 138
348 168
348 169
348 170
348 184
348 193
348 148
349 1
349 9
349 34
349 35
349 37
349 66
349 131
349 146
349 147
349 159
349 179
349 184
349 149
350 12
350 16
350 50
350 56
350 74
350 114
350 132
350 147
350 150
350 151
350 152
350 154
350 160
350 174
350 197
351 5
351 12
351 15
351 58
351 62
351 65
351 66
351 88
351 90
351 97
351 105
351 119
351 136
351 137
351 148
351 154
351 158
351 160
351 164
351 171
351 151
352 4
352 5
352 21
352 23
352 27
352 30
352 55
352 63
352 75
352 76
352 80
352 84
352 92
352 99
352 128
352 145
352 147
352 168
352 183
352 152
353 9
353 21
353 42
353 49
353 53
353 61
353 65
353 74
353 82
353 119
353 128
353 133
353 136
353 150
353 152
353 168
353 187
353 188
353 193
353 153
354 16
354 21
354 37
354 39
354 40
354 42
354 47
354 59
354 83
354 93
354 108
354 127
354 141
354 158
354 163
354 181
354 190
354 193
354 154
355 14
355 17
355 23
355 43
355 51
355 59
355 62
355 72
355 75
355 92
355 98
355 101
355 113
355 117
355 126
355 133
355 149
355 172
355 181
355 195
355 155
356 6
356 13
356 46
356 75
356 110
356 145
356 146
356 167
356 156
357 9
357 21
357 23
357 65
357 92
357 109
357 116
357 127
357 129
357 142
357 152
357 158
357 172
357 180
357 192
357 193
357 195
357 196
357 157
358 10
358 14
358 18
358 20
358 28
358 40
358 104
358 113
358 122
358 125
358 135
358 147
358 148
358 149
358 182
358 190
358 158
359 3
359 11
359 12
359 33
359 48
359 59
359 74
359 90
359 107
359 123
359 132
359 141
359 159
359 163
359 176
359 182
359 186
359 189
359 192
359 195
359 199
360 4
360 8
360 15
360 21
360 38
360 43
360 47
360 54
360 89
360 117
360 141
360 163
360 160
361 18
361 40
361 72
361 73
361 89
361 97
361 101
361 137
361 140
361 149
361 156
361 158
361 163
361 172
361 177
361 188
361 193
361 198
361 161
362 12
362 13
362 24
362 40
362 52
362 68
362 76
362 112
362 139
362 161
362 173
362 177
362 178
362 189
362 197
362 162
363 10
363 30
363 65
363 81
363 121
363 144
363 153
363 154
363 170
363 175
363 181
363 183
363 184
363 185
363 163
364 25
364 50
364 51
364 66
364 67
364 77
364 112
364 114
364 121
364 128
364 132
364 162
364 178
364 191
364 164
365 0
365 30
365 42
365 45
365 53
365 56
365 68
365 91
365 101
365 120
365 128
365 131
365 168
365 171
365 172
365 188
365 191
365 195
365 198
365 165
366 9
366 46
366 84
366 85
366 86
366 92
366 94
366 98
366 123
366 140
366 172
366 184
366 166
367 12
367 17
367 37
367 51
367 60
367 64
367 75
367 76
367 78
367 92
367 105
367 106
367 110
367 120
367 132
367 167
367 170
367 187
367 191
367 196
367 198
368 5
368 17
368 34
368 44
368 48
368 62
368 63
368 72
368 89
368 93
368 118
368 127
368 131
368 158
368 168
369 5
369 14
369 32
369 33
369 51
369 91
369 99
369 115
369 128
369 143
369 147
369 150
369 167
369 175
369 183
369 194
369 169
370 25
370 26
370 47
370 62
370 64
370 65
370 72
370 79
370 110
370 111
370 118
370 132
370 144
370 153
370 156
370 169
370 177
370 170
371 6
371 10
371 13
371 15
371 90
371 105
371 118
371 123
371 131
371 134
371 142
371 154
371 161
371 175
371 192
371 171
372 6
372 8
372 11
372 32
372 33
372 34
372 60
372 70
372 77
372 80
372 84
372 104
372 120
372 129
372 155
372 164
372 180
372 172
373 15
373 23
373 52
373 80
373 94
373 101
373 109
373 113
373 127
373 143
373 176
373 197
373 173
374 7
374 11
374 16
374 35
374 49
374 58
374 65
374 68
374 98
374 100
374 102
374 136
374 140
374 148
374 158
374 162
374 173
374 175
374 182
374 189
374 197
374 174
375 5
375 22
375 25
375 31
375 34
375 58
375 60
375 80
375 101
375 130
375 156
375 172
375 185
375 197
375 175
376 1
376 5
376 18
376 41
376 55
376 68
376 70
376 75
376 79
376 98
376 109
376 110
376 114
376 119
376 124
376 133
376 139
376 147
376 165
376 170
376 198
376 176
377 1
377 36
377 50
377 80
377 81
377 100
377 104
377 117
377 125
377 136
377 170
377 194
377 196
377 177
378 19
378 68
378 96
378 99
378 117
378 120
378 137
378 157
378 160
378 181
378 189
378 192
378 178
379 14
379 17
379 19
379 24
379 40
379 50
379 67
379 102
379 120
379 135
379 139
379 173
379 191
379 179
380 7
380 11
380 13
380 14
380 35
380 36
380 68
380 70
380 76
380 82
380 97
380 114
380 115
380 118
380 141
380 152
380 161
380 165
380 180
381 43
381 46
381 56
381 75
381 76
381 87
381 92
381 95
381 102
381 117
381 142
381 148
381 169
381 182
381 189
381 181
382 1
382 9
382 17
382 38
382 47
382 48
382 79
382 81
382 89
382 98
382 105
382 125
382 127
382 138
382 141
382 142
382 152
382 166
382 196
382 197
382 199
382 182
383 12
383 14
383 17
383 36
383 43
383 57
383 76
383 82
383 132
383 138
383 160
383 167
383 179
383 187
383 183
384 0
384 12
384 24
384 35
384 37
384 41
384 51
384 77
384 98
384 105
384 122
384 135
384 158
384 174
384 185
384 189
384 184
385 7
385 8
385 13
385 20
385 30
385 33
385 38
385 44
385 50
385 70
385 74
385 81
385 141
385 168
385 169
385 171
385 179
385 185
386 3
386 7
386 8
386 9
386 19
386 21
386 25
386 32
386 56
386 62
386 70
386 82
386 87
386 95
386 128
386 132
386 138
386 143
386 148
386 168
386 169
386 194
386 186
387 12
387 25
387 33
387 51
387 57
387 60
387 71
387 84
387 90
387 105
387 118
387 122
387 125
387 162
387 170
387 194
387 187
388 5
388 42
388 52
388 57
388 61
388 68
388 69
388 95
388 98
388 115
388 128
388 140
388 156
388 159
388 188
389 1
389 4
389 29
389 31
389 67
389 81
389 84
389 86
389 120
389 124
389 125
389 154
389 155
389 159
389 185
389 189
390 4
390 13
390 15
390 39
390 43
390 47
390 62
390 78
390 86
390 136
390 176
390 181
390 184
390 190
391 25
391 26
391 42
391 53
391 58
391 62
391 68
391 77
391 98
391 131
391 149
391 170
391 175
391 181
391 183
391 191
392 1
392 9
392 22
392 25
392 28
392 61
392 66
392 80
392 82
392 90
392 102
392 120
392 147
392 152
392 160
392 174
392 193
392 192
393 1
393 13
393 44
393 55
393 82
393 98
393 110
393 117
393 139
393 152
393 177
393 193
394 27
394 56
394 64
394 66
394 76
394 77
394 78
394 88
394 120
394 125
394 147
394 164
394 167
394 175
394 181
394 186
394 194
395 5
395 23
395 32
395 38
395 71
395 85
395 96
395 105
395 107
395 112
395 118
395 123
395 125
395 146
395 159
395 167
395 183
395 191
395 194
395 195
396 3
396 6
396 9
396 21
396 26
396 28
396 35
396 36
396 46
396 70
396 76
396 113
396 118
396 131
396 139
396 142
396 149
396 161
396 182
396 196
397 9
397 17
397 42
397 52
397 65
397 67
397 95
397 114
397 126
397 132
397 170
397 176
397 197
398 4
398 8
398 13
398 18
398 26
398 32
398 43
398 48
398 59
398 80
398 103
398 131
398 150
398 160
398 167
398 174
398 184
398 190
398 191
398 194
398 198
399 1
399 12
399 28
399 29
399 86
399 103
399 109
399 113
399 126
399 136
399 137
399 140
399 141
399 165
399 179
399 184
399 186
399 199
