  100   271
0 73
0 3
0 5
0 9
0 17
0 26
0 41
0 50
1 91
1 2
1 20
1 21
1 24
1 31
1 36
1 46
1 51
2 69
2 68
2 1
2 16
2 19
2 22
2 31
2 52
3 70
3 69
3 0
3 24
3 31
3 43
3 44
3 53
4 71
4 70
4 16
4 33
4 49
4 54
5 98
5 0
5 48
5 55
6 78
6 42
6 56
7 72
7 71
7 12
7 36
7 37
7 41
7 42
7 46
7 57
8 73
8 72
8 18
8 31
8 32
8 44
8 58
9 74
9 73
9 0
9 11
9 13
9 17
9 28
9 43
9 59
10 91
10 23
10 37
10 60
11 67
11 9
11 14
11 39
11 61
12 76
12 74
12 7
12 15
12 35
12 39
12 62
13 91
13 9
13 16
13 21
13 63
14 77
14 76
14 11
14 18
14 19
14 29
14 64
15 78
15 77
15 12
15 16
15 17
15 37
15 40
15 49
15 65
16 79
16 78
16 2
16 4
16 13
16 15
16 17
16 18
16 23
16 39
16 46
16 66
17 63
17 82
17 84
17 0
17 9
17 15
17 16
17 20
17 32
17 33
17 37
17 67
18 80
18 79
18 8
18 14
18 16
18 27
18 31
18 68
19 75
19 88
19 2
19 14
19 25
19 40
19 69
20 99
20 1
20 17
20 34
20 70
21 81
21 80
21 1
21 13
21 41
21 47
21 48
21 71
22 83
22 81
22 2
22 34
22 47
22 48
22 72
23 84
23 83
23 10
23 16
23 29
23 31
23 37
23 38
23 73
24 85
24 84
24 51
24 50
24 1
24 3
24 26
24 30
24 31
24 35
24 74
25 54
25 73
25 19
25 43
25 75
26 86
26 85
26 52
26 51
26 0
26 24
26 42
26 44
26 45
26 76
27 87
27 86
27 53
27 52
27 18
27 77
28 88
28 87
28 55
28 53
28 9
28 45
28 78
29 89
29 88
29 56
29 55
29 14
29 23
29 30
29 48
29 79
30 83
30 24
30 29
30 31
30 38
30 40
30 80
31 90
31 89
31 57
31 56
31 1
31 2
31 3
31 8
31 18
31 23
31 24
31 30
31 49
31 81
32 91
32 90
32 58
32 57
32 8
32 17
32 37
32 38
32 44
32 82
33 92
33 91
33 59
33 58
33 4
33 17
33 83
34 51
34 20
34 22
34 38
34 84
35 94
35 92
35 60
35 59
35 12
35 24
35 46
35 85
36 95
36 94
36 62
36 60
36 1
36 7
36 48
36 49
36 86
37 61
37 63
37 7
37 10
37 15
37 17
37 23
37 32
37 42
37 87
38 96
38 95
38 64
38 62
38 23
38 30
38 32
38 34
38 88
39 55
39 11
39 12
39 16
39 89
40 85
40 15
40 19
40 30
40 90
41 97
41 96
41 65
41 64
41 0
41 7
41 21
41 91
42 67
42 93
42 6
42 7
42 26
42 37
42 44
42 92
43 98
43 97
43 66
43 65
43 3
43 9
43 25
43 47
43 93
44 89
44 3
44 8
44 26
44 32
44 42
44 94
45 99
45 26
45 28
45 95
46 51
46 1
46 7
46 16
46 35
46 47
46 96
47 99
47 98
47 68
47 66
47 21
47 22
47 43
47 46
47 97
48 93
48 97
48 5
48 21
48 22
48 29
48 36
48 98
49 85
49 4
49 15
49 31
49 36
49 99
50 24
50 0
51 24
51 26
51 34
51 46
51 1
52 26
52 27
52 2
53 27
53 28
53 3
54 25
54 4
55 28
55 29
55 39
55 5
56 29
56 31
56 6
57 31
57 32
57 7
58 32
58 33
58 8
59 33
59 35
59 9
60 35
60 36
60 10
61 37
61 11
62 36
62 38
62 12
63 17
63 37
63 13
64 38
64 41
64 14
65 41
65 43
65 15
66 43
66 47
66 16
67 11
67 42
67 17
68 2
68 47
68 18
69 2
69 3
69 19
70 3
70 4
70 20
71 4
71 7
71 21
72 7
72 8
72 22
73 0
73 8
73 9
73 25
73 23
74 9
74 12
74 24
75 19
75 25
76 12
76 14
76 26
77 14
77 15
77 27
78 6
78 15
78 16
78 28
79 16
79 18
79 29
80 18
80 21
80 30
81 21
81 22
81 31
82 17
82 32
83 22
83 23
83 30
83 33
84 17
84 23
84 24
84 34
85 24
85 26
85 40
85 49
85 35
86 26
86 27
86 36
87 27
87 28
87 37
88 19
88 28
88 29
88 38
89 29
89 31
89 44
89 39
90 31
90 32
90 40
91 1
91 10
91 13
91 32
91 33
91 41
92 33
92 35
92 42
93 42
93 48
93 43
94 35
94 36
94 44
95 36
95 38
95 45
96 38
96 41
96 46
97 41
97 43
97 48
97 47
98 5
98 43
98 47
98 48
99 20
99 45
99 47
99 49
