  200   642
0 149
0 148
0 9
0 11
0 15
0 19
0 26
0 34
0 100
1 150
1 149
1 8
1 26
1 30
1 41
1 51
1 60
1 64
1 66
1 87
1 101
2 152
2 150
2 5
2 8
2 23
2 60
2 94
2 102
3 153
3 152
3 14
3 15
3 19
3 33
3 54
3 60
3 81
3 89
3 96
3 103
4 189
4 22
4 25
4 31
4 76
4 90
4 97
4 104
5 121
5 2
5 6
5 20
5 40
5 67
5 84
5 105
6 160
6 5
6 8
6 11
6 28
6 37
6 38
6 50
6 67
6 73
6 87
6 106
7 101
7 142
7 155
7 38
7 46
7 87
7 91
7 97
7 107
8 154
8 153
8 1
8 2
8 6
8 13
8 15
8 70
8 83
8 85
8 92
8 97
8 98
8 108
9 118
9 0
9 12
9 34
9 72
9 85
9 94
9 99
9 109
10 170
10 15
10 32
10 49
10 58
10 62
10 68
10 110
11 178
11 0
11 6
11 39
11 41
11 99
11 111
12 157
12 154
12 9
12 24
12 56
12 58
12 73
12 112
13 175
13 8
13 14
13 28
13 63
13 79
13 96
13 113
14 158
14 157
14 3
14 13
14 98
14 114
15 189
15 0
15 3
15 8
15 10
15 42
15 45
15 115
16 193
16 41
16 81
16 116
17 119
17 26
17 63
17 70
17 91
17 117
18 159
18 158
18 36
18 45
18 47
18 98
18 118
19 168
19 198
19 0
19 3
19 43
19 52
19 57
19 68
19 74
19 79
19 98
19 119
20 182
20 5
20 63
20 71
20 89
20 99
20 120
21 156
21 24
21 34
21 48
21 63
21 70
21 84
21 99
21 121
22 160
22 159
22 4
22 28
22 48
22 58
22 59
22 63
22 68
22 70
22 72
22 86
22 99
22 122
23 161
23 160
23 2
23 34
23 72
23 94
23 123
24 152
24 12
24 21
24 25
24 59
24 65
24 70
24 77
24 90
24 124
25 162
25 161
25 4
25 24
25 32
25 38
25 41
25 57
25 67
25 71
25 83
25 95
25 99
25 125
26 120
26 136
26 0
26 1
26 17
26 67
26 126
27 152
27 38
27 48
27 63
27 70
27 75
27 78
27 97
27 127
28 107
28 6
28 13
28 22
28 79
28 85
28 128
29 128
29 79
29 93
29 97
29 99
29 129
30 163
30 162
30 1
30 89
30 99
30 130
31 124
31 4
31 43
31 84
31 86
31 95
31 131
32 164
32 163
32 10
32 25
32 45
32 58
32 80
32 94
32 132
33 165
33 164
33 103
33 102
33 3
33 44
33 74
33 80
33 133
34 139
34 172
34 180
34 0
34 9
34 21
34 23
34 35
34 52
34 57
34 59
34 67
34 72
34 74
34 77
34 134
35 167
35 165
35 104
35 103
35 34
35 47
35 52
35 63
35 70
35 79
35 135
36 126
36 137
36 169
36 18
36 44
36 47
36 50
36 60
36 86
36 136
37 169
37 167
37 106
37 104
37 6
37 61
37 84
37 137
38 127
38 6
38 7
38 25
38 27
38 55
38 57
38 58
38 59
38 74
38 138
39 158
39 11
39 71
39 75
39 92
39 96
39 139
40 124
40 192
40 5
40 59
40 62
40 84
40 88
40 93
40 140
41 124
41 145
41 1
41 11
41 16
41 25
41 79
41 98
41 141
42 170
42 169
42 108
42 106
42 15
42 51
42 74
42 142
43 134
43 19
43 31
43 49
43 53
43 79
43 81
43 93
43 98
43 143
44 124
44 33
44 36
44 47
44 63
44 86
44 144
45 165
45 15
45 18
45 32
45 62
45 68
45 82
45 93
45 94
45 99
45 145
46 124
46 172
46 187
46 7
46 57
46 60
46 82
46 98
46 146
47 131
47 18
47 35
47 36
47 44
47 67
47 147
48 173
48 170
48 109
48 108
48 21
48 22
48 27
48 66
48 81
48 88
48 148
49 111
49 10
49 43
49 60
49 82
49 149
50 174
50 173
50 111
50 109
50 6
50 36
50 75
50 95
50 97
50 150
51 105
51 1
51 42
51 62
51 78
51 99
51 151
52 125
52 19
52 34
52 35
52 67
52 71
52 75
52 81
52 87
52 95
52 97
52 152
53 175
53 174
53 112
53 111
53 43
53 55
53 66
53 67
53 84
53 153
54 100
54 135
54 141
54 3
54 92
54 154
55 179
55 38
55 53
55 89
55 155
56 176
56 175
56 114
56 112
56 12
56 156
57 177
57 176
57 115
57 114
57 19
57 25
57 34
57 38
57 46
57 59
57 63
57 82
57 84
57 92
57 157
58 168
58 10
58 12
58 22
58 32
58 38
58 74
58 88
58 93
58 158
59 178
59 177
59 116
59 115
59 22
59 24
59 34
59 38
59 40
59 57
59 77
59 159
60 164
60 1
60 2
60 3
60 36
60 46
60 49
60 98
60 160
61 151
61 193
61 37
61 79
61 98
61 161
62 105
62 107
62 181
62 10
62 40
62 45
62 51
62 63
62 88
62 90
62 93
62 162
63 155
63 171
63 180
63 13
63 17
63 20
63 21
63 22
63 27
63 35
63 44
63 57
63 62
63 67
63 163
64 179
64 178
64 117
64 116
64 1
64 79
64 89
64 164
65 181
65 179
65 118
65 117
65 24
65 86
65 165
66 182
66 181
66 121
66 118
66 1
66 48
66 53
66 78
66 81
66 84
66 91
66 99
66 166
67 183
67 182
67 122
67 121
67 5
67 6
67 25
67 26
67 34
67 47
67 52
67 53
67 63
67 88
67 167
68 184
68 183
68 123
68 122
68 10
68 19
68 22
68 45
68 77
68 98
68 168
69 185
69 184
69 125
69 123
69 70
69 72
69 169
70 186
70 185
70 127
70 125
70 8
70 17
70 21
70 22
70 24
70 27
70 35
70 69
70 80
70 170
71 157
71 20
71 25
71 39
71 52
71 76
71 89
71 96
71 171
72 100
72 147
72 9
72 22
72 23
72 34
72 69
72 80
72 87
72 172
73 188
73 186
73 128
73 127
73 6
73 12
73 76
73 97
73 173
74 111
74 19
74 33
74 34
74 38
74 42
74 58
74 75
74 97
74 174
75 189
75 188
75 130
75 128
75 27
75 39
75 50
75 52
75 74
75 77
75 175
76 135
76 4
76 71
76 73
76 84
76 85
76 95
76 176
77 190
77 189
77 131
77 130
77 24
77 34
77 59
77 68
77 75
77 84
77 177
78 110
78 118
78 27
78 51
78 66
78 91
78 94
78 95
78 178
79 162
79 13
79 19
79 28
79 29
79 35
79 41
79 43
79 61
79 64
79 95
79 179
80 150
80 32
80 33
80 70
80 72
80 83
80 86
80 95
80 180
81 191
81 190
81 133
81 131
81 3
81 16
81 43
81 48
81 52
81 66
81 94
81 181
82 119
82 153
82 45
82 46
82 49
82 57
82 87
82 89
82 182
83 166
83 173
83 8
83 25
83 80
83 91
83 92
83 183
84 192
84 191
84 134
84 133
84 5
84 21
84 31
84 37
84 40
84 53
84 57
84 66
84 76
84 77
84 88
84 91
84 184
85 107
85 132
85 8
85 9
85 28
85 76
85 97
85 185
86 193
86 192
86 138
86 134
86 22
86 31
86 36
86 44
86 65
86 80
86 186
87 194
87 193
87 140
87 138
87 1
87 6
87 7
87 52
87 72
87 82
87 88
87 187
88 129
88 168
88 40
88 48
88 58
88 62
88 67
88 84
88 87
88 93
88 188
89 195
89 194
89 143
89 140
89 3
89 20
89 30
89 55
89 64
89 71
89 82
89 189
90 126
90 156
90 4
90 24
90 62
90 190
91 196
91 195
91 144
91 143
91 7
91 17
91 66
91 78
91 83
91 84
91 94
91 191
92 136
92 194
92 8
92 39
92 54
92 57
92 83
92 192
93 173
93 29
93 40
93 43
93 45
93 58
93 62
93 88
93 193
94 143
94 2
94 9
94 23
94 32
94 45
94 78
94 81
94 91
94 194
95 189
95 25
95 31
95 50
95 52
95 76
95 78
95 79
95 80
95 195
96 113
96 137
96 3
96 13
96 39
96 71
96 196
97 197
97 196
97 146
97 144
97 4
97 7
97 8
97 27
97 29
97 50
97 52
97 73
97 74
97 85
98 198
98 197
98 147
98 146
98 8
98 14
98 18
98 19
98 41
98 43
98 46
98 60
98 61
98 68
99 199
99 198
99 148
99 147
99 9
99 11
99 20
99 21
99 22
99 25
99 29
99 30
99 45
99 51
99 66
100 54
100 72
100 0
101 7
101 1
102 33
102 2
103 33
103 35
103 3
104 35
104 37
104 4
105 51
105 62
105 5
106 37
106 42
106 6
107 28
107 62
107 85
107 7
108 42
108 48
108 8
109 48
109 50
109 9
110 78
110 10
111 49
111 50
111 53
111 74
111 11
112 53
112 56
112 12
113 96
113 13
114 56
114 57
114 14
115 57
115 59
115 15
116 59
116 64
116 16
117 64
117 65
117 17
118 9
118 65
118 66
118 78
118 18
119 17
119 82
119 19
120 26
120 20
121 5
121 66
121 67
121 21
122 67
122 68
122 22
123 68
123 69
123 23
124 31
124 40
124 41
124 44
124 46
124 24
125 52
125 69
125 70
125 25
126 36
126 90
126 26
127 38
127 70
127 73
127 27
128 29
128 73
128 75
128 28
129 88
129 29
130 75
130 77
130 30
131 47
131 77
131 81
131 31
132 85
132 32
133 81
133 84
133 33
134 43
134 84
134 86
134 34
135 54
135 76
135 35
136 26
136 92
136 36
137 36
137 96
137 37
138 86
138 87
138 38
139 34
139 39
140 87
140 89
140 40
141 54
141 41
142 7
142 42
143 89
143 91
143 94
143 43
144 91
144 97
144 44
145 41
145 45
146 97
146 98
146 46
147 72
147 98
147 99
147 47
148 0
148 99
148 48
149 0
149 1
149 49
150 1
150 2
150 80
150 50
151 61
151 51
152 2
152 3
152 24
152 27
152 52
153 3
153 8
153 82
153 53
154 8
154 12
154 54
155 7
155 63
155 55
156 21
156 90
156 56
157 12
157 14
157 71
157 57
158 14
158 18
158 39
158 58
159 18
159 22
159 59
160 6
160 22
160 23
160 60
161 23
161 25
161 61
162 25
162 30
162 79
162 62
163 30
163 32
163 63
164 32
164 33
164 60
164 64
165 33
165 35
165 45
165 65
166 83
166 66
167 35
167 37
167 67
168 19
168 58
168 88
168 68
169 36
169 37
169 42
169 69
170 10
170 42
170 48
170 70
171 63
171 71
172 34
172 46
172 72
173 48
173 50
173 83
173 93
173 73
174 50
174 53
174 74
175 13
175 53
175 56
175 75
176 56
176 57
176 76
177 57
177 59
177 77
178 11
178 59
178 64
178 78
179 55
179 64
179 65
179 79
180 34
180 63
180 80
181 62
181 65
181 66
181 81
182 20
182 66
182 67
182 82
183 67
183 68
183 83
184 68
184 69
184 84
185 69
185 70
185 85
186 70
186 73
186 86
187 46
187 87
188 73
188 75
188 88
189 4
189 15
189 75
189 77
189 95
189 89
190 77
190 81
190 90
191 81
191 84
191 91
192 40
192 84
192 86
192 92
193 16
193 61
193 86
193 87
193 93
194 87
194 89
194 92
194 94
195 89
195 91
195 95
196 91
196 97
196 96
197 97
197 98
198 19
198 98
198 99
199 99
