  100   2321
0 50
0 51
0 52
0 53
0 54
0 55
0 56
0 57
0 58
0 59
0 60
0 61
0 62
0 63
0 64
0 66
0 67
0 68
0 69
0 70
0 71
0 72
0 73
0 74
0 75
0 76
0 77
0 78
0 79
0 80
0 81
0 82
0 84
0 85
0 86
0 87
0 88
0 89
0 90
0 91
0 92
0 93
0 95
0 96
0 97
0 98
0 99
0 30
0 32
0 41
1 50
1 51
1 52
1 53
1 54
1 55
1 56
1 57
1 58
1 59
1 60
1 61
1 62
1 63
1 64
1 66
1 67
1 68
1 69
1 70
1 71
1 72
1 73
1 74
1 75
1 76
1 77
1 78
1 79
1 80
1 81
1 82
1 84
1 85
1 87
1 88
1 89
1 90
1 91
1 92
1 93
1 94
1 95
1 96
1 97
1 98
1 99
1 10
1 13
1 20
2 50
2 51
2 52
2 53
2 54
2 55
2 57
2 58
2 59
2 60
2 62
2 63
2 64
2 65
2 66
2 67
2 68
2 69
2 70
2 71
2 72
2 73
2 74
2 75
2 76
2 77
2 78
2 79
2 80
2 81
2 83
2 84
2 85
2 86
2 87
2 88
2 89
2 90
2 91
2 92
2 93
2 94
2 95
2 96
2 97
2 98
2 99
2 3
2 48
3 51
3 53
3 54
3 55
3 57
3 58
3 59
3 60
3 61
3 62
3 63
3 64
3 65
3 66
3 67
3 69
3 70
3 71
3 72
3 73
3 74
3 75
3 76
3 77
3 78
3 79
3 80
3 81
3 82
3 83
3 84
3 85
3 86
3 87
3 88
3 89
3 90
3 91
3 92
3 93
3 94
3 96
3 97
3 98
3 99
3 2
3 12
3 42
4 50
4 51
4 52
4 53
4 54
4 55
4 56
4 57
4 58
4 59
4 60
4 61
4 63
4 64
4 65
4 66
4 67
4 68
4 69
4 70
4 71
4 72
4 73
4 74
4 75
4 76
4 78
4 79
4 80
4 81
4 82
4 83
4 84
4 85
4 87
4 89
4 92
4 93
4 94
4 95
4 96
4 97
4 98
4 99
4 10
5 50
5 52
5 53
5 54
5 55
5 56
5 57
5 58
5 60
5 61
5 62
5 63
5 64
5 65
5 66
5 67
5 68
5 69
5 70
5 71
5 72
5 73
5 74
5 75
5 76
5 77
5 78
5 79
5 80
5 81
5 82
5 83
5 84
5 85
5 86
5 87
5 88
5 89
5 90
5 91
5 92
5 93
5 94
5 95
5 97
5 98
5 99
5 19
6 50
6 51
6 52
6 53
6 55
6 56
6 60
6 62
6 63
6 64
6 65
6 66
6 67
6 68
6 69
6 70
6 71
6 72
6 73
6 74
6 75
6 76
6 77
6 78
6 80
6 81
6 82
6 83
6 84
6 85
6 86
6 87
6 88
6 89
6 90
6 91
6 92
6 93
6 94
6 95
6 96
6 97
6 98
6 99
6 13
7 51
7 52
7 53
7 54
7 55
7 56
7 57
7 58
7 59
7 60
7 61
7 62
7 63
7 64
7 65
7 66
7 67
7 68
7 69
7 70
7 71
7 73
7 75
7 76
7 77
7 78
7 79
7 80
7 81
7 82
7 83
7 84
7 85
7 86
7 87
7 88
7 89
7 91
7 92
7 93
7 94
7 95
7 96
7 97
7 98
7 99
7 33
8 50
8 52
8 53
8 55
8 56
8 58
8 59
8 62
8 63
8 64
8 65
8 66
8 67
8 68
8 69
8 70
8 71
8 72
8 73
8 74
8 75
8 76
8 77
8 78
8 79
8 80
8 81
8 82
8 83
8 84
8 85
8 86
8 87
8 88
8 89
8 91
8 92
8 93
8 94
8 95
8 96
8 97
8 98
8 99
8 14
9 51
9 52
9 53
9 54
9 55
9 56
9 57
9 58
9 59
9 60
9 61
9 62
9 63
9 64
9 65
9 67
9 68
9 69
9 70
9 71
9 72
9 73
9 74
9 75
9 76
9 77
9 78
9 79
9 80
9 81
9 82
9 83
9 85
9 86
9 87
9 88
9 89
9 90
9 91
9 93
9 94
9 95
9 96
9 97
9 98
9 99
9 49
10 51
10 52
10 53
10 54
10 56
10 57
10 58
10 59
10 60
10 61
10 62
10 63
10 64
10 66
10 67
10 68
10 71
10 73
10 74
10 75
10 76
10 77
10 78
10 80
10 81
10 82
10 83
10 84
10 85
10 86
10 88
10 89
10 90
10 92
10 93
10 94
10 95
10 96
10 98
10 99
10 1
10 4
10 24
10 30
11 51
11 52
11 54
11 56
11 57
11 58
11 59
11 60
11 61
11 62
11 63
11 64
11 65
11 66
11 68
11 69
11 70
11 71
11 72
11 74
11 75
11 76
11 77
11 78
11 79
11 80
11 81
11 82
11 83
11 84
11 85
11 86
11 87
11 88
11 89
11 90
11 91
11 92
11 93
11 94
11 95
11 96
11 98
11 99
11 20
11 23
11 25
12 50
12 51
12 52
12 53
12 55
12 56
12 57
12 58
12 59
12 60
12 61
12 62
12 64
12 65
12 66
12 67
12 68
12 69
12 70
12 72
12 73
12 74
12 75
12 77
12 78
12 79
12 81
12 82
12 83
12 84
12 85
12 86
12 87
12 88
12 89
12 90
12 92
12 93
12 94
12 95
12 96
12 97
12 98
12 99
12 3
12 39
12 48
13 50
13 51
13 52
13 53
13 54
13 55
13 56
13 57
13 58
13 60
13 61
13 62
13 64
13 65
13 66
13 67
13 68
13 69
13 70
13 71
13 72
13 73
13 74
13 75
13 76
13 77
13 78
13 79
13 80
13 82
13 83
13 84
13 85
13 86
13 87
13 88
13 89
13 90
13 91
13 92
13 93
13 94
13 95
13 96
13 97
13 98
13 1
13 6
13 26
13 34
13 39
13 63
14 50
14 51
14 52
14 54
14 55
14 56
14 58
14 59
14 60
14 61
14 63
14 64
14 65
14 66
14 67
14 68
14 69
14 70
14 71
14 72
14 74
14 75
14 76
14 77
14 78
14 79
14 80
14 81
14 83
14 84
14 85
14 86
14 87
14 88
14 89
14 90
14 91
14 92
14 93
14 94
14 95
14 96
14 97
14 98
14 99
14 8
14 36
15 50
15 51
15 52
15 53
15 54
15 55
15 56
15 57
15 58
15 59
15 60
15 61
15 62
15 63
15 64
15 65
15 66
15 67
15 71
15 72
15 73
15 74
15 75
15 76
15 77
15 78
15 79
15 80
15 81
15 82
15 83
15 84
15 85
15 86
15 88
15 89
15 90
15 91
15 93
15 95
15 96
15 97
15 98
15 99
15 28
16 50
16 51
16 53
16 54
16 55
16 57
16 58
16 59
16 60
16 62
16 63
16 64
16 65
16 66
16 67
16 68
16 69
16 70
16 71
16 72
16 73
16 74
16 75
16 76
16 78
16 79
16 80
16 81
16 82
16 83
16 84
16 85
16 86
16 87
16 88
16 89
16 90
16 91
16 92
16 94
16 95
16 96
16 97
16 98
16 99
16 22
17 50
17 51
17 52
17 53
17 54
17 56
17 57
17 58
17 59
17 60
17 61
17 62
17 63
17 64
17 65
17 66
17 68
17 69
17 70
17 71
17 72
17 74
17 75
17 76
17 77
17 78
17 79
17 80
17 82
17 83
17 84
17 85
17 86
17 87
17 88
17 89
17 90
17 91
17 92
17 93
17 94
17 95
17 96
17 97
17 98
17 99
17 25
17 38
17 67
18 50
18 51
18 52
18 53
18 54
18 55
18 56
18 57
18 58
18 59
18 60
18 61
18 62
18 63
18 64
18 65
18 66
18 67
18 68
18 69
18 70
18 71
18 72
18 73
18 74
18 75
18 76
18 77
18 79
18 80
18 81
18 82
18 83
18 84
18 85
18 86
18 87
18 88
18 89
18 90
18 91
18 92
18 93
18 95
18 97
18 98
18 99
18 19
18 40
19 50
19 51
19 52
19 53
19 54
19 55
19 56
19 58
19 59
19 60
19 61
19 62
19 63
19 64
19 65
19 66
19 67
19 68
19 70
19 71
19 72
19 73
19 75
19 76
19 77
19 79
19 80
19 81
19 82
19 83
19 84
19 85
19 86
19 87
19 88
19 89
19 90
19 91
19 92
19 93
19 94
19 95
19 96
19 97
19 98
19 99
19 5
19 18
19 39
19 69
20 50
20 51
20 52
20 53
20 54
20 56
20 57
20 58
20 59
20 60
20 61
20 62
20 63
20 64
20 65
20 66
20 67
20 68
20 69
20 70
20 71
20 72
20 73
20 74
20 75
20 76
20 77
20 78
20 79
20 80
20 81
20 83
20 84
20 85
20 86
20 87
20 88
20 89
20 90
20 92
20 93
20 95
20 96
20 97
20 98
20 99
20 1
20 11
20 23
21 50
21 51
21 52
21 53
21 54
21 55
21 56
21 57
21 59
21 60
21 61
21 62
21 63
21 64
21 65
21 66
21 67
21 68
21 69
21 70
21 71
21 72
21 73
21 74
21 75
21 76
21 77
21 78
21 79
21 80
21 82
21 83
21 84
21 85
21 86
21 87
21 88
21 89
21 90
21 91
21 92
21 93
21 94
21 95
21 96
21 97
21 98
21 33
22 50
22 51
22 52
22 53
22 54
22 55
22 56
22 57
22 58
22 59
22 60
22 61
22 62
22 64
22 65
22 66
22 67
22 69
22 70
22 71
22 72
22 73
22 74
22 75
22 76
22 77
22 78
22 79
22 80
22 81
22 83
22 84
22 86
22 88
22 90
22 91
22 92
22 93
22 94
22 95
22 96
22 97
22 98
22 99
22 16
22 28
23 50
23 51
23 52
23 53
23 54
23 55
23 56
23 57
23 58
23 60
23 61
23 62
23 63
23 64
23 65
23 66
23 67
23 68
23 69
23 70
23 71
23 72
23 73
23 74
23 75
23 76
23 77
23 78
23 79
23 80
23 81
23 82
23 83
23 84
23 85
23 86
23 87
23 88
23 89
23 90
23 91
23 92
23 93
23 95
23 96
23 97
23 98
23 99
23 11
23 20
23 32
23 39
24 50
24 51
24 52
24 53
24 54
24 55
24 56
24 57
24 58
24 59
24 60
24 61
24 62
24 63
24 64
24 66
24 67
24 68
24 70
24 71
24 72
24 73
24 74
24 75
24 76
24 77
24 78
24 79
24 80
24 81
24 82
24 84
24 85
24 86
24 87
24 88
24 89
24 90
24 91
24 92
24 93
24 94
24 95
24 96
24 97
24 98
24 99
24 10
25 50
25 51
25 52
25 53
25 54
25 56
25 57
25 58
25 59
25 60
25 61
25 62
25 63
25 64
25 65
25 66
25 67
25 68
25 69
25 70
25 71
25 72
25 73
25 74
25 75
25 76
25 77
25 78
25 79
25 80
25 81
25 82
25 83
25 85
25 87
25 88
25 90
25 91
25 92
25 93
25 94
25 96
25 97
25 98
25 99
25 11
25 17
26 50
26 51
26 53
26 54
26 56
26 57
26 58
26 59
26 60
26 61
26 62
26 64
26 66
26 67
26 68
26 69
26 70
26 71
26 72
26 73
26 74
26 75
26 76
26 77
26 78
26 79
26 80
26 81
26 82
26 83
26 84
26 85
26 86
26 87
26 88
26 89
26 90
26 91
26 92
26 93
26 94
26 95
26 96
26 97
26 98
26 99
26 13
26 40
27 50
27 51
27 52
27 53
27 54
27 55
27 56
27 57
27 58
27 59
27 60
27 61
27 62
27 63
27 64
27 65
27 66
27 67
27 68
27 69
27 70
27 71
27 72
27 73
27 75
27 77
27 78
27 79
27 80
27 81
27 82
27 83
27 84
27 85
27 86
27 87
27 90
27 91
27 92
27 94
27 95
27 96
27 97
27 98
27 99
27 38
27 39
28 50
28 51
28 52
28 54
28 55
28 56
28 57
28 58
28 59
28 60
28 61
28 63
28 64
28 65
28 66
28 67
28 68
28 70
28 71
28 72
28 73
28 74
28 75
28 76
28 77
28 78
28 79
28 80
28 81
28 82
28 83
28 84
28 85
28 86
28 87
28 88
28 89
28 90
28 91
28 92
28 93
28 94
28 95
28 96
28 97
28 98
28 99
28 15
28 22
28 33
29 51
29 52
29 53
29 54
29 55
29 56
29 57
29 58
29 59
29 60
29 61
29 62
29 63
29 64
29 65
29 66
29 67
29 68
29 69
29 70
29 71
29 72
29 73
29 74
29 75
29 76
29 77
29 78
29 79
29 80
29 81
29 82
29 83
29 85
29 86
29 87
29 88
29 89
29 90
29 91
29 92
29 93
29 94
29 95
29 97
29 99
29 39
30 50
30 52
30 53
30 54
30 55
30 56
30 57
30 58
30 60
30 61
30 62
30 63
30 64
30 65
30 66
30 69
30 70
30 71
30 72
30 73
30 74
30 75
30 76
30 77
30 78
30 79
30 80
30 81
30 82
30 83
30 84
30 85
30 87
30 88
30 90
30 91
30 92
30 93
30 94
30 95
30 96
30 98
30 99
30 0
30 10
31 50
31 51
31 52
31 53
31 54
31 55
31 56
31 57
31 58
31 59
31 60
31 62
31 63
31 64
31 65
31 67
31 69
31 70
31 71
31 72
31 74
31 75
31 76
31 77
31 79
31 80
31 81
31 82
31 83
31 84
31 85
31 86
31 87
31 88
31 89
31 90
31 91
31 92
31 93
31 94
31 95
31 96
31 97
31 98
31 99
31 40
32 50
32 51
32 52
32 53
32 54
32 55
32 56
32 57
32 58
32 60
32 61
32 62
32 64
32 65
32 66
32 68
32 69
32 70
32 71
32 72
32 73
32 74
32 75
32 76
32 78
32 79
32 80
32 81
32 82
32 84
32 85
32 86
32 87
32 88
32 89
32 90
32 91
32 92
32 93
32 94
32 95
32 96
32 97
32 98
32 99
32 0
32 23
33 51
33 52
33 53
33 54
33 55
33 56
33 57
33 58
33 60
33 61
33 62
33 63
33 65
33 66
33 67
33 69
33 70
33 71
33 73
33 74
33 76
33 77
33 78
33 79
33 80
33 81
33 82
33 83
33 84
33 86
33 87
33 89
33 90
33 91
33 92
33 93
33 94
33 95
33 96
33 97
33 98
33 99
33 7
33 21
33 28
33 35
34 50
34 51
34 52
34 53
34 55
34 56
34 57
34 58
34 59
34 60
34 61
34 62
34 63
34 64
34 65
34 66
34 67
34 68
34 69
34 70
34 71
34 72
34 73
34 74
34 75
34 76
34 77
34 78
34 79
34 80
34 81
34 82
34 83
34 84
34 85
34 86
34 87
34 88
34 90
34 91
34 92
34 93
34 94
34 95
34 96
34 97
34 98
34 99
34 13
35 50
35 51
35 52
35 53
35 54
35 55
35 57
35 58
35 59
35 60
35 61
35 62
35 63
35 64
35 65
35 66
35 67
35 68
35 69
35 70
35 71
35 72
35 73
35 74
35 75
35 76
35 77
35 78
35 79
35 80
35 81
35 82
35 84
35 86
35 87
35 88
35 89
35 90
35 91
35 92
35 94
35 95
35 96
35 97
35 98
35 99
35 33
35 37
35 85
36 51
36 54
36 56
36 57
36 58
36 59
36 60
36 61
36 62
36 63
36 64
36 65
36 67
36 68
36 69
36 70
36 71
36 72
36 73
36 74
36 75
36 76
36 77
36 79
36 80
36 81
36 82
36 84
36 85
36 88
36 89
36 90
36 91
36 92
36 93
36 94
36 95
36 96
36 97
36 98
36 14
36 39
36 86
37 50
37 51
37 52
37 54
37 55
37 56
37 57
37 58
37 59
37 60
37 61
37 62
37 63
37 64
37 65
37 66
37 67
37 68
37 69
37 70
37 71
37 73
37 74
37 75
37 76
37 77
37 78
37 79
37 80
37 81
37 82
37 83
37 84
37 85
37 86
37 88
37 89
37 90
37 91
37 92
37 93
37 94
37 95
37 96
37 97
37 98
37 99
37 35
37 43
37 87
38 50
38 52
38 53
38 54
38 55
38 56
38 57
38 58
38 59
38 60
38 61
38 62
38 63
38 64
38 66
38 67
38 68
38 69
38 70
38 72
38 73
38 74
38 75
38 76
38 77
38 78
38 79
38 80
38 81
38 82
38 83
38 84
38 85
38 86
38 87
38 89
38 90
38 91
38 92
38 93
38 94
38 95
38 96
38 97
38 98
38 99
38 17
38 27
38 40
38 88
39 50
39 52
39 53
39 54
39 55
39 56
39 57
39 58
39 59
39 60
39 61
39 62
39 63
39 64
39 66
39 67
39 68
39 69
39 70
39 71
39 72
39 73
39 75
39 76
39 77
39 78
39 79
39 80
39 81
39 83
39 84
39 85
39 86
39 89
39 92
39 93
39 94
39 95
39 96
39 97
39 98
39 99
39 12
39 13
39 19
39 23
39 27
39 29
39 36
39 42
40 50
40 51
40 52
40 53
40 54
40 55
40 56
40 57
40 58
40 59
40 60
40 61
40 62
40 63
40 64
40 65
40 66
40 67
40 68
40 70
40 71
40 72
40 73
40 74
40 75
40 76
40 78
40 79
40 80
40 81
40 83
40 84
40 86
40 87
40 88
40 89
40 90
40 91
40 92
40 93
40 94
40 95
40 96
40 97
40 98
40 99
40 18
40 26
40 31
40 38
41 50
41 51
41 52
41 53
41 54
41 55
41 56
41 57
41 58
41 59
41 60
41 61
41 62
41 63
41 64
41 65
41 66
41 67
41 68
41 70
41 71
41 72
41 73
41 74
41 75
41 76
41 77
41 78
41 79
41 80
41 81
41 82
41 83
41 84
41 85
41 86
41 89
41 90
41 91
41 92
41 93
41 94
41 95
41 96
41 97
41 98
41 99
41 0
42 50
42 51
42 52
42 53
42 54
42 55
42 56
42 58
42 59
42 60
42 61
42 62
42 63
42 64
42 65
42 67
42 68
42 69
42 70
42 71
42 72
42 73
42 74
42 75
42 76
42 77
42 78
42 79
42 80
42 81
42 82
42 83
42 84
42 85
42 86
42 87
42 88
42 89
42 90
42 91
42 94
42 96
42 97
42 3
42 39
42 48
42 92
43 50
43 51
43 52
43 53
43 54
43 55
43 58
43 59
43 60
43 61
43 63
43 64
43 65
43 66
43 67
43 68
43 69
43 70
43 71
43 72
43 73
43 74
43 75
43 76
43 77
43 78
43 79
43 80
43 81
43 82
43 84
43 85
43 86
43 88
43 89
43 90
43 92
43 93
43 94
43 95
43 96
43 97
43 99
43 37
43 45
44 50
44 51
44 52
44 54
44 55
44 57
44 58
44 59
44 60
44 61
44 62
44 63
44 64
44 65
44 66
44 67
44 68
44 69
44 70
44 71
44 72
44 73
44 74
44 75
44 76
44 77
44 78
44 79
44 80
44 81
44 82
44 83
44 84
44 86
44 87
44 89
44 90
44 91
44 92
44 93
44 95
44 96
44 98
44 45
44 94
45 50
45 51
45 52
45 53
45 54
45 55
45 56
45 57
45 58
45 61
45 62
45 63
45 64
45 65
45 66
45 67
45 68
45 69
45 70
45 71
45 72
45 73
45 74
45 75
45 76
45 77
45 78
45 80
45 81
45 82
45 83
45 84
45 85
45 86
45 87
45 88
45 89
45 90
45 91
45 92
45 93
45 95
45 96
45 97
45 98
45 99
45 43
45 44
45 46
46 50
46 51
46 52
46 53
46 54
46 56
46 57
46 58
46 59
46 60
46 61
46 62
46 63
46 64
46 65
46 66
46 67
46 68
46 69
46 70
46 71
46 72
46 73
46 75
46 76
46 77
46 78
46 79
46 80
46 81
46 82
46 84
46 85
46 86
46 87
46 88
46 89
46 90
46 91
46 92
46 94
46 95
46 97
46 98
46 99
46 45
46 48
46 96
47 50
47 51
47 52
47 53
47 54
47 55
47 56
47 57
47 59
47 60
47 61
47 62
47 63
47 64
47 67
47 68
47 70
47 71
47 72
47 73
47 74
47 75
47 76
47 77
47 78
47 79
47 80
47 82
47 83
47 84
47 85
47 87
47 88
47 89
47 91
47 92
47 94
47 95
47 97
47 99
47 48
48 50
48 51
48 52
48 53
48 54
48 55
48 56
48 58
48 59
48 60
48 62
48 63
48 64
48 65
48 66
48 67
48 69
48 70
48 71
48 72
48 73
48 74
48 75
48 77
48 78
48 79
48 80
48 82
48 83
48 84
48 86
48 87
48 88
48 89
48 90
48 91
48 93
48 94
48 95
48 96
48 97
48 98
48 99
48 2
48 12
48 42
48 46
48 47
48 49
49 50
49 51
49 52
49 53
49 54
49 55
49 56
49 57
49 58
49 59
49 61
49 62
49 63
49 64
49 65
49 66
49 67
49 68
49 69
49 71
49 72
49 73
49 74
49 75
49 76
49 77
49 78
49 79
49 80
49 81
49 82
49 83
49 84
49 85
49 86
49 87
49 88
49 89
49 90
49 91
49 92
49 93
49 94
49 95
49 96
49 97
49 98
49 99
49 9
49 48
50 0
50 1
50 2
50 4
50 5
50 6
50 8
50 12
50 13
50 14
50 15
50 16
50 17
50 18
50 19
50 20
50 21
50 22
50 23
50 24
50 25
50 26
50 27
50 28
50 30
50 31
50 32
50 34
50 35
50 37
50 38
50 39
50 40
50 41
50 42
50 43
50 44
50 45
50 46
50 47
50 48
50 49
51 0
51 1
51 2
51 3
51 4
51 6
51 7
51 9
51 10
51 11
51 12
51 13
51 14
51 15
51 16
51 17
51 18
51 19
51 20
51 21
51 22
51 23
51 24
51 25
51 26
51 27
51 28
51 29
51 31
51 32
51 33
51 34
51 35
51 36
51 37
51 40
51 41
51 42
51 43
51 44
51 45
51 46
51 47
51 48
51 49
52 0
52 1
52 2
52 4
52 5
52 6
52 7
52 8
52 9
52 10
52 11
52 12
52 13
52 14
52 15
52 17
52 18
52 19
52 20
52 21
52 22
52 23
52 24
52 25
52 27
52 28
52 29
52 30
52 31
52 32
52 33
52 34
52 35
52 37
52 38
52 39
52 40
52 41
52 42
52 43
52 44
52 45
52 46
52 47
52 48
52 49
53 0
53 1
53 2
53 3
53 4
53 5
53 6
53 7
53 8
53 9
53 10
53 12
53 13
53 15
53 16
53 17
53 18
53 19
53 20
53 21
53 22
53 23
53 24
53 25
53 26
53 27
53 29
53 30
53 31
53 32
53 33
53 34
53 35
53 38
53 39
53 40
53 41
53 42
53 43
53 45
53 46
53 47
53 48
53 49
54 0
54 1
54 2
54 3
54 4
54 5
54 7
54 9
54 10
54 11
54 13
54 14
54 15
54 16
54 17
54 18
54 19
54 20
54 21
54 22
54 23
54 24
54 25
54 26
54 27
54 28
54 29
54 30
54 31
54 32
54 33
54 35
54 36
54 37
54 38
54 39
54 40
54 41
54 42
54 43
54 44
54 45
54 46
54 47
54 48
54 49
55 0
55 1
55 2
55 3
55 4
55 5
55 6
55 7
55 8
55 9
55 12
55 13
55 14
55 15
55 16
55 18
55 19
55 21
55 22
55 23
55 24
55 27
55 28
55 29
55 30
55 31
55 32
55 33
55 34
55 35
55 37
55 38
55 39
55 40
55 41
55 42
55 43
55 44
55 45
55 47
55 48
55 49
56 0
56 1
56 4
56 5
56 6
56 7
56 8
56 9
56 10
56 11
56 12
56 13
56 14
56 15
56 17
56 18
56 19
56 20
56 21
56 22
56 23
56 24
56 25
56 26
56 27
56 28
56 29
56 30
56 31
56 32
56 33
56 34
56 36
56 37
56 38
56 39
56 40
56 41
56 42
56 45
56 46
56 47
56 48
56 49
57 0
57 1
57 2
57 3
57 4
57 5
57 7
57 9
57 10
57 11
57 12
57 13
57 15
57 16
57 17
57 18
57 20
57 21
57 22
57 23
57 24
57 25
57 26
57 27
57 28
57 29
57 30
57 31
57 32
57 33
57 34
57 35
57 36
57 37
57 38
57 39
57 40
57 41
57 44
57 45
57 46
57 47
57 49
58 0
58 1
58 2
58 3
58 4
58 5
58 7
58 8
58 9
58 10
58 11
58 12
58 13
58 14
58 15
58 16
58 17
58 18
58 19
58 20
58 22
58 23
58 24
58 25
58 26
58 27
58 28
58 29
58 30
58 31
58 32
58 33
58 34
58 35
58 36
58 37
58 38
58 39
58 40
58 41
58 42
58 43
58 44
58 45
58 46
58 48
58 49
59 0
59 1
59 2
59 3
59 4
59 7
59 8
59 9
59 10
59 11
59 12
59 14
59 15
59 16
59 17
59 18
59 19
59 20
59 21
59 22
59 24
59 25
59 26
59 27
59 28
59 29
59 31
59 34
59 35
59 36
59 37
59 38
59 39
59 40
59 41
59 42
59 43
59 44
59 46
59 47
59 48
59 49
60 0
60 1
60 2
60 3
60 4
60 5
60 6
60 7
60 9
60 10
60 11
60 12
60 13
60 14
60 15
60 16
60 17
60 18
60 19
60 20
60 21
60 22
60 23
60 24
60 25
60 26
60 27
60 28
60 29
60 30
60 31
60 32
60 33
60 34
60 35
60 36
60 37
60 38
60 39
60 40
60 41
60 42
60 43
60 44
60 46
60 47
60 48
61 0
61 1
61 3
61 4
61 5
61 7
61 9
61 10
61 11
61 12
61 13
61 14
61 15
61 17
61 18
61 19
61 20
61 21
61 22
61 23
61 24
61 25
61 26
61 27
61 28
61 29
61 30
61 32
61 33
61 34
61 35
61 36
61 37
61 38
61 39
61 40
61 41
61 42
61 43
61 44
61 45
61 46
61 47
61 49
62 0
62 1
62 2
62 3
62 5
62 6
62 7
62 8
62 9
62 10
62 11
62 12
62 13
62 15
62 16
62 17
62 18
62 19
62 20
62 21
62 22
62 23
62 24
62 25
62 26
62 27
62 29
62 30
62 31
62 32
62 33
62 34
62 35
62 36
62 37
62 38
62 39
62 40
62 41
62 42
62 44
62 45
62 46
62 47
62 48
62 49
63 0
63 1
63 2
63 3
63 4
63 5
63 6
63 7
63 8
63 9
63 10
63 11
63 14
63 15
63 16
63 17
63 18
63 19
63 20
63 21
63 23
63 24
63 25
63 27
63 28
63 29
63 30
63 31
63 33
63 34
63 35
63 36
63 37
63 38
63 39
63 40
63 41
63 42
63 43
63 44
63 45
63 46
63 47
63 48
63 49
63 13
64 0
64 1
64 2
64 3
64 4
64 5
64 6
64 7
64 8
64 9
64 10
64 11
64 12
64 13
64 14
64 15
64 16
64 17
64 18
64 19
64 20
64 21
64 22
64 23
64 24
64 25
64 26
64 27
64 28
64 29
64 30
64 31
64 32
64 34
64 35
64 36
64 37
64 38
64 39
64 40
64 41
64 42
64 43
64 44
64 45
64 46
64 47
64 48
64 49
65 2
65 3
65 4
65 5
65 6
65 7
65 8
65 9
65 11
65 12
65 13
65 14
65 15
65 16
65 17
65 18
65 19
65 20
65 21
65 22
65 23
65 25
65 27
65 28
65 29
65 30
65 31
65 32
65 33
65 34
65 35
65 36
65 37
65 40
65 41
65 42
65 43
65 44
65 45
65 46
65 48
65 49
66 0
66 1
66 2
66 3
66 4
66 5
66 6
66 7
66 8
66 10
66 11
66 12
66 13
66 14
66 15
66 16
66 17
66 18
66 19
66 20
66 21
66 22
66 23
66 24
66 25
66 26
66 27
66 28
66 29
66 30
66 32
66 33
66 34
66 35
66 37
66 38
66 39
66 40
66 41
66 43
66 44
66 45
66 46
66 48
66 49
67 0
67 1
67 2
67 3
67 4
67 5
67 6
67 7
67 8
67 9
67 10
67 12
67 13
67 14
67 15
67 16
67 18
67 19
67 20
67 21
67 22
67 23
67 24
67 25
67 26
67 27
67 28
67 29
67 31
67 33
67 34
67 35
67 36
67 37
67 38
67 39
67 40
67 41
67 42
67 43
67 44
67 45
67 46
67 47
67 48
67 49
67 17
68 0
68 1
68 2
68 4
68 5
68 6
68 7
68 8
68 9
68 10
68 11
68 12
68 13
68 14
68 16
68 17
68 18
68 19
68 20
68 21
68 23
68 24
68 25
68 26
68 27
68 28
68 29
68 32
68 34
68 35
68 36
68 37
68 38
68 39
68 40
68 41
68 42
68 43
68 44
68 45
68 46
68 47
68 49
69 0
69 1
69 2
69 3
69 4
69 5
69 6
69 7
69 8
69 9
69 11
69 12
69 13
69 14
69 16
69 17
69 18
69 20
69 21
69 22
69 23
69 25
69 26
69 27
69 29
69 30
69 31
69 32
69 33
69 34
69 35
69 36
69 37
69 38
69 39
69 42
69 43
69 44
69 45
69 46
69 48
69 49
69 19
70 0
70 1
70 2
70 3
70 4
70 5
70 6
70 7
70 8
70 9
70 11
70 12
70 13
70 14
70 16
70 17
70 18
70 19
70 20
70 21
70 22
70 23
70 24
70 25
70 26
70 27
70 28
70 29
70 30
70 31
70 32
70 33
70 34
70 35
70 36
70 37
70 38
70 39
70 40
70 41
70 42
70 43
70 44
70 45
70 46
70 47
70 48
71 0
71 1
71 2
71 3
71 4
71 5
71 6
71 7
71 8
71 9
71 10
71 11
71 13
71 14
71 15
71 16
71 17
71 18
71 19
71 20
71 21
71 22
71 23
71 24
71 25
71 26
71 27
71 28
71 29
71 30
71 31
71 32
71 33
71 34
71 35
71 36
71 37
71 39
71 40
71 41
71 42
71 43
71 44
71 45
71 46
71 47
71 48
71 49
72 0
72 1
72 2
72 3
72 4
72 5
72 6
72 8
72 9
72 11
72 12
72 13
72 14
72 15
72 16
72 17
72 18
72 19
72 20
72 21
72 22
72 23
72 24
72 25
72 26
72 27
72 28
72 29
72 30
72 31
72 32
72 34
72 35
72 36
72 38
72 39
72 40
72 41
72 42
72 43
72 44
72 45
72 46
72 47
72 48
72 49
73 0
73 1
73 2
73 3
73 4
73 5
73 6
73 7
73 8
73 9
73 10
73 12
73 13
73 15
73 16
73 18
73 19
73 20
73 21
73 22
73 23
73 24
73 25
73 26
73 27
73 28
73 29
73 30
73 32
73 33
73 34
73 35
73 36
73 37
73 38
73 39
73 40
73 41
73 42
73 43
73 44
73 45
73 46
73 47
73 48
73 49
74 0
74 1
74 2
74 3
74 4
74 5
74 6
74 8
74 9
74 10
74 11
74 12
74 13
74 14
74 15
74 16
74 17
74 18
74 20
74 21
74 22
74 23
74 24
74 25
74 26
74 28
74 29
74 30
74 31
74 32
74 33
74 34
74 35
74 36
74 37
74 38
74 40
74 41
74 42
74 43
74 44
74 45
74 47
74 48
74 49
75 0
75 1
75 2
75 3
75 4
75 5
75 6
75 7
75 8
75 9
75 10
75 11
75 12
75 13
75 14
75 15
75 16
75 17
75 18
75 19
75 20
75 21
75 22
75 23
75 24
75 25
75 26
75 27
75 28
75 29
75 30
75 31
75 32
75 34
75 35
75 36
75 37
75 38
75 39
75 40
75 41
75 42
75 43
75 44
75 45
75 46
75 47
75 48
75 49
76 0
76 1
76 2
76 3
76 4
76 5
76 6
76 7
76 8
76 9
76 10
76 11
76 13
76 14
76 15
76 16
76 17
76 18
76 19
76 20
76 21
76 22
76 23
76 24
76 25
76 26
76 28
76 29
76 30
76 31
76 32
76 33
76 34
76 35
76 36
76 37
76 38
76 39
76 40
76 41
76 42
76 43
76 44
76 45
76 46
76 47
76 49
77 0
77 1
77 2
77 3
77 5
77 6
77 7
77 8
77 9
77 10
77 11
77 12
77 13
77 14
77 15
77 17
77 18
77 19
77 20
77 21
77 22
77 23
77 24
77 25
77 26
77 27
77 28
77 29
77 30
77 31
77 33
77 34
77 35
77 36
77 37
77 38
77 39
77 41
77 42
77 43
77 44
77 45
77 46
77 47
77 48
77 49
78 0
78 1
78 2
78 3
78 4
78 5
78 6
78 7
78 8
78 9
78 10
78 11
78 12
78 13
78 14
78 15
78 16
78 17
78 20
78 21
78 22
78 23
78 24
78 25
78 26
78 27
78 28
78 29
78 30
78 32
78 33
78 34
78 35
78 37
78 38
78 39
78 40
78 41
78 42
78 43
78 44
78 45
78 46
78 47
78 48
78 49
79 0
79 1
79 2
79 3
79 4
79 5
79 7
79 8
79 9
79 11
79 12
79 13
79 14
79 15
79 16
79 17
79 18
79 19
79 20
79 21
79 22
79 23
79 24
79 25
79 26
79 27
79 28
79 29
79 30
79 31
79 32
79 33
79 34
79 35
79 36
79 37
79 38
79 39
79 40
79 41
79 42
79 43
79 44
79 46
79 47
79 48
79 49
80 0
80 1
80 2
80 3
80 4
80 5
80 6
80 7
80 8
80 9
80 10
80 11
80 13
80 14
80 15
80 16
80 17
80 18
80 19
80 20
80 21
80 22
80 23
80 24
80 25
80 26
80 27
80 28
80 29
80 30
80 31
80 32
80 33
80 34
80 35
80 36
80 37
80 38
80 39
80 40
80 41
80 42
80 43
80 44
80 45
80 46
80 47
80 48
80 49
81 0
81 1
81 2
81 3
81 4
81 5
81 6
81 7
81 8
81 9
81 10
81 11
81 12
81 14
81 15
81 16
81 18
81 19
81 20
81 22
81 23
81 24
81 25
81 26
81 27
81 28
81 29
81 30
81 31
81 32
81 33
81 34
81 35
81 36
81 37
81 38
81 39
81 40
81 41
81 42
81 43
81 44
81 45
81 46
81 49
82 0
82 1
82 3
82 4
82 5
82 6
82 7
82 8
82 9
82 10
82 11
82 12
82 13
82 15
82 16
82 17
82 18
82 19
82 21
82 23
82 24
82 25
82 26
82 27
82 28
82 29
82 30
82 31
82 32
82 33
82 34
82 35
82 36
82 37
82 38
82 41
82 42
82 43
82 44
82 45
82 46
82 47
82 48
82 49
83 2
83 3
83 4
83 5
83 6
83 7
83 8
83 9
83 10
83 11
83 12
83 13
83 14
83 15
83 16
83 17
83 18
83 19
83 20
83 21
83 22
83 23
83 25
83 26
83 27
83 28
83 29
83 30
83 31
83 33
83 34
83 37
83 38
83 39
83 40
83 41
83 42
83 44
83 45
83 47
83 48
83 49
84 0
84 1
84 2
84 3
84 4
84 5
84 6
84 7
84 8
84 10
84 11
84 12
84 13
84 14
84 15
84 16
84 17
84 18
84 19
84 20
84 21
84 22
84 23
84 24
84 26
84 27
84 28
84 30
84 31
84 32
84 33
84 34
84 35
84 36
84 37
84 38
84 39
84 40
84 41
84 42
84 43
84 44
84 45
84 46
84 47
84 48
84 49
85 0
85 1
85 2
85 3
85 4
85 5
85 6
85 7
85 8
85 9
85 10
85 11
85 12
85 13
85 14
85 15
85 16
85 17
85 18
85 19
85 20
85 21
85 23
85 24
85 25
85 26
85 27
85 28
85 29
85 30
85 31
85 32
85 34
85 36
85 37
85 38
85 39
85 41
85 42
85 43
85 45
85 46
85 47
85 49
85 35
86 0
86 2
86 3
86 5
86 6
86 7
86 8
86 9
86 10
86 11
86 12
86 13
86 14
86 15
86 16
86 17
86 18
86 19
86 20
86 21
86 22
86 23
86 24
86 26
86 27
86 28
86 29
86 31
86 32
86 33
86 34
86 35
86 37
86 38
86 39
86 40
86 41
86 42
86 43
86 44
86 45
86 46
86 48
86 49
86 36
87 0
87 1
87 2
87 3
87 4
87 5
87 6
87 7
87 8
87 9
87 11
87 12
87 13
87 14
87 16
87 17
87 18
87 19
87 20
87 21
87 23
87 24
87 25
87 26
87 27
87 28
87 29
87 30
87 31
87 32
87 33
87 34
87 35
87 38
87 40
87 42
87 44
87 45
87 46
87 47
87 48
87 49
87 37
88 0
88 1
88 2
88 3
88 5
88 6
88 7
88 8
88 9
88 10
88 11
88 12
88 13
88 14
88 15
88 16
88 17
88 18
88 19
88 20
88 21
88 22
88 23
88 24
88 25
88 26
88 28
88 29
88 30
88 31
88 32
88 34
88 35
88 36
88 37
88 40
88 42
88 43
88 45
88 46
88 47
88 48
88 49
88 38
89 0
89 1
89 2
89 3
89 4
89 5
89 6
89 7
89 8
89 9
89 10
89 11
89 12
89 13
89 14
89 15
89 16
89 17
89 18
89 19
89 20
89 21
89 23
89 24
89 26
89 28
89 29
89 31
89 32
89 33
89 35
89 36
89 37
89 38
89 39
89 40
89 41
89 42
89 43
89 44
89 45
89 46
89 47
89 48
89 49
90 0
90 1
90 2
90 3
90 5
90 6
90 9
90 10
90 11
90 12
90 13
90 14
90 15
90 16
90 17
90 18
90 19
90 20
90 21
90 22
90 23
90 24
90 25
90 26
90 27
90 28
90 29
90 30
90 31
90 32
90 33
90 34
90 35
90 36
90 37
90 38
90 40
90 41
90 42
90 43
90 44
90 45
90 46
90 48
90 49
91 0
91 1
91 2
91 3
91 5
91 6
91 7
91 8
91 9
91 11
91 13
91 14
91 15
91 16
91 17
91 18
91 19
91 21
91 22
91 23
91 24
91 25
91 26
91 27
91 28
91 29
91 30
91 31
91 32
91 33
91 34
91 35
91 36
91 37
91 38
91 40
91 41
91 42
91 44
91 45
91 46
91 47
91 48
91 49
92 0
92 1
92 2
92 3
92 4
92 5
92 6
92 7
92 8
92 10
92 11
92 12
92 13
92 14
92 16
92 17
92 18
92 19
92 20
92 21
92 22
92 23
92 24
92 25
92 26
92 27
92 28
92 29
92 30
92 31
92 32
92 33
92 34
92 35
92 36
92 37
92 38
92 39
92 40
92 41
92 43
92 44
92 45
92 46
92 47
92 49
92 42
93 0
93 1
93 2
93 3
93 4
93 5
93 6
93 7
93 8
93 9
93 10
93 11
93 12
93 13
93 14
93 15
93 17
93 18
93 19
93 20
93 21
93 22
93 23
93 24
93 25
93 26
93 28
93 29
93 30
93 31
93 32
93 33
93 34
93 36
93 37
93 38
93 39
93 40
93 41
93 43
93 44
93 45
93 48
93 49
94 1
94 2
94 3
94 4
94 5
94 6
94 7
94 8
94 9
94 10
94 11
94 12
94 13
94 14
94 16
94 17
94 19
94 21
94 22
94 24
94 25
94 26
94 27
94 28
94 29
94 30
94 31
94 32
94 33
94 34
94 35
94 36
94 37
94 38
94 39
94 40
94 41
94 42
94 43
94 46
94 47
94 48
94 49
94 44
95 0
95 1
95 2
95 4
95 5
95 6
95 7
95 8
95 9
95 10
95 11
95 12
95 13
95 14
95 15
95 16
95 17
95 18
95 19
95 20
95 21
95 22
95 23
95 24
95 26
95 27
95 28
95 29
95 30
95 31
95 32
95 33
95 34
95 35
95 36
95 37
95 38
95 39
95 40
95 41
95 43
95 44
95 45
95 46
95 47
95 48
95 49
96 0
96 1
96 2
96 3
96 4
96 6
96 7
96 8
96 9
96 10
96 11
96 12
96 13
96 14
96 15
96 16
96 17
96 19
96 20
96 21
96 22
96 23
96 24
96 25
96 26
96 27
96 28
96 30
96 31
96 32
96 33
96 34
96 35
96 36
96 37
96 38
96 39
96 40
96 41
96 42
96 43
96 44
96 45
96 48
96 49
96 46
97 0
97 1
97 2
97 3
97 4
97 5
97 6
97 7
97 8
97 9
97 12
97 13
97 14
97 15
97 16
97 17
97 18
97 19
97 20
97 21
97 22
97 23
97 24
97 25
97 26
97 27
97 28
97 29
97 31
97 32
97 33
97 34
97 35
97 36
97 37
97 38
97 39
97 40
97 41
97 42
97 43
97 45
97 46
97 47
97 48
97 49
98 0
98 1
98 2
98 3
98 4
98 5
98 6
98 7
98 8
98 9
98 10
98 11
98 12
98 13
98 14
98 15
98 16
98 17
98 18
98 19
98 20
98 21
98 22
98 23
98 24
98 25
98 26
98 27
98 28
98 30
98 31
98 32
98 33
98 34
98 35
98 36
98 37
98 38
98 39
98 40
98 41
98 44
98 45
98 46
98 48
98 49
99 0
99 1
99 2
99 3
99 4
99 5
99 6
99 7
99 8
99 9
99 10
99 11
99 12
99 14
99 15
99 16
99 17
99 18
99 19
99 20
99 22
99 23
99 24
99 25
99 26
99 27
99 28
99 29
99 30
99 31
99 32
99 33
99 34
99 35
99 37
99 38
99 39
99 40
99 41
99 43
99 45
99 46
99 47
99 48
99 49
