  500   4674
0 253
0 255
0 282
0 315
0 344
0 357
0 365
0 409
0 416
0 428
0 450
0 457
0 479
0 490
0 498
0 176
0 215
0 227
0 250
1 252
1 256
1 270
1 272
1 274
1 314
1 342
1 383
1 414
1 443
1 471
1 96
1 234
1 251
2 260
2 287
2 299
2 306
2 309
2 337
2 342
2 379
2 396
2 414
2 418
2 429
2 442
2 451
2 455
2 496
2 121
2 190
2 234
2 252
3 252
3 295
3 299
3 308
3 318
3 333
3 345
3 368
3 371
3 381
3 382
3 386
3 389
3 397
3 432
3 453
3 477
3 483
3 495
3 498
3 28
3 119
3 149
3 157
3 208
3 225
3 253
4 267
4 283
4 293
4 298
4 304
4 305
4 306
4 307
4 310
4 334
4 350
4 377
4 416
4 422
4 423
4 424
4 428
4 444
4 445
4 446
4 448
4 453
4 465
4 466
4 489
4 490
4 25
4 33
4 103
4 142
4 186
4 222
4 254
5 262
5 265
5 284
5 298
5 301
5 321
5 348
5 354
5 375
5 380
5 395
5 410
5 411
5 412
5 417
5 433
5 445
5 454
5 456
5 481
5 482
5 499
5 16
5 43
5 101
5 157
5 176
5 255
6 289
6 293
6 317
6 330
6 348
6 355
6 415
6 429
6 430
6 445
6 452
6 491
6 69
6 128
6 161
6 170
6 186
6 256
7 259
7 283
7 303
7 332
7 349
7 354
7 392
7 395
7 398
7 402
7 403
7 416
7 431
7 432
7 434
7 447
7 456
7 468
7 474
7 44
7 47
7 90
7 193
7 257
8 252
8 255
8 265
8 296
8 304
8 317
8 370
8 431
8 438
8 469
8 489
8 145
8 244
8 258
9 277
9 282
9 284
9 291
9 368
9 435
9 439
9 455
9 456
9 25
9 83
9 132
9 180
9 236
9 259
10 254
10 267
10 268
10 289
10 291
10 298
10 299
10 341
10 358
10 364
10 376
10 383
10 385
10 388
10 484
10 54
10 61
10 98
10 110
10 111
10 147
10 149
10 162
10 190
10 193
10 196
10 231
10 260
11 250
11 269
11 297
11 301
11 321
11 325
11 348
11 349
11 384
11 386
11 399
11 400
11 409
11 474
11 479
11 486
11 493
11 63
11 91
11 117
11 150
11 243
11 261
12 266
12 268
12 280
12 284
12 290
12 294
12 314
12 317
12 347
12 412
12 428
12 436
12 464
12 119
12 209
12 262
13 263
13 267
13 318
13 365
13 404
13 406
13 430
13 466
13 188
13 217
14 251
14 260
14 275
14 336
14 341
14 348
14 352
14 367
14 370
14 401
14 402
14 420
14 421
14 457
14 473
14 479
14 483
14 20
14 41
14 66
14 133
14 146
14 175
14 195
14 200
14 264
15 255
15 282
15 286
15 293
15 304
15 309
15 319
15 321
15 325
15 339
15 373
15 381
15 445
15 449
15 450
15 456
15 460
15 471
15 100
15 115
15 197
15 199
15 265
16 257
16 293
16 309
16 333
16 338
16 356
16 374
16 383
16 385
16 386
16 398
16 445
16 491
16 5
16 80
16 82
16 163
16 211
16 246
16 266
17 266
17 270
17 298
17 303
17 305
17 308
17 321
17 348
17 392
17 397
17 405
17 415
17 424
17 425
17 481
17 499
17 62
17 72
17 121
17 128
17 164
17 169
17 218
17 238
17 246
17 249
17 267
18 255
18 283
18 286
18 295
18 312
18 334
18 360
18 384
18 395
18 429
18 444
18 453
18 478
18 481
18 487
18 495
18 88
18 105
18 125
18 158
18 199
18 206
18 218
18 240
18 268
19 261
19 275
19 294
19 322
19 330
19 371
19 387
19 389
19 404
19 438
19 454
19 458
19 470
19 473
19 488
19 491
19 23
19 102
19 104
19 134
19 178
19 207
19 223
19 269
20 253
20 255
20 265
20 267
20 309
20 321
20 345
20 349
20 351
20 372
20 419
20 433
20 439
20 440
20 463
20 482
20 493
20 14
20 39
20 89
20 107
20 170
20 171
20 183
20 225
20 270
21 257
21 261
21 281
21 289
21 292
21 298
21 323
21 380
21 405
21 445
21 29
21 271
22 251
22 259
22 284
22 302
22 337
22 351
22 364
22 426
22 445
22 446
22 452
22 459
22 473
22 475
22 476
22 486
22 487
22 43
22 56
22 72
22 113
22 127
22 173
22 193
22 272
23 252
23 257
23 331
23 337
23 358
23 360
23 366
23 371
23 412
23 425
23 430
23 446
23 464
23 488
23 495
23 499
23 19
23 36
23 40
23 45
23 81
23 109
23 112
23 188
23 225
23 273
24 290
24 291
24 297
24 316
24 334
24 339
24 349
24 351
24 360
24 364
24 376
24 381
24 385
24 392
24 403
24 410
24 423
24 462
24 478
24 80
24 88
24 97
24 118
24 123
24 163
24 172
24 216
24 235
24 274
25 252
25 270
25 273
25 281
25 284
25 291
25 352
25 366
25 409
25 412
25 414
25 434
25 435
25 440
25 446
25 469
25 475
25 478
25 498
25 4
25 9
25 26
25 39
25 42
25 76
25 161
25 275
26 250
26 330
26 332
26 338
26 352
26 366
26 369
26 372
26 375
26 393
26 425
26 427
26 429
26 431
26 438
26 467
26 477
26 486
26 25
26 37
26 224
26 276
27 274
27 278
27 323
27 330
27 339
27 346
27 347
27 353
27 356
27 364
27 369
27 385
27 398
27 409
27 429
27 439
27 482
27 484
27 491
27 498
27 48
27 243
27 277
28 252
28 265
28 275
28 286
28 308
28 309
28 326
28 365
28 377
28 387
28 417
28 423
28 427
28 458
28 475
28 497
28 3
28 74
28 165
28 201
28 224
28 226
28 236
28 278
29 252
29 288
29 291
29 298
29 316
29 319
29 327
29 333
29 377
29 459
29 471
29 21
29 66
29 213
29 232
29 279
30 266
30 288
30 320
30 360
30 361
30 376
30 434
30 435
30 455
30 39
30 40
30 45
30 141
30 280
31 252
31 259
31 337
31 344
31 346
31 371
31 372
31 377
31 380
31 391
31 404
31 427
31 439
31 443
31 471
31 478
31 487
31 498
31 187
31 192
31 281
32 254
32 272
32 277
32 289
32 292
32 316
32 318
32 347
32 362
32 371
32 382
32 423
32 425
32 432
32 440
32 447
32 458
32 469
32 484
32 486
32 489
32 490
32 493
32 498
32 87
32 171
32 173
32 248
32 282
33 280
33 295
33 321
33 325
33 346
33 347
33 354
33 355
33 359
33 364
33 397
33 407
33 442
33 456
33 459
33 489
33 4
33 59
33 75
33 95
33 109
33 132
33 203
33 283
34 259
34 264
34 284
34 300
34 329
34 347
34 353
34 371
34 381
34 383
34 385
34 389
34 398
34 418
34 441
34 448
34 457
34 474
34 53
35 267
35 277
35 340
35 356
35 383
35 385
35 406
35 423
35 453
35 457
35 458
35 481
35 486
35 487
35 489
35 498
35 36
35 47
35 55
35 79
35 92
35 148
35 158
35 168
35 197
35 205
35 240
35 285
36 289
36 290
36 296
36 333
36 367
36 415
36 469
36 476
36 484
36 23
36 35
36 54
36 183
36 193
36 286
37 251
37 252
37 262
37 266
37 301
37 305
37 313
37 339
37 344
37 358
37 385
37 399
37 410
37 438
37 26
37 38
37 69
37 117
37 226
37 287
38 272
38 307
38 329
38 348
38 352
38 386
38 392
38 396
38 400
38 410
38 469
38 474
38 488
38 37
38 40
38 89
38 111
38 147
38 194
38 249
38 288
39 260
39 261
39 302
39 313
39 320
39 335
39 356
39 377
39 379
39 389
39 425
39 431
39 470
39 482
39 20
39 25
39 30
39 82
39 134
39 144
39 232
39 289
40 257
40 259
40 264
40 299
40 303
40 309
40 336
40 405
40 414
40 415
40 434
40 464
40 482
40 23
40 30
40 38
40 45
40 94
40 150
40 157
40 161
40 290
41 253
41 258
41 306
41 321
41 346
41 364
41 384
41 394
41 405
41 414
41 423
41 435
41 441
41 447
41 455
41 462
41 487
41 14
41 72
41 135
41 140
41 155
41 161
41 291
42 261
42 269
42 275
42 276
42 321
42 350
42 400
42 406
42 417
42 428
42 431
42 435
42 459
42 463
42 464
42 498
42 25
42 114
42 180
42 292
43 328
43 375
43 398
43 473
43 475
43 5
43 22
43 171
43 228
43 293
44 261
44 298
44 308
44 321
44 351
44 371
44 449
44 454
44 456
44 469
44 493
44 7
44 62
44 83
44 187
44 232
44 294
45 258
45 273
45 316
45 355
45 356
45 387
45 415
45 417
45 418
45 435
45 437
45 464
45 471
45 481
45 486
45 23
45 30
45 40
45 99
45 100
45 171
45 219
45 295
46 264
46 272
46 287
46 291
46 295
46 297
46 301
46 309
46 323
46 326
46 340
46 357
46 366
46 370
46 392
46 400
46 448
46 475
46 477
46 492
46 142
46 296
47 289
47 306
47 319
47 321
47 341
47 387
47 405
47 419
47 471
47 498
47 7
47 35
47 185
47 297
48 263
48 264
48 293
48 298
48 310
48 345
48 363
48 400
48 444
48 450
48 452
48 472
48 475
48 482
48 484
48 27
48 116
48 149
49 255
49 269
49 274
49 295
49 310
49 321
49 326
49 334
49 354
49 416
49 420
49 426
49 436
49 439
49 441
49 445
49 472
49 71
49 100
49 106
49 146
49 147
49 224
49 299
50 262
50 282
50 325
50 338
50 340
50 346
50 356
50 363
50 395
50 409
50 413
50 420
50 428
50 434
50 436
50 446
50 480
50 494
50 498
50 124
50 148
50 233
50 245
50 300
51 270
51 288
51 304
51 363
51 386
51 395
51 396
51 398
51 404
51 454
51 465
51 476
51 483
51 494
51 91
51 171
51 227
51 301
52 255
52 256
52 277
52 283
52 284
52 301
52 302
52 312
52 315
52 317
52 319
52 338
52 365
52 372
52 383
52 396
52 400
52 187
52 228
52 248
53 281
53 289
53 295
53 298
53 299
53 308
53 313
53 316
53 317
53 326
53 375
53 378
53 419
53 423
53 451
53 456
53 467
53 484
53 34
53 177
53 303
54 251
54 277
54 278
54 297
54 331
54 357
54 361
54 376
54 399
54 406
54 431
54 432
54 438
54 439
54 458
54 489
54 10
54 36
54 151
54 160
54 164
54 215
54 228
54 243
54 304
55 268
55 332
55 334
55 342
55 351
55 420
55 426
55 427
55 445
55 465
55 474
55 487
55 498
55 35
55 61
55 146
55 196
55 207
55 213
55 305
56 260
56 288
56 295
56 312
56 313
56 347
56 392
56 440
56 450
56 460
56 488
56 496
56 22
56 67
56 141
56 171
56 306
57 250
57 252
57 260
57 270
57 288
57 341
57 358
57 366
57 374
57 386
57 414
57 428
57 460
57 473
57 487
57 61
57 161
57 175
57 307
58 264
58 285
58 307
58 316
58 349
58 352
58 359
58 377
58 409
58 414
58 416
58 419
58 449
58 456
58 462
58 475
58 105
58 107
58 308
59 250
59 291
59 353
59 431
59 460
59 33
59 153
59 196
59 197
59 309
60 280
60 282
60 293
60 295
60 302
60 318
60 326
60 347
60 359
60 360
60 375
60 378
60 391
60 414
60 416
60 419
60 461
60 463
60 464
60 480
60 496
60 97
60 198
60 232
60 310
61 252
61 259
61 265
61 268
61 273
61 283
61 286
61 288
61 296
61 304
61 305
61 313
61 335
61 376
61 385
61 386
61 412
61 413
61 444
61 459
61 463
61 494
61 495
61 10
61 55
61 57
61 108
61 190
61 217
61 219
61 311
62 254
62 255
62 265
62 268
62 288
62 293
62 300
62 320
62 331
62 347
62 358
62 386
62 409
62 422
62 445
62 454
62 459
62 461
62 462
62 468
62 488
62 17
62 44
62 175
62 183
62 215
62 223
62 312
63 292
63 306
63 320
63 323
63 342
63 346
63 365
63 381
63 390
63 406
63 422
63 428
63 430
63 432
63 454
63 474
63 476
63 482
63 497
63 11
63 313
64 279
64 287
64 293
64 313
64 315
64 319
64 337
64 341
64 343
64 354
64 363
64 366
64 369
64 387
64 440
64 491
64 493
64 497
64 89
64 99
64 191
64 225
64 314
65 259
65 264
65 291
65 293
65 295
65 302
65 305
65 321
65 327
65 331
65 355
65 375
65 378
65 417
65 419
65 425
65 429
65 435
65 479
65 155
65 180
65 315
66 255
66 257
66 274
66 302
66 313
66 321
66 333
66 339
66 348
66 368
66 370
66 454
66 456
66 462
66 487
66 14
66 29
66 88
66 120
66 126
66 155
66 316
67 278
67 282
67 286
67 292
67 299
67 306
67 310
67 346
67 387
67 391
67 493
67 56
67 121
67 156
67 240
67 242
67 243
67 317
68 263
68 280
68 289
68 293
68 297
68 315
68 351
68 395
68 402
68 430
68 431
68 433
68 442
68 70
68 77
68 110
68 139
68 318
69 256
69 288
69 295
69 306
69 339
69 376
69 382
69 402
69 429
69 438
69 444
69 449
69 478
69 6
69 37
69 182
69 239
69 319
70 251
70 252
70 257
70 283
70 372
70 446
70 464
70 469
70 489
70 68
70 216
70 245
70 320
71 250
71 251
71 256
71 258
71 259
71 340
71 359
71 366
71 376
71 377
71 396
71 419
71 440
71 443
71 49
71 202
71 321
72 266
72 270
72 288
72 315
72 328
72 338
72 364
72 382
72 386
72 399
72 408
72 413
72 430
72 474
72 488
72 493
72 17
72 22
72 41
72 89
72 322
73 251
73 261
73 266
73 267
73 272
73 277
73 280
73 289
73 298
73 310
73 317
73 319
73 334
73 381
73 383
73 415
73 453
73 461
73 467
73 486
73 494
73 496
73 92
73 163
73 199
73 234
73 323
74 250
74 259
74 321
74 336
74 349
74 362
74 370
74 372
74 444
74 459
74 482
74 28
74 109
74 169
74 184
74 201
74 324
75 256
75 268
75 271
75 303
75 309
75 315
75 330
75 363
75 365
75 384
75 407
75 444
75 490
75 493
75 494
75 33
75 155
75 325
76 304
76 311
76 329
76 330
76 350
76 353
76 366
76 379
76 385
76 393
76 432
76 463
76 498
76 25
76 123
76 146
76 185
76 215
76 221
76 227
76 326
77 256
77 269
77 288
77 297
77 336
77 350
77 351
77 381
77 388
77 417
77 422
77 434
77 444
77 476
77 492
77 68
77 93
77 126
77 134
77 147
77 327
78 258
78 265
78 320
78 338
78 346
78 368
78 379
78 387
78 418
78 428
78 445
78 450
78 91
78 164
78 235
78 328
79 253
79 256
79 281
79 356
79 405
79 407
79 420
79 450
79 460
79 35
79 85
79 118
79 136
79 161
79 329
80 253
80 266
80 329
80 332
80 333
80 365
80 406
80 415
80 417
80 472
80 474
80 478
80 483
80 491
80 16
80 24
80 108
80 118
80 131
80 140
80 143
80 186
80 330
81 259
81 266
81 293
81 327
81 333
81 345
81 366
81 379
81 391
81 416
81 422
81 429
81 473
81 491
81 23
81 135
81 137
81 164
81 247
81 331
82 266
82 285
82 289
82 319
82 326
82 375
82 381
82 399
82 435
82 440
82 443
82 462
82 496
82 16
82 39
82 110
82 191
82 218
82 332
83 251
83 257
83 268
83 287
83 300
83 320
83 328
83 340
83 351
83 362
83 382
83 393
83 409
83 427
83 431
83 453
83 468
83 477
83 497
83 9
83 44
83 133
83 201
83 228
83 333
84 250
84 257
84 305
84 310
84 325
84 330
84 340
84 353
84 368
84 391
84 399
84 424
84 450
84 474
84 482
84 489
84 128
84 138
84 188
84 212
84 233
84 334
85 282
85 296
85 300
85 308
85 317
85 324
85 371
85 424
85 446
85 451
85 455
85 484
85 79
85 154
85 156
85 167
85 183
85 190
85 222
85 335
86 254
86 270
86 284
86 299
86 326
86 364
86 371
86 373
86 381
86 382
86 391
86 417
86 419
86 424
86 454
86 468
86 482
86 495
86 109
86 161
86 166
86 175
86 184
86 336
87 276
87 281
87 353
87 445
87 469
87 484
87 32
87 91
87 145
87 161
87 226
87 234
87 337
88 273
88 280
88 300
88 335
88 344
88 365
88 389
88 407
88 482
88 18
88 24
88 66
88 98
88 142
88 157
88 212
88 338
89 250
89 265
89 277
89 283
89 284
89 287
89 312
89 385
89 391
89 397
89 417
89 420
89 432
89 435
89 439
89 459
89 480
89 481
89 499
89 20
89 38
89 64
89 72
89 126
89 159
89 203
89 339
90 253
90 295
90 334
90 367
90 403
90 406
90 423
90 426
90 466
90 467
90 468
90 480
90 497
90 7
90 93
90 340
91 255
91 256
91 270
91 309
91 333
91 334
91 351
91 367
91 369
91 395
91 397
91 400
91 417
91 441
91 478
91 485
91 487
91 495
91 11
91 51
91 78
91 87
91 156
91 179
91 217
91 341
92 300
92 330
92 351
92 353
92 449
92 451
92 467
92 485
92 486
92 492
92 35
92 73
92 103
92 150
92 158
92 160
92 206
92 342
93 259
93 278
93 286
93 295
93 301
93 322
93 325
93 340
93 358
93 362
93 365
93 376
93 377
93 403
93 448
93 471
93 482
93 495
93 77
93 90
93 236
93 343
94 277
94 281
94 304
94 324
94 349
94 363
94 367
94 410
94 417
94 421
94 464
94 470
94 480
94 482
94 486
94 488
94 40
94 105
94 141
94 154
94 207
94 216
94 344
95 290
95 310
95 341
95 344
95 408
95 413
95 442
95 477
95 497
95 33
95 163
95 217
95 345
96 266
96 289
96 295
96 303
96 318
96 330
96 335
96 340
96 341
96 355
96 395
96 401
96 414
96 422
96 423
96 490
96 1
96 187
96 210
96 346
97 271
97 279
97 335
97 344
97 348
97 360
97 426
97 434
97 474
97 477
97 479
97 24
97 60
97 167
97 212
97 347
98 261
98 305
98 307
98 350
98 361
98 387
98 409
98 444
98 452
98 464
98 470
98 474
98 10
98 88
98 172
98 348
99 254
99 288
99 319
99 333
99 335
99 353
99 366
99 376
99 391
99 394
99 419
99 422
99 445
99 449
99 465
99 468
99 490
99 494
99 496
99 45
99 64
99 127
99 242
99 249
99 349
100 259
100 332
100 347
100 362
100 442
100 468
100 485
100 491
100 15
100 45
100 49
100 145
100 166
100 227
100 350
101 281
101 289
101 292
101 293
101 297
101 314
101 330
101 350
101 373
101 420
101 470
101 476
101 491
101 5
101 117
101 118
101 190
101 198
101 200
101 240
101 351
102 311
102 326
102 340
102 358
102 368
102 371
102 394
102 455
102 459
102 478
102 480
102 499
102 19
102 113
102 151
102 352
103 255
103 290
103 297
103 308
103 332
103 341
103 353
103 354
103 362
103 457
103 469
103 485
103 498
103 4
103 92
103 120
103 129
103 136
104 259
104 274
104 286
104 308
104 314
104 338
104 344
104 360
104 389
104 437
104 475
104 477
104 481
104 482
104 19
104 110
104 153
104 354
105 263
105 268
105 308
105 311
105 324
105 328
105 344
105 366
105 375
105 391
105 436
105 438
105 471
105 498
105 18
105 58
105 94
105 116
105 235
105 247
105 355
106 278
106 301
106 316
106 325
106 336
106 363
106 389
106 400
106 407
106 413
106 414
106 423
106 443
106 453
106 49
106 163
106 356
107 288
107 293
107 313
107 336
107 366
107 403
107 425
107 439
107 440
107 453
107 454
107 456
107 476
107 484
107 492
107 20
107 58
107 117
107 174
107 180
107 212
107 213
107 357
108 267
108 288
108 297
108 312
108 339
108 341
108 358
108 398
108 402
108 413
108 421
108 424
108 453
108 458
108 499
108 61
108 80
108 143
108 152
108 218
108 225
108 234
109 273
109 274
109 276
109 278
109 279
109 285
109 303
109 308
109 344
109 352
109 375
109 387
109 393
109 398
109 407
109 408
109 412
109 425
109 427
109 442
109 453
109 23
109 33
109 74
109 86
109 148
109 151
109 359
110 255
110 259
110 283
110 291
110 295
110 320
110 332
110 343
110 345
110 371
110 386
110 400
110 404
110 415
110 453
110 498
110 10
110 68
110 82
110 104
110 127
110 198
110 222
110 360
111 266
111 267
111 310
111 316
111 321
111 332
111 340
111 353
111 375
111 405
111 410
111 455
111 10
111 38
111 133
111 200
111 201
111 213
111 361
112 265
112 267
112 288
112 299
112 312
112 314
112 326
112 332
112 362
112 370
112 382
112 387
112 396
112 416
112 480
112 490
112 491
112 499
112 23
112 136
112 197
112 233
113 256
113 293
113 294
113 356
113 378
113 384
113 393
113 405
113 452
113 482
113 22
113 102
113 117
113 123
113 162
113 182
113 242
113 363
114 283
114 332
114 342
114 348
114 368
114 394
114 404
114 408
114 470
114 493
114 42
114 125
114 227
114 364
115 269
115 283
115 305
115 312
115 368
115 369
115 374
115 381
115 410
115 426
115 455
115 15
115 139
115 193
115 204
115 365
116 250
116 281
116 283
116 315
116 380
116 383
116 385
116 403
116 405
116 421
116 451
116 454
116 459
116 477
116 48
116 105
116 143
116 145
116 191
116 197
116 212
116 235
116 366
117 290
117 295
117 332
117 336
117 342
117 351
117 364
117 373
117 377
117 389
117 432
117 443
117 449
117 456
117 492
117 495
117 11
117 37
117 101
117 107
117 113
117 128
117 170
117 178
117 231
117 367
118 287
118 291
118 295
118 302
118 306
118 317
118 328
118 334
118 380
118 415
118 441
118 446
118 24
118 79
118 80
118 101
118 127
118 188
118 213
118 245
118 368
119 275
119 294
119 296
119 297
119 325
119 342
119 343
119 345
119 349
119 355
119 361
119 370
119 377
119 409
119 424
119 496
119 3
119 12
119 138
119 154
119 160
119 369
120 264
120 300
120 315
120 323
120 361
120 364
120 390
120 392
120 395
120 401
120 403
120 427
120 436
120 438
120 440
120 443
120 450
120 473
120 485
120 493
120 66
120 103
120 165
120 370
121 263
121 294
121 298
121 318
121 322
121 325
121 336
121 378
121 380
121 407
121 433
121 443
121 446
121 473
121 2
121 17
121 67
121 371
122 260
122 272
122 275
122 276
122 280
122 284
122 285
122 300
122 320
122 327
122 332
122 344
122 349
122 354
122 368
122 369
122 373
122 375
122 449
122 453
122 481
122 124
122 142
122 209
122 372
123 254
123 270
123 293
123 306
123 336
123 343
123 354
123 364
123 367
123 368
123 375
123 384
123 421
123 450
123 453
123 454
123 460
123 485
123 489
123 24
123 76
123 113
123 373
124 276
124 306
124 309
124 361
124 363
124 370
124 381
124 385
124 394
124 400
124 403
124 405
124 408
124 421
124 427
124 453
124 460
124 472
124 489
124 497
124 50
124 122
124 229
124 374
125 251
125 254
125 268
125 306
125 315
125 333
125 347
125 353
125 354
125 401
125 405
125 407
125 426
125 433
125 461
125 471
125 499
125 18
125 114
125 154
125 188
125 236
125 375
126 266
126 276
126 281
126 328
126 345
126 353
126 369
126 391
126 406
126 455
126 471
126 473
126 497
126 66
126 77
126 89
126 127
126 156
126 244
126 376
127 257
127 285
127 291
127 293
127 300
127 308
127 311
127 329
127 331
127 347
127 349
127 354
127 363
127 372
127 460
127 469
127 472
127 474
127 22
127 99
127 110
127 118
127 126
127 141
127 377
128 257
128 277
128 279
128 285
128 297
128 361
128 398
128 399
128 407
128 419
128 437
128 457
128 475
128 476
128 483
128 489
128 6
128 17
128 84
128 117
128 185
128 195
128 209
128 217
128 378
129 290
129 332
129 335
129 356
129 357
129 383
129 385
129 415
129 427
129 443
129 455
129 466
129 490
129 103
129 158
129 379
130 251
130 288
130 299
130 301
130 302
130 332
130 343
130 350
130 356
130 368
130 403
130 407
130 414
130 422
130 444
130 453
130 461
130 491
130 138
130 192
130 380
131 255
131 264
131 278
131 281
131 285
131 288
131 293
131 306
131 327
131 328
131 334
131 354
131 355
131 358
131 364
131 379
131 395
131 401
131 408
131 429
131 432
131 437
131 456
131 462
131 466
131 494
131 497
131 80
131 196
131 203
131 381
132 251
132 266
132 268
132 296
132 310
132 321
132 326
132 389
132 418
132 428
132 433
132 446
132 477
132 488
132 490
132 497
132 9
132 33
132 137
132 175
132 182
132 209
132 235
132 240
132 382
133 295
133 300
133 304
133 307
133 323
133 332
133 337
133 367
133 370
133 393
133 433
133 442
133 465
133 14
133 83
133 111
133 231
133 383
134 258
134 270
134 297
134 307
134 333
134 339
134 342
134 365
134 392
134 397
134 404
134 416
134 437
134 452
134 497
134 499
134 19
134 39
134 77
134 187
134 237
134 384
135 266
135 273
135 282
135 323
135 328
135 342
135 367
135 369
135 399
135 426
135 448
135 470
135 41
135 81
135 214
135 385
136 268
136 355
136 391
136 392
136 401
136 419
136 425
136 445
136 492
136 79
136 103
136 112
136 240
136 386
137 258
137 281
137 301
137 303
137 325
137 350
137 362
137 371
137 373
137 378
137 397
137 417
137 421
137 427
137 450
137 458
137 81
137 132
137 173
137 197
137 387
138 251
138 277
138 285
138 300
138 333
138 335
138 337
138 353
138 355
138 429
138 435
138 451
138 470
138 473
138 477
138 478
138 483
138 488
138 491
138 84
138 119
138 130
138 154
138 199
138 229
138 388
139 250
139 251
139 275
139 296
139 297
139 320
139 332
139 383
139 392
139 441
139 455
139 458
139 466
139 495
139 68
139 115
139 167
139 202
139 203
139 214
139 232
139 238
139 248
139 389
140 250
140 259
140 276
140 282
140 289
140 293
140 310
140 343
140 390
140 392
140 401
140 403
140 409
140 410
140 419
140 423
140 443
140 454
140 488
140 490
140 41
140 80
140 157
141 256
141 258
141 266
141 273
141 289
141 340
141 341
141 363
141 384
141 399
141 417
141 486
141 30
141 56
141 94
141 127
141 237
141 391
142 292
142 325
142 340
142 347
142 360
142 369
142 378
142 380
142 386
142 397
142 400
142 410
142 421
142 434
142 439
142 455
142 471
142 480
142 481
142 4
142 46
142 88
142 122
142 154
142 236
142 392
143 255
143 293
143 294
143 299
143 312
143 331
143 333
143 340
143 352
143 390
143 404
143 424
143 431
143 454
143 466
143 490
143 493
143 498
143 80
143 108
143 116
143 190
143 192
143 193
143 239
143 393
144 250
144 259
144 271
144 289
144 308
144 326
144 351
144 368
144 369
144 407
144 443
144 460
144 462
144 471
144 474
144 479
144 481
144 485
144 39
144 146
144 156
144 194
144 222
144 225
144 232
144 245
144 394
145 274
145 286
145 291
145 294
145 308
145 317
145 349
145 373
145 421
145 432
145 444
145 445
145 463
145 468
145 8
145 87
145 100
145 116
145 175
145 204
145 221
145 395
146 261
146 266
146 283
146 287
146 292
146 300
146 301
146 310
146 320
146 328
146 379
146 380
146 388
146 389
146 403
146 419
146 420
146 433
146 453
146 475
146 14
146 49
146 55
146 76
146 144
146 230
146 236
146 242
146 396
147 259
147 278
147 307
147 315
147 328
147 374
147 385
147 416
147 451
147 470
147 477
147 499
147 10
147 38
147 49
147 77
147 158
147 216
147 240
147 243
147 244
147 397
148 276
148 282
148 286
148 315
148 343
148 395
148 399
148 434
148 441
148 477
148 484
148 35
148 50
148 109
148 155
148 194
148 245
148 398
149 258
149 287
149 299
149 304
149 305
149 319
149 332
149 335
149 347
149 357
149 364
149 383
149 392
149 396
149 405
149 423
149 436
149 445
149 452
149 474
149 481
149 3
149 10
149 48
149 167
149 169
149 220
149 399
150 268
150 269
150 273
150 280
150 293
150 303
150 353
150 366
150 398
150 399
150 400
150 417
150 419
150 426
150 429
150 458
150 459
150 488
150 11
150 40
150 92
151 273
151 302
151 307
151 321
151 327
151 383
151 396
151 413
151 439
151 444
151 54
151 102
151 109
151 203
151 227
151 401
152 285
152 304
152 314
152 317
152 334
152 348
152 362
152 367
152 405
152 407
152 412
152 429
152 458
152 461
152 470
152 478
152 487
152 497
152 108
152 184
152 213
152 232
152 234
152 402
153 260
153 274
153 291
153 298
153 309
153 328
153 334
153 364
153 366
153 370
153 382
153 399
153 407
153 426
153 431
153 475
153 488
153 59
153 104
153 237
153 403
154 251
154 281
154 283
154 308
154 346
154 361
154 363
154 371
154 376
154 378
154 399
154 402
154 412
154 416
154 441
154 466
154 469
154 472
154 85
154 94
154 119
154 125
154 138
154 142
154 238
154 404
155 253
155 263
155 264
155 300
155 308
155 313
155 323
155 347
155 353
155 356
155 361
155 377
155 388
155 420
155 491
155 41
155 65
155 66
155 75
155 148
155 183
155 405
156 277
156 326
156 358
156 380
156 384
156 403
156 432
156 436
156 448
156 454
156 467
156 474
156 475
156 67
156 85
156 91
156 126
156 144
156 406
157 250
157 263
157 284
157 289
157 308
157 344
157 375
157 404
157 405
157 412
157 413
157 457
157 3
157 5
157 40
157 88
157 140
157 208
157 210
157 407
158 256
158 261
158 268
158 274
158 283
158 292
158 296
158 297
158 310
158 326
158 328
158 329
158 348
158 364
158 370
158 373
158 386
158 394
158 404
158 415
158 416
158 421
158 437
158 464
158 489
158 18
158 35
158 92
158 129
158 147
158 167
158 230
158 408
159 268
159 276
159 332
159 339
159 346
159 356
159 359
159 361
159 367
159 380
159 388
159 396
159 421
159 422
159 433
159 453
159 476
159 89
159 163
159 409
160 250
160 256
160 294
160 300
160 331
160 337
160 338
160 354
160 393
160 397
160 399
160 425
160 443
160 454
160 456
160 499
160 54
160 92
160 119
160 176
160 194
160 215
160 229
160 410
161 250
161 255
161 274
161 297
161 359
161 360
161 363
161 395
161 404
161 420
161 435
161 439
161 442
161 448
161 453
161 479
161 490
161 498
161 6
161 25
161 40
161 41
161 57
161 79
161 86
161 87
161 235
161 247
161 411
162 258
162 272
162 285
162 322
162 325
162 338
162 344
162 346
162 349
162 395
162 397
162 406
162 433
162 442
162 456
162 10
162 113
162 169
162 180
162 412
163 259
163 269
163 274
163 296
163 299
163 325
163 350
163 351
163 355
163 359
163 421
163 422
163 433
163 435
163 447
163 451
163 472
163 478
163 16
163 24
163 73
163 95
163 106
163 159
163 193
163 199
163 413
164 264
164 270
164 278
164 286
164 313
164 331
164 341
164 344
164 347
164 348
164 361
164 371
164 380
164 391
164 403
164 448
164 450
164 465
164 469
164 17
164 54
164 78
164 81
164 184
164 414
165 261
165 266
165 272
165 286
165 291
165 300
165 303
165 348
165 358
165 361
165 419
165 429
165 445
165 479
165 480
165 484
165 28
165 120
165 229
165 240
165 244
165 415
166 267
166 275
166 283
166 303
166 335
166 364
166 372
166 423
166 437
166 476
166 483
166 489
166 491
166 497
166 86
166 100
166 185
166 188
166 196
166 202
166 231
166 416
167 260
167 288
167 291
167 294
167 298
167 306
167 311
167 316
167 326
167 339
167 347
167 364
167 372
167 377
167 411
167 412
167 418
167 423
167 430
167 432
167 449
167 452
167 453
167 458
167 481
167 85
167 97
167 139
167 149
167 158
167 205
167 417
168 291
168 324
168 330
168 337
168 340
168 357
168 366
168 380
168 385
168 422
168 424
168 456
168 460
168 467
168 480
168 35
168 216
168 224
168 226
168 418
169 254
169 272
169 284
169 289
169 303
169 319
169 342
169 363
169 424
169 438
169 439
169 468
169 474
169 480
169 17
169 74
169 149
169 162
169 184
169 419
170 270
170 296
170 353
170 376
170 408
170 422
170 423
170 425
170 437
170 460
170 473
170 482
170 6
170 20
170 117
170 193
170 208
170 210
170 420
171 264
171 283
171 293
171 361
171 363
171 365
171 383
171 386
171 402
171 428
171 483
171 490
171 20
171 32
171 43
171 45
171 51
171 56
171 246
171 421
172 273
172 293
172 356
172 408
172 420
172 429
172 436
172 444
172 468
172 476
172 483
172 485
172 498
172 24
172 98
172 422
173 264
173 271
173 276
173 294
173 304
173 331
173 365
173 409
173 418
173 429
173 438
173 459
173 466
173 474
173 486
173 496
173 22
173 32
173 137
173 423
174 270
174 272
174 288
174 302
174 360
174 377
174 381
174 411
174 421
174 429
174 459
174 464
174 477
174 494
174 107
174 424
175 266
175 267
175 278
175 287
175 321
175 324
175 326
175 327
175 345
175 350
175 370
175 378
175 391
175 403
175 406
175 420
175 468
175 482
175 491
175 14
175 57
175 62
175 86
175 132
175 145
175 199
175 425
176 252
176 274
176 283
176 292
176 297
176 326
176 348
176 361
176 391
176 396
176 411
176 447
176 456
176 457
176 474
176 487
176 0
176 5
176 160
176 188
176 426
177 304
177 312
177 331
177 348
177 350
177 356
177 364
177 405
177 411
177 424
177 430
177 437
177 453
177 481
177 53
177 249
177 427
178 304
178 341
178 345
178 352
178 354
178 367
178 381
178 433
178 446
178 467
178 469
178 474
178 481
178 489
178 19
178 117
178 428
179 263
179 290
179 295
179 316
179 324
179 326
179 341
179 354
179 373
179 407
179 421
179 440
179 441
179 468
179 470
179 491
179 91
179 243
179 429
180 260
180 264
180 273
180 393
180 412
180 424
180 426
180 437
180 450
180 456
180 463
180 479
180 480
180 9
180 42
180 65
180 107
180 162
180 196
180 240
180 430
181 256
181 278
181 287
181 295
181 303
181 320
181 362
181 364
181 381
181 392
181 399
181 401
181 413
181 427
181 435
181 446
181 455
181 472
181 490
181 183
181 190
181 197
181 232
181 431
182 252
182 294
182 306
182 310
182 326
182 335
182 340
182 359
182 362
182 395
182 408
182 429
182 452
182 455
182 480
182 69
182 113
182 132
182 192
182 224
182 432
183 267
183 303
183 309
183 317
183 341
183 350
183 353
183 364
183 381
183 392
183 402
183 406
183 426
183 443
183 447
183 452
183 466
183 480
183 485
183 490
183 498
183 20
183 36
183 62
183 85
183 155
183 181
183 244
183 433
184 260
184 306
184 358
184 360
184 375
184 391
184 398
184 410
184 429
184 438
184 441
184 492
184 74
184 86
184 152
184 164
184 169
184 192
184 218
184 237
184 244
184 434
185 257
185 265
185 284
185 291
185 303
185 317
185 324
185 350
185 411
185 414
185 434
185 476
185 481
185 47
185 76
185 128
185 166
185 435
186 252
186 296
186 310
186 315
186 335
186 368
186 386
186 426
186 438
186 452
186 480
186 483
186 4
186 6
186 80
186 203
186 211
186 436
187 253
187 258
187 270
187 271
187 285
187 288
187 309
187 311
187 318
187 347
187 399
187 402
187 420
187 438
187 439
187 445
187 464
187 497
187 31
187 44
187 52
187 96
187 134
187 437
188 252
188 256
188 280
188 304
188 319
188 345
188 376
188 381
188 424
188 442
188 448
188 499
188 13
188 23
188 84
188 118
188 125
188 166
188 176
188 438
189 252
189 274
189 312
189 313
189 336
189 340
189 346
189 360
189 378
189 388
189 408
189 414
189 416
189 428
189 473
189 481
189 482
189 484
189 495
189 234
189 439
190 314
190 353
190 359
190 360
190 378
190 383
190 387
190 390
190 392
190 401
190 417
190 424
190 430
190 450
190 457
190 459
190 471
190 482
190 487
190 490
190 2
190 10
190 61
190 85
190 101
190 143
190 181
190 440
191 250
191 258
191 277
191 290
191 297
191 298
191 300
191 318
191 332
191 355
191 357
191 376
191 414
191 427
191 449
191 469
191 480
191 481
191 64
191 82
191 116
191 441
192 271
192 277
192 282
192 298
192 316
192 331
192 348
192 356
192 366
192 408
192 425
192 446
192 457
192 478
192 499
192 31
192 130
192 143
192 182
192 184
192 442
193 292
193 343
193 350
193 367
193 372
193 385
193 388
193 395
193 396
193 421
193 436
193 474
193 498
193 7
193 10
193 22
193 36
193 115
193 143
193 163
193 170
193 212
193 443
194 253
194 264
194 270
194 299
194 305
194 347
194 368
194 371
194 373
194 377
194 382
194 413
194 470
194 480
194 493
194 38
194 144
194 148
194 160
194 444
195 259
195 278
195 286
195 301
195 321
195 337
195 350
195 362
195 396
195 411
195 433
195 441
195 475
195 486
195 14
195 128
195 201
195 445
196 256
196 287
196 306
196 314
196 348
196 353
196 387
196 389
196 437
196 452
196 476
196 481
196 482
196 487
196 10
196 55
196 59
196 131
196 166
196 180
196 209
196 221
196 246
196 446
197 277
197 326
197 328
197 378
197 445
197 459
197 463
197 470
197 479
197 496
197 15
197 35
197 59
197 112
197 116
197 137
197 181
197 206
197 447
198 250
198 293
198 296
198 310
198 315
198 321
198 326
198 353
198 397
198 403
198 445
198 471
198 475
198 480
198 492
198 60
198 101
198 110
198 239
198 448
199 322
199 382
199 386
199 426
199 498
199 15
199 18
199 73
199 138
199 163
199 175
199 205
199 449
200 259
200 277
200 303
200 306
200 307
200 335
200 350
200 358
200 381
200 388
200 399
200 411
200 425
200 451
200 486
200 14
200 101
200 111
200 230
200 235
200 450
201 252
201 260
201 267
201 291
201 321
201 352
201 363
201 366
201 389
201 391
201 414
201 442
201 496
201 28
201 74
201 83
201 111
201 195
201 451
202 252
202 263
202 288
202 289
202 323
202 324
202 326
202 356
202 381
202 382
202 401
202 402
202 430
202 433
202 446
202 499
202 71
202 139
202 166
202 452
203 253
203 257
203 316
203 353
203 359
203 375
203 405
203 434
203 33
203 89
203 131
203 139
203 151
203 186
203 232
203 453
204 274
204 282
204 328
204 332
204 354
204 360
204 365
204 375
204 378
204 386
204 389
204 400
204 428
204 452
204 469
204 472
204 497
204 115
204 145
204 454
205 255
205 285
205 323
205 348
205 361
205 372
205 373
205 376
205 379
205 380
205 388
205 394
205 441
205 453
205 459
205 461
205 481
205 484
205 488
205 35
205 167
205 199
205 216
205 239
205 455
206 259
206 260
206 287
206 303
206 319
206 354
206 367
206 378
206 381
206 385
206 391
206 432
206 437
206 439
206 451
206 18
206 92
206 197
206 456
207 272
207 297
207 314
207 355
207 392
207 401
207 405
207 453
207 473
207 19
207 55
207 94
207 247
207 457
208 284
208 297
208 304
208 347
208 356
208 420
208 425
208 426
208 489
208 492
208 3
208 157
208 170
208 458
209 256
209 273
209 280
209 314
209 320
209 322
209 329
209 340
209 344
209 367
209 377
209 381
209 384
209 400
209 420
209 443
209 481
209 482
209 497
209 12
209 122
209 128
209 132
209 196
209 249
209 459
210 266
210 317
210 318
210 350
210 358
210 369
210 370
210 373
210 394
210 440
210 467
210 474
210 487
210 493
210 96
210 157
210 170
210 213
210 460
211 262
211 271
211 275
211 287
211 293
211 311
211 343
211 375
211 424
211 438
211 471
211 478
211 479
211 495
211 16
211 186
211 461
212 266
212 271
212 284
212 328
212 333
212 364
212 388
212 400
212 438
212 451
212 456
212 459
212 479
212 480
212 481
212 483
212 490
212 84
212 88
212 97
212 107
212 116
212 193
212 462
213 252
213 260
213 269
213 279
213 283
213 284
213 296
213 303
213 334
213 373
213 377
213 407
213 409
213 432
213 441
213 446
213 460
213 470
213 489
213 496
213 29
213 55
213 107
213 111
213 118
213 152
213 210
213 463
214 286
214 295
214 296
214 327
214 352
214 355
214 358
214 369
214 382
214 409
214 430
214 450
214 476
214 495
214 496
214 135
214 139
214 218
214 464
215 258
215 266
215 279
215 283
215 298
215 300
215 316
215 322
215 337
215 339
215 344
215 347
215 348
215 356
215 364
215 372
215 380
215 382
215 401
215 406
215 413
215 417
215 466
215 0
215 54
215 62
215 76
215 160
215 246
215 465
216 259
216 336
216 340
216 342
216 349
216 432
216 459
216 484
216 24
216 70
216 94
216 147
216 168
216 205
216 466
217 269
217 285
217 293
217 294
217 301
217 309
217 330
217 341
217 349
217 377
217 402
217 403
217 411
217 416
217 418
217 436
217 462
217 476
217 485
217 494
217 13
217 61
217 91
217 95
217 128
217 219
217 235
217 240
217 467
218 259
218 275
218 297
218 314
218 318
218 329
218 333
218 341
218 392
218 407
218 415
218 448
218 452
218 474
218 475
218 484
218 17
218 18
218 82
218 108
218 184
218 214
218 468
219 323
219 396
219 411
219 457
219 475
219 490
219 492
219 45
219 61
219 217
219 223
219 241
219 249
219 469
220 264
220 274
220 275
220 281
220 301
220 312
220 350
220 358
220 371
220 428
220 444
220 476
220 477
220 489
220 149
220 236
220 244
220 470
221 286
221 316
221 321
221 334
221 340
221 383
221 404
221 414
221 427
221 450
221 457
221 470
221 490
221 494
221 76
221 145
221 196
221 245
221 471
222 264
222 269
222 274
222 282
222 290
222 309
222 328
222 335
222 356
222 374
222 383
222 386
222 407
222 421
222 453
222 483
222 492
222 499
222 4
222 85
222 110
222 144
222 472
223 256
223 294
223 296
223 331
223 342
223 354
223 380
223 416
223 435
223 498
223 499
223 19
223 62
223 219
223 473
224 254
224 319
224 332
224 385
224 391
224 403
224 414
224 425
224 436
224 438
224 452
224 464
224 489
224 26
224 28
224 49
224 168
224 182
224 245
224 474
225 255
225 260
225 307
225 371
225 382
225 383
225 403
225 415
225 425
225 431
225 454
225 463
225 470
225 478
225 3
225 20
225 23
225 64
225 108
225 144
225 475
226 265
226 275
226 320
226 328
226 335
226 341
226 396
226 435
226 28
226 37
226 87
226 168
226 476
227 264
227 268
227 300
227 309
227 315
227 316
227 325
227 339
227 343
227 354
227 373
227 405
227 420
227 433
227 435
227 443
227 448
227 458
227 461
227 464
227 479
227 485
227 487
227 0
227 51
227 76
227 100
227 114
227 151
227 242
227 477
228 267
228 268
228 275
228 288
228 321
228 340
228 341
228 356
228 365
228 404
228 415
228 422
228 428
228 441
228 442
228 446
228 448
228 484
228 43
228 52
228 54
228 83
228 478
229 250
229 267
229 273
229 285
229 315
229 316
229 332
229 345
229 347
229 357
229 359
229 373
229 419
229 433
229 447
229 460
229 475
229 487
229 124
229 138
229 160
229 165
229 479
230 253
230 273
230 289
230 310
230 314
230 341
230 350
230 385
230 389
230 410
230 426
230 446
230 451
230 453
230 465
230 146
230 158
230 200
230 480
231 306
231 329
231 341
231 351
231 362
231 367
231 371
231 375
231 381
231 401
231 403
231 406
231 418
231 431
231 453
231 465
231 10
231 117
231 133
231 166
231 481
232 250
232 256
232 266
232 329
232 334
232 350
232 364
232 380
232 392
232 412
232 484
232 491
232 29
232 39
232 44
232 60
232 139
232 144
232 152
232 181
232 203
232 239
232 482
233 278
233 280
233 291
233 293
233 308
233 332
233 391
233 402
233 407
233 423
233 430
233 433
233 442
233 452
233 454
233 462
233 464
233 496
233 50
233 84
233 112
233 483
234 262
234 283
234 303
234 308
234 315
234 345
234 351
234 369
234 373
234 376
234 385
234 401
234 404
234 415
234 478
234 1
234 2
234 73
234 87
234 108
234 152
234 189
234 484
235 252
235 254
235 255
235 268
235 272
235 290
235 293
235 302
235 317
235 336
235 341
235 375
235 387
235 388
235 410
235 415
235 420
235 421
235 429
235 436
235 443
235 466
235 471
235 473
235 474
235 499
235 24
235 78
235 105
235 116
235 132
235 161
235 200
235 217
235 485
236 252
236 272
236 273
236 288
236 295
236 307
236 315
236 334
236 343
236 346
236 348
236 369
236 404
236 429
236 464
236 487
236 488
236 499
236 9
236 28
236 93
236 125
236 142
236 146
236 220
236 248
236 486
237 250
237 258
237 293
237 320
237 399
237 405
237 477
237 486
237 134
237 141
237 153
237 184
237 487
238 251
238 253
238 307
238 319
238 337
238 350
238 359
238 367
238 375
238 389
238 390
238 420
238 423
238 433
238 439
238 456
238 476
238 499
238 17
238 139
238 154
238 488
239 276
239 304
239 307
239 311
239 315
239 327
239 344
239 358
239 367
239 381
239 400
239 405
239 416
239 434
239 441
239 455
239 474
239 69
239 143
239 198
239 205
239 232
239 489
240 295
240 296
240 300
240 313
240 316
240 336
240 344
240 346
240 365
240 369
240 378
240 379
240 391
240 434
240 437
240 440
240 458
240 469
240 481
240 18
240 35
240 67
240 101
240 132
240 136
240 147
240 165
240 180
240 217
240 490
241 263
241 265
241 270
241 274
241 279
241 307
241 340
241 348
241 353
241 373
241 399
241 412
241 415
241 420
241 499
241 219
241 491
242 261
242 265
242 267
242 294
242 298
242 333
242 338
242 394
242 414
242 435
242 438
242 444
242 461
242 491
242 67
242 99
242 113
242 146
242 227
242 492
243 256
243 286
243 302
243 334
243 335
243 355
243 368
243 416
243 417
243 426
243 458
243 459
243 11
243 27
243 54
243 67
243 147
243 179
243 493
244 263
244 312
244 317
244 347
244 349
244 377
244 385
244 395
244 440
244 448
244 472
244 483
244 8
244 126
244 147
244 165
244 183
244 184
244 220
244 494
245 257
245 274
245 291
245 297
245 305
245 306
245 313
245 329
245 348
245 354
245 361
245 381
245 443
245 444
245 452
245 454
245 457
245 479
245 494
245 50
245 70
245 118
245 144
245 148
245 221
245 224
245 495
246 275
246 278
246 299
246 319
246 352
246 394
246 405
246 421
246 440
246 462
246 469
246 485
246 495
246 16
246 17
246 171
246 196
246 215
246 496
247 270
247 292
247 302
247 320
247 331
247 338
247 343
247 347
247 351
247 356
247 387
247 390
247 424
247 426
247 430
247 441
247 81
247 105
247 161
247 207
247 497
248 256
248 260
248 281
248 290
248 324
248 334
248 361
248 365
248 374
248 376
248 398
248 431
248 449
248 32
248 52
248 139
248 236
248 498
249 257
249 261
249 266
249 272
249 273
249 278
249 326
249 334
249 349
249 351
249 356
249 378
249 409
249 453
249 486
249 494
249 495
249 17
249 38
249 99
249 177
249 209
249 219
249 499
250 11
250 26
250 57
250 59
250 71
250 74
250 84
250 89
250 116
250 139
250 140
250 144
250 157
250 160
250 161
250 191
250 198
250 229
250 232
250 237
250 0
251 14
251 22
251 37
251 54
251 70
251 71
251 73
251 83
251 125
251 130
251 132
251 138
251 139
251 154
251 238
251 1
252 1
252 3
252 8
252 23
252 25
252 28
252 29
252 31
252 37
252 57
252 61
252 70
252 176
252 182
252 186
252 188
252 189
252 201
252 202
252 213
252 235
252 236
252 2
253 0
253 20
253 41
253 79
253 80
253 90
253 155
253 187
253 194
253 203
253 230
253 238
253 3
254 10
254 32
254 62
254 86
254 99
254 123
254 125
254 169
254 224
254 235
254 4
255 0
255 8
255 15
255 18
255 20
255 49
255 52
255 62
255 66
255 91
255 103
255 110
255 131
255 143
255 161
255 205
255 225
255 235
255 5
256 1
256 52
256 69
256 71
256 75
256 77
256 79
256 91
256 113
256 141
256 158
256 160
256 181
256 188
256 196
256 209
256 223
256 232
256 243
256 248
256 6
257 16
257 21
257 23
257 40
257 66
257 70
257 83
257 84
257 127
257 128
257 185
257 203
257 245
257 249
257 7
258 41
258 45
258 71
258 78
258 134
258 137
258 141
258 149
258 162
258 187
258 191
258 215
258 237
258 8
259 7
259 22
259 31
259 34
259 40
259 61
259 65
259 71
259 74
259 81
259 93
259 100
259 104
259 110
259 140
259 144
259 147
259 163
259 195
259 200
259 206
259 216
259 218
259 9
260 2
260 14
260 39
260 56
260 57
260 122
260 153
260 167
260 180
260 184
260 201
260 206
260 213
260 225
260 248
260 10
261 19
261 21
261 39
261 42
261 44
261 73
261 98
261 146
261 158
261 165
261 242
261 249
261 11
262 5
262 37
262 50
262 211
262 234
262 12
263 13
263 48
263 68
263 105
263 121
263 155
263 157
263 179
263 202
263 241
263 244
264 34
264 40
264 46
264 48
264 58
264 65
264 120
264 131
264 155
264 164
264 171
264 173
264 180
264 194
264 220
264 222
264 227
264 14
265 5
265 8
265 20
265 28
265 61
265 62
265 78
265 89
265 112
265 185
265 226
265 241
265 242
265 15
266 12
266 17
266 30
266 37
266 72
266 73
266 80
266 81
266 82
266 96
266 111
266 126
266 132
266 135
266 141
266 146
266 165
266 175
266 210
266 212
266 215
266 232
266 249
266 16
267 4
267 10
267 13
267 20
267 35
267 73
267 108
267 111
267 112
267 166
267 175
267 183
267 201
267 228
267 229
267 242
267 17
268 10
268 12
268 55
268 61
268 62
268 75
268 83
268 105
268 125
268 132
268 136
268 150
268 158
268 159
268 227
268 228
268 235
268 18
269 11
269 42
269 49
269 77
269 115
269 150
269 163
269 213
269 217
269 222
269 19
270 1
270 17
270 25
270 51
270 57
270 72
270 86
270 91
270 123
270 134
270 164
270 170
270 174
270 187
270 194
270 241
270 247
270 20
271 75
271 97
271 144
271 173
271 187
271 192
271 211
271 212
271 21
272 1
272 32
272 38
272 46
272 73
272 122
272 162
272 165
272 169
272 174
272 207
272 235
272 236
272 249
272 22
273 25
273 45
273 61
273 88
273 109
273 135
273 141
273 150
273 151
273 172
273 180
273 209
273 229
273 230
273 236
273 249
273 23
274 1
274 27
274 49
274 66
274 104
274 109
274 145
274 153
274 158
274 161
274 163
274 176
274 189
274 204
274 220
274 222
274 241
274 245
274 24
275 14
275 19
275 28
275 42
275 119
275 122
275 139
275 166
275 211
275 218
275 220
275 226
275 228
275 246
275 25
276 42
276 87
276 109
276 122
276 124
276 126
276 140
276 148
276 159
276 173
276 239
276 26
277 9
277 32
277 35
277 52
277 54
277 73
277 89
277 94
277 128
277 138
277 156
277 191
277 192
277 197
277 200
277 27
278 27
278 54
278 67
278 93
278 106
278 109
278 131
278 147
278 164
278 175
278 181
278 195
278 233
278 246
278 249
278 28
279 64
279 97
279 109
279 128
279 213
279 215
279 241
279 29
280 12
280 33
280 60
280 68
280 73
280 88
280 122
280 150
280 188
280 209
280 233
280 30
281 21
281 25
281 53
281 79
281 87
281 94
281 101
281 116
281 126
281 131
281 137
281 154
281 220
281 248
281 31
282 0
282 9
282 15
282 50
282 60
282 67
282 85
282 135
282 140
282 148
282 192
282 204
282 222
282 32
283 4
283 7
283 18
283 52
283 61
283 70
283 89
283 110
283 114
283 115
283 116
283 146
283 154
283 158
283 166
283 171
283 176
283 213
283 215
283 234
283 33
284 5
284 9
284 12
284 22
284 25
284 34
284 52
284 86
284 89
284 122
284 157
284 169
284 185
284 208
284 212
284 213
285 58
285 82
285 109
285 122
285 127
285 128
285 131
285 138
285 152
285 162
285 187
285 205
285 217
285 229
285 35
286 15
286 18
286 28
286 61
286 67
286 93
286 104
286 145
286 148
286 164
286 165
286 195
286 214
286 221
286 243
286 36
287 2
287 46
287 64
287 83
287 89
287 118
287 146
287 149
287 175
287 181
287 196
287 206
287 211
287 37
288 29
288 30
288 51
288 56
288 57
288 61
288 62
288 69
288 72
288 77
288 99
288 107
288 108
288 112
288 130
288 131
288 167
288 174
288 187
288 202
288 228
288 236
288 38
289 6
289 10
289 21
289 32
289 36
289 47
289 53
289 68
289 73
289 82
289 96
289 101
289 140
289 141
289 144
289 157
289 169
289 202
289 230
289 39
290 12
290 24
290 36
290 95
290 103
290 117
290 129
290 179
290 191
290 222
290 235
290 248
290 40
291 9
291 10
291 24
291 25
291 29
291 46
291 59
291 65
291 110
291 118
291 127
291 145
291 153
291 165
291 167
291 168
291 185
291 201
291 233
291 245
291 41
292 21
292 32
292 63
292 67
292 101
292 142
292 146
292 158
292 176
292 193
292 247
292 42
293 4
293 6
293 15
293 16
293 48
293 60
293 62
293 64
293 65
293 68
293 81
293 101
293 107
293 113
293 123
293 127
293 131
293 140
293 143
293 150
293 171
293 172
293 198
293 211
293 217
293 233
293 235
293 237
293 43
294 12
294 19
294 113
294 119
294 121
294 143
294 145
294 160
294 167
294 173
294 182
294 217
294 223
294 242
294 44
295 3
295 18
295 33
295 46
295 49
295 53
295 56
295 60
295 65
295 69
295 90
295 93
295 96
295 110
295 117
295 118
295 133
295 179
295 181
295 214
295 236
295 240
295 45
296 8
296 36
296 61
296 85
296 119
296 132
296 139
296 158
296 163
296 170
296 186
296 198
296 213
296 214
296 223
296 240
296 46
297 11
297 24
297 46
297 54
297 68
297 77
297 101
297 103
297 108
297 119
297 128
297 134
297 139
297 158
297 161
297 176
297 191
297 207
297 208
297 218
297 245
297 47
298 4
298 5
298 10
298 17
298 21
298 29
298 44
298 48
298 53
298 73
298 121
298 153
298 167
298 191
298 192
298 215
298 242
299 2
299 3
299 10
299 40
299 53
299 67
299 86
299 112
299 130
299 143
299 149
299 163
299 194
299 246
299 49
300 34
300 62
300 83
300 85
300 88
300 92
300 120
300 122
300 127
300 133
300 138
300 146
300 155
300 160
300 165
300 191
300 215
300 227
300 240
300 50
301 5
301 11
301 37
301 46
301 52
301 93
301 106
301 130
301 137
301 146
301 195
301 217
301 220
301 51
302 22
302 39
302 52
302 60
302 65
302 66
302 118
302 130
302 151
302 174
302 235
302 243
302 247
303 7
303 17
303 40
303 75
303 96
303 109
303 137
303 150
303 165
303 166
303 169
303 181
303 183
303 185
303 200
303 206
303 213
303 234
303 53
304 4
304 8
304 15
304 51
304 61
304 76
304 94
304 133
304 149
304 152
304 173
304 177
304 178
304 188
304 208
304 239
304 54
305 4
305 17
305 37
305 61
305 65
305 84
305 98
305 115
305 149
305 194
305 245
305 55
306 2
306 4
306 41
306 47
306 63
306 67
306 69
306 118
306 123
306 124
306 125
306 131
306 167
306 182
306 184
306 196
306 200
306 231
306 245
306 56
307 4
307 38
307 58
307 98
307 133
307 134
307 147
307 151
307 200
307 225
307 236
307 238
307 239
307 241
307 57
308 3
308 17
308 28
308 44
308 53
308 85
308 103
308 104
308 105
308 109
308 127
308 144
308 145
308 154
308 155
308 157
308 233
308 234
308 58
309 2
309 15
309 16
309 20
309 28
309 40
309 46
309 75
309 91
309 124
309 153
309 183
309 187
309 217
309 222
309 227
309 59
310 4
310 48
310 49
310 67
310 73
310 84
310 95
310 111
310 132
310 140
310 146
310 158
310 182
310 186
310 198
310 230
310 60
311 76
311 102
311 105
311 127
311 167
311 187
311 211
311 239
311 61
312 18
312 52
312 56
312 89
312 108
312 112
312 115
312 143
312 177
312 189
312 220
312 244
312 62
313 37
313 39
313 53
313 56
313 61
313 64
313 66
313 107
313 155
313 164
313 189
313 240
313 245
313 63
314 1
314 12
314 101
314 104
314 112
314 152
314 190
314 196
314 207
314 209
314 218
314 230
314 64
315 0
315 52
315 64
315 68
315 72
315 75
315 116
315 120
315 125
315 147
315 148
315 186
315 198
315 227
315 229
315 234
315 236
315 239
315 65
316 24
316 29
316 32
316 45
316 53
316 58
316 106
316 111
316 167
316 179
316 192
316 203
316 215
316 221
316 227
316 229
316 240
316 66
317 6
317 8
317 12
317 52
317 53
317 73
317 85
317 118
317 145
317 152
317 183
317 185
317 210
317 235
317 244
317 67
318 3
318 13
318 32
318 60
318 96
318 121
318 187
318 191
318 210
318 218
318 68
319 15
319 29
319 47
319 52
319 64
319 73
319 82
319 99
319 149
319 169
319 188
319 206
319 224
319 238
319 246
319 69
320 30
320 39
320 62
320 63
320 78
320 83
320 110
320 122
320 139
320 146
320 181
320 209
320 226
320 237
320 247
320 70
321 5
321 11
321 15
321 17
321 20
321 33
321 41
321 42
321 44
321 47
321 49
321 65
321 66
321 74
321 111
321 132
321 151
321 175
321 195
321 198
321 201
321 221
321 228
321 71
322 19
322 93
322 121
322 162
322 199
322 209
322 215
322 72
323 21
323 27
323 46
323 63
323 120
323 133
323 135
323 155
323 202
323 205
323 219
323 73
324 85
324 94
324 105
324 168
324 175
324 179
324 185
324 202
324 248
324 74
325 11
325 15
325 33
325 50
325 84
325 93
325 106
325 119
325 121
325 137
325 142
325 162
325 163
325 227
325 75
326 28
326 46
326 49
326 53
326 60
326 82
326 86
326 102
326 112
326 132
326 144
326 156
326 158
326 167
326 175
326 176
326 179
326 182
326 197
326 198
326 202
326 249
326 76
327 29
327 65
327 81
327 122
327 131
327 151
327 175
327 214
327 239
327 77
328 43
328 72
328 83
328 105
328 118
328 126
328 131
328 135
328 146
328 147
328 153
328 158
328 197
328 204
328 212
328 222
328 226
328 78
329 34
329 38
329 76
329 80
329 127
329 158
329 209
329 218
329 231
329 232
329 245
329 79
330 6
330 19
330 26
330 27
330 75
330 76
330 84
330 92
330 96
330 101
330 168
330 217
330 80
331 23
331 54
331 62
331 65
331 127
331 143
331 160
331 164
331 173
331 177
331 192
331 223
331 247
331 81
332 7
332 26
332 55
332 80
332 100
332 103
332 110
332 111
332 112
332 114
332 117
332 122
332 129
332 130
332 133
332 139
332 149
332 159
332 191
332 204
332 224
332 229
332 233
332 82
333 3
333 16
333 29
333 36
333 66
333 80
333 81
333 91
333 99
333 125
333 134
333 138
333 143
333 212
333 218
333 242
333 83
334 4
334 18
334 24
334 49
334 55
334 73
334 90
334 91
334 118
334 131
334 152
334 153
334 213
334 221
334 232
334 236
334 243
334 248
334 249
334 84
335 39
335 61
335 88
335 96
335 97
335 99
335 129
335 138
335 149
335 166
335 182
335 186
335 200
335 222
335 226
335 243
335 85
336 14
336 40
336 74
336 77
336 106
336 107
336 117
336 121
336 123
336 189
336 216
336 235
336 240
336 86
337 2
337 22
337 23
337 31
337 64
337 133
337 138
337 160
337 168
337 195
337 215
337 238
337 87
338 16
338 26
338 50
338 52
338 72
338 78
338 104
338 160
338 162
338 242
338 247
338 88
339 15
339 24
339 27
339 37
339 66
339 69
339 108
339 134
339 159
339 167
339 215
339 227
339 89
340 35
340 46
340 50
340 71
340 83
340 84
340 93
340 96
340 102
340 111
340 141
340 142
340 143
340 168
340 182
340 189
340 209
340 216
340 221
340 228
340 241
340 90
341 10
341 14
341 47
341 57
341 64
341 95
341 96
341 103
341 108
341 141
341 164
341 178
341 179
341 183
341 217
341 218
341 226
341 228
341 230
341 231
341 235
341 91
342 1
342 2
342 55
342 63
342 114
342 117
342 119
342 134
342 135
342 169
342 216
342 223
342 92
343 64
343 110
343 119
343 123
343 130
343 140
343 148
343 193
343 211
343 227
343 236
343 247
343 93
344 0
344 31
344 37
344 88
344 95
344 97
344 104
344 105
344 109
344 122
344 157
344 162
344 164
344 209
344 215
344 239
344 240
344 94
345 3
345 20
345 48
345 81
345 110
345 119
345 126
345 175
345 178
345 188
345 229
345 234
345 95
346 27
346 31
346 33
346 41
346 50
346 63
346 67
346 78
346 154
346 159
346 162
346 189
346 236
346 240
346 96
347 12
347 27
347 32
347 33
347 34
347 56
347 60
347 62
347 100
347 125
347 127
347 142
347 149
347 155
347 164
347 167
347 187
347 194
347 208
347 215
347 229
347 244
347 247
347 97
348 5
348 6
348 11
348 14
348 17
348 38
348 66
348 97
348 114
348 152
348 158
348 164
348 165
348 176
348 177
348 192
348 196
348 205
348 215
348 236
348 241
348 245
348 98
349 7
349 11
349 20
349 24
349 58
349 74
349 94
349 119
349 122
349 127
349 145
349 162
349 216
349 217
349 244
349 249
349 99
350 4
350 42
350 76
350 77
350 98
350 101
350 130
350 137
350 163
350 175
350 177
350 183
350 185
350 193
350 195
350 200
350 210
350 220
350 230
350 232
350 238
350 100
351 20
351 22
351 24
351 44
351 55
351 68
351 77
351 83
351 91
351 92
351 117
351 144
351 163
351 231
351 234
351 247
351 249
351 101
352 14
352 25
352 26
352 38
352 58
352 109
352 143
352 178
352 201
352 214
352 246
352 102
353 27
353 34
353 59
353 76
353 84
353 87
353 92
353 99
353 103
353 111
353 125
353 126
353 138
353 150
353 155
353 170
353 183
353 190
353 196
353 198
353 203
353 241
354 5
354 7
354 33
354 49
354 64
354 103
354 122
354 123
354 125
354 127
354 131
354 160
354 178
354 179
354 204
354 206
354 223
354 227
354 245
354 104
355 6
355 33
355 45
355 65
355 96
355 119
355 131
355 136
355 138
355 163
355 191
355 207
355 214
355 243
355 105
356 16
356 27
356 35
356 39
356 45
356 50
356 79
356 113
356 129
356 130
356 155
356 159
356 172
356 177
356 192
356 202
356 208
356 215
356 222
356 228
356 247
356 249
356 106
357 0
357 46
357 54
357 129
357 149
357 168
357 191
357 229
357 107
358 10
358 23
358 37
358 57
358 62
358 93
358 102
358 108
358 131
358 156
358 165
358 184
358 200
358 210
358 214
358 220
358 239
359 33
359 58
359 60
359 71
359 159
359 161
359 163
359 182
359 190
359 203
359 229
359 238
359 109
360 18
360 23
360 24
360 30
360 60
360 97
360 104
360 142
360 161
360 174
360 184
360 189
360 190
360 204
360 110
361 30
361 54
361 98
361 119
361 120
361 124
361 128
361 154
361 155
361 159
361 164
361 165
361 171
361 176
361 205
361 245
361 248
361 111
362 32
362 74
362 83
362 93
362 100
362 103
362 112
362 137
362 152
362 181
362 182
362 195
362 231
363 48
363 50
363 51
363 64
363 75
363 94
363 106
363 124
363 127
363 141
363 154
363 161
363 169
363 171
363 201
363 113
364 10
364 22
364 24
364 27
364 33
364 41
364 72
364 86
364 117
364 120
364 123
364 131
364 149
364 153
364 158
364 166
364 167
364 177
364 181
364 183
364 212
364 215
364 232
364 114
365 0
365 13
365 28
365 52
365 63
365 75
365 80
365 88
365 93
365 134
365 171
365 173
365 204
365 228
365 240
365 248
365 115
366 23
366 25
366 26
366 46
366 57
366 64
366 71
366 76
366 81
366 99
366 105
366 107
366 150
366 153
366 168
366 192
366 201
366 116
367 14
367 36
367 90
367 91
367 94
367 123
367 133
367 135
367 152
367 159
367 178
367 193
367 206
367 209
367 231
367 238
367 239
367 117
368 3
368 9
368 66
368 78
368 84
368 102
368 114
368 115
368 122
368 123
368 130
368 144
368 186
368 194
368 243
368 118
369 26
369 27
369 64
369 91
369 115
369 122
369 126
369 135
369 142
369 144
369 210
369 214
369 234
369 236
369 240
369 119
370 8
370 14
370 46
370 66
370 74
370 112
370 119
370 124
370 133
370 153
370 158
370 175
370 210
370 120
371 3
371 19
371 23
371 31
371 32
371 34
371 44
371 85
371 86
371 102
371 110
371 137
371 154
371 164
371 194
371 220
371 225
371 231
371 121
372 20
372 26
372 31
372 52
372 70
372 74
372 127
372 166
372 167
372 193
372 205
372 215
372 122
373 15
373 86
373 101
373 117
373 122
373 137
373 145
373 158
373 179
373 194
373 205
373 210
373 213
373 227
373 229
373 234
373 241
373 123
374 16
374 57
374 115
374 147
374 222
374 248
374 124
375 5
375 26
375 43
375 53
375 60
375 65
375 82
375 105
375 109
375 111
375 122
375 123
375 157
375 184
375 203
375 204
375 211
375 231
375 235
375 238
375 125
376 10
376 24
376 30
376 54
376 61
376 69
376 71
376 93
376 99
376 154
376 170
376 188
376 191
376 205
376 234
376 248
376 126
377 4
377 28
377 29
377 31
377 39
377 58
377 71
377 93
377 117
377 119
377 155
377 167
377 174
377 194
377 209
377 213
377 217
377 244
377 127
378 53
378 60
378 65
378 113
378 121
378 137
378 142
378 154
378 175
378 189
378 190
378 197
378 204
378 206
378 240
378 249
378 128
379 2
379 39
379 76
379 78
379 81
379 131
379 146
379 205
379 240
379 129
380 5
380 21
380 31
380 116
380 118
380 121
380 142
380 146
380 156
380 159
380 164
380 168
380 205
380 215
380 223
380 232
380 130
381 3
381 15
381 24
381 34
381 63
381 73
381 77
381 82
381 86
381 115
381 124
381 174
381 178
381 181
381 183
381 188
381 200
381 202
381 206
381 209
381 231
381 239
381 245
381 131
382 3
382 32
382 69
382 72
382 83
382 86
382 112
382 153
382 194
382 199
382 202
382 214
382 215
382 225
382 132
383 1
383 10
383 16
383 34
383 35
383 52
383 73
383 116
383 129
383 139
383 149
383 151
383 171
383 190
383 221
383 222
383 225
383 133
384 11
384 18
384 41
384 75
384 113
384 123
384 141
384 156
384 209
384 134
385 10
385 16
385 24
385 27
385 34
385 35
385 37
385 61
385 76
385 89
385 116
385 124
385 129
385 147
385 168
385 193
385 206
385 224
385 230
385 234
385 244
385 135
386 3
386 11
386 16
386 38
386 51
386 57
386 61
386 62
386 72
386 110
386 142
386 158
386 171
386 186
386 199
386 204
386 222
386 136
387 19
387 28
387 45
387 47
387 64
387 67
387 78
387 98
387 109
387 112
387 190
387 196
387 235
387 247
387 137
388 10
388 77
388 146
388 155
388 159
388 189
388 193
388 200
388 205
388 212
388 235
388 138
389 3
389 19
389 34
389 39
389 88
389 104
389 106
389 117
389 132
389 146
389 196
389 201
389 204
389 230
389 238
389 139
390 63
390 120
390 140
390 143
390 190
390 238
390 247
391 31
391 60
391 67
391 81
391 84
391 86
391 89
391 99
391 105
391 126
391 136
391 164
391 175
391 176
391 184
391 201
391 206
391 224
391 233
391 240
391 141
392 7
392 17
392 24
392 38
392 46
392 56
392 120
392 134
392 136
392 139
392 140
392 149
392 181
392 183
392 190
392 207
392 218
392 232
392 142
393 26
393 76
393 83
393 109
393 113
393 133
393 160
393 180
393 143
394 41
394 99
394 102
394 114
394 124
394 158
394 205
394 210
394 242
394 246
394 144
395 5
395 7
395 18
395 50
395 51
395 68
395 91
395 96
395 120
395 131
395 148
395 161
395 162
395 182
395 193
395 244
395 145
396 2
396 38
396 51
396 52
396 71
396 112
396 149
396 151
396 159
396 176
396 193
396 195
396 219
396 226
396 146
397 3
397 17
397 33
397 89
397 91
397 134
397 137
397 142
397 160
397 162
397 198
397 147
398 7
398 16
398 27
398 34
398 43
398 51
398 108
398 109
398 128
398 150
398 184
398 248
398 148
399 11
399 37
399 54
399 72
399 82
399 84
399 128
399 135
399 141
399 148
399 150
399 153
399 154
399 160
399 181
399 187
399 200
399 237
399 241
399 149
400 11
400 38
400 42
400 46
400 48
400 52
400 91
400 106
400 110
400 124
400 142
400 150
400 204
400 209
400 212
400 239
401 14
401 96
401 120
401 125
401 131
401 136
401 140
401 181
401 190
401 202
401 207
401 215
401 231
401 234
401 151
402 7
402 14
402 68
402 69
402 108
402 154
402 171
402 183
402 187
402 202
402 217
402 233
402 152
403 7
403 24
403 90
403 93
403 107
403 116
403 120
403 124
403 130
403 140
403 146
403 156
403 164
403 175
403 198
403 217
403 224
403 225
403 231
403 153
404 13
404 19
404 31
404 51
404 110
404 114
404 134
404 143
404 157
404 158
404 161
404 221
404 228
404 234
404 236
404 154
405 17
405 21
405 40
405 41
405 47
405 79
405 111
405 113
405 116
405 124
405 125
405 149
405 152
405 157
405 177
405 203
405 207
405 227
405 237
405 239
405 246
405 155
406 13
406 35
406 42
406 54
406 63
406 80
406 90
406 126
406 162
406 175
406 183
406 215
406 231
406 156
407 33
407 75
407 79
407 88
407 106
407 109
407 121
407 125
407 128
407 130
407 144
407 152
407 153
407 179
407 213
407 218
407 222
407 233
407 157
408 72
408 95
408 109
408 114
408 124
408 131
408 170
408 172
408 182
408 189
408 192
408 158
409 0
409 11
409 25
409 27
409 50
409 58
409 62
409 83
409 98
409 119
409 140
409 173
409 213
409 214
409 249
409 159
410 5
410 24
410 37
410 38
410 94
410 111
410 115
410 140
410 142
410 184
410 230
410 235
410 160
411 5
411 167
411 174
411 176
411 177
411 185
411 195
411 200
411 217
411 219
411 161
412 5
412 12
412 23
412 25
412 61
412 109
412 152
412 154
412 157
412 167
412 180
412 232
412 241
412 162
413 50
413 61
413 72
413 95
413 106
413 108
413 151
413 157
413 181
413 194
413 215
413 163
414 1
414 2
414 25
414 40
414 41
414 57
414 58
414 60
414 96
414 106
414 130
414 185
414 189
414 191
414 201
414 221
414 224
414 242
414 164
415 6
415 17
415 36
415 40
415 45
415 73
415 80
415 110
415 118
415 129
415 158
415 218
415 225
415 228
415 234
415 235
415 241
415 165
416 0
416 4
416 7
416 49
416 58
416 60
416 81
416 112
416 134
416 147
416 154
416 158
416 189
416 217
416 223
416 239
416 243
416 166
417 5
417 28
417 42
417 45
417 65
417 77
417 80
417 86
417 89
417 91
417 94
417 137
417 141
417 150
417 190
417 215
417 243
417 167
418 2
418 34
418 45
418 78
418 132
418 167
418 173
418 217
418 231
418 168
419 20
419 47
419 53
419 58
419 60
419 65
419 71
419 86
419 99
419 128
419 136
419 140
419 146
419 150
419 165
419 229
419 169
420 14
420 49
420 50
420 55
420 79
420 89
420 101
420 146
420 155
420 161
420 172
420 175
420 187
420 208
420 209
420 227
420 235
420 238
420 241
420 170
421 14
421 94
421 108
421 116
421 123
421 124
421 137
421 142
421 145
421 158
421 159
421 163
421 174
421 179
421 193
421 222
421 235
421 246
421 171
422 4
422 62
422 63
422 77
422 81
422 96
422 99
422 130
422 159
422 163
422 168
422 170
422 228
422 172
423 4
423 24
423 28
423 32
423 35
423 41
423 53
423 90
423 96
423 106
423 140
423 149
423 166
423 167
423 170
423 233
423 238
423 173
424 4
424 17
424 84
424 85
424 86
424 108
424 119
424 143
424 168
424 169
424 177
424 180
424 188
424 190
424 211
424 247
424 174
425 17
425 23
425 26
425 32
425 39
425 65
425 107
425 109
425 136
425 160
425 170
425 192
425 200
425 208
425 224
425 225
425 175
426 22
426 49
426 55
426 90
426 97
426 115
426 125
426 135
426 150
426 153
426 180
426 183
426 186
426 199
426 208
426 230
426 243
426 247
426 176
427 26
427 28
427 31
427 55
427 83
427 109
427 120
427 124
427 129
427 137
427 181
427 191
427 221
427 177
428 0
428 4
428 12
428 42
428 50
428 57
428 63
428 78
428 132
428 171
428 189
428 204
428 220
428 228
428 178
429 2
429 6
429 18
429 26
429 27
429 65
429 69
429 81
429 131
429 138
429 150
429 152
429 165
429 172
429 173
429 174
429 182
429 184
429 235
429 236
429 179
430 6
430 13
430 23
430 63
430 68
430 72
430 167
430 177
430 190
430 202
430 214
430 233
430 247
430 180
431 7
431 8
431 26
431 39
431 42
431 54
431 59
431 68
431 83
431 143
431 153
431 225
431 231
431 248
431 181
432 3
432 7
432 32
432 54
432 63
432 76
432 89
432 117
432 131
432 145
432 156
432 167
432 206
432 213
432 216
432 182
433 5
433 20
433 68
433 121
433 125
433 132
433 133
433 146
433 159
433 162
433 163
433 178
433 195
433 202
433 227
433 229
433 233
433 238
433 183
434 7
434 25
434 30
434 40
434 50
434 77
434 97
434 142
434 148
434 185
434 203
434 239
434 240
434 184
435 9
435 25
435 30
435 41
435 42
435 45
435 65
435 82
435 89
435 138
435 161
435 163
435 181
435 223
435 226
435 227
435 242
435 185
436 12
436 49
436 50
436 105
436 120
436 149
436 156
436 172
436 193
436 217
436 224
436 235
436 186
437 45
437 104
437 128
437 131
437 134
437 158
437 166
437 170
437 177
437 180
437 196
437 206
437 240
437 187
438 8
438 19
438 26
438 37
438 54
438 69
438 105
438 120
438 169
438 173
438 184
438 186
438 187
438 211
438 212
438 224
438 242
438 188
439 9
439 20
439 27
439 31
439 49
439 54
439 89
439 107
439 142
439 151
439 161
439 169
439 187
439 206
439 238
439 189
440 20
440 25
440 32
440 56
440 64
440 71
440 82
440 107
440 120
440 179
440 210
440 240
440 244
440 246
440 190
441 34
441 41
441 49
441 91
441 118
441 139
441 148
441 154
441 179
441 184
441 195
441 205
441 213
441 228
441 239
441 247
441 191
442 2
442 33
442 68
442 95
442 100
442 109
442 133
442 161
442 162
442 188
442 201
442 228
442 233
442 192
443 1
443 31
443 71
443 82
443 106
443 117
443 120
443 121
443 129
443 140
443 144
443 160
443 183
443 209
443 227
443 235
443 245
443 193
444 4
444 18
444 48
444 61
444 69
444 74
444 75
444 77
444 98
444 130
444 145
444 151
444 172
444 220
444 242
444 245
444 194
445 4
445 5
445 6
445 15
445 16
445 21
445 22
445 49
445 55
445 62
445 78
445 87
445 99
445 136
445 145
445 149
445 165
445 187
445 197
445 198
445 195
446 4
446 22
446 23
446 25
446 50
446 70
446 85
446 118
446 121
446 132
446 178
446 181
446 192
446 202
446 213
446 228
446 230
446 196
447 7
447 32
447 41
447 163
447 176
447 183
447 229
447 197
448 4
448 34
448 46
448 93
448 135
448 156
448 161
448 164
448 188
448 218
448 227
448 228
448 244
448 198
449 15
449 44
449 58
449 69
449 92
449 99
449 117
449 122
449 167
449 191
449 248
449 199
450 0
450 15
450 48
450 56
450 78
450 79
450 84
450 120
450 123
450 137
450 164
450 180
450 190
450 214
450 221
450 200
451 2
451 53
451 85
451 92
451 116
451 138
451 147
451 163
451 200
451 206
451 212
451 230
451 201
452 6
452 22
452 48
452 98
452 113
452 134
452 149
452 167
452 182
452 183
452 186
452 196
452 204
452 218
452 224
452 233
452 245
452 202
453 3
453 4
453 18
453 35
453 73
453 83
453 106
453 107
453 108
453 109
453 110
453 122
453 123
453 124
453 130
453 146
453 159
453 161
453 167
453 177
453 205
453 207
453 222
453 230
453 231
453 249
453 203
454 5
454 19
454 44
454 51
454 62
454 63
454 66
454 86
454 107
454 116
454 123
454 140
454 143
454 156
454 160
454 225
454 233
454 245
454 204
455 2
455 9
455 30
455 41
455 85
455 102
455 111
455 115
455 126
455 129
455 139
455 142
455 181
455 182
455 239
455 205
456 5
456 7
456 9
456 15
456 33
456 44
456 53
456 58
456 66
456 107
456 117
456 131
456 160
456 162
456 168
456 176
456 180
456 212
456 238
456 206
457 0
457 14
457 34
457 35
457 103
457 128
457 157
457 176
457 190
457 192
457 219
457 221
457 245
457 207
458 19
458 28
458 32
458 35
458 54
458 108
458 137
458 139
458 150
458 152
458 167
458 227
458 240
458 243
458 208
459 22
459 29
459 33
459 42
459 61
459 62
459 74
459 89
459 102
459 116
459 150
459 173
459 174
459 190
459 197
459 205
459 212
459 216
459 243
459 209
460 15
460 56
460 57
460 59
460 79
460 123
460 124
460 127
460 144
460 168
460 170
460 213
460 229
460 210
461 60
461 62
461 73
461 125
461 130
461 152
461 205
461 227
461 242
461 211
462 24
462 41
462 58
462 62
462 66
462 82
462 131
462 144
462 217
462 233
462 246
462 212
463 20
463 42
463 60
463 61
463 76
463 145
463 180
463 197
463 225
463 213
464 12
464 23
464 40
464 42
464 45
464 60
464 70
464 94
464 98
464 158
464 174
464 187
464 224
464 227
464 233
464 236
464 214
465 4
465 51
465 55
465 99
465 133
465 164
465 230
465 231
465 215
466 4
466 13
466 90
466 129
466 131
466 139
466 143
466 154
466 173
466 183
466 215
466 235
466 216
467 26
467 53
467 73
467 90
467 92
467 156
467 168
467 178
467 210
467 217
468 7
468 62
468 83
468 86
468 90
468 99
468 100
468 145
468 169
468 172
468 175
468 179
468 218
469 8
469 25
469 32
469 36
469 38
469 44
469 70
469 87
469 103
469 127
469 154
469 164
469 178
469 191
469 204
469 240
469 246
469 219
470 19
470 39
470 94
470 98
470 101
470 114
470 135
470 138
470 147
470 152
470 179
470 194
470 197
470 213
470 221
470 225
470 220
471 1
471 15
471 29
471 31
471 45
471 47
471 93
471 105
471 125
471 126
471 142
471 144
471 190
471 198
471 211
471 235
471 221
472 48
472 49
472 80
472 124
472 127
472 154
472 163
472 181
472 204
472 244
472 222
473 14
473 19
473 22
473 43
473 57
473 81
473 120
473 121
473 126
473 138
473 170
473 189
473 207
473 235
473 223
474 7
474 11
474 34
474 38
474 55
474 63
474 72
474 80
474 84
474 97
474 98
474 127
474 144
474 149
474 156
474 169
474 173
474 176
474 178
474 193
474 210
474 218
474 235
474 239
474 224
475 22
475 25
475 28
475 43
475 46
475 48
475 58
475 104
475 128
475 146
475 153
475 156
475 195
475 198
475 218
475 219
475 229
475 225
476 22
476 36
476 51
476 63
476 77
476 101
476 107
476 128
476 159
476 166
476 172
476 185
476 196
476 214
476 217
476 220
476 238
476 226
477 3
477 26
477 46
477 83
477 95
477 97
477 104
477 116
477 132
477 138
477 147
477 148
477 174
477 220
477 237
477 227
478 18
478 24
478 25
478 31
478 69
478 80
478 91
478 102
478 138
478 152
478 163
478 192
478 211
478 225
478 234
478 228
479 0
479 11
479 14
479 65
479 97
479 144
479 161
479 165
479 180
479 197
479 211
479 212
479 227
479 245
479 229
480 50
480 60
480 89
480 90
480 94
480 102
480 112
480 142
480 165
480 168
480 169
480 180
480 182
480 183
480 186
480 191
480 194
480 198
480 212
480 230
481 5
481 17
481 18
481 35
481 45
481 89
481 104
481 122
481 142
481 144
481 149
481 167
481 177
481 178
481 185
481 189
481 191
481 196
481 205
481 209
481 212
481 240
481 231
482 5
482 20
482 27
482 39
482 40
482 48
482 63
482 74
482 84
482 86
482 88
482 93
482 94
482 104
482 113
482 170
482 175
482 189
482 190
482 196
482 209
482 232
483 3
483 14
483 51
483 80
483 128
483 138
483 166
483 171
483 172
483 186
483 212
483 222
483 244
483 233
484 10
484 27
484 32
484 36
484 48
484 53
484 85
484 87
484 107
484 148
484 165
484 189
484 205
484 216
484 218
484 228
484 232
484 234
485 91
485 92
485 100
485 103
485 120
485 123
485 144
485 172
485 183
485 217
485 227
485 246
485 235
486 11
486 22
486 26
486 32
486 35
486 45
486 73
486 92
486 94
486 141
486 173
486 195
486 200
486 237
486 249
486 236
487 18
487 22
487 31
487 35
487 41
487 55
487 57
487 66
487 91
487 152
487 176
487 190
487 196
487 210
487 227
487 229
487 236
487 237
488 19
488 23
488 38
488 56
488 62
488 72
488 94
488 132
488 138
488 140
488 150
488 153
488 205
488 236
488 238
489 4
489 8
489 32
489 33
489 35
489 54
489 70
489 84
489 123
489 124
489 128
489 158
489 166
489 178
489 208
489 213
489 220
489 224
489 239
490 0
490 4
490 32
490 75
490 96
490 99
490 112
490 129
490 132
490 140
490 143
490 161
490 171
490 181
490 183
490 190
490 212
490 219
490 221
490 240
491 6
491 16
491 19
491 27
491 64
491 80
491 81
491 100
491 101
491 112
491 130
491 138
491 155
491 166
491 175
491 179
491 232
491 242
491 241
492 46
492 77
492 92
492 107
492 117
492 136
492 184
492 198
492 208
492 219
492 222
492 242
493 11
493 20
493 32
493 44
493 64
493 67
493 72
493 75
493 114
493 120
493 143
493 194
493 210
493 243
494 50
494 51
494 61
494 73
494 75
494 99
494 131
494 174
494 217
494 221
494 245
494 249
494 244
495 3
495 18
495 23
495 61
495 86
495 91
495 93
495 117
495 139
495 189
495 211
495 214
495 246
495 249
495 245
496 2
496 56
496 60
496 73
496 82
496 99
496 119
496 173
496 197
496 201
496 213
496 214
496 233
496 246
497 28
497 63
497 64
497 83
497 90
497 95
497 124
497 126
497 131
497 132
497 134
497 152
497 166
497 187
497 204
497 209
497 247
498 0
498 3
498 25
498 27
498 31
498 32
498 35
498 42
498 47
498 50
498 55
498 76
498 103
498 105
498 110
498 143
498 161
498 172
498 183
498 193
498 199
498 223
498 248
499 5
499 17
499 23
499 89
499 102
499 108
499 112
499 125
499 134
499 147
499 160
499 188
499 192
499 202
499 222
499 223
499 235
499 236
499 238
499 241
499 249
