  300   2853
0 170
0 178
0 194
0 196
0 221
0 223
0 230
0 246
0 259
0 267
0 8
0 9
0 11
0 19
0 21
0 22
0 25
0 30
0 38
0 46
0 49
0 52
0 62
0 68
0 72
0 81
0 82
0 93
0 98
0 99
0 100
0 123
0 125
0 134
0 147
0 150
1 157
1 161
1 175
1 190
1 218
1 225
1 234
1 246
1 249
1 254
1 264
1 267
1 292
1 295
1 296
1 8
1 16
1 24
1 52
1 53
1 56
1 66
1 88
1 91
1 92
1 96
1 98
1 99
1 103
1 110
1 128
1 146
1 151
2 156
2 162
2 166
2 194
2 201
2 206
2 248
2 284
2 285
2 4
2 20
2 28
2 44
2 46
2 72
2 75
2 107
2 122
2 131
2 146
2 148
2 152
3 158
3 160
3 165
3 188
3 190
3 193
3 201
3 232
3 246
3 247
3 260
3 263
3 270
3 294
3 295
3 12
3 14
3 18
3 28
3 36
3 43
3 50
3 65
3 69
3 78
3 83
3 84
3 89
3 110
3 111
3 127
3 130
3 145
3 149
3 153
4 167
4 177
4 211
4 226
4 263
4 287
4 296
4 2
4 10
4 12
4 20
4 22
4 26
4 42
4 48
4 56
4 65
4 67
4 73
4 74
4 75
4 82
4 103
4 109
4 112
4 117
4 126
4 127
4 130
4 142
4 144
4 154
5 155
5 165
5 199
5 229
5 245
5 259
5 268
5 280
5 11
5 14
5 17
5 18
5 23
5 29
5 30
5 73
5 79
5 85
5 94
5 101
5 102
5 103
5 105
5 129
5 131
5 141
6 150
6 159
6 164
6 190
6 236
6 24
6 28
6 35
6 50
6 51
6 62
6 69
6 83
6 91
6 100
6 111
6 121
6 122
6 128
6 156
7 150
7 157
7 174
7 178
7 208
7 212
7 216
7 237
7 240
7 248
7 253
7 278
7 289
7 8
7 11
7 14
7 24
7 70
7 76
7 83
7 90
7 94
7 111
7 119
7 123
7 126
7 137
7 138
7 148
7 149
8 160
8 188
8 190
8 215
8 221
8 235
8 253
8 282
8 283
8 287
8 0
8 1
8 7
8 13
8 14
8 21
8 27
8 29
8 30
8 36
8 40
8 50
8 60
8 69
8 92
8 114
8 121
8 139
8 148
8 149
8 158
9 158
9 193
9 195
9 215
9 230
9 232
9 243
9 268
9 287
9 0
9 12
9 17
9 18
9 35
9 44
9 47
9 53
9 59
9 64
9 73
9 80
9 96
9 120
9 122
9 127
9 130
9 134
9 159
10 166
10 175
10 179
10 181
10 192
10 195
10 209
10 222
10 229
10 271
10 273
10 296
10 4
10 24
10 32
10 45
10 46
10 48
10 52
10 55
10 56
10 59
10 61
10 68
10 79
10 80
10 83
10 87
10 95
10 120
10 130
10 139
10 160
11 158
11 182
11 186
11 224
11 270
11 276
11 289
11 0
11 5
11 7
11 12
11 22
11 39
11 51
11 60
11 65
11 68
11 84
11 91
11 115
11 117
11 140
11 143
11 149
11 161
12 152
12 157
12 167
12 171
12 174
12 178
12 182
12 193
12 211
12 219
12 225
12 230
12 288
12 293
12 295
12 3
12 4
12 9
12 11
12 18
12 21
12 43
12 47
12 53
12 57
12 58
12 70
12 83
12 94
12 100
12 162
13 183
13 218
13 229
13 232
13 262
13 274
13 8
13 18
13 29
13 64
13 67
13 72
13 82
13 116
13 137
13 143
13 163
14 153
14 192
14 197
14 198
14 213
14 215
14 218
14 239
14 248
14 259
14 264
14 290
14 299
14 3
14 5
14 7
14 8
14 20
14 22
14 36
14 37
14 62
14 79
14 84
14 105
14 108
14 115
14 123
14 131
14 134
14 140
14 146
14 148
14 164
15 155
15 156
15 160
15 161
15 177
15 194
15 283
15 285
15 294
15 21
15 30
15 37
15 48
15 82
15 92
15 94
15 98
15 104
15 105
15 113
15 121
15 128
15 136
15 139
15 147
15 165
16 158
16 163
16 170
16 171
16 179
16 187
16 211
16 213
16 218
16 227
16 232
16 245
16 291
16 292
16 1
16 23
16 33
16 43
16 47
16 67
16 86
16 101
16 108
16 116
16 118
16 120
16 122
16 127
16 140
16 166
17 172
17 190
17 213
17 222
17 246
17 271
17 285
17 5
17 9
17 26
17 35
17 44
17 48
17 71
17 82
17 101
17 107
17 112
17 119
17 126
17 167
18 167
18 170
18 202
18 219
18 227
18 232
18 235
18 240
18 245
18 263
18 284
18 3
18 5
18 9
18 12
18 13
18 42
18 47
18 48
18 55
18 60
18 62
18 86
18 97
18 100
18 113
18 123
18 130
18 139
18 146
18 148
18 168
19 166
19 178
19 180
19 194
19 197
19 235
19 249
19 258
19 259
19 273
19 275
19 276
19 295
19 0
19 23
19 24
19 44
19 46
19 51
19 58
19 62
19 73
19 81
19 110
19 121
19 127
19 137
19 143
19 169
20 194
20 201
20 202
20 221
20 226
20 240
20 242
20 244
20 260
20 263
20 268
20 272
20 294
20 2
20 4
20 14
20 36
20 39
20 44
20 47
20 63
20 69
20 73
20 89
20 96
20 130
20 134
20 170
21 195
21 197
21 213
21 223
21 242
21 250
21 256
21 266
21 289
21 291
21 298
21 0
21 8
21 12
21 15
21 26
21 46
21 51
21 55
21 81
21 85
21 93
21 112
21 115
21 122
21 123
21 127
21 142
21 171
22 154
22 171
22 177
22 180
22 186
22 196
22 202
22 203
22 226
22 242
22 294
22 0
22 4
22 11
22 14
22 26
22 28
22 37
22 38
22 47
22 50
22 74
22 81
22 82
22 96
22 108
22 117
22 126
22 128
22 144
22 172
23 162
23 184
23 208
23 232
23 268
23 286
23 5
23 16
23 19
23 25
23 31
23 39
23 43
23 45
23 54
23 71
23 74
23 88
23 92
23 99
23 104
23 120
23 121
23 133
23 139
23 145
23 146
23 148
23 149
23 173
24 161
24 173
24 186
24 223
24 237
24 250
24 251
24 280
24 1
24 6
24 7
24 10
24 19
24 42
24 45
24 57
24 62
24 65
24 82
24 106
24 124
24 148
24 174
25 181
25 226
25 231
25 247
25 252
25 269
25 270
25 286
25 298
25 299
25 0
25 23
25 40
25 56
25 64
25 73
25 94
25 102
25 135
25 146
25 175
26 155
26 156
26 180
26 209
26 233
26 234
26 242
26 250
26 260
26 268
26 272
26 285
26 294
26 4
26 17
26 21
26 22
26 35
26 51
26 60
26 74
26 90
26 91
26 148
26 176
27 162
27 163
27 177
27 193
27 195
27 196
27 204
27 218
27 221
27 236
27 240
27 249
27 278
27 287
27 292
27 293
27 8
27 37
27 39
27 65
27 76
27 79
27 82
27 89
27 90
27 111
27 125
27 133
27 145
28 159
28 160
28 161
28 177
28 203
28 222
28 235
28 250
28 260
28 267
28 297
28 2
28 3
28 6
28 22
28 39
28 41
28 53
28 56
28 73
28 74
28 75
28 92
28 96
28 97
28 98
28 101
28 125
28 129
28 178
29 150
29 153
29 161
29 170
29 192
29 194
29 207
29 211
29 224
29 228
29 231
29 232
29 265
29 268
29 269
29 280
29 281
29 295
29 5
29 8
29 13
29 34
29 37
29 39
29 50
29 69
29 70
29 83
29 93
29 116
29 137
29 140
29 179
30 151
30 156
30 173
30 178
30 197
30 215
30 226
30 244
30 266
30 280
30 293
30 0
30 5
30 8
30 15
30 33
30 34
30 47
30 54
30 61
30 63
30 64
30 65
30 79
30 80
30 81
30 129
30 137
30 139
30 142
30 180
31 162
31 184
31 188
31 217
31 227
31 229
31 237
31 240
31 256
31 280
31 283
31 289
31 23
31 54
31 73
31 99
31 107
31 113
31 121
31 130
31 142
31 143
31 181
32 162
32 165
32 169
32 174
32 191
32 192
32 211
32 268
32 10
32 36
32 43
32 74
32 78
32 79
32 80
32 103
32 124
32 125
32 182
33 173
33 186
33 193
33 194
33 215
33 218
33 222
33 241
33 250
33 253
33 259
33 279
33 290
33 297
33 16
33 30
33 37
33 39
33 40
33 42
33 51
33 56
33 77
33 83
33 89
33 109
33 116
33 126
33 130
33 131
33 134
33 136
33 145
33 183
34 152
34 153
34 167
34 174
34 184
34 188
34 204
34 213
34 217
34 231
34 239
34 279
34 283
34 296
34 29
34 30
34 44
34 57
34 64
34 70
34 77
34 78
34 85
34 88
34 96
34 126
34 144
35 167
35 168
35 185
35 187
35 190
35 195
35 198
35 201
35 205
35 213
35 253
35 257
35 262
35 273
35 277
35 6
35 9
35 17
35 26
35 72
35 73
35 90
35 109
35 117
35 118
35 121
35 122
35 125
35 128
35 141
35 143
35 145
36 150
36 160
36 225
36 226
36 244
36 260
36 262
36 280
36 282
36 3
36 8
36 14
36 20
36 32
36 42
36 45
36 46
36 50
36 91
36 99
36 110
36 117
36 122
36 123
36 128
36 142
36 186
37 170
37 176
37 185
37 188
37 193
37 226
37 240
37 259
37 14
37 15
37 22
37 27
37 29
37 33
37 45
37 48
37 63
37 67
37 69
37 70
37 72
37 80
37 84
37 98
37 144
37 187
38 180
38 214
38 221
38 229
38 234
38 244
38 267
38 283
38 0
38 22
38 47
38 53
38 85
38 97
38 102
38 115
38 121
38 136
38 188
39 150
39 151
39 202
39 215
39 217
39 253
39 278
39 290
39 11
39 20
39 23
39 27
39 28
39 29
39 33
39 54
39 57
39 59
39 74
39 87
39 101
39 109
39 111
39 140
39 143
39 148
39 189
40 155
40 157
40 162
40 177
40 184
40 186
40 220
40 230
40 234
40 245
40 249
40 253
40 284
40 296
40 8
40 25
40 33
40 72
40 102
40 110
40 111
40 114
40 124
40 125
40 135
40 147
40 190
41 153
41 185
41 192
41 220
41 236
41 241
41 247
41 270
41 282
41 287
41 290
41 28
41 42
41 55
41 64
41 87
41 89
41 113
41 125
41 191
42 151
42 184
42 198
42 199
42 200
42 207
42 254
42 258
42 262
42 263
42 269
42 270
42 276
42 281
42 291
42 4
42 18
42 24
42 33
42 36
42 41
42 65
42 67
42 68
42 72
42 79
42 84
42 100
42 105
42 128
42 129
42 133
42 138
42 139
42 192
43 155
43 159
43 192
43 205
43 256
43 291
43 293
43 299
43 3
43 12
43 16
43 23
43 32
43 54
43 58
43 71
43 75
43 80
43 113
43 118
43 119
43 137
43 193
44 158
44 181
44 188
44 200
44 213
44 231
44 242
44 243
44 256
44 259
44 260
44 262
44 265
44 270
44 272
44 294
44 2
44 9
44 17
44 19
44 20
44 34
44 70
44 77
44 80
44 81
44 86
44 87
44 117
44 121
44 135
44 136
44 142
44 148
44 194
45 172
45 177
45 185
45 194
45 208
45 210
45 221
45 240
45 272
45 288
45 293
45 10
45 23
45 24
45 36
45 37
45 51
45 54
45 69
45 84
45 94
45 119
45 128
45 129
45 133
45 147
45 195
46 168
46 171
46 209
46 233
46 243
46 244
46 256
46 287
46 298
46 0
46 2
46 10
46 19
46 21
46 36
46 53
46 71
46 74
46 82
46 91
46 103
46 104
46 106
46 107
46 115
46 127
46 134
46 137
46 196
47 150
47 175
47 212
47 234
47 254
47 255
47 257
47 264
47 9
47 12
47 16
47 18
47 20
47 22
47 30
47 38
47 54
47 83
47 85
47 89
47 97
47 101
47 107
47 115
47 126
47 137
47 197
48 221
48 232
48 240
48 244
48 253
48 254
48 261
48 4
48 10
48 15
48 17
48 18
48 37
48 68
48 71
48 75
48 76
48 91
48 106
48 123
48 145
48 198
49 151
49 173
49 176
49 180
49 213
49 218
49 227
49 233
49 239
49 277
49 297
49 299
49 0
49 53
49 62
49 68
49 75
49 82
49 86
49 93
49 113
49 149
49 199
50 165
50 179
50 208
50 215
50 233
50 237
50 257
50 266
50 284
50 294
50 297
50 3
50 6
50 8
50 22
50 29
50 36
50 67
50 73
50 92
50 114
50 119
50 127
50 200
51 167
51 173
51 186
51 200
51 224
51 242
51 256
51 266
51 275
51 283
51 298
51 6
51 11
51 19
51 21
51 26
51 33
51 45
51 54
51 55
51 61
51 68
51 73
51 85
51 103
51 106
51 118
51 120
51 125
51 201
52 150
52 163
52 165
52 170
52 180
52 191
52 210
52 212
52 262
52 287
52 289
52 0
52 1
52 10
52 55
52 60
52 82
52 96
52 104
52 105
52 116
52 145
52 202
53 152
53 159
53 180
53 207
53 223
53 224
53 234
53 248
53 261
53 1
53 9
53 12
53 28
53 38
53 46
53 49
53 98
53 112
53 113
53 119
53 135
53 203
54 158
54 176
54 188
54 198
54 239
54 268
54 288
54 298
54 23
54 30
54 31
54 39
54 43
54 45
54 47
54 51
54 55
54 81
54 102
54 116
54 120
54 131
54 132
54 204
55 170
55 172
55 182
55 212
55 215
55 229
55 295
55 296
55 10
55 18
55 21
55 41
55 51
55 52
55 54
55 72
55 96
55 104
55 106
55 112
55 122
55 123
55 127
55 131
55 132
55 133
55 135
55 142
55 146
55 205
56 154
56 192
56 204
56 206
56 216
56 248
56 255
56 266
56 1
56 4
56 10
56 25
56 28
56 33
56 59
56 62
56 64
56 65
56 68
56 70
56 73
56 74
56 78
56 93
56 94
56 103
56 110
56 119
56 120
56 136
56 138
56 140
56 146
57 152
57 179
57 184
57 197
57 202
57 215
57 243
57 293
57 12
57 24
57 34
57 39
57 94
57 105
57 110
57 114
57 122
57 132
57 135
57 136
57 142
57 207
58 156
58 158
58 174
58 177
58 204
58 210
58 212
58 225
58 271
58 281
58 12
58 19
58 43
58 71
58 82
58 88
58 96
58 97
58 101
58 116
58 117
58 118
58 208
59 158
59 201
59 226
59 227
59 229
59 232
59 234
59 241
59 248
59 281
59 296
59 9
59 10
59 39
59 56
59 70
59 73
59 76
59 79
59 84
59 91
59 125
59 135
59 139
59 140
59 209
60 158
60 171
60 234
60 244
60 247
60 251
60 253
60 271
60 8
60 11
60 18
60 26
60 52
60 79
60 88
60 104
60 105
60 106
60 122
60 132
60 134
60 147
60 210
61 155
61 159
61 171
61 240
61 276
61 289
61 296
61 10
61 30
61 51
61 64
61 65
61 98
61 114
61 126
61 132
61 138
61 211
62 161
62 173
62 177
62 178
62 181
62 211
62 214
62 215
62 216
62 219
62 227
62 229
62 233
62 257
62 271
62 275
62 299
62 0
62 6
62 14
62 18
62 19
62 24
62 49
62 56
62 65
62 72
62 75
62 96
62 101
62 103
62 149
62 212
63 152
63 197
63 222
63 226
63 246
63 289
63 296
63 297
63 20
63 30
63 37
63 71
63 75
63 78
63 80
63 90
63 91
63 95
63 112
63 213
64 164
64 193
64 237
64 284
64 286
64 9
64 13
64 25
64 30
64 34
64 41
64 56
64 61
64 75
64 77
64 80
64 81
64 93
64 117
64 124
64 214
65 162
65 167
65 173
65 177
65 184
65 187
65 191
65 206
65 221
65 224
65 225
65 230
65 234
65 248
65 256
65 259
65 264
65 267
65 272
65 299
65 3
65 4
65 11
65 24
65 27
65 30
65 42
65 56
65 61
65 62
65 73
65 83
65 96
65 105
65 107
65 111
65 121
65 130
65 215
66 163
66 178
66 194
66 207
66 211
66 274
66 291
66 1
66 70
66 76
66 82
66 95
66 114
66 122
66 129
66 216
67 175
67 236
67 237
67 262
67 263
67 283
67 4
67 13
67 16
67 37
67 42
67 50
67 75
67 84
67 91
67 134
67 217
68 178
68 181
68 189
68 195
68 229
68 235
68 252
68 254
68 264
68 265
68 279
68 290
68 0
68 10
68 11
68 42
68 48
68 49
68 51
68 56
68 81
68 95
68 129
68 218
69 173
69 178
69 201
69 213
69 218
69 221
69 244
69 257
69 264
69 268
69 282
69 3
69 6
69 8
69 20
69 29
69 37
69 45
69 83
69 94
69 102
69 110
69 119
69 125
69 130
69 140
69 142
69 146
69 149
69 219
70 165
70 172
70 184
70 204
70 212
70 217
70 238
70 241
70 258
70 260
70 7
70 12
70 29
70 34
70 37
70 44
70 56
70 59
70 66
70 78
70 79
70 88
70 103
70 104
70 109
70 123
70 129
70 220
71 151
71 158
71 173
71 178
71 203
71 215
71 225
71 228
71 232
71 272
71 296
71 297
71 299
71 17
71 23
71 43
71 46
71 48
71 58
71 63
71 80
71 81
71 96
71 105
71 113
71 121
71 124
71 127
71 141
71 144
71 221
72 154
72 157
72 160
72 161
72 171
72 172
72 192
72 211
72 236
72 240
72 249
72 253
72 265
72 273
72 282
72 0
72 2
72 13
72 35
72 37
72 40
72 42
72 55
72 62
72 89
72 112
72 116
72 123
72 125
72 139
72 140
72 222
73 161
73 171
73 188
73 226
73 245
73 252
73 265
73 293
73 4
73 5
73 9
73 19
73 20
73 25
73 28
73 31
73 35
73 50
73 51
73 56
73 59
73 65
73 86
73 95
73 99
73 102
73 105
73 117
73 118
73 120
73 123
73 136
73 137
73 141
73 223
74 168
74 203
74 211
74 229
74 246
74 265
74 280
74 296
74 4
74 22
74 23
74 26
74 28
74 32
74 39
74 46
74 56
74 77
74 89
74 107
74 128
74 129
74 139
74 148
74 224
75 186
75 219
75 254
75 257
75 272
75 282
75 2
75 4
75 28
75 43
75 48
75 49
75 62
75 63
75 64
75 67
75 84
75 87
75 88
75 89
75 100
75 111
75 112
75 130
75 225
76 158
76 171
76 194
76 195
76 205
76 212
76 214
76 219
76 232
76 255
76 283
76 285
76 289
76 7
76 27
76 48
76 59
76 66
76 87
76 107
76 112
76 121
76 123
76 124
76 226
77 156
77 166
77 218
77 225
77 226
77 264
77 272
77 297
77 33
77 34
77 44
77 64
77 74
77 78
77 116
77 130
77 136
77 148
77 227
78 151
78 156
78 168
78 197
78 214
78 228
78 256
78 260
78 282
78 3
78 32
78 34
78 56
78 63
78 70
78 77
78 82
78 85
78 86
78 96
78 126
78 143
78 145
78 147
79 186
79 189
79 194
79 210
79 228
79 238
79 241
79 247
79 5
79 10
79 14
79 27
79 30
79 32
79 42
79 59
79 60
79 70
79 84
79 93
79 94
79 100
79 106
79 119
79 147
79 229
80 157
80 158
80 182
80 218
80 234
80 287
80 293
80 299
80 9
80 10
80 30
80 32
80 37
80 43
80 44
80 63
80 64
80 71
80 81
80 83
80 116
80 132
80 137
80 144
80 230
81 170
81 185
81 187
81 193
81 208
81 229
81 234
81 239
81 263
81 267
81 271
81 291
81 0
81 19
81 21
81 22
81 30
81 44
81 54
81 64
81 68
81 71
81 80
81 86
81 96
81 97
81 103
81 110
81 115
81 119
81 123
81 125
81 137
81 138
81 139
81 140
81 231
82 173
82 175
82 183
82 198
82 225
82 227
82 239
82 248
82 252
82 293
82 0
82 4
82 13
82 15
82 17
82 22
82 24
82 27
82 46
82 49
82 52
82 58
82 66
82 78
82 84
82 112
82 121
82 127
82 128
82 232
83 195
83 201
83 224
83 229
83 231
83 232
83 236
83 268
83 275
83 292
83 3
83 6
83 7
83 10
83 12
83 29
83 33
83 47
83 65
83 69
83 80
83 86
83 90
83 119
83 122
83 125
83 139
83 233
84 152
84 153
84 180
84 217
84 218
84 219
84 251
84 253
84 261
84 267
84 3
84 11
84 14
84 37
84 42
84 45
84 59
84 67
84 75
84 79
84 82
84 88
84 93
84 99
84 103
84 108
84 111
84 120
84 134
84 135
84 234
85 155
85 171
85 174
85 178
85 191
85 213
85 218
85 264
85 265
85 271
85 299
85 5
85 21
85 34
85 38
85 47
85 51
85 78
85 99
85 103
85 145
85 235
86 152
86 163
86 174
86 186
86 221
86 231
86 245
86 272
86 297
86 16
86 18
86 44
86 49
86 73
86 78
86 81
86 83
86 116
86 125
86 131
86 141
86 144
86 148
86 236
87 150
87 153
87 166
87 168
87 192
87 238
87 245
87 281
87 10
87 39
87 41
87 44
87 75
87 76
87 115
87 122
87 124
87 134
87 142
87 237
88 228
88 1
88 23
88 34
88 58
88 60
88 70
88 75
88 84
88 90
88 122
88 125
88 141
88 143
88 147
88 238
89 155
89 171
89 190
89 199
89 202
89 210
89 216
89 220
89 228
89 248
89 251
89 282
89 3
89 20
89 27
89 33
89 41
89 47
89 72
89 74
89 75
89 101
89 114
89 121
89 133
89 139
89 146
89 239
90 159
90 166
90 171
90 195
90 199
90 202
90 203
90 209
90 224
90 243
90 254
90 282
90 295
90 7
90 26
90 27
90 35
90 63
90 83
90 88
90 91
90 95
90 104
90 105
90 106
90 109
90 138
90 144
90 240
91 171
91 185
91 205
91 209
91 224
91 230
91 237
91 240
91 247
91 258
91 266
91 267
91 276
91 277
91 282
91 285
91 286
91 1
91 6
91 11
91 26
91 36
91 46
91 48
91 59
91 63
91 67
91 90
91 140
91 142
91 241
92 152
92 154
92 164
92 165
92 190
92 192
92 220
92 227
92 257
92 274
92 276
92 292
92 1
92 8
92 15
92 23
92 28
92 50
92 96
92 106
92 111
92 120
92 123
92 146
92 242
93 172
93 175
93 194
93 234
93 245
93 246
93 247
93 271
93 291
93 0
93 21
93 29
93 49
93 56
93 64
93 79
93 84
93 97
93 99
93 104
93 105
93 112
93 119
93 123
93 128
93 136
93 139
93 143
93 243
94 151
94 181
94 182
94 183
94 187
94 199
94 219
94 223
94 234
94 266
94 283
94 289
94 295
94 5
94 7
94 12
94 15
94 25
94 45
94 56
94 57
94 69
94 79
94 96
94 99
94 107
94 111
94 115
94 128
94 244
95 179
95 224
95 227
95 244
95 250
95 259
95 267
95 273
95 289
95 295
95 10
95 63
95 66
95 68
95 73
95 90
95 97
95 101
95 133
95 245
96 200
96 216
96 220
96 224
96 236
96 245
96 262
96 268
96 284
96 285
96 286
96 289
96 1
96 9
96 20
96 22
96 28
96 34
96 52
96 55
96 58
96 62
96 65
96 71
96 78
96 81
96 92
96 94
96 98
96 117
96 128
96 129
96 246
97 170
97 194
97 223
97 248
97 253
97 273
97 18
97 28
97 38
97 47
97 58
97 81
97 93
97 95
97 104
97 106
97 122
97 146
97 147
97 247
98 153
98 171
98 177
98 185
98 192
98 203
98 230
98 235
98 238
98 243
98 284
98 286
98 0
98 1
98 15
98 28
98 37
98 53
98 61
98 96
98 107
98 113
98 114
98 248
99 156
99 163
99 185
99 188
99 197
99 213
99 218
99 230
99 283
99 285
99 0
99 1
99 23
99 31
99 36
99 73
99 84
99 85
99 93
99 94
99 115
99 125
99 128
99 144
99 249
100 169
100 185
100 228
100 233
100 248
100 260
100 266
100 0
100 6
100 12
100 18
100 42
100 75
100 79
100 113
100 115
100 116
100 135
100 141
100 144
100 250
101 153
101 161
101 172
101 180
101 188
101 206
101 210
101 220
101 222
101 275
101 292
101 299
101 5
101 16
101 17
101 28
101 39
101 47
101 58
101 62
101 89
101 95
101 132
101 137
101 149
101 251
102 153
102 161
102 173
102 174
102 182
102 186
102 193
102 196
102 222
102 279
102 291
102 5
102 25
102 38
102 40
102 54
102 69
102 73
102 104
102 106
102 128
102 132
102 133
102 137
102 138
102 139
102 142
102 145
102 252
103 179
103 213
103 234
103 260
103 276
103 293
103 298
103 1
103 4
103 5
103 32
103 46
103 51
103 56
103 62
103 70
103 81
103 84
103 85
103 253
104 205
104 231
104 252
104 260
104 262
104 277
104 283
104 284
104 295
104 15
104 23
104 46
104 52
104 55
104 60
104 70
104 90
104 93
104 97
104 102
104 117
104 136
104 143
104 144
104 254
105 178
105 211
105 230
105 267
105 5
105 14
105 15
105 42
105 52
105 57
105 60
105 65
105 71
105 73
105 90
105 93
105 106
105 107
105 122
105 124
105 125
105 126
105 134
105 255
106 154
106 181
106 183
106 187
106 188
106 198
106 205
106 216
106 219
106 244
106 247
106 250
106 258
106 267
106 294
106 296
106 24
106 46
106 48
106 51
106 55
106 60
106 79
106 90
106 92
106 97
106 102
106 105
106 127
106 131
106 142
106 146
106 256
107 161
107 170
107 178
107 185
107 186
107 191
107 244
107 269
107 289
107 2
107 17
107 31
107 46
107 47
107 65
107 74
107 76
107 94
107 98
107 105
107 117
107 123
107 141
107 257
108 159
108 161
108 169
108 192
108 209
108 250
108 264
108 274
108 276
108 287
108 14
108 16
108 22
108 84
108 111
108 117
108 126
108 137
108 144
108 147
108 258
109 151
109 160
109 164
109 166
109 184
109 190
109 191
109 196
109 246
109 278
109 288
109 296
109 4
109 33
109 35
109 39
109 70
109 90
109 139
109 141
109 145
109 149
109 259
110 153
110 172
110 179
110 192
110 193
110 199
110 218
110 229
110 250
110 273
110 284
110 1
110 3
110 19
110 36
110 40
110 56
110 57
110 69
110 81
110 127
110 132
110 260
111 157
111 191
111 195
111 200
111 205
111 257
111 273
111 298
111 3
111 6
111 7
111 27
111 39
111 40
111 65
111 75
111 84
111 92
111 94
111 108
111 116
111 129
111 132
111 261
112 178
112 179
112 185
112 194
112 206
112 215
112 223
112 225
112 231
112 257
112 259
112 267
112 273
112 281
112 296
112 4
112 17
112 21
112 53
112 55
112 63
112 72
112 75
112 76
112 82
112 93
112 129
112 132
112 138
112 262
113 164
113 174
113 175
113 184
113 190
113 224
113 257
113 264
113 270
113 277
113 292
113 295
113 298
113 15
113 18
113 31
113 41
113 43
113 49
113 53
113 71
113 98
113 100
113 120
113 125
113 130
113 131
113 263
114 158
114 172
114 211
114 212
114 237
114 244
114 247
114 250
114 258
114 277
114 8
114 40
114 50
114 57
114 61
114 66
114 89
114 98
114 123
114 124
114 125
114 126
114 139
114 264
115 155
115 158
115 167
115 195
115 198
115 208
115 252
115 269
115 287
115 296
115 11
115 14
115 21
115 38
115 46
115 47
115 81
115 87
115 94
115 99
115 100
115 126
115 127
115 129
115 131
115 133
115 139
115 147
115 265
116 179
116 210
116 212
116 235
116 243
116 260
116 272
116 280
116 13
116 16
116 29
116 33
116 52
116 54
116 58
116 72
116 77
116 80
116 86
116 100
116 111
116 125
116 128
116 133
116 139
116 266
117 162
117 164
117 179
117 183
117 187
117 208
117 209
117 255
117 258
117 259
117 281
117 283
117 295
117 297
117 4
117 11
117 22
117 35
117 36
117 44
117 58
117 64
117 73
117 96
117 104
117 107
117 108
117 119
117 131
117 136
117 140
117 142
117 144
117 267
118 161
118 200
118 214
118 221
118 241
118 261
118 263
118 295
118 299
118 16
118 35
118 43
118 51
118 58
118 73
118 120
118 121
118 129
118 144
118 268
119 156
119 157
119 170
119 227
119 236
119 237
119 260
119 263
119 277
119 293
119 7
119 17
119 43
119 45
119 50
119 53
119 56
119 69
119 79
119 81
119 83
119 93
119 117
119 136
119 140
119 146
119 269
120 184
120 186
120 207
120 227
120 241
120 243
120 252
120 260
120 273
120 286
120 298
120 9
120 10
120 16
120 23
120 51
120 54
120 56
120 73
120 84
120 92
120 113
120 118
120 126
120 146
120 270
121 160
121 163
121 178
121 185
121 192
121 221
121 223
121 229
121 249
121 253
121 275
121 281
121 288
121 296
121 6
121 8
121 15
121 19
121 23
121 31
121 35
121 38
121 44
121 65
121 71
121 76
121 82
121 89
121 118
121 137
121 141
121 271
122 189
122 207
122 212
122 218
122 263
122 278
122 285
122 295
122 298
122 2
122 6
122 9
122 16
122 21
122 35
122 36
122 55
122 57
122 60
122 66
122 83
122 87
122 88
122 97
122 105
122 146
122 272
123 153
123 162
123 167
123 192
123 202
123 209
123 234
123 248
123 274
123 279
123 296
123 0
123 7
123 14
123 18
123 21
123 36
123 48
123 55
123 70
123 72
123 73
123 76
123 81
123 92
123 93
123 107
123 114
123 273
124 167
124 186
124 203
124 210
124 221
124 255
124 284
124 299
124 24
124 32
124 40
124 64
124 71
124 76
124 87
124 105
124 114
124 130
124 139
124 147
124 274
125 158
125 166
125 173
125 188
125 200
125 202
125 204
125 211
125 212
125 215
125 217
125 219
125 234
125 264
125 267
125 284
125 0
125 27
125 28
125 32
125 35
125 40
125 41
125 51
125 59
125 69
125 72
125 81
125 83
125 86
125 88
125 99
125 105
125 113
125 114
125 116
125 127
125 137
125 144
125 146
125 275
126 150
126 162
126 181
126 191
126 192
126 199
126 203
126 222
126 260
126 264
126 280
126 285
126 290
126 294
126 4
126 7
126 17
126 22
126 33
126 34
126 47
126 61
126 78
126 105
126 108
126 114
126 115
126 120
126 130
126 141
126 142
126 143
126 276
127 152
127 178
127 188
127 208
127 210
127 241
127 251
127 252
127 273
127 3
127 4
127 9
127 16
127 19
127 21
127 46
127 50
127 55
127 71
127 82
127 106
127 110
127 115
127 125
127 131
127 133
127 137
127 277
128 151
128 153
128 161
128 170
128 173
128 178
128 198
128 213
128 224
128 246
128 289
128 1
128 6
128 15
128 22
128 35
128 36
128 42
128 45
128 74
128 82
128 93
128 94
128 96
128 99
128 102
128 116
128 135
128 278
129 157
129 162
129 177
129 183
129 193
129 219
129 222
129 224
129 243
129 256
129 289
129 5
129 28
129 30
129 42
129 45
129 66
129 68
129 70
129 74
129 96
129 111
129 112
129 115
129 118
129 130
129 131
129 134
129 140
129 142
129 147
129 149
129 279
130 184
130 205
130 243
130 249
130 257
130 3
130 4
130 9
130 10
130 18
130 20
130 31
130 33
130 65
130 69
130 75
130 77
130 113
130 124
130 126
130 129
130 131
130 138
130 280
131 150
131 158
131 166
131 252
131 254
131 279
131 285
131 2
131 5
131 14
131 33
131 54
131 55
131 86
131 106
131 113
131 115
131 117
131 127
131 129
131 130
131 143
131 146
131 281
132 162
132 174
132 184
132 196
132 198
132 206
132 220
132 221
132 240
132 259
132 261
132 266
132 296
132 54
132 55
132 57
132 60
132 61
132 80
132 101
132 102
132 110
132 111
132 112
132 135
132 138
132 282
133 178
133 193
133 229
133 242
133 251
133 263
133 280
133 290
133 23
133 27
133 42
133 45
133 55
133 89
133 95
133 102
133 115
133 116
133 127
133 144
133 283
134 154
134 157
134 158
134 167
134 177
134 187
134 188
134 196
134 212
134 248
134 263
134 273
134 275
134 277
134 295
134 0
134 9
134 14
134 20
134 33
134 46
134 60
134 67
134 84
134 87
134 105
134 129
134 141
134 147
134 284
135 172
135 173
135 207
135 213
135 223
135 246
135 282
135 299
135 25
135 40
135 44
135 53
135 55
135 57
135 59
135 84
135 100
135 128
135 132
135 139
135 285
136 163
136 187
136 203
136 211
136 213
136 233
136 263
136 269
136 288
136 299
136 15
136 33
136 38
136 44
136 56
136 57
136 73
136 77
136 93
136 104
136 117
136 119
136 149
136 286
137 163
137 167
137 209
137 222
137 241
137 253
137 279
137 283
137 285
137 295
137 297
137 7
137 13
137 19
137 29
137 30
137 43
137 46
137 47
137 73
137 80
137 81
137 101
137 102
137 108
137 121
137 125
137 127
137 148
137 287
138 158
138 176
138 187
138 192
138 258
138 265
138 267
138 279
138 7
138 42
138 56
138 61
138 81
138 90
138 102
138 112
138 130
138 132
138 288
139 177
139 189
139 216
139 226
139 229
139 242
139 251
139 258
139 267
139 287
139 299
139 8
139 10
139 15
139 18
139 23
139 30
139 42
139 59
139 72
139 74
139 81
139 83
139 89
139 93
139 102
139 109
139 114
139 115
139 116
139 124
139 135
139 147
139 289
140 181
140 184
140 187
140 193
140 219
140 234
140 255
140 273
140 285
140 294
140 11
140 14
140 16
140 29
140 39
140 56
140 59
140 69
140 72
140 81
140 91
140 117
140 119
140 129
140 142
140 145
140 290
141 154
141 162
141 187
141 189
141 204
141 242
141 245
141 246
141 257
141 260
141 272
141 293
141 5
141 35
141 71
141 73
141 86
141 88
141 100
141 107
141 109
141 121
141 126
141 134
141 291
142 159
142 165
142 170
142 184
142 193
142 203
142 231
142 234
142 237
142 250
142 251
142 285
142 4
142 21
142 30
142 31
142 36
142 44
142 55
142 57
142 69
142 87
142 91
142 102
142 106
142 117
142 126
142 129
142 140
142 292
143 152
143 161
143 169
143 185
143 186
143 192
143 203
143 222
143 227
143 275
143 278
143 11
143 13
143 19
143 31
143 35
143 39
143 78
143 88
143 93
143 104
143 126
143 131
143 146
143 293
144 153
144 157
144 182
144 201
144 202
144 211
144 222
144 229
144 232
144 244
144 263
144 290
144 296
144 4
144 22
144 34
144 37
144 71
144 80
144 86
144 90
144 99
144 100
144 104
144 108
144 117
144 118
144 125
144 133
144 148
144 294
145 166
145 188
145 216
145 223
145 231
145 235
145 243
145 252
145 278
145 282
145 3
145 23
145 27
145 33
145 35
145 48
145 52
145 78
145 85
145 102
145 109
145 140
145 295
146 151
146 185
146 201
146 213
146 215
146 218
146 244
146 245
146 259
146 291
146 299
146 1
146 2
146 14
146 18
146 23
146 25
146 55
146 56
146 69
146 89
146 92
146 97
146 106
146 119
146 120
146 122
146 125
146 131
146 143
146 148
146 296
147 180
147 187
147 188
147 223
147 227
147 0
147 15
147 40
147 45
147 60
147 78
147 79
147 88
147 97
147 108
147 115
147 124
147 129
147 134
147 139
147 148
147 297
148 170
148 182
148 190
148 215
148 216
148 217
148 248
148 262
148 2
148 7
148 8
148 14
148 18
148 23
148 24
148 26
148 39
148 44
148 74
148 77
148 86
148 137
148 144
148 146
148 147
148 298
149 164
149 184
149 189
149 197
149 202
149 204
149 216
149 287
149 292
149 3
149 7
149 8
149 11
149 23
149 49
149 62
149 69
149 101
149 109
149 129
149 136
149 299
150 6
150 7
150 29
150 36
150 39
150 47
150 52
150 87
150 126
150 131
150 0
151 30
151 39
151 42
151 49
151 71
151 78
151 94
151 109
151 128
151 146
151 1
152 12
152 34
152 53
152 57
152 63
152 84
152 86
152 92
152 127
152 143
152 2
153 14
153 29
153 34
153 41
153 84
153 87
153 98
153 101
153 102
153 110
153 123
153 128
153 144
153 3
154 22
154 56
154 72
154 92
154 106
154 134
154 141
154 4
155 5
155 15
155 26
155 40
155 43
155 61
155 85
155 89
155 115
156 2
156 15
156 26
156 30
156 58
156 77
156 78
156 99
156 119
156 6
157 1
157 7
157 12
157 40
157 72
157 80
157 111
157 119
157 129
157 134
157 144
158 3
158 9
158 11
158 16
158 44
158 54
158 58
158 59
158 60
158 71
158 76
158 80
158 114
158 115
158 125
158 131
158 134
158 138
158 8
159 6
159 28
159 43
159 53
159 61
159 90
159 108
159 142
159 9
160 3
160 8
160 15
160 28
160 36
160 72
160 109
160 121
160 10
161 1
161 15
161 24
161 28
161 29
161 62
161 72
161 73
161 101
161 102
161 107
161 108
161 118
161 128
161 143
161 11
162 2
162 23
162 27
162 31
162 32
162 40
162 65
162 117
162 123
162 126
162 129
162 132
162 141
162 12
163 16
163 27
163 52
163 66
163 86
163 99
163 121
163 136
163 137
163 13
164 6
164 64
164 92
164 109
164 113
164 117
164 149
164 14
165 3
165 5
165 32
165 50
165 52
165 70
165 92
165 142
165 15
166 2
166 10
166 19
166 77
166 87
166 90
166 109
166 125
166 131
166 145
166 16
167 4
167 12
167 18
167 34
167 35
167 51
167 65
167 115
167 123
167 124
167 134
167 137
167 17
168 35
168 46
168 74
168 78
168 87
168 18
169 32
169 100
169 108
169 143
169 19
170 0
170 16
170 18
170 29
170 37
170 52
170 55
170 81
170 97
170 107
170 119
170 128
170 142
170 148
170 20
171 12
171 16
171 22
171 46
171 60
171 61
171 72
171 73
171 76
171 85
171 89
171 90
171 91
171 98
171 21
172 17
172 45
172 55
172 70
172 72
172 93
172 101
172 110
172 114
172 135
172 22
173 24
173 30
173 33
173 49
173 51
173 62
173 65
173 69
173 71
173 82
173 102
173 125
173 128
173 135
173 23
174 7
174 12
174 32
174 34
174 58
174 85
174 86
174 102
174 113
174 132
174 24
175 1
175 10
175 47
175 67
175 82
175 93
175 113
175 25
176 37
176 49
176 54
176 138
176 26
177 4
177 15
177 22
177 27
177 28
177 40
177 45
177 58
177 62
177 65
177 98
177 129
177 134
177 139
178 0
178 7
178 12
178 19
178 30
178 62
178 66
178 68
178 69
178 71
178 85
178 105
178 107
178 112
178 121
178 127
178 128
178 133
178 28
179 10
179 16
179 50
179 57
179 95
179 103
179 110
179 112
179 116
179 117
179 29
180 19
180 22
180 26
180 38
180 49
180 52
180 53
180 84
180 101
180 147
180 30
181 10
181 25
181 44
181 62
181 68
181 94
181 106
181 126
181 140
181 31
182 11
182 12
182 55
182 80
182 94
182 102
182 144
182 148
182 32
183 13
183 82
183 94
183 106
183 117
183 129
183 33
184 23
184 31
184 34
184 40
184 42
184 57
184 65
184 70
184 109
184 113
184 120
184 130
184 132
184 140
184 142
184 149
185 35
185 37
185 41
185 45
185 81
185 91
185 98
185 99
185 100
185 107
185 112
185 121
185 143
185 146
186 11
186 22
186 24
186 33
186 40
186 51
186 75
186 79
186 86
186 102
186 107
186 120
186 124
186 143
186 36
187 16
187 35
187 65
187 81
187 94
187 106
187 117
187 134
187 136
187 138
187 140
187 141
187 147
187 37
188 3
188 8
188 31
188 34
188 37
188 44
188 54
188 73
188 99
188 101
188 106
188 125
188 127
188 134
188 145
188 147
188 38
189 68
189 79
189 122
189 139
189 141
189 149
189 39
190 1
190 3
190 6
190 8
190 17
190 35
190 89
190 92
190 109
190 113
190 148
190 40
191 32
191 52
191 65
191 85
191 107
191 109
191 111
191 126
191 41
192 10
192 14
192 29
192 32
192 41
192 43
192 56
192 72
192 87
192 92
192 98
192 108
192 110
192 121
192 123
192 126
192 138
192 143
192 42
193 3
193 9
193 12
193 27
193 33
193 37
193 64
193 81
193 102
193 110
193 129
193 133
193 140
193 142
193 43
194 0
194 2
194 15
194 19
194 20
194 29
194 33
194 45
194 66
194 76
194 79
194 93
194 97
194 112
194 44
195 9
195 10
195 21
195 27
195 35
195 68
195 76
195 83
195 90
195 111
195 115
195 45
196 0
196 22
196 27
196 102
196 109
196 132
196 134
196 46
197 14
197 19
197 21
197 30
197 57
197 63
197 78
197 99
197 149
197 47
198 14
198 35
198 42
198 54
198 82
198 106
198 115
198 128
198 132
198 48
199 5
199 42
199 89
199 90
199 94
199 110
199 126
199 49
200 42
200 44
200 51
200 96
200 111
200 118
200 125
200 50
201 2
201 3
201 20
201 35
201 59
201 69
201 83
201 144
201 146
201 51
202 18
202 20
202 22
202 39
202 57
202 89
202 90
202 123
202 125
202 144
202 149
202 52
203 22
203 28
203 71
203 74
203 90
203 98
203 124
203 126
203 136
203 142
203 143
203 53
204 27
204 34
204 56
204 58
204 70
204 125
204 141
204 149
204 54
205 35
205 43
205 76
205 91
205 104
205 106
205 111
205 130
205 55
206 2
206 56
206 65
206 101
206 112
206 132
207 29
207 42
207 53
207 66
207 120
207 122
207 135
207 57
208 7
208 23
208 45
208 50
208 81
208 115
208 117
208 127
208 58
209 10
209 26
209 46
209 90
209 91
209 108
209 117
209 123
209 137
209 59
210 45
210 52
210 58
210 79
210 89
210 101
210 116
210 124
210 127
210 60
211 4
211 12
211 16
211 29
211 32
211 62
211 66
211 72
211 74
211 105
211 114
211 125
211 136
211 144
211 61
212 7
212 47
212 52
212 55
212 58
212 70
212 76
212 114
212 116
212 122
212 125
212 134
212 62
213 14
213 16
213 17
213 21
213 34
213 35
213 44
213 49
213 69
213 85
213 99
213 103
213 128
213 135
213 136
213 146
213 63
214 38
214 62
214 76
214 78
214 118
214 64
215 8
215 9
215 14
215 30
215 33
215 39
215 50
215 55
215 57
215 62
215 71
215 112
215 125
215 146
215 148
215 65
216 7
216 56
216 62
216 89
216 96
216 106
216 139
216 145
216 148
216 149
216 66
217 31
217 34
217 39
217 70
217 84
217 125
217 148
217 67
218 1
218 13
218 14
218 16
218 27
218 33
218 49
218 69
218 77
218 80
218 84
218 85
218 99
218 110
218 122
218 146
218 68
219 12
219 18
219 62
219 75
219 76
219 84
219 94
219 106
219 125
219 129
219 140
219 69
220 40
220 41
220 89
220 92
220 96
220 101
220 132
220 70
221 0
221 8
221 20
221 27
221 38
221 45
221 48
221 65
221 69
221 86
221 118
221 121
221 124
221 132
221 71
222 10
222 17
222 28
222 33
222 63
222 101
222 102
222 126
222 129
222 137
222 143
222 144
222 72
223 0
223 21
223 24
223 53
223 94
223 97
223 112
223 121
223 135
223 145
223 147
223 73
224 11
224 29
224 51
224 53
224 65
224 83
224 90
224 91
224 95
224 96
224 113
224 128
224 129
224 74
225 1
225 12
225 36
225 58
225 65
225 71
225 77
225 82
225 112
225 75
226 4
226 20
226 22
226 25
226 30
226 36
226 37
226 59
226 63
226 73
226 77
226 139
226 76
227 16
227 18
227 31
227 49
227 59
227 62
227 82
227 92
227 95
227 119
227 120
227 143
227 147
227 77
228 29
228 71
228 78
228 79
228 88
228 89
228 100
229 5
229 10
229 13
229 31
229 38
229 55
229 59
229 62
229 68
229 74
229 81
229 83
229 110
229 121
229 133
229 139
229 144
229 79
230 0
230 9
230 12
230 40
230 65
230 91
230 98
230 99
230 105
230 80
231 25
231 29
231 34
231 44
231 83
231 86
231 104
231 112
231 142
231 145
231 81
232 3
232 9
232 13
232 16
232 18
232 23
232 29
232 48
232 59
232 71
232 76
232 83
232 144
232 82
233 26
233 46
233 49
233 50
233 62
233 100
233 136
233 83
234 1
234 26
234 38
234 40
234 47
234 53
234 59
234 60
234 65
234 80
234 81
234 93
234 94
234 103
234 123
234 125
234 140
234 142
234 84
235 8
235 18
235 19
235 28
235 68
235 98
235 116
235 145
235 85
236 6
236 27
236 41
236 67
236 72
236 83
236 96
236 119
236 86
237 7
237 24
237 31
237 50
237 64
237 67
237 91
237 114
237 119
237 142
237 87
238 70
238 79
238 87
238 98
238 88
239 14
239 34
239 49
239 54
239 81
239 82
239 89
240 7
240 18
240 20
240 27
240 31
240 37
240 45
240 48
240 61
240 72
240 91
240 132
240 90
241 33
241 41
241 59
241 70
241 79
241 118
241 120
241 127
241 137
241 91
242 20
242 21
242 22
242 26
242 44
242 51
242 133
242 139
242 141
242 92
243 9
243 44
243 46
243 57
243 90
243 98
243 116
243 120
243 129
243 130
243 145
243 93
244 20
244 30
244 36
244 38
244 46
244 48
244 60
244 69
244 95
244 106
244 107
244 114
244 144
244 146
244 94
245 5
245 16
245 18
245 40
245 73
245 86
245 87
245 93
245 96
245 141
245 146
245 95
246 0
246 1
246 3
246 17
246 63
246 74
246 93
246 109
246 128
246 135
246 141
246 96
247 3
247 25
247 41
247 60
247 79
247 91
247 93
247 106
247 114
247 97
248 2
248 7
248 14
248 53
248 56
248 59
248 65
248 82
248 89
248 97
248 100
248 123
248 134
248 148
248 98
249 1
249 19
249 27
249 40
249 72
249 121
249 130
249 99
250 21
250 24
250 26
250 28
250 33
250 95
250 106
250 108
250 110
250 114
250 142
250 100
251 24
251 60
251 84
251 89
251 127
251 133
251 139
251 142
251 101
252 25
252 68
252 73
252 82
252 104
252 115
252 120
252 127
252 131
252 145
252 102
253 7
253 8
253 33
253 35
253 39
253 40
253 48
253 60
253 72
253 84
253 97
253 121
253 137
253 103
254 1
254 42
254 47
254 48
254 68
254 75
254 90
254 131
254 104
255 47
255 56
255 76
255 117
255 124
255 140
255 105
256 21
256 31
256 43
256 44
256 46
256 51
256 65
256 78
256 129
256 106
257 35
257 47
257 50
257 62
257 69
257 75
257 92
257 111
257 112
257 113
257 130
257 141
257 107
258 19
258 42
258 70
258 91
258 106
258 114
258 117
258 138
258 139
258 108
259 0
259 5
259 14
259 19
259 33
259 37
259 44
259 65
259 95
259 112
259 117
259 132
259 146
259 109
260 3
260 20
260 26
260 28
260 36
260 44
260 70
260 78
260 100
260 103
260 104
260 116
260 119
260 120
260 126
260 141
260 110
261 48
261 53
261 84
261 118
261 132
261 111
262 13
262 35
262 36
262 42
262 44
262 52
262 67
262 96
262 104
262 148
262 112
263 3
263 4
263 18
263 20
263 42
263 67
263 81
263 118
263 119
263 122
263 133
263 134
263 136
263 144
263 113
264 1
264 14
264 47
264 65
264 68
264 69
264 77
264 85
264 108
264 113
264 125
264 126
264 114
265 29
265 44
265 68
265 72
265 73
265 74
265 85
265 138
265 115
266 21
266 30
266 50
266 51
266 56
266 91
266 94
266 100
266 132
266 116
267 0
267 1
267 28
267 38
267 65
267 81
267 84
267 91
267 95
267 105
267 106
267 112
267 125
267 138
267 139
267 117
268 5
268 9
268 20
268 23
268 26
268 29
268 32
268 54
268 69
268 83
268 96
268 118
269 25
269 29
269 42
269 107
269 115
269 136
269 119
270 3
270 11
270 25
270 41
270 42
270 44
270 113
270 120
271 10
271 17
271 58
271 60
271 62
271 81
271 85
271 93
271 121
272 20
272 26
272 44
272 45
272 65
272 71
272 75
272 77
272 86
272 116
272 141
272 122
273 10
273 19
273 35
273 72
273 95
273 97
273 110
273 111
273 112
273 120
273 127
273 134
273 140
273 123
274 13
274 66
274 92
274 108
274 123
274 124
275 19
275 51
275 62
275 83
275 101
275 121
275 134
275 143
275 125
276 11
276 19
276 42
276 61
276 91
276 92
276 103
276 108
276 126
277 35
277 49
277 91
277 104
277 113
277 114
277 119
277 134
277 127
278 7
278 27
278 39
278 109
278 122
278 143
278 145
278 128
279 33
279 34
279 68
279 102
279 123
279 131
279 137
279 138
279 129
280 5
280 24
280 29
280 30
280 31
280 36
280 74
280 116
280 126
280 133
280 130
281 29
281 42
281 58
281 59
281 87
281 112
281 117
281 121
281 131
282 8
282 36
282 41
282 69
282 72
282 75
282 78
282 89
282 90
282 91
282 135
282 145
282 132
283 8
283 15
283 31
283 34
283 38
283 51
283 67
283 76
283 94
283 99
283 104
283 117
283 137
283 133
284 2
284 18
284 40
284 50
284 64
284 96
284 98
284 104
284 110
284 124
284 125
284 134
285 2
285 15
285 17
285 26
285 76
285 91
285 96
285 99
285 122
285 126
285 131
285 137
285 140
285 142
285 135
286 23
286 25
286 64
286 91
286 96
286 98
286 120
286 136
287 4
287 8
287 9
287 27
287 41
287 46
287 52
287 80
287 108
287 115
287 139
287 149
287 137
288 12
288 45
288 54
288 109
288 121
288 136
288 138
289 7
289 11
289 21
289 31
289 52
289 61
289 63
289 76
289 94
289 95
289 96
289 107
289 128
289 129
289 139
290 14
290 33
290 39
290 41
290 68
290 126
290 133
290 144
290 140
291 16
291 21
291 42
291 43
291 66
291 81
291 93
291 102
291 146
291 141
292 1
292 16
292 27
292 83
292 92
292 101
292 113
292 149
292 142
293 12
293 27
293 30
293 43
293 45
293 57
293 73
293 80
293 82
293 103
293 119
293 141
293 143
294 3
294 15
294 20
294 22
294 26
294 44
294 50
294 106
294 126
294 140
294 144
295 1
295 3
295 12
295 19
295 29
295 55
295 90
295 94
295 95
295 104
295 113
295 117
295 118
295 122
295 134
295 137
295 145
296 1
296 4
296 10
296 34
296 40
296 55
296 59
296 61
296 63
296 71
296 74
296 106
296 109
296 112
296 115
296 121
296 123
296 132
296 144
296 146
297 28
297 33
297 49
297 50
297 63
297 71
297 77
297 86
297 117
297 137
297 147
298 21
298 25
298 46
298 51
298 54
298 103
298 111
298 113
298 120
298 122
298 148
299 14
299 25
299 43
299 49
299 62
299 65
299 71
299 80
299 85
299 101
299 118
299 124
299 135
299 136
299 139
299 146
299 149
