  400   2790
0 205
0 227
0 325
0 375
0 1
0 17
0 25
0 36
0 60
0 68
0 97
0 108
0 109
0 110
0 114
0 116
0 158
0 166
0 175
0 179
0 181
0 187
0 189
0 199
0 200
1 300
1 314
1 326
1 0
1 5
1 27
1 33
1 34
1 36
1 45
1 50
1 67
1 74
1 82
1 84
1 94
1 118
1 120
1 144
1 149
1 156
1 157
1 185
1 190
1 201
2 248
2 324
2 352
2 355
2 385
2 3
2 23
2 28
2 29
2 46
2 53
2 62
2 63
2 68
2 78
2 80
2 89
2 119
2 130
2 160
2 178
2 181
2 187
2 202
3 252
3 261
3 271
3 301
3 313
3 335
3 2
3 24
3 37
3 38
3 48
3 65
3 75
3 76
3 79
3 84
3 96
3 115
3 132
3 150
3 158
3 159
3 170
3 203
4 228
4 270
4 283
4 8
4 12
4 25
4 26
4 65
4 67
4 78
4 98
4 122
4 124
4 131
4 145
4 160
4 164
4 181
4 186
4 193
4 198
4 204
5 239
5 258
5 280
5 339
5 366
5 1
5 20
5 28
5 46
5 60
5 62
5 66
5 77
5 81
5 92
5 126
5 149
5 151
5 153
5 156
5 179
5 181
5 195
5 205
6 269
6 8
6 10
6 16
6 27
6 32
6 36
6 41
6 45
6 60
6 64
6 75
6 81
6 84
6 89
6 93
6 95
6 112
6 138
6 178
6 206
7 243
7 319
7 393
7 10
7 42
7 55
7 72
7 82
7 92
7 97
7 101
7 118
7 148
7 161
7 165
7 168
7 191
7 207
8 200
8 291
8 309
8 4
8 6
8 17
8 20
8 28
8 34
8 45
8 56
8 58
8 76
8 100
8 111
8 113
8 131
8 135
8 139
8 143
8 145
8 165
8 168
8 177
8 182
8 191
8 194
8 208
9 245
9 399
9 16
9 17
9 22
9 28
9 40
9 45
9 46
9 47
9 75
9 83
9 88
9 93
9 103
9 106
9 111
9 118
9 143
9 144
9 152
9 153
9 155
9 160
9 161
9 178
9 192
9 209
10 272
10 326
10 363
10 368
10 6
10 7
10 14
10 25
10 28
10 31
10 34
10 39
10 53
10 68
10 78
10 81
10 101
10 107
10 109
10 110
10 149
10 210
11 210
11 343
11 13
11 38
11 50
11 71
11 74
11 75
11 94
11 107
11 159
11 170
11 178
11 195
11 211
12 218
12 219
12 372
12 384
12 4
12 25
12 27
12 46
12 49
12 69
12 74
12 82
12 84
12 105
12 106
12 123
12 142
12 159
12 192
12 196
12 197
12 198
12 212
13 219
13 261
13 267
13 287
13 349
13 394
13 11
13 25
13 30
13 33
13 39
13 87
13 95
13 122
13 142
13 188
13 199
13 213
14 239
14 265
14 273
14 307
14 344
14 362
14 373
14 10
14 15
14 29
14 33
14 34
14 38
14 42
14 48
14 57
14 58
14 75
14 88
14 113
14 142
14 214
15 340
15 380
15 399
15 14
15 19
15 55
15 70
15 74
15 78
15 79
15 98
15 104
15 118
15 139
15 141
15 176
15 177
15 182
15 186
15 187
15 197
15 198
15 215
16 280
16 290
16 348
16 390
16 6
16 9
16 31
16 36
16 42
16 51
16 71
16 76
16 83
16 99
16 111
16 114
16 160
16 162
16 164
16 176
16 216
17 210
17 238
17 241
17 244
17 253
17 271
17 293
17 319
17 330
17 336
17 0
17 8
17 9
17 27
17 39
17 115
17 131
17 141
17 145
17 152
17 158
17 168
17 169
17 175
17 185
17 199
17 217
18 229
18 286
18 321
18 331
18 39
18 61
18 63
18 74
18 82
18 88
18 103
18 113
18 133
18 138
18 141
18 144
18 155
18 159
18 196
18 197
18 218
19 362
19 15
19 25
19 32
19 33
19 70
19 73
19 75
19 115
19 132
19 136
19 138
19 139
19 191
19 196
19 197
19 198
19 199
19 219
20 212
20 229
20 267
20 295
20 5
20 8
20 22
20 48
20 60
20 65
20 70
20 95
20 108
20 112
20 153
20 166
20 168
20 172
20 173
20 186
20 220
21 222
21 231
21 288
21 345
21 373
21 376
21 24
21 33
21 35
21 41
21 62
21 64
21 83
21 88
21 91
21 94
21 95
21 97
21 109
21 119
21 133
21 176
21 182
21 183
21 190
21 191
21 221
22 205
22 246
22 274
22 295
22 9
22 20
22 47
22 61
22 65
22 79
22 102
22 107
22 110
22 134
22 156
22 157
22 172
22 177
22 181
22 184
22 222
23 211
23 250
23 2
23 24
23 30
23 101
23 135
23 158
23 178
23 195
23 223
24 338
24 359
24 374
24 387
24 393
24 3
24 21
24 23
24 31
24 32
24 63
24 68
24 100
24 102
24 114
24 129
24 134
24 139
24 147
24 158
24 160
24 163
24 164
24 165
24 172
24 175
24 224
25 216
25 294
25 308
25 332
25 0
25 4
25 10
25 12
25 13
25 19
25 48
25 49
25 59
25 62
25 69
25 79
25 93
25 96
25 97
25 100
25 104
25 105
25 107
25 125
25 128
25 129
25 141
25 162
25 167
25 171
25 175
25 184
25 196
25 225
26 222
26 274
26 288
26 316
26 318
26 319
26 333
26 371
26 4
26 31
26 41
26 64
26 70
26 72
26 79
26 83
26 95
26 101
26 119
26 154
26 159
26 160
26 177
26 178
26 183
26 226
27 284
27 1
27 6
27 12
27 17
27 31
27 42
27 57
27 66
27 87
27 117
27 119
27 137
27 138
27 158
27 165
27 199
27 227
28 259
28 283
28 293
28 296
28 303
28 358
28 360
28 376
28 2
28 5
28 8
28 9
28 10
28 38
28 40
28 65
28 75
28 79
28 85
28 92
28 93
28 96
28 98
28 111
28 121
28 142
28 155
28 156
28 160
28 228
29 382
29 2
29 14
29 47
29 53
29 83
29 90
29 96
29 103
29 115
29 116
29 119
29 127
29 129
29 147
29 150
29 156
29 165
29 186
29 195
29 199
29 229
30 386
30 245
30 13
30 23
30 54
30 63
30 76
30 95
30 141
30 143
30 158
30 160
30 162
30 164
30 182
30 185
30 198
30 230
31 217
31 280
31 358
31 368
31 10
31 16
31 24
31 26
31 27
31 34
31 45
31 48
31 53
31 55
31 88
31 90
31 101
31 102
31 110
31 126
31 141
31 149
31 155
31 185
31 190
31 231
32 294
32 385
32 6
32 19
32 24
32 36
32 43
32 108
32 114
32 118
32 127
32 129
32 146
32 175
32 176
32 180
32 182
32 190
32 195
32 232
33 253
33 282
33 314
33 336
33 342
33 345
33 1
33 13
33 14
33 19
33 21
33 35
33 42
33 59
33 77
33 90
33 92
33 103
33 109
33 125
33 129
33 132
33 146
33 174
33 175
33 177
33 183
33 233
34 261
34 281
34 285
34 314
34 371
34 1
34 8
34 10
34 14
34 31
34 41
34 53
34 61
34 62
34 82
34 91
34 102
34 161
34 162
34 164
34 188
34 190
34 199
34 234
35 208
35 353
35 388
35 21
35 33
35 37
35 41
35 70
35 75
35 80
35 87
35 90
35 102
35 121
35 131
35 139
35 147
35 156
35 159
35 168
35 181
35 185
35 189
35 198
35 235
36 212
36 229
36 278
36 360
36 384
36 0
36 1
36 6
36 16
36 32
36 39
36 49
36 60
36 63
36 70
36 75
36 87
36 92
36 93
36 105
36 116
36 131
36 147
36 155
36 167
36 195
36 198
36 199
36 236
37 236
37 271
37 329
37 333
37 338
37 366
37 368
37 3
37 35
37 56
37 63
37 71
37 77
37 91
37 98
37 103
37 113
37 133
37 157
37 169
37 187
37 193
37 194
37 237
38 289
38 3
38 11
38 14
38 28
38 50
38 62
38 75
38 112
38 116
38 132
38 143
38 148
38 156
38 158
38 167
38 175
38 179
38 193
38 238
39 218
39 10
39 13
39 17
39 18
39 36
39 40
39 48
39 59
39 72
39 88
39 100
39 103
39 125
39 150
39 178
39 239
40 273
40 383
40 395
40 398
40 9
40 28
40 39
40 43
40 78
40 81
40 85
40 96
40 138
40 166
40 176
40 178
40 186
40 193
40 196
40 240
41 209
41 219
41 278
41 308
41 375
41 6
41 21
41 26
41 34
41 35
41 55
41 78
41 83
41 89
41 102
41 105
41 133
41 137
41 140
41 149
41 241
42 284
42 298
42 324
42 334
42 351
42 7
42 14
42 16
42 27
42 33
42 63
42 87
42 92
42 93
42 94
42 95
42 106
42 107
42 123
42 134
42 145
42 170
42 179
42 198
42 242
43 240
43 259
43 265
43 297
43 299
43 322
43 334
43 377
43 32
43 40
43 45
43 58
43 59
43 70
43 73
43 82
43 83
43 96
43 108
43 117
43 120
43 153
43 157
43 163
43 171
43 183
43 243
44 210
44 275
44 289
44 297
44 316
44 326
44 396
44 46
44 48
44 50
44 54
44 74
44 77
44 79
44 91
44 92
44 98
44 105
44 111
44 118
44 130
44 133
44 138
44 152
44 167
44 244
45 289
45 1
45 6
45 8
45 9
45 31
45 43
45 47
45 53
45 57
45 60
45 63
45 65
45 67
45 70
45 77
45 80
45 106
45 109
45 121
45 127
45 141
45 142
45 145
45 148
45 160
45 161
45 162
45 166
45 170
45 174
45 175
45 187
45 189
45 192
45 193
45 199
45 245
46 209
46 272
46 375
46 2
46 5
46 9
46 12
46 44
46 48
46 79
46 87
46 108
46 134
46 144
46 185
46 186
46 187
46 188
46 194
46 199
46 246
47 267
47 311
47 349
47 356
47 9
47 22
47 29
47 45
47 48
47 53
47 59
47 61
47 68
47 76
47 79
47 106
47 110
47 113
47 163
47 170
47 175
47 194
47 195
47 247
48 234
48 284
48 343
48 3
48 14
48 20
48 25
48 31
48 39
48 44
48 46
48 47
48 67
48 106
48 110
48 114
48 122
48 127
48 132
48 136
48 141
48 146
48 150
48 168
48 182
48 185
48 248
49 277
49 398
49 12
49 25
49 36
49 87
49 88
49 92
49 98
49 102
49 104
49 116
49 122
49 133
49 139
49 145
49 159
49 189
49 194
49 249
50 236
50 261
50 291
50 314
50 359
50 364
50 1
50 11
50 38
50 44
50 51
50 55
50 70
50 97
50 147
50 149
50 194
50 250
51 222
51 236
51 341
51 350
51 16
51 50
51 55
51 61
51 75
51 78
51 81
51 84
51 101
51 103
51 105
51 131
51 156
51 160
51 176
51 177
51 185
51 192
51 251
52 205
52 251
52 284
52 77
52 86
52 149
52 150
52 157
52 161
52 165
52 169
52 187
52 191
52 195
52 252
53 291
53 360
53 2
53 10
53 29
53 31
53 34
53 45
53 47
53 54
53 55
53 74
53 97
53 107
53 131
53 135
53 140
53 168
53 179
53 187
53 190
53 253
54 260
54 360
54 30
54 44
54 53
54 60
54 62
54 70
54 74
54 83
54 115
54 131
54 138
54 148
54 188
54 254
55 232
55 311
55 341
55 351
55 377
55 7
55 15
55 31
55 41
55 50
55 51
55 53
55 56
55 63
55 70
55 84
55 89
55 90
55 99
55 109
55 110
55 124
55 131
55 132
55 172
55 179
55 255
56 263
56 346
56 8
56 37
56 55
56 59
56 64
56 66
56 79
56 86
56 87
56 89
56 93
56 105
56 111
56 136
56 144
56 153
56 166
56 195
56 198
56 256
57 241
57 14
57 27
57 45
57 64
57 81
57 86
57 90
57 94
57 103
57 146
57 147
57 171
57 177
57 257
58 255
58 359
58 360
58 8
58 14
58 43
58 73
58 95
58 121
58 124
58 125
58 136
58 152
58 159
58 199
58 258
59 203
59 290
59 302
59 369
59 25
59 33
59 39
59 43
59 47
59 56
59 83
59 103
59 108
59 112
59 125
59 136
59 141
59 155
59 172
59 178
59 184
59 185
59 197
59 199
59 259
60 240
60 295
60 303
60 331
60 0
60 5
60 6
60 20
60 36
60 45
60 54
60 61
60 71
60 77
60 84
60 88
60 98
60 147
60 149
60 165
60 183
60 260
61 257
61 295
61 328
61 338
61 18
61 22
61 34
61 47
61 51
61 60
61 62
61 72
61 78
61 90
61 96
61 122
61 127
61 138
61 147
61 177
61 261
62 208
62 294
62 2
62 5
62 21
62 25
62 34
62 38
62 54
62 61
62 64
62 74
62 84
62 88
62 103
62 108
62 120
62 134
62 143
62 150
62 152
62 184
62 187
62 262
63 202
63 238
63 277
63 281
63 282
63 327
63 343
63 349
63 2
63 18
63 24
63 30
63 36
63 37
63 42
63 45
63 55
63 77
63 96
63 104
63 118
63 164
63 166
63 179
63 189
63 194
63 199
63 263
64 223
64 322
64 394
64 6
64 21
64 26
64 56
64 57
64 62
64 87
64 92
64 95
64 112
64 168
64 173
64 178
64 180
64 190
64 264
65 301
65 333
65 3
65 4
65 20
65 22
65 28
65 45
65 71
65 79
65 87
65 90
65 106
65 121
65 130
65 139
65 150
65 165
65 177
65 265
66 294
66 322
66 398
66 5
66 27
66 56
66 76
66 81
66 119
66 123
66 127
66 134
66 136
66 152
66 156
66 161
66 176
66 190
66 266
67 227
67 286
67 288
67 324
67 332
67 344
67 1
67 4
67 45
67 48
67 80
67 91
67 99
67 103
67 117
67 121
67 196
67 198
67 267
68 297
68 337
68 342
68 346
68 355
68 0
68 2
68 10
68 24
68 47
68 78
68 81
68 89
68 94
68 100
68 102
68 109
68 122
68 133
68 144
68 148
68 157
68 173
68 180
68 181
68 189
68 196
68 268
69 210
69 318
69 368
69 372
69 12
69 25
69 95
69 98
69 107
69 118
69 120
69 129
69 155
69 184
69 188
69 193
69 195
69 269
70 206
70 246
70 262
70 274
70 380
70 382
70 15
70 19
70 20
70 26
70 35
70 36
70 43
70 45
70 50
70 54
70 55
70 81
70 96
70 100
70 102
70 120
70 130
70 132
70 133
70 135
70 165
70 178
70 270
71 217
71 255
71 256
71 343
71 377
71 382
71 11
71 16
71 37
71 60
71 65
71 85
71 98
71 100
71 122
71 143
71 159
71 162
71 164
71 166
71 167
71 169
71 271
72 251
72 257
72 333
72 392
72 7
72 26
72 39
72 61
72 82
72 84
72 89
72 122
72 123
72 140
72 146
72 147
72 150
72 159
72 168
72 169
72 171
72 176
72 181
72 186
72 272
73 261
73 317
73 361
73 19
73 43
73 58
73 93
73 99
73 100
73 118
73 130
73 133
73 151
73 152
73 182
73 196
73 273
74 300
74 1
74 11
74 12
74 15
74 18
74 44
74 53
74 54
74 62
74 100
74 121
74 156
74 171
74 172
74 188
74 274
75 328
75 3
75 6
75 9
75 11
75 14
75 19
75 28
75 35
75 36
75 38
75 51
75 98
75 112
75 115
75 119
75 136
75 148
75 150
75 159
75 166
75 172
75 178
75 186
75 191
75 275
76 314
76 342
76 3
76 8
76 16
76 30
76 47
76 66
76 80
76 88
76 90
76 113
76 114
76 171
76 172
76 173
76 188
76 198
76 276
77 257
77 361
77 5
77 33
77 37
77 44
77 45
77 52
77 60
77 63
77 88
77 91
77 121
77 124
77 152
77 157
77 158
77 161
77 165
77 167
77 179
77 277
78 232
78 271
78 366
78 2
78 4
78 10
78 15
78 40
78 41
78 51
78 61
78 68
78 89
78 102
78 103
78 112
78 118
78 125
78 159
78 164
78 170
78 179
78 187
78 278
79 234
79 247
79 288
79 3
79 15
79 22
79 25
79 26
79 28
79 44
79 46
79 47
79 56
79 65
79 82
79 91
79 105
79 110
79 126
79 134
79 135
79 137
79 153
79 159
79 173
79 192
79 199
79 279
80 263
80 395
80 2
80 35
80 45
80 67
80 76
80 84
80 108
80 112
80 121
80 126
80 144
80 145
80 149
80 151
80 159
80 163
80 182
80 184
80 196
80 280
81 244
81 281
81 333
81 390
81 399
81 5
81 6
81 10
81 40
81 51
81 57
81 66
81 68
81 70
81 87
81 103
81 108
81 109
81 119
81 133
81 141
81 153
81 178
82 223
82 253
82 349
82 365
82 376
82 1
82 7
82 12
82 18
82 34
82 43
82 72
82 79
82 90
82 112
82 118
82 121
82 136
82 138
82 146
82 170
82 174
82 181
82 186
82 190
82 192
82 282
83 219
83 255
83 257
83 301
83 318
83 385
83 9
83 16
83 21
83 26
83 29
83 41
83 43
83 54
83 59
83 90
83 99
83 100
83 108
83 109
83 119
83 123
83 124
83 132
83 134
83 139
83 156
83 158
83 173
83 181
83 190
83 192
83 199
83 283
84 329
84 350
84 379
84 380
84 1
84 3
84 6
84 12
84 51
84 55
84 60
84 62
84 72
84 80
84 85
84 91
84 102
84 121
84 125
84 130
84 143
84 152
84 166
84 176
84 178
84 284
85 229
85 256
85 330
85 345
85 349
85 28
85 40
85 71
85 84
85 112
85 136
85 149
85 152
85 159
85 173
85 185
85 192
85 193
85 285
86 208
86 221
86 230
86 254
86 281
86 321
86 360
86 373
86 52
86 56
86 57
86 93
86 113
86 116
86 124
86 138
86 146
86 148
86 166
86 172
86 175
86 189
86 192
86 197
86 286
87 205
87 256
87 366
87 392
87 13
87 27
87 35
87 36
87 42
87 46
87 49
87 56
87 64
87 65
87 81
87 95
87 112
87 126
87 132
87 137
87 143
87 150
87 194
87 287
88 208
88 313
88 324
88 371
88 9
88 14
88 18
88 21
88 31
88 39
88 49
88 60
88 62
88 76
88 77
88 92
88 100
88 109
88 116
88 122
88 126
88 127
88 130
88 152
88 156
88 179
88 198
88 288
89 215
89 291
89 319
89 348
89 2
89 6
89 41
89 55
89 56
89 68
89 72
89 78
89 123
89 141
89 153
89 157
89 172
89 175
89 289
90 243
90 272
90 369
90 29
90 31
90 33
90 35
90 55
90 57
90 61
90 65
90 76
90 82
90 83
90 110
90 159
90 171
90 175
90 182
90 183
90 290
91 230
91 314
91 336
91 361
91 372
91 21
91 34
91 37
91 44
91 67
91 77
91 79
91 84
91 108
91 111
91 114
91 121
91 128
91 133
91 145
91 152
91 174
91 184
91 291
92 253
92 338
92 5
92 7
92 28
92 33
92 36
92 42
92 44
92 49
92 64
92 88
92 129
92 136
92 148
92 150
92 152
92 157
92 192
92 197
92 292
93 202
93 214
93 231
93 235
93 268
93 284
93 285
93 291
93 338
93 6
93 9
93 25
93 28
93 36
93 42
93 56
93 73
93 86
93 111
93 113
93 114
93 115
93 120
93 121
93 123
93 131
93 139
93 144
93 157
93 199
93 293
94 208
94 253
94 294
94 330
94 1
94 11
94 21
94 42
94 57
94 68
94 104
94 140
94 147
94 170
94 171
94 191
94 198
95 204
95 250
95 302
95 315
95 327
95 6
95 13
95 20
95 21
95 26
95 30
95 42
95 58
95 64
95 69
95 87
95 105
95 109
95 112
95 124
95 125
95 135
95 145
95 149
95 168
95 182
95 295
96 398
96 3
96 25
96 28
96 29
96 40
96 43
96 61
96 63
96 70
96 98
96 102
96 108
96 114
96 127
96 142
96 143
96 152
96 172
96 176
96 192
96 193
96 296
97 220
97 267
97 304
97 356
97 0
97 7
97 21
97 25
97 50
97 53
97 109
97 116
97 131
97 135
97 147
97 149
97 157
97 165
97 169
97 176
97 182
97 199
97 297
98 260
98 284
98 302
98 372
98 4
98 15
98 28
98 37
98 44
98 49
98 60
98 69
98 71
98 75
98 96
98 116
98 118
98 128
98 137
98 150
98 163
98 173
98 174
98 184
98 298
99 262
99 277
99 376
99 16
99 55
99 67
99 73
99 83
99 109
99 122
99 125
99 134
99 192
99 197
99 198
99 299
100 307
100 340
100 345
100 8
100 24
100 25
100 39
100 68
100 70
100 71
100 73
100 74
100 83
100 88
100 106
100 114
100 115
100 152
100 183
100 190
100 300
101 277
101 369
101 7
101 10
101 23
101 26
101 31
101 51
101 107
101 119
101 140
101 153
101 160
101 175
101 301
102 313
102 379
102 22
102 24
102 31
102 34
102 35
102 41
102 49
102 68
102 70
102 78
102 84
102 96
102 105
102 117
102 122
102 138
102 140
102 147
102 302
103 216
103 225
103 276
103 303
103 9
103 18
103 29
103 33
103 37
103 39
103 51
103 57
103 59
103 62
103 67
103 78
103 81
103 119
103 125
103 149
103 164
103 170
103 180
103 186
104 208
104 217
104 320
104 15
104 25
104 49
104 63
104 94
104 109
104 111
104 120
104 128
104 163
104 168
104 191
104 304
105 273
105 374
105 12
105 25
105 36
105 41
105 44
105 51
105 56
105 79
105 95
105 102
105 112
105 122
105 131
105 139
105 145
105 149
105 153
105 173
105 179
105 193
105 305
106 213
106 291
106 364
106 9
106 12
106 42
106 45
106 47
106 48
106 65
106 100
106 107
106 108
106 115
106 135
106 142
106 152
106 159
106 179
106 190
106 306
107 267
107 278
107 284
107 294
107 364
107 10
107 11
107 22
107 25
107 42
107 53
107 69
107 101
107 106
107 117
107 131
107 140
107 151
107 170
107 174
107 176
107 180
107 191
107 194
107 307
108 399
108 386
108 0
108 20
108 32
108 43
108 46
108 59
108 62
108 80
108 81
108 83
108 91
108 96
108 106
108 112
108 123
108 142
108 161
108 165
108 172
108 175
108 308
109 226
109 241
109 248
109 276
109 283
109 300
109 380
109 0
109 10
109 21
109 33
109 45
109 55
109 68
109 81
109 83
109 88
109 95
109 97
109 99
109 104
109 116
109 126
109 134
109 140
109 146
109 174
109 182
109 309
110 209
110 223
110 243
110 287
110 308
110 332
110 345
110 0
110 10
110 22
110 31
110 47
110 48
110 55
110 79
110 90
110 111
110 113
110 114
110 124
110 150
110 166
110 169
110 177
110 178
110 181
110 184
110 310
111 215
111 223
111 276
111 302
111 308
111 317
111 338
111 8
111 9
111 16
111 28
111 44
111 56
111 91
111 93
111 104
111 110
111 115
111 117
111 127
111 139
111 148
111 152
111 177
111 182
111 311
112 245
112 399
112 6
112 20
112 38
112 59
112 64
112 75
112 78
112 80
112 82
112 85
112 87
112 95
112 105
112 108
112 124
112 149
112 150
112 181
112 188
112 312
113 213
113 307
113 345
113 368
113 373
113 398
113 8
113 14
113 18
113 37
113 47
113 76
113 86
113 93
113 110
113 114
113 188
113 191
113 313
114 294
114 384
114 0
114 16
114 24
114 32
114 48
114 76
114 91
114 93
114 96
114 100
114 110
114 113
114 128
114 130
114 163
114 169
114 314
115 204
115 271
115 380
115 3
115 17
115 19
115 29
115 54
115 75
115 93
115 100
115 106
115 111
115 124
115 133
115 144
115 154
115 164
115 172
115 175
115 176
115 182
115 187
115 189
115 192
115 315
116 234
116 255
116 260
116 300
116 314
116 320
116 376
116 0
116 29
116 36
116 38
116 49
116 86
116 88
116 97
116 98
116 109
116 123
116 125
116 129
116 133
116 134
116 172
116 176
116 197
116 316
117 206
117 260
117 292
117 298
117 326
117 329
117 370
117 27
117 43
117 67
117 102
117 107
117 111
117 127
117 145
117 166
117 173
117 176
117 181
117 189
117 196
117 317
118 210
118 243
118 1
118 7
118 9
118 15
118 32
118 44
118 63
118 69
118 73
118 78
118 82
118 98
118 149
118 150
118 158
118 169
118 189
118 318
119 211
119 227
119 237
119 280
119 333
119 355
119 2
119 21
119 26
119 27
119 29
119 66
119 75
119 81
119 83
119 101
119 103
119 126
119 146
119 158
119 171
119 186
119 189
119 192
119 195
119 319
120 210
120 295
120 351
120 1
120 43
120 62
120 69
120 70
120 93
120 104
120 142
120 157
120 163
120 177
120 181
120 182
120 185
120 192
120 195
120 320
121 259
121 319
121 325
121 345
121 28
121 35
121 45
121 58
121 65
121 67
121 74
121 77
121 80
121 82
121 84
121 91
121 93
121 148
121 163
121 164
121 190
121 321
122 277
122 358
122 391
122 4
122 13
122 48
122 49
122 61
122 68
122 71
122 72
122 88
122 99
122 102
122 105
122 124
122 142
122 145
122 146
122 150
122 196
122 198
122 322
123 240
123 297
123 301
123 377
123 392
123 12
123 42
123 66
123 72
123 83
123 89
123 93
123 108
123 116
123 127
123 150
123 151
123 160
123 183
123 323
124 201
124 237
124 294
124 297
124 314
124 387
124 4
124 55
124 58
124 77
124 83
124 86
124 95
124 110
124 112
124 115
124 122
124 133
124 141
124 142
124 173
124 174
124 183
124 188
124 194
124 324
125 233
125 243
125 270
125 279
125 292
125 363
125 25
125 33
125 39
125 58
125 59
125 78
125 84
125 95
125 99
125 103
125 116
125 161
125 171
125 197
125 325
126 287
126 5
126 31
126 79
126 80
126 87
126 88
126 109
126 119
126 159
126 178
126 182
126 184
126 326
127 306
127 361
127 29
127 32
127 45
127 48
127 61
127 66
127 88
127 96
127 111
127 117
127 123
127 144
127 147
127 166
127 170
127 184
127 189
127 327
128 221
128 256
128 284
128 308
128 25
128 91
128 98
128 104
128 114
128 136
128 150
128 153
128 166
128 167
128 189
128 196
128 328
129 202
129 269
129 288
129 347
129 352
129 380
129 24
129 25
129 29
129 32
129 33
129 69
129 92
129 116
129 136
129 137
129 149
129 169
129 178
129 184
129 192
129 193
129 329
130 256
130 326
130 335
130 355
130 2
130 44
130 65
130 70
130 73
130 84
130 88
130 114
130 153
130 160
130 165
130 167
130 169
130 171
130 174
130 176
130 191
130 199
130 330
131 220
131 270
131 283
131 298
131 365
131 4
131 8
131 17
131 35
131 36
131 51
131 53
131 54
131 55
131 93
131 97
131 105
131 107
131 145
131 146
131 150
131 159
131 186
131 196
131 198
131 331
132 206
132 248
132 252
132 285
132 367
132 376
132 3
132 19
132 33
132 38
132 48
132 55
132 70
132 83
132 87
132 139
132 152
132 155
132 176
132 192
132 332
133 285
133 304
133 372
133 18
133 21
133 37
133 41
133 44
133 49
133 68
133 70
133 73
133 81
133 91
133 115
133 116
133 124
133 136
133 144
133 157
133 194
133 199
133 333
134 299
134 350
134 397
134 22
134 24
134 42
134 46
134 62
134 66
134 79
134 83
134 99
134 109
134 116
134 149
134 160
134 163
134 172
134 334
135 257
135 377
135 8
135 23
135 53
135 70
135 79
135 95
135 97
135 106
135 139
135 154
135 160
135 163
135 182
135 189
135 194
135 335
136 238
136 261
136 268
136 303
136 19
136 48
136 56
136 58
136 59
136 66
136 75
136 82
136 85
136 92
136 128
136 129
136 133
136 138
136 140
136 144
136 180
136 193
136 336
137 260
137 284
137 290
137 27
137 41
137 79
137 87
137 98
137 129
137 141
137 165
137 171
137 184
137 198
137 337
138 264
138 284
138 309
138 337
138 340
138 349
138 361
138 367
138 6
138 18
138 19
138 27
138 40
138 44
138 54
138 61
138 82
138 86
138 102
138 136
138 139
138 147
138 149
138 161
138 166
138 174
138 177
138 184
138 186
138 193
138 338
139 233
139 256
139 318
139 334
139 352
139 396
139 8
139 15
139 19
139 24
139 35
139 49
139 65
139 83
139 93
139 105
139 111
139 132
139 135
139 138
139 149
139 172
139 176
139 183
139 184
139 339
140 249
140 339
140 41
140 53
140 72
140 94
140 101
140 102
140 107
140 109
140 136
140 146
140 161
140 163
140 172
140 184
140 186
140 340
141 207
141 244
141 247
141 257
141 264
141 316
141 381
141 15
141 17
141 18
141 25
141 30
141 31
141 45
141 48
141 59
141 81
141 89
141 124
141 137
141 148
141 175
141 341
142 226
142 265
142 340
142 376
142 12
142 13
142 14
142 28
142 45
142 96
142 106
142 108
142 120
142 122
142 124
142 143
142 150
142 167
142 187
142 192
142 199
142 342
143 289
143 303
143 323
143 331
143 8
143 9
143 30
143 38
143 62
143 71
143 84
143 87
143 96
143 142
143 144
143 150
143 170
143 179
143 183
143 188
143 199
143 343
144 205
144 265
144 289
144 299
144 313
144 316
144 364
144 375
144 377
144 1
144 9
144 18
144 46
144 56
144 68
144 80
144 93
144 115
144 127
144 133
144 136
144 143
144 157
144 158
144 159
144 162
144 171
144 174
144 180
144 196
144 344
145 272
145 316
145 362
145 376
145 381
145 4
145 8
145 17
145 42
145 45
145 49
145 80
145 91
145 95
145 105
145 117
145 122
145 131
145 146
145 151
145 161
145 167
145 171
145 182
145 183
145 194
145 345
146 276
146 288
146 321
146 327
146 395
146 32
146 33
146 48
146 57
146 72
146 82
146 86
146 109
146 119
146 122
146 131
146 140
146 145
146 151
146 156
146 157
146 158
146 165
146 166
146 346
147 294
147 320
147 334
147 344
147 382
147 24
147 29
147 35
147 36
147 50
147 57
147 60
147 61
147 72
147 94
147 97
147 102
147 127
147 138
147 162
147 167
147 189
147 191
147 194
147 347
148 251
148 335
148 361
148 7
148 38
148 45
148 54
148 68
148 75
148 86
148 92
148 111
148 121
148 141
148 164
148 170
148 186
148 197
148 348
149 328
149 1
149 5
149 10
149 31
149 41
149 50
149 52
149 60
149 80
149 85
149 95
149 97
149 103
149 105
149 112
149 118
149 129
149 134
149 138
149 139
149 155
149 169
149 197
149 349
150 301
150 324
150 360
150 377
150 378
150 3
150 29
150 39
150 48
150 52
150 62
150 65
150 72
150 75
150 87
150 92
150 98
150 110
150 112
150 118
150 122
150 123
150 128
150 131
150 142
150 143
150 157
150 160
150 173
150 180
150 350
151 223
151 260
151 276
151 317
151 354
151 370
151 374
151 377
151 391
151 399
151 5
151 73
151 80
151 107
151 123
151 145
151 146
151 160
151 184
151 187
151 194
151 198
151 199
151 351
152 266
152 268
152 327
152 330
152 359
152 9
152 17
152 44
152 58
152 62
152 66
152 73
152 77
152 84
152 85
152 88
152 91
152 92
152 96
152 100
152 106
152 111
152 132
152 165
152 178
152 180
152 183
152 352
153 216
153 301
153 331
153 5
153 9
153 20
153 43
153 56
153 79
153 81
153 89
153 101
153 105
153 128
153 130
153 166
153 171
153 186
153 192
153 353
154 336
154 353
154 365
154 384
154 26
154 115
154 135
154 155
154 163
154 172
154 185
154 354
155 237
155 324
155 331
155 9
155 18
155 28
155 31
155 36
155 59
155 69
155 132
155 149
155 154
155 174
155 355
156 213
156 264
156 312
156 340
156 343
156 1
156 5
156 22
156 28
156 29
156 35
156 38
156 51
156 66
156 74
156 83
156 88
156 146
156 160
156 176
156 356
157 289
157 294
157 388
157 1
157 22
157 37
157 43
157 52
157 68
157 77
157 89
157 92
157 93
157 97
157 120
157 133
157 144
157 146
157 150
157 159
157 169
157 184
157 191
157 357
158 209
158 283
158 344
158 358
158 0
158 3
158 17
158 23
158 24
158 27
158 30
158 38
158 77
158 83
158 118
158 119
158 144
158 146
158 161
158 177
158 193
158 196
159 224
159 261
159 314
159 324
159 343
159 3
159 11
159 12
159 18
159 26
159 35
159 49
159 58
159 71
159 72
159 75
159 78
159 79
159 80
159 85
159 90
159 106
159 126
159 131
159 144
159 157
159 162
159 164
159 188
159 191
159 359
160 227
160 248
160 258
160 392
160 2
160 4
160 9
160 16
160 24
160 26
160 28
160 30
160 45
160 51
160 101
160 123
160 130
160 134
160 135
160 150
160 151
160 156
160 162
160 163
160 169
160 180
160 185
160 186
160 191
160 360
161 280
161 290
161 337
161 7
161 9
161 34
161 45
161 52
161 66
161 77
161 108
161 125
161 138
161 140
161 145
161 158
161 167
161 170
161 173
161 361
162 208
162 219
162 282
162 322
162 16
162 25
162 30
162 34
162 45
162 71
162 144
162 147
162 159
162 160
162 171
162 177
162 191
162 192
162 362
163 290
163 308
163 310
163 328
163 357
163 24
163 43
163 47
163 80
163 98
163 104
163 114
163 120
163 121
163 134
163 135
163 140
163 154
163 160
163 188
163 190
163 191
163 363
164 298
164 315
164 325
164 361
164 4
164 16
164 24
164 30
164 34
164 63
164 71
164 78
164 103
164 115
164 121
164 148
164 159
164 171
164 179
164 186
164 364
165 229
165 268
165 289
165 307
165 365
165 392
165 7
165 8
165 24
165 27
165 29
165 52
165 60
165 65
165 70
165 77
165 97
165 108
165 130
165 137
165 146
165 152
165 176
165 185
165 187
165 197
166 252
166 269
166 320
166 339
166 0
166 20
166 40
166 45
166 56
166 63
166 71
166 75
166 84
166 86
166 110
166 117
166 127
166 128
166 138
166 146
166 153
166 171
166 172
166 183
166 366
167 386
167 245
167 25
167 36
167 38
167 44
167 71
167 77
167 128
167 130
167 142
167 145
167 147
167 161
167 179
167 180
167 182
167 367
168 399
168 386
168 7
168 8
168 17
168 20
168 35
168 48
168 53
168 64
168 72
168 95
168 104
168 174
168 176
168 368
169 208
169 377
169 17
169 37
169 52
169 71
169 72
169 97
169 110
169 114
169 118
169 129
169 130
169 149
169 157
169 160
169 182
169 190
169 193
169 369
170 211
170 241
170 263
170 308
170 360
170 383
170 3
170 11
170 42
170 45
170 47
170 78
170 82
170 94
170 103
170 107
170 127
170 143
170 148
170 161
170 177
170 182
170 370
171 217
171 257
171 316
171 333
171 360
171 361
171 393
171 25
171 43
171 57
171 72
171 74
171 76
171 90
171 94
171 119
171 125
171 130
171 137
171 144
171 145
171 153
171 162
171 164
171 166
171 177
171 180
171 190
171 371
172 216
172 244
172 247
172 262
172 303
172 326
172 366
172 20
172 22
172 24
172 55
172 59
172 74
172 75
172 76
172 86
172 89
172 96
172 108
172 115
172 116
172 134
172 139
172 140
172 154
172 166
172 184
172 190
172 193
172 198
172 372
173 268
173 276
173 320
173 336
173 366
173 376
173 20
173 64
173 68
173 76
173 79
173 83
173 85
173 98
173 105
173 117
173 124
173 150
173 161
173 196
173 373
174 242
174 277
174 282
174 305
174 33
174 45
174 82
174 91
174 98
174 107
174 109
174 124
174 130
174 138
174 144
174 155
174 168
174 185
174 193
174 194
174 374
175 283
175 299
175 345
175 360
175 0
175 17
175 24
175 25
175 32
175 33
175 38
175 45
175 47
175 86
175 89
175 90
175 101
175 108
175 115
175 141
175 180
175 375
176 235
176 246
176 15
176 16
176 21
176 32
176 40
176 51
176 66
176 72
176 84
176 96
176 97
176 107
176 115
176 116
176 117
176 130
176 132
176 139
176 156
176 165
176 168
176 182
176 187
176 197
176 199
176 376
177 209
177 275
177 280
177 350
177 8
177 15
177 22
177 26
177 33
177 51
177 57
177 61
177 65
177 110
177 111
177 120
177 138
177 158
177 162
177 170
177 171
177 193
177 194
177 196
177 377
178 243
178 266
178 341
178 356
178 366
178 388
178 2
178 6
178 9
178 11
178 23
178 26
178 39
178 40
178 59
178 64
178 70
178 75
178 81
178 84
178 110
178 126
178 129
178 152
178 193
178 194
178 199
178 378
179 272
179 298
179 299
179 312
179 390
179 0
179 5
179 38
179 42
179 53
179 55
179 63
179 77
179 78
179 88
179 105
179 106
179 143
179 164
179 167
179 182
179 379
180 263
180 318
180 378
180 32
180 64
180 68
180 103
180 107
180 136
180 144
180 150
180 152
180 160
180 167
180 171
180 175
180 380
181 207
181 343
181 365
181 389
181 0
181 2
181 4
181 5
181 22
181 35
181 68
181 72
181 82
181 83
181 110
181 112
181 117
181 120
181 186
181 187
181 188
181 189
181 381
182 206
182 225
182 302
182 374
182 399
182 8
182 15
182 21
182 30
182 32
182 48
182 73
182 80
182 90
182 95
182 97
182 109
182 111
182 115
182 120
182 126
182 135
182 145
182 167
182 169
182 170
182 176
182 179
182 189
182 382
183 251
183 266
183 275
183 334
183 21
183 26
183 33
183 43
183 60
183 90
183 100
183 123
183 124
183 139
183 143
183 145
183 152
183 166
183 185
183 383
184 296
184 329
184 379
184 22
184 25
184 59
184 62
184 69
184 80
184 91
184 98
184 110
184 126
184 127
184 129
184 137
184 138
184 139
184 140
184 151
184 157
184 172
184 195
184 196
184 198
184 384
185 271
185 312
185 393
185 1
185 17
185 30
185 31
185 35
185 46
185 48
185 51
185 59
185 85
185 120
185 154
185 160
185 165
185 174
185 183
185 187
185 385
186 215
186 247
186 4
186 15
186 20
186 29
186 40
186 46
186 72
186 75
186 82
186 103
186 119
186 131
186 138
186 140
186 148
186 153
186 160
186 164
186 181
186 386
187 246
187 338
187 0
187 2
187 15
187 37
187 45
187 46
187 52
187 53
187 62
187 78
187 115
187 142
187 151
187 165
187 176
187 181
187 185
187 387
188 200
188 203
188 209
188 258
188 264
188 274
188 308
188 346
188 13
188 34
188 46
188 54
188 69
188 74
188 76
188 112
188 113
188 124
188 143
188 159
188 163
188 181
188 192
188 388
189 350
189 380
189 387
189 0
189 35
189 45
189 49
189 63
189 68
189 86
189 115
189 117
189 118
189 119
189 127
189 128
189 135
189 147
189 181
189 182
189 192
189 389
190 242
190 346
190 357
190 385
190 388
190 1
190 21
190 31
190 32
190 34
190 53
190 64
190 66
190 82
190 83
190 100
190 106
190 121
190 163
190 169
190 171
190 172
190 198
190 390
191 221
191 311
191 334
191 377
191 7
191 8
191 19
191 21
191 52
191 75
191 94
191 104
191 107
191 113
191 130
191 147
191 157
191 159
191 160
191 162
191 163
191 199
191 391
192 219
192 284
192 9
192 12
192 45
192 51
192 79
192 82
192 83
192 85
192 86
192 92
192 96
192 99
192 115
192 119
192 120
192 129
192 132
192 142
192 153
192 162
192 188
192 189
192 195
192 392
193 211
193 314
193 315
193 372
193 388
193 4
193 37
193 38
193 40
193 45
193 69
193 85
193 96
193 105
193 129
193 136
193 138
193 158
193 169
193 172
193 174
193 177
193 178
193 197
193 393
194 328
194 336
194 8
194 37
194 46
194 47
194 49
194 50
194 63
194 87
194 107
194 124
194 133
194 135
194 145
194 147
194 151
194 174
194 177
194 178
194 196
194 394
195 233
195 289
195 290
195 362
195 5
195 11
195 23
195 29
195 32
195 36
195 47
195 52
195 56
195 69
195 119
195 120
195 184
195 192
195 395
196 236
196 263
196 348
196 372
196 378
196 12
196 18
196 19
196 25
196 40
196 67
196 68
196 73
196 80
196 117
196 122
196 128
196 131
196 144
196 158
196 173
196 177
196 184
196 194
196 396
197 238
197 239
197 258
197 329
197 345
197 379
197 12
197 15
197 18
197 19
197 59
197 86
197 92
197 99
197 116
197 125
197 148
197 149
197 165
197 176
197 193
197 397
198 307
198 4
198 12
198 15
198 19
198 30
198 35
198 36
198 42
198 56
198 67
198 76
198 88
198 94
198 99
198 122
198 131
198 137
198 151
198 172
198 184
198 190
198 398
199 206
199 212
199 217
199 311
199 343
199 364
199 0
199 13
199 17
199 19
199 27
199 29
199 34
199 36
199 45
199 46
199 58
199 59
199 63
199 79
199 83
199 93
199 97
199 130
199 133
199 142
199 143
199 151
199 176
199 178
199 191
199 399
200 8
200 188
200 0
201 124
201 1
202 63
202 93
202 129
202 2
203 59
203 188
203 3
204 95
204 115
204 4
205 0
205 22
205 52
205 87
205 144
205 5
206 70
206 117
206 132
206 182
206 199
206 6
207 141
207 181
207 7
208 35
208 62
208 86
208 88
208 94
208 104
208 162
208 169
208 8
209 41
209 46
209 110
209 158
209 177
209 188
209 9
210 11
210 17
210 44
210 69
210 118
210 120
210 10
211 23
211 119
211 170
211 193
211 11
212 20
212 36
212 199
212 12
213 106
213 113
213 156
213 13
214 93
214 14
215 89
215 111
215 186
215 15
216 25
216 103
216 153
216 172
216 16
217 31
217 71
217 104
217 171
217 199
217 17
218 12
218 39
218 18
219 12
219 13
219 41
219 83
219 162
219 192
219 19
220 97
220 131
220 20
221 86
221 128
221 191
221 21
222 21
222 26
222 51
222 22
223 64
223 82
223 110
223 111
223 151
223 23
224 159
224 24
225 103
225 182
225 25
226 109
226 142
226 26
227 0
227 67
227 119
227 160
227 27
228 4
228 28
229 18
229 20
229 36
229 85
229 165
229 29
230 86
230 91
230 30
231 21
231 93
231 31
232 55
232 78
232 32
233 125
233 139
233 195
233 33
234 48
234 79
234 116
234 34
235 93
235 176
235 35
236 37
236 50
236 51
236 196
236 36
237 119
237 124
237 155
237 37
238 17
238 63
238 136
238 197
238 38
239 5
239 14
239 197
239 39
240 43
240 60
240 123
240 40
241 17
241 57
241 109
241 170
241 41
242 174
242 190
242 42
243 7
243 90
243 110
243 118
243 125
243 178
243 43
244 17
244 81
244 141
244 172
244 44
245 9
245 30
245 112
245 167
245 45
246 22
246 70
246 176
246 187
246 46
247 79
247 141
247 172
247 186
247 47
248 2
248 109
248 132
248 160
248 48
249 140
249 49
250 23
250 95
250 50
251 52
251 72
251 148
251 183
251 51
252 3
252 132
252 166
252 52
253 17
253 33
253 82
253 92
253 94
253 53
254 86
254 54
255 58
255 71
255 83
255 116
255 55
256 71
256 85
256 87
256 128
256 130
256 139
256 56
257 61
257 72
257 77
257 83
257 135
257 141
257 171
257 57
258 5
258 160
258 188
258 197
258 58
259 28
259 43
259 121
259 59
260 54
260 98
260 116
260 117
260 137
260 151
260 60
261 3
261 13
261 34
261 50
261 73
261 136
261 159
261 61
262 70
262 99
262 172
262 62
263 56
263 80
263 170
263 180
263 196
263 63
264 138
264 141
264 156
264 188
264 64
265 14
265 43
265 142
265 144
265 65
266 152
266 178
266 183
266 66
267 13
267 20
267 47
267 97
267 107
267 67
268 93
268 136
268 152
268 165
268 173
268 68
269 6
269 129
269 166
269 69
270 4
270 125
270 131
270 70
271 3
271 17
271 37
271 78
271 115
271 185
271 71
272 10
272 46
272 90
272 145
272 179
272 72
273 14
273 40
273 105
273 73
274 22
274 26
274 70
274 188
274 74
275 44
275 177
275 183
275 75
276 103
276 109
276 111
276 146
276 151
276 173
276 76
277 49
277 63
277 99
277 101
277 122
277 174
277 77
278 36
278 41
278 107
278 78
279 125
279 79
280 5
280 16
280 31
280 119
280 161
280 177
280 80
281 34
281 63
281 81
281 86
282 33
282 63
282 162
282 174
282 82
283 4
283 28
283 109
283 131
283 158
283 175
283 83
284 27
284 42
284 48
284 52
284 93
284 98
284 107
284 128
284 137
284 138
284 192
284 84
285 34
285 93
285 132
285 133
285 85
286 18
286 67
286 86
287 13
287 110
287 126
287 87
288 21
288 26
288 67
288 79
288 129
288 146
288 88
289 38
289 44
289 45
289 143
289 144
289 157
289 165
289 195
289 89
290 16
290 59
290 137
290 161
290 163
290 195
290 90
291 8
291 50
291 53
291 89
291 93
291 106
291 91
292 117
292 125
292 92
293 17
293 28
293 93
294 25
294 32
294 62
294 66
294 94
294 107
294 114
294 124
294 147
294 157
295 20
295 22
295 60
295 61
295 120
295 95
296 28
296 184
296 96
297 43
297 44
297 68
297 123
297 124
297 97
298 42
298 117
298 131
298 164
298 179
298 98
299 43
299 134
299 144
299 175
299 179
299 99
300 1
300 74
300 109
300 116
300 100
301 3
301 65
301 83
301 123
301 150
301 153
301 101
302 59
302 95
302 98
302 111
302 182
302 102
303 28
303 60
303 103
303 136
303 143
303 172
304 97
304 133
304 104
305 174
305 105
306 127
306 106
307 14
307 100
307 113
307 165
307 198
307 107
308 25
308 41
308 110
308 111
308 128
308 163
308 170
308 188
308 108
309 8
309 138
309 109
310 163
310 110
311 47
311 55
311 191
311 199
311 111
312 156
312 179
312 185
312 112
313 3
313 88
313 102
313 144
313 113
314 1
314 33
314 34
314 50
314 76
314 91
314 116
314 124
314 159
314 193
314 114
315 95
315 164
315 193
315 115
316 26
316 44
316 141
316 144
316 145
316 171
316 116
317 73
317 111
317 151
317 117
318 26
318 69
318 83
318 139
318 180
318 118
319 7
319 17
319 26
319 89
319 121
319 119
320 104
320 116
320 147
320 166
320 173
320 120
321 18
321 86
321 146
321 121
322 43
322 64
322 66
322 162
322 122
323 143
323 123
324 2
324 42
324 67
324 88
324 150
324 155
324 159
324 124
325 0
325 121
325 164
325 125
326 1
326 10
326 44
326 117
326 130
326 172
326 126
327 63
327 95
327 146
327 152
327 127
328 61
328 75
328 149
328 163
328 194
328 128
329 37
329 84
329 117
329 184
329 197
329 129
330 17
330 85
330 94
330 152
330 130
331 18
331 60
331 143
331 153
331 155
331 131
332 25
332 67
332 110
332 132
333 26
333 37
333 65
333 72
333 81
333 119
333 171
333 133
334 42
334 43
334 139
334 147
334 183
334 191
334 134
335 3
335 130
335 148
335 135
336 17
336 33
336 91
336 154
336 173
336 194
336 136
337 68
337 138
337 161
337 137
338 24
338 37
338 61
338 92
338 93
338 111
338 187
338 138
339 5
339 140
339 166
339 139
340 15
340 100
340 138
340 142
340 156
340 140
341 51
341 55
341 178
341 141
342 33
342 68
342 76
342 142
343 11
343 48
343 63
343 71
343 156
343 159
343 181
343 199
343 143
344 14
344 67
344 147
344 158
344 144
345 21
345 33
345 85
345 100
345 110
345 113
345 121
345 175
345 197
345 145
346 56
346 68
346 188
346 190
346 146
347 129
347 147
348 16
348 89
348 196
348 148
349 13
349 47
349 63
349 82
349 85
349 138
349 149
350 51
350 84
350 134
350 177
350 189
350 150
351 42
351 55
351 120
351 151
352 2
352 129
352 139
352 152
353 35
353 154
353 153
354 151
354 154
355 2
355 68
355 119
355 130
355 155
356 47
356 97
356 178
356 156
357 163
357 190
357 157
358 28
358 31
358 122
358 158
359 24
359 50
359 58
359 152
359 159
360 28
360 36
360 53
360 54
360 58
360 86
360 150
360 170
360 171
360 175
360 160
361 73
361 77
361 91
361 127
361 138
361 148
361 164
361 171
361 161
362 14
362 19
362 145
362 195
362 162
363 10
363 125
363 163
364 50
364 106
364 107
364 144
364 199
364 164
365 82
365 131
365 154
365 165
365 181
366 5
366 37
366 78
366 87
366 172
366 173
366 178
366 166
367 132
367 138
367 167
368 10
368 31
368 37
368 69
368 113
368 168
369 59
369 90
369 101
369 169
370 117
370 151
370 170
371 26
371 34
371 88
371 171
372 12
372 69
372 91
372 98
372 133
372 193
372 196
372 172
373 14
373 21
373 86
373 113
373 173
374 24
374 105
374 151
374 182
374 174
375 0
375 41
375 46
375 144
375 175
376 21
376 28
376 82
376 99
376 116
376 132
376 142
376 145
376 173
376 176
377 43
377 55
377 71
377 123
377 135
377 144
377 150
377 151
377 169
377 191
377 177
378 150
378 180
378 196
378 178
379 84
379 102
379 184
379 197
379 179
380 15
380 70
380 84
380 109
380 115
380 129
380 189
380 180
381 141
381 145
381 181
382 29
382 70
382 71
382 147
382 182
383 40
383 170
383 183
384 12
384 36
384 114
384 154
384 184
385 2
385 32
385 83
385 190
385 185
386 30
386 108
386 167
386 168
386 186
387 24
387 124
387 189
387 187
388 35
388 157
388 178
388 190
388 193
388 188
389 181
389 189
390 16
390 81
390 179
390 190
391 122
391 151
391 191
392 72
392 87
392 123
392 160
392 165
392 192
393 7
393 24
393 171
393 185
393 193
394 13
394 64
394 194
395 40
395 80
395 146
395 195
396 44
396 139
396 196
397 134
397 197
398 40
398 49
398 66
398 96
398 113
398 198
399 9
399 15
399 81
399 108
399 112
399 151
399 168
399 182
399 199
