  100   344
0 62
0 63
0 67
0 78
0 87
0 88
0 95
0 98
0 2
0 50
1 53
1 54
1 91
1 92
1 94
1 98
1 27
1 51
2 65
2 87
2 98
2 0
2 4
2 52
3 50
3 59
3 75
3 77
3 83
3 95
3 11
3 53
4 68
4 72
4 75
4 85
4 89
4 2
4 6
4 54
5 63
5 92
5 23
5 34
5 55
6 53
6 59
6 60
6 70
6 71
6 73
6 86
6 97
6 4
6 7
6 56
7 62
7 69
7 85
7 98
7 6
7 8
7 57
8 55
8 65
8 81
8 82
8 88
8 93
8 7
8 9
8 58
9 59
9 79
9 80
9 87
9 90
9 97
9 8
9 10
10 54
10 67
10 76
10 82
10 83
10 94
10 9
10 15
10 60
11 67
11 74
11 93
11 95
11 98
11 3
11 45
11 61
12 52
12 53
12 55
12 56
12 62
12 66
12 74
12 84
12 43
13 58
13 92
13 99
13 19
13 43
13 63
14 52
14 56
14 59
14 73
14 89
14 94
14 96
14 97
14 49
14 64
15 58
15 71
15 75
15 77
15 93
15 97
15 10
15 16
15 65
16 56
16 61
16 71
16 85
16 87
16 93
16 96
16 15
16 17
16 66
17 62
17 76
17 84
17 97
17 16
17 24
17 67
18 53
18 64
18 76
18 77
18 91
18 23
18 29
18 68
19 99
19 13
19 21
19 69
20 53
20 57
20 58
20 59
20 65
20 75
20 76
20 79
20 96
20 97
20 35
20 36
20 70
21 51
21 57
21 58
21 79
21 81
21 86
21 87
21 19
21 71
22 52
22 97
22 39
22 72
23 50
23 55
23 66
23 71
23 5
23 18
23 73
24 67
24 73
24 85
24 92
24 17
24 25
24 74
25 52
25 77
25 80
25 86
25 93
25 24
25 26
25 75
26 59
26 73
26 85
26 90
26 25
26 27
26 76
27 54
27 59
27 61
27 69
27 79
27 82
27 1
27 26
27 28
27 77
28 63
28 99
28 27
28 30
28 78
29 60
29 61
29 78
29 90
29 92
29 18
29 79
30 51
30 53
30 59
30 67
30 76
30 88
30 28
30 31
30 80
31 50
31 63
31 70
31 71
31 94
31 30
31 32
31 81
32 60
32 61
32 72
32 78
32 95
32 96
32 31
32 33
32 82
33 50
33 68
33 69
33 83
33 94
33 32
33 34
34 69
34 76
34 93
34 5
34 33
34 36
34 84
35 55
35 58
35 63
35 87
35 92
35 96
35 20
35 85
36 54
36 57
36 58
36 63
36 91
36 20
36 34
36 37
36 86
37 78
37 80
37 99
37 36
37 38
37 87
38 75
38 85
38 88
38 37
38 39
39 72
39 75
39 80
39 82
39 91
39 93
39 22
39 38
39 40
39 89
40 52
40 54
40 62
40 66
40 39
40 41
40 90
41 55
41 66
41 95
41 40
41 42
41 91
42 57
42 58
42 91
42 96
42 41
42 43
42 92
43 65
43 74
43 81
43 12
43 13
43 42
43 44
43 93
44 51
44 68
44 85
44 43
44 45
44 94
45 52
45 55
45 58
45 63
45 66
45 77
45 78
45 83
45 93
45 98
45 11
45 44
45 46
45 95
46 52
46 54
46 71
46 74
46 80
46 86
46 90
46 45
46 47
46 96
47 59
47 76
47 83
47 88
47 95
47 46
47 48
47 97
48 59
48 82
48 47
48 49
48 98
49 53
49 54
49 89
49 90
49 14
49 48
49 99
50 3
50 23
50 31
50 33
50 0
51 21
51 30
51 44
51 1
52 12
52 14
52 22
52 25
52 40
52 45
52 46
52 2
53 1
53 6
53 12
53 18
53 20
53 30
53 49
53 3
54 1
54 10
54 27
54 36
54 40
54 46
54 49
54 4
55 8
55 12
55 23
55 35
55 41
55 45
55 5
56 12
56 14
56 16
56 6
57 20
57 21
57 36
57 42
57 7
58 13
58 15
58 20
58 21
58 35
58 36
58 42
58 45
58 8
59 3
59 6
59 9
59 14
59 20
59 26
59 27
59 30
59 47
59 48
60 6
60 29
60 32
60 10
61 16
61 27
61 29
61 32
61 11
62 0
62 7
62 12
62 17
62 40
63 0
63 5
63 28
63 31
63 35
63 36
63 45
63 13
64 18
64 14
65 2
65 8
65 20
65 43
65 15
66 12
66 23
66 40
66 41
66 45
66 16
67 0
67 10
67 11
67 24
67 30
67 17
68 4
68 33
68 44
68 18
69 7
69 27
69 33
69 34
69 19
70 6
70 31
70 20
71 6
71 15
71 16
71 23
71 31
71 46
71 21
72 4
72 32
72 39
72 22
73 6
73 14
73 24
73 26
73 23
74 11
74 12
74 43
74 46
74 24
75 3
75 4
75 15
75 20
75 38
75 39
75 25
76 10
76 17
76 18
76 20
76 30
76 34
76 47
76 26
77 3
77 15
77 18
77 25
77 45
77 27
78 0
78 29
78 32
78 37
78 45
78 28
79 9
79 20
79 21
79 27
79 29
80 9
80 25
80 37
80 39
80 46
80 30
81 8
81 21
81 43
81 31
82 8
82 10
82 27
82 39
82 48
82 32
83 3
83 10
83 33
83 45
83 47
84 12
84 17
84 34
85 4
85 7
85 16
85 24
85 26
85 38
85 44
85 35
86 6
86 21
86 25
86 46
86 36
87 0
87 2
87 9
87 16
87 21
87 35
87 37
88 0
88 8
88 30
88 38
88 47
89 4
89 14
89 49
89 39
90 9
90 26
90 29
90 46
90 49
90 40
91 1
91 18
91 36
91 39
91 42
91 41
92 1
92 5
92 13
92 24
92 29
92 35
92 42
93 8
93 11
93 15
93 16
93 25
93 34
93 39
93 45
93 43
94 1
94 10
94 14
94 31
94 33
94 44
95 0
95 3
95 11
95 32
95 41
95 47
95 45
96 14
96 16
96 20
96 32
96 35
96 42
96 46
97 6
97 9
97 14
97 15
97 17
97 20
97 22
97 47
98 0
98 1
98 2
98 7
98 11
98 45
98 48
99 13
99 19
99 28
99 37
99 49
