  400   2850
0 239
0 248
0 250
0 278
0 331
0 340
0 388
0 398
0 28
0 71
0 72
0 74
0 115
0 123
0 200
1 200
1 232
1 244
1 254
1 287
1 346
1 368
1 372
1 383
1 22
1 40
1 51
1 135
1 144
1 197
1 201
2 261
2 277
2 316
2 330
2 345
2 23
2 43
2 82
2 100
2 103
2 145
2 146
2 202
3 227
3 242
3 268
3 284
3 366
3 383
3 392
3 14
3 33
3 46
3 73
3 80
3 100
3 123
3 132
3 161
3 164
3 190
3 203
4 248
4 257
4 260
4 331
4 345
4 367
4 368
4 395
4 36
4 80
4 92
4 110
4 111
4 125
4 133
4 154
4 165
4 167
4 173
4 194
4 204
5 235
5 286
5 305
5 310
5 312
5 348
5 352
5 23
5 28
5 35
5 48
5 64
5 81
5 83
5 92
5 105
5 106
5 120
5 121
5 136
5 139
5 159
5 194
5 205
6 231
6 283
6 312
6 320
6 353
6 371
6 389
6 390
6 398
6 399
6 39
6 62
6 74
6 84
6 91
6 114
6 162
6 166
6 206
7 208
7 233
7 234
7 266
7 272
7 289
7 312
7 328
7 341
7 396
7 10
7 11
7 39
7 42
7 67
7 70
7 103
7 104
7 118
7 168
7 184
7 207
8 211
8 240
8 281
8 303
8 316
8 324
8 329
8 362
8 380
8 393
8 20
8 47
8 53
8 59
8 65
8 76
8 93
8 100
8 109
8 119
8 135
8 158
8 165
8 179
8 182
8 208
9 222
9 253
9 266
9 281
9 331
9 366
9 390
9 19
9 49
9 67
9 69
9 95
9 98
9 107
9 109
9 128
9 138
9 163
9 166
9 167
9 209
10 225
10 241
10 254
10 263
10 294
10 295
10 389
10 392
10 7
10 11
10 17
10 81
10 130
10 171
10 187
10 210
11 226
11 241
11 299
11 304
11 308
11 311
11 393
11 399
11 7
11 10
11 16
11 17
11 28
11 53
11 96
11 126
11 165
11 189
11 211
12 335
12 31
12 38
12 66
12 67
12 69
12 73
12 99
12 123
12 147
12 151
12 162
12 174
12 183
12 189
12 212
13 206
13 213
13 224
13 253
13 297
13 300
13 323
13 350
13 357
13 373
13 14
13 15
13 26
13 68
13 83
13 92
13 106
13 126
13 138
13 175
13 197
13 198
14 253
14 257
14 272
14 296
14 298
14 333
14 366
14 374
14 3
14 13
14 45
14 49
14 59
14 85
14 107
14 115
14 140
14 149
14 164
14 168
14 214
15 254
15 273
15 277
15 315
15 322
15 370
15 380
15 13
15 30
15 34
15 75
15 144
15 153
15 158
15 162
15 163
15 171
15 191
15 192
15 215
16 209
16 217
16 218
16 223
16 250
16 264
16 272
16 273
16 289
16 296
16 309
16 342
16 390
16 11
16 18
16 34
16 49
16 84
16 99
16 104
16 108
16 126
16 163
16 180
16 216
17 203
17 212
17 246
17 252
17 272
17 287
17 350
17 368
17 10
17 11
17 21
17 39
17 48
17 49
17 50
17 54
17 59
17 71
17 97
17 98
17 155
17 160
17 165
17 172
17 217
18 219
18 245
18 255
18 282
18 304
18 314
18 323
18 339
18 369
18 374
18 16
18 19
18 22
18 31
18 40
18 43
18 44
18 48
18 62
18 76
18 79
18 92
18 102
18 111
18 124
18 129
18 143
18 180
18 218
19 243
19 248
19 251
19 277
19 297
19 304
19 335
19 339
19 368
19 375
19 379
19 9
19 18
19 24
19 27
19 40
19 41
19 51
19 58
19 120
19 133
19 155
19 178
19 219
20 250
20 264
20 308
20 376
20 394
20 8
20 22
20 84
20 124
20 125
20 135
20 150
20 186
20 193
20 220
21 211
21 237
21 271
21 287
21 323
21 362
21 373
21 383
21 17
21 146
21 157
21 173
21 191
21 196
21 221
22 210
22 217
22 229
22 241
22 243
22 301
22 315
22 374
22 1
22 18
22 20
22 61
22 64
22 72
22 101
22 148
22 163
22 171
22 199
22 222
23 230
23 263
23 300
23 312
23 318
23 358
23 2
23 5
23 41
23 53
23 56
23 58
23 73
23 80
23 90
23 94
23 111
23 118
23 126
23 223
24 241
24 250
24 301
24 335
24 345
24 354
24 379
24 19
24 26
24 55
24 60
24 73
24 86
24 102
24 124
24 157
24 224
25 202
25 212
25 226
25 326
25 342
25 360
25 385
25 399
25 26
25 111
25 148
25 156
25 159
25 161
25 180
25 194
25 225
26 203
26 214
26 215
26 250
26 336
26 353
26 367
26 13
26 24
26 25
26 29
26 30
26 49
26 61
26 77
26 98
26 107
26 115
26 226
27 250
27 283
27 320
27 327
27 333
27 337
27 348
27 19
27 87
27 138
27 148
27 168
27 178
27 197
27 227
28 211
28 247
28 289
28 321
28 348
28 378
28 384
28 395
28 0
28 5
28 11
28 56
28 76
28 81
28 124
28 126
28 131
28 149
28 150
28 154
28 171
28 228
29 214
29 270
29 271
29 272
29 288
29 313
29 352
29 367
29 368
29 26
29 32
29 41
29 42
29 59
29 64
29 79
29 85
29 110
29 119
29 122
29 129
29 132
29 140
29 182
29 229
30 280
30 301
30 351
30 15
30 26
30 34
30 46
30 83
30 166
30 192
30 230
31 233
31 238
31 300
31 302
31 314
31 321
31 360
31 394
31 12
31 18
31 50
31 59
31 98
31 102
31 153
31 231
32 205
32 243
32 255
32 328
32 369
32 29
32 47
32 76
32 80
32 135
32 167
32 179
32 196
32 232
33 208
33 217
33 221
33 279
33 288
33 311
33 332
33 333
33 353
33 368
33 379
33 383
33 3
33 64
33 78
33 84
33 96
33 101
33 102
33 137
33 160
33 166
33 172
33 197
33 233
34 232
34 247
34 279
34 289
34 294
34 296
34 323
34 351
34 382
34 397
34 15
34 16
34 30
34 53
34 71
34 79
34 95
34 159
34 234
35 228
35 235
35 297
35 328
35 333
35 345
35 361
35 375
35 377
35 395
35 5
35 53
35 62
35 79
35 85
35 115
35 123
35 139
35 146
35 147
35 198
36 204
36 282
36 283
36 287
36 337
36 370
36 386
36 387
36 391
36 4
36 37
36 52
36 62
36 136
36 148
36 157
36 174
36 192
36 193
36 194
36 236
37 245
37 249
37 264
37 292
37 369
37 36
37 62
37 90
37 93
37 94
37 102
37 140
37 177
37 179
37 237
38 246
38 249
38 275
38 282
38 321
38 348
38 354
38 384
38 12
38 57
38 64
38 76
38 86
38 95
38 127
38 132
38 146
38 159
38 181
38 238
39 208
39 254
39 318
39 341
39 356
39 377
39 6
39 7
39 17
39 43
39 52
39 61
39 133
39 151
39 164
39 176
39 239
40 209
40 216
40 220
40 252
40 275
40 301
40 1
40 18
40 19
40 59
40 63
40 65
40 68
40 69
40 74
40 78
40 103
40 114
40 123
40 134
40 170
40 195
40 240
41 254
41 256
41 298
41 307
41 320
41 331
41 335
41 373
41 376
41 383
41 19
41 23
41 29
41 42
41 73
41 80
41 136
41 178
41 197
41 241
42 230
42 340
42 7
42 29
42 41
42 75
42 103
42 110
42 114
42 138
42 151
42 153
42 175
42 242
43 242
43 287
43 323
43 330
43 352
43 355
43 369
43 378
43 379
43 2
43 18
43 39
43 51
43 55
43 93
43 104
43 113
43 116
43 156
43 157
43 159
43 170
43 172
43 179
43 192
43 243
44 212
44 232
44 234
44 243
44 249
44 353
44 360
44 368
44 369
44 18
44 167
44 176
44 195
44 244
45 257
45 271
45 310
45 314
45 332
45 14
45 66
45 67
45 75
45 77
45 88
45 131
45 191
45 245
46 231
46 252
46 268
46 272
46 296
46 297
46 299
46 329
46 335
46 340
46 342
46 370
46 3
46 30
46 75
46 181
46 246
47 205
47 209
47 218
47 223
47 239
47 241
47 253
47 264
47 265
47 306
47 308
47 309
47 352
47 8
47 32
47 62
47 70
47 72
47 121
47 133
47 143
47 189
47 247
48 205
48 215
48 220
48 274
48 277
48 311
48 313
48 351
48 361
48 5
48 17
48 18
48 57
48 62
48 105
48 112
48 116
48 132
48 142
48 150
48 152
48 157
48 159
48 192
48 194
48 198
48 248
49 213
49 219
49 240
49 246
49 282
49 297
49 357
49 364
49 9
49 14
49 16
49 17
49 26
49 56
49 60
49 70
49 78
49 86
49 97
49 117
49 154
49 166
49 183
49 249
50 256
50 310
50 324
50 328
50 335
50 358
50 379
50 385
50 390
50 17
50 31
50 74
50 94
50 118
50 121
50 170
50 174
50 250
51 217
51 291
51 313
51 314
51 347
51 352
51 361
51 366
51 370
51 396
51 1
51 19
51 43
51 81
51 105
51 192
51 251
52 217
52 238
52 250
52 256
52 297
52 311
52 317
52 327
52 336
52 342
52 354
52 36
52 39
52 89
52 94
52 119
52 141
52 143
52 194
52 196
52 252
53 232
53 233
53 261
53 263
53 266
53 340
53 345
53 346
53 347
53 8
53 11
53 23
53 34
53 35
53 66
53 71
53 73
53 81
53 96
53 253
54 234
54 242
54 259
54 266
54 291
54 299
54 314
54 327
54 330
54 345
54 357
54 375
54 381
54 383
54 397
54 17
54 102
54 108
54 133
54 140
54 254
55 206
55 225
55 228
55 262
55 294
55 309
55 314
55 339
55 363
55 376
55 388
55 24
55 43
55 71
55 77
55 108
55 117
55 133
55 255
56 222
56 229
56 243
56 325
56 342
56 349
56 391
56 395
56 23
56 28
56 49
56 68
56 93
56 152
56 187
56 256
57 213
57 246
57 265
57 282
57 283
57 301
57 305
57 337
57 361
57 38
57 48
57 61
57 66
57 70
57 79
57 113
57 134
57 162
57 175
57 185
57 199
57 257
58 249
58 314
58 358
58 381
58 399
58 19
58 23
58 88
58 94
58 110
58 112
58 116
58 119
58 159
58 177
58 185
58 188
58 258
59 201
59 202
59 221
59 226
59 247
59 282
59 284
59 300
59 314
59 8
59 14
59 17
59 29
59 31
59 40
59 101
59 109
59 112
59 119
59 124
59 138
59 139
59 153
59 172
59 184
59 259
60 201
60 215
60 222
60 258
60 279
60 307
60 322
60 342
60 347
60 360
60 385
60 395
60 24
60 49
60 64
60 115
60 116
60 196
60 260
61 212
61 235
61 237
61 278
61 308
61 311
61 347
61 368
61 387
61 22
61 26
61 39
61 57
61 77
61 130
61 261
62 243
62 247
62 258
62 285
62 363
62 380
62 395
62 6
62 18
62 35
62 36
62 37
62 47
62 48
62 65
62 89
62 113
62 143
62 165
62 193
62 262
63 213
63 301
63 325
63 328
63 372
63 373
63 379
63 388
63 40
63 65
63 67
63 77
63 90
63 96
63 135
63 136
63 151
63 263
64 203
64 226
64 259
64 274
64 297
64 299
64 341
64 347
64 357
64 365
64 382
64 5
64 22
64 29
64 33
64 38
64 60
64 71
64 72
64 87
64 106
64 118
64 125
64 148
64 155
64 162
64 264
65 225
65 227
65 257
65 266
65 271
65 279
65 294
65 307
65 310
65 343
65 357
65 366
65 8
65 40
65 62
65 63
65 66
65 77
65 92
65 126
65 140
65 182
65 192
65 199
65 265
66 204
66 231
66 246
66 252
66 273
66 280
66 282
66 294
66 318
66 348
66 359
66 376
66 12
66 45
66 53
66 57
66 65
66 73
66 102
66 112
66 127
66 143
66 145
66 173
66 196
66 266
67 200
67 220
67 224
67 276
67 298
67 347
67 358
67 379
67 7
67 9
67 12
67 45
67 63
67 72
67 80
67 84
67 96
67 116
67 117
67 158
67 175
67 195
67 267
68 209
68 215
68 219
68 228
68 237
68 240
68 251
68 269
68 278
68 280
68 294
68 391
68 399
68 13
68 40
68 56
68 86
68 100
68 139
68 188
68 189
68 196
68 268
69 220
69 340
69 342
69 360
69 369
69 371
69 378
69 382
69 9
69 12
69 40
69 82
69 104
69 143
69 193
69 197
69 269
70 207
70 209
70 281
70 297
70 347
70 356
70 376
70 377
70 7
70 47
70 49
70 57
70 77
70 110
70 172
70 184
70 270
71 202
71 240
71 241
71 250
71 252
71 340
71 395
71 0
71 17
71 34
71 53
71 55
71 64
71 79
71 100
71 182
71 271
72 216
72 263
72 276
72 278
72 333
72 354
72 364
72 366
72 382
72 0
72 22
72 47
72 64
72 67
72 95
72 135
72 143
72 147
72 173
72 181
72 199
72 272
73 200
73 233
73 285
73 297
73 332
73 347
73 350
73 382
73 394
73 3
73 12
73 23
73 24
73 41
73 53
73 66
73 82
73 95
73 97
73 108
73 127
73 152
73 156
73 164
73 273
74 202
74 216
74 244
74 250
74 261
74 263
74 281
74 286
74 290
74 308
74 325
74 336
74 344
74 345
74 350
74 354
74 397
74 0
74 6
74 40
74 50
74 76
74 95
74 174
74 274
75 231
75 270
75 327
75 354
75 359
75 361
75 15
75 42
75 45
75 46
75 85
75 105
75 106
75 111
75 125
75 159
75 275
76 231
76 242
76 245
76 273
76 276
76 278
76 287
76 309
76 319
76 353
76 397
76 8
76 18
76 28
76 32
76 38
76 74
76 81
76 99
76 150
77 205
77 222
77 256
77 257
77 261
77 269
77 271
77 355
77 359
77 364
77 26
77 45
77 55
77 61
77 63
77 65
77 70
77 80
77 102
77 125
77 135
77 149
77 150
77 170
77 199
77 277
78 200
78 205
78 262
78 341
78 368
78 380
78 33
78 40
78 49
78 88
78 100
78 140
78 162
78 166
78 187
78 278
79 217
79 251
79 268
79 276
79 290
79 375
79 18
79 29
79 34
79 35
79 57
79 71
79 103
79 111
79 125
79 128
79 129
79 137
79 279
80 207
80 216
80 229
80 234
80 262
80 276
80 327
80 328
80 353
80 376
80 382
80 386
80 394
80 3
80 4
80 23
80 32
80 41
80 67
80 77
80 85
80 100
80 118
80 149
80 168
80 189
80 197
80 280
81 206
81 306
81 308
81 326
81 391
81 5
81 10
81 28
81 51
81 53
81 76
81 98
81 130
81 140
81 156
81 183
81 188
81 193
81 194
81 195
81 281
82 209
82 220
82 262
82 271
82 291
82 300
82 335
82 374
82 385
82 2
82 69
82 73
82 86
82 88
82 130
82 146
82 189
82 282
83 202
83 205
83 253
83 271
83 295
83 317
83 332
83 352
83 363
83 366
83 5
83 13
83 30
83 89
83 95
83 125
83 150
83 157
83 175
83 197
83 283
84 209
84 298
84 309
84 314
84 323
84 330
84 363
84 379
84 6
84 16
84 20
84 33
84 67
84 85
84 94
84 129
84 141
84 150
84 157
84 284
85 242
85 245
85 260
85 268
85 286
85 304
85 308
85 325
85 360
85 369
85 378
85 387
85 395
85 14
85 29
85 35
85 75
85 80
85 84
85 98
85 99
85 109
85 113
85 121
85 135
85 148
85 193
85 285
86 211
86 216
86 222
86 232
86 242
86 294
86 335
86 365
86 24
86 38
86 49
86 68
86 82
86 88
86 103
86 106
86 112
86 126
86 153
86 286
87 204
87 227
87 237
87 258
87 274
87 299
87 341
87 354
87 361
87 378
87 389
87 27
87 64
87 95
87 115
87 127
87 147
87 156
87 157
87 158
87 172
87 287
88 226
88 383
88 45
88 58
88 78
88 82
88 86
88 99
88 116
88 117
88 141
88 152
88 288
89 213
89 296
89 325
89 347
89 370
89 373
89 398
89 399
89 52
89 62
89 83
89 90
89 117
89 153
89 164
89 179
89 289
90 247
90 308
90 328
90 330
90 348
90 394
90 397
90 23
90 37
90 63
90 89
90 97
90 118
90 127
90 154
90 169
90 189
90 290
91 201
91 203
91 218
91 271
91 316
91 326
91 339
91 363
91 6
91 112
91 123
91 134
91 159
91 171
91 175
91 177
91 196
91 291
92 242
92 244
92 304
92 336
92 350
92 392
92 4
92 5
92 13
92 18
92 65
92 131
92 134
92 143
92 186
92 188
92 292
93 222
93 244
93 272
93 278
93 291
93 305
93 311
93 331
93 385
93 392
93 396
93 8
93 37
93 43
93 56
93 110
93 112
93 140
93 142
93 151
93 165
93 186
93 190
93 293
94 204
94 328
94 350
94 378
94 23
94 37
94 50
94 52
94 58
94 84
94 99
94 102
94 134
94 135
94 167
94 178
94 191
94 294
95 206
95 209
95 217
95 225
95 230
95 235
95 241
95 317
95 324
95 338
95 344
95 348
95 9
95 34
95 38
95 72
95 73
95 74
95 83
95 87
95 111
95 146
95 158
95 169
95 174
95 188
95 295
96 220
96 233
96 249
96 259
96 285
96 321
96 333
96 11
96 33
96 53
96 63
96 67
96 103
96 128
96 146
96 156
96 159
96 171
96 179
96 180
96 296
97 223
97 268
97 289
97 353
97 374
97 17
97 49
97 73
97 90
97 119
97 149
97 150
97 156
97 161
97 168
97 185
97 297
98 217
98 225
98 251
98 266
98 323
98 336
98 361
98 368
98 382
98 388
98 9
98 17
98 26
98 31
98 81
98 85
98 106
98 117
98 131
98 143
98 159
98 173
98 298
99 200
99 207
99 209
99 221
99 225
99 226
99 237
99 255
99 285
99 302
99 317
99 327
99 328
99 332
99 386
99 12
99 16
99 76
99 85
99 88
99 94
99 130
99 136
99 299
100 206
100 209
100 258
100 259
100 316
100 365
100 370
100 393
100 2
100 3
100 8
100 68
100 71
100 78
100 80
100 133
100 142
100 150
100 171
100 300
101 251
101 310
101 315
101 334
101 349
101 357
101 394
101 22
101 33
101 59
101 171
101 184
101 301
102 255
102 273
102 279
102 290
102 318
102 325
102 354
102 371
102 18
102 24
102 31
102 33
102 37
102 54
102 66
102 77
102 94
102 111
102 137
102 140
102 148
102 155
102 164
102 194
102 302
103 234
103 235
103 250
103 273
103 303
103 364
103 2
103 7
103 40
103 42
103 79
103 86
103 96
103 106
103 117
103 155
103 171
103 174
103 187
104 239
104 283
104 320
104 329
104 343
104 352
104 360
104 379
104 382
104 389
104 392
104 7
104 16
104 43
104 69
104 117
104 131
104 133
104 182
104 189
104 190
104 199
104 304
105 230
105 237
105 240
105 246
105 272
105 284
105 299
105 302
105 309
105 314
105 321
105 347
105 379
105 5
105 48
105 51
105 75
105 111
105 138
105 153
105 182
105 184
105 190
105 305
106 201
106 243
106 300
106 302
106 307
106 310
106 325
106 340
106 348
106 360
106 373
106 5
106 13
106 64
106 75
106 86
106 98
106 103
106 108
106 128
106 173
106 178
106 183
106 306
107 281
107 305
107 316
107 331
107 334
107 342
107 9
107 14
107 26
107 118
107 168
107 178
107 192
107 307
108 206
108 209
108 214
108 216
108 224
108 228
108 242
108 245
108 254
108 258
108 279
108 313
108 331
108 369
108 387
108 16
108 54
108 55
108 73
108 106
108 111
108 141
108 308
109 215
109 237
109 279
109 295
109 297
109 373
109 8
109 9
109 59
109 85
109 123
109 162
109 198
109 309
110 200
110 213
110 235
110 250
110 251
110 272
110 311
110 332
110 354
110 4
110 29
110 42
110 58
110 70
110 93
110 133
110 139
110 169
110 310
111 232
111 236
111 270
111 290
111 295
111 308
111 380
111 381
111 392
111 4
111 18
111 23
111 25
111 75
111 79
111 95
111 102
111 105
111 108
111 132
111 149
111 311
112 210
112 232
112 275
112 299
112 341
112 372
112 48
112 58
112 59
112 66
112 86
112 91
112 93
112 116
112 155
112 169
112 188
112 312
113 213
113 271
113 284
113 287
113 297
113 312
113 333
113 343
113 356
113 383
113 389
113 398
113 43
113 57
113 62
113 85
113 129
113 159
113 167
113 171
113 196
113 313
114 204
114 205
114 210
114 245
114 297
114 311
114 339
114 344
114 357
114 358
114 367
114 6
114 40
114 42
114 115
114 135
114 171
114 314
115 274
115 275
115 276
115 311
115 333
115 362
115 363
115 367
115 376
115 0
115 14
115 26
115 35
115 60
115 87
115 114
115 117
115 126
115 132
115 135
115 178
115 315
116 273
116 294
116 307
116 317
116 344
116 349
116 43
116 48
116 58
116 60
116 67
116 88
116 112
116 138
116 154
116 169
116 188
116 189
116 190
116 316
117 207
117 228
117 276
117 316
117 325
117 338
117 378
117 379
117 399
117 49
117 55
117 67
117 88
117 89
117 98
117 103
117 104
117 115
117 131
117 140
117 168
117 171
117 179
117 182
117 190
117 193
117 317
118 203
118 213
118 219
118 221
118 248
118 318
118 336
118 7
118 23
118 50
118 64
118 80
118 90
118 107
118 136
119 201
119 255
119 259
119 313
119 358
119 8
119 29
119 52
119 58
119 59
119 97
119 124
119 176
119 197
119 319
120 236
120 239
120 302
120 316
120 346
120 353
120 354
120 362
120 369
120 5
120 19
120 133
120 139
120 186
120 320
121 202
121 268
121 288
121 298
121 316
121 366
121 378
121 5
121 47
121 50
121 85
121 132
121 191
121 321
122 292
122 340
122 396
122 29
122 174
122 182
122 322
123 232
123 275
123 289
123 381
123 394
123 0
123 3
123 12
123 35
123 40
123 91
123 109
123 126
123 199
123 323
124 235
124 275
124 341
124 380
124 392
124 18
124 20
124 24
124 28
124 59
124 119
124 126
124 137
124 167
124 179
124 180
124 324
125 203
125 217
125 225
125 250
125 290
125 291
125 359
125 4
125 20
125 64
125 75
125 77
125 79
125 83
125 135
125 154
125 166
125 169
125 325
126 219
126 223
126 233
126 269
126 315
126 373
126 385
126 11
126 13
126 16
126 23
126 28
126 65
126 86
126 115
126 123
126 124
126 127
126 129
126 187
126 326
127 206
127 217
127 236
127 240
127 303
127 305
127 363
127 364
127 389
127 38
127 66
127 73
127 87
127 90
127 126
127 128
127 132
127 135
127 176
127 177
127 327
128 231
128 260
128 281
128 308
128 348
128 351
128 369
128 9
128 79
128 96
128 106
128 127
128 160
128 196
128 328
129 218
129 246
129 291
129 302
129 333
129 18
129 29
129 79
129 84
129 113
129 126
129 130
129 145
129 189
129 193
129 329
130 253
130 319
130 323
130 324
130 328
130 358
130 368
130 10
130 61
130 81
130 82
130 99
130 129
130 144
130 159
130 165
130 179
130 184
130 330
131 252
131 258
131 286
131 349
131 368
131 374
131 28
131 45
131 92
131 98
131 104
131 117
131 134
131 142
131 162
131 183
131 195
131 331
132 264
132 265
132 280
132 329
132 342
132 3
132 29
132 38
132 48
132 111
132 115
132 121
132 127
132 135
132 155
132 177
132 192
132 332
133 217
133 284
133 301
133 334
133 356
133 366
133 374
133 383
133 396
133 4
133 19
133 39
133 47
133 54
133 55
133 100
133 104
133 110
133 120
133 135
133 161
133 189
133 333
134 206
134 255
134 262
134 289
134 299
134 306
134 318
134 346
134 40
134 57
134 91
134 92
134 94
134 131
134 195
134 334
135 204
135 229
135 231
135 273
135 288
135 308
135 309
135 328
135 329
135 336
135 339
135 342
135 1
135 8
135 20
135 32
135 63
135 72
135 77
135 85
135 94
135 114
135 115
135 125
135 127
135 132
135 133
135 167
135 183
135 335
136 258
136 273
136 321
136 339
136 354
136 5
136 36
136 41
136 63
136 99
136 118
136 140
136 151
136 336
137 267
137 300
137 303
137 355
137 368
137 33
137 79
137 102
137 124
137 153
137 168
137 337
138 227
138 260
138 270
138 317
138 358
138 376
138 9
138 13
138 27
138 42
138 59
138 105
138 116
138 160
138 163
138 172
138 177
138 181
138 338
139 200
139 247
139 273
139 363
139 396
139 5
139 35
139 59
139 68
139 110
139 120
139 145
139 146
139 154
139 339
140 247
140 261
140 304
140 329
140 381
140 14
140 29
140 37
140 54
140 65
140 78
140 81
140 93
140 102
140 117
140 136
140 144
140 171
140 176
140 178
140 182
140 340
141 201
141 202
141 218
141 232
141 243
141 298
141 342
141 371
141 389
141 398
141 399
141 52
141 84
141 88
141 108
141 144
141 154
141 163
141 175
141 192
141 341
142 212
142 242
142 246
142 257
142 262
142 265
142 297
142 305
142 321
142 335
142 336
142 397
142 48
142 93
142 100
142 131
142 159
142 168
142 342
143 242
143 277
143 318
143 325
143 327
143 386
143 18
143 47
143 52
143 62
143 66
143 69
143 72
143 92
143 98
143 180
143 184
143 343
144 214
144 288
144 314
144 335
144 360
144 366
144 1
144 15
144 130
144 140
144 141
144 151
144 177
144 185
144 344
145 206
145 224
145 268
145 350
145 359
145 368
145 2
145 66
145 129
145 139
145 165
145 345
146 241
146 270
146 313
146 347
146 376
146 377
146 2
146 21
146 35
146 38
146 82
146 95
146 96
146 139
146 166
146 175
146 193
146 346
147 225
147 249
147 265
147 347
147 383
147 12
147 35
147 72
147 87
147 157
147 161
147 172
148 200
148 213
148 237
148 255
148 290
148 371
148 374
148 375
148 390
148 22
148 25
148 27
148 36
148 64
148 85
148 102
148 348
149 200
149 214
149 243
149 292
149 316
149 318
149 322
149 342
149 397
149 14
149 28
149 77
149 80
149 97
149 111
149 349
150 262
150 278
150 282
150 287
150 313
150 351
150 359
150 365
150 20
150 28
150 48
150 76
150 77
150 83
150 84
150 97
150 100
150 350
151 217
151 223
151 228
151 289
151 293
151 370
151 371
151 12
151 39
151 42
151 63
151 93
151 136
151 144
151 165
151 173
151 192
151 351
152 200
152 210
152 241
152 273
152 274
152 277
152 312
152 334
152 360
152 48
152 56
152 73
152 88
152 179
152 194
152 352
153 261
153 277
153 290
153 295
153 328
153 353
153 372
153 375
153 389
153 15
153 31
153 42
153 59
153 86
153 89
153 105
153 137
153 154
153 158
153 161
153 172
154 201
154 263
154 265
154 270
154 273
154 284
154 287
154 293
154 299
154 308
154 342
154 375
154 376
154 399
154 4
154 28
154 49
154 90
154 116
154 125
154 139
154 141
154 153
154 185
154 190
154 354
155 208
155 270
155 276
155 333
155 362
155 371
155 399
155 17
155 19
155 64
155 102
155 103
155 112
155 132
155 179
155 183
155 194
155 196
155 355
156 202
156 239
156 264
156 265
156 290
156 300
156 355
156 363
156 399
156 25
156 43
156 73
156 81
156 87
156 96
156 97
156 165
156 178
156 191
156 356
157 208
157 210
157 246
157 258
157 325
157 328
157 334
157 340
157 379
157 383
157 21
157 24
157 36
157 43
157 48
157 83
157 84
157 87
157 147
157 182
157 357
158 203
158 218
158 259
158 266
158 335
158 340
158 356
158 372
158 8
158 15
158 67
158 87
158 95
158 153
158 197
158 358
159 225
159 243
159 250
159 272
159 284
159 289
159 311
159 331
159 339
159 342
159 360
159 5
159 25
159 34
159 38
159 43
159 48
159 58
159 75
159 91
159 96
159 98
159 113
159 130
159 142
159 359
160 223
160 241
160 309
160 329
160 343
160 372
160 17
160 33
160 128
160 138
160 360
161 205
161 207
161 218
161 254
161 261
161 266
161 275
161 283
161 294
161 295
161 312
161 315
161 331
161 3
161 25
161 97
161 133
161 147
161 153
161 179
161 180
161 190
161 361
162 252
162 259
162 260
162 270
162 271
162 296
162 327
162 346
162 375
162 386
162 6
162 12
162 15
162 57
162 64
162 78
162 109
162 131
162 184
162 198
162 362
163 261
163 271
163 279
163 289
163 292
163 327
163 331
163 367
163 386
163 395
163 9
163 15
163 16
163 22
163 138
163 141
163 180
163 192
163 363
164 282
164 327
164 355
164 358
164 376
164 377
164 3
164 14
164 39
164 73
164 89
164 102
164 179
164 364
165 229
165 232
165 237
165 244
165 317
165 342
165 343
165 349
165 356
165 377
165 381
165 382
165 385
165 389
165 4
165 8
165 11
165 17
165 62
165 93
165 130
165 145
165 151
165 156
165 177
165 365
166 212
166 225
166 234
166 236
166 284
166 285
166 6
166 9
166 30
166 33
166 49
166 78
166 125
166 146
166 366
167 240
167 249
167 261
167 268
167 279
167 281
167 297
167 304
167 319
167 362
167 372
167 4
167 9
167 32
167 44
167 94
167 113
167 124
167 135
167 171
167 186
167 367
168 214
168 228
168 238
168 303
168 311
168 340
168 344
168 357
168 7
168 14
168 27
168 80
168 97
168 107
168 117
168 137
168 142
168 170
168 186
168 198
168 199
168 368
169 259
169 272
169 282
169 309
169 350
169 386
169 90
169 95
169 110
169 112
169 116
169 125
169 172
169 194
169 369
170 230
170 244
170 280
170 282
170 287
170 300
170 351
170 361
170 40
170 43
170 50
170 77
170 168
170 175
170 180
170 370
171 200
171 207
171 214
171 237
171 262
171 284
171 306
171 338
171 364
171 10
171 15
171 22
171 28
171 91
171 96
171 100
171 101
171 103
171 113
171 114
171 117
171 140
171 167
171 191
171 195
171 197
171 371
172 220
172 228
172 255
172 275
172 303
172 326
172 352
172 364
172 17
172 33
172 43
172 59
172 70
172 87
172 138
172 147
172 153
172 169
172 181
172 372
173 224
173 249
173 271
173 346
173 396
173 4
173 21
173 66
173 72
173 98
173 106
173 151
173 176
173 190
173 373
174 211
174 231
174 247
174 293
174 329
174 379
174 391
174 12
174 36
174 50
174 74
174 95
174 103
174 122
174 196
174 374
175 236
175 244
175 291
175 301
175 317
175 341
175 342
175 372
175 383
175 398
175 13
175 42
175 57
175 67
175 83
175 91
175 141
175 146
175 170
175 177
175 375
176 202
176 213
176 218
176 244
176 279
176 293
176 310
176 337
176 354
176 382
176 385
176 39
176 44
176 119
176 127
176 140
176 173
176 188
176 376
177 223
177 225
177 235
177 251
177 276
177 361
177 370
177 37
177 58
177 91
177 127
177 132
177 138
177 144
177 165
177 175
177 198
177 377
178 254
178 291
178 293
178 304
178 339
178 19
178 27
178 41
178 94
178 106
178 107
178 115
178 140
178 156
178 196
178 378
179 338
179 346
179 8
179 32
179 37
179 43
179 89
179 96
179 117
179 124
179 130
179 152
179 155
179 161
179 164
179 194
179 379
180 219
180 243
180 288
180 307
180 355
180 16
180 18
180 25
180 96
180 124
180 143
180 161
180 163
180 170
180 380
181 207
181 213
181 237
181 260
181 270
181 292
181 344
181 380
181 38
181 46
181 72
181 138
181 172
181 185
181 381
182 225
182 240
182 280
182 299
182 368
182 394
182 396
182 8
182 29
182 65
182 71
182 104
182 105
182 117
182 122
182 140
182 157
182 193
182 382
183 231
183 247
183 250
183 251
183 257
183 259
183 262
183 271
183 318
183 319
183 12
183 49
183 81
183 106
183 131
183 135
183 155
183 196
183 383
184 221
184 238
184 254
184 302
184 344
184 353
184 396
184 7
184 59
184 70
184 101
184 105
184 130
184 143
184 162
184 196
184 384
185 213
185 222
185 277
185 297
185 323
185 330
185 339
185 355
185 391
185 57
185 58
185 97
185 144
185 154
185 181
185 385
186 210
186 216
186 271
186 308
186 313
186 318
186 350
186 20
186 92
186 93
186 120
186 167
186 168
186 188
186 194
186 198
186 386
187 215
187 221
187 234
187 235
187 289
187 303
187 354
187 355
187 360
187 363
187 10
187 56
187 78
187 103
187 126
187 387
188 216
188 217
188 230
188 331
188 355
188 378
188 393
188 58
188 68
188 81
188 92
188 95
188 112
188 116
188 176
188 186
188 388
189 213
189 257
189 309
189 334
189 373
189 392
189 11
189 12
189 47
189 68
189 80
189 82
189 90
189 104
189 116
189 129
189 133
189 199
189 389
190 213
190 225
190 233
190 235
190 276
190 277
190 306
190 314
190 322
190 332
190 375
190 393
190 3
190 93
190 104
190 105
190 116
190 117
190 154
190 161
190 173
190 390
191 204
191 205
191 231
191 232
191 318
191 322
191 372
191 395
191 15
191 21
191 45
191 94
191 121
191 156
191 171
191 391
192 295
192 301
192 355
192 15
192 30
192 36
192 43
192 48
192 51
192 65
192 107
192 132
192 141
192 151
192 163
192 392
193 209
193 210
193 222
193 245
193 258
193 267
193 291
193 389
193 20
193 36
193 62
193 69
193 81
193 85
193 117
193 129
193 146
193 182
193 393
194 200
194 241
194 256
194 285
194 304
194 332
194 334
194 339
194 392
194 399
194 4
194 5
194 25
194 36
194 48
194 52
194 81
194 102
194 152
194 155
194 169
194 179
194 186
194 394
195 250
195 254
195 266
195 269
195 319
195 327
195 329
195 334
195 366
195 40
195 44
195 67
195 81
195 131
195 134
195 171
195 395
196 237
196 256
196 257
196 262
196 301
196 320
196 361
196 385
196 21
196 32
196 52
196 60
196 66
196 68
196 91
196 113
196 128
196 155
196 174
196 178
196 183
196 184
196 396
197 206
197 226
197 238
197 249
197 255
197 310
197 331
197 334
197 1
197 13
197 27
197 33
197 41
197 69
197 80
197 83
197 119
197 158
197 171
197 397
198 239
198 254
198 273
198 283
198 302
198 312
198 331
198 376
198 382
198 387
198 399
198 13
198 35
198 48
198 109
198 162
198 168
198 177
198 186
198 199
198 398
199 217
199 317
199 350
199 372
199 384
199 22
199 57
199 65
199 72
199 77
199 104
199 123
199 168
199 189
199 198
199 399
200 1
200 67
200 73
200 78
200 99
200 110
200 139
200 148
200 149
200 152
200 171
200 194
200 0
201 59
201 60
201 91
201 106
201 119
201 141
201 154
201 1
202 25
202 59
202 71
202 74
202 83
202 121
202 141
202 156
202 176
202 2
203 17
203 26
203 64
203 91
203 118
203 125
203 158
203 3
204 36
204 66
204 87
204 94
204 114
204 135
204 191
204 4
205 32
205 47
205 48
205 77
205 78
205 83
205 114
205 161
205 191
205 5
206 13
206 55
206 81
206 95
206 100
206 108
206 127
206 134
206 145
206 197
206 6
207 70
207 80
207 99
207 117
207 161
207 171
207 181
207 7
208 7
208 33
208 39
208 155
208 157
208 8
209 16
209 40
209 47
209 68
209 70
209 82
209 84
209 95
209 99
209 100
209 108
209 193
209 9
210 22
210 112
210 114
210 152
210 157
210 186
210 193
210 10
211 8
211 21
211 28
211 86
211 174
211 11
212 17
212 25
212 44
212 61
212 142
212 166
212 12
213 13
213 49
213 57
213 63
213 89
213 110
213 113
213 118
213 148
213 176
213 181
213 185
213 189
213 190
214 26
214 29
214 108
214 144
214 149
214 168
214 171
214 14
215 26
215 48
215 60
215 68
215 109
215 187
215 15
216 40
216 72
216 74
216 80
216 86
216 108
216 186
216 188
216 16
217 16
217 22
217 33
217 51
217 52
217 79
217 95
217 98
217 125
217 127
217 133
217 151
217 188
217 199
217 17
218 16
218 47
218 91
218 129
218 141
218 158
218 161
218 176
218 18
219 18
219 49
219 68
219 118
219 126
219 180
219 19
220 40
220 48
220 67
220 69
220 82
220 96
220 172
220 20
221 33
221 59
221 99
221 118
221 184
221 187
221 21
222 9
222 56
222 60
222 77
222 86
222 93
222 185
222 193
222 22
223 16
223 47
223 97
223 126
223 151
223 160
223 177
223 23
224 13
224 67
224 108
224 145
224 173
224 24
225 10
225 55
225 65
225 95
225 98
225 99
225 125
225 147
225 159
225 166
225 177
225 182
225 190
225 25
226 11
226 25
226 59
226 64
226 88
226 99
226 197
226 26
227 3
227 65
227 87
227 138
227 27
228 35
228 55
228 68
228 108
228 117
228 151
228 168
228 172
228 28
229 22
229 56
229 80
229 135
229 165
229 29
230 23
230 42
230 95
230 105
230 170
230 188
230 30
231 6
231 46
231 66
231 75
231 76
231 128
231 135
231 174
231 183
231 191
231 31
232 1
232 34
232 44
232 53
232 86
232 111
232 112
232 123
232 141
232 165
232 191
232 32
233 7
233 31
233 53
233 73
233 96
233 126
233 190
233 33
234 7
234 44
234 54
234 80
234 103
234 166
234 187
234 34
235 5
235 35
235 61
235 95
235 103
235 110
235 124
235 177
235 187
235 190
236 111
236 120
236 127
236 166
236 175
236 36
237 21
237 61
237 68
237 87
237 99
237 105
237 109
237 148
237 165
237 171
237 181
237 196
237 37
238 31
238 52
238 168
238 184
238 197
238 38
239 0
239 47
239 104
239 120
239 156
239 198
239 39
240 8
240 49
240 68
240 71
240 105
240 127
240 167
240 182
240 40
241 10
241 11
241 22
241 24
241 47
241 71
241 95
241 146
241 152
241 160
241 194
241 41
242 3
242 43
242 54
242 76
242 85
242 86
242 92
242 108
242 142
242 143
242 42
243 19
243 22
243 32
243 44
243 56
243 62
243 106
243 141
243 149
243 159
243 180
243 43
244 1
244 74
244 92
244 93
244 165
244 170
244 175
244 176
244 44
245 18
245 37
245 76
245 85
245 108
245 114
245 193
245 45
246 17
246 38
246 49
246 57
246 66
246 105
246 129
246 142
246 157
246 46
247 28
247 34
247 59
247 62
247 90
247 139
247 140
247 174
247 183
247 47
248 0
248 4
248 19
248 118
248 48
249 37
249 38
249 44
249 58
249 96
249 147
249 167
249 173
249 197
249 49
250 0
250 16
250 20
250 24
250 26
250 27
250 52
250 71
250 74
250 103
250 110
250 125
250 159
250 183
250 195
250 50
251 19
251 68
251 79
251 98
251 101
251 110
251 177
251 183
251 51
252 17
252 40
252 46
252 66
252 71
252 131
252 162
252 52
253 9
253 13
253 14
253 47
253 83
253 130
253 53
254 1
254 10
254 15
254 39
254 41
254 108
254 161
254 178
254 184
254 195
254 198
254 54
255 18
255 32
255 99
255 102
255 119
255 134
255 148
255 172
255 197
255 55
256 41
256 50
256 52
256 77
256 194
256 196
256 56
257 4
257 14
257 45
257 65
257 77
257 142
257 183
257 189
257 196
257 57
258 60
258 62
258 87
258 100
258 108
258 131
258 136
258 157
258 193
258 58
259 54
259 64
259 96
259 100
259 119
259 158
259 162
259 169
259 183
259 59
260 4
260 85
260 128
260 138
260 162
260 181
260 60
261 2
261 53
261 74
261 77
261 140
261 153
261 161
261 163
261 167
261 61
262 55
262 78
262 80
262 82
262 134
262 142
262 150
262 171
262 183
262 196
262 62
263 10
263 23
263 53
263 72
263 74
263 154
263 63
264 16
264 20
264 37
264 47
264 132
264 156
264 64
265 47
265 57
265 132
265 142
265 147
265 154
265 156
265 65
266 7
266 9
266 53
266 54
266 65
266 98
266 158
266 161
266 195
266 66
267 137
267 193
267 67
268 3
268 46
268 79
268 85
268 97
268 121
268 145
268 167
268 68
269 68
269 77
269 126
269 195
269 69
270 29
270 75
270 111
270 138
270 146
270 154
270 155
270 162
270 181
270 70
271 21
271 29
271 45
271 65
271 77
271 82
271 83
271 91
271 113
271 162
271 163
271 173
271 183
271 186
271 71
272 7
272 14
272 16
272 17
272 29
272 46
272 93
272 105
272 110
272 159
272 169
272 72
273 15
273 16
273 66
273 76
273 102
273 103
273 116
273 135
273 136
273 139
273 152
273 154
273 198
273 73
274 48
274 64
274 87
274 115
274 152
274 74
275 38
275 40
275 112
275 115
275 123
275 124
275 161
275 172
275 75
276 67
276 72
276 76
276 79
276 80
276 115
276 117
276 155
276 177
276 190
277 2
277 15
277 19
277 48
277 143
277 152
277 153
277 185
277 190
277 77
278 0
278 61
278 68
278 72
278 76
278 93
278 150
278 78
279 33
279 34
279 60
279 65
279 102
279 108
279 109
279 163
279 167
279 176
279 79
280 30
280 66
280 68
280 132
280 170
280 182
280 80
281 8
281 9
281 70
281 74
281 107
281 128
281 167
281 81
282 18
282 36
282 38
282 49
282 57
282 59
282 66
282 150
282 164
282 169
282 170
282 82
283 6
283 27
283 36
283 57
283 104
283 161
283 198
283 83
284 3
284 59
284 105
284 113
284 133
284 154
284 159
284 166
284 171
284 84
285 62
285 73
285 96
285 99
285 166
285 194
285 85
286 5
286 74
286 85
286 131
286 86
287 1
287 17
287 21
287 36
287 43
287 76
287 113
287 150
287 154
287 170
287 87
288 29
288 33
288 121
288 135
288 144
288 180
288 88
289 7
289 16
289 28
289 34
289 97
289 123
289 134
289 151
289 159
289 163
289 187
289 89
290 74
290 79
290 102
290 111
290 125
290 148
290 153
290 156
290 90
291 51
291 54
291 82
291 93
291 125
291 129
291 175
291 178
291 193
291 91
292 37
292 122
292 149
292 163
292 181
292 92
293 151
293 154
293 174
293 176
293 178
293 93
294 10
294 34
294 55
294 65
294 66
294 68
294 86
294 116
294 161
294 94
295 10
295 83
295 109
295 111
295 153
295 161
295 192
295 95
296 14
296 16
296 34
296 46
296 89
296 162
296 96
297 13
297 19
297 35
297 46
297 49
297 52
297 64
297 70
297 73
297 109
297 113
297 114
297 142
297 167
297 185
297 97
298 14
298 41
298 67
298 84
298 121
298 141
298 98
299 11
299 46
299 54
299 64
299 87
299 105
299 112
299 134
299 154
299 182
299 99
300 13
300 23
300 31
300 59
300 82
300 106
300 137
300 156
300 170
300 100
301 22
301 24
301 30
301 40
301 57
301 63
301 133
301 175
301 192
301 196
301 101
302 31
302 99
302 105
302 106
302 120
302 129
302 184
302 198
302 102
303 8
303 103
303 127
303 137
303 168
303 172
303 187
304 11
304 18
304 19
304 85
304 92
304 140
304 167
304 178
304 194
304 104
305 5
305 57
305 93
305 107
305 127
305 142
305 105
306 47
306 81
306 134
306 171
306 190
306 106
307 41
307 60
307 65
307 106
307 116
307 180
307 107
308 11
308 20
308 47
308 61
308 74
308 81
308 85
308 90
308 111
308 128
308 135
308 154
308 186
308 108
309 16
309 47
309 55
309 76
309 84
309 105
309 135
309 160
309 169
309 189
309 109
310 5
310 45
310 50
310 65
310 101
310 106
310 176
310 197
310 110
311 11
311 33
311 48
311 52
311 61
311 93
311 110
311 114
311 115
311 159
311 168
311 111
312 5
312 6
312 7
312 23
312 113
312 152
312 161
312 198
312 112
313 29
313 48
313 51
313 108
313 119
313 146
313 150
313 186
313 113
314 18
314 31
314 45
314 51
314 54
314 55
314 58
314 59
314 84
314 105
314 144
314 190
314 114
315 15
315 22
315 101
315 126
315 161
315 115
316 2
316 8
316 91
316 100
316 107
316 117
316 120
316 121
316 149
316 116
317 52
317 83
317 95
317 99
317 116
317 138
317 165
317 175
317 199
317 117
318 23
318 39
318 66
318 102
318 118
318 134
318 143
318 149
318 183
318 186
318 191
319 76
319 130
319 167
319 183
319 195
319 119
320 6
320 27
320 41
320 104
320 196
320 120
321 28
321 31
321 38
321 96
321 105
321 136
321 142
321 121
322 15
322 60
322 149
322 190
322 191
322 122
323 13
323 18
323 21
323 34
323 43
323 84
323 98
323 130
323 185
323 123
324 8
324 50
324 95
324 130
324 124
325 56
325 63
325 74
325 85
325 89
325 102
325 106
325 117
325 143
325 157
325 125
326 25
326 81
326 91
326 172
326 126
327 27
327 52
327 54
327 75
327 80
327 99
327 143
327 162
327 163
327 164
327 195
327 127
328 7
328 32
328 35
328 50
328 63
328 80
328 90
328 94
328 99
328 130
328 135
328 153
328 157
328 128
329 8
329 46
329 104
329 132
329 135
329 140
329 160
329 174
329 195
329 129
330 2
330 43
330 54
330 84
330 90
330 185
330 130
331 0
331 4
331 9
331 41
331 93
331 107
331 108
331 159
331 161
331 163
331 188
331 197
331 198
331 131
332 33
332 45
332 73
332 83
332 99
332 110
332 190
332 194
332 132
333 14
333 27
333 33
333 35
333 72
333 96
333 113
333 115
333 129
333 155
333 133
334 101
334 107
334 133
334 152
334 157
334 189
334 194
334 195
334 197
334 134
335 12
335 19
335 24
335 41
335 46
335 50
335 82
335 86
335 142
335 144
335 158
335 135
336 26
336 52
336 74
336 92
336 98
336 118
336 135
336 142
336 136
337 27
337 36
337 57
337 176
337 137
338 95
338 117
338 171
338 179
338 138
339 18
339 19
339 55
339 91
339 114
339 135
339 136
339 159
339 178
339 185
339 194
339 139
340 0
340 42
340 46
340 53
340 69
340 71
340 106
340 122
340 157
340 158
340 168
340 140
341 7
341 39
341 64
341 78
341 87
341 112
341 124
341 175
341 141
342 16
342 25
342 46
342 52
342 56
342 60
342 69
342 107
342 132
342 135
342 141
342 149
342 154
342 159
342 165
342 175
342 142
343 65
343 104
343 113
343 160
343 165
343 143
344 74
344 95
344 114
344 116
344 168
344 181
344 184
344 144
345 2
345 4
345 24
345 35
345 53
345 54
345 74
345 145
346 1
346 53
346 120
346 134
346 162
346 173
346 179
346 146
347 51
347 53
347 60
347 61
347 64
347 67
347 70
347 73
347 89
347 105
347 146
347 147
348 5
348 27
348 28
348 38
348 66
348 90
348 95
348 106
348 128
348 148
349 56
349 101
349 116
349 131
349 165
349 149
350 13
350 17
350 73
350 74
350 92
350 94
350 145
350 169
350 186
350 199
350 150
351 30
351 34
351 48
351 128
351 150
351 170
351 151
352 5
352 29
352 43
352 47
352 51
352 83
352 104
352 172
352 152
353 6
353 26
353 33
353 44
353 76
353 80
353 97
353 120
353 153
353 184
354 24
354 38
354 52
354 72
354 74
354 75
354 87
354 102
354 110
354 120
354 136
354 176
354 187
354 154
355 43
355 77
355 137
355 156
355 164
355 180
355 185
355 187
355 188
355 192
355 155
356 39
356 70
356 113
356 133
356 158
356 165
356 156
357 13
357 49
357 54
357 64
357 65
357 101
357 114
357 168
357 157
358 23
358 50
358 58
358 67
358 114
358 119
358 130
358 138
358 164
358 158
359 66
359 75
359 77
359 125
359 145
359 150
359 159
360 25
360 31
360 44
360 60
360 69
360 85
360 104
360 106
360 144
360 152
360 159
360 187
360 160
361 35
361 48
361 51
361 57
361 75
361 87
361 98
361 170
361 177
361 196
361 161
362 8
362 21
362 115
362 120
362 155
362 167
362 162
363 55
363 62
363 83
363 84
363 91
363 115
363 127
363 139
363 156
363 187
363 163
364 49
364 72
364 77
364 103
364 127
364 171
364 172
364 164
365 64
365 86
365 100
365 150
365 165
366 3
366 9
366 14
366 51
366 65
366 72
366 83
366 121
366 133
366 144
366 195
366 166
367 4
367 26
367 29
367 114
367 115
367 163
367 167
368 1
368 4
368 17
368 19
368 29
368 33
368 44
368 61
368 78
368 98
368 130
368 131
368 137
368 145
368 182
368 168
369 18
369 32
369 37
369 43
369 44
369 69
369 85
369 108
369 120
369 128
369 169
370 15
370 36
370 46
370 51
370 89
370 100
370 151
370 177
370 170
371 6
371 69
371 102
371 141
371 148
371 151
371 155
371 171
372 1
372 63
372 112
372 153
372 158
372 160
372 167
372 175
372 191
372 199
372 172
373 13
373 21
373 41
373 63
373 89
373 106
373 109
373 126
373 189
373 173
374 14
374 18
374 22
374 82
374 97
374 131
374 133
374 148
374 174
375 19
375 35
375 54
375 79
375 148
375 153
375 154
375 162
375 190
375 175
376 20
376 41
376 55
376 66
376 70
376 80
376 115
376 138
376 146
376 154
376 164
376 198
376 176
377 35
377 39
377 70
377 146
377 164
377 165
377 177
378 28
378 43
378 69
378 85
378 87
378 94
378 117
378 121
378 188
378 178
379 19
379 24
379 33
379 43
379 50
379 63
379 67
379 84
379 104
379 105
379 117
379 157
379 174
379 179
380 8
380 15
380 62
380 78
380 111
380 124
380 181
380 180
381 54
381 58
381 111
381 123
381 140
381 165
381 181
382 34
382 64
382 69
382 72
382 73
382 80
382 98
382 104
382 165
382 176
382 198
382 182
383 1
383 3
383 21
383 33
383 41
383 54
383 88
383 113
383 133
383 147
383 157
383 175
383 183
384 28
384 38
384 199
384 184
385 25
385 50
385 60
385 82
385 93
385 126
385 165
385 176
385 196
385 185
386 36
386 80
386 99
386 143
386 162
386 163
386 169
386 186
387 36
387 61
387 85
387 108
387 198
387 187
388 0
388 55
388 63
388 98
388 188
389 6
389 10
389 87
389 104
389 113
389 127
389 141
389 153
389 165
389 193
389 189
390 6
390 9
390 16
390 50
390 148
390 190
391 36
391 56
391 68
391 81
391 174
391 185
391 191
392 3
392 10
392 92
392 93
392 104
392 111
392 124
392 189
392 194
392 192
393 8
393 11
393 100
393 188
393 190
393 193
394 20
394 31
394 73
394 80
394 90
394 101
394 123
394 182
394 194
395 4
395 28
395 35
395 56
395 60
395 62
395 71
395 85
395 163
395 191
395 195
396 7
396 51
396 93
396 122
396 133
396 139
396 173
396 182
396 184
396 196
397 34
397 54
397 74
397 76
397 90
397 142
397 149
397 197
398 0
398 6
398 89
398 113
398 141
398 175
398 198
399 6
399 11
399 25
399 58
399 68
399 89
399 117
399 141
399 154
399 155
399 156
399 194
399 198
399 199
