  300   5434
0 167
0 195
0 196
0 234
0 235
0 247
0 248
0 257
0 279
0 283
0 293
0 298
0 1
0 3
0 7
0 8
0 12
0 26
0 27
0 30
0 33
0 34
0 36
0 37
0 39
0 46
0 47
0 51
0 53
0 59
0 62
0 63
0 67
0 68
0 73
0 76
0 77
0 78
0 84
0 93
0 96
0 98
0 99
0 101
0 102
0 110
0 114
0 115
0 119
0 123
0 125
0 126
0 130
0 133
0 134
0 135
0 141
0 149
0 150
1 163
1 172
1 195
1 200
1 214
1 254
1 267
1 279
1 287
1 298
1 0
1 2
1 4
1 5
1 19
1 20
1 26
1 27
1 30
1 32
1 34
1 39
1 44
1 52
1 56
1 64
1 69
1 82
1 85
1 86
1 91
1 92
1 94
1 96
1 100
1 112
1 113
1 115
1 118
1 120
1 122
1 125
1 128
1 132
1 135
1 136
1 141
1 145
1 146
1 147
1 149
1 151
2 156
2 177
2 188
2 191
2 198
2 210
2 224
2 225
2 239
2 243
2 256
2 277
2 283
2 297
2 1
2 3
2 8
2 10
2 11
2 17
2 18
2 21
2 22
2 25
2 31
2 33
2 36
2 40
2 42
2 44
2 45
2 49
2 56
2 57
2 60
2 64
2 66
2 68
2 73
2 76
2 80
2 82
2 95
2 99
2 103
2 105
2 109
2 113
2 114
2 119
2 121
2 123
2 128
2 133
2 136
2 137
2 140
2 143
2 144
2 146
2 152
3 154
3 157
3 170
3 180
3 202
3 215
3 224
3 234
3 240
3 255
3 290
3 0
3 2
3 4
3 6
3 7
3 13
3 17
3 20
3 22
3 33
3 35
3 38
3 39
3 40
3 41
3 43
3 45
3 49
3 50
3 51
3 53
3 59
3 68
3 71
3 72
3 75
3 78
3 79
3 84
3 91
3 92
3 95
3 98
3 104
3 110
3 114
3 115
3 116
3 117
3 119
3 122
3 125
3 131
3 133
3 136
3 140
3 142
3 153
4 151
4 160
4 176
4 181
4 183
4 193
4 247
4 249
4 259
4 286
4 290
4 1
4 3
4 5
4 7
4 10
4 11
4 13
4 14
4 16
4 17
4 27
4 28
4 30
4 33
4 35
4 39
4 42
4 46
4 54
4 55
4 59
4 63
4 68
4 70
4 74
4 83
4 84
4 87
4 88
4 90
4 92
4 93
4 94
4 97
4 98
4 106
4 110
4 112
4 116
4 118
4 119
4 124
4 125
4 127
4 128
4 129
4 130
4 144
4 146
4 148
4 154
5 150
5 170
5 175
5 176
5 189
5 193
5 197
5 227
5 229
5 238
5 246
5 265
5 281
5 287
5 288
5 292
5 298
5 1
5 4
5 9
5 12
5 14
5 16
5 18
5 20
5 22
5 23
5 25
5 26
5 34
5 36
5 43
5 45
5 48
5 53
5 54
5 56
5 57
5 61
5 68
5 74
5 85
5 88
5 89
5 90
5 91
5 94
5 98
5 100
5 101
5 107
5 109
5 111
5 116
5 117
5 120
5 122
5 123
5 124
5 127
5 130
5 134
5 140
5 142
5 143
5 146
5 149
5 155
6 151
6 163
6 173
6 178
6 191
6 247
6 255
6 278
6 294
6 299
6 3
6 8
6 9
6 10
6 13
6 19
6 21
6 22
6 36
6 37
6 40
6 43
6 45
6 48
6 53
6 57
6 59
6 62
6 67
6 69
6 77
6 79
6 80
6 83
6 86
6 87
6 88
6 90
6 91
6 94
6 95
6 98
6 101
6 104
6 105
6 108
6 115
6 118
6 125
6 132
6 133
6 134
6 140
6 147
6 156
7 168
7 181
7 189
7 200
7 208
7 227
7 250
7 253
7 279
7 286
7 288
7 294
7 0
7 3
7 4
7 8
7 12
7 14
7 20
7 26
7 27
7 28
7 30
7 35
7 36
7 39
7 40
7 44
7 45
7 49
7 58
7 60
7 63
7 64
7 67
7 71
7 73
7 75
7 76
7 80
7 85
7 88
7 89
7 94
7 96
7 99
7 108
7 110
7 114
7 116
7 117
7 120
7 122
7 133
7 134
7 135
7 142
7 157
8 171
8 199
8 200
8 208
8 217
8 224
8 225
8 247
8 257
8 266
8 285
8 289
8 291
8 297
8 0
8 2
8 6
8 7
8 9
8 10
8 13
8 14
8 16
8 20
8 28
8 29
8 31
8 32
8 35
8 40
8 45
8 46
8 47
8 52
8 53
8 57
8 59
8 61
8 62
8 63
8 65
8 69
8 71
8 76
8 82
8 86
8 87
8 90
8 93
8 104
8 105
8 110
8 113
8 116
8 118
8 122
8 130
8 135
8 138
8 144
8 145
8 147
8 148
8 149
8 158
9 153
9 162
9 184
9 194
9 195
9 233
9 244
9 245
9 256
9 258
9 263
9 277
9 280
9 289
9 5
9 6
9 8
9 11
9 14
9 18
9 19
9 20
9 22
9 23
9 24
9 27
9 29
9 35
9 41
9 45
9 52
9 58
9 61
9 66
9 67
9 72
9 75
9 83
9 96
9 98
9 101
9 114
9 124
9 128
9 129
9 138
9 139
9 143
9 146
9 147
9 149
9 159
10 154
10 173
10 180
10 210
10 218
10 225
10 233
10 253
10 255
10 256
10 257
10 272
10 2
10 4
10 6
10 8
10 12
10 16
10 17
10 19
10 20
10 22
10 26
10 28
10 29
10 31
10 39
10 45
10 46
10 48
10 51
10 54
10 55
10 57
10 72
10 74
10 77
10 80
10 81
10 84
10 90
10 93
10 97
10 98
10 99
10 101
10 102
10 103
10 106
10 108
10 114
10 117
10 123
10 127
10 129
10 131
10 139
10 143
10 148
10 149
10 160
11 150
11 158
11 166
11 173
11 210
11 216
11 217
11 218
11 225
11 227
11 233
11 246
11 278
11 289
11 2
11 4
11 9
11 21
11 23
11 25
11 27
11 33
11 38
11 39
11 46
11 52
11 53
11 59
11 60
11 63
11 64
11 66
11 70
11 73
11 74
11 75
11 77
11 78
11 82
11 87
11 88
11 89
11 92
11 94
11 95
11 96
11 98
11 99
11 102
11 105
11 106
11 109
11 112
11 116
11 117
11 129
11 132
11 138
11 144
11 147
11 148
11 149
11 161
12 156
12 166
12 169
12 177
12 230
12 231
12 241
12 245
12 260
12 271
12 280
12 287
12 0
12 5
12 7
12 10
12 13
12 15
12 17
12 23
12 24
12 29
12 35
12 36
12 41
12 42
12 44
12 53
12 58
12 60
12 62
12 64
12 70
12 73
12 74
12 79
12 82
12 83
12 84
12 86
12 88
12 94
12 95
12 98
12 101
12 107
12 109
12 112
12 115
12 116
12 117
12 118
12 122
12 125
12 130
12 131
12 137
12 139
12 143
12 147
12 162
13 155
13 159
13 163
13 187
13 192
13 204
13 208
13 218
13 223
13 253
13 254
13 259
13 268
13 273
13 275
13 286
13 292
13 293
13 3
13 4
13 6
13 8
13 12
13 14
13 17
13 18
13 21
13 22
13 25
13 29
13 33
13 37
13 40
13 41
13 44
13 45
13 51
13 53
13 59
13 61
13 63
13 65
13 68
13 78
13 79
13 82
13 91
13 94
13 98
13 100
13 101
13 105
13 108
13 112
13 117
13 126
13 127
13 137
13 138
13 139
13 140
13 144
14 150
14 163
14 168
14 169
14 178
14 181
14 185
14 204
14 206
14 211
14 253
14 280
14 294
14 4
14 5
14 7
14 8
14 9
14 13
14 15
14 18
14 20
14 22
14 24
14 28
14 30
14 37
14 40
14 41
14 47
14 51
14 54
14 56
14 57
14 62
14 64
14 65
14 66
14 69
14 72
14 80
14 82
14 86
14 87
14 97
14 98
14 99
14 102
14 103
14 113
14 117
14 121
14 126
14 127
14 129
14 134
14 137
14 138
14 139
14 142
14 145
14 146
14 164
15 152
15 166
15 185
15 188
15 201
15 210
15 221
15 225
15 232
15 258
15 262
15 268
15 272
15 275
15 283
15 12
15 14
15 16
15 17
15 20
15 21
15 26
15 29
15 32
15 33
15 34
15 42
15 45
15 47
15 53
15 56
15 61
15 62
15 69
15 71
15 73
15 83
15 84
15 85
15 86
15 87
15 90
15 94
15 98
15 101
15 114
15 118
15 119
15 121
15 123
15 129
15 130
15 132
15 133
15 137
15 140
15 142
15 147
15 165
16 153
16 155
16 159
16 176
16 186
16 222
16 224
16 239
16 257
16 270
16 289
16 4
16 5
16 8
16 10
16 15
16 18
16 22
16 26
16 30
16 35
16 36
16 37
16 41
16 43
16 47
16 49
16 59
16 74
16 80
16 85
16 87
16 88
16 91
16 102
16 108
16 109
16 111
16 114
16 115
16 116
16 124
16 127
16 132
16 137
16 146
16 166
17 172
17 198
17 201
17 210
17 213
17 231
17 287
17 288
17 289
17 291
17 294
17 2
17 3
17 4
17 10
17 12
17 13
17 15
17 18
17 21
17 27
17 28
17 31
17 33
17 35
17 37
17 38
17 40
17 42
17 53
17 61
17 72
17 77
17 78
17 79
17 80
17 82
17 84
17 86
17 90
17 92
17 95
17 98
17 108
17 111
17 116
17 119
17 121
17 122
17 124
17 129
17 130
17 135
17 136
17 137
17 138
17 140
17 142
17 147
17 167
18 155
18 165
18 168
18 186
18 187
18 188
18 198
18 209
18 210
18 216
18 219
18 228
18 247
18 250
18 267
18 269
18 273
18 274
18 297
18 2
18 5
18 9
18 13
18 14
18 16
18 17
18 25
18 29
18 30
18 34
18 36
18 37
18 39
18 41
18 42
18 46
18 50
18 57
18 58
18 61
18 69
18 71
18 72
18 74
18 75
18 77
18 78
18 79
18 80
18 83
18 84
18 87
18 90
18 92
18 94
18 96
18 98
18 115
18 117
18 123
18 124
18 132
18 133
18 136
18 144
18 147
18 149
19 150
19 157
19 168
19 174
19 190
19 207
19 209
19 235
19 236
19 238
19 299
19 1
19 6
19 9
19 10
19 20
19 33
19 34
19 36
19 37
19 41
19 49
19 50
19 52
19 55
19 60
19 66
19 70
19 74
19 75
19 77
19 79
19 82
19 83
19 85
19 86
19 89
19 91
19 96
19 98
19 100
19 101
19 105
19 106
19 107
19 110
19 116
19 119
19 123
19 125
19 126
19 127
19 128
19 129
19 133
19 134
19 141
19 142
19 143
19 147
19 148
19 169
20 155
20 160
20 196
20 220
20 227
20 236
20 254
20 257
20 283
20 284
20 1
20 3
20 5
20 7
20 8
20 9
20 10
20 14
20 15
20 19
20 24
20 25
20 29
20 31
20 33
20 34
20 37
20 41
20 43
20 49
20 51
20 60
20 61
20 69
20 71
20 75
20 81
20 82
20 84
20 87
20 96
20 102
20 105
20 106
20 115
20 120
20 126
20 134
20 135
20 136
20 139
20 141
20 145
20 146
20 170
21 164
21 186
21 204
21 212
21 238
21 243
21 262
21 269
21 2
21 6
21 11
21 13
21 15
21 17
21 23
21 24
21 25
21 29
21 31
21 32
21 33
21 37
21 40
21 42
21 43
21 47
21 50
21 58
21 69
21 70
21 72
21 74
21 76
21 81
21 86
21 96
21 100
21 105
21 115
21 118
21 119
21 120
21 124
21 136
21 142
21 171
22 158
22 159
22 160
22 165
22 171
22 189
22 200
22 201
22 214
22 216
22 249
22 262
22 271
22 294
22 299
22 2
22 3
22 5
22 6
22 9
22 10
22 13
22 14
22 16
22 23
22 26
22 29
22 31
22 35
22 37
22 38
22 39
22 40
22 41
22 43
22 51
22 56
22 57
22 59
22 60
22 62
22 66
22 67
22 73
22 75
22 76
22 77
22 78
22 80
22 82
22 87
22 90
22 95
22 96
22 98
22 99
22 100
22 102
22 106
22 107
22 109
22 112
22 115
22 119
22 120
22 122
22 123
22 128
22 129
22 138
22 139
22 141
22 142
22 146
22 148
22 172
23 150
23 157
23 164
23 175
23 178
23 181
23 193
23 207
23 219
23 220
23 243
23 278
23 280
23 284
23 285
23 289
23 5
23 9
23 11
23 12
23 21
23 22
23 25
23 26
23 30
23 31
23 32
23 37
23 52
23 53
23 57
23 61
23 66
23 67
23 68
23 71
23 79
23 88
23 92
23 95
23 98
23 99
23 103
23 106
23 108
23 109
23 114
23 115
23 123
23 125
23 126
23 127
23 140
23 145
23 147
23 149
23 173
24 171
24 173
24 186
24 192
24 219
24 227
24 231
24 232
24 251
24 254
24 273
24 276
24 284
24 9
24 12
24 14
24 20
24 21
24 27
24 28
24 29
24 31
24 37
24 41
24 45
24 48
24 49
24 51
24 53
24 62
24 64
24 65
24 69
24 72
24 74
24 75
24 78
24 81
24 82
24 85
24 86
24 88
24 91
24 94
24 99
24 103
24 104
24 119
24 120
24 122
24 127
24 133
24 141
24 146
24 148
24 149
24 174
25 171
25 174
25 181
25 188
25 206
25 213
25 214
25 224
25 231
25 236
25 243
25 246
25 253
25 260
25 261
25 275
25 283
25 289
25 293
25 297
25 2
25 5
25 11
25 13
25 18
25 20
25 21
25 23
25 30
25 31
25 34
25 36
25 39
25 40
25 42
25 43
25 46
25 51
25 54
25 56
25 57
25 59
25 65
25 68
25 69
25 70
25 71
25 73
25 74
25 89
25 96
25 100
25 102
25 103
25 105
25 112
25 116
25 124
25 126
25 127
25 134
25 135
25 140
25 141
25 144
25 145
25 175
26 155
26 160
26 166
26 173
26 174
26 180
26 181
26 198
26 200
26 204
26 214
26 215
26 220
26 225
26 227
26 240
26 263
26 270
26 271
26 281
26 286
26 289
26 292
26 0
26 1
26 5
26 7
26 10
26 15
26 16
26 22
26 23
26 28
26 34
26 37
26 42
26 48
26 51
26 55
26 66
26 67
26 70
26 76
26 79
26 87
26 90
26 92
26 97
26 100
26 101
26 109
26 110
26 111
26 113
26 115
26 116
26 117
26 119
26 120
26 127
26 134
26 136
26 141
26 144
26 145
26 176
27 153
27 156
27 157
27 170
27 175
27 181
27 193
27 201
27 213
27 242
27 245
27 253
27 262
27 273
27 276
27 277
27 281
27 295
27 0
27 1
27 4
27 7
27 9
27 11
27 17
27 24
27 28
27 29
27 36
27 37
27 46
27 51
27 52
27 53
27 54
27 56
27 58
27 66
27 67
27 73
27 75
27 76
27 78
27 79
27 81
27 85
27 89
27 91
27 100
27 101
27 106
27 108
27 115
27 122
27 128
27 131
27 132
27 133
27 134
27 135
27 137
27 138
27 144
27 177
28 155
28 156
28 195
28 201
28 208
28 219
28 221
28 224
28 235
28 236
28 259
28 284
28 287
28 289
28 4
28 7
28 8
28 10
28 14
28 17
28 24
28 26
28 27
28 30
28 33
28 35
28 36
28 45
28 46
28 47
28 48
28 61
28 65
28 66
28 69
28 75
28 76
28 79
28 80
28 82
28 83
28 85
28 93
28 95
28 100
28 102
28 108
28 114
28 119
28 120
28 125
28 131
28 135
28 138
28 144
28 148
28 149
28 178
29 160
29 168
29 186
29 187
29 192
29 193
29 194
29 196
29 199
29 231
29 233
29 246
29 272
29 275
29 278
29 290
29 295
29 298
29 8
29 9
29 10
29 12
29 13
29 15
29 18
29 20
29 21
29 22
29 24
29 27
29 36
29 38
29 39
29 40
29 50
29 51
29 52
29 54
29 65
29 68
29 69
29 70
29 71
29 74
29 75
29 80
29 84
29 87
29 89
29 91
29 98
29 100
29 105
29 108
29 109
29 114
29 118
29 121
29 122
29 123
29 125
29 127
29 129
29 132
29 135
29 136
29 137
29 147
29 148
29 179
30 157
30 162
30 175
30 177
30 184
30 185
30 188
30 193
30 219
30 243
30 257
30 258
30 278
30 280
30 298
30 0
30 1
30 4
30 7
30 14
30 16
30 18
30 23
30 25
30 28
30 32
30 39
30 41
30 44
30 45
30 47
30 48
30 51
30 52
30 55
30 63
30 75
30 83
30 87
30 88
30 93
30 95
30 96
30 98
30 100
30 101
30 110
30 116
30 120
30 126
30 127
30 145
30 148
30 180
31 150
31 151
31 187
31 193
31 207
31 217
31 223
31 240
31 247
31 251
31 254
31 270
31 285
31 291
31 2
31 8
31 10
31 17
31 20
31 21
31 22
31 23
31 24
31 25
31 37
31 40
31 48
31 49
31 51
31 52
31 55
31 57
31 58
31 63
31 66
31 68
31 70
31 71
31 75
31 76
31 78
31 81
31 86
31 89
31 93
31 96
31 100
31 109
31 112
31 114
31 115
31 118
31 124
31 128
31 133
31 142
31 145
31 148
31 181
32 159
32 163
32 169
32 196
32 201
32 211
32 223
32 226
32 266
32 1
32 8
32 15
32 21
32 23
32 30
32 45
32 46
32 48
32 50
32 52
32 59
32 60
32 61
32 65
32 70
32 72
32 75
32 76
32 78
32 90
32 91
32 95
32 105
32 114
32 115
32 120
32 122
32 124
32 125
32 127
32 131
32 133
32 134
32 138
32 140
32 141
32 144
32 147
32 149
32 182
33 173
33 180
33 215
33 246
33 289
33 0
33 2
33 3
33 4
33 11
33 13
33 15
33 17
33 19
33 20
33 21
33 28
33 34
33 39
33 40
33 43
33 45
33 47
33 50
33 53
33 59
33 61
33 63
33 70
33 71
33 74
33 82
33 85
33 86
33 88
33 96
33 99
33 101
33 106
33 107
33 108
33 111
33 113
33 117
33 121
33 122
33 124
33 126
33 127
33 136
33 137
33 141
33 149
33 183
34 164
34 178
34 179
34 192
34 211
34 212
34 213
34 235
34 248
34 259
34 260
34 284
34 0
34 1
34 5
34 15
34 18
34 19
34 20
34 25
34 26
34 33
34 37
34 41
34 44
34 47
34 49
34 53
34 54
34 56
34 59
34 66
34 67
34 70
34 71
34 72
34 78
34 79
34 80
34 81
34 84
34 89
34 92
34 98
34 99
34 102
34 111
34 113
34 122
34 123
34 124
34 128
34 129
34 132
34 135
34 138
34 139
34 145
34 146
34 147
34 184
35 157
35 176
35 185
35 187
35 192
35 210
35 234
35 244
35 253
35 266
35 297
35 298
35 3
35 4
35 7
35 8
35 9
35 12
35 16
35 17
35 22
35 28
35 47
35 56
35 57
35 58
35 66
35 73
35 83
35 98
35 102
35 109
35 119
35 120
35 123
35 124
35 125
35 127
35 128
35 137
35 140
35 141
35 144
36 151
36 153
36 155
36 163
36 180
36 186
36 202
36 204
36 224
36 232
36 234
36 235
36 252
36 286
36 293
36 294
36 299
36 0
36 2
36 5
36 6
36 7
36 12
36 16
36 18
36 19
36 25
36 27
36 28
36 29
36 39
36 43
36 46
36 54
36 56
36 62
36 65
36 67
36 68
36 73
36 74
36 75
36 76
36 78
36 83
36 84
36 85
36 88
36 92
36 94
36 95
36 99
36 102
36 105
36 110
36 113
36 115
36 120
36 121
36 132
36 136
36 141
36 145
37 154
37 156
37 187
37 194
37 211
37 225
37 243
37 262
37 281
37 296
37 298
37 0
37 6
37 13
37 14
37 16
37 17
37 18
37 19
37 20
37 21
37 22
37 23
37 24
37 26
37 27
37 31
37 34
37 43
37 48
37 51
37 56
37 62
37 71
37 72
37 74
37 75
37 77
37 79
37 81
37 86
37 88
37 90
37 95
37 97
37 98
37 99
37 100
37 102
37 106
37 108
37 110
37 114
37 117
37 118
37 119
37 120
37 128
37 131
37 136
37 138
37 142
38 153
38 155
38 204
38 211
38 260
38 282
38 289
38 3
38 11
38 17
38 22
38 29
38 40
38 49
38 50
38 52
38 63
38 67
38 69
38 70
38 72
38 73
38 74
38 75
38 80
38 83
38 87
38 88
38 89
38 92
38 98
38 99
38 104
38 107
38 109
38 112
38 113
38 116
38 117
38 122
38 125
38 126
38 128
38 135
38 136
38 138
38 139
38 140
38 142
38 147
38 188
39 177
39 188
39 213
39 217
39 233
39 245
39 255
39 260
39 281
39 282
39 0
39 1
39 3
39 4
39 7
39 10
39 11
39 18
39 22
39 25
39 29
39 30
39 33
39 36
39 46
39 47
39 50
39 67
39 69
39 74
39 75
39 77
39 79
39 80
39 82
39 83
39 89
39 90
39 96
39 98
39 100
39 103
39 104
39 107
39 109
39 113
39 114
39 116
39 118
39 124
39 125
39 126
39 127
39 129
39 131
39 136
39 143
39 144
39 189
40 172
40 175
40 207
40 209
40 246
40 296
40 2
40 3
40 6
40 7
40 8
40 13
40 14
40 17
40 21
40 22
40 25
40 29
40 31
40 33
40 38
40 41
40 43
40 57
40 60
40 62
40 63
40 64
40 65
40 69
40 74
40 76
40 77
40 83
40 85
40 92
40 93
40 94
40 97
40 99
40 101
40 102
40 103
40 107
40 109
40 112
40 114
40 115
40 116
40 118
40 121
40 123
40 127
40 129
40 133
40 136
40 142
40 144
40 146
40 147
40 190
41 171
41 172
41 178
41 197
41 198
41 200
41 202
41 216
41 235
41 260
41 271
41 273
41 277
41 3
41 9
41 12
41 13
41 14
41 16
41 18
41 19
41 20
41 22
41 24
41 30
41 34
41 40
41 44
41 46
41 57
41 62
41 63
41 66
41 68
41 71
41 78
41 87
41 89
41 91
41 92
41 97
41 98
41 103
41 109
41 113
41 116
41 118
41 122
41 126
41 129
41 132
41 134
41 136
41 138
41 142
41 147
41 191
42 171
42 180
42 213
42 228
42 247
42 263
42 267
42 271
42 2
42 4
42 12
42 15
42 17
42 18
42 21
42 25
42 26
42 43
42 48
42 52
42 53
42 55
42 60
42 66
42 69
42 81
42 85
42 86
42 88
42 89
42 95
42 99
42 102
42 104
42 109
42 111
42 116
42 117
42 120
42 121
42 130
42 133
42 135
42 137
42 142
42 146
42 192
43 150
43 151
43 165
43 166
43 167
43 184
43 185
43 189
43 203
43 226
43 227
43 276
43 280
43 3
43 5
43 6
43 16
43 20
43 21
43 22
43 25
43 33
43 36
43 37
43 40
43 42
43 44
43 45
43 46
43 47
43 48
43 59
43 60
43 62
43 63
43 65
43 69
43 71
43 74
43 76
43 77
43 79
43 83
43 84
43 107
43 112
43 117
43 118
43 119
43 122
43 124
43 126
43 129
43 133
43 139
43 140
43 148
43 193
44 159
44 179
44 196
44 202
44 216
44 225
44 235
44 242
44 271
44 287
44 294
44 297
44 299
44 1
44 2
44 7
44 12
44 13
44 30
44 34
44 41
44 43
44 45
44 47
44 50
44 51
44 52
44 61
44 62
44 72
44 74
44 83
44 86
44 89
44 90
44 92
44 99
44 100
44 102
44 106
44 116
44 118
44 122
44 125
44 130
44 134
44 135
44 136
44 138
44 139
44 143
44 145
44 146
44 194
45 160
45 162
45 170
45 174
45 182
45 196
45 198
45 201
45 211
45 212
45 213
45 218
45 246
45 247
45 262
45 263
45 272
45 286
45 292
45 299
45 2
45 3
45 5
45 6
45 7
45 8
45 9
45 10
45 13
45 15
45 24
45 28
45 30
45 32
45 33
45 43
45 44
45 50
45 52
45 56
45 57
45 60
45 68
45 74
45 75
45 81
45 85
45 86
45 88
45 94
45 96
45 106
45 109
45 113
45 120
45 121
45 123
45 126
45 127
45 130
45 144
45 146
45 195
46 152
46 160
46 174
46 175
46 176
46 179
46 183
46 190
46 191
46 201
46 206
46 213
46 224
46 226
46 227
46 233
46 236
46 237
46 250
46 261
46 281
46 282
46 284
46 295
46 0
46 4
46 8
46 10
46 11
46 18
46 25
46 27
46 28
46 32
46 36
46 39
46 41
46 43
46 47
46 49
46 51
46 52
46 61
46 62
46 80
46 81
46 85
46 88
46 89
46 92
46 94
46 97
46 99
46 111
46 114
46 115
46 120
46 122
46 123
46 124
46 127
46 132
46 148
46 149
46 196
47 150
47 173
47 191
47 210
47 213
47 250
47 257
47 264
47 282
47 0
47 8
47 14
47 15
47 16
47 21
47 28
47 30
47 33
47 34
47 35
47 39
47 43
47 44
47 46
47 51
47 52
47 56
47 59
47 73
47 86
47 87
47 89
47 92
47 96
47 98
47 100
47 101
47 103
47 108
47 109
47 112
47 113
47 114
47 115
47 116
47 120
47 123
47 127
47 128
47 129
47 132
47 135
47 136
47 141
47 149
47 197
48 151
48 152
48 153
48 161
48 175
48 177
48 194
48 218
48 222
48 246
48 262
48 269
48 274
48 275
48 281
48 291
48 296
48 5
48 6
48 10
48 24
48 26
48 28
48 30
48 31
48 32
48 37
48 42
48 43
48 69
48 71
48 76
48 77
48 79
48 80
48 93
48 95
48 100
48 110
48 113
48 117
48 120
48 129
48 132
48 133
48 144
48 198
49 151
49 153
49 190
49 211
49 234
49 235
49 237
49 238
49 254
49 256
49 272
49 2
49 3
49 7
49 16
49 19
49 20
49 24
49 31
49 34
49 38
49 46
49 54
49 55
49 56
49 59
49 61
49 68
49 73
49 75
49 80
49 81
49 87
49 89
49 90
49 92
49 93
49 95
49 98
49 102
49 105
49 116
49 119
49 123
49 134
49 136
49 140
49 143
49 144
49 148
49 199
50 167
50 183
50 185
50 192
50 197
50 230
50 235
50 242
50 250
50 258
50 281
50 286
50 3
50 18
50 19
50 21
50 29
50 32
50 33
50 38
50 39
50 44
50 45
50 52
50 53
50 55
50 56
50 59
50 61
50 66
50 69
50 71
50 74
50 78
50 82
50 86
50 88
50 91
50 100
50 103
50 104
50 106
50 116
50 117
50 120
50 125
50 126
50 128
50 129
50 131
50 134
50 136
50 138
50 139
50 143
50 147
50 148
50 149
50 200
51 158
51 168
51 179
51 191
51 193
51 196
51 209
51 227
51 235
51 239
51 256
51 261
51 286
51 288
51 298
51 0
51 3
51 10
51 13
51 14
51 20
51 22
51 24
51 25
51 26
51 27
51 29
51 30
51 31
51 37
51 44
51 46
51 47
51 56
51 58
51 59
51 60
51 66
51 71
51 79
51 80
51 81
51 82
51 86
51 92
51 94
51 95
51 100
51 110
51 119
51 120
51 126
51 128
51 133
51 136
51 149
51 201
52 173
52 179
52 188
52 190
52 214
52 225
52 228
52 248
52 255
52 271
52 278
52 292
52 1
52 8
52 9
52 11
52 19
52 23
52 27
52 29
52 30
52 31
52 32
52 38
52 42
52 44
52 45
52 46
52 47
52 50
52 53
52 58
52 64
52 65
52 66
52 68
52 71
52 75
52 76
52 77
52 78
52 86
52 90
52 91
52 92
52 94
52 96
52 97
52 102
52 103
52 105
52 106
52 107
52 108
52 111
52 113
52 115
52 117
52 118
52 119
52 122
52 123
52 124
52 126
52 130
52 145
52 146
52 147
52 202
53 152
53 160
53 166
53 184
53 187
53 210
53 211
53 218
53 223
53 228
53 249
53 296
53 0
53 3
53 5
53 6
53 8
53 11
53 12
53 13
53 15
53 17
53 23
53 24
53 27
53 33
53 34
53 42
53 50
53 52
53 54
53 56
53 61
53 67
53 68
53 69
53 79
53 80
53 82
53 90
53 101
53 102
53 111
53 113
53 118
53 120
53 121
53 123
53 126
53 127
53 132
53 136
53 137
53 139
53 142
53 144
53 203
54 154
54 167
54 181
54 202
54 207
54 211
54 215
54 219
54 229
54 237
54 255
54 269
54 279
54 285
54 291
54 4
54 5
54 10
54 14
54 25
54 27
54 29
54 34
54 36
54 49
54 53
54 57
54 59
54 67
54 73
54 75
54 81
54 82
54 85
54 86
54 87
54 90
54 92
54 95
54 102
54 104
54 105
54 113
54 115
54 117
54 118
54 122
54 124
54 125
54 128
54 132
54 134
54 138
54 141
54 144
54 146
54 204
55 158
55 179
55 193
55 194
55 200
55 202
55 205
55 218
55 219
55 232
55 253
55 265
55 277
55 279
55 4
55 10
55 19
55 26
55 30
55 31
55 42
55 49
55 50
55 58
55 59
55 64
55 66
55 73
55 81
55 83
55 85
55 88
55 91
55 95
55 98
55 99
55 104
55 110
55 121
55 122
55 126
55 127
55 134
55 136
55 139
55 140
55 143
55 146
56 156
56 177
56 189
56 200
56 205
56 208
56 209
56 216
56 230
56 254
56 273
56 275
56 293
56 294
56 297
56 1
56 2
56 5
56 14
56 15
56 22
56 25
56 27
56 34
56 35
56 36
56 37
56 45
56 47
56 49
56 50
56 51
56 53
56 63
56 65
56 66
56 69
56 74
56 77
56 80
56 84
56 86
56 87
56 92
56 94
56 97
56 98
56 100
56 101
56 104
56 105
56 106
56 107
56 111
56 115
56 118
56 120
56 121
56 123
56 124
56 126
56 132
56 139
56 140
56 143
56 145
56 149
56 206
57 165
57 175
57 176
57 178
57 213
57 219
57 223
57 225
57 233
57 240
57 251
57 254
57 257
57 273
57 281
57 2
57 5
57 6
57 8
57 10
57 14
57 18
57 22
57 23
57 25
57 31
57 35
57 40
57 41
57 45
57 54
57 61
57 62
57 66
57 67
57 69
57 70
57 76
57 77
57 80
57 81
57 88
57 90
57 93
57 95
57 104
57 105
57 108
57 114
57 115
57 116
57 126
57 127
57 129
57 136
57 138
57 148
57 149
57 207
58 150
58 160
58 169
58 193
58 205
58 245
58 253
58 260
58 282
58 7
58 9
58 12
58 18
58 21
58 27
58 31
58 35
58 51
58 52
58 55
58 64
58 65
58 67
58 73
58 77
58 84
58 91
58 92
58 96
58 97
58 103
58 110
58 116
58 125
58 126
58 127
58 132
58 133
58 139
58 141
58 142
58 143
58 146
58 208
59 152
59 166
59 180
59 192
59 226
59 229
59 251
59 274
59 279
59 284
59 285
59 296
59 297
59 0
59 3
59 4
59 6
59 8
59 11
59 13
59 16
59 22
59 25
59 32
59 33
59 34
59 43
59 47
59 49
59 50
59 51
59 54
59 55
59 60
59 64
59 67
59 70
59 72
59 74
59 86
59 89
59 93
59 94
59 110
59 116
59 123
59 129
59 131
59 135
59 144
59 148
59 209
60 162
60 167
60 178
60 190
60 199
60 249
60 251
60 254
60 255
60 264
60 276
60 281
60 2
60 7
60 11
60 12
60 19
60 20
60 22
60 32
60 40
60 42
60 43
60 45
60 51
60 59
60 61
60 62
60 69
60 72
60 73
60 77
60 79
60 83
60 84
60 90
60 95
60 96
60 97
60 102
60 107
60 108
60 112
60 126
60 130
60 131
60 133
60 136
60 140
60 144
60 146
60 148
60 149
60 210
61 173
61 176
61 196
61 211
61 219
61 248
61 266
61 299
61 5
61 8
61 9
61 13
61 15
61 17
61 18
61 20
61 23
61 28
61 32
61 33
61 44
61 46
61 49
61 50
61 53
61 57
61 60
61 68
61 74
61 78
61 81
61 85
61 94
61 96
61 98
61 101
61 107
61 109
61 111
61 113
61 114
61 115
61 124
61 126
61 130
61 132
61 134
61 135
61 138
61 142
61 144
61 149
62 156
62 157
62 162
62 168
62 184
62 211
62 225
62 226
62 232
62 245
62 288
62 0
62 6
62 8
62 12
62 14
62 15
62 22
62 24
62 36
62 37
62 40
62 41
62 43
62 44
62 46
62 57
62 60
62 66
62 67
62 68
62 75
62 76
62 79
62 84
62 86
62 88
62 89
62 90
62 91
62 92
62 93
62 94
62 99
62 101
62 104
62 105
62 108
62 110
62 111
62 116
62 128
62 130
62 131
62 132
62 134
62 138
62 142
62 143
62 144
62 148
62 212
63 157
63 161
63 173
63 177
63 187
63 195
63 196
63 200
63 202
63 206
63 239
63 253
63 254
63 265
63 296
63 0
63 4
63 7
63 8
63 11
63 13
63 30
63 31
63 33
63 38
63 40
63 41
63 43
63 56
63 65
63 66
63 71
63 77
63 83
63 87
63 90
63 93
63 100
63 101
63 102
63 104
63 105
63 106
63 107
63 109
63 110
63 114
63 118
63 122
63 123
63 125
63 128
63 134
63 137
63 143
63 144
63 146
63 213
64 171
64 175
64 187
64 189
64 197
64 204
64 206
64 213
64 216
64 220
64 239
64 260
64 262
64 269
64 273
64 275
64 279
64 290
64 293
64 1
64 2
64 7
64 11
64 12
64 14
64 24
64 40
64 52
64 55
64 58
64 59
64 68
64 69
64 73
64 77
64 78
64 81
64 83
64 84
64 85
64 86
64 87
64 90
64 91
64 92
64 94
64 96
64 97
64 100
64 102
64 103
64 105
64 107
64 109
64 120
64 122
64 131
64 136
64 139
64 143
64 145
64 146
64 214
65 153
65 156
65 158
65 162
65 170
65 173
65 178
65 215
65 217
65 227
65 240
65 251
65 263
65 266
65 274
65 277
65 279
65 282
65 284
65 291
65 294
65 8
65 13
65 14
65 24
65 25
65 28
65 29
65 32
65 36
65 40
65 43
65 52
65 56
65 58
65 63
65 67
65 82
65 91
65 96
65 98
65 102
65 114
65 116
65 118
65 125
65 126
65 129
65 130
65 136
65 137
65 140
65 141
65 142
65 146
66 151
66 161
66 176
66 193
66 210
66 229
66 236
66 243
66 246
66 259
66 263
66 265
66 271
66 282
66 284
66 292
66 293
66 299
66 2
66 9
66 11
66 14
66 19
66 22
66 23
66 26
66 27
66 28
66 31
66 34
66 35
66 41
66 42
66 50
66 51
66 52
66 55
66 56
66 57
66 62
66 63
66 67
66 70
66 76
66 78
66 82
66 83
66 94
66 95
66 96
66 98
66 109
66 110
66 111
66 117
66 118
66 130
66 131
66 132
66 133
66 134
66 136
66 138
66 139
66 142
66 143
66 144
66 145
66 147
66 216
67 153
67 165
67 181
67 182
67 214
67 217
67 234
67 244
67 248
67 249
67 257
67 258
67 285
67 293
67 295
67 0
67 6
67 7
67 9
67 22
67 23
67 26
67 27
67 34
67 36
67 38
67 39
67 53
67 54
67 57
67 58
67 59
67 62
67 65
67 66
67 68
67 69
67 73
67 84
67 86
67 90
67 94
67 97
67 99
67 101
67 104
67 106
67 111
67 115
67 116
67 118
67 121
67 122
67 124
67 128
67 137
67 143
67 145
68 152
68 158
68 161
68 168
68 175
68 182
68 191
68 193
68 203
68 206
68 238
68 245
68 246
68 247
68 259
68 281
68 294
68 0
68 2
68 3
68 4
68 5
68 13
68 23
68 25
68 29
68 31
68 36
68 41
68 45
68 49
68 52
68 53
68 61
68 62
68 64
68 67
68 70
68 71
68 75
68 77
68 78
68 83
68 85
68 87
68 90
68 95
68 102
68 104
68 114
68 120
68 122
68 129
68 131
68 140
68 143
68 149
68 218
69 167
69 196
69 211
69 229
69 238
69 239
69 242
69 243
69 256
69 271
69 285
69 1
69 6
69 8
69 14
69 15
69 18
69 20
69 21
69 24
69 25
69 28
69 29
69 38
69 39
69 40
69 42
69 43
69 48
69 50
69 53
69 56
69 57
69 60
69 64
69 67
69 70
69 73
69 79
69 81
69 82
69 88
69 91
69 95
69 98
69 100
69 101
69 108
69 113
69 114
69 116
69 118
69 129
69 131
69 134
69 136
69 137
69 138
69 139
69 141
69 147
69 148
69 219
70 163
70 169
70 173
70 185
70 191
70 201
70 204
70 242
70 250
70 253
70 258
70 263
70 270
70 277
70 4
70 11
70 12
70 19
70 21
70 25
70 26
70 29
70 31
70 32
70 33
70 34
70 38
70 57
70 59
70 66
70 68
70 69
70 73
70 75
70 77
70 78
70 82
70 91
70 94
70 99
70 101
70 106
70 110
70 114
70 127
70 129
70 130
70 131
70 136
70 138
70 139
70 140
70 142
70 145
70 146
70 220
71 157
71 168
71 182
71 190
71 198
71 207
71 209
71 215
71 219
71 221
71 224
71 283
71 3
71 7
71 8
71 15
71 18
71 20
71 23
71 25
71 29
71 31
71 33
71 34
71 37
71 41
71 43
71 48
71 50
71 51
71 52
71 63
71 68
71 72
71 73
71 78
71 80
71 85
71 86
71 87
71 94
71 96
71 98
71 105
71 106
71 109
71 113
71 115
71 116
71 118
71 122
71 123
71 126
71 131
71 135
71 138
71 140
71 141
71 144
72 163
72 164
72 187
72 199
72 201
72 222
72 242
72 253
72 270
72 276
72 296
72 3
72 9
72 10
72 14
72 17
72 18
72 21
72 24
72 32
72 34
72 37
72 38
72 44
72 59
72 60
72 71
72 75
72 76
72 78
72 79
72 82
72 85
72 86
72 87
72 91
72 94
72 95
72 101
72 102
72 106
72 107
72 108
72 111
72 112
72 117
72 124
72 125
72 127
72 131
72 132
72 141
72 146
73 160
73 179
73 182
73 183
73 190
73 206
73 211
73 225
73 0
73 2
73 7
73 11
73 12
73 15
73 22
73 25
73 27
73 35
73 36
73 38
73 47
73 49
73 54
73 55
73 58
73 60
73 64
73 67
73 69
73 70
73 71
73 74
73 79
73 81
73 83
73 87
73 88
73 95
73 100
73 103
73 110
73 112
73 114
73 115
73 116
73 120
73 122
73 124
73 125
73 127
73 133
73 136
73 138
73 142
73 145
73 149
73 223
74 150
74 153
74 155
74 162
74 171
74 173
74 176
74 217
74 233
74 237
74 260
74 265
74 274
74 281
74 298
74 4
74 5
74 10
74 11
74 12
74 16
74 18
74 19
74 21
74 24
74 25
74 29
74 33
74 36
74 37
74 38
74 39
74 40
74 43
74 44
74 45
74 50
74 56
74 59
74 61
74 73
74 75
74 78
74 82
74 90
74 91
74 93
74 95
74 98
74 104
74 108
74 109
74 110
74 114
74 120
74 131
74 132
74 133
74 134
74 135
74 136
74 141
74 142
74 143
74 144
74 145
74 146
74 149
74 224
75 160
75 163
75 187
75 196
75 213
75 230
75 234
75 258
75 261
75 291
75 3
75 7
75 9
75 11
75 18
75 19
75 20
75 22
75 24
75 27
75 28
75 29
75 30
75 31
75 32
75 36
75 37
75 38
75 39
75 45
75 49
75 52
75 54
75 62
75 68
75 70
75 72
75 74
75 76
75 78
75 81
75 88
75 91
75 94
75 98
75 104
75 105
75 112
75 113
75 115
75 117
75 118
75 119
75 122
75 125
75 130
75 136
75 137
75 145
75 225
76 164
76 168
76 180
76 191
76 198
76 201
76 227
76 232
76 248
76 259
76 276
76 279
76 281
76 284
76 0
76 2
76 7
76 8
76 21
76 22
76 26
76 27
76 28
76 31
76 32
76 36
76 40
76 43
76 48
76 52
76 57
76 62
76 66
76 72
76 75
76 79
76 83
76 93
76 96
76 97
76 98
76 99
76 100
76 110
76 119
76 121
76 122
76 125
76 127
76 134
76 135
76 139
76 140
76 142
76 226
77 163
77 178
77 196
77 211
77 213
77 231
77 232
77 244
77 249
77 257
77 266
77 272
77 273
77 275
77 297
77 0
77 6
77 10
77 11
77 17
77 18
77 19
77 22
77 37
77 39
77 40
77 43
77 48
77 52
77 56
77 57
77 58
77 60
77 63
77 64
77 68
77 70
77 79
77 83
77 86
77 87
77 89
77 98
77 103
77 107
77 109
77 111
77 112
77 116
77 117
77 118
77 119
77 124
77 125
77 134
77 136
77 137
77 138
77 141
77 142
77 144
77 145
77 227
78 150
78 175
78 186
78 192
78 203
78 206
78 211
78 227
78 233
78 238
78 266
78 279
78 0
78 3
78 11
78 13
78 17
78 18
78 22
78 24
78 27
78 31
78 32
78 34
78 36
78 41
78 50
78 52
78 61
78 64
78 66
78 68
78 70
78 71
78 72
78 74
78 75
78 80
78 81
78 82
78 84
78 92
78 93
78 95
78 100
78 101
78 103
78 105
78 108
78 111
78 119
78 120
78 121
78 125
78 126
78 129
78 141
78 147
78 228
79 153
79 157
79 166
79 180
79 188
79 189
79 203
79 222
79 227
79 238
79 257
79 260
79 274
79 277
79 279
79 284
79 286
79 3
79 6
79 12
79 13
79 17
79 18
79 19
79 23
79 26
79 27
79 28
79 34
79 37
79 39
79 43
79 48
79 51
79 53
79 60
79 62
79 69
79 72
79 73
79 76
79 77
79 87
79 89
79 91
79 92
79 95
79 100
79 106
79 107
79 108
79 114
79 117
79 127
79 133
79 137
79 139
79 140
79 141
79 147
79 229
80 158
80 168
80 187
80 193
80 200
80 209
80 247
80 259
80 266
80 278
80 299
80 2
80 6
80 7
80 10
80 14
80 16
80 17
80 18
80 22
80 28
80 29
80 34
80 38
80 39
80 46
80 48
80 49
80 51
80 53
80 56
80 57
80 71
80 78
80 85
80 86
80 91
80 94
80 102
80 103
80 105
80 107
80 111
80 115
80 118
80 119
80 122
80 129
80 139
80 144
80 146
80 148
80 149
80 230
81 160
81 166
81 169
81 199
81 200
81 201
81 210
81 227
81 233
81 253
81 264
81 270
81 274
81 284
81 294
81 10
81 20
81 21
81 24
81 27
81 31
81 34
81 37
81 42
81 45
81 46
81 49
81 51
81 54
81 55
81 57
81 61
81 64
81 69
81 73
81 75
81 78
81 83
81 84
81 86
81 89
81 94
81 96
81 98
81 99
81 104
81 106
81 111
81 117
81 121
81 122
81 123
81 125
81 126
81 130
81 135
81 143
81 146
81 148
81 231
82 152
82 153
82 161
82 166
82 181
82 182
82 203
82 210
82 212
82 213
82 225
82 239
82 262
82 282
82 293
82 296
82 1
82 2
82 8
82 11
82 12
82 13
82 14
82 17
82 19
82 20
82 22
82 24
82 28
82 33
82 39
82 50
82 51
82 53
82 54
82 65
82 66
82 69
82 70
82 72
82 74
82 78
82 84
82 87
82 88
82 96
82 100
82 105
82 109
82 111
82 112
82 113
82 118
82 121
82 123
82 138
82 142
82 145
82 146
82 232
83 163
83 170
83 184
83 190
83 198
83 211
83 214
83 232
83 246
83 253
83 272
83 274
83 4
83 6
83 9
83 12
83 15
83 18
83 19
83 28
83 30
83 35
83 36
83 38
83 39
83 40
83 43
83 44
83 55
83 60
83 63
83 64
83 66
83 68
83 73
83 76
83 77
83 81
83 84
83 85
83 90
83 95
83 103
83 105
83 110
83 112
83 114
83 117
83 118
83 120
83 121
83 122
83 136
83 138
83 141
83 147
83 148
83 149
83 233
84 173
84 174
84 197
84 198
84 206
84 210
84 213
84 215
84 234
84 237
84 246
84 273
84 285
84 286
84 289
84 293
84 0
84 3
84 4
84 10
84 12
84 15
84 17
84 18
84 20
84 29
84 34
84 36
84 43
84 56
84 58
84 60
84 62
84 64
84 67
84 78
84 81
84 82
84 83
84 86
84 92
84 102
84 103
84 107
84 109
84 112
84 113
84 114
84 119
84 120
84 124
84 131
84 136
84 138
84 142
84 146
84 148
85 180
85 186
85 189
85 201
85 203
85 212
85 221
85 256
85 258
85 261
85 265
85 281
85 293
85 298
85 1
85 5
85 7
85 15
85 16
85 19
85 24
85 27
85 28
85 33
85 36
85 40
85 42
85 45
85 46
85 54
85 55
85 61
85 64
85 68
85 71
85 72
85 80
85 83
85 91
85 93
85 96
85 98
85 99
85 101
85 102
85 103
85 107
85 111
85 119
85 120
85 127
85 133
85 136
85 141
85 145
85 235
86 156
86 170
86 177
86 185
86 188
86 196
86 210
86 250
86 297
86 1
86 6
86 8
86 12
86 14
86 15
86 17
86 19
86 21
86 24
86 31
86 33
86 37
86 42
86 44
86 45
86 47
86 50
86 51
86 52
86 54
86 56
86 59
86 62
86 64
86 67
86 71
86 72
86 77
86 80
86 81
86 84
86 87
86 89
86 92
86 96
86 97
86 102
86 103
86 105
86 112
86 120
86 123
86 126
86 127
86 128
86 131
86 144
86 145
86 147
86 148
86 236
87 151
87 154
87 165
87 176
87 179
87 199
87 201
87 210
87 230
87 236
87 261
87 276
87 298
87 4
87 6
87 8
87 11
87 14
87 15
87 16
87 18
87 20
87 22
87 26
87 29
87 30
87 38
87 41
87 47
87 49
87 54
87 56
87 63
87 64
87 68
87 71
87 72
87 73
87 77
87 79
87 82
87 86
87 88
87 92
87 98
87 100
87 103
87 105
87 109
87 111
87 112
87 114
87 115
87 118
87 121
87 125
87 129
87 135
87 138
87 140
87 145
87 146
87 148
87 149
87 237
88 153
88 175
88 189
88 192
88 204
88 228
88 290
88 299
88 4
88 5
88 6
88 7
88 11
88 12
88 16
88 23
88 24
88 30
88 33
88 36
88 37
88 38
88 42
88 45
88 46
88 50
88 55
88 57
88 62
88 69
88 73
88 75
88 82
88 87
88 89
88 95
88 101
88 102
88 104
88 106
88 111
88 112
88 119
88 123
88 128
88 130
88 137
88 139
88 145
88 148
88 149
88 238
89 150
89 209
89 230
89 280
89 284
89 5
89 7
89 11
89 19
89 25
89 27
89 29
89 31
89 34
89 38
89 39
89 41
89 42
89 44
89 46
89 47
89 49
89 59
89 62
89 77
89 79
89 81
89 86
89 88
89 91
89 94
89 99
89 103
89 106
89 108
89 109
89 112
89 113
89 119
89 122
89 126
89 129
89 134
89 138
89 142
89 144
89 145
89 147
89 239
90 159
90 163
90 217
90 224
90 226
90 247
90 251
90 258
90 265
90 271
90 281
90 4
90 5
90 6
90 8
90 10
90 15
90 17
90 18
90 22
90 26
90 32
90 37
90 39
90 44
90 49
90 52
90 53
90 54
90 57
90 60
90 62
90 63
90 64
90 67
90 68
90 74
90 83
90 91
90 92
90 95
90 102
90 104
90 109
90 112
90 116
90 120
90 122
90 124
90 125
90 126
90 128
90 130
90 131
90 136
90 137
90 141
90 143
90 240
91 168
91 203
91 211
91 228
91 241
91 242
91 268
91 275
91 1
91 3
91 5
91 6
91 13
91 16
91 19
91 24
91 27
91 29
91 32
91 41
91 50
91 52
91 55
91 58
91 62
91 64
91 65
91 69
91 70
91 72
91 74
91 75
91 79
91 80
91 85
91 89
91 90
91 96
91 97
91 99
91 106
91 107
91 110
91 112
91 113
91 131
91 133
91 134
91 136
91 137
91 149
92 160
92 165
92 188
92 194
92 198
92 204
92 219
92 228
92 231
92 236
92 254
92 1
92 3
92 4
92 11
92 17
92 18
92 23
92 26
92 34
92 36
92 38
92 40
92 41
92 44
92 46
92 47
92 49
92 51
92 52
92 54
92 56
92 58
92 62
92 64
92 78
92 79
92 84
92 86
92 87
92 90
92 97
92 98
92 101
92 103
92 106
92 110
92 111
92 115
92 116
92 120
92 134
92 139
92 142
92 146
92 242
93 153
93 161
93 174
93 189
93 203
93 204
93 210
93 226
93 229
93 236
93 244
93 249
93 254
93 256
93 0
93 4
93 8
93 10
93 28
93 30
93 31
93 40
93 48
93 49
93 57
93 59
93 62
93 63
93 74
93 76
93 78
93 85
93 99
93 101
93 105
93 108
93 112
93 120
93 123
93 124
93 128
93 133
93 142
93 143
93 243
94 178
94 189
94 193
94 198
94 205
94 206
94 211
94 212
94 220
94 225
94 228
94 229
94 233
94 234
94 235
94 244
94 246
94 271
94 278
94 293
94 1
94 4
94 5
94 6
94 7
94 11
94 12
94 13
94 15
94 18
94 24
94 36
94 40
94 45
94 46
94 51
94 52
94 56
94 59
94 61
94 62
94 64
94 66
94 67
94 70
94 71
94 72
94 75
94 80
94 81
94 89
94 98
94 100
94 101
94 103
94 105
94 107
94 109
94 110
94 111
94 120
94 125
94 126
94 130
94 132
94 136
94 143
94 145
94 149
95 161
95 163
95 164
95 194
95 213
95 217
95 222
95 224
95 229
95 235
95 241
95 275
95 278
95 2
95 3
95 6
95 11
95 12
95 17
95 22
95 23
95 28
95 30
95 32
95 36
95 37
95 42
95 48
95 49
95 51
95 54
95 55
95 57
95 60
95 66
95 68
95 69
95 72
95 73
95 74
95 78
95 79
95 83
95 88
95 90
95 104
95 111
95 112
95 113
95 117
95 124
95 128
95 129
95 130
95 133
95 138
95 140
95 141
95 144
95 147
95 245
96 156
96 181
96 199
96 201
96 213
96 214
96 218
96 254
96 262
96 264
96 266
96 282
96 285
96 0
96 1
96 7
96 9
96 11
96 18
96 19
96 20
96 21
96 22
96 25
96 30
96 31
96 33
96 39
96 45
96 47
96 52
96 58
96 60
96 61
96 64
96 65
96 66
96 71
96 76
96 81
96 82
96 85
96 86
96 91
96 101
96 111
96 123
96 124
96 133
96 134
96 137
96 140
96 141
96 144
96 145
96 147
96 148
96 246
97 157
97 178
97 189
97 190
97 227
97 233
97 236
97 254
97 273
97 274
97 287
97 294
97 4
97 10
97 14
97 26
97 37
97 40
97 41
97 46
97 52
97 56
97 58
97 60
97 64
97 67
97 76
97 86
97 91
97 92
97 103
97 110
97 111
97 113
97 118
97 135
97 136
97 138
97 141
97 146
97 148
97 247
98 154
98 158
98 168
98 177
98 190
98 193
98 199
98 209
98 212
98 213
98 218
98 221
98 224
98 227
98 228
98 230
98 272
98 279
98 295
98 296
98 0
98 3
98 4
98 5
98 6
98 9
98 10
98 11
98 12
98 13
98 14
98 15
98 17
98 18
98 19
98 22
98 23
98 29
98 30
98 34
98 35
98 37
98 38
98 39
98 41
98 47
98 49
98 55
98 56
98 61
98 65
98 66
98 69
98 71
98 74
98 75
98 76
98 77
98 81
98 85
98 87
98 92
98 94
98 100
98 105
98 108
98 110
98 114
98 120
98 125
98 126
98 129
98 130
98 132
98 133
98 134
98 143
98 146
98 248
99 158
99 161
99 162
99 163
99 176
99 209
99 213
99 214
99 224
99 252
99 257
99 258
99 264
99 266
99 274
99 275
99 276
99 280
99 286
99 287
99 0
99 2
99 7
99 10
99 11
99 14
99 22
99 23
99 24
99 33
99 34
99 36
99 37
99 38
99 40
99 42
99 44
99 46
99 55
99 62
99 67
99 70
99 76
99 81
99 85
99 89
99 91
99 93
99 102
99 103
99 111
99 112
99 114
99 126
99 129
99 131
99 135
99 136
99 141
99 143
99 144
99 146
99 249
100 171
100 179
100 187
100 195
100 203
100 218
100 219
100 235
100 250
100 254
100 283
100 287
100 292
100 1
100 5
100 13
100 19
100 21
100 22
100 25
100 26
100 27
100 28
100 29
100 30
100 31
100 37
100 39
100 44
100 47
100 48
100 50
100 51
100 56
100 63
100 64
100 69
100 73
100 76
100 78
100 79
100 82
100 87
100 94
100 98
100 106
100 110
100 116
100 117
100 118
100 119
100 120
100 123
100 124
100 129
100 131
100 133
100 134
100 140
100 141
100 143
100 146
100 147
101 153
101 180
101 185
101 232
101 234
101 235
101 250
101 285
101 0
101 5
101 6
101 9
101 10
101 12
101 13
101 15
101 19
101 26
101 27
101 30
101 33
101 40
101 47
101 53
101 56
101 61
101 62
101 63
101 67
101 69
101 70
101 72
101 78
101 85
101 88
101 92
101 93
101 94
101 96
101 103
101 105
101 111
101 117
101 122
101 129
101 133
101 141
101 142
101 145
101 147
101 251
102 160
102 178
102 192
102 200
102 201
102 202
102 230
102 236
102 237
102 245
102 247
102 248
102 251
102 253
102 265
102 266
102 277
102 292
102 296
102 0
102 10
102 11
102 14
102 16
102 20
102 22
102 25
102 28
102 34
102 35
102 36
102 37
102 40
102 42
102 44
102 49
102 52
102 53
102 54
102 60
102 63
102 64
102 65
102 68
102 72
102 80
102 84
102 85
102 86
102 88
102 90
102 99
102 104
102 106
102 108
102 117
102 120
102 125
102 131
102 133
102 134
102 135
102 136
102 138
102 143
102 148
102 149
102 252
103 151
103 162
103 164
103 170
103 173
103 185
103 194
103 196
103 236
103 242
103 248
103 249
103 256
103 263
103 266
103 273
103 281
103 283
103 291
103 299
103 2
103 10
103 14
103 23
103 24
103 25
103 39
103 40
103 41
103 47
103 50
103 52
103 58
103 64
103 73
103 77
103 78
103 80
103 83
103 84
103 85
103 86
103 87
103 89
103 92
103 94
103 97
103 99
103 101
103 109
103 110
103 111
103 113
103 119
103 122
103 126
103 133
103 135
103 136
103 142
103 147
103 148
103 149
103 253
104 185
104 190
104 193
104 217
104 229
104 250
104 267
104 274
104 287
104 295
104 3
104 6
104 8
104 24
104 38
104 39
104 42
104 50
104 54
104 55
104 56
104 57
104 62
104 63
104 67
104 68
104 74
104 75
104 81
104 88
104 90
104 95
104 102
104 112
104 113
104 114
104 116
104 117
104 119
104 120
104 121
104 130
104 141
104 254
105 159
105 167
105 183
105 190
105 191
105 194
105 210
105 227
105 246
105 248
105 249
105 286
105 294
105 2
105 6
105 8
105 11
105 13
105 19
105 20
105 21
105 25
105 29
105 32
105 36
105 49
105 52
105 54
105 56
105 57
105 62
105 63
105 64
105 71
105 75
105 78
105 80
105 82
105 83
105 86
105 87
105 93
105 94
105 98
105 101
105 107
105 113
105 114
105 116
105 120
105 121
105 123
105 125
105 128
105 138
105 139
105 144
105 146
105 255
106 162
106 169
106 179
106 199
106 206
106 215
106 229
106 245
106 247
106 248
106 249
106 260
106 264
106 272
106 276
106 4
106 10
106 11
106 19
106 20
106 22
106 23
106 27
106 33
106 37
106 44
106 45
106 50
106 52
106 56
106 63
106 67
106 70
106 71
106 72
106 79
106 81
106 88
106 89
106 91
106 92
106 100
106 102
106 108
106 112
106 115
106 116
106 120
106 121
106 123
106 125
106 126
106 127
106 130
106 133
106 134
106 141
106 144
106 145
106 146
106 256
107 161
107 162
107 163
107 176
107 187
107 220
107 225
107 231
107 233
107 258
107 267
107 273
107 281
107 289
107 291
107 295
107 5
107 12
107 19
107 22
107 33
107 38
107 39
107 40
107 43
107 52
107 56
107 60
107 61
107 63
107 64
107 72
107 77
107 79
107 80
107 84
107 85
107 91
107 94
107 105
107 111
107 114
107 119
107 121
107 122
107 123
107 126
107 127
107 132
107 135
107 141
107 143
107 145
107 149
107 257
108 162
108 177
108 197
108 200
108 239
108 253
108 261
108 267
108 271
108 283
108 286
108 288
108 291
108 6
108 7
108 10
108 13
108 16
108 17
108 23
108 27
108 28
108 29
108 33
108 37
108 47
108 52
108 57
108 60
108 62
108 69
108 72
108 74
108 78
108 79
108 89
108 93
108 98
108 102
108 106
108 109
108 110
108 116
108 128
108 138
108 147
108 258
109 223
109 230
109 231
109 237
109 244
109 247
109 248
109 253
109 287
109 288
109 292
109 294
109 2
109 5
109 11
109 12
109 16
109 22
109 23
109 26
109 29
109 31
109 35
109 38
109 39
109 40
109 41
109 42
109 45
109 47
109 61
109 63
109 64
109 66
109 71
109 74
109 77
109 82
109 84
109 87
109 89
109 90
109 94
109 103
109 108
109 110
109 117
109 121
109 125
109 128
109 130
109 132
109 134
109 140
109 147
109 149
109 259
110 163
110 164
110 175
110 181
110 213
110 219
110 231
110 233
110 269
110 279
110 0
110 3
110 4
110 7
110 8
110 19
110 26
110 30
110 36
110 37
110 48
110 51
110 55
110 58
110 59
110 62
110 63
110 66
110 70
110 73
110 74
110 76
110 83
110 91
110 92
110 94
110 97
110 98
110 100
110 103
110 108
110 109
110 111
110 116
110 122
110 123
110 129
110 132
110 133
110 142
110 146
110 260
111 174
111 189
111 205
111 209
111 222
111 228
111 229
111 245
111 260
111 271
111 277
111 278
111 279
111 292
111 5
111 16
111 17
111 26
111 33
111 34
111 42
111 46
111 52
111 53
111 56
111 61
111 62
111 66
111 67
111 72
111 77
111 78
111 80
111 81
111 82
111 85
111 87
111 88
111 92
111 94
111 95
111 96
111 97
111 99
111 101
111 103
111 107
111 110
111 112
111 113
111 115
111 116
111 118
111 123
111 124
111 125
111 134
111 136
111 142
111 146
111 147
111 148
111 149
111 261
112 151
112 159
112 177
112 183
112 188
112 190
112 194
112 197
112 213
112 231
112 240
112 242
112 1
112 4
112 11
112 12
112 13
112 22
112 25
112 31
112 38
112 40
112 43
112 47
112 60
112 72
112 73
112 75
112 77
112 82
112 83
112 84
112 86
112 87
112 88
112 89
112 90
112 91
112 93
112 95
112 99
112 104
112 106
112 111
112 116
112 117
112 120
112 121
112 122
112 124
112 125
112 129
112 130
112 135
112 139
112 143
112 144
112 145
112 149
112 262
113 156
113 158
113 159
113 168
113 172
113 176
113 208
113 212
113 228
113 238
113 250
113 265
113 274
113 276
113 1
113 2
113 8
113 14
113 26
113 33
113 34
113 36
113 38
113 39
113 41
113 45
113 47
113 48
113 52
113 53
113 54
113 61
113 69
113 71
113 75
113 82
113 84
113 89
113 91
113 95
113 97
113 103
113 104
113 105
113 111
113 116
113 117
113 118
113 119
113 123
113 129
113 130
113 132
113 134
113 136
113 137
113 139
113 143
113 144
113 148
113 263
114 200
114 202
114 218
114 231
114 236
114 256
114 274
114 294
114 298
114 0
114 2
114 3
114 7
114 9
114 10
114 15
114 16
114 23
114 28
114 29
114 31
114 32
114 37
114 39
114 40
114 46
114 47
114 57
114 61
114 63
114 65
114 68
114 69
114 70
114 73
114 74
114 79
114 83
114 84
114 87
114 98
114 99
114 104
114 105
114 107
114 118
114 119
114 120
114 122
114 123
114 127
114 133
114 136
114 139
114 140
114 141
114 148
114 149
114 264
115 150
115 171
115 179
115 190
115 207
115 223
115 242
115 243
115 244
115 246
115 283
115 297
115 0
115 1
115 3
115 6
115 12
115 16
115 18
115 20
115 21
115 22
115 23
115 26
115 27
115 31
115 32
115 36
115 40
115 46
115 47
115 52
115 54
115 56
115 57
115 61
115 67
115 71
115 73
115 75
115 80
115 87
115 92
115 106
115 111
115 116
115 121
115 128
115 129
115 130
115 132
115 133
115 138
115 139
115 148
115 265
116 198
116 230
116 239
116 253
116 257
116 267
116 269
116 3
116 4
116 5
116 7
116 8
116 11
116 12
116 16
116 17
116 19
116 25
116 26
116 30
116 38
116 39
116 40
116 41
116 42
116 44
116 47
116 49
116 50
116 57
116 58
116 59
116 62
116 65
116 67
116 69
116 71
116 73
116 77
116 90
116 92
116 100
116 104
116 105
116 106
116 108
116 110
116 111
116 112
116 113
116 115
116 117
116 119
116 127
116 128
116 132
116 136
116 139
116 140
116 147
116 266
117 155
117 160
117 194
117 207
117 223
117 252
117 256
117 274
117 290
117 3
117 5
117 7
117 10
117 11
117 12
117 13
117 14
117 18
117 26
117 33
117 37
117 38
117 42
117 43
117 48
117 50
117 52
117 54
117 66
117 72
117 75
117 77
117 79
117 81
117 83
117 95
117 100
117 101
117 102
117 104
117 109
117 112
117 113
117 116
117 118
117 122
117 125
117 132
117 136
117 139
117 144
117 147
117 267
118 173
118 185
118 193
118 218
118 220
118 225
118 234
118 239
118 258
118 267
118 269
118 270
118 286
118 1
118 4
118 6
118 8
118 12
118 15
118 21
118 29
118 31
118 37
118 39
118 40
118 41
118 43
118 44
118 52
118 53
118 54
118 56
118 63
118 65
118 66
118 67
118 69
118 71
118 75
118 77
118 80
118 82
118 83
118 87
118 97
118 100
118 111
118 113
118 114
118 117
118 119
118 120
118 121
118 123
118 125
118 132
118 136
118 137
118 138
118 140
118 141
118 144
118 146
118 147
118 268
119 168
119 179
119 221
119 223
119 255
119 261
119 262
119 264
119 271
119 272
119 276
119 278
119 287
119 0
119 2
119 3
119 4
119 15
119 17
119 19
119 21
119 22
119 24
119 26
119 28
119 35
119 37
119 43
119 49
119 51
119 52
119 75
119 76
119 77
119 78
119 80
119 84
119 85
119 88
119 89
119 100
119 103
119 104
119 107
119 113
119 114
119 116
119 118
119 120
119 121
119 127
119 131
119 137
119 145
119 269
120 165
120 166
120 167
120 168
120 169
120 193
120 209
120 214
120 242
120 264
120 269
120 274
120 277
120 1
120 5
120 7
120 20
120 21
120 22
120 24
120 26
120 28
120 30
120 32
120 35
120 36
120 37
120 42
120 45
120 46
120 47
120 48
120 50
120 51
120 53
120 56
120 64
120 68
120 73
120 74
120 78
120 83
120 84
120 85
120 86
120 90
120 92
120 93
120 94
120 98
120 100
120 102
120 104
120 105
120 106
120 112
120 114
120 118
120 119
120 125
120 128
120 136
120 141
120 142
120 147
120 148
120 270
121 169
121 171
121 192
121 203
121 209
121 226
121 260
121 268
121 281
121 2
121 14
121 15
121 17
121 29
121 33
121 36
121 40
121 42
121 45
121 53
121 55
121 56
121 67
121 76
121 78
121 81
121 82
121 83
121 87
121 104
121 105
121 106
121 107
121 109
121 112
121 115
121 118
121 119
121 128
121 130
121 132
121 135
121 142
121 146
121 149
121 271
122 150
122 168
122 192
122 196
122 205
122 210
122 211
122 219
122 220
122 223
122 228
122 232
122 235
122 247
122 252
122 265
122 266
122 268
122 275
122 1
122 3
122 5
122 7
122 8
122 12
122 17
122 22
122 24
122 27
122 29
122 32
122 33
122 34
122 38
122 41
122 43
122 44
122 46
122 52
122 54
122 55
122 63
122 64
122 67
122 68
122 71
122 73
122 75
122 76
122 80
122 81
122 83
122 89
122 90
122 101
122 103
122 107
122 110
122 112
122 114
122 117
122 124
122 125
122 126
122 127
122 128
122 129
122 133
122 139
122 141
122 142
122 146
122 147
122 148
122 272
123 150
123 160
123 168
123 196
123 199
123 205
123 248
123 249
123 256
123 266
123 274
123 0
123 2
123 5
123 10
123 15
123 18
123 19
123 22
123 23
123 29
123 34
123 35
123 40
123 45
123 46
123 47
123 49
123 52
123 53
123 56
123 59
123 63
123 71
123 81
123 82
123 86
123 88
123 93
123 96
123 100
123 105
123 106
123 107
123 110
123 111
123 113
123 114
123 118
123 124
123 125
123 126
123 131
123 135
123 138
123 141
123 142
123 143
123 273
124 163
124 172
124 174
124 182
124 197
124 226
124 227
124 262
124 267
124 270
124 278
124 286
124 293
124 298
124 4
124 5
124 9
124 16
124 17
124 18
124 21
124 25
124 31
124 32
124 33
124 34
124 35
124 39
124 43
124 46
124 52
124 54
124 56
124 61
124 67
124 72
124 73
124 77
124 84
124 90
124 93
124 95
124 96
124 100
124 111
124 112
124 122
124 123
124 129
124 133
124 137
124 139
124 143
124 144
124 274
125 151
125 161
125 172
125 178
125 191
125 211
125 218
125 229
125 245
125 246
125 249
125 254
125 256
125 258
125 279
125 284
125 286
125 287
125 289
125 292
125 0
125 1
125 3
125 4
125 6
125 12
125 19
125 23
125 28
125 29
125 32
125 35
125 38
125 39
125 44
125 50
125 54
125 58
125 63
125 65
125 72
125 73
125 75
125 76
125 77
125 78
125 81
125 87
125 90
125 94
125 98
125 102
125 105
125 106
125 109
125 111
125 112
125 117
125 118
125 120
125 122
125 123
125 127
125 129
125 133
125 140
125 142
125 146
125 275
126 164
126 165
126 167
126 174
126 190
126 193
126 207
126 224
126 226
126 236
126 237
126 243
126 250
126 252
126 255
126 256
126 0
126 13
126 14
126 19
126 20
126 23
126 25
126 30
126 33
126 38
126 39
126 41
126 43
126 45
126 50
126 51
126 52
126 53
126 55
126 56
126 57
126 58
126 60
126 61
126 65
126 71
126 78
126 81
126 86
126 89
126 90
126 94
126 98
126 99
126 103
126 106
126 107
126 122
126 123
126 127
126 128
126 130
126 132
126 134
126 137
126 138
126 140
126 143
126 147
126 149
126 276
127 156
127 178
127 226
127 241
127 246
127 256
127 257
127 258
127 260
127 271
127 293
127 298
127 4
127 5
127 10
127 13
127 14
127 16
127 19
127 23
127 24
127 25
127 26
127 29
127 30
127 32
127 33
127 35
127 39
127 40
127 45
127 46
127 47
127 53
127 55
127 57
127 58
127 70
127 72
127 73
127 76
127 79
127 85
127 86
127 106
127 107
127 114
127 116
127 119
127 122
127 125
127 126
127 129
127 138
127 139
127 141
127 144
127 147
127 149
127 277
128 178
128 185
128 186
128 187
128 196
128 208
128 209
128 230
128 235
128 250
128 252
128 263
128 268
128 284
128 1
128 2
128 4
128 9
128 19
128 22
128 27
128 31
128 34
128 35
128 37
128 38
128 47
128 50
128 51
128 54
128 62
128 63
128 67
128 86
128 88
128 90
128 93
128 95
128 105
128 108
128 109
128 115
128 116
128 120
128 121
128 122
128 126
128 129
128 137
128 143
128 144
128 146
128 278
129 184
129 200
129 215
129 227
129 233
129 264
129 273
129 275
129 278
129 293
129 4
129 9
129 10
129 11
129 14
129 15
129 17
129 19
129 22
129 29
129 34
129 39
129 40
129 41
129 43
129 47
129 48
129 50
129 57
129 59
129 65
129 68
129 69
129 70
129 78
129 80
129 87
129 89
129 95
129 98
129 99
129 100
129 101
129 110
129 112
129 113
129 115
129 122
129 124
129 125
129 127
129 128
129 130
129 131
129 135
129 136
129 138
129 143
129 149
129 279
130 170
130 178
130 191
130 192
130 195
130 200
130 215
130 216
130 222
130 223
130 225
130 237
130 260
130 261
130 266
130 284
130 0
130 4
130 5
130 8
130 12
130 15
130 17
130 42
130 44
130 45
130 52
130 60
130 61
130 62
130 65
130 66
130 70
130 75
130 81
130 88
130 90
130 94
130 95
130 98
130 104
130 106
130 109
130 112
130 113
130 115
130 121
130 126
130 129
130 131
130 132
130 134
130 139
130 144
130 280
131 153
131 193
131 205
131 220
131 228
131 253
131 261
131 262
131 270
131 271
131 299
131 3
131 10
131 12
131 27
131 28
131 32
131 37
131 39
131 50
131 59
131 60
131 62
131 64
131 66
131 68
131 69
131 70
131 71
131 72
131 74
131 84
131 86
131 90
131 91
131 99
131 100
131 102
131 119
131 123
131 129
131 130
131 132
131 135
131 136
131 140
131 141
131 142
131 147
131 281
132 150
132 151
132 153
132 163
132 168
132 174
132 176
132 179
132 187
132 202
132 204
132 205
132 206
132 212
132 220
132 227
132 244
132 248
132 265
132 270
132 286
132 288
132 294
132 298
132 1
132 6
132 11
132 15
132 16
132 18
132 27
132 29
132 34
132 36
132 41
132 46
132 47
132 48
132 53
132 54
132 56
132 58
132 61
132 62
132 66
132 72
132 74
132 94
132 98
132 107
132 109
132 110
132 113
132 115
132 116
132 117
132 118
132 121
132 126
132 130
132 131
132 135
132 145
132 148
132 282
133 155
133 163
133 177
133 180
133 186
133 197
133 206
133 213
133 239
133 243
133 253
133 278
133 288
133 0
133 2
133 3
133 6
133 7
133 15
133 18
133 19
133 24
133 27
133 31
133 32
133 40
133 42
133 43
133 48
133 51
133 58
133 60
133 66
133 73
133 74
133 79
133 85
133 91
133 93
133 95
133 96
133 98
133 100
133 101
133 102
133 103
133 106
133 110
133 114
133 115
133 122
133 124
133 125
133 137
133 140
133 145
133 146
133 283
134 150
134 153
134 165
134 178
134 215
134 223
134 226
134 235
134 263
134 266
134 284
134 287
134 0
134 5
134 6
134 7
134 14
134 19
134 20
134 25
134 26
134 27
134 32
134 41
134 44
134 49
134 50
134 54
134 55
134 61
134 62
134 63
134 66
134 69
134 74
134 76
134 77
134 89
134 91
134 92
134 96
134 98
134 100
134 102
134 106
134 109
134 111
134 113
134 126
134 130
134 140
134 145
134 148
135 168
135 178
135 185
135 190
135 244
135 259
135 282
135 0
135 1
135 7
135 8
135 17
135 20
135 25
135 27
135 28
135 29
135 34
135 38
135 42
135 44
135 47
135 59
135 61
135 71
135 74
135 76
135 81
135 87
135 97
135 99
135 102
135 103
135 107
135 112
135 121
135 123
135 129
135 131
135 132
135 138
135 285
136 171
136 186
136 188
136 195
136 198
136 227
136 231
136 235
136 236
136 242
136 250
136 257
136 260
136 273
136 275
136 289
136 1
136 2
136 3
136 17
136 18
136 20
136 21
136 26
136 29
136 33
136 36
136 37
136 38
136 39
136 40
136 41
136 44
136 47
136 49
136 50
136 51
136 53
136 55
136 57
136 60
136 64
136 65
136 66
136 69
136 70
136 73
136 74
136 75
136 77
136 83
136 84
136 85
136 90
136 91
136 94
136 97
136 99
136 102
136 103
136 111
136 113
136 114
136 116
136 117
136 118
136 120
136 129
136 131
136 138
136 140
136 142
136 147
136 149
136 286
137 153
137 156
137 160
137 179
137 193
137 200
137 217
137 218
137 223
137 229
137 240
137 246
137 263
137 276
137 289
137 2
137 12
137 13
137 14
137 15
137 16
137 17
137 27
137 29
137 33
137 35
137 42
137 53
137 63
137 65
137 67
137 69
137 75
137 77
137 79
137 88
137 90
137 91
137 96
137 113
137 118
137 119
137 124
137 126
137 128
137 133
137 141
137 143
137 144
137 146
137 149
137 287
138 150
138 164
138 166
138 178
138 182
138 191
138 196
138 211
138 263
138 264
138 267
138 8
138 9
138 11
138 13
138 14
138 17
138 22
138 27
138 28
138 32
138 34
138 37
138 38
138 41
138 44
138 50
138 54
138 57
138 61
138 62
138 66
138 69
138 70
138 71
138 73
138 77
138 82
138 83
138 84
138 87
138 89
138 95
138 97
138 102
138 105
138 108
138 115
138 118
138 123
138 126
138 127
138 129
138 135
138 136
138 139
138 142
138 146
138 288
139 155
139 162
139 184
139 189
139 222
139 233
139 241
139 243
139 256
139 266
139 277
139 284
139 294
139 296
139 9
139 10
139 12
139 13
139 14
139 20
139 22
139 34
139 38
139 43
139 44
139 50
139 53
139 55
139 56
139 58
139 64
139 66
139 69
139 70
139 76
139 79
139 80
139 88
139 92
139 105
139 112
139 113
139 114
139 115
139 116
139 117
139 122
139 124
139 127
139 130
139 138
139 140
139 143
139 146
139 289
140 169
140 185
140 188
140 201
140 213
140 216
140 220
140 235
140 243
140 255
140 265
140 297
140 2
140 3
140 5
140 6
140 13
140 15
140 17
140 23
140 25
140 32
140 35
140 38
140 43
140 49
140 55
140 56
140 60
140 65
140 68
140 70
140 71
140 76
140 79
140 87
140 95
140 96
140 100
140 109
140 114
140 116
140 118
140 125
140 126
140 131
140 133
140 134
140 136
140 139
140 147
140 148
140 149
140 290
141 165
141 182
141 184
141 188
141 196
141 228
141 242
141 250
141 260
141 0
141 1
141 19
141 20
141 22
141 24
141 25
141 26
141 32
141 33
141 35
141 36
141 47
141 54
141 58
141 65
141 69
141 71
141 72
141 74
141 77
141 78
141 79
141 83
141 85
141 90
141 95
141 96
141 97
141 99
141 100
141 101
141 104
141 106
141 107
141 114
141 118
141 120
141 122
141 123
141 127
141 131
141 137
141 142
141 144
141 146
141 147
141 291
142 155
142 157
142 162
142 163
142 174
142 180
142 209
142 214
142 259
142 268
142 273
142 279
142 285
142 292
142 3
142 5
142 7
142 14
142 15
142 17
142 19
142 21
142 22
142 31
142 37
142 38
142 40
142 41
142 42
142 53
142 58
142 61
142 62
142 65
142 66
142 70
142 73
142 74
142 76
142 77
142 82
142 84
142 89
142 92
142 93
142 101
142 103
142 110
142 111
142 120
142 121
142 122
142 123
142 125
142 131
142 136
142 138
142 141
142 143
142 144
142 148
143 163
143 178
143 190
143 212
143 234
143 242
143 251
143 266
143 284
143 288
143 2
143 5
143 9
143 10
143 12
143 19
143 39
143 44
143 49
143 50
143 55
143 56
143 58
143 62
143 63
143 64
143 66
143 67
143 68
143 74
143 81
143 90
143 93
143 94
143 98
143 99
143 100
143 102
143 107
143 112
143 113
143 123
143 124
143 126
143 128
143 129
143 137
143 139
143 142
143 144
143 145
143 293
144 160
144 161
144 164
144 170
144 177
144 200
144 202
144 204
144 221
144 224
144 274
144 2
144 4
144 8
144 11
144 13
144 18
144 25
144 26
144 27
144 28
144 32
144 35
144 39
144 40
144 45
144 48
144 49
144 53
144 54
144 59
144 60
144 61
144 62
144 63
144 66
144 71
144 74
144 77
144 80
144 86
144 89
144 95
144 96
144 99
144 105
144 106
144 112
144 113
144 117
144 118
144 124
144 127
144 128
144 130
144 137
144 141
144 142
144 143
144 149
144 294
145 160
145 161
145 175
145 194
145 216
145 222
145 223
145 225
145 232
145 248
145 262
145 269
145 275
145 293
145 294
145 1
145 8
145 14
145 20
145 23
145 25
145 26
145 30
145 31
145 34
145 36
145 44
145 52
145 56
145 64
145 66
145 67
145 70
145 73
145 74
145 75
145 77
145 82
145 85
145 86
145 87
145 88
145 89
145 94
145 96
145 101
145 106
145 107
145 112
145 119
145 132
145 133
145 134
145 143
145 147
145 148
145 295
146 163
146 179
146 186
146 238
146 265
146 278
146 1
146 2
146 4
146 5
146 9
146 14
146 16
146 20
146 22
146 24
146 34
146 40
146 42
146 44
146 45
146 52
146 54
146 55
146 58
146 60
146 63
146 64
146 65
146 70
146 72
146 74
146 80
146 81
146 82
146 84
146 87
146 92
146 97
146 98
146 99
146 100
146 105
146 106
146 110
146 111
146 118
146 121
146 122
146 125
146 128
146 133
146 137
146 138
146 139
146 141
146 296
147 164
147 179
147 194
147 206
147 209
147 212
147 214
147 224
147 227
147 231
147 244
147 271
147 279
147 1
147 6
147 8
147 9
147 11
147 12
147 15
147 17
147 18
147 19
147 23
147 29
147 32
147 34
147 38
147 40
147 41
147 50
147 52
147 66
147 69
147 78
147 79
147 83
147 86
147 89
147 95
147 96
147 100
147 101
147 103
147 108
147 109
147 111
147 116
147 117
147 118
147 120
147 122
147 126
147 127
147 131
147 136
147 140
147 141
147 145
147 148
147 297
148 150
148 163
148 165
148 167
148 177
148 205
148 211
148 213
148 259
148 271
148 274
148 4
148 8
148 10
148 11
148 19
148 22
148 24
148 28
148 29
148 30
148 31
148 43
148 46
148 49
148 50
148 57
148 59
148 60
148 62
148 69
148 80
148 81
148 83
148 84
148 86
148 87
148 88
148 96
148 97
148 102
148 103
148 111
148 113
148 114
148 115
148 120
148 122
148 132
148 134
148 140
148 142
148 145
148 147
148 298
149 150
149 165
149 169
149 187
149 196
149 197
149 208
149 217
149 222
149 223
149 236
149 239
149 240
149 245
149 259
149 265
149 266
149 272
149 280
149 287
149 290
149 292
149 297
149 0
149 1
149 5
149 8
149 9
149 10
149 11
149 18
149 23
149 24
149 28
149 32
149 33
149 46
149 47
149 50
149 51
149 56
149 57
149 60
149 61
149 68
149 73
149 74
149 80
149 83
149 87
149 88
149 91
149 94
149 102
149 103
149 107
149 109
149 111
149 112
149 114
149 121
149 126
149 127
149 129
149 136
149 137
149 140
149 144
149 299
150 5
150 11
150 14
150 19
150 23
150 31
150 43
150 47
150 58
150 74
150 78
150 89
150 115
150 122
150 123
150 132
150 134
150 138
150 148
150 149
150 0
151 4
151 6
151 31
151 36
151 43
151 48
151 49
151 66
151 87
151 103
151 112
151 125
151 132
151 1
152 15
152 46
152 48
152 53
152 59
152 68
152 82
152 2
153 9
153 16
153 27
153 36
153 38
153 48
153 49
153 65
153 67
153 74
153 79
153 82
153 88
153 93
153 101
153 131
153 132
153 134
153 137
153 3
154 3
154 10
154 37
154 54
154 87
154 98
154 4
155 13
155 16
155 18
155 20
155 26
155 28
155 36
155 38
155 74
155 117
155 133
155 139
155 142
155 5
156 2
156 12
156 27
156 28
156 37
156 56
156 62
156 65
156 86
156 96
156 113
156 127
156 137
156 6
157 3
157 19
157 23
157 27
157 30
157 35
157 62
157 63
157 71
157 79
157 97
157 142
157 7
158 11
158 22
158 51
158 55
158 65
158 68
158 80
158 98
158 99
158 113
158 8
159 13
159 16
159 22
159 32
159 44
159 90
159 105
159 112
159 113
159 9
160 4
160 20
160 22
160 26
160 29
160 45
160 46
160 53
160 58
160 73
160 75
160 81
160 92
160 102
160 117
160 123
160 137
160 144
160 145
160 10
161 48
161 63
161 66
161 68
161 82
161 93
161 95
161 99
161 107
161 125
161 144
161 145
161 11
162 9
162 30
162 45
162 60
162 62
162 65
162 74
162 99
162 103
162 106
162 107
162 108
162 139
162 142
162 12
163 1
163 6
163 13
163 14
163 32
163 36
163 70
163 72
163 75
163 77
163 83
163 90
163 95
163 99
163 107
163 110
163 124
163 132
163 133
163 142
163 143
163 146
163 148
164 21
164 23
164 34
164 72
164 76
164 95
164 103
164 110
164 126
164 138
164 144
164 147
164 14
165 18
165 22
165 43
165 57
165 67
165 87
165 92
165 120
165 126
165 134
165 141
165 148
165 149
165 15
166 11
166 12
166 15
166 26
166 43
166 53
166 59
166 79
166 81
166 82
166 120
166 138
166 16
167 0
167 43
167 50
167 54
167 60
167 69
167 105
167 120
167 126
167 148
167 17
168 7
168 14
168 18
168 19
168 29
168 51
168 62
168 68
168 71
168 76
168 80
168 91
168 98
168 113
168 119
168 120
168 122
168 123
168 132
168 135
169 12
169 14
169 32
169 58
169 70
169 81
169 106
169 120
169 121
169 140
169 149
169 19
170 3
170 5
170 27
170 45
170 65
170 83
170 86
170 103
170 130
170 144
170 20
171 8
171 22
171 24
171 25
171 41
171 42
171 64
171 74
171 100
171 115
171 121
171 136
171 21
172 1
172 17
172 40
172 41
172 113
172 124
172 125
172 22
173 6
173 10
173 11
173 24
173 26
173 33
173 47
173 52
173 61
173 63
173 65
173 70
173 74
173 84
173 103
173 118
173 23
174 19
174 25
174 26
174 45
174 46
174 84
174 93
174 111
174 124
174 126
174 132
174 142
174 24
175 5
175 23
175 27
175 30
175 40
175 46
175 48
175 57
175 64
175 68
175 78
175 88
175 110
175 145
175 25
176 4
176 5
176 16
176 35
176 46
176 57
176 61
176 66
176 74
176 87
176 99
176 107
176 113
176 132
176 26
177 2
177 12
177 30
177 39
177 48
177 56
177 63
177 86
177 98
177 108
177 112
177 133
177 144
177 148
177 27
178 6
178 14
178 23
178 34
178 41
178 57
178 60
178 65
178 77
178 94
178 97
178 102
178 125
178 127
178 128
178 130
178 134
178 135
178 138
178 143
178 28
179 34
179 44
179 46
179 51
179 52
179 55
179 73
179 87
179 100
179 106
179 115
179 119
179 132
179 137
179 146
179 147
179 29
180 3
180 10
180 26
180 33
180 36
180 42
180 59
180 76
180 79
180 85
180 101
180 133
180 142
180 30
181 4
181 7
181 14
181 23
181 25
181 26
181 27
181 54
181 67
181 82
181 96
181 110
181 31
182 45
182 67
182 68
182 71
182 73
182 82
182 124
182 138
182 141
182 32
183 4
183 46
183 50
183 73
183 105
183 112
183 33
184 9
184 30
184 43
184 53
184 62
184 83
184 129
184 139
184 141
184 34
185 14
185 15
185 30
185 35
185 43
185 50
185 70
185 86
185 101
185 103
185 104
185 118
185 128
185 135
185 140
186 16
186 18
186 21
186 24
186 29
186 36
186 78
186 85
186 128
186 133
186 136
186 146
187 13
187 18
187 29
187 31
187 35
187 37
187 53
187 63
187 64
187 72
187 75
187 80
187 100
187 107
187 128
187 132
187 149
188 2
188 15
188 18
188 25
188 30
188 39
188 52
188 79
188 86
188 92
188 112
188 136
188 140
188 141
188 38
189 5
189 7
189 22
189 43
189 56
189 64
189 79
189 85
189 88
189 93
189 94
189 97
189 111
189 139
189 39
190 19
190 46
190 49
190 52
190 60
190 71
190 73
190 83
190 97
190 98
190 104
190 105
190 112
190 115
190 126
190 135
190 143
190 40
191 2
191 6
191 46
191 47
191 51
191 68
191 70
191 76
191 105
191 125
191 130
191 138
191 41
192 13
192 24
192 29
192 34
192 35
192 50
192 59
192 78
192 88
192 102
192 121
192 122
192 130
192 42
193 4
193 5
193 23
193 27
193 29
193 30
193 31
193 51
193 55
193 58
193 66
193 68
193 80
193 94
193 98
193 104
193 118
193 120
193 126
193 131
193 137
193 43
194 9
194 29
194 37
194 48
194 55
194 92
194 95
194 103
194 105
194 112
194 117
194 145
194 147
194 44
195 0
195 1
195 9
195 28
195 63
195 100
195 130
195 136
195 45
196 0
196 20
196 29
196 32
196 44
196 45
196 51
196 61
196 63
196 69
196 75
196 77
196 86
196 103
196 122
196 123
196 128
196 138
196 141
196 149
196 46
197 5
197 41
197 50
197 64
197 84
197 108
197 112
197 124
197 133
197 149
197 47
198 2
198 17
198 18
198 26
198 41
198 45
198 71
198 76
198 83
198 84
198 92
198 94
198 116
198 136
198 48
199 8
199 29
199 60
199 72
199 81
199 87
199 96
199 98
199 106
199 123
199 49
200 1
200 7
200 8
200 22
200 26
200 41
200 55
200 56
200 63
200 80
200 81
200 102
200 108
200 114
200 129
200 130
200 137
200 144
200 50
201 15
201 17
201 22
201 27
201 28
201 32
201 45
201 46
201 70
201 72
201 76
201 81
201 85
201 87
201 96
201 102
201 140
201 51
202 3
202 36
202 41
202 44
202 54
202 55
202 63
202 102
202 114
202 132
202 144
202 52
203 43
203 68
203 78
203 79
203 82
203 85
203 91
203 93
203 100
203 121
203 53
204 13
204 14
204 21
204 26
204 36
204 38
204 64
204 70
204 88
204 92
204 93
204 132
204 144
204 54
205 55
205 56
205 58
205 94
205 111
205 122
205 123
205 131
205 132
205 148
206 14
206 25
206 46
206 63
206 64
206 68
206 73
206 78
206 84
206 94
206 106
206 132
206 133
206 147
206 56
207 19
207 23
207 31
207 40
207 54
207 71
207 115
207 117
207 126
207 57
208 7
208 8
208 13
208 28
208 56
208 113
208 128
208 149
208 58
209 18
209 19
209 40
209 51
209 56
209 71
209 80
209 89
209 98
209 99
209 111
209 120
209 121
209 128
209 142
209 147
209 59
210 2
210 10
210 11
210 15
210 17
210 18
210 35
210 47
210 53
210 66
210 81
210 82
210 84
210 86
210 87
210 93
210 105
210 122
210 60
211 14
211 32
211 34
211 37
211 38
211 45
211 49
211 53
211 54
211 61
211 62
211 69
211 73
211 77
211 78
211 83
211 91
211 94
211 122
211 125
211 138
211 148
212 21
212 34
212 45
212 82
212 85
212 94
212 98
212 113
212 132
212 143
212 147
212 62
213 17
213 25
213 27
213 34
213 39
213 42
213 45
213 46
213 47
213 57
213 64
213 75
213 77
213 82
213 84
213 95
213 96
213 98
213 99
213 110
213 112
213 133
213 140
213 148
213 63
214 1
214 22
214 25
214 26
214 52
214 67
214 83
214 96
214 99
214 120
214 142
214 147
214 64
215 3
215 26
215 33
215 54
215 65
215 71
215 84
215 106
215 129
215 130
215 134
216 11
216 18
216 22
216 41
216 44
216 56
216 64
216 130
216 140
216 145
216 66
217 8
217 11
217 31
217 39
217 65
217 67
217 74
217 90
217 95
217 104
217 137
217 149
218 10
218 11
218 13
218 45
218 48
218 53
218 55
218 96
218 98
218 100
218 114
218 118
218 125
218 137
218 68
219 18
219 23
219 24
219 28
219 30
219 54
219 55
219 57
219 61
219 71
219 92
219 100
219 110
219 122
219 69
220 20
220 23
220 26
220 64
220 94
220 107
220 118
220 122
220 131
220 132
220 140
220 70
221 15
221 28
221 71
221 85
221 98
221 119
221 144
222 16
222 48
222 72
222 79
222 95
222 111
222 130
222 139
222 145
222 149
223 13
223 31
223 32
223 53
223 57
223 109
223 115
223 117
223 119
223 122
223 130
223 134
223 137
223 145
223 149
223 73
224 2
224 3
224 8
224 16
224 25
224 28
224 36
224 46
224 71
224 90
224 95
224 98
224 99
224 126
224 144
224 147
224 74
225 2
225 8
225 10
225 11
225 15
225 26
225 37
225 44
225 52
225 57
225 62
225 73
225 82
225 94
225 107
225 118
225 130
225 145
225 75
226 32
226 43
226 46
226 59
226 62
226 90
226 93
226 121
226 124
226 126
226 127
226 134
226 76
227 5
227 7
227 11
227 20
227 24
227 26
227 43
227 46
227 51
227 65
227 76
227 78
227 79
227 81
227 97
227 98
227 105
227 124
227 129
227 132
227 136
227 147
227 77
228 18
228 42
228 52
228 53
228 88
228 91
228 92
228 94
228 98
228 111
228 113
228 122
228 131
228 141
228 78
229 5
229 54
229 59
229 66
229 69
229 93
229 94
229 95
229 104
229 106
229 111
229 125
229 137
229 79
230 12
230 50
230 56
230 75
230 87
230 89
230 98
230 102
230 109
230 116
230 128
230 80
231 12
231 17
231 24
231 25
231 29
231 77
231 92
231 107
231 109
231 110
231 112
231 114
231 136
231 147
231 81
232 15
232 24
232 36
232 55
232 62
232 76
232 77
232 83
232 101
232 122
232 145
232 82
233 9
233 10
233 11
233 29
233 39
233 46
233 57
233 74
233 78
233 81
233 94
233 97
233 107
233 110
233 129
233 139
233 83
234 0
234 3
234 35
234 36
234 49
234 67
234 75
234 84
234 94
234 101
234 118
234 143
235 0
235 19
235 28
235 34
235 36
235 41
235 44
235 49
235 50
235 51
235 94
235 95
235 100
235 101
235 122
235 128
235 134
235 136
235 140
235 85
236 19
236 20
236 25
236 28
236 46
236 66
236 87
236 92
236 93
236 97
236 102
236 103
236 114
236 126
236 136
236 149
236 86
237 46
237 49
237 54
237 74
237 84
237 102
237 109
237 126
237 130
237 87
238 5
238 19
238 21
238 49
238 68
238 69
238 78
238 79
238 113
238 146
238 88
239 2
239 16
239 51
239 63
239 64
239 69
239 82
239 108
239 116
239 118
239 133
239 149
239 89
240 3
240 26
240 31
240 57
240 65
240 112
240 137
240 149
240 90
241 12
241 91
241 95
241 127
241 139
242 27
242 44
242 50
242 69
242 70
242 72
242 91
242 103
242 112
242 115
242 120
242 136
242 141
242 143
242 92
243 2
243 21
243 23
243 25
243 30
243 37
243 66
243 69
243 115
243 126
243 133
243 139
243 140
243 93
244 9
244 35
244 67
244 77
244 93
244 94
244 109
244 115
244 132
244 135
244 147
245 9
245 12
245 27
245 39
245 58
245 62
245 68
245 102
245 106
245 111
245 125
245 149
245 95
246 5
246 11
246 25
246 29
246 33
246 40
246 45
246 48
246 66
246 68
246 83
246 84
246 94
246 105
246 115
246 125
246 127
246 137
246 96
247 0
247 4
247 6
247 8
247 18
247 31
247 42
247 45
247 68
247 80
247 90
247 102
247 106
247 109
247 122
247 97
248 0
248 34
248 52
248 61
248 67
248 76
248 102
248 103
248 105
248 106
248 109
248 123
248 132
248 145
248 98
249 4
249 22
249 53
249 60
249 67
249 77
249 93
249 103
249 105
249 106
249 123
249 125
249 99
250 7
250 18
250 46
250 47
250 50
250 70
250 86
250 100
250 101
250 104
250 113
250 126
250 128
250 136
250 141
251 24
251 31
251 57
251 59
251 60
251 65
251 90
251 102
251 143
251 101
252 36
252 99
252 117
252 122
252 126
252 128
252 102
253 7
253 10
253 13
253 14
253 25
253 27
253 35
253 55
253 58
253 63
253 70
253 72
253 81
253 83
253 102
253 108
253 109
253 116
253 131
253 133
253 103
254 1
254 13
254 20
254 24
254 31
254 49
254 56
254 57
254 60
254 63
254 92
254 93
254 96
254 97
254 100
254 125
254 104
255 3
255 6
255 10
255 39
255 52
255 54
255 60
255 119
255 126
255 140
255 105
256 2
256 9
256 10
256 49
256 51
256 69
256 85
256 93
256 103
256 114
256 117
256 123
256 125
256 126
256 127
256 139
256 106
257 0
257 8
257 10
257 16
257 20
257 30
257 47
257 57
257 67
257 77
257 79
257 99
257 116
257 127
257 136
257 107
258 9
258 15
258 30
258 50
258 67
258 70
258 75
258 85
258 90
258 99
258 107
258 118
258 125
258 127
258 108
259 4
259 13
259 28
259 34
259 66
259 68
259 76
259 80
259 135
259 142
259 148
259 149
259 109
260 12
260 25
260 34
260 38
260 39
260 41
260 58
260 64
260 74
260 79
260 106
260 111
260 121
260 127
260 130
260 136
260 141
260 110
261 25
261 46
261 51
261 75
261 85
261 87
261 108
261 119
261 130
261 131
261 111
262 15
262 21
262 22
262 27
262 37
262 45
262 48
262 64
262 82
262 96
262 119
262 124
262 131
262 145
262 112
263 9
263 26
263 42
263 45
263 65
263 66
263 70
263 103
263 128
263 134
263 137
263 138
263 113
264 47
264 60
264 81
264 96
264 99
264 106
264 119
264 120
264 129
264 138
264 114
265 5
265 55
265 63
265 66
265 74
265 85
265 90
265 102
265 113
265 122
265 132
265 140
265 146
265 149
265 115
266 8
266 32
266 35
266 61
266 65
266 77
266 78
266 80
266 96
266 99
266 102
266 103
266 122
266 123
266 130
266 134
266 139
266 143
266 149
266 116
267 1
267 18
267 42
267 104
267 107
267 108
267 116
267 118
267 124
267 138
267 117
268 13
268 15
268 91
268 121
268 122
268 128
268 142
268 118
269 18
269 21
269 48
269 54
269 64
269 110
269 116
269 118
269 120
269 145
269 119
270 16
270 26
270 31
270 70
270 72
270 81
270 118
270 124
270 131
270 132
270 120
271 12
271 22
271 26
271 41
271 42
271 44
271 52
271 66
271 69
271 90
271 94
271 108
271 111
271 119
271 127
271 131
271 147
271 148
271 121
272 10
272 15
272 29
272 45
272 49
272 77
272 83
272 98
272 106
272 119
272 149
272 122
273 13
273 18
273 24
273 27
273 41
273 56
273 57
273 64
273 77
273 84
273 97
273 103
273 107
273 129
273 136
273 142
273 123
274 18
274 48
274 59
274 65
274 74
274 79
274 81
274 83
274 97
274 99
274 104
274 113
274 114
274 117
274 120
274 123
274 144
274 148
274 124
275 13
275 15
275 25
275 29
275 48
275 56
275 64
275 77
275 91
275 95
275 99
275 122
275 129
275 136
275 145
275 125
276 24
276 27
276 43
276 60
276 72
276 76
276 87
276 99
276 106
276 113
276 119
276 137
276 126
277 2
277 9
277 27
277 41
277 55
277 65
277 70
277 79
277 102
277 111
277 120
277 139
277 127
278 6
278 11
278 23
278 29
278 30
278 52
278 80
278 94
278 95
278 111
278 119
278 124
278 129
278 133
278 146
278 128
279 0
279 1
279 7
279 54
279 55
279 59
279 64
279 65
279 76
279 78
279 79
279 98
279 110
279 111
279 125
279 142
279 147
279 129
280 9
280 12
280 14
280 23
280 30
280 43
280 89
280 99
280 149
280 130
281 5
281 26
281 27
281 37
281 39
281 46
281 48
281 50
281 57
281 60
281 68
281 74
281 76
281 85
281 90
281 103
281 107
281 121
281 131
282 38
282 39
282 46
282 47
282 58
282 65
282 66
282 82
282 96
282 135
282 132
283 0
283 2
283 15
283 20
283 25
283 71
283 100
283 103
283 108
283 115
283 133
284 20
284 23
284 24
284 28
284 34
284 46
284 59
284 65
284 66
284 76
284 79
284 81
284 89
284 125
284 128
284 130
284 134
284 139
284 143
285 8
285 23
285 31
285 54
285 59
285 67
285 69
285 84
285 96
285 101
285 142
285 135
286 4
286 7
286 13
286 26
286 36
286 45
286 50
286 51
286 79
286 84
286 99
286 105
286 108
286 118
286 124
286 125
286 132
286 136
287 1
287 5
287 12
287 17
287 28
287 44
287 97
287 99
287 100
287 104
287 109
287 119
287 125
287 134
287 149
287 137
288 5
288 7
288 17
288 51
288 62
288 108
288 109
288 132
288 133
288 143
288 138
289 8
289 9
289 11
289 16
289 17
289 23
289 25
289 26
289 28
289 33
289 38
289 84
289 107
289 125
289 136
289 137
289 139
290 3
290 4
290 29
290 64
290 88
290 117
290 149
290 140
291 8
291 17
291 31
291 48
291 54
291 65
291 75
291 103
291 107
291 108
291 141
292 5
292 13
292 26
292 45
292 52
292 66
292 100
292 102
292 109
292 111
292 125
292 142
292 149
293 0
293 13
293 25
293 36
293 56
293 64
293 66
293 67
293 82
293 84
293 85
293 94
293 124
293 127
293 129
293 145
293 143
294 6
294 7
294 14
294 17
294 22
294 36
294 44
294 56
294 65
294 68
294 81
294 97
294 105
294 109
294 114
294 132
294 139
294 145
294 144
295 27
295 29
295 46
295 67
295 98
295 104
295 107
295 145
296 37
296 40
296 48
296 53
296 59
296 63
296 72
296 82
296 98
296 102
296 139
296 146
297 2
297 8
297 18
297 25
297 35
297 44
297 56
297 59
297 77
297 86
297 115
297 140
297 149
297 147
298 0
298 1
298 5
298 29
298 30
298 35
298 37
298 51
298 74
298 85
298 87
298 114
298 124
298 127
298 132
298 148
299 6
299 19
299 22
299 36
299 44
299 45
299 61
299 66
299 80
299 88
299 103
299 131
299 149
