  200   5935
0 102
0 104
0 107
0 109
0 111
0 112
0 117
0 119
0 121
0 123
0 124
0 134
0 136
0 137
0 140
0 142
0 144
0 145
0 146
0 148
0 158
0 160
0 162
0 166
0 167
0 169
0 172
0 174
0 177
0 179
0 181
0 188
0 193
0 195
0 198
0 7
0 8
0 9
0 12
0 13
0 14
0 17
0 18
0 21
0 22
0 30
0 32
0 33
0 34
0 39
0 44
0 46
0 51
0 52
0 53
0 54
0 56
0 57
0 60
0 67
0 69
0 70
0 71
0 72
0 75
0 76
0 80
0 83
0 88
0 90
0 92
0 93
0 96
0 97
0 98
0 99
0 100
1 101
1 102
1 104
1 106
1 108
1 109
1 110
1 111
1 112
1 113
1 127
1 129
1 130
1 131
1 134
1 137
1 139
1 141
1 144
1 145
1 148
1 150
1 154
1 155
1 158
1 160
1 162
1 164
1 165
1 167
1 171
1 180
1 181
1 182
1 185
1 186
1 187
1 190
1 191
1 192
1 195
1 2
1 4
1 5
1 10
1 11
1 15
1 16
1 17
1 19
1 22
1 25
1 29
1 30
1 31
1 32
1 33
1 34
1 36
1 39
1 48
1 49
1 59
1 60
1 65
1 69
1 70
1 71
1 72
1 76
1 77
1 78
1 80
1 81
1 82
1 86
1 90
1 94
2 103
2 104
2 105
2 108
2 111
2 113
2 114
2 115
2 116
2 123
2 124
2 137
2 139
2 144
2 145
2 148
2 152
2 161
2 163
2 164
2 169
2 172
2 173
2 174
2 175
2 176
2 178
2 179
2 186
2 188
2 189
2 190
2 197
2 1
2 4
2 8
2 9
2 10
2 11
2 15
2 16
2 17
2 20
2 23
2 25
2 26
2 27
2 28
2 30
2 31
2 33
2 34
2 40
2 42
2 43
2 44
2 47
2 50
2 53
2 55
2 56
2 58
2 59
2 60
2 62
2 64
2 69
2 76
2 80
2 81
2 82
2 88
2 90
2 92
2 96
2 98
2 102
3 100
3 101
3 105
3 108
3 110
3 114
3 116
3 117
3 119
3 124
3 125
3 128
3 131
3 132
3 135
3 137
3 140
3 142
3 147
3 149
3 155
3 156
3 161
3 165
3 167
3 169
3 171
3 176
3 177
3 178
3 180
3 184
3 185
3 186
3 187
3 189
3 190
3 193
3 196
3 199
3 6
3 8
3 12
3 14
3 15
3 17
3 21
3 23
3 25
3 26
3 27
3 28
3 29
3 37
3 40
3 41
3 47
3 48
3 49
3 50
3 51
3 53
3 54
3 57
3 60
3 62
3 63
3 64
3 66
3 67
3 70
3 72
3 76
3 81
3 82
3 84
3 86
3 92
3 94
3 97
3 98
3 103
4 101
4 103
4 106
4 108
4 109
4 110
4 112
4 114
4 115
4 118
4 125
4 126
4 128
4 131
4 135
4 137
4 140
4 142
4 143
4 146
4 148
4 149
4 151
4 153
4 157
4 159
4 160
4 161
4 163
4 164
4 166
4 167
4 169
4 171
4 184
4 186
4 187
4 189
4 192
4 194
4 195
4 196
4 199
4 1
4 2
4 5
4 7
4 10
4 12
4 13
4 14
4 17
4 18
4 20
4 24
4 27
4 29
4 30
4 31
4 32
4 33
4 37
4 39
4 40
4 41
4 42
4 49
4 50
4 52
4 60
4 66
4 69
4 71
4 73
4 76
4 81
4 82
4 84
4 85
4 87
4 88
4 93
4 98
4 99
4 104
5 101
5 103
5 104
5 106
5 107
5 109
5 110
5 118
5 121
5 125
5 127
5 128
5 129
5 132
5 133
5 135
5 137
5 139
5 141
5 142
5 147
5 148
5 149
5 152
5 154
5 156
5 157
5 159
5 160
5 163
5 165
5 167
5 170
5 173
5 178
5 179
5 180
5 181
5 183
5 184
5 193
5 194
5 195
5 196
5 197
5 198
5 199
5 1
5 4
5 6
5 7
5 9
5 10
5 12
5 14
5 16
5 18
5 20
5 26
5 27
5 30
5 32
5 39
5 40
5 42
5 46
5 47
5 49
5 50
5 51
5 52
5 58
5 60
5 63
5 67
5 68
5 69
5 70
5 71
5 72
5 73
5 75
5 76
5 79
5 80
5 82
5 88
5 93
5 97
5 98
5 105
6 100
6 104
6 106
6 107
6 109
6 112
6 115
6 117
6 118
6 119
6 121
6 122
6 123
6 124
6 127
6 128
6 135
6 139
6 149
6 153
6 155
6 156
6 157
6 158
6 163
6 166
6 176
6 178
6 179
6 183
6 184
6 185
6 187
6 189
6 193
6 194
6 197
6 3
6 5
6 7
6 9
6 13
6 17
6 21
6 22
6 23
6 26
6 27
6 30
6 31
6 35
6 36
6 39
6 40
6 41
6 42
6 43
6 44
6 45
6 46
6 47
6 49
6 51
6 52
6 53
6 63
6 64
6 65
6 66
6 70
6 71
6 72
6 74
6 75
6 76
6 78
6 80
6 81
6 85
6 95
6 96
7 100
7 103
7 104
7 110
7 112
7 120
7 121
7 125
7 129
7 131
7 132
7 140
7 141
7 146
7 147
7 149
7 150
7 151
7 153
7 160
7 164
7 165
7 170
7 172
7 174
7 175
7 181
7 182
7 183
7 189
7 190
7 194
7 195
7 196
7 197
7 0
7 4
7 5
7 6
7 9
7 19
7 22
7 24
7 25
7 27
7 28
7 30
7 32
7 33
7 41
7 43
7 44
7 45
7 52
7 53
7 59
7 63
7 65
7 66
7 68
7 73
7 74
7 75
7 78
7 79
7 80
7 85
7 86
7 94
7 96
7 97
7 99
7 107
8 100
8 101
8 104
8 108
8 111
8 113
8 114
8 116
8 118
8 119
8 120
8 121
8 123
8 128
8 131
8 138
8 139
8 141
8 145
8 147
8 152
8 160
8 162
8 164
8 167
8 171
8 172
8 174
8 175
8 177
8 180
8 181
8 182
8 186
8 187
8 188
8 192
8 194
8 195
8 196
8 198
8 0
8 2
8 3
8 9
8 10
8 11
8 14
8 21
8 27
8 29
8 30
8 32
8 33
8 34
8 38
8 39
8 40
8 41
8 42
8 45
8 47
8 52
8 54
8 56
8 59
8 60
8 61
8 62
8 67
8 69
8 70
8 76
8 81
8 82
8 83
8 86
8 89
8 90
8 91
8 94
8 95
8 96
9 102
9 104
9 105
9 107
9 109
9 110
9 111
9 112
9 114
9 115
9 118
9 119
9 121
9 122
9 134
9 142
9 144
9 147
9 148
9 149
9 150
9 152
9 153
9 154
9 160
9 161
9 167
9 169
9 171
9 173
9 177
9 183
9 188
9 190
9 193
9 194
9 196
9 199
9 0
9 2
9 5
9 6
9 7
9 8
9 12
9 13
9 15
9 17
9 19
9 23
9 30
9 32
9 33
9 37
9 39
9 47
9 48
9 50
9 53
9 56
9 57
9 70
9 73
9 75
9 76
9 77
9 80
9 81
9 85
9 87
9 91
9 96
10 100
10 101
10 102
10 103
10 109
10 114
10 117
10 120
10 124
10 128
10 129
10 132
10 134
10 135
10 142
10 147
10 148
10 149
10 150
10 154
10 155
10 156
10 157
10 163
10 164
10 165
10 167
10 168
10 170
10 172
10 173
10 175
10 177
10 180
10 181
10 182
10 185
10 187
10 190
10 193
10 197
10 198
10 199
10 1
10 2
10 4
10 5
10 8
10 11
10 12
10 13
10 16
10 19
10 23
10 26
10 29
10 30
10 32
10 39
10 41
10 44
10 49
10 52
10 53
10 57
10 58
10 59
10 61
10 62
10 63
10 64
10 65
10 66
10 67
10 68
10 71
10 72
10 76
10 77
10 78
10 87
10 88
10 89
10 91
10 92
10 96
10 97
10 98
10 110
11 102
11 105
11 108
11 113
11 114
11 115
11 118
11 121
11 124
11 126
11 127
11 128
11 129
11 130
11 133
11 140
11 146
11 148
11 149
11 152
11 153
11 154
11 156
11 157
11 158
11 159
11 161
11 164
11 167
11 169
11 171
11 174
11 175
11 176
11 178
11 184
11 190
11 192
11 194
11 195
11 196
11 1
11 2
11 8
11 10
11 13
11 15
11 17
11 18
11 21
11 23
11 24
11 29
11 31
11 38
11 44
11 53
11 60
11 63
11 64
11 65
11 67
11 68
11 69
11 70
11 72
11 73
11 74
11 76
11 79
11 80
11 82
11 86
11 88
11 92
11 94
11 96
11 97
11 98
11 99
11 111
12 102
12 104
12 106
12 108
12 109
12 115
12 116
12 120
12 122
12 123
12 124
12 127
12 129
12 130
12 131
12 134
12 140
12 142
12 145
12 150
12 153
12 154
12 160
12 161
12 163
12 164
12 165
12 174
12 175
12 178
12 180
12 181
12 182
12 183
12 184
12 190
12 191
12 193
12 199
12 0
12 3
12 4
12 5
12 9
12 10
12 16
12 17
12 18
12 19
12 20
12 22
12 23
12 24
12 25
12 26
12 34
12 36
12 43
12 46
12 47
12 50
12 55
12 56
12 58
12 59
12 62
12 65
12 68
12 71
12 72
12 73
12 76
12 77
12 83
12 92
12 93
12 99
12 112
13 102
13 105
13 110
13 112
13 113
13 116
13 117
13 121
13 128
13 134
13 135
13 138
13 142
13 144
13 147
13 149
13 151
13 152
13 157
13 158
13 159
13 160
13 163
13 164
13 166
13 167
13 168
13 170
13 171
13 172
13 174
13 178
13 181
13 182
13 184
13 186
13 196
13 199
13 0
13 4
13 6
13 9
13 10
13 11
13 15
13 16
13 23
13 25
13 27
13 28
13 30
13 32
13 33
13 35
13 36
13 42
13 54
13 55
13 60
13 63
13 65
13 66
13 67
13 71
13 76
13 77
13 79
13 82
13 84
13 85
13 87
13 88
13 90
13 91
13 93
13 95
13 96
13 98
13 99
14 102
14 103
14 110
14 111
14 116
14 118
14 120
14 123
14 124
14 127
14 128
14 129
14 130
14 131
14 132
14 133
14 137
14 142
14 143
14 145
14 149
14 151
14 159
14 161
14 166
14 168
14 171
14 172
14 173
14 176
14 178
14 182
14 184
14 186
14 187
14 188
14 189
14 196
14 197
14 198
14 199
14 0
14 3
14 4
14 5
14 8
14 15
14 17
14 18
14 26
14 32
14 35
14 37
14 40
14 41
14 43
14 53
14 54
14 57
14 59
14 61
14 62
14 68
14 71
14 72
14 74
14 77
14 79
14 80
14 81
14 82
14 85
14 86
14 87
14 89
14 92
14 93
14 94
14 95
14 96
14 99
14 114
15 101
15 103
15 106
15 108
15 110
15 113
15 118
15 119
15 121
15 122
15 124
15 130
15 133
15 137
15 140
15 141
15 143
15 151
15 154
15 160
15 161
15 167
15 171
15 173
15 174
15 176
15 178
15 182
15 183
15 184
15 185
15 187
15 188
15 189
15 197
15 1
15 2
15 3
15 9
15 11
15 13
15 14
15 18
15 20
15 23
15 24
15 31
15 33
15 34
15 37
15 38
15 43
15 51
15 54
15 57
15 58
15 59
15 61
15 62
15 63
15 65
15 69
15 70
15 72
15 73
15 74
15 76
15 79
15 80
15 83
15 89
15 96
15 98
15 99
15 115
16 101
16 102
16 103
16 110
16 113
16 114
16 119
16 121
16 122
16 123
16 124
16 126
16 127
16 129
16 131
16 133
16 135
16 136
16 137
16 139
16 145
16 149
16 152
16 158
16 162
16 163
16 164
16 170
16 174
16 175
16 183
16 185
16 190
16 192
16 193
16 195
16 197
16 199
16 1
16 2
16 5
16 10
16 12
16 13
16 18
16 21
16 22
16 24
16 30
16 31
16 33
16 35
16 38
16 39
16 41
16 44
16 45
16 46
16 47
16 48
16 49
16 50
16 51
16 52
16 54
16 56
16 58
16 60
16 61
16 64
16 65
16 66
16 70
16 71
16 72
16 75
16 83
16 87
16 93
16 95
16 96
16 98
16 116
17 101
17 102
17 103
17 105
17 106
17 109
17 112
17 115
17 116
17 117
17 118
17 120
17 121
17 122
17 123
17 124
17 125
17 126
17 129
17 131
17 133
17 143
17 148
17 150
17 153
17 155
17 159
17 163
17 168
17 169
17 170
17 171
17 172
17 173
17 179
17 181
17 182
17 184
17 186
17 188
17 190
17 193
17 199
17 0
17 1
17 2
17 3
17 4
17 6
17 9
17 11
17 12
17 14
17 18
17 21
17 22
17 27
17 30
17 31
17 33
17 36
17 37
17 42
17 54
17 56
17 57
17 63
17 65
17 68
17 70
17 71
17 72
17 74
17 76
17 78
17 83
17 85
17 86
17 87
17 88
17 92
17 95
17 97
17 98
17 99
18 100
18 102
18 105
18 107
18 114
18 117
18 120
18 121
18 123
18 124
18 125
18 126
18 128
18 132
18 134
18 142
18 150
18 159
18 163
18 165
18 167
18 169
18 170
18 175
18 177
18 181
18 182
18 183
18 185
18 187
18 190
18 192
18 194
18 196
18 0
18 4
18 5
18 11
18 12
18 14
18 15
18 16
18 17
18 19
18 22
18 23
18 26
18 27
18 31
18 33
18 34
18 35
18 38
18 39
18 40
18 47
18 48
18 49
18 51
18 52
18 53
18 56
18 57
18 58
18 68
18 69
18 70
18 71
18 73
18 76
18 77
18 78
18 81
18 87
18 89
18 90
18 91
18 94
18 95
18 96
18 98
18 99
18 118
19 102
19 104
19 105
19 106
19 107
19 108
19 109
19 112
19 113
19 119
19 120
19 121
19 122
19 123
19 125
19 127
19 129
19 133
19 135
19 136
19 137
19 140
19 143
19 147
19 150
19 151
19 153
19 162
19 164
19 166
19 168
19 172
19 177
19 181
19 183
19 184
19 185
19 189
19 190
19 191
19 192
19 195
19 196
19 197
19 1
19 7
19 9
19 10
19 12
19 18
19 20
19 21
19 24
19 30
19 31
19 32
19 34
19 35
19 36
19 38
19 41
19 44
19 46
19 48
19 51
19 54
19 55
19 56
19 58
19 66
19 71
19 74
19 75
19 78
19 81
19 83
19 87
19 89
19 91
19 92
19 93
19 94
19 96
19 99
20 102
20 104
20 105
20 109
20 112
20 113
20 115
20 118
20 119
20 122
20 124
20 126
20 130
20 131
20 132
20 133
20 136
20 139
20 140
20 141
20 142
20 149
20 152
20 160
20 164
20 170
20 173
20 174
20 178
20 180
20 183
20 184
20 185
20 189
20 192
20 194
20 196
20 2
20 4
20 5
20 12
20 15
20 19
20 23
20 24
20 27
20 29
20 31
20 32
20 33
20 34
20 36
20 40
20 41
20 45
20 46
20 47
20 52
20 55
20 58
20 61
20 64
20 66
20 67
20 68
20 69
20 71
20 73
20 74
20 75
20 77
20 82
20 84
20 88
20 93
20 95
20 96
20 97
20 120
21 103
21 105
21 106
21 107
21 110
21 113
21 122
21 124
21 126
21 127
21 128
21 129
21 130
21 132
21 145
21 146
21 147
21 148
21 149
21 150
21 152
21 154
21 158
21 160
21 162
21 163
21 167
21 168
21 170
21 171
21 172
21 173
21 174
21 179
21 181
21 183
21 184
21 186
21 187
21 188
21 189
21 190
21 191
21 193
21 194
21 195
21 197
21 198
21 0
21 3
21 6
21 8
21 11
21 16
21 17
21 19
21 24
21 25
21 28
21 29
21 31
21 32
21 35
21 45
21 47
21 48
21 52
21 56
21 57
21 61
21 62
21 63
21 66
21 67
21 68
21 69
21 70
21 87
21 90
21 94
21 95
21 97
21 121
22 100
22 106
22 108
22 112
22 115
22 116
22 119
22 121
22 122
22 124
22 126
22 128
22 129
22 131
22 133
22 146
22 148
22 149
22 151
22 152
22 154
22 157
22 158
22 160
22 161
22 164
22 168
22 172
22 174
22 178
22 179
22 180
22 182
22 185
22 188
22 190
22 194
22 197
22 198
22 0
22 1
22 6
22 7
22 12
22 16
22 17
22 18
22 30
22 31
22 33
22 36
22 37
22 43
22 45
22 51
22 53
22 54
22 57
22 58
22 60
22 66
22 67
22 69
22 73
22 74
22 82
22 86
22 89
22 93
22 97
22 98
23 100
23 101
23 103
23 104
23 105
23 107
23 108
23 109
23 116
23 117
23 120
23 125
23 126
23 130
23 131
23 132
23 134
23 135
23 136
23 139
23 145
23 147
23 148
23 150
23 151
23 155
23 156
23 159
23 163
23 169
23 171
23 176
23 177
23 180
23 181
23 182
23 185
23 186
23 188
23 189
23 190
23 191
23 193
23 195
23 196
23 198
23 199
23 2
23 3
23 6
23 9
23 10
23 11
23 12
23 13
23 15
23 18
23 20
23 25
23 26
23 37
23 40
23 41
23 43
23 44
23 46
23 47
23 49
23 53
23 54
23 57
23 59
23 60
23 62
23 65
23 70
23 71
23 75
23 76
23 81
23 82
23 88
23 96
23 123
24 100
24 102
24 107
24 109
24 112
24 113
24 114
24 117
24 120
24 121
24 123
24 125
24 128
24 130
24 133
24 134
24 136
24 140
24 141
24 142
24 144
24 145
24 146
24 150
24 152
24 154
24 155
24 160
24 165
24 166
24 168
24 170
24 171
24 172
24 173
24 176
24 178
24 181
24 182
24 183
24 185
24 186
24 187
24 192
24 194
24 199
24 4
24 7
24 11
24 12
24 15
24 16
24 19
24 20
24 21
24 25
24 28
24 29
24 30
24 33
24 35
24 38
24 41
24 44
24 50
24 52
24 57
24 59
24 62
24 63
24 68
24 69
24 71
24 72
24 74
24 75
24 81
24 82
24 87
24 88
24 92
24 98
24 124
25 101
25 103
25 106
25 108
25 111
25 117
25 120
25 122
25 124
25 128
25 137
25 139
25 140
25 146
25 149
25 157
25 158
25 159
25 163
25 165
25 171
25 173
25 174
25 175
25 179
25 180
25 182
25 183
25 186
25 187
25 188
25 189
25 190
25 196
25 198
25 199
25 1
25 2
25 3
25 7
25 12
25 13
25 21
25 23
25 24
25 26
25 28
25 37
25 40
25 41
25 44
25 45
25 46
25 47
25 48
25 49
25 50
25 53
25 56
25 57
25 59
25 62
25 64
25 67
25 68
25 70
25 79
25 80
25 81
25 82
25 84
25 90
25 91
25 92
25 96
25 99
25 125
26 100
26 105
26 108
26 111
26 113
26 116
26 119
26 120
26 123
26 127
26 128
26 129
26 134
26 135
26 136
26 137
26 138
26 140
26 141
26 145
26 149
26 154
26 156
26 160
26 161
26 164
26 165
26 166
26 168
26 169
26 170
26 171
26 174
26 177
26 178
26 181
26 182
26 185
26 186
26 188
26 189
26 195
26 196
26 197
26 199
26 2
26 3
26 5
26 6
26 10
26 12
26 14
26 18
26 23
26 25
26 31
26 34
26 38
26 43
26 44
26 47
26 48
26 49
26 51
26 52
26 54
26 57
26 58
26 60
26 61
26 62
26 63
26 67
26 68
26 70
26 71
26 77
26 79
26 81
26 86
26 89
26 90
26 91
26 126
27 104
27 106
27 109
27 110
27 112
27 113
27 115
27 117
27 121
27 122
27 125
27 126
27 127
27 128
27 129
27 136
27 138
27 141
27 142
27 148
27 149
27 150
27 154
27 157
27 158
27 159
27 161
27 165
27 169
27 174
27 176
27 178
27 182
27 187
27 188
27 189
27 191
27 196
27 197
27 198
27 2
27 3
27 4
27 5
27 6
27 7
27 8
27 13
27 17
27 18
27 20
27 28
27 32
27 33
27 34
27 36
27 37
27 38
27 40
27 48
27 50
27 51
27 53
27 54
27 56
27 60
27 64
27 67
27 69
27 70
27 72
27 73
27 74
27 77
27 78
27 80
27 88
27 94
27 95
27 96
27 97
27 98
28 100
28 102
28 105
28 112
28 113
28 125
28 127
28 130
28 133
28 135
28 136
28 137
28 139
28 145
28 150
28 153
28 154
28 158
28 159
28 161
28 164
28 165
28 166
28 167
28 168
28 170
28 174
28 177
28 178
28 179
28 181
28 187
28 191
28 199
28 2
28 3
28 7
28 13
28 21
28 24
28 25
28 27
28 31
28 33
28 34
28 37
28 39
28 40
28 42
28 43
28 44
28 50
28 56
28 63
28 64
28 67
28 69
28 70
28 80
28 81
28 82
28 84
28 87
28 92
28 93
28 128
29 106
29 107
29 110
29 111
29 112
29 113
29 117
29 119
29 123
29 125
29 126
29 127
29 128
29 129
29 130
29 131
29 132
29 134
29 135
29 141
29 142
29 147
29 148
29 150
29 151
29 154
29 155
29 158
29 160
29 161
29 162
29 163
29 164
29 167
29 170
29 172
29 175
29 176
29 177
29 179
29 190
29 192
29 193
29 196
29 197
29 198
29 1
29 3
29 4
29 8
29 10
29 11
29 20
29 21
29 24
29 32
29 33
29 34
29 35
29 37
29 39
29 43
29 46
29 51
29 52
29 56
29 61
29 62
29 64
29 68
29 73
29 75
29 77
29 78
29 80
29 86
29 89
29 91
29 92
29 93
29 95
29 97
30 101
30 102
30 108
30 113
30 115
30 116
30 118
30 122
30 123
30 126
30 129
30 130
30 131
30 132
30 138
30 139
30 141
30 143
30 153
30 154
30 156
30 158
30 159
30 162
30 163
30 169
30 173
30 175
30 176
30 177
30 181
30 185
30 186
30 187
30 190
30 191
30 194
30 196
30 197
30 0
30 1
30 2
30 4
30 5
30 6
30 7
30 8
30 9
30 10
30 13
30 16
30 17
30 19
30 22
30 24
30 31
30 32
30 33
30 34
30 36
30 37
30 38
30 40
30 41
30 42
30 45
30 47
30 49
30 50
30 53
30 58
30 60
30 61
30 62
30 63
30 66
30 68
30 71
30 73
30 75
30 77
30 80
30 81
30 83
30 88
30 94
31 100
31 103
31 104
31 106
31 108
31 114
31 117
31 120
31 121
31 122
31 123
31 124
31 126
31 127
31 128
31 132
31 135
31 137
31 139
31 147
31 149
31 150
31 151
31 153
31 155
31 162
31 163
31 169
31 170
31 172
31 173
31 177
31 178
31 179
31 182
31 191
31 196
31 198
31 1
31 2
31 4
31 6
31 11
31 15
31 16
31 17
31 18
31 19
31 20
31 21
31 22
31 26
31 28
31 30
31 34
31 35
31 39
31 40
31 43
31 45
31 46
31 50
31 52
31 57
31 60
31 62
31 64
31 66
31 69
31 71
31 72
31 73
31 76
31 78
31 79
31 80
31 82
31 85
31 88
31 90
31 95
31 97
31 99
31 131
32 105
32 107
32 108
32 109
32 114
32 117
32 119
32 122
32 123
32 124
32 126
32 127
32 128
32 130
32 132
32 133
32 136
32 137
32 140
32 141
32 152
32 155
32 156
32 160
32 162
32 163
32 164
32 165
32 168
32 169
32 171
32 172
32 173
32 175
32 184
32 185
32 186
32 188
32 197
32 198
32 0
32 1
32 4
32 5
32 7
32 8
32 9
32 10
32 13
32 14
32 19
32 20
32 21
32 27
32 29
32 30
32 33
32 35
32 36
32 43
32 48
32 53
32 54
32 57
32 62
32 64
32 65
32 68
32 70
32 71
32 76
32 78
32 79
32 82
32 84
32 86
32 87
32 88
32 90
32 93
32 95
32 97
32 98
33 100
33 106
33 107
33 108
33 110
33 113
33 115
33 119
33 122
33 125
33 129
33 133
33 134
33 135
33 136
33 138
33 139
33 142
33 144
33 147
33 148
33 149
33 151
33 152
33 156
33 159
33 160
33 161
33 162
33 168
33 169
33 172
33 173
33 174
33 178
33 179
33 180
33 184
33 185
33 186
33 187
33 188
33 190
33 192
33 195
33 0
33 1
33 2
33 4
33 7
33 8
33 9
33 13
33 15
33 16
33 17
33 18
33 20
33 22
33 24
33 27
33 28
33 29
33 30
33 32
33 34
33 35
33 36
33 38
33 42
33 43
33 45
33 46
33 47
33 49
33 50
33 51
33 54
33 56
33 60
33 61
33 63
33 68
33 69
33 70
33 71
33 81
33 82
33 85
33 90
33 91
33 95
33 96
34 100
34 106
34 107
34 114
34 115
34 116
34 119
34 123
34 125
34 126
34 128
34 130
34 132
34 134
34 135
34 136
34 137
34 138
34 139
34 140
34 141
34 143
34 144
34 146
34 147
34 149
34 152
34 154
34 155
34 156
34 159
34 164
34 167
34 171
34 172
34 177
34 183
34 188
34 189
34 191
34 193
34 194
34 198
34 0
34 1
34 2
34 8
34 12
34 15
34 18
34 19
34 20
34 26
34 27
34 28
34 29
34 30
34 31
34 33
34 42
34 47
34 49
34 51
34 55
34 57
34 59
34 60
34 62
34 64
34 65
34 70
34 72
34 74
34 75
34 77
34 78
34 79
34 80
34 83
34 87
34 88
34 89
34 95
34 96
34 99
35 100
35 104
35 106
35 107
35 108
35 110
35 117
35 118
35 119
35 125
35 133
35 134
35 137
35 140
35 142
35 143
35 145
35 158
35 160
35 164
35 168
35 175
35 177
35 178
35 179
35 180
35 182
35 183
35 184
35 187
35 188
35 190
35 191
35 195
35 196
35 197
35 199
35 6
35 13
35 14
35 16
35 18
35 19
35 21
35 24
35 29
35 31
35 32
35 33
35 36
35 39
35 45
35 46
35 48
35 55
35 58
35 62
35 64
35 69
35 70
35 71
35 77
35 78
35 81
35 85
35 86
35 88
35 90
35 91
35 92
35 94
35 96
35 135
36 100
36 107
36 109
36 112
36 113
36 117
36 124
36 128
36 136
36 137
36 139
36 142
36 143
36 144
36 146
36 147
36 158
36 160
36 161
36 164
36 170
36 171
36 179
36 183
36 188
36 191
36 194
36 195
36 198
36 1
36 6
36 12
36 13
36 17
36 19
36 20
36 22
36 27
36 30
36 32
36 33
36 35
36 39
36 40
36 42
36 44
36 45
36 47
36 51
36 54
36 56
36 58
36 60
36 63
36 71
36 72
36 74
36 80
36 81
36 82
36 83
36 85
36 86
36 92
36 93
36 94
36 95
36 96
36 97
36 99
37 104
37 105
37 106
37 108
37 110
37 114
37 120
37 122
37 123
37 124
37 133
37 134
37 135
37 137
37 139
37 144
37 146
37 148
37 149
37 150
37 154
37 155
37 156
37 160
37 161
37 164
37 166
37 170
37 171
37 172
37 173
37 175
37 179
37 183
37 185
37 187
37 188
37 189
37 191
37 192
37 193
37 195
37 196
37 199
37 3
37 4
37 9
37 14
37 15
37 17
37 22
37 23
37 25
37 27
37 28
37 29
37 30
37 39
37 42
37 43
37 45
37 47
37 48
37 50
37 55
37 56
37 58
37 65
37 66
37 73
37 76
37 77
37 86
37 87
37 94
38 100
38 103
38 106
38 109
38 113
38 114
38 115
38 116
38 117
38 118
38 120
38 123
38 126
38 127
38 131
38 132
38 133
38 136
38 137
38 138
38 139
38 146
38 150
38 151
38 152
38 154
38 155
38 161
38 163
38 164
38 166
38 167
38 175
38 177
38 183
38 187
38 194
38 196
38 197
38 8
38 11
38 15
38 16
38 18
38 19
38 24
38 26
38 27
38 30
38 33
38 39
38 40
38 43
38 47
38 49
38 55
38 56
38 57
38 58
38 59
38 62
38 63
38 65
38 67
38 69
38 80
38 81
38 82
38 83
38 86
38 88
38 89
38 98
38 99
39 100
39 101
39 102
39 103
39 107
39 108
39 110
39 111
39 119
39 122
39 124
39 126
39 127
39 133
39 134
39 144
39 146
39 149
39 150
39 153
39 157
39 162
39 165
39 174
39 175
39 179
39 180
39 182
39 186
39 189
39 192
39 196
39 0
39 1
39 4
39 5
39 6
39 8
39 9
39 10
39 16
39 18
39 28
39 29
39 31
39 35
39 36
39 37
39 38
39 42
39 45
39 47
39 50
39 53
39 62
39 64
39 65
39 67
39 72
39 73
39 78
39 82
39 83
39 88
39 90
39 91
39 98
39 99
39 139
40 102
40 107
40 111
40 113
40 114
40 117
40 119
40 121
40 123
40 126
40 130
40 138
40 141
40 144
40 147
40 148
40 149
40 150
40 152
40 153
40 159
40 161
40 166
40 168
40 172
40 175
40 178
40 181
40 182
40 184
40 192
40 199
40 2
40 3
40 4
40 5
40 6
40 8
40 14
40 18
40 20
40 23
40 25
40 27
40 28
40 30
40 31
40 36
40 38
40 47
40 50
40 52
40 53
40 54
40 55
40 57
40 59
40 61
40 63
40 64
40 66
40 67
40 69
40 72
40 79
40 80
40 82
40 91
40 92
40 98
40 99
40 140
41 102
41 103
41 105
41 106
41 109
41 112
41 113
41 115
41 121
41 124
41 125
41 127
41 128
41 129
41 132
41 133
41 134
41 137
41 140
41 142
41 143
41 144
41 145
41 146
41 147
41 149
41 153
41 155
41 157
41 170
41 174
41 178
41 180
41 181
41 182
41 183
41 191
41 192
41 193
41 197
41 199
41 3
41 4
41 6
41 7
41 8
41 10
41 14
41 16
41 19
41 20
41 23
41 24
41 25
41 30
41 43
41 45
41 53
41 55
41 59
41 60
41 61
41 62
41 64
41 66
41 69
41 71
41 72
41 75
41 76
41 77
41 78
41 79
41 81
41 83
41 85
41 87
41 88
41 91
41 94
41 95
41 97
41 98
41 141
42 100
42 101
42 104
42 108
42 111
42 116
42 117
42 120
42 123
42 124
42 125
42 127
42 128
42 129
42 130
42 131
42 133
42 134
42 138
42 142
42 144
42 145
42 146
42 147
42 149
42 155
42 163
42 167
42 172
42 181
42 186
42 187
42 188
42 192
42 193
42 196
42 197
42 2
42 4
42 5
42 6
42 8
42 13
42 17
42 28
42 30
42 33
42 34
42 36
42 37
42 39
42 48
42 51
42 53
42 55
42 59
42 61
42 64
42 65
42 68
42 69
42 73
42 74
42 76
42 82
42 88
42 90
42 91
42 92
42 94
42 96
42 99
43 101
43 102
43 105
43 108
43 109
43 113
43 119
43 124
43 125
43 126
43 127
43 131
43 135
43 136
43 138
43 141
43 143
43 145
43 155
43 159
43 161
43 162
43 163
43 164
43 166
43 167
43 169
43 171
43 175
43 177
43 180
43 185
43 186
43 188
43 190
43 191
43 192
43 193
43 197
43 2
43 6
43 7
43 12
43 14
43 15
43 22
43 23
43 26
43 28
43 29
43 31
43 32
43 33
43 37
43 38
43 41
43 44
43 45
43 47
43 50
43 51
43 52
43 54
43 55
43 57
43 58
43 60
43 61
43 63
43 66
43 67
43 68
43 69
43 73
43 74
43 76
43 77
43 82
43 83
43 85
43 87
43 88
43 89
43 92
43 93
43 94
43 97
43 99
44 101
44 105
44 106
44 108
44 112
44 115
44 117
44 118
44 120
44 121
44 126
44 133
44 135
44 136
44 138
44 139
44 140
44 141
44 142
44 143
44 146
44 147
44 148
44 151
44 155
44 161
44 162
44 166
44 171
44 175
44 177
44 179
44 185
44 186
44 191
44 192
44 193
44 195
44 196
44 0
44 2
44 6
44 7
44 10
44 11
44 16
44 19
44 23
44 24
44 25
44 26
44 28
44 36
44 43
44 45
44 46
44 57
44 67
44 69
44 80
44 84
44 88
44 92
44 144
45 100
45 102
45 104
45 105
45 107
45 108
45 118
45 120
45 121
45 126
45 128
45 130
45 132
45 133
45 137
45 138
45 141
45 144
45 145
45 147
45 153
45 159
45 160
45 163
45 176
45 179
45 180
45 182
45 183
45 186
45 187
45 188
45 189
45 190
45 195
45 197
45 199
45 6
45 7
45 8
45 16
45 20
45 21
45 22
45 25
45 30
45 31
45 33
45 35
45 36
45 37
45 39
45 41
45 43
45 44
45 46
45 47
45 48
45 49
45 52
45 54
45 55
45 59
45 62
45 65
45 66
45 69
45 70
45 72
45 73
45 75
45 76
45 77
45 80
45 86
45 90
45 97
45 99
46 102
46 103
46 105
46 106
46 107
46 108
46 111
46 112
46 114
46 115
46 117
46 119
46 120
46 121
46 125
46 128
46 129
46 138
46 139
46 143
46 144
46 147
46 152
46 157
46 160
46 163
46 164
46 165
46 167
46 173
46 175
46 178
46 181
46 183
46 187
46 188
46 195
46 197
46 199
46 0
46 5
46 6
46 12
46 16
46 19
46 20
46 23
46 25
46 29
46 31
46 33
46 35
46 44
46 45
46 48
46 49
46 50
46 59
46 64
46 65
46 67
46 68
46 71
46 72
46 73
46 75
46 76
46 78
46 79
46 80
46 83
46 85
46 86
46 87
46 88
46 92
46 95
46 96
46 98
46 146
47 105
47 108
47 109
47 110
47 111
47 112
47 114
47 115
47 116
47 118
47 125
47 126
47 132
47 136
47 137
47 138
47 144
47 149
47 154
47 157
47 159
47 165
47 166
47 169
47 170
47 173
47 174
47 177
47 180
47 184
47 189
47 191
47 195
47 197
47 199
47 2
47 3
47 5
47 6
47 8
47 9
47 12
47 16
47 18
47 20
47 21
47 23
47 25
47 26
47 30
47 33
47 34
47 36
47 37
47 38
47 39
47 40
47 43
47 45
47 53
47 57
47 59
47 60
47 65
47 66
47 75
47 80
47 81
47 83
47 85
47 86
47 89
47 91
47 95
47 96
47 97
47 99
47 147
48 100
48 101
48 102
48 105
48 106
48 108
48 110
48 111
48 113
48 119
48 120
48 121
48 127
48 128
48 129
48 131
48 133
48 134
48 136
48 137
48 139
48 140
48 141
48 142
48 145
48 157
48 161
48 165
48 169
48 173
48 174
48 175
48 179
48 181
48 182
48 184
48 186
48 190
48 192
48 197
48 198
48 1
48 3
48 9
48 16
48 18
48 19
48 21
48 25
48 26
48 27
48 32
48 35
48 37
48 42
48 45
48 46
48 49
48 59
48 61
48 62
48 63
48 64
48 67
48 70
48 71
48 75
48 79
48 80
48 94
48 95
48 148
49 103
49 104
49 105
49 106
49 107
49 109
49 110
49 113
49 118
49 119
49 125
49 126
49 129
49 131
49 132
49 134
49 135
49 136
49 137
49 141
49 142
49 144
49 149
49 151
49 152
49 153
49 156
49 157
49 161
49 163
49 164
49 166
49 170
49 172
49 174
49 181
49 182
49 189
49 190
49 192
49 193
49 197
49 1
49 3
49 4
49 5
49 6
49 10
49 16
49 18
49 23
49 25
49 26
49 30
49 33
49 34
49 38
49 45
49 46
49 48
49 59
49 61
49 63
49 65
49 66
49 69
49 71
49 72
49 73
49 74
49 76
49 77
49 78
49 79
49 81
49 82
49 84
49 85
49 90
49 92
49 94
49 95
49 96
49 97
49 98
50 100
50 101
50 108
50 109
50 110
50 114
50 116
50 118
50 131
50 133
50 136
50 137
50 139
50 147
50 148
50 152
50 154
50 156
50 157
50 158
50 159
50 160
50 161
50 163
50 165
50 166
50 167
50 168
50 171
50 172
50 175
50 176
50 180
50 181
50 183
50 193
50 195
50 199
50 2
50 3
50 4
50 5
50 9
50 12
50 16
50 24
50 25
50 27
50 28
50 30
50 31
50 33
50 37
50 39
50 40
50 43
50 46
50 52
50 54
50 60
50 62
50 64
50 65
50 66
50 67
50 68
50 69
50 72
50 75
50 77
50 80
50 81
50 83
50 87
50 93
50 95
50 96
50 97
50 98
50 150
51 102
51 107
51 108
51 109
51 111
51 114
51 115
51 117
51 118
51 128
51 129
51 130
51 133
51 135
51 137
51 138
51 141
51 143
51 144
51 147
51 148
51 149
51 150
51 154
51 159
51 161
51 162
51 165
51 166
51 168
51 171
51 172
51 173
51 174
51 176
51 177
51 179
51 181
51 186
51 187
51 188
51 191
51 192
51 193
51 195
51 196
51 198
51 0
51 3
51 5
51 6
51 15
51 16
51 18
51 19
51 22
51 26
51 27
51 29
51 33
51 34
51 36
51 42
51 43
51 52
51 56
51 57
51 58
51 59
51 61
51 62
51 63
51 71
51 72
51 73
51 74
51 80
51 84
51 89
51 90
51 91
51 93
51 95
51 96
51 98
51 151
52 101
52 107
52 111
52 112
52 113
52 114
52 122
52 128
52 131
52 136
52 141
52 143
52 144
52 149
52 151
52 155
52 157
52 158
52 159
52 162
52 164
52 166
52 167
52 171
52 176
52 178
52 180
52 181
52 185
52 186
52 187
52 189
52 192
52 193
52 195
52 199
52 0
52 4
52 5
52 6
52 7
52 8
52 10
52 16
52 18
52 20
52 21
52 24
52 26
52 29
52 31
52 40
52 43
52 45
52 50
52 51
52 59
52 61
52 66
52 67
52 72
52 73
52 75
52 82
52 83
52 84
52 88
52 89
52 90
52 91
52 92
52 99
52 152
53 102
53 104
53 106
53 115
53 121
53 129
53 136
53 141
53 144
53 145
53 157
53 161
53 165
53 168
53 171
53 177
53 181
53 183
53 184
53 185
53 187
53 191
53 192
53 193
53 194
53 197
53 198
53 199
53 0
53 2
53 3
53 6
53 7
53 9
53 10
53 11
53 14
53 18
53 22
53 23
53 25
53 27
53 30
53 32
53 39
53 40
53 41
53 42
53 47
53 54
53 60
53 61
53 66
53 69
53 71
53 72
53 74
53 76
53 77
53 81
53 82
53 83
53 84
53 85
53 91
53 93
53 94
53 96
53 97
53 153
54 102
54 103
54 104
54 106
54 108
54 109
54 114
54 116
54 117
54 124
54 129
54 134
54 136
54 138
54 139
54 140
54 142
54 143
54 147
54 150
54 153
54 154
54 156
54 157
54 158
54 163
54 165
54 171
54 173
54 175
54 178
54 183
54 187
54 188
54 189
54 190
54 192
54 193
54 195
54 197
54 198
54 199
54 0
54 3
54 8
54 13
54 14
54 15
54 16
54 17
54 19
54 22
54 23
54 26
54 27
54 32
54 33
54 36
54 40
54 43
54 45
54 50
54 53
54 55
54 62
54 64
54 65
54 66
54 68
54 69
54 75
54 76
54 85
54 87
54 91
54 97
55 101
55 108
55 112
55 115
55 118
55 119
55 121
55 126
55 132
55 139
55 140
55 151
55 153
55 155
55 161
55 162
55 164
55 170
55 177
55 178
55 179
55 183
55 184
55 193
55 194
55 198
55 2
55 12
55 13
55 19
55 20
55 34
55 35
55 37
55 38
55 40
55 41
55 42
55 43
55 45
55 54
55 60
55 62
55 64
55 65
55 68
55 69
55 72
55 74
55 76
55 80
55 82
55 84
55 85
55 93
55 94
55 96
56 100
56 101
56 104
56 110
56 111
56 112
56 113
56 114
56 116
56 118
56 120
56 122
56 125
56 133
56 138
56 139
56 141
56 142
56 145
56 151
56 153
56 157
56 159
56 165
56 166
56 168
56 169
56 170
56 173
56 177
56 178
56 179
56 182
56 187
56 189
56 192
56 195
56 196
56 0
56 2
56 8
56 9
56 12
56 16
56 17
56 18
56 19
56 21
56 25
56 27
56 28
56 29
56 33
56 36
56 37
56 38
56 51
56 58
56 59
56 60
56 61
56 62
56 64
56 70
56 72
56 73
56 74
56 79
56 80
56 83
56 87
56 88
56 89
56 91
56 93
56 94
56 98
56 156
57 105
57 108
57 112
57 114
57 116
57 117
57 121
57 123
57 126
57 128
57 131
57 139
57 140
57 141
57 142
57 143
57 147
57 152
57 156
57 158
57 160
57 161
57 162
57 164
57 166
57 167
57 168
57 169
57 172
57 175
57 179
57 185
57 186
57 187
57 192
57 198
57 199
57 0
57 3
57 9
57 10
57 14
57 15
57 17
57 18
57 21
57 22
57 23
57 24
57 25
57 26
57 31
57 32
57 34
57 38
57 40
57 43
57 44
57 47
57 51
57 58
57 66
57 67
57 73
57 75
57 76
57 77
57 78
57 80
57 81
57 83
57 85
57 88
57 89
57 91
57 92
57 96
57 97
57 157
58 100
58 101
58 103
58 109
58 110
58 111
58 115
58 117
58 118
58 123
58 126
58 128
58 130
58 131
58 135
58 136
58 138
58 146
58 149
58 151
58 154
58 155
58 156
58 157
58 158
58 159
58 163
58 164
58 168
58 169
58 172
58 173
58 176
58 178
58 184
58 186
58 187
58 190
58 191
58 192
58 193
58 199
58 2
58 5
58 10
58 12
58 15
58 16
58 18
58 19
58 20
58 22
58 26
58 30
58 35
58 36
58 37
58 38
58 43
58 51
58 56
58 57
58 59
58 69
58 81
58 82
58 83
58 89
58 92
58 93
58 94
58 95
59 108
59 110
59 112
59 113
59 114
59 115
59 119
59 126
59 128
59 129
59 131
59 132
59 133
59 136
59 137
59 138
59 139
59 141
59 144
59 145
59 148
59 153
59 156
59 166
59 169
59 171
59 175
59 177
59 178
59 180
59 183
59 185
59 186
59 198
59 199
59 1
59 2
59 7
59 8
59 10
59 12
59 14
59 15
59 23
59 24
59 25
59 34
59 38
59 40
59 41
59 42
59 45
59 46
59 47
59 48
59 49
59 51
59 52
59 56
59 58
59 62
59 65
59 69
59 70
59 72
59 76
59 77
59 78
59 80
59 82
59 83
59 87
59 90
59 91
59 93
59 94
59 159
60 100
60 103
60 106
60 112
60 114
60 118
60 120
60 121
60 123
60 126
60 130
60 131
60 133
60 136
60 139
60 140
60 141
60 147
60 149
60 150
60 152
60 153
60 154
60 155
60 156
60 157
60 159
60 164
60 165
60 166
60 172
60 173
60 179
60 180
60 185
60 187
60 188
60 191
60 0
60 1
60 2
60 3
60 4
60 5
60 8
60 11
60 13
60 16
60 22
60 23
60 26
60 27
60 30
60 31
60 33
60 34
60 36
60 41
60 43
60 47
60 50
60 53
60 55
60 56
60 65
60 66
60 68
60 69
60 70
60 72
60 74
60 76
60 77
60 78
60 81
60 83
60 84
60 85
60 90
60 91
60 92
60 93
60 95
60 96
60 98
60 99
60 160
61 100
61 102
61 103
61 106
61 112
61 113
61 114
61 116
61 117
61 120
61 124
61 125
61 128
61 130
61 133
61 134
61 136
61 141
61 142
61 143
61 144
61 145
61 147
61 148
61 149
61 151
61 153
61 154
61 157
61 158
61 159
61 160
61 161
61 162
61 166
61 170
61 173
61 181
61 183
61 184
61 186
61 187
61 190
61 192
61 197
61 199
61 8
61 10
61 14
61 15
61 16
61 20
61 21
61 26
61 29
61 30
61 33
61 40
61 41
61 42
61 43
61 48
61 49
61 51
61 52
61 53
61 56
61 63
61 70
61 72
61 73
61 79
61 90
61 93
61 96
61 97
61 98
62 100
62 106
62 107
62 113
62 115
62 117
62 120
62 122
62 123
62 125
62 129
62 133
62 134
62 135
62 138
62 140
62 141
62 146
62 151
62 153
62 155
62 160
62 163
62 164
62 165
62 172
62 174
62 175
62 177
62 179
62 180
62 187
62 189
62 190
62 192
62 193
62 194
62 2
62 3
62 8
62 10
62 12
62 14
62 15
62 21
62 23
62 24
62 25
62 26
62 29
62 30
62 31
62 32
62 34
62 35
62 38
62 39
62 41
62 45
62 48
62 50
62 51
62 54
62 55
62 56
62 59
62 65
62 68
62 69
62 72
62 75
62 76
62 82
62 84
62 87
62 88
62 89
62 91
62 98
62 99
62 162
63 100
63 102
63 104
63 107
63 109
63 110
63 112
63 114
63 115
63 116
63 117
63 119
63 125
63 127
63 130
63 133
63 134
63 136
63 139
63 140
63 141
63 145
63 147
63 150
63 153
63 155
63 156
63 159
63 160
63 161
63 162
63 164
63 165
63 166
63 168
63 176
63 178
63 183
63 184
63 188
63 190
63 192
63 195
63 199
63 3
63 5
63 6
63 7
63 10
63 11
63 13
63 15
63 17
63 21
63 24
63 26
63 28
63 30
63 33
63 36
63 38
63 40
63 43
63 48
63 49
63 51
63 61
63 70
63 71
63 72
63 75
63 80
63 81
63 82
63 84
63 85
63 87
63 89
63 95
63 96
63 97
63 99
63 163
64 102
64 103
64 110
64 112
64 113
64 114
64 115
64 117
64 118
64 119
64 121
64 125
64 127
64 128
64 131
64 135
64 136
64 138
64 139
64 141
64 142
64 143
64 145
64 150
64 153
64 157
64 158
64 159
64 163
64 167
64 168
64 170
64 173
64 176
64 180
64 185
64 186
64 188
64 190
64 196
64 199
64 2
64 3
64 6
64 10
64 11
64 16
64 20
64 25
64 27
64 28
64 29
64 31
64 32
64 34
64 35
64 39
64 40
64 41
64 42
64 46
64 48
64 50
64 54
64 55
64 56
64 65
64 66
64 67
64 71
64 72
64 77
64 79
64 81
64 83
64 85
64 89
64 90
64 95
64 97
64 164
65 100
65 106
65 107
65 109
65 110
65 113
65 115
65 116
65 117
65 121
65 122
65 123
65 126
65 132
65 133
65 134
65 135
65 139
65 140
65 144
65 146
65 151
65 154
65 156
65 158
65 159
65 166
65 167
65 170
65 171
65 175
65 177
65 178
65 180
65 181
65 182
65 183
65 186
65 187
65 190
65 192
65 193
65 195
65 197
65 1
65 6
65 7
65 10
65 11
65 12
65 13
65 15
65 16
65 17
65 23
65 32
65 34
65 37
65 38
65 39
65 42
65 45
65 46
65 47
65 49
65 50
65 54
65 55
65 59
65 60
65 62
65 64
65 67
65 69
65 73
65 81
65 82
65 88
65 89
65 92
65 93
65 94
65 96
65 98
65 165
66 101
66 104
66 105
66 106
66 107
66 110
66 111
66 116
66 121
66 127
66 130
66 131
66 132
66 138
66 139
66 146
66 148
66 150
66 153
66 154
66 155
66 158
66 159
66 163
66 166
66 168
66 169
66 173
66 174
66 175
66 177
66 180
66 182
66 184
66 189
66 191
66 192
66 193
66 194
66 195
66 197
66 199
66 3
66 4
66 6
66 7
66 10
66 13
66 16
66 19
66 20
66 21
66 22
66 30
66 31
66 37
66 40
66 41
66 43
66 45
66 47
66 49
66 50
66 52
66 53
66 54
66 57
66 60
66 64
66 69
66 73
66 78
66 82
66 83
66 86
66 91
66 93
66 95
66 96
66 98
66 99
67 101
67 102
67 103
67 104
67 107
67 108
67 109
67 112
67 113
67 116
67 121
67 124
67 125
67 129
67 132
67 134
67 135
67 136
67 137
67 138
67 142
67 143
67 145
67 149
67 152
67 153
67 155
67 157
67 158
67 164
67 167
67 168
67 169
67 170
67 171
67 172
67 174
67 178
67 179
67 182
67 183
67 185
67 186
67 188
67 189
67 191
67 193
67 194
67 197
67 0
67 3
67 5
67 8
67 10
67 11
67 13
67 20
67 21
67 22
67 25
67 26
67 27
67 28
67 38
67 39
67 40
67 43
67 44
67 46
67 48
67 50
67 52
67 57
67 64
67 65
67 76
67 77
67 84
67 85
67 86
67 89
67 92
67 95
67 96
68 103
68 107
68 109
68 115
68 117
68 118
68 119
68 120
68 122
68 124
68 125
68 126
68 130
68 132
68 136
68 138
68 139
68 140
68 141
68 144
68 147
68 151
68 152
68 153
68 156
68 160
68 161
68 162
68 163
68 164
68 167
68 169
68 171
68 172
68 176
68 179
68 180
68 182
68 183
68 186
68 188
68 192
68 193
68 195
68 198
68 5
68 7
68 10
68 11
68 12
68 14
68 17
68 18
68 20
68 21
68 24
68 25
68 26
68 29
68 30
68 32
68 33
68 42
68 43
68 46
68 50
68 54
68 55
68 60
68 62
68 69
68 71
68 72
68 73
68 76
68 77
68 81
68 82
68 86
68 88
68 90
68 91
68 93
68 95
68 97
68 98
68 168
69 100
69 104
69 105
69 107
69 115
69 116
69 123
69 124
69 126
69 130
69 132
69 134
69 135
69 138
69 139
69 146
69 147
69 154
69 155
69 156
69 158
69 161
69 162
69 165
69 167
69 170
69 171
69 177
69 178
69 179
69 181
69 182
69 194
69 198
69 0
69 1
69 2
69 4
69 5
69 8
69 11
69 15
69 18
69 20
69 21
69 22
69 24
69 27
69 28
69 31
69 33
69 35
69 38
69 40
69 41
69 42
69 43
69 44
69 45
69 49
69 50
69 53
69 54
69 55
69 58
69 59
69 60
69 62
69 65
69 66
69 68
69 72
69 73
69 77
69 80
69 85
69 88
69 89
69 94
69 95
69 97
69 98
69 169
70 105
70 111
70 115
70 117
70 119
70 121
70 123
70 126
70 129
70 130
70 132
70 140
70 141
70 143
70 144
70 146
70 151
70 154
70 157
70 159
70 163
70 165
70 169
70 170
70 171
70 177
70 178
70 179
70 182
70 186
70 187
70 188
70 189
70 190
70 194
70 195
70 0
70 1
70 3
70 5
70 6
70 8
70 9
70 11
70 15
70 16
70 17
70 18
70 21
70 23
70 25
70 26
70 27
70 28
70 32
70 33
70 34
70 35
70 45
70 48
70 56
70 59
70 60
70 61
70 63
70 74
70 83
70 88
70 91
70 95
70 99
71 101
71 106
71 107
71 109
71 110
71 111
71 112
71 113
71 114
71 119
71 120
71 127
71 128
71 133
71 137
71 138
71 141
71 147
71 149
71 152
71 153
71 154
71 155
71 157
71 158
71 159
71 162
71 163
71 165
71 166
71 167
71 171
71 174
71 181
71 182
71 186
71 187
71 188
71 192
71 194
71 195
71 196
71 197
71 199
71 0
71 1
71 4
71 5
71 6
71 10
71 12
71 13
71 14
71 16
71 17
71 18
71 19
71 20
71 23
71 24
71 26
71 30
71 31
71 32
71 33
71 35
71 36
71 41
71 46
71 48
71 49
71 51
71 53
71 63
71 64
71 68
71 74
71 75
71 78
71 81
71 87
71 90
71 92
71 94
71 95
71 96
71 99
72 101
72 102
72 103
72 104
72 106
72 109
72 112
72 113
72 115
72 116
72 119
72 120
72 122
72 123
72 126
72 127
72 129
72 130
72 135
72 137
72 141
72 142
72 145
72 150
72 153
72 158
72 159
72 162
72 165
72 169
72 170
72 171
72 175
72 178
72 182
72 183
72 186
72 188
72 191
72 194
72 195
72 199
72 0
72 1
72 3
72 5
72 6
72 10
72 11
72 12
72 14
72 15
72 16
72 17
72 24
72 27
72 31
72 34
72 36
72 39
72 40
72 41
72 45
72 46
72 49
72 50
72 51
72 52
72 53
72 55
72 56
72 59
72 60
72 61
72 62
72 63
72 64
72 68
72 69
72 76
72 78
72 80
72 86
72 91
72 93
72 95
72 97
72 172
73 104
73 106
73 108
73 109
73 112
73 113
73 114
73 118
73 119
73 122
73 124
73 126
73 127
73 130
73 131
73 132
73 133
73 142
73 147
73 150
73 151
73 152
73 153
73 154
73 157
73 158
73 159
73 160
73 164
73 165
73 169
73 171
73 172
73 174
73 178
73 179
73 182
73 183
73 186
73 189
73 191
73 192
73 196
73 197
73 4
73 5
73 7
73 9
73 11
73 12
73 15
73 18
73 20
73 22
73 27
73 29
73 30
73 31
73 37
73 39
73 42
73 43
73 45
73 46
73 49
73 51
73 52
73 56
73 57
73 61
73 65
73 66
73 68
73 69
73 75
73 76
73 79
73 84
73 86
73 88
73 90
73 95
73 97
73 98
73 99
73 173
74 100
74 101
74 104
74 111
74 112
74 113
74 115
74 116
74 118
74 119
74 124
74 125
74 130
74 132
74 134
74 136
74 140
74 144
74 146
74 147
74 150
74 151
74 159
74 167
74 169
74 177
74 179
74 183
74 185
74 189
74 193
74 197
74 198
74 6
74 7
74 11
74 14
74 15
74 17
74 19
74 20
74 22
74 24
74 27
74 34
74 36
74 42
74 43
74 49
74 51
74 53
74 55
74 56
74 60
74 70
74 71
74 76
74 82
74 84
74 89
74 90
74 92
74 94
74 97
74 99
74 174
75 107
75 109
75 111
75 119
75 124
75 132
75 134
75 139
75 140
75 144
75 146
75 147
75 152
75 156
75 159
75 163
75 164
75 168
75 169
75 171
75 180
75 181
75 183
75 184
75 186
75 191
75 192
75 193
75 196
75 197
75 198
75 0
75 5
75 6
75 7
75 9
75 16
75 19
75 20
75 23
75 24
75 29
75 30
75 34
75 41
75 45
75 46
75 47
75 48
75 50
75 52
75 54
75 57
75 62
75 63
75 71
75 73
75 78
75 81
75 82
75 83
75 84
75 87
75 89
75 91
75 92
75 94
75 97
75 98
75 99
75 175
76 101
76 102
76 105
76 106
76 107
76 110
76 113
76 115
76 118
76 119
76 120
76 124
76 132
76 134
76 135
76 136
76 138
76 142
76 144
76 146
76 147
76 155
76 159
76 160
76 161
76 166
76 169
76 174
76 175
76 176
76 177
76 179
76 180
76 181
76 183
76 184
76 189
76 191
76 192
76 193
76 195
76 196
76 199
76 0
76 1
76 2
76 3
76 4
76 5
76 6
76 8
76 9
76 10
76 11
76 12
76 13
76 15
76 17
76 18
76 23
76 31
76 32
76 37
76 41
76 42
76 43
76 45
76 46
76 49
76 53
76 54
76 55
76 57
76 59
76 60
76 62
76 67
76 68
76 72
76 73
76 74
76 80
76 84
76 86
76 91
76 93
76 98
76 99
77 100
77 102
77 103
77 109
77 110
77 111
77 114
77 115
77 117
77 119
77 120
77 122
77 124
77 128
77 129
77 132
77 133
77 136
77 137
77 139
77 141
77 144
77 145
77 146
77 147
77 148
77 153
77 154
77 157
77 159
77 160
77 163
77 165
77 172
77 174
77 176
77 177
77 178
77 179
77 181
77 193
77 197
77 1
77 9
77 10
77 12
77 13
77 14
77 18
77 20
77 26
77 27
77 29
77 30
77 34
77 35
77 37
77 41
77 43
77 45
77 49
77 50
77 53
77 57
77 59
77 60
77 64
77 67
77 68
77 69
77 81
77 85
77 88
77 89
77 92
78 103
78 106
78 107
78 108
78 110
78 111
78 112
78 114
78 115
78 116
78 117
78 121
78 122
78 123
78 125
78 128
78 129
78 133
78 137
78 138
78 139
78 140
78 141
78 147
78 155
78 157
78 159
78 160
78 162
78 163
78 165
78 169
78 170
78 171
78 172
78 174
78 176
78 178
78 179
78 182
78 185
78 188
78 189
78 190
78 192
78 196
78 197
78 199
78 1
78 6
78 7
78 10
78 17
78 18
78 19
78 27
78 29
78 31
78 32
78 34
78 35
78 39
78 41
78 46
78 49
78 57
78 59
78 60
78 66
78 71
78 72
78 75
78 79
78 80
78 85
78 88
78 90
78 93
78 94
78 95
78 96
79 102
79 103
79 104
79 105
79 109
79 110
79 112
79 113
79 114
79 116
79 124
79 127
79 128
79 130
79 133
79 136
79 137
79 139
79 141
79 142
79 143
79 148
79 154
79 159
79 162
79 170
79 172
79 173
79 174
79 178
79 182
79 183
79 186
79 188
79 189
79 190
79 198
79 5
79 7
79 11
79 13
79 14
79 15
79 25
79 26
79 31
79 32
79 34
79 40
79 41
79 46
79 48
79 49
79 56
79 61
79 64
79 73
79 78
79 82
79 85
79 86
79 89
79 93
79 94
79 97
79 99
79 179
80 100
80 104
80 105
80 106
80 110
80 111
80 113
80 117
80 118
80 123
80 134
80 136
80 138
80 155
80 156
80 158
80 160
80 162
80 163
80 166
80 169
80 173
80 174
80 175
80 178
80 179
80 180
80 181
80 188
80 191
80 192
80 193
80 196
80 0
80 1
80 2
80 5
80 6
80 7
80 9
80 11
80 14
80 15
80 25
80 27
80 28
80 29
80 30
80 31
80 34
80 36
80 38
80 40
80 44
80 45
80 46
80 47
80 48
80 50
80 51
80 55
80 56
80 57
80 59
80 63
80 69
80 72
80 76
80 78
80 85
80 87
80 90
80 91
80 98
80 99
81 104
81 105
81 107
81 108
81 110
81 113
81 114
81 120
81 123
81 126
81 131
81 135
81 139
81 144
81 148
81 151
81 155
81 161
81 163
81 164
81 165
81 168
81 172
81 173
81 174
81 175
81 178
81 180
81 181
81 182
81 183
81 190
81 191
81 193
81 195
81 196
81 197
81 1
81 2
81 3
81 4
81 6
81 8
81 9
81 14
81 18
81 19
81 23
81 24
81 25
81 26
81 28
81 30
81 33
81 35
81 36
81 38
81 41
81 47
81 49
81 50
81 53
81 57
81 58
81 60
81 63
81 64
81 65
81 68
81 71
81 75
81 77
81 82
81 89
81 91
81 93
81 94
81 96
81 98
82 100
82 101
82 102
82 103
82 107
82 108
82 111
82 115
82 116
82 119
82 120
82 123
82 125
82 126
82 127
82 128
82 134
82 135
82 136
82 138
82 139
82 140
82 142
82 145
82 146
82 147
82 152
82 154
82 156
82 157
82 164
82 165
82 173
82 175
82 177
82 179
82 187
82 190
82 196
82 1
82 2
82 3
82 4
82 5
82 8
82 11
82 13
82 14
82 20
82 22
82 23
82 24
82 25
82 28
82 31
82 32
82 33
82 36
82 38
82 39
82 40
82 42
82 43
82 49
82 52
82 53
82 55
82 58
82 59
82 62
82 63
82 65
82 66
82 68
82 74
82 75
82 79
82 81
82 83
82 86
82 90
82 92
82 94
82 96
82 97
82 98
82 99
82 182
83 101
83 103
83 104
83 105
83 108
83 113
83 114
83 117
83 121
83 124
83 127
83 129
83 132
83 133
83 136
83 138
83 139
83 144
83 147
83 148
83 149
83 150
83 151
83 152
83 158
83 159
83 161
83 162
83 164
83 167
83 168
83 172
83 173
83 175
83 176
83 179
83 181
83 182
83 188
83 189
83 190
83 192
83 193
83 195
83 0
83 8
83 12
83 15
83 16
83 17
83 19
83 30
83 34
83 36
83 38
83 39
83 41
83 43
83 46
83 47
83 50
83 52
83 53
83 56
83 57
83 58
83 59
83 60
83 64
83 66
83 70
83 75
83 82
83 86
83 87
83 90
83 91
83 99
83 183
84 102
84 105
84 110
84 125
84 127
84 135
84 137
84 139
84 141
84 142
84 143
84 147
84 148
84 149
84 150
84 151
84 154
84 155
84 156
84 157
84 164
84 166
84 182
84 183
84 188
84 189
84 191
84 193
84 194
84 195
84 198
84 3
84 4
84 13
84 20
84 25
84 28
84 32
84 44
84 49
84 51
84 52
84 53
84 55
84 60
84 62
84 63
84 67
84 73
84 74
84 75
84 76
84 87
84 90
84 93
84 97
84 184
85 100
85 101
85 104
85 110
85 114
85 118
85 119
85 122
85 123
85 126
85 127
85 131
85 135
85 138
85 139
85 145
85 149
85 152
85 153
85 160
85 165
85 167
85 170
85 180
85 183
85 188
85 189
85 191
85 194
85 195
85 199
85 4
85 6
85 7
85 9
85 13
85 14
85 17
85 31
85 33
85 35
85 36
85 41
85 43
85 46
85 47
85 49
85 53
85 54
85 55
85 57
85 60
85 63
85 64
85 67
85 69
85 77
85 78
85 79
85 80
85 86
85 87
85 91
85 95
85 185
86 100
86 101
86 103
86 106
86 112
86 115
86 116
86 117
86 118
86 119
86 121
86 123
86 124
86 126
86 129
86 131
86 133
86 134
86 136
86 138
86 140
86 141
86 142
86 151
86 153
86 156
86 157
86 158
86 159
86 165
86 166
86 168
86 169
86 170
86 171
86 175
86 181
86 186
86 187
86 188
86 191
86 195
86 196
86 1
86 3
86 7
86 8
86 11
86 14
86 17
86 22
86 26
86 29
86 32
86 35
86 36
86 37
86 38
86 45
86 46
86 47
86 66
86 67
86 68
86 72
86 73
86 76
86 79
86 82
86 83
86 85
86 87
86 93
86 97
86 99
87 100
87 102
87 104
87 108
87 109
87 111
87 113
87 115
87 116
87 123
87 125
87 127
87 129
87 132
87 133
87 134
87 144
87 145
87 151
87 157
87 161
87 162
87 163
87 164
87 169
87 172
87 173
87 174
87 178
87 180
87 181
87 185
87 188
87 191
87 193
87 194
87 195
87 196
87 197
87 199
87 4
87 9
87 10
87 13
87 14
87 16
87 17
87 18
87 19
87 21
87 24
87 28
87 32
87 34
87 37
87 41
87 43
87 46
87 50
87 54
87 56
87 59
87 62
87 63
87 71
87 75
87 80
87 83
87 84
87 85
87 86
87 88
87 89
87 91
87 92
87 95
87 97
87 98
87 99
87 187
88 101
88 102
88 103
88 105
88 106
88 109
88 111
88 112
88 113
88 115
88 117
88 119
88 120
88 123
88 124
88 132
88 134
88 136
88 137
88 139
88 140
88 144
88 146
88 149
88 151
88 153
88 156
88 157
88 158
88 159
88 160
88 163
88 166
88 167
88 169
88 170
88 171
88 172
88 174
88 175
88 179
88 181
88 185
88 186
88 187
88 189
88 190
88 192
88 194
88 195
88 198
88 199
88 0
88 2
88 4
88 5
88 10
88 11
88 13
88 17
88 20
88 23
88 24
88 27
88 30
88 31
88 32
88 34
88 35
88 38
88 39
88 41
88 42
88 43
88 44
88 46
88 52
88 56
88 57
88 62
88 65
88 68
88 69
88 70
88 73
88 77
88 78
88 87
88 89
88 90
88 188
89 100
89 101
89 106
89 109
89 110
89 116
89 121
89 122
89 127
89 129
89 130
89 132
89 144
89 145
89 156
89 164
89 165
89 167
89 180
89 182
89 184
89 185
89 186
89 187
89 188
89 190
89 193
89 194
89 195
89 198
89 8
89 10
89 14
89 15
89 18
89 19
89 22
89 26
89 29
89 34
89 38
89 43
89 47
89 51
89 52
89 56
89 57
89 58
89 62
89 63
89 64
89 65
89 67
89 69
89 74
89 75
89 77
89 79
89 81
89 87
89 88
89 93
89 94
89 95
89 96
89 97
89 189
90 102
90 104
90 106
90 107
90 108
90 112
90 114
90 116
90 117
90 120
90 123
90 125
90 128
90 132
90 135
90 136
90 138
90 139
90 140
90 142
90 143
90 144
90 145
90 149
90 154
90 155
90 158
90 159
90 161
90 165
90 167
90 169
90 173
90 174
90 183
90 186
90 187
90 190
90 194
90 195
90 197
90 198
90 0
90 1
90 2
90 8
90 13
90 18
90 21
90 25
90 26
90 31
90 32
90 33
90 35
90 39
90 42
90 45
90 49
90 51
90 52
90 59
90 60
90 61
90 64
90 68
90 71
90 73
90 74
90 78
90 80
90 82
90 83
90 84
90 88
90 96
90 97
90 98
91 100
91 101
91 103
91 104
91 107
91 110
91 111
91 114
91 117
91 123
91 124
91 125
91 131
91 133
91 135
91 139
91 141
91 142
91 144
91 148
91 149
91 153
91 154
91 156
91 159
91 162
91 164
91 167
91 170
91 172
91 173
91 175
91 178
91 180
91 181
91 183
91 186
91 187
91 189
91 190
91 191
91 193
91 8
91 9
91 10
91 13
91 18
91 19
91 25
91 26
91 29
91 33
91 35
91 39
91 40
91 41
91 42
91 47
91 51
91 52
91 53
91 54
91 56
91 57
91 59
91 60
91 62
91 66
91 68
91 70
91 72
91 75
91 76
91 80
91 81
91 83
91 85
91 87
91 92
91 94
92 102
92 104
92 110
92 111
92 113
92 116
92 118
92 119
92 121
92 123
92 124
92 128
92 129
92 130
92 131
92 138
92 143
92 147
92 151
92 154
92 156
92 157
92 167
92 168
92 174
92 175
92 180
92 182
92 184
92 188
92 193
92 194
92 196
92 199
92 0
92 2
92 3
92 10
92 11
92 12
92 14
92 17
92 19
92 24
92 25
92 28
92 29
92 35
92 36
92 40
92 42
92 43
92 44
92 46
92 49
92 52
92 57
92 58
92 60
92 65
92 67
92 71
92 74
92 75
92 77
92 82
92 87
92 91
92 97
92 192
93 100
93 101
93 102
93 105
93 108
93 113
93 114
93 116
93 117
93 119
93 124
93 125
93 129
93 131
93 132
93 138
93 140
93 142
93 143
93 146
93 147
93 148
93 149
93 154
93 155
93 156
93 157
93 160
93 162
93 172
93 175
93 176
93 179
93 182
93 183
93 184
93 186
93 188
93 190
93 191
93 192
93 193
93 194
93 196
93 0
93 4
93 5
93 12
93 13
93 14
93 16
93 19
93 20
93 22
93 28
93 29
93 32
93 36
93 43
93 50
93 51
93 53
93 55
93 56
93 58
93 59
93 60
93 61
93 65
93 66
93 68
93 72
93 76
93 78
93 79
93 81
93 84
93 86
93 89
93 94
93 98
94 100
94 101
94 105
94 113
94 114
94 115
94 116
94 117
94 128
94 133
94 138
94 139
94 143
94 149
94 151
94 153
94 155
94 157
94 161
94 163
94 165
94 167
94 168
94 169
94 173
94 175
94 176
94 177
94 182
94 183
94 185
94 186
94 187
94 191
94 192
94 194
94 196
94 1
94 3
94 7
94 8
94 11
94 14
94 18
94 19
94 21
94 27
94 30
94 35
94 36
94 37
94 41
94 42
94 43
94 48
94 49
94 53
94 55
94 56
94 58
94 59
94 65
94 69
94 71
94 74
94 75
94 78
94 79
94 81
94 82
94 89
94 91
94 93
94 95
94 96
95 100
95 101
95 103
95 104
95 106
95 108
95 109
95 111
95 113
95 115
95 116
95 123
95 125
95 127
95 129
95 130
95 131
95 132
95 134
95 138
95 139
95 141
95 143
95 144
95 146
95 147
95 152
95 159
95 160
95 163
95 164
95 168
95 174
95 175
95 178
95 179
95 182
95 186
95 187
95 191
95 192
95 195
95 196
95 6
95 8
95 13
95 14
95 16
95 17
95 18
95 20
95 21
95 27
95 29
95 31
95 32
95 33
95 34
95 36
95 41
95 46
95 47
95 48
95 49
95 50
95 51
95 58
95 60
95 63
95 64
95 66
95 67
95 68
95 69
95 70
95 71
95 72
95 73
95 78
95 85
95 87
95 89
95 94
95 99
96 100
96 101
96 103
96 106
96 109
96 111
96 113
96 114
96 115
96 119
96 120
96 125
96 126
96 132
96 138
96 139
96 142
96 145
96 147
96 149
96 162
96 163
96 169
96 171
96 175
96 177
96 179
96 181
96 182
96 188
96 198
96 0
96 2
96 6
96 7
96 8
96 9
96 10
96 11
96 13
96 14
96 15
96 16
96 18
96 19
96 20
96 23
96 25
96 27
96 33
96 34
96 35
96 36
96 42
96 46
96 47
96 49
96 50
96 51
96 53
96 55
96 57
96 60
96 61
96 63
96 65
96 66
96 67
96 71
96 78
96 81
96 82
96 89
96 90
96 94
96 99
96 196
97 100
97 101
97 104
97 108
97 110
97 111
97 122
97 126
97 128
97 129
97 134
97 137
97 138
97 139
97 140
97 143
97 144
97 146
97 147
97 149
97 150
97 151
97 152
97 153
97 158
97 159
97 160
97 161
97 166
97 168
97 170
97 172
97 176
97 177
97 182
97 184
97 188
97 190
97 196
97 198
97 0
97 3
97 5
97 7
97 10
97 11
97 17
97 20
97 21
97 22
97 27
97 29
97 31
97 32
97 36
97 41
97 43
97 45
97 47
97 49
97 50
97 53
97 54
97 57
97 61
97 63
97 64
97 68
97 69
97 72
97 73
97 74
97 75
97 79
97 82
97 84
97 86
97 87
97 89
97 90
97 92
97 98
97 99
97 197
98 100
98 101
98 102
98 107
98 110
98 114
98 116
98 118
98 126
98 128
98 130
98 131
98 132
98 133
98 135
98 136
98 138
98 141
98 153
98 155
98 156
98 157
98 161
98 162
98 165
98 166
98 169
98 170
98 175
98 176
98 181
98 182
98 183
98 184
98 187
98 192
98 195
98 198
98 199
98 0
98 2
98 3
98 4
98 5
98 10
98 11
98 13
98 15
98 16
98 17
98 18
98 22
98 24
98 27
98 32
98 38
98 39
98 40
98 41
98 46
98 49
98 50
98 51
98 56
98 60
98 61
98 62
98 65
98 66
98 68
98 69
98 73
98 75
98 76
98 80
98 81
98 82
98 87
98 90
98 93
98 97
98 99
99 101
99 102
99 105
99 108
99 109
99 110
99 112
99 115
99 117
99 119
99 122
99 125
99 127
99 130
99 135
99 136
99 137
99 144
99 151
99 152
99 153
99 155
99 161
99 163
99 164
99 165
99 166
99 174
99 175
99 176
99 182
99 184
99 185
99 187
99 188
99 189
99 195
99 196
99 0
99 4
99 7
99 11
99 12
99 13
99 14
99 15
99 17
99 18
99 19
99 25
99 31
99 34
99 36
99 38
99 39
99 40
99 42
99 43
99 45
99 47
99 52
99 60
99 62
99 63
99 66
99 70
99 71
99 73
99 74
99 75
99 76
99 79
99 80
99 82
99 83
99 86
99 87
99 95
99 96
99 97
99 98
99 199
100 3
100 6
100 7
100 8
100 10
100 18
100 22
100 23
100 24
100 26
100 28
100 31
100 33
100 34
100 35
100 36
100 38
100 39
100 42
100 45
100 48
100 50
100 56
100 58
100 60
100 61
100 62
100 63
100 65
100 69
100 74
100 77
100 80
100 82
100 85
100 86
100 87
100 89
100 91
100 93
100 94
100 95
100 96
100 97
100 98
100 0
101 1
101 3
101 4
101 5
101 8
101 10
101 15
101 16
101 17
101 23
101 25
101 30
101 39
101 42
101 43
101 44
101 48
101 50
101 52
101 55
101 56
101 58
101 66
101 67
101 71
101 72
101 74
101 76
101 82
101 83
101 85
101 86
101 88
101 89
101 91
101 93
101 94
101 95
101 96
101 97
101 98
101 99
102 0
102 1
102 9
102 10
102 11
102 12
102 13
102 14
102 16
102 17
102 18
102 19
102 20
102 24
102 28
102 30
102 39
102 40
102 41
102 43
102 45
102 46
102 48
102 51
102 53
102 54
102 61
102 63
102 64
102 67
102 72
102 76
102 77
102 79
102 82
102 84
102 87
102 88
102 90
102 92
102 93
102 98
102 99
102 2
103 2
103 4
103 5
103 7
103 10
103 14
103 15
103 16
103 17
103 21
103 23
103 25
103 31
103 38
103 39
103 41
103 46
103 49
103 54
103 58
103 60
103 61
103 64
103 67
103 68
103 72
103 77
103 78
103 79
103 82
103 83
103 86
103 88
103 91
103 95
103 96
103 3
104 0
104 1
104 2
104 5
104 6
104 7
104 8
104 9
104 12
104 19
104 20
104 23
104 27
104 31
104 35
104 37
104 42
104 45
104 49
104 53
104 54
104 56
104 63
104 66
104 67
104 69
104 72
104 73
104 74
104 79
104 80
104 81
104 83
104 85
104 87
104 90
104 91
104 92
104 95
104 97
104 4
105 2
105 3
105 9
105 11
105 13
105 17
105 18
105 19
105 20
105 21
105 23
105 26
105 28
105 32
105 37
105 41
105 43
105 44
105 45
105 46
105 47
105 48
105 49
105 57
105 66
105 69
105 70
105 76
105 79
105 80
105 81
105 83
105 84
105 88
105 93
105 94
105 99
105 5
106 1
106 4
106 5
106 6
106 12
106 15
106 17
106 19
106 21
106 22
106 25
106 27
106 29
106 31
106 33
106 34
106 35
106 37
106 38
106 41
106 44
106 46
106 48
106 49
106 53
106 54
106 60
106 61
106 62
106 65
106 66
106 71
106 72
106 73
106 76
106 78
106 80
106 86
106 88
106 89
106 90
106 95
106 96
107 0
107 5
107 6
107 9
107 18
107 19
107 21
107 23
107 24
107 29
107 32
107 33
107 34
107 35
107 36
107 39
107 40
107 45
107 46
107 49
107 51
107 52
107 62
107 63
107 65
107 66
107 67
107 68
107 69
107 71
107 75
107 76
107 78
107 81
107 82
107 90
107 91
107 98
107 7
108 1
108 2
108 3
108 4
108 8
108 11
108 12
108 15
108 19
108 22
108 23
108 25
108 26
108 30
108 31
108 32
108 33
108 35
108 37
108 39
108 42
108 43
108 44
108 45
108 46
108 47
108 48
108 50
108 51
108 54
108 55
108 57
108 59
108 67
108 73
108 78
108 81
108 82
108 83
108 87
108 90
108 93
108 95
108 97
108 99
109 0
109 1
109 4
109 5
109 6
109 9
109 10
109 12
109 17
109 19
109 20
109 23
109 24
109 27
109 32
109 36
109 38
109 41
109 43
109 47
109 49
109 50
109 51
109 54
109 58
109 63
109 65
109 67
109 68
109 71
109 72
109 73
109 75
109 77
109 79
109 87
109 88
109 89
109 95
109 96
109 99
110 1
110 3
110 4
110 5
110 7
110 9
110 13
110 14
110 15
110 16
110 21
110 27
110 29
110 33
110 35
110 37
110 39
110 47
110 48
110 49
110 50
110 56
110 58
110 59
110 63
110 64
110 65
110 66
110 71
110 76
110 77
110 78
110 79
110 80
110 81
110 84
110 85
110 89
110 91
110 92
110 97
110 98
110 99
110 10
111 0
111 1
111 2
111 8
111 9
111 14
111 25
111 26
111 29
111 39
111 40
111 42
111 46
111 47
111 48
111 51
111 52
111 56
111 58
111 66
111 70
111 71
111 74
111 75
111 77
111 78
111 80
111 82
111 87
111 88
111 91
111 92
111 95
111 96
111 97
111 11
112 0
112 1
112 4
112 6
112 7
112 9
112 13
112 17
112 19
112 20
112 22
112 24
112 27
112 28
112 29
112 36
112 41
112 44
112 46
112 47
112 52
112 55
112 56
112 57
112 59
112 60
112 61
112 63
112 64
112 67
112 71
112 72
112 73
112 74
112 78
112 79
112 86
112 88
112 90
112 99
112 12
113 1
113 2
113 8
113 11
113 13
113 15
113 16
113 19
113 20
113 21
113 24
113 26
113 27
113 28
113 29
113 30
113 33
113 36
113 38
113 40
113 41
113 43
113 48
113 49
113 52
113 56
113 59
113 61
113 62
113 64
113 65
113 67
113 71
113 72
113 73
113 74
113 76
113 79
113 80
113 81
113 83
113 87
113 88
113 92
113 93
113 94
113 95
113 96
114 2
114 3
114 4
114 8
114 9
114 10
114 11
114 16
114 18
114 24
114 31
114 32
114 34
114 37
114 38
114 40
114 46
114 47
114 50
114 51
114 52
114 54
114 56
114 57
114 59
114 60
114 61
114 63
114 64
114 71
114 73
114 77
114 78
114 79
114 81
114 83
114 85
114 90
114 91
114 93
114 94
114 96
114 98
114 14
115 2
115 4
115 6
115 9
115 11
115 12
115 17
115 20
115 22
115 27
115 30
115 33
115 34
115 38
115 41
115 44
115 46
115 47
115 51
115 53
115 55
115 58
115 59
115 62
115 63
115 64
115 65
115 68
115 69
115 70
115 72
115 74
115 76
115 77
115 78
115 82
115 86
115 87
115 88
115 94
115 95
115 96
115 99
115 15
116 2
116 3
116 8
116 12
116 13
116 14
116 17
116 22
116 23
116 26
116 30
116 34
116 38
116 42
116 47
116 50
116 54
116 56
116 57
116 61
116 63
116 65
116 66
116 67
116 69
116 72
116 74
116 78
116 79
116 82
116 86
116 87
116 89
116 90
116 92
116 93
116 94
116 95
116 98
116 16
117 0
117 3
117 6
117 10
117 13
117 17
117 18
117 23
117 24
117 25
117 27
117 29
117 31
117 32
117 35
117 36
117 38
117 40
117 42
117 44
117 46
117 51
117 54
117 57
117 58
117 61
117 62
117 63
117 64
117 65
117 68
117 70
117 77
117 78
117 80
117 83
117 86
117 88
117 90
117 91
117 93
117 94
117 99
118 4
118 5
118 6
118 8
118 9
118 11
118 14
118 15
118 17
118 20
118 30
118 35
118 38
118 44
118 45
118 47
118 49
118 50
118 51
118 55
118 56
118 58
118 60
118 64
118 68
118 73
118 74
118 76
118 80
118 85
118 86
118 92
118 98
118 18
119 0
119 3
119 6
119 8
119 9
119 15
119 16
119 19
119 20
119 22
119 26
119 29
119 32
119 33
119 34
119 35
119 39
119 40
119 43
119 46
119 48
119 49
119 55
119 59
119 63
119 64
119 68
119 70
119 71
119 72
119 73
119 74
119 75
119 76
119 77
119 82
119 85
119 86
119 88
119 92
119 93
119 96
119 99
120 7
120 8
120 10
120 12
120 14
120 17
120 18
120 19
120 23
120 24
120 25
120 26
120 31
120 37
120 38
120 42
120 44
120 45
120 46
120 48
120 56
120 60
120 61
120 62
120 68
120 71
120 72
120 76
120 77
120 81
120 82
120 88
120 90
120 96
120 20
121 0
121 5
121 6
121 7
121 8
121 9
121 11
121 13
121 15
121 16
121 17
121 18
121 19
121 22
121 24
121 27
121 31
121 40
121 41
121 44
121 45
121 46
121 48
121 53
121 55
121 57
121 60
121 64
121 65
121 66
121 67
121 70
121 78
121 83
121 86
121 89
121 92
121 21
122 6
122 9
122 12
122 15
122 16
122 17
122 19
122 20
122 21
122 22
122 25
122 27
122 30
122 31
122 32
122 33
122 37
122 39
122 52
122 56
122 62
122 65
122 68
122 72
122 73
122 77
122 78
122 85
122 89
122 97
122 99
123 0
123 2
123 6
123 8
123 12
123 14
123 16
123 17
123 18
123 19
123 24
123 26
123 29
123 30
123 31
123 32
123 34
123 37
123 38
123 40
123 42
123 57
123 58
123 60
123 62
123 65
123 69
123 70
123 72
123 78
123 80
123 81
123 82
123 85
123 86
123 87
123 88
123 90
123 91
123 92
123 95
123 23
124 0
124 2
124 3
124 6
124 10
124 11
124 12
124 14
124 15
124 16
124 17
124 18
124 20
124 21
124 22
124 25
124 31
124 32
124 36
124 37
124 39
124 41
124 42
124 43
124 54
124 61
124 67
124 68
124 69
124 73
124 74
124 75
124 76
124 77
124 79
124 83
124 86
124 88
124 91
124 92
124 93
124 24
125 3
125 4
125 5
125 7
125 17
125 18
125 19
125 23
125 24
125 27
125 28
125 29
125 33
125 34
125 35
125 41
125 42
125 43
125 46
125 47
125 49
125 56
125 61
125 62
125 63
125 64
125 67
125 68
125 74
125 78
125 82
125 84
125 87
125 90
125 91
125 93
125 95
125 96
125 99
125 25
126 4
126 11
126 16
126 17
126 18
126 20
126 21
126 22
126 23
126 27
126 29
126 30
126 31
126 32
126 34
126 38
126 39
126 40
126 43
126 44
126 45
126 47
126 49
126 55
126 57
126 58
126 59
126 60
126 65
126 68
126 69
126 70
126 72
126 73
126 81
126 82
126 85
126 86
126 96
126 97
126 98
126 26
127 1
127 5
127 6
127 11
127 12
127 14
127 16
127 19
127 21
127 26
127 27
127 28
127 29
127 31
127 32
127 38
127 39
127 41
127 42
127 43
127 48
127 63
127 64
127 66
127 71
127 72
127 73
127 79
127 82
127 83
127 84
127 85
127 87
127 89
127 95
127 99
128 3
128 4
128 5
128 6
128 8
128 10
128 11
128 13
128 14
128 18
128 21
128 22
128 24
128 25
128 26
128 27
128 29
128 31
128 32
128 34
128 36
128 41
128 42
128 45
128 46
128 48
128 51
128 52
128 57
128 58
128 59
128 61
128 64
128 71
128 77
128 78
128 79
128 82
128 90
128 92
128 94
128 97
128 98
128 28
129 1
129 5
129 7
129 10
129 11
129 12
129 14
129 16
129 17
129 19
129 21
129 22
129 26
129 27
129 29
129 30
129 33
129 41
129 42
129 46
129 48
129 49
129 51
129 53
129 54
129 59
129 62
129 67
129 70
129 72
129 77
129 78
129 83
129 86
129 87
129 89
129 92
129 93
129 95
129 97
130 1
130 11
130 12
130 14
130 15
130 20
130 21
130 23
130 24
130 28
130 29
130 30
130 32
130 34
130 40
130 42
130 45
130 51
130 58
130 60
130 61
130 63
130 66
130 68
130 69
130 70
130 72
130 73
130 74
130 79
130 89
130 92
130 95
130 98
130 99
131 1
131 3
131 4
131 7
131 8
131 12
131 14
131 16
131 17
131 20
131 22
131 23
131 29
131 30
131 38
131 42
131 43
131 48
131 49
131 50
131 52
131 57
131 58
131 59
131 60
131 64
131 66
131 73
131 81
131 85
131 86
131 91
131 92
131 93
131 95
131 98
131 31
132 3
132 5
132 7
132 10
132 14
132 18
132 20
132 21
132 23
132 29
132 30
132 31
132 32
132 34
132 38
132 41
132 45
132 47
132 49
132 55
132 59
132 65
132 66
132 67
132 68
132 69
132 70
132 73
132 74
132 75
132 76
132 77
132 83
132 87
132 88
132 89
132 90
132 93
132 95
132 96
132 98
133 5
133 11
133 14
133 15
133 16
133 17
133 19
133 20
133 22
133 24
133 28
133 32
133 33
133 35
133 37
133 38
133 39
133 41
133 42
133 44
133 45
133 48
133 50
133 51
133 56
133 59
133 60
133 61
133 62
133 63
133 65
133 71
133 73
133 77
133 78
133 79
133 83
133 86
133 87
133 91
133 94
133 98
134 0
134 1
134 9
134 10
134 12
134 13
134 18
134 23
134 24
134 26
134 29
134 33
134 34
134 35
134 37
134 39
134 41
134 42
134 48
134 49
134 54
134 61
134 62
134 63
134 65
134 67
134 69
134 74
134 75
134 76
134 80
134 82
134 86
134 87
134 88
134 95
134 97
135 3
135 4
135 5
135 6
135 10
135 13
135 16
135 19
135 23
135 26
135 28
135 29
135 31
135 33
135 34
135 37
135 43
135 44
135 49
135 51
135 58
135 62
135 64
135 65
135 67
135 69
135 72
135 76
135 81
135 82
135 84
135 85
135 90
135 91
135 98
135 99
135 35
136 0
136 16
136 19
136 20
136 23
136 24
136 26
136 27
136 28
136 32
136 33
136 34
136 36
136 38
136 43
136 44
136 47
136 48
136 49
136 50
136 52
136 53
136 54
136 58
136 59
136 60
136 61
136 63
136 64
136 67
136 68
136 74
136 76
136 77
136 79
136 80
136 82
136 83
136 86
136 88
136 90
136 98
136 99
137 0
137 1
137 2
137 3
137 4
137 5
137 14
137 15
137 16
137 19
137 25
137 26
137 28
137 31
137 32
137 34
137 35
137 36
137 37
137 38
137 41
137 45
137 47
137 48
137 49
137 50
137 51
137 59
137 67
137 71
137 72
137 77
137 78
137 79
137 84
137 88
137 97
137 99
138 8
138 13
138 26
138 27
138 30
138 33
138 34
138 38
138 40
138 42
138 43
138 44
138 45
138 46
138 47
138 51
138 54
138 56
138 58
138 59
138 62
138 64
138 66
138 67
138 68
138 69
138 71
138 76
138 78
138 80
138 82
138 83
138 85
138 86
138 90
138 92
138 93
138 94
138 95
138 96
138 97
138 98
139 1
139 2
139 5
139 6
139 8
139 16
139 20
139 23
139 25
139 28
139 30
139 31
139 33
139 34
139 36
139 37
139 38
139 44
139 46
139 48
139 50
139 54
139 55
139 56
139 57
139 59
139 60
139 63
139 64
139 65
139 66
139 68
139 69
139 75
139 77
139 78
139 79
139 81
139 82
139 83
139 84
139 85
139 88
139 90
139 91
139 94
139 95
139 96
139 97
139 39
140 0
140 3
140 4
140 7
140 11
140 12
140 15
140 19
140 20
140 24
140 25
140 26
140 32
140 34
140 35
140 41
140 44
140 48
140 54
140 55
140 57
140 60
140 62
140 63
140 65
140 68
140 70
140 74
140 75
140 78
140 82
140 86
140 88
140 90
140 93
140 97
140 40
141 1
141 5
141 7
141 8
141 15
141 20
141 24
141 26
141 27
141 29
141 30
141 32
141 34
141 40
141 43
141 44
141 45
141 48
141 49
141 51
141 52
141 53
141 56
141 57
141 59
141 60
141 61
141 62
141 63
141 64
141 68
141 70
141 71
141 72
141 77
141 78
141 79
141 84
141 86
141 91
141 95
141 98
141 41
142 0
142 3
142 4
142 5
142 9
142 10
142 12
142 13
142 14
142 18
142 20
142 24
142 27
142 29
142 33
142 35
142 36
142 41
142 42
142 44
142 48
142 49
142 54
142 56
142 57
142 61
142 64
142 67
142 72
142 73
142 76
142 79
142 82
142 84
142 86
142 90
142 91
142 93
142 96
143 4
143 14
143 15
143 17
143 19
143 30
143 34
143 35
143 36
143 41
143 43
143 44
143 46
143 51
143 52
143 54
143 57
143 61
143 64
143 67
143 70
143 79
143 84
143 90
143 92
143 93
143 94
143 95
143 97
144 0
144 1
144 2
144 9
144 13
144 24
144 33
144 34
144 36
144 37
144 39
144 40
144 41
144 42
144 45
144 46
144 47
144 49
144 51
144 52
144 53
144 59
144 61
144 65
144 68
144 70
144 74
144 75
144 76
144 77
144 81
144 83
144 87
144 88
144 89
144 90
144 91
144 95
144 97
144 99
144 44
145 0
145 1
145 2
145 8
145 12
145 14
145 16
145 21
145 23
145 24
145 26
145 28
145 35
145 41
145 42
145 43
145 45
145 48
145 53
145 56
145 59
145 61
145 63
145 64
145 67
145 72
145 77
145 82
145 85
145 87
145 89
145 90
145 96
146 0
146 4
146 7
146 11
146 21
146 22
146 24
146 25
146 34
146 36
146 37
146 38
146 39
146 41
146 42
146 44
146 58
146 62
146 65
146 66
146 69
146 70
146 74
146 75
146 76
146 77
146 82
146 88
146 93
146 95
146 97
146 46
147 3
147 5
147 7
147 8
147 9
147 10
147 13
147 19
147 21
147 23
147 29
147 31
147 33
147 34
147 36
147 40
147 41
147 42
147 44
147 45
147 46
147 50
147 51
147 54
147 57
147 60
147 61
147 63
147 68
147 69
147 71
147 73
147 74
147 75
147 76
147 77
147 78
147 82
147 83
147 84
147 92
147 93
147 95
147 96
147 97
147 47
148 0
148 1
148 2
148 4
148 5
148 9
148 10
148 11
148 17
148 21
148 22
148 23
148 27
148 29
148 33
148 37
148 40
148 44
148 50
148 51
148 59
148 61
148 66
148 77
148 79
148 81
148 83
148 84
148 91
148 93
148 48
149 3
149 4
149 5
149 6
149 7
149 9
149 10
149 11
149 13
149 14
149 16
149 20
149 21
149 22
149 25
149 26
149 27
149 31
149 33
149 34
149 37
149 39
149 40
149 41
149 42
149 47
149 49
149 51
149 52
149 58
149 60
149 61
149 67
149 71
149 83
149 84
149 85
149 88
149 90
149 91
149 93
149 94
149 96
149 97
150 1
150 7
150 9
150 10
150 12
150 17
150 18
150 19
150 21
150 23
150 24
150 27
150 28
150 29
150 31
150 37
150 38
150 39
150 40
150 51
150 54
150 60
150 63
150 64
150 66
150 72
150 73
150 74
150 83
150 84
150 97
150 50
151 4
151 7
151 13
151 14
151 15
151 19
151 22
151 23
151 29
151 31
151 33
151 38
151 44
151 49
151 52
151 55
151 56
151 58
151 61
151 62
151 65
151 68
151 70
151 73
151 74
151 81
151 83
151 84
151 86
151 87
151 88
151 92
151 94
151 97
151 99
151 51
152 2
152 5
152 8
152 9
152 11
152 13
152 16
152 20
152 21
152 22
152 24
152 32
152 33
152 34
152 38
152 40
152 46
152 49
152 50
152 57
152 60
152 67
152 68
152 71
152 73
152 75
152 82
152 83
152 85
152 95
152 97
152 99
152 52
153 4
153 6
153 7
153 9
153 11
153 12
153 17
153 19
153 28
153 30
153 31
153 39
153 40
153 41
153 45
153 49
153 54
153 55
153 56
153 59
153 60
153 61
153 62
153 63
153 64
153 66
153 67
153 68
153 71
153 72
153 73
153 77
153 85
153 86
153 88
153 91
153 94
153 97
153 98
153 99
153 53
154 1
154 5
154 9
154 10
154 11
154 12
154 15
154 21
154 22
154 24
154 26
154 27
154 28
154 29
154 30
154 34
154 37
154 38
154 47
154 50
154 51
154 54
154 58
154 60
154 61
154 65
154 66
154 69
154 70
154 71
154 73
154 77
154 79
154 82
154 84
154 90
154 91
154 92
154 93
155 1
155 3
155 6
155 10
155 17
155 23
155 24
155 29
155 31
155 32
155 34
155 37
155 38
155 41
155 42
155 43
155 44
155 52
155 55
155 58
155 60
155 62
155 63
155 66
155 67
155 69
155 71
155 76
155 78
155 80
155 81
155 84
155 90
155 93
155 94
155 98
155 99
156 3
156 5
156 6
156 10
156 11
156 23
156 26
156 30
156 32
156 33
156 34
156 37
156 49
156 50
156 54
156 57
156 58
156 59
156 60
156 63
156 65
156 68
156 69
156 75
156 80
156 82
156 84
156 86
156 88
156 89
156 91
156 92
156 93
156 98
156 56
157 4
157 5
157 6
157 10
157 11
157 13
157 22
157 25
157 27
157 39
157 41
157 46
157 47
157 48
157 49
157 50
157 52
157 53
157 54
157 56
157 58
157 60
157 61
157 64
157 67
157 70
157 71
157 73
157 77
157 78
157 82
157 84
157 86
157 87
157 88
157 92
157 93
157 94
157 98
157 57
158 0
158 1
158 6
158 11
158 13
158 16
158 21
158 22
158 25
158 27
158 28
158 29
158 30
158 35
158 36
158 50
158 52
158 54
158 57
158 58
158 61
158 64
158 65
158 66
158 67
158 69
158 71
158 72
158 73
158 80
158 83
158 86
158 88
158 90
158 97
159 4
159 5
159 11
159 13
159 14
159 17
159 18
159 23
159 25
159 27
159 28
159 30
159 33
159 34
159 40
159 43
159 45
159 47
159 50
159 51
159 52
159 56
159 58
159 60
159 61
159 63
159 64
159 65
159 66
159 70
159 71
159 72
159 73
159 74
159 75
159 76
159 77
159 78
159 79
159 83
159 86
159 88
159 90
159 91
159 95
159 97
159 59
160 0
160 1
160 4
160 5
160 7
160 8
160 9
160 12
160 13
160 15
160 20
160 21
160 22
160 24
160 26
160 29
160 32
160 33
160 35
160 36
160 37
160 45
160 46
160 50
160 57
160 61
160 62
160 63
160 68
160 73
160 76
160 77
160 78
160 80
160 85
160 88
160 93
160 95
160 97
160 60
161 2
161 3
161 4
161 9
161 11
161 12
161 14
161 15
161 22
161 26
161 27
161 28
161 29
161 33
161 36
161 37
161 38
161 40
161 43
161 44
161 48
161 49
161 50
161 51
161 53
161 55
161 57
161 61
161 63
161 68
161 69
161 76
161 81
161 83
161 87
161 90
161 94
161 97
161 98
161 99
162 0
162 1
162 8
162 16
162 19
162 21
162 29
162 30
162 31
162 32
162 33
162 39
162 43
162 44
162 51
162 52
162 55
162 57
162 61
162 63
162 68
162 69
162 71
162 72
162 78
162 79
162 80
162 83
162 87
162 91
162 93
162 96
162 98
162 62
163 2
163 4
163 5
163 6
163 10
163 12
163 13
163 16
163 17
163 18
163 21
163 23
163 25
163 29
163 30
163 31
163 32
163 38
163 42
163 43
163 45
163 46
163 49
163 50
163 54
163 58
163 62
163 64
163 66
163 68
163 70
163 71
163 75
163 77
163 78
163 80
163 81
163 87
163 88
163 94
163 95
163 96
163 99
163 63
164 1
164 2
164 4
164 7
164 8
164 10
164 11
164 12
164 13
164 16
164 19
164 20
164 22
164 26
164 28
164 29
164 32
164 34
164 35
164 36
164 37
164 38
164 43
164 46
164 49
164 52
164 55
164 57
164 58
164 60
164 62
164 63
164 67
164 68
164 73
164 75
164 81
164 82
164 83
164 84
164 87
164 89
164 91
164 95
164 99
164 64
165 1
165 3
165 5
165 7
165 10
165 12
165 18
165 24
165 25
165 26
165 27
165 28
165 32
165 39
165 46
165 47
165 48
165 50
165 51
165 53
165 54
165 56
165 60
165 62
165 63
165 69
165 70
165 71
165 72
165 73
165 77
165 78
165 81
165 82
165 85
165 86
165 89
165 90
165 94
165 98
165 99
165 65
166 0
166 4
166 6
166 13
166 14
166 19
166 24
166 26
166 28
166 37
166 38
166 40
166 43
166 44
166 47
166 49
166 50
166 51
166 52
166 56
166 57
166 59
166 60
166 61
166 63
166 65
166 66
166 71
166 76
166 80
166 84
166 86
166 88
166 97
166 98
166 99
167 0
167 1
167 3
167 4
167 5
167 8
167 9
167 10
167 11
167 13
167 15
167 18
167 21
167 28
167 29
167 34
167 38
167 42
167 43
167 46
167 50
167 52
167 57
167 64
167 65
167 67
167 68
167 69
167 71
167 74
167 83
167 85
167 88
167 89
167 90
167 91
167 92
167 94
168 10
168 13
168 14
168 17
168 19
168 21
168 22
168 24
168 26
168 28
168 32
168 33
168 35
168 40
168 50
168 51
168 53
168 56
168 57
168 58
168 63
168 64
168 66
168 67
168 75
168 81
168 83
168 86
168 92
168 94
168 95
168 97
168 68
169 0
169 2
169 3
169 4
169 9
169 11
169 17
169 18
169 23
169 26
169 27
169 30
169 31
169 32
169 33
169 43
169 47
169 48
169 56
169 57
169 58
169 59
169 66
169 67
169 68
169 70
169 72
169 73
169 74
169 75
169 76
169 78
169 80
169 86
169 87
169 88
169 90
169 94
169 96
169 98
169 69
170 5
170 7
170 10
170 13
170 16
170 17
170 18
170 20
170 21
170 24
170 26
170 28
170 29
170 31
170 36
170 37
170 41
170 47
170 49
170 55
170 56
170 61
170 64
170 65
170 67
170 69
170 70
170 72
170 78
170 79
170 85
170 86
170 88
170 91
170 97
170 98
171 1
171 3
171 4
171 8
171 9
171 11
171 13
171 14
171 15
171 17
171 21
171 23
171 24
171 25
171 26
171 32
171 34
171 36
171 37
171 43
171 44
171 50
171 51
171 52
171 53
171 54
171 59
171 65
171 67
171 68
171 69
171 70
171 71
171 72
171 73
171 75
171 78
171 86
171 88
171 96
172 0
172 2
172 7
172 8
172 10
172 13
172 14
172 17
172 19
172 21
172 22
172 24
172 29
172 31
172 32
172 33
172 34
172 37
172 40
172 42
172 49
172 50
172 51
172 57
172 58
172 60
172 62
172 67
172 68
172 73
172 77
172 78
172 79
172 81
172 83
172 87
172 88
172 91
172 93
172 97
172 72
173 2
173 5
173 9
173 10
173 14
173 15
173 17
173 20
173 21
173 24
173 25
173 30
173 31
173 32
173 33
173 37
173 46
173 47
173 48
173 51
173 54
173 56
173 58
173 60
173 61
173 64
173 66
173 79
173 80
173 81
173 82
173 83
173 87
173 90
173 91
173 94
173 73
174 0
174 2
174 7
174 8
174 11
174 12
174 13
174 15
174 16
174 20
174 21
174 22
174 25
174 26
174 27
174 28
174 33
174 39
174 41
174 47
174 48
174 49
174 51
174 62
174 66
174 67
174 71
174 73
174 76
174 77
174 78
174 79
174 80
174 81
174 87
174 88
174 90
174 92
174 95
174 99
174 74
175 2
175 7
175 8
175 10
175 11
175 12
175 16
175 18
175 25
175 29
175 30
175 32
175 35
175 37
175 38
175 39
175 40
175 43
175 44
175 46
175 48
175 50
175 54
175 57
175 59
175 62
175 65
175 66
175 72
175 76
175 80
175 81
175 82
175 83
175 86
175 88
175 91
175 92
175 93
175 94
175 95
175 96
175 98
175 99
175 75
176 2
176 3
176 6
176 11
176 14
176 15
176 23
176 24
176 27
176 29
176 30
176 45
176 50
176 51
176 52
176 58
176 63
176 64
176 68
176 76
176 77
176 78
176 83
176 93
176 94
176 97
176 98
176 99
177 0
177 3
177 8
177 9
177 10
177 18
177 19
177 23
177 26
177 28
177 29
177 30
177 31
177 34
177 35
177 38
177 43
177 44
177 47
177 51
177 53
177 55
177 56
177 59
177 62
177 65
177 66
177 69
177 70
177 74
177 76
177 77
177 82
177 94
177 96
177 97
178 2
178 3
178 5
178 6
178 11
178 12
178 13
178 14
178 15
178 20
178 22
178 24
178 26
178 27
178 28
178 31
178 33
178 35
178 40
178 41
178 46
178 52
178 54
178 55
178 56
178 58
178 59
178 63
178 65
178 67
178 69
178 70
178 72
178 73
178 77
178 78
178 79
178 80
178 81
178 87
178 91
178 95
179 0
179 2
179 5
179 6
179 17
179 21
179 22
179 25
179 28
179 29
179 31
179 33
179 35
179 36
179 37
179 39
179 44
179 45
179 48
179 51
179 55
179 56
179 57
179 60
179 62
179 67
179 68
179 69
179 70
179 73
179 74
179 76
179 77
179 78
179 80
179 82
179 83
179 88
179 93
179 95
179 96
179 79
180 1
180 3
180 5
180 8
180 10
180 12
180 20
180 22
180 23
180 25
180 33
180 35
180 39
180 41
180 43
180 45
180 47
180 50
180 52
180 59
180 60
180 62
180 64
180 65
180 66
180 68
180 75
180 76
180 80
180 81
180 85
180 87
180 89
180 91
180 92
181 0
181 1
181 5
181 7
181 8
181 10
181 12
181 13
181 17
181 18
181 19
181 21
181 23
181 24
181 26
181 28
181 30
181 40
181 41
181 42
181 46
181 48
181 49
181 50
181 51
181 52
181 53
181 61
181 65
181 69
181 71
181 75
181 76
181 77
181 80
181 81
181 83
181 86
181 87
181 88
181 91
181 96
181 98
182 1
182 7
182 8
182 10
182 12
182 13
182 14
182 15
182 17
182 18
182 22
182 23
182 24
182 25
182 26
182 27
182 31
182 35
182 39
182 40
182 41
182 45
182 48
182 49
182 56
182 65
182 66
182 67
182 68
182 69
182 70
182 71
182 72
182 73
182 78
182 79
182 81
182 83
182 84
182 89
182 92
182 93
182 94
182 95
182 96
182 97
182 98
182 99
182 82
183 5
183 6
183 7
183 9
183 12
183 15
183 16
183 18
183 19
183 20
183 21
183 24
183 25
183 34
183 35
183 36
183 37
183 38
183 41
183 45
183 46
183 50
183 53
183 54
183 55
183 59
183 61
183 63
183 65
183 67
183 68
183 72
183 73
183 74
183 75
183 76
183 79
183 81
183 84
183 85
183 90
183 91
183 93
183 94
183 98
183 83
184 3
184 4
184 5
184 6
184 11
184 12
184 13
184 14
184 15
184 17
184 19
184 20
184 21
184 32
184 33
184 35
184 40
184 47
184 48
184 53
184 55
184 58
184 61
184 63
184 66
184 75
184 76
184 89
184 92
184 93
184 97
184 98
184 99
184 84
185 1
185 3
185 6
185 10
185 15
185 16
185 18
185 19
185 20
185 22
185 23
185 24
185 26
185 30
185 32
185 33
185 37
185 43
185 44
185 52
185 53
185 57
185 59
185 60
185 64
185 67
185 74
185 78
185 87
185 88
185 89
185 94
185 99
185 85
186 1
186 2
186 3
186 4
186 8
186 13
186 14
186 17
186 21
186 23
186 24
186 25
186 26
186 30
186 32
186 33
186 39
186 42
186 43
186 44
186 45
186 48
186 51
186 52
186 57
186 58
186 59
186 61
186 64
186 65
186 67
186 68
186 70
186 71
186 72
186 73
186 75
186 79
186 86
186 88
186 89
186 90
186 91
186 93
186 94
186 95
187 1
187 3
187 4
187 6
187 8
187 10
187 14
187 15
187 18
187 21
187 24
187 25
187 27
187 28
187 30
187 33
187 35
187 37
187 38
187 42
187 45
187 46
187 51
187 52
187 53
187 54
187 56
187 57
187 58
187 60
187 61
187 62
187 65
187 70
187 71
187 82
187 86
187 88
187 89
187 90
187 91
187 94
187 95
187 98
187 99
187 87
188 0
188 2
188 8
188 9
188 14
188 15
188 17
188 21
188 22
188 23
188 25
188 26
188 27
188 32
188 33
188 34
188 35
188 36
188 37
188 42
188 43
188 45
188 46
188 51
188 54
188 60
188 63
188 64
188 67
188 68
188 70
188 71
188 72
188 78
188 79
188 80
188 83
188 84
188 85
188 86
188 87
188 89
188 92
188 93
188 96
188 97
188 99
188 88
189 2
189 3
189 4
189 6
189 7
189 14
189 15
189 19
189 20
189 21
189 23
189 25
189 26
189 27
189 34
189 37
189 39
189 45
189 47
189 49
189 52
189 54
189 56
189 62
189 66
189 67
189 70
189 73
189 74
189 76
189 78
189 79
189 83
189 84
189 85
189 88
189 91
189 99
189 89
190 1
190 2
190 3
190 7
190 9
190 10
190 11
190 12
190 16
190 17
190 18
190 19
190 21
190 22
190 23
190 25
190 29
190 30
190 33
190 35
190 43
190 45
190 48
190 49
190 54
190 58
190 61
190 62
190 63
190 64
190 65
190 70
190 78
190 79
190 81
190 82
190 83
190 88
190 89
190 90
190 91
190 93
190 97
191 1
191 12
191 19
191 21
191 23
191 27
191 28
191 30
191 31
191 34
191 35
191 36
191 37
191 41
191 43
191 44
191 47
191 51
191 53
191 58
191 60
191 66
191 67
191 72
191 73
191 75
191 76
191 80
191 81
191 84
191 85
191 86
191 87
191 91
191 93
191 94
191 95
192 1
192 4
192 8
192 11
192 16
192 18
192 19
192 20
192 24
192 29
192 33
192 37
192 39
192 40
192 41
192 42
192 43
192 44
192 48
192 49
192 51
192 52
192 53
192 54
192 56
192 57
192 58
192 61
192 62
192 63
192 65
192 66
192 68
192 71
192 73
192 75
192 76
192 78
192 80
192 83
192 88
192 93
192 94
192 95
192 98
192 92
193 0
193 3
193 5
193 6
193 9
193 10
193 12
193 16
193 17
193 21
193 23
193 29
193 34
193 37
193 41
193 42
193 43
193 44
193 49
193 50
193 51
193 52
193 53
193 54
193 55
193 58
193 62
193 65
193 66
193 67
193 68
193 74
193 75
193 76
193 77
193 80
193 81
193 83
193 84
193 87
193 89
193 91
193 92
193 93
194 4
194 5
194 6
194 7
194 8
194 9
194 11
194 18
194 20
194 21
194 22
194 24
194 30
194 34
194 36
194 38
194 53
194 55
194 62
194 66
194 67
194 69
194 70
194 71
194 72
194 84
194 85
194 87
194 88
194 89
194 90
194 92
194 93
194 94
195 0
195 1
195 4
195 5
195 7
195 8
195 11
195 16
195 19
195 21
195 23
195 26
195 33
195 35
195 36
195 37
195 44
195 45
195 46
195 47
195 50
195 51
195 52
195 54
195 56
195 63
195 65
195 66
195 68
195 70
195 71
195 72
195 76
195 81
195 83
195 84
195 85
195 86
195 87
195 88
195 89
195 90
195 95
195 98
195 99
196 3
196 4
196 5
196 7
196 8
196 9
196 11
196 13
196 14
196 18
196 19
196 20
196 23
196 25
196 26
196 27
196 29
196 30
196 31
196 35
196 37
196 38
196 39
196 42
196 44
196 51
196 56
196 64
196 71
196 73
196 75
196 76
196 78
196 80
196 81
196 82
196 86
196 87
196 92
196 93
196 94
196 95
196 97
196 99
196 96
197 2
197 5
197 6
197 7
197 10
197 14
197 15
197 16
197 19
197 21
197 22
197 26
197 27
197 29
197 30
197 32
197 35
197 38
197 41
197 42
197 43
197 45
197 46
197 47
197 48
197 49
197 53
197 54
197 61
197 65
197 66
197 67
197 71
197 73
197 74
197 75
197 77
197 78
197 81
197 87
197 90
197 97
198 0
198 5
198 8
198 10
198 14
198 21
198 22
198 23
198 25
198 27
198 29
198 31
198 32
198 34
198 36
198 48
198 51
198 53
198 54
198 55
198 57
198 59
198 68
198 69
198 74
198 75
198 79
198 84
198 88
198 89
198 90
198 96
198 97
198 98
199 3
199 4
199 5
199 9
199 10
199 12
199 13
199 14
199 16
199 17
199 23
199 24
199 25
199 26
199 28
199 35
199 37
199 40
199 41
199 45
199 46
199 47
199 50
199 52
199 53
199 54
199 57
199 58
199 59
199 61
199 63
199 64
199 66
199 71
199 72
199 76
199 78
199 85
199 87
199 88
199 92
199 98
199 99
