  500   2706
0 258
0 279
0 334
0 357
0 362
0 364
0 376
0 429
0 9
0 71
0 75
0 108
0 127
0 134
0 136
0 193
0 206
0 236
0 250
1 250
1 303
1 391
1 23
1 62
1 70
1 73
1 109
1 114
1 132
1 135
1 147
1 149
1 168
1 175
1 178
1 202
1 251
2 273
2 321
2 353
2 358
2 376
2 402
2 3
2 7
2 22
2 37
2 39
2 56
2 58
2 112
2 117
2 119
2 138
2 146
2 151
2 160
2 167
2 201
2 232
2 252
3 251
3 426
3 464
3 471
3 2
3 16
3 39
3 48
3 107
3 132
3 143
3 173
3 199
3 236
3 253
4 261
4 316
4 323
4 374
4 396
4 418
4 467
4 470
4 37
4 93
4 94
4 101
4 174
4 254
5 271
5 285
5 299
5 447
5 454
5 34
5 61
5 97
5 128
5 141
5 151
5 164
5 171
5 221
5 231
5 241
5 255
6 253
6 356
6 439
6 490
6 492
6 31
6 39
6 44
6 117
6 126
6 133
6 180
6 212
6 256
7 343
7 486
7 2
7 80
7 83
7 208
7 227
7 257
8 262
8 275
8 299
8 434
8 474
8 14
8 33
8 45
8 81
8 188
8 220
8 231
8 258
9 271
9 393
9 413
9 0
9 21
9 46
9 47
9 70
9 75
9 79
9 85
9 107
9 198
9 218
9 259
10 276
10 299
10 380
10 420
10 484
10 22
10 28
10 41
10 74
10 115
10 127
10 167
10 191
10 209
10 242
10 260
11 280
11 301
11 386
11 397
11 398
11 399
11 448
11 499
11 15
11 20
11 22
11 48
11 83
11 85
11 116
11 121
11 128
11 158
11 167
11 214
11 247
11 261
12 256
12 283
12 337
12 424
12 495
12 21
12 69
12 96
12 161
12 214
12 219
12 226
12 262
13 253
13 274
13 302
13 305
13 343
13 438
13 441
13 470
13 45
13 122
13 129
13 196
13 205
13 229
13 249
13 263
14 448
14 466
14 8
14 25
14 26
14 40
14 41
14 49
14 56
14 57
14 99
14 115
14 164
14 169
14 191
14 197
14 241
14 264
15 375
15 11
15 25
15 28
15 38
15 68
15 104
15 144
15 160
15 167
15 173
15 201
15 210
15 219
15 265
16 420
16 444
16 3
16 33
16 70
16 88
16 145
16 182
16 184
16 203
16 239
16 266
17 317
17 336
17 348
17 366
17 382
17 433
17 28
17 70
17 114
17 150
17 167
17 216
17 242
17 267
18 255
18 374
18 398
18 402
18 427
18 454
18 58
18 68
18 96
18 110
18 167
18 175
18 181
18 209
18 212
18 268
19 277
19 361
19 397
19 418
19 471
19 118
19 144
19 215
19 240
19 248
19 269
20 499
20 383
20 11
20 22
20 77
20 97
20 115
20 132
20 209
20 270
21 250
21 282
21 283
21 311
21 344
21 418
21 442
21 450
21 460
21 9
21 12
21 29
21 50
21 76
21 94
21 146
21 148
21 161
21 271
22 287
22 414
22 428
22 429
22 2
22 10
22 11
22 20
22 67
22 96
22 100
22 131
22 213
22 214
22 241
22 248
22 272
23 337
23 365
23 470
23 1
23 35
23 44
23 56
23 126
23 161
23 206
23 232
23 273
24 313
24 360
24 375
24 461
24 496
24 25
24 31
24 41
24 67
24 82
24 115
24 131
24 133
24 274
25 253
25 258
25 404
25 460
25 14
25 15
25 24
25 103
25 113
25 179
25 183
25 203
25 227
25 241
25 275
26 277
26 314
26 367
26 443
26 494
26 14
26 47
26 80
26 131
26 147
26 184
26 204
26 209
26 276
27 497
27 47
27 57
27 78
27 92
27 111
27 135
27 177
27 183
27 210
27 229
27 230
27 233
27 277
28 277
28 296
28 323
28 495
28 10
28 15
28 17
28 34
28 50
28 71
28 75
28 80
28 92
28 105
28 117
28 127
28 179
28 185
28 220
28 223
28 278
29 325
29 341
29 346
29 429
29 21
29 50
29 60
29 101
29 124
29 135
29 156
29 175
29 184
29 194
29 279
30 308
30 317
30 417
30 428
30 448
30 50
30 73
30 98
30 125
30 142
30 170
30 193
30 222
30 243
30 280
31 253
31 262
31 327
31 488
31 6
31 24
31 182
31 213
31 239
31 281
32 283
32 291
32 388
32 56
32 134
32 210
32 235
32 282
33 303
33 385
33 428
33 492
33 8
33 16
33 43
33 99
33 143
33 174
33 182
33 249
33 283
34 319
34 326
34 349
34 372
34 493
34 5
34 28
34 47
34 56
34 83
34 162
34 171
34 198
34 205
34 207
34 284
35 253
35 255
35 392
35 444
35 445
35 496
35 23
35 45
35 62
35 74
35 98
35 123
35 125
35 133
35 144
35 148
35 173
35 285
36 297
36 362
36 379
36 392
36 112
36 142
36 172
36 182
36 193
36 286
37 295
37 310
37 318
37 459
37 470
37 477
37 2
37 4
37 59
37 160
37 171
37 175
37 190
37 191
37 202
37 214
37 237
37 287
38 287
38 369
38 389
38 439
38 460
38 15
38 116
38 145
38 163
38 203
38 208
38 231
38 288
39 251
39 256
39 273
39 369
39 374
39 487
39 2
39 3
39 6
39 47
39 94
39 111
39 131
39 132
39 152
39 161
39 289
40 268
40 269
40 444
40 459
40 14
40 46
40 50
40 126
40 144
40 148
40 167
40 174
40 290
41 346
41 416
41 424
41 456
41 10
41 14
41 24
41 45
41 47
41 90
41 99
41 103
41 106
41 109
41 110
41 130
41 133
41 156
41 174
41 219
41 291
42 296
42 354
42 378
42 415
42 100
42 102
42 136
42 139
42 195
42 225
42 234
42 292
43 274
43 319
43 388
43 466
43 472
43 496
43 33
43 47
43 91
43 136
43 187
43 240
43 293
44 311
44 390
44 436
44 437
44 464
44 466
44 6
44 23
44 83
44 92
44 102
44 122
44 183
44 229
44 294
45 278
45 287
45 312
45 319
45 369
45 387
45 405
45 427
45 8
45 13
45 35
45 41
45 94
45 113
45 201
45 230
45 236
45 295
46 411
46 9
46 40
46 64
46 72
46 129
46 131
46 135
46 154
46 171
46 296
47 372
47 493
47 9
47 26
47 27
47 34
47 39
47 41
47 43
47 55
47 77
47 109
47 110
47 129
47 182
47 190
47 198
47 208
47 212
47 227
47 297
48 374
48 416
48 427
48 470
48 3
48 11
48 57
48 59
48 117
48 126
48 134
48 153
48 187
48 198
48 227
48 249
48 298
49 270
49 281
49 289
49 302
49 354
49 368
49 432
49 436
49 474
49 485
49 498
49 14
49 84
49 91
49 139
49 169
49 187
49 299
50 321
50 410
50 417
50 495
50 21
50 28
50 29
50 30
50 40
50 57
50 71
50 141
50 147
50 163
50 179
50 202
50 209
50 300
51 264
51 344
51 388
51 417
51 466
51 489
51 69
51 76
51 79
51 91
51 117
51 133
51 149
51 162
51 185
51 195
51 207
51 209
51 301
52 296
52 373
52 407
52 449
52 477
52 481
52 59
52 86
52 100
52 128
52 131
52 184
52 226
52 249
52 302
53 392
53 448
53 454
53 479
53 481
53 95
53 108
53 133
53 142
53 143
53 155
53 214
53 241
53 303
54 271
54 295
54 296
54 363
54 401
54 449
54 451
54 117
54 154
54 166
54 180
54 189
54 190
54 191
54 202
54 304
55 334
55 433
55 47
55 70
55 108
55 137
55 143
55 145
55 154
55 206
55 214
55 235
55 305
56 398
56 2
56 14
56 23
56 32
56 34
56 63
56 74
56 81
56 85
56 86
56 92
56 99
56 182
56 193
56 306
57 325
57 395
57 457
57 471
57 473
57 14
57 27
57 48
57 50
57 65
57 66
57 73
57 107
57 110
57 124
57 138
57 144
57 149
57 230
57 237
57 307
58 290
58 334
58 372
58 434
58 444
58 2
58 18
58 79
58 84
58 85
58 86
58 90
58 128
58 179
58 192
58 193
58 203
58 208
58 221
58 224
58 308
59 266
59 282
59 343
59 345
59 374
59 37
59 48
59 52
59 92
59 101
59 175
59 239
59 309
60 266
60 274
60 308
60 309
60 315
60 348
60 447
60 467
60 29
60 70
60 82
60 131
60 139
60 167
60 170
60 174
60 205
60 221
60 223
60 236
60 246
60 310
61 266
61 282
61 364
61 369
61 371
61 432
61 454
61 5
61 67
61 70
61 97
61 98
61 103
61 145
61 157
61 204
61 205
61 209
61 223
61 226
61 231
61 235
61 311
62 268
62 309
62 330
62 1
62 35
62 104
62 129
62 138
62 157
62 165
62 176
62 183
62 223
62 229
62 312
63 291
63 366
63 405
63 446
63 56
63 107
63 118
63 126
63 141
63 171
63 182
63 243
63 313
64 289
64 354
64 455
64 478
64 46
64 71
64 97
64 106
64 135
64 152
64 160
64 186
64 187
64 206
64 314
65 311
65 336
65 338
65 57
65 89
65 146
65 175
65 210
65 228
65 315
66 389
66 471
66 487
66 57
66 69
66 93
66 138
66 211
66 235
66 238
66 242
66 316
67 285
67 344
67 351
67 399
67 420
67 456
67 490
67 22
67 24
67 61
67 100
67 115
67 141
67 211
67 317
68 409
68 445
68 479
68 15
68 18
68 100
68 108
68 150
68 183
68 198
68 318
69 285
69 291
69 358
69 440
69 12
69 51
69 66
69 80
69 152
69 319
70 260
70 333
70 426
70 436
70 1
70 9
70 16
70 17
70 55
70 60
70 61
70 110
70 115
70 133
70 158
70 166
70 179
70 187
70 195
70 219
70 244
70 320
71 306
71 472
71 0
71 28
71 50
71 64
71 119
71 121
71 168
71 197
71 205
71 321
72 254
72 46
72 127
72 169
72 198
72 322
73 271
73 284
73 303
73 317
73 354
73 390
73 454
73 478
73 1
73 30
73 57
73 79
73 80
73 101
73 142
73 185
73 202
73 211
73 323
74 299
74 325
74 343
74 455
74 458
74 10
74 35
74 56
74 155
74 162
74 203
74 233
74 324
75 286
75 344
75 352
75 378
75 397
75 408
75 455
75 0
75 9
75 28
75 122
75 158
75 200
75 221
75 325
76 320
76 426
76 21
76 51
76 168
76 178
76 326
77 288
77 306
77 322
77 366
77 20
77 47
77 91
77 144
77 156
77 179
77 204
77 218
77 239
77 327
78 421
78 455
78 484
78 27
78 98
78 138
78 169
78 174
78 186
78 238
78 328
79 285
79 294
79 308
79 374
79 378
79 484
79 9
79 51
79 58
79 73
79 102
79 125
79 158
79 198
79 204
79 233
79 329
80 351
80 399
80 412
80 487
80 7
80 26
80 28
80 69
80 73
80 147
80 148
80 249
80 330
81 272
81 318
81 325
81 401
81 429
81 476
81 8
81 56
81 90
81 112
81 167
81 179
81 206
81 209
81 242
81 331
82 269
82 347
82 364
82 424
82 24
82 60
82 130
82 131
82 135
82 177
82 218
82 227
82 332
83 313
83 353
83 420
83 477
83 482
83 7
83 11
83 34
83 44
83 110
83 123
83 178
83 184
83 243
83 333
84 317
84 356
84 377
84 432
84 474
84 494
84 49
84 58
84 100
84 183
84 204
84 206
84 225
84 237
84 334
85 258
85 262
85 312
85 331
85 361
85 423
85 428
85 430
85 444
85 9
85 11
85 56
85 58
85 119
85 129
85 136
85 162
85 175
85 335
86 297
86 350
86 358
86 367
86 382
86 401
86 475
86 487
86 52
86 56
86 58
86 88
86 104
86 124
86 134
86 149
86 161
86 176
86 184
86 191
86 194
86 202
86 336
87 356
87 371
87 492
87 93
87 99
87 121
87 124
87 168
87 172
87 177
87 194
87 227
87 229
87 231
87 337
88 264
88 288
88 294
88 394
88 436
88 443
88 16
88 86
88 91
88 108
88 119
88 152
88 172
88 179
88 187
88 198
88 338
89 290
89 310
89 338
89 345
89 352
89 392
89 479
89 491
89 498
89 65
89 93
89 186
89 198
89 234
89 242
89 339
90 259
90 273
90 338
90 485
90 41
90 58
90 81
90 98
90 113
90 121
90 167
90 172
90 213
90 235
90 240
90 340
91 276
91 307
91 388
91 425
91 426
91 470
91 485
91 43
91 49
91 51
91 77
91 88
91 114
91 134
91 183
91 217
91 341
92 364
92 491
92 27
92 28
92 44
92 56
92 59
92 94
92 121
92 142
92 153
92 159
92 178
92 203
92 216
92 237
92 342
93 273
93 279
93 288
93 391
93 398
93 491
93 4
93 66
93 87
93 89
93 99
93 105
93 117
93 122
93 126
93 159
93 203
93 343
94 314
94 334
94 478
94 4
94 21
94 39
94 45
94 92
94 96
94 129
94 167
94 174
94 240
94 344
95 299
95 345
95 407
95 53
95 123
95 130
95 132
95 144
95 146
95 157
95 158
95 210
95 233
96 287
96 288
96 374
96 397
96 447
96 12
96 18
96 22
96 94
96 127
96 129
96 158
96 208
96 224
96 247
96 346
97 297
97 306
97 338
97 339
97 471
97 5
97 20
97 61
97 64
97 161
97 173
97 347
98 286
98 335
98 372
98 378
98 392
98 463
98 479
98 30
98 35
98 61
98 78
98 90
98 122
98 125
98 142
98 165
98 205
98 227
98 243
98 348
99 271
99 291
99 320
99 322
99 333
99 350
99 360
99 371
99 372
99 373
99 481
99 14
99 33
99 41
99 56
99 87
99 93
99 131
99 243
99 349
100 395
100 22
100 42
100 52
100 67
100 68
100 84
100 106
100 128
100 170
100 172
100 191
100 224
100 350
101 296
101 322
101 347
101 401
101 415
101 416
101 424
101 483
101 484
101 486
101 4
101 29
101 59
101 73
101 132
101 149
101 156
101 166
101 188
101 216
101 219
101 241
101 242
101 351
102 263
102 304
102 324
102 340
102 371
102 387
102 449
102 42
102 44
102 79
102 188
102 203
102 228
102 234
102 238
102 243
102 352
103 333
103 453
103 481
103 25
103 41
103 61
103 106
103 127
103 147
103 213
103 353
104 263
104 279
104 289
104 293
104 343
104 417
104 442
104 443
104 15
104 62
104 86
104 126
104 187
104 190
104 217
104 218
104 221
104 223
104 225
104 235
104 242
104 354
105 260
105 345
105 387
105 28
105 93
105 111
105 142
105 167
105 170
105 173
105 194
105 206
105 216
105 219
105 224
105 355
106 348
106 381
106 449
106 491
106 41
106 64
106 100
106 103
106 122
106 156
106 183
106 195
106 232
106 247
106 356
107 252
107 322
107 487
107 3
107 9
107 57
107 63
107 192
107 241
107 357
108 331
108 425
108 474
108 0
108 53
108 55
108 68
108 88
108 151
108 184
108 202
108 216
108 358
109 283
109 327
109 418
109 459
109 1
109 41
109 47
109 155
109 216
109 242
109 359
110 358
110 390
110 396
110 456
110 18
110 41
110 47
110 57
110 70
110 83
110 166
110 189
110 210
110 218
110 224
110 237
110 360
111 262
111 268
111 280
111 345
111 27
111 39
111 105
111 122
111 160
111 189
111 215
111 361
112 266
112 274
112 372
112 2
112 36
112 81
112 118
112 142
112 171
112 228
112 362
113 252
113 373
113 25
113 45
113 90
113 138
113 146
113 197
113 200
113 216
113 224
113 363
114 250
114 268
114 343
114 386
114 480
114 1
114 17
114 91
114 137
114 161
114 169
114 203
114 210
114 228
114 248
114 364
115 357
115 467
115 10
115 14
115 20
115 24
115 67
115 70
115 163
115 165
115 183
115 221
115 235
115 240
115 243
115 365
116 291
116 304
116 348
116 371
116 410
116 419
116 427
116 460
116 11
116 38
116 150
116 155
116 159
116 193
116 366
117 260
117 319
117 363
117 2
117 6
117 28
117 48
117 51
117 54
117 93
117 129
117 136
117 148
117 161
117 162
117 176
117 179
117 183
117 234
117 367
118 433
118 439
118 453
118 19
118 63
118 112
118 152
118 159
118 188
118 368
119 381
119 2
119 71
119 85
119 88
119 125
119 133
119 147
119 160
119 170
119 203
119 210
119 228
119 369
120 288
120 346
120 347
120 423
120 459
120 479
120 123
120 144
120 184
120 188
120 204
120 208
120 225
120 370
121 316
121 386
121 423
121 465
121 11
121 71
121 87
121 90
121 92
121 371
122 291
122 363
122 398
122 447
122 456
122 13
122 44
122 75
122 93
122 98
122 106
122 111
122 142
122 157
122 372
123 268
123 275
123 303
123 346
123 398
123 402
123 496
123 35
123 83
123 95
123 120
123 211
123 214
123 373
124 289
124 298
124 401
124 441
124 29
124 57
124 86
124 87
124 160
124 170
124 185
124 199
124 228
124 374
125 282
125 295
125 303
125 433
125 468
125 497
125 30
125 35
125 79
125 98
125 119
125 148
125 161
125 163
125 180
125 196
125 245
125 375
126 288
126 350
126 368
126 376
126 434
126 438
126 455
126 6
126 23
126 40
126 48
126 63
126 93
126 104
126 143
126 165
126 184
126 244
127 262
127 285
127 393
127 413
127 0
127 10
127 28
127 72
127 96
127 103
127 180
127 240
127 377
128 257
128 328
128 351
128 5
128 11
128 52
128 58
128 100
128 141
128 153
128 164
128 171
128 187
128 217
128 223
128 225
128 378
129 292
129 307
129 313
129 352
129 361
129 410
129 458
129 471
129 13
129 46
129 47
129 62
129 85
129 94
129 96
129 117
129 139
129 146
129 153
129 161
129 166
129 240
129 379
130 329
130 362
130 369
130 427
130 449
130 41
130 82
130 95
130 161
130 171
130 194
130 199
130 202
130 380
131 262
131 266
131 326
131 336
131 449
131 22
131 24
131 26
131 39
131 46
131 52
131 60
131 82
131 99
131 171
131 242
131 381
132 250
132 292
132 358
132 360
132 377
132 395
132 414
132 489
132 1
132 3
132 20
132 39
132 95
132 101
132 141
132 148
132 165
132 188
132 210
132 382
133 263
133 317
133 337
133 361
133 490
133 6
133 24
133 35
133 41
133 51
133 53
133 70
133 119
133 210
133 383
134 270
134 340
134 393
134 456
134 465
134 0
134 32
134 48
134 86
134 91
134 175
134 234
134 243
134 384
135 260
135 267
135 389
135 422
135 434
135 441
135 461
135 1
135 27
135 29
135 46
135 64
135 82
135 204
135 231
135 385
136 283
136 308
136 342
136 358
136 359
136 371
136 446
136 455
136 0
136 42
136 43
136 85
136 117
136 137
136 164
136 173
136 181
136 192
136 197
136 198
136 220
136 223
136 242
136 386
137 261
137 268
137 352
137 55
137 114
137 136
137 189
137 232
137 233
137 237
137 248
137 387
138 261
138 294
138 361
138 389
138 430
138 449
138 495
138 2
138 57
138 62
138 66
138 78
138 113
138 171
138 201
138 203
138 230
138 237
138 245
138 388
139 272
139 301
139 307
139 417
139 422
139 424
139 42
139 49
139 60
139 129
139 171
139 196
139 198
139 223
139 228
139 244
139 389
140 291
140 306
140 363
140 460
140 476
140 483
140 158
140 164
140 200
140 235
140 390
141 292
141 437
141 482
141 5
141 50
141 63
141 67
141 128
141 132
141 145
141 165
141 197
141 206
141 214
141 391
142 251
142 357
142 418
142 30
142 36
142 53
142 73
142 92
142 98
142 105
142 112
142 122
142 151
142 165
142 176
142 201
142 238
142 392
143 258
143 279
143 336
143 340
143 376
143 411
143 478
143 3
143 33
143 53
143 55
143 126
143 181
143 212
143 220
143 241
143 393
144 319
144 388
144 403
144 468
144 482
144 15
144 19
144 35
144 40
144 57
144 77
144 95
144 120
144 150
144 173
144 214
144 217
144 218
144 231
144 394
145 299
145 356
145 360
145 367
145 452
145 16
145 38
145 55
145 61
145 141
145 147
145 212
145 215
145 218
145 395
146 250
146 323
146 488
146 2
146 21
146 65
146 95
146 113
146 129
146 164
146 187
146 188
146 230
146 396
147 282
147 431
147 440
147 456
147 476
147 1
147 26
147 50
147 80
147 103
147 119
147 145
147 195
147 217
147 397
148 276
148 313
148 21
148 35
148 40
148 80
148 117
148 125
148 132
148 159
148 175
148 210
148 398
149 266
149 364
149 380
149 1
149 51
149 57
149 86
149 101
149 151
149 192
149 194
149 211
149 399
150 259
150 294
150 299
150 463
150 473
150 482
150 17
150 68
150 116
150 144
150 152
150 158
150 185
150 189
150 202
150 204
150 228
150 232
150 236
150 400
151 259
151 291
151 310
151 325
151 395
151 405
151 452
151 2
151 5
151 108
151 142
151 149
151 176
151 188
151 209
151 212
151 221
151 235
151 242
151 401
152 288
152 298
152 316
152 319
152 466
152 495
152 39
152 64
152 69
152 88
152 118
152 150
152 219
152 220
152 402
153 252
153 300
153 323
153 350
153 415
153 420
153 454
153 461
153 48
153 92
153 128
153 129
153 168
153 169
153 174
153 202
153 403
154 259
154 398
154 46
154 54
154 55
154 155
154 156
154 158
154 183
154 224
154 237
154 404
155 250
155 259
155 336
155 417
155 430
155 463
155 53
155 74
155 109
155 116
155 154
155 172
155 174
155 175
155 405
156 309
156 333
156 406
156 433
156 29
156 41
156 77
156 101
156 106
156 154
156 163
156 177
156 180
156 184
156 244
157 377
157 419
157 437
157 473
157 61
157 62
157 95
157 122
157 182
157 184
157 215
157 216
157 224
157 238
157 407
158 252
158 256
158 262
158 287
158 11
158 70
158 75
158 79
158 95
158 96
158 140
158 150
158 154
158 208
158 211
158 247
158 408
159 261
159 285
159 356
159 368
159 390
159 434
159 92
159 93
159 116
159 118
159 148
159 177
159 188
159 189
159 220
159 221
159 409
160 271
160 440
160 472
160 2
160 15
160 37
160 64
160 111
160 119
160 124
160 216
160 410
161 251
161 260
161 331
161 407
161 465
161 474
161 12
161 21
161 23
161 39
161 86
161 97
161 114
161 117
161 125
161 129
161 130
161 168
161 170
161 197
161 206
161 220
161 222
161 411
162 382
162 402
162 437
162 439
162 471
162 34
162 51
162 74
162 85
162 117
162 200
162 412
163 336
163 346
163 417
163 487
163 38
163 50
163 115
163 125
163 156
163 166
163 174
163 176
163 194
163 205
163 209
163 222
163 230
163 233
163 413
164 258
164 295
164 309
164 356
164 374
164 386
164 441
164 461
164 462
164 5
164 14
164 128
164 136
164 140
164 146
164 182
164 184
164 185
164 186
164 207
164 228
164 414
165 288
165 336
165 337
165 403
165 62
165 98
165 115
165 126
165 132
165 141
165 142
165 193
165 415
166 274
166 281
166 411
166 494
166 54
166 70
166 101
166 110
166 129
166 163
166 174
166 416
167 363
167 375
167 472
167 2
167 10
167 11
167 15
167 17
167 18
167 40
167 60
167 81
167 90
167 94
167 105
167 191
167 220
167 417
168 257
168 294
168 297
168 315
168 340
168 350
168 359
168 452
168 482
168 1
168 71
168 76
168 87
168 153
168 161
168 185
168 418
169 253
169 284
169 317
169 349
169 359
169 415
169 416
169 437
169 451
169 14
169 49
169 72
169 78
169 114
169 153
169 174
169 205
169 248
169 419
170 255
170 258
170 284
170 357
170 418
170 422
170 435
170 454
170 465
170 30
170 60
170 100
170 105
170 119
170 124
170 161
170 218
170 420
171 264
171 301
171 354
171 356
171 415
171 420
171 443
171 446
171 461
171 5
171 34
171 37
171 46
171 63
171 112
171 128
171 130
171 131
171 138
171 139
171 182
171 185
171 186
171 189
171 242
171 421
172 293
172 302
172 321
172 324
172 416
172 437
172 439
172 494
172 496
172 36
172 87
172 88
172 90
172 100
172 155
172 226
172 235
172 242
172 243
172 422
173 279
173 292
173 307
173 422
173 488
173 3
173 15
173 35
173 97
173 105
173 136
173 144
173 195
173 212
173 218
173 423
174 294
174 413
174 456
174 4
174 33
174 40
174 41
174 60
174 78
174 94
174 153
174 155
174 163
174 166
174 169
174 424
175 284
175 294
175 414
175 424
175 463
175 487
175 1
175 18
175 29
175 37
175 59
175 65
175 85
175 134
175 148
175 155
175 232
175 235
175 237
175 425
176 265
176 294
176 374
176 376
176 381
176 393
176 400
176 480
176 62
176 86
176 117
176 142
176 151
176 163
176 205
176 228
176 244
176 426
177 279
177 317
177 320
177 365
177 386
177 486
177 27
177 82
177 87
177 156
177 159
177 180
177 206
177 427
178 284
178 323
178 411
178 418
178 421
178 431
178 473
178 492
178 1
178 76
178 83
178 92
178 218
178 228
178 244
178 428
179 290
179 307
179 417
179 436
179 453
179 489
179 25
179 28
179 50
179 58
179 70
179 77
179 81
179 88
179 117
179 193
179 429
180 257
180 272
180 310
180 322
180 364
180 401
180 425
180 486
180 6
180 54
180 125
180 127
180 156
180 177
180 193
180 203
180 216
180 248
180 430
181 315
181 456
181 18
181 136
181 143
181 431
182 282
182 299
182 331
182 343
182 425
182 447
182 455
182 16
182 31
182 33
182 36
182 47
182 56
182 63
182 157
182 164
182 171
182 243
182 432
183 282
183 366
183 412
183 459
183 25
183 27
183 44
183 62
183 68
183 84
183 91
183 106
183 115
183 117
183 154
183 188
183 216
183 219
183 224
183 228
183 433
184 263
184 342
184 350
184 365
184 372
184 374
184 401
184 408
184 414
184 16
184 26
184 29
184 52
184 83
184 86
184 108
184 120
184 126
184 156
184 157
184 164
184 249
184 434
185 254
185 271
185 384
185 28
185 51
185 73
185 124
185 150
185 164
185 168
185 171
185 230
185 435
186 255
186 399
186 415
186 421
186 449
186 480
186 488
186 64
186 78
186 89
186 164
186 171
186 190
186 211
186 436
187 275
187 339
187 343
187 443
187 493
187 43
187 48
187 49
187 64
187 70
187 88
187 104
187 128
187 146
187 234
187 437
188 265
188 342
188 348
188 370
188 373
188 403
188 463
188 8
188 101
188 102
188 118
188 120
188 132
188 146
188 151
188 159
188 183
188 438
189 270
189 357
189 359
189 396
189 453
189 457
189 492
189 54
189 110
189 111
189 137
189 150
189 159
189 171
189 196
189 221
189 246
189 439
190 263
190 337
190 347
190 356
190 388
190 435
190 469
190 37
190 47
190 54
190 104
190 186
190 201
190 219
190 440
191 253
191 404
191 10
191 14
191 37
191 54
191 86
191 100
191 167
191 210
191 441
192 310
192 448
192 489
192 58
192 107
192 136
192 149
192 209
192 442
193 318
193 321
193 322
193 364
193 368
193 433
193 459
193 491
193 0
193 30
193 36
193 56
193 58
193 116
193 165
193 179
193 180
193 217
193 243
193 244
193 443
194 283
194 361
194 371
194 379
194 394
194 453
194 462
194 29
194 86
194 87
194 105
194 130
194 149
194 163
194 206
194 212
194 217
194 233
194 235
194 444
195 260
195 310
195 405
195 434
195 459
195 42
195 51
195 70
195 106
195 147
195 173
195 207
195 210
195 445
196 251
196 263
196 441
196 487
196 13
196 125
196 139
196 189
196 222
196 227
196 234
196 245
196 446
197 274
197 372
197 378
197 382
197 393
197 14
197 71
197 113
197 136
197 141
197 161
197 222
197 447
198 305
198 478
198 9
198 34
198 47
198 48
198 68
198 72
198 79
198 88
198 89
198 136
198 139
198 448
199 275
199 281
199 312
199 367
199 416
199 440
199 481
199 486
199 3
199 124
199 130
199 248
199 449
200 321
200 360
200 409
200 471
200 75
200 113
200 140
200 162
200 241
200 245
200 450
201 273
201 434
201 2
201 15
201 45
201 138
201 142
201 190
201 239
201 451
202 285
202 299
202 344
202 345
202 394
202 1
202 37
202 50
202 54
202 73
202 86
202 108
202 130
202 150
202 153
202 225
202 241
202 452
203 307
203 322
203 16
203 25
203 38
203 58
203 74
203 92
203 93
203 102
203 114
203 119
203 138
203 180
203 225
203 227
203 235
203 453
204 274
204 277
204 279
204 302
204 369
204 384
204 423
204 467
204 484
204 485
204 26
204 61
204 77
204 79
204 84
204 120
204 135
204 150
204 235
204 454
205 320
205 462
205 13
205 34
205 60
205 61
205 71
205 98
205 163
205 169
205 176
205 247
205 455
206 314
206 362
206 384
206 428
206 454
206 0
206 23
206 55
206 64
206 81
206 84
206 105
206 141
206 161
206 177
206 194
206 232
206 241
206 247
206 456
207 255
207 313
207 368
207 402
207 34
207 51
207 164
207 195
207 230
207 234
207 238
207 457
208 250
208 253
208 313
208 388
208 485
208 7
208 38
208 47
208 58
208 96
208 120
208 158
208 458
209 298
209 304
209 316
209 350
209 360
209 448
209 459
209 468
209 10
209 18
209 20
209 26
209 50
209 51
209 61
209 81
209 151
209 163
209 192
209 213
209 234
210 271
210 293
210 364
210 422
210 452
210 15
210 27
210 32
210 65
210 95
210 110
210 114
210 119
210 132
210 133
210 148
210 191
210 195
210 229
210 460
211 273
211 323
211 328
211 362
211 375
211 437
211 66
211 67
211 73
211 123
211 149
211 158
211 186
211 228
211 461
212 290
212 358
212 414
212 6
212 18
212 47
212 143
212 145
212 151
212 173
212 194
212 213
212 462
213 266
213 268
213 278
213 296
213 425
213 436
213 449
213 496
213 22
213 31
213 90
213 103
213 209
213 212
213 227
213 242
213 463
214 253
214 292
214 331
214 357
214 11
214 12
214 22
214 37
214 53
214 55
214 123
214 141
214 144
214 225
214 464
215 313
215 385
215 398
215 426
215 19
215 111
215 145
215 157
215 217
215 225
215 240
215 465
216 250
216 258
216 369
216 422
216 438
216 442
216 461
216 484
216 17
216 92
216 101
216 105
216 108
216 109
216 113
216 157
216 160
216 180
216 183
216 227
216 466
217 277
217 320
217 414
217 425
217 91
217 104
217 128
217 144
217 147
217 193
217 194
217 215
217 225
217 231
217 467
218 278
218 334
218 366
218 384
218 396
218 418
218 487
218 9
218 77
218 82
218 104
218 110
218 144
218 145
218 170
218 173
218 178
218 248
218 468
219 254
219 282
219 292
219 352
219 451
219 12
219 15
219 41
219 70
219 101
219 105
219 152
219 183
219 190
219 469
220 297
220 305
220 313
220 385
220 462
220 8
220 28
220 136
220 143
220 152
220 159
220 161
220 167
220 235
220 470
221 257
221 258
221 335
221 338
221 370
221 400
221 448
221 474
221 492
221 5
221 58
221 60
221 75
221 104
221 115
221 151
221 159
221 189
221 471
222 250
222 397
222 30
222 161
222 163
222 196
222 197
222 224
222 228
222 248
222 472
223 288
223 319
223 320
223 362
223 404
223 447
223 466
223 28
223 60
223 61
223 62
223 104
223 128
223 136
223 139
223 246
223 473
224 282
224 336
224 384
224 445
224 58
224 96
224 100
224 105
224 110
224 113
224 154
224 157
224 183
224 222
224 243
224 474
225 263
225 298
225 345
225 369
225 386
225 389
225 463
225 498
225 42
225 84
225 104
225 120
225 128
225 202
225 203
225 214
225 215
225 217
225 234
225 475
226 285
226 346
226 479
226 12
226 52
226 61
226 172
226 476
227 281
227 306
227 418
227 444
227 450
227 482
227 7
227 25
227 47
227 48
227 82
227 87
227 98
227 196
227 203
227 213
227 216
227 477
228 263
228 273
228 306
228 471
228 65
228 102
228 112
228 114
228 119
228 124
228 139
228 150
228 164
228 176
228 178
228 183
228 211
228 222
228 478
229 316
229 360
229 411
229 13
229 27
229 44
229 62
229 87
229 210
229 479
230 324
230 349
230 366
230 453
230 27
230 45
230 57
230 138
230 146
230 163
230 185
230 207
230 237
230 480
231 253
231 367
231 401
231 466
231 5
231 8
231 38
231 61
231 87
231 135
231 144
231 217
231 241
231 481
232 258
232 332
232 354
232 355
232 356
232 399
232 412
232 439
232 2
232 23
232 106
232 137
232 150
232 175
232 206
232 236
232 482
233 335
233 339
233 340
233 341
233 360
233 372
233 427
233 453
233 27
233 74
233 79
233 95
233 137
233 163
233 194
233 236
233 239
233 483
234 302
234 305
234 339
234 387
234 390
234 447
234 469
234 42
234 89
234 102
234 117
234 134
234 187
234 196
234 207
234 209
234 225
234 484
235 252
235 266
235 290
235 319
235 469
235 32
235 55
235 61
235 66
235 90
235 104
235 115
235 140
235 151
235 172
235 175
235 194
235 203
235 204
235 220
235 485
236 258
236 291
236 315
236 352
236 480
236 0
236 3
236 45
236 60
236 150
236 232
236 233
236 486
237 323
237 356
237 442
237 37
237 57
237 84
237 92
237 110
237 137
237 138
237 154
237 175
237 230
237 487
238 306
238 308
238 314
238 331
238 465
238 66
238 78
238 102
238 142
238 157
238 207
238 488
239 304
239 314
239 325
239 419
239 464
239 492
239 16
239 31
239 59
239 77
239 201
239 233
239 244
239 489
240 274
240 286
240 449
240 486
240 19
240 43
240 90
240 94
240 115
240 127
240 129
240 215
240 490
241 278
241 395
241 462
241 469
241 5
241 14
241 22
241 25
241 53
241 101
241 107
241 143
241 200
241 202
241 206
241 231
241 491
242 260
242 282
242 359
242 391
242 10
242 17
242 66
242 81
242 89
242 101
242 104
242 109
242 131
242 136
242 151
242 171
242 172
242 213
242 248
242 492
243 273
243 345
243 404
243 476
243 478
243 30
243 63
243 83
243 98
243 99
243 102
243 115
243 134
243 172
243 182
243 193
243 224
243 248
243 493
244 428
244 70
244 126
244 139
244 156
244 176
244 178
244 193
244 239
244 494
245 273
245 350
245 352
245 402
245 447
245 454
245 487
245 125
245 138
245 196
245 200
245 495
246 250
246 252
246 254
246 256
246 257
246 437
246 458
246 478
246 60
246 189
246 223
246 496
247 268
247 337
247 356
247 425
247 437
247 11
247 96
247 106
247 158
247 205
247 206
247 497
248 264
248 328
248 388
248 428
248 447
248 19
248 22
248 114
248 137
248 169
248 180
248 199
248 218
248 222
248 242
248 243
248 498
249 258
249 284
249 289
249 309
249 337
249 340
249 380
249 444
249 462
249 13
249 33
249 48
249 52
249 80
249 184
249 499
250 1
250 21
250 114
250 132
250 146
250 155
250 208
250 216
250 222
250 246
250 0
251 3
251 39
251 142
251 161
251 196
251 1
252 107
252 113
252 153
252 158
252 235
252 246
252 2
253 6
253 13
253 25
253 31
253 35
253 169
253 191
253 208
253 214
253 231
253 3
254 72
254 185
254 219
254 246
254 4
255 18
255 35
255 170
255 186
255 207
255 5
256 12
256 39
256 158
256 246
256 6
257 128
257 168
257 180
257 221
257 246
257 7
258 0
258 25
258 85
258 143
258 164
258 170
258 216
258 221
258 232
258 236
258 249
258 8
259 90
259 150
259 151
259 154
259 155
259 9
260 70
260 105
260 117
260 135
260 161
260 195
260 242
260 10
261 4
261 137
261 138
261 159
261 11
262 8
262 31
262 85
262 111
262 127
262 131
262 158
262 12
263 102
263 104
263 133
263 184
263 190
263 196
263 225
263 228
263 13
264 51
264 88
264 171
264 248
264 14
265 176
265 188
265 15
266 59
266 60
266 61
266 112
266 131
266 149
266 213
266 235
266 16
267 135
267 17
268 40
268 62
268 111
268 114
268 123
268 137
268 213
268 247
268 18
269 40
269 82
269 19
270 49
270 134
270 189
270 20
271 5
271 9
271 54
271 73
271 99
271 160
271 185
271 210
271 21
272 81
272 139
272 180
272 22
273 2
273 39
273 90
273 93
273 201
273 211
273 228
273 243
273 245
273 23
274 13
274 43
274 60
274 112
274 166
274 197
274 204
274 240
274 24
275 8
275 123
275 187
275 199
275 25
276 10
276 91
276 148
276 26
277 19
277 26
277 28
277 204
277 217
277 27
278 45
278 213
278 218
278 241
278 28
279 0
279 93
279 104
279 143
279 173
279 177
279 204
279 29
280 11
280 111
280 30
281 49
281 166
281 199
281 227
281 31
282 21
282 59
282 61
282 125
282 147
282 182
282 183
282 219
282 224
282 242
282 32
283 12
283 21
283 32
283 109
283 136
283 194
283 33
284 73
284 169
284 170
284 175
284 178
284 249
284 34
285 5
285 67
285 69
285 79
285 127
285 159
285 202
285 226
285 35
286 75
286 98
286 240
286 36
287 22
287 38
287 45
287 96
287 158
287 37
288 77
288 88
288 93
288 96
288 120
288 126
288 152
288 165
288 223
288 38
289 49
289 64
289 104
289 124
289 249
289 39
290 58
290 89
290 179
290 212
290 235
290 40
291 32
291 63
291 69
291 99
291 116
291 122
291 140
291 151
291 236
291 41
292 129
292 132
292 141
292 173
292 214
292 219
292 42
293 104
293 172
293 210
293 43
294 79
294 88
294 138
294 150
294 168
294 174
294 175
294 176
294 44
295 37
295 54
295 125
295 164
295 45
296 28
296 42
296 52
296 54
296 101
296 213
296 46
297 36
297 86
297 97
297 168
297 220
297 47
298 124
298 152
298 209
298 225
298 48
299 5
299 8
299 10
299 74
299 95
299 145
299 150
299 182
299 202
299 49
300 153
300 50
301 11
301 139
301 171
301 51
302 13
302 49
302 172
302 204
302 234
302 52
303 1
303 33
303 73
303 123
303 125
303 53
304 102
304 116
304 209
304 239
304 54
305 13
305 198
305 220
305 234
305 55
306 71
306 77
306 97
306 140
306 227
306 228
306 238
306 56
307 91
307 129
307 139
307 173
307 179
307 203
307 57
308 30
308 60
308 79
308 136
308 238
308 58
309 60
309 62
309 156
309 164
309 249
309 59
310 37
310 89
310 151
310 180
310 192
310 195
310 60
311 21
311 44
311 65
311 61
312 45
312 85
312 199
312 62
313 24
313 83
313 129
313 148
313 207
313 208
313 215
313 220
313 63
314 26
314 94
314 206
314 238
314 239
314 64
315 60
315 168
315 181
315 236
315 65
316 4
316 121
316 152
316 209
316 229
316 66
317 17
317 30
317 73
317 84
317 133
317 169
317 177
317 67
318 37
318 81
318 193
318 68
319 34
319 43
319 45
319 117
319 144
319 152
319 223
319 235
319 69
320 76
320 99
320 177
320 205
320 217
320 223
320 70
321 2
321 50
321 172
321 193
321 200
321 71
322 77
322 99
322 101
322 107
322 180
322 193
322 203
322 72
323 4
323 28
323 146
323 153
323 178
323 211
323 237
323 73
324 102
324 172
324 230
324 74
325 29
325 57
325 74
325 81
325 151
325 239
325 75
326 34
326 131
326 76
327 31
327 109
327 77
328 128
328 211
328 248
328 78
329 130
329 79
330 62
330 80
331 85
331 108
331 161
331 182
331 214
331 238
331 81
332 232
332 82
333 70
333 99
333 103
333 156
333 83
334 0
334 55
334 58
334 94
334 218
334 84
335 98
335 221
335 233
335 85
336 17
336 65
336 131
336 143
336 155
336 163
336 165
336 224
336 86
337 12
337 23
337 133
337 165
337 190
337 247
337 249
337 87
338 65
338 89
338 90
338 97
338 221
338 88
339 97
339 187
339 233
339 234
339 89
340 102
340 134
340 143
340 168
340 233
340 249
340 90
341 29
341 233
341 91
342 136
342 184
342 188
342 92
343 7
343 13
343 59
343 74
343 104
343 114
343 182
343 187
343 93
344 21
344 51
344 67
344 75
344 202
344 94
345 59
345 89
345 95
345 105
345 111
345 202
345 225
345 243
346 29
346 41
346 120
346 123
346 163
346 226
346 96
347 82
347 101
347 120
347 190
347 97
348 17
348 60
348 106
348 116
348 188
348 98
349 34
349 169
349 230
349 99
350 86
350 99
350 126
350 153
350 168
350 184
350 209
350 245
350 100
351 67
351 80
351 128
351 101
352 75
352 89
352 129
352 137
352 219
352 236
352 245
352 102
353 2
353 83
353 103
354 42
354 49
354 64
354 73
354 171
354 232
354 104
355 232
355 105
356 6
356 84
356 87
356 145
356 159
356 164
356 171
356 190
356 232
356 237
356 247
356 106
357 0
357 115
357 142
357 170
357 189
357 214
357 107
358 2
358 69
358 86
358 110
358 132
358 136
358 212
358 108
359 136
359 168
359 169
359 189
359 242
359 109
360 24
360 99
360 132
360 145
360 200
360 209
360 229
360 233
360 110
361 19
361 85
361 129
361 133
361 138
361 194
361 111
362 0
362 36
362 130
362 206
362 211
362 223
362 112
363 54
363 117
363 122
363 140
363 167
363 113
364 0
364 61
364 82
364 92
364 149
364 180
364 193
364 210
364 114
365 23
365 177
365 184
365 115
366 17
366 63
366 77
366 183
366 218
366 230
366 116
367 26
367 86
367 145
367 199
367 231
367 117
368 49
368 126
368 159
368 193
368 207
368 118
369 38
369 39
369 45
369 61
369 130
369 204
369 216
369 225
369 119
370 188
370 221
370 120
371 61
371 87
371 99
371 102
371 116
371 136
371 194
371 121
372 34
372 47
372 58
372 98
372 99
372 112
372 184
372 197
372 233
372 122
373 52
373 99
373 113
373 188
373 123
374 4
374 18
374 39
374 48
374 59
374 79
374 96
374 164
374 176
374 184
374 124
375 15
375 24
375 167
375 211
375 125
376 0
376 2
376 126
376 143
376 176
377 84
377 132
377 157
377 127
378 42
378 75
378 79
378 98
378 197
378 128
379 36
379 194
379 129
380 10
380 149
380 249
380 130
381 106
381 119
381 176
381 131
382 17
382 86
382 162
382 197
382 132
383 20
383 133
384 185
384 204
384 206
384 218
384 224
384 134
385 33
385 215
385 220
385 135
386 11
386 114
386 121
386 164
386 177
386 225
386 136
387 45
387 102
387 105
387 234
387 137
388 32
388 43
388 51
388 91
388 144
388 190
388 208
388 248
388 138
389 38
389 66
389 135
389 138
389 225
389 139
390 44
390 73
390 110
390 159
390 234
390 140
391 1
391 93
391 242
391 141
392 35
392 36
392 53
392 89
392 98
392 142
393 9
393 127
393 134
393 176
393 197
393 143
394 88
394 194
394 202
394 144
395 57
395 100
395 132
395 151
395 241
395 145
396 4
396 110
396 189
396 218
396 146
397 11
397 19
397 75
397 96
397 222
397 147
398 11
398 18
398 56
398 93
398 122
398 123
398 154
398 215
398 148
399 11
399 67
399 80
399 186
399 232
399 149
400 176
400 221
400 150
401 54
401 81
401 86
401 101
401 124
401 180
401 184
401 231
401 151
402 2
402 18
402 123
402 162
402 207
402 245
402 152
403 144
403 165
403 188
403 153
404 25
404 191
404 223
404 243
404 154
405 45
405 63
405 151
405 195
405 155
406 156
407 52
407 95
407 161
407 157
408 75
408 184
408 158
409 68
409 200
409 159
410 50
410 116
410 129
410 160
411 46
411 143
411 166
411 178
411 229
411 161
412 80
412 183
412 232
412 162
413 9
413 127
413 174
413 163
414 22
414 132
414 175
414 184
414 212
414 217
414 164
415 42
415 101
415 153
415 169
415 171
415 186
415 165
416 41
416 48
416 101
416 169
416 172
416 199
416 166
417 30
417 50
417 51
417 104
417 139
417 155
417 163
417 179
417 167
418 4
418 19
418 21
418 109
418 142
418 170
418 178
418 218
418 227
418 168
419 116
419 157
419 239
419 169
420 10
420 16
420 67
420 83
420 153
420 171
420 170
421 78
421 178
421 186
421 171
422 135
422 139
422 170
422 173
422 210
422 216
422 172
423 85
423 120
423 121
423 204
423 173
424 12
424 41
424 82
424 101
424 139
424 175
424 174
425 91
425 108
425 180
425 182
425 213
425 217
425 247
425 175
426 3
426 70
426 76
426 91
426 215
426 176
427 18
427 45
427 48
427 116
427 130
427 233
427 177
428 22
428 30
428 33
428 85
428 206
428 244
428 248
428 178
429 0
429 22
429 29
429 81
429 179
430 85
430 138
430 155
430 180
431 147
431 178
431 181
432 49
432 61
432 84
432 182
433 17
433 55
433 118
433 125
433 156
433 193
433 183
434 8
434 58
434 126
434 135
434 159
434 195
434 201
434 184
435 170
435 190
435 185
436 44
436 49
436 70
436 88
436 179
436 213
436 186
437 44
437 141
437 157
437 162
437 169
437 172
437 211
437 246
437 247
437 187
438 13
438 126
438 216
438 188
439 6
439 38
439 118
439 162
439 172
439 232
439 189
440 69
440 147
440 160
440 199
440 190
441 13
441 124
441 135
441 164
441 196
441 191
442 21
442 104
442 216
442 237
442 192
443 26
443 88
443 104
443 171
443 187
443 193
444 16
444 35
444 40
444 58
444 85
444 227
444 249
444 194
445 35
445 68
445 224
445 195
446 63
446 136
446 171
446 196
447 5
447 60
447 96
447 122
447 182
447 223
447 234
447 245
447 248
447 197
448 11
448 14
448 30
448 53
448 192
448 209
448 221
448 198
449 52
449 54
449 102
449 106
449 130
449 131
449 138
449 186
449 213
449 240
449 199
450 21
450 227
450 200
451 54
451 169
451 219
451 201
452 145
452 151
452 168
452 210
452 202
453 103
453 118
453 179
453 189
453 194
453 230
453 233
453 203
454 5
454 18
454 53
454 61
454 73
454 153
454 170
454 206
454 245
454 204
455 64
455 74
455 75
455 78
455 126
455 136
455 182
455 205
456 41
456 67
456 110
456 122
456 134
456 147
456 174
456 181
456 206
457 57
457 189
457 207
458 74
458 129
458 246
458 208
459 37
459 40
459 109
459 120
459 183
459 193
459 195
459 209
460 21
460 25
460 38
460 116
460 140
460 210
461 24
461 135
461 153
461 164
461 171
461 216
461 211
462 164
462 194
462 205
462 220
462 241
462 249
462 212
463 98
463 150
463 155
463 175
463 188
463 225
463 213
464 3
464 44
464 239
464 214
465 121
465 134
465 161
465 170
465 238
465 215
466 14
466 43
466 44
466 51
466 152
466 223
466 231
466 216
467 4
467 60
467 115
467 204
467 217
468 125
468 144
468 209
468 218
469 190
469 234
469 235
469 241
469 219
470 4
470 13
470 23
470 37
470 48
470 91
470 220
471 3
471 19
471 57
471 66
471 97
471 129
471 162
471 200
471 228
471 221
472 43
472 71
472 160
472 167
472 222
473 57
473 150
473 157
473 178
473 223
474 8
474 49
474 84
474 108
474 161
474 221
474 224
475 86
475 225
476 81
476 140
476 147
476 243
476 226
477 37
477 52
477 83
477 227
478 64
478 73
478 94
478 143
478 198
478 243
478 246
478 228
479 53
479 68
479 89
479 98
479 120
479 226
479 229
480 114
480 176
480 186
480 236
480 230
481 52
481 53
481 99
481 103
481 199
481 231
482 83
482 141
482 144
482 150
482 168
482 227
482 232
483 101
483 140
483 233
484 10
484 78
484 79
484 101
484 204
484 216
484 234
485 49
485 90
485 91
485 204
485 208
485 235
486 7
486 101
486 177
486 180
486 199
486 240
486 236
487 39
487 66
487 80
487 86
487 107
487 163
487 175
487 196
487 218
487 245
487 237
488 31
488 146
488 173
488 186
488 238
489 51
489 132
489 179
489 192
489 239
490 6
490 67
490 133
490 240
491 89
491 92
491 93
491 106
491 193
491 241
492 6
492 33
492 87
492 178
492 189
492 221
492 239
492 242
493 34
493 47
493 187
493 243
494 26
494 84
494 166
494 172
494 244
495 12
495 28
495 50
495 138
495 152
495 245
496 24
496 35
496 43
496 123
496 172
496 213
496 246
497 27
497 125
497 247
498 49
498 89
498 225
498 248
499 11
499 20
499 249
