  600   6603
0 326
0 332
0 363
0 373
0 402
0 419
0 444
0 536
0 589
0 30
0 33
0 40
0 45
0 48
0 67
0 78
0 127
0 143
0 148
0 158
0 181
0 192
0 206
0 218
0 228
0 232
0 244
0 263
0 269
0 276
0 291
0 297
0 299
0 300
1 308
1 355
1 423
1 446
1 447
1 459
1 515
1 562
1 572
1 11
1 34
1 45
1 59
1 60
1 62
1 70
1 140
1 154
1 155
1 156
1 185
1 186
1 192
1 208
1 221
1 237
1 241
1 251
1 252
1 271
1 272
1 301
2 307
2 324
2 325
2 385
2 440
2 467
2 487
2 489
2 548
2 571
2 3
2 6
2 15
2 34
2 49
2 51
2 88
2 95
2 96
2 105
2 134
2 146
2 147
2 152
2 157
2 161
2 174
2 187
2 195
2 211
2 232
2 233
2 240
2 263
2 293
2 298
2 299
2 302
3 328
3 410
3 449
3 489
3 507
3 553
3 595
3 2
3 37
3 54
3 72
3 100
3 109
3 114
3 117
3 139
3 142
3 144
3 147
3 150
3 152
3 186
3 187
3 190
3 202
3 214
3 231
3 243
3 244
3 251
3 274
3 278
3 297
3 303
4 310
4 325
4 390
4 395
4 433
4 444
4 483
4 507
4 545
4 564
4 11
4 13
4 18
4 20
4 27
4 29
4 34
4 71
4 73
4 98
4 130
4 133
4 138
4 140
4 152
4 158
4 159
4 174
4 176
4 189
4 196
4 200
4 209
4 222
4 234
4 239
4 241
4 250
4 257
4 260
4 276
4 278
4 281
4 298
4 304
5 307
5 321
5 331
5 336
5 348
5 423
5 492
5 584
5 12
5 20
5 29
5 39
5 44
5 54
5 68
5 90
5 114
5 142
5 148
5 161
5 163
5 166
5 225
5 251
5 268
5 279
5 280
5 289
5 292
5 297
5 299
5 305
6 303
6 361
6 386
6 396
6 405
6 439
6 565
6 2
6 20
6 24
6 43
6 48
6 50
6 51
6 63
6 66
6 82
6 91
6 102
6 108
6 112
6 114
6 145
6 170
6 176
6 180
6 186
6 208
6 212
6 223
6 236
6 254
6 268
6 281
6 289
6 294
6 306
7 301
7 485
7 566
7 19
7 20
7 32
7 33
7 47
7 50
7 51
7 63
7 70
7 125
7 133
7 163
7 164
7 177
7 182
7 188
7 197
7 215
7 225
7 240
7 241
7 252
7 288
7 307
8 344
8 378
8 397
8 409
8 421
8 433
8 443
8 497
8 584
8 24
8 28
8 35
8 36
8 60
8 73
8 76
8 83
8 97
8 100
8 101
8 117
8 127
8 142
8 173
8 193
8 199
8 207
8 216
8 260
8 275
8 292
8 308
9 308
9 363
9 368
9 386
9 437
9 449
9 497
9 565
9 582
9 592
9 27
9 39
9 57
9 71
9 80
9 95
9 100
9 107
9 113
9 123
9 163
9 201
9 251
9 257
9 298
9 309
10 329
10 336
10 441
10 523
10 553
10 593
10 599
10 16
10 18
10 31
10 38
10 55
10 62
10 73
10 76
10 80
10 89
10 91
10 92
10 97
10 101
10 109
10 133
10 153
10 165
10 166
10 170
10 202
10 204
10 208
10 219
10 229
10 242
10 243
10 247
10 255
10 268
10 270
10 282
10 283
10 299
10 310
11 302
11 353
11 526
11 1
11 4
11 22
11 30
11 36
11 38
11 39
11 60
11 66
11 82
11 96
11 105
11 114
11 145
11 169
11 178
11 187
11 212
11 220
11 223
11 229
11 240
11 262
11 273
11 284
11 298
11 311
12 312
12 335
12 353
12 357
12 370
12 384
12 447
12 493
12 510
12 531
12 535
12 5
12 14
12 19
12 24
12 28
12 32
12 42
12 61
12 85
12 103
12 118
12 128
12 137
12 142
12 182
12 188
12 207
12 214
12 220
12 238
12 243
12 244
12 251
12 256
12 257
12 271
12 274
12 279
12 282
12 294
13 314
13 335
13 388
13 434
13 449
13 512
13 530
13 547
13 553
13 559
13 594
13 4
13 27
13 32
13 40
13 50
13 72
13 76
13 84
13 100
13 105
13 126
13 136
13 144
13 162
13 168
13 208
13 238
13 241
13 263
13 271
13 290
13 313
14 391
14 474
14 575
14 582
14 12
14 36
14 53
14 57
14 73
14 90
14 100
14 101
14 104
14 120
14 124
14 134
14 140
14 142
14 161
14 172
14 206
14 211
14 217
14 221
14 227
14 247
14 251
14 253
14 258
14 260
14 275
14 279
14 314
15 305
15 326
15 358
15 425
15 430
15 482
15 2
15 18
15 33
15 63
15 80
15 83
15 92
15 98
15 106
15 111
15 114
15 121
15 126
15 131
15 133
15 135
15 150
15 151
15 152
15 182
15 185
15 186
15 188
15 192
15 195
15 197
15 222
15 262
15 264
15 265
15 271
15 293
15 315
16 356
16 395
16 415
16 428
16 435
16 443
16 505
16 510
16 544
16 545
16 599
16 10
16 20
16 27
16 40
16 46
16 54
16 59
16 60
16 66
16 67
16 77
16 82
16 86
16 139
16 142
16 166
16 169
16 195
16 213
16 215
16 242
16 258
16 273
16 275
16 295
16 316
17 308
17 312
17 323
17 351
17 354
17 410
17 510
17 523
17 537
17 548
17 589
17 594
17 599
17 25
17 31
17 71
17 77
17 101
17 115
17 116
17 143
17 148
17 154
17 156
17 174
17 188
17 195
17 227
17 233
17 245
17 254
17 257
17 265
17 266
17 267
17 269
17 274
17 286
17 288
17 292
17 317
18 309
18 318
18 394
18 415
18 425
18 476
18 480
18 485
18 499
18 534
18 574
18 587
18 598
18 4
18 10
18 15
18 24
18 25
18 43
18 50
18 63
18 84
18 98
18 107
18 116
18 129
18 140
18 142
18 151
18 167
18 179
18 182
18 185
18 188
18 193
18 195
18 209
18 245
18 252
18 256
18 258
18 271
18 273
18 275
18 276
18 280
18 288
18 291
19 332
19 347
19 386
19 399
19 415
19 421
19 433
19 504
19 538
19 569
19 7
19 12
19 47
19 52
19 53
19 77
19 97
19 98
19 99
19 115
19 116
19 127
19 140
19 142
19 145
19 150
19 213
19 214
19 226
19 228
19 254
19 256
19 277
19 319
20 344
20 386
20 389
20 406
20 407
20 431
20 459
20 467
20 519
20 558
20 4
20 5
20 6
20 7
20 16
20 33
20 41
20 55
20 72
20 77
20 102
20 103
20 107
20 146
20 168
20 176
20 182
20 184
20 188
20 200
20 206
20 220
20 236
20 245
20 261
20 297
20 299
20 320
21 360
21 364
21 434
21 489
21 522
21 595
21 26
21 37
21 38
21 60
21 77
21 97
21 129
21 161
21 169
21 174
21 178
21 181
21 188
21 196
21 203
21 207
21 214
21 216
21 220
21 245
21 251
21 321
22 398
22 401
22 407
22 437
22 465
22 500
22 501
22 566
22 11
22 65
22 84
22 90
22 106
22 121
22 150
22 151
22 159
22 195
22 196
22 202
22 224
22 236
22 240
22 262
22 264
22 268
22 283
22 322
23 312
23 417
23 451
23 489
23 548
23 570
23 573
23 579
23 25
23 33
23 41
23 55
23 65
23 67
23 73
23 81
23 88
23 106
23 107
23 130
23 131
23 139
23 142
23 143
23 144
23 155
23 168
23 206
23 210
23 224
23 240
23 247
23 251
23 265
23 277
23 293
23 296
23 298
23 323
24 307
24 316
24 344
24 347
24 357
24 441
24 6
24 8
24 12
24 18
24 27
24 30
24 33
24 54
24 56
24 57
24 65
24 68
24 71
24 80
24 89
24 105
24 118
24 133
24 143
24 160
24 203
24 231
24 240
24 242
24 249
24 251
24 255
24 287
24 291
24 324
25 389
25 427
25 465
25 493
25 594
25 17
25 18
25 23
25 26
25 54
25 67
25 68
25 73
25 117
25 124
25 133
25 149
25 177
25 179
25 187
25 220
25 240
25 257
25 261
25 276
25 325
26 429
26 508
26 528
26 586
26 21
26 25
26 34
26 42
26 68
26 73
26 91
26 97
26 107
26 111
26 113
26 119
26 135
26 143
26 165
26 179
26 209
26 239
26 244
26 246
26 265
26 278
26 282
26 290
26 299
26 326
27 302
27 345
27 359
27 426
27 454
27 575
27 4
27 9
27 13
27 16
27 24
27 28
27 31
27 32
27 52
27 60
27 62
27 75
27 77
27 107
27 137
27 161
27 173
27 178
27 185
27 239
27 249
27 263
27 270
27 289
27 327
28 312
28 317
28 331
28 363
28 401
28 429
28 432
28 486
28 495
28 497
28 500
28 576
28 8
28 12
28 27
28 31
28 47
28 53
28 58
28 83
28 92
28 93
28 111
28 117
28 123
28 127
28 131
28 138
28 175
28 194
28 217
28 220
28 266
28 274
28 328
29 357
29 376
29 414
29 485
29 550
29 565
29 566
29 4
29 5
29 41
29 43
29 53
29 62
29 64
29 65
29 71
29 74
29 87
29 92
29 98
29 127
29 129
29 137
29 139
29 172
29 182
29 192
29 235
29 236
29 257
29 264
29 276
29 291
29 329
30 344
30 352
30 360
30 370
30 500
30 501
30 0
30 11
30 24
30 56
30 73
30 80
30 84
30 87
30 107
30 111
30 130
30 134
30 163
30 168
30 169
30 175
30 180
30 187
30 190
30 198
30 203
30 205
30 213
30 222
30 229
30 239
30 249
30 283
30 297
30 330
31 338
31 398
31 438
31 439
31 479
31 564
31 581
31 594
31 10
31 17
31 27
31 28
31 42
31 56
31 58
31 68
31 75
31 87
31 98
31 110
31 117
31 119
31 147
31 150
31 152
31 159
31 201
31 214
31 227
31 234
31 239
31 248
31 250
31 252
31 262
31 263
31 276
31 280
31 288
31 331
32 344
32 351
32 352
32 378
32 404
32 501
32 543
32 7
32 12
32 13
32 27
32 33
32 70
32 86
32 91
32 99
32 112
32 128
32 134
32 145
32 148
32 169
32 176
32 179
32 188
32 200
32 215
32 232
32 261
32 269
32 292
32 332
33 304
33 341
33 367
33 492
33 534
33 560
33 570
33 0
33 7
33 15
33 20
33 23
33 24
33 32
33 35
33 42
33 48
33 54
33 57
33 65
33 89
33 97
33 147
33 156
33 163
33 182
33 231
33 245
33 251
33 273
33 276
33 290
33 333
34 328
34 415
34 423
34 457
34 465
34 485
34 496
34 518
34 526
34 571
34 1
34 2
34 4
34 26
34 42
34 53
34 54
34 55
34 59
34 61
34 80
34 92
34 96
34 125
34 129
34 147
34 154
34 220
34 225
34 226
34 228
34 236
34 241
34 253
34 264
34 278
34 334
35 311
35 372
35 376
35 379
35 403
35 429
35 431
35 434
35 441
35 500
35 514
35 530
35 560
35 580
35 8
35 33
35 41
35 50
35 67
35 72
35 75
35 92
35 105
35 108
35 134
35 144
35 145
35 157
35 164
35 196
35 207
35 250
35 255
35 261
35 265
35 266
35 267
35 275
35 335
36 301
36 496
36 503
36 525
36 528
36 550
36 553
36 565
36 577
36 8
36 11
36 14
36 65
36 110
36 118
36 134
36 136
36 147
36 151
36 196
36 222
36 231
36 233
36 259
36 260
36 264
36 282
36 296
36 299
36 336
37 322
37 327
37 337
37 343
37 410
37 514
37 543
37 572
37 587
37 589
37 594
37 3
37 21
37 70
37 75
37 76
37 81
37 86
37 100
37 112
37 129
37 135
37 175
37 186
37 201
37 202
37 204
37 208
37 221
37 231
37 247
37 259
37 288
37 289
37 294
37 295
38 363
38 465
38 490
38 10
38 11
38 21
38 48
38 61
38 69
38 73
38 113
38 118
38 154
38 159
38 166
38 221
38 239
38 246
38 247
38 251
38 289
38 338
39 325
39 358
39 372
39 449
39 553
39 574
39 5
39 9
39 11
39 40
39 42
39 44
39 53
39 54
39 63
39 70
39 76
39 81
39 86
39 88
39 90
39 107
39 114
39 120
39 123
39 136
39 155
39 157
39 166
39 180
39 198
39 204
39 209
39 214
39 225
39 254
39 268
39 339
40 313
40 315
40 391
40 401
40 421
40 442
40 456
40 468
40 483
40 484
40 504
40 550
40 562
40 575
40 592
40 0
40 13
40 16
40 39
40 41
40 68
40 70
40 73
40 80
40 94
40 95
40 97
40 129
40 134
40 161
40 178
40 185
40 186
40 195
40 205
40 221
40 223
40 228
40 233
40 236
40 238
40 240
40 249
40 258
40 272
40 276
40 340
41 308
41 343
41 386
41 441
41 452
41 469
41 473
41 502
41 531
41 573
41 585
41 20
41 23
41 29
41 35
41 40
41 42
41 45
41 58
41 63
41 70
41 71
41 90
41 92
41 109
41 120
41 128
41 135
41 149
41 156
41 159
41 194
41 221
41 242
41 246
41 341
42 316
42 328
42 393
42 431
42 514
42 531
42 595
42 12
42 26
42 31
42 33
42 34
42 39
42 41
42 43
42 45
42 56
42 67
42 72
42 73
42 76
42 78
42 82
42 96
42 104
42 112
42 113
42 130
42 138
42 141
42 144
42 149
42 158
42 177
42 211
42 240
42 247
42 260
42 284
42 342
43 309
43 327
43 346
43 394
43 397
43 398
43 418
43 576
43 586
43 592
43 596
43 6
43 18
43 29
43 42
43 49
43 63
43 68
43 70
43 71
43 103
43 135
43 157
43 161
43 193
43 215
43 218
43 228
43 242
43 254
43 260
43 265
43 275
43 279
43 284
43 291
43 343
44 301
44 310
44 391
44 476
44 479
44 551
44 5
44 39
44 57
44 60
44 86
44 93
44 96
44 115
44 139
44 149
44 151
44 158
44 180
44 230
44 272
44 286
44 294
44 296
44 344
45 320
45 340
45 345
45 364
45 400
45 407
45 418
45 486
45 499
45 513
45 526
45 533
45 0
45 1
45 41
45 42
45 49
45 59
45 60
45 67
45 71
45 73
45 74
45 77
45 81
45 85
45 88
45 91
45 124
45 142
45 143
45 146
45 164
45 167
45 187
45 188
45 222
45 242
45 246
45 258
45 263
46 316
46 352
46 360
46 381
46 396
46 412
46 431
46 456
46 481
46 538
46 539
46 555
46 571
46 16
46 48
46 56
46 79
46 107
46 115
46 128
46 130
46 131
46 145
46 164
46 177
46 178
46 184
46 197
46 210
46 242
46 244
46 252
46 278
46 281
46 288
46 296
46 346
47 372
47 384
47 448
47 466
47 479
47 484
47 521
47 535
47 540
47 567
47 576
47 7
47 19
47 28
47 56
47 58
47 65
47 77
47 79
47 82
47 116
47 118
47 131
47 136
47 139
47 141
47 147
47 168
47 171
47 206
47 221
47 222
47 233
47 249
47 252
47 281
47 287
47 347
48 342
48 376
48 389
48 402
48 424
48 437
48 470
48 485
48 494
48 529
48 0
48 6
48 33
48 38
48 46
48 57
48 66
48 73
48 98
48 103
48 107
48 109
48 113
48 117
48 126
48 138
48 221
48 242
48 248
48 265
48 271
48 348
49 349
49 393
49 434
49 439
49 456
49 596
49 2
49 43
49 45
49 56
49 60
49 62
49 110
49 148
49 158
49 173
49 187
49 188
49 199
49 202
49 231
49 232
49 260
49 261
49 275
49 280
50 312
50 319
50 355
50 357
50 390
50 393
50 427
50 432
50 441
50 452
50 486
50 524
50 557
50 564
50 6
50 7
50 13
50 18
50 35
50 55
50 61
50 69
50 82
50 92
50 131
50 141
50 152
50 155
50 157
50 168
50 189
50 220
50 246
50 252
50 254
50 285
50 350
51 331
51 332
51 346
51 401
51 465
51 481
51 511
51 2
51 6
51 7
51 67
51 72
51 101
51 133
51 139
51 140
51 142
51 143
51 148
51 153
51 175
51 180
51 192
51 193
51 196
51 215
51 228
51 238
51 243
51 248
51 260
51 293
51 297
51 299
51 351
52 305
52 323
52 367
52 392
52 407
52 418
52 426
52 501
52 561
52 19
52 27
52 74
52 76
52 77
52 78
52 85
52 90
52 99
52 101
52 108
52 115
52 125
52 162
52 165
52 169
52 174
52 179
52 184
52 231
52 232
52 239
52 262
52 275
52 352
53 321
53 325
53 330
53 361
53 431
53 437
53 450
53 459
53 482
53 504
53 511
53 595
53 14
53 19
53 28
53 29
53 34
53 39
53 75
53 76
53 81
53 89
53 91
53 166
53 171
53 177
53 183
53 187
53 205
53 207
53 209
53 212
53 214
53 226
53 237
53 251
53 253
53 256
53 263
53 270
53 291
53 293
53 353
54 327
54 351
54 424
54 485
54 487
54 510
54 524
54 580
54 597
54 3
54 5
54 16
54 24
54 25
54 33
54 34
54 39
54 70
54 73
54 89
54 91
54 98
54 120
54 130
54 137
54 162
54 182
54 183
54 196
54 205
54 212
54 226
54 231
54 234
54 241
54 263
54 274
54 276
54 284
54 293
54 354
55 399
55 440
55 475
55 562
55 10
55 20
55 23
55 34
55 50
55 67
55 81
55 132
55 143
55 155
55 170
55 191
55 198
55 202
55 204
55 230
55 247
55 275
55 281
55 285
55 292
55 294
55 355
56 343
56 355
56 369
56 404
56 431
56 472
56 510
56 545
56 587
56 24
56 30
56 31
56 42
56 46
56 47
56 49
56 73
56 75
56 97
56 111
56 149
56 157
56 166
56 175
56 193
56 197
56 209
56 216
56 235
56 257
56 258
56 263
56 266
56 268
56 356
57 300
57 308
57 324
57 398
57 415
57 444
57 489
57 506
57 526
57 556
57 565
57 572
57 581
57 9
57 14
57 24
57 33
57 44
57 48
57 68
57 117
57 127
57 142
57 149
57 155
57 158
57 162
57 164
57 165
57 167
57 183
57 197
57 201
57 210
57 225
57 243
57 247
57 278
57 280
57 284
57 296
57 357
58 302
58 326
58 335
58 362
58 422
58 475
58 518
58 534
58 550
58 574
58 28
58 31
58 41
58 47
58 82
58 93
58 101
58 152
58 154
58 157
58 161
58 233
58 237
58 240
58 294
58 358
59 319
59 327
59 442
59 447
59 456
59 472
59 514
59 539
59 595
59 599
59 1
59 16
59 34
59 45
59 71
59 82
59 101
59 105
59 116
59 117
59 177
59 197
59 207
59 208
59 237
59 244
59 252
59 253
59 265
59 267
59 268
59 286
59 290
59 359
60 303
60 305
60 367
60 408
60 424
60 447
60 450
60 463
60 479
60 486
60 499
60 582
60 587
60 1
60 8
60 11
60 16
60 21
60 27
60 44
60 45
60 49
60 73
60 80
60 99
60 184
60 205
60 228
60 268
60 272
60 274
60 275
60 286
60 291
60 294
60 297
60 360
61 309
61 336
61 357
61 390
61 421
61 423
61 508
61 543
61 559
61 12
61 34
61 38
61 50
61 109
61 155
61 175
61 190
61 214
61 226
61 241
61 244
61 361
62 313
62 382
62 383
62 398
62 448
62 459
62 478
62 566
62 1
62 10
62 27
62 29
62 49
62 63
62 68
62 76
62 118
62 124
62 127
62 128
62 130
62 154
62 157
62 174
62 204
62 208
62 228
62 235
62 241
62 259
62 299
62 362
63 394
63 425
63 426
63 476
63 483
63 489
63 528
63 592
63 6
63 7
63 15
63 18
63 39
63 41
63 43
63 62
63 112
63 117
63 121
63 128
63 141
63 151
63 156
63 160
63 189
63 212
63 219
63 224
63 229
63 238
63 243
63 250
63 277
63 285
63 297
63 363
64 332
64 401
64 416
64 435
64 29
64 66
64 74
64 88
64 94
64 102
64 114
64 122
64 125
64 189
64 206
64 224
64 246
64 256
64 257
64 264
64 279
64 281
64 364
65 302
65 332
65 399
65 401
65 491
65 497
65 518
65 590
65 22
65 23
65 24
65 29
65 33
65 36
65 47
65 71
65 119
65 142
65 146
65 163
65 167
65 169
65 174
65 185
65 186
65 190
65 202
65 220
65 240
65 250
65 255
65 263
65 265
65 276
65 279
65 280
65 290
65 296
65 365
66 338
66 399
66 446
66 490
66 564
66 584
66 6
66 11
66 16
66 48
66 64
66 73
66 92
66 93
66 99
66 107
66 116
66 117
66 136
66 139
66 161
66 177
66 207
66 280
66 285
66 294
66 366
67 326
67 375
67 446
67 455
67 499
67 531
67 533
67 0
67 16
67 23
67 25
67 35
67 42
67 45
67 51
67 55
67 70
67 100
67 103
67 116
67 120
67 128
67 155
67 158
67 172
67 177
67 182
67 186
67 189
67 202
67 208
67 231
67 236
67 242
67 279
67 280
67 284
67 290
67 295
67 367
68 309
68 375
68 403
68 406
68 408
68 431
68 434
68 439
68 458
68 5
68 24
68 25
68 26
68 31
68 40
68 43
68 57
68 62
68 71
68 82
68 97
68 112
68 120
68 145
68 153
68 167
68 169
68 180
68 207
68 213
68 222
68 227
68 240
68 258
68 268
68 277
68 296
68 368
69 316
69 329
69 335
69 340
69 378
69 415
69 424
69 432
69 449
69 479
69 494
69 555
69 38
69 50
69 81
69 106
69 113
69 114
69 115
69 153
69 167
69 169
69 209
69 210
69 221
69 230
69 237
69 240
69 245
69 251
69 253
69 283
69 369
70 329
70 394
70 417
70 1
70 7
70 32
70 37
70 39
70 40
70 41
70 43
70 54
70 67
70 78
70 85
70 109
70 113
70 116
70 121
70 126
70 133
70 142
70 165
70 172
70 199
70 200
70 207
70 236
70 240
70 246
70 251
70 271
70 285
70 292
70 370
71 343
71 462
71 483
71 487
71 496
71 508
71 531
71 540
71 564
71 593
71 4
71 9
71 17
71 24
71 29
71 41
71 43
71 45
71 59
71 65
71 68
71 106
71 123
71 140
71 176
71 211
71 224
71 241
71 246
71 270
71 275
71 281
71 283
71 371
72 332
72 359
72 380
72 430
72 447
72 452
72 507
72 511
72 3
72 13
72 20
72 35
72 42
72 51
72 101
72 113
72 141
72 142
72 153
72 158
72 165
72 195
72 199
72 200
72 213
72 218
72 223
72 225
72 226
72 242
72 265
72 271
72 289
72 372
73 347
73 383
73 385
73 390
73 405
73 435
73 448
73 457
73 522
73 565
73 4
73 8
73 10
73 14
73 23
73 25
73 26
73 30
73 38
73 40
73 42
73 45
73 48
73 54
73 56
73 60
73 66
73 95
73 118
73 123
73 134
73 167
73 171
73 172
73 174
73 175
73 201
73 209
73 217
73 223
73 228
73 229
73 232
73 245
73 262
73 263
73 269
73 272
73 288
73 297
73 373
74 308
74 406
74 415
74 429
74 456
74 467
74 506
74 538
74 29
74 45
74 52
74 64
74 76
74 88
74 105
74 106
74 117
74 146
74 148
74 154
74 156
74 167
74 170
74 215
74 268
74 283
74 287
74 288
74 298
74 374
75 302
75 313
75 321
75 329
75 331
75 375
75 464
75 471
75 473
75 474
75 488
75 538
75 570
75 582
75 595
75 27
75 31
75 35
75 37
75 53
75 56
75 92
75 113
75 116
75 117
75 176
75 189
75 205
75 214
75 283
76 408
76 414
76 438
76 466
76 478
76 496
76 538
76 552
76 8
76 10
76 13
76 37
76 39
76 42
76 52
76 53
76 62
76 74
76 79
76 82
76 126
76 156
76 158
76 167
76 177
76 193
76 210
76 223
76 227
76 234
76 240
76 258
76 274
76 290
76 376
77 404
77 431
77 435
77 488
77 531
77 548
77 581
77 582
77 16
77 17
77 19
77 20
77 21
77 27
77 45
77 47
77 52
77 78
77 88
77 117
77 128
77 135
77 147
77 162
77 165
77 175
77 178
77 183
77 249
77 271
77 273
77 296
77 377
78 302
78 317
78 339
78 345
78 348
78 406
78 469
78 565
78 588
78 0
78 42
78 52
78 70
78 77
78 80
78 83
78 84
78 88
78 102
78 112
78 113
78 115
78 125
78 137
78 153
78 176
78 181
78 188
78 200
78 205
78 233
78 236
78 264
78 265
78 378
79 305
79 307
79 373
79 379
79 398
79 441
79 579
79 586
79 587
79 593
79 46
79 47
79 76
79 105
79 110
79 115
79 123
79 137
79 140
79 148
79 170
79 172
79 177
79 184
79 192
79 207
79 214
79 248
79 250
79 278
79 279
79 282
80 333
80 338
80 438
80 444
80 465
80 473
80 484
80 511
80 538
80 9
80 10
80 15
80 24
80 30
80 34
80 40
80 60
80 78
80 89
80 94
80 102
80 120
80 123
80 141
80 147
80 185
80 189
80 195
80 197
80 202
80 211
80 244
80 249
80 257
80 271
80 272
80 275
80 282
80 380
81 402
81 493
81 506
81 508
81 528
81 534
81 537
81 560
81 568
81 588
81 23
81 37
81 39
81 45
81 53
81 55
81 69
81 84
81 91
81 98
81 123
81 128
81 136
81 149
81 159
81 169
81 178
81 184
81 185
81 190
81 191
81 195
81 202
81 203
81 213
81 257
81 295
81 296
81 381
82 342
82 348
82 353
82 366
82 381
82 474
82 509
82 523
82 6
82 11
82 16
82 42
82 47
82 50
82 58
82 59
82 68
82 76
82 86
82 91
82 97
82 98
82 104
82 153
82 171
82 211
82 217
82 218
82 228
82 236
82 238
82 254
82 269
82 270
82 292
82 382
83 347
83 502
83 598
83 8
83 15
83 28
83 78
83 84
83 95
83 116
83 127
83 161
83 185
83 192
83 199
83 221
83 250
83 262
83 280
83 281
83 290
83 383
84 320
84 377
84 379
84 383
84 387
84 394
84 413
84 418
84 453
84 488
84 505
84 571
84 587
84 13
84 18
84 22
84 30
84 78
84 81
84 83
84 90
84 109
84 113
84 125
84 170
84 193
84 211
84 212
84 213
84 220
84 223
84 233
84 240
84 262
84 287
84 294
84 384
85 381
85 395
85 439
85 488
85 574
85 12
85 45
85 52
85 70
85 97
85 102
85 107
85 136
85 139
85 167
85 172
85 174
85 181
85 200
85 203
85 205
85 220
85 249
85 270
85 271
85 286
85 299
85 385
86 333
86 378
86 406
86 451
86 516
86 565
86 576
86 16
86 32
86 37
86 39
86 44
86 82
86 89
86 96
86 122
86 143
86 150
86 152
86 157
86 168
86 170
86 179
86 189
86 198
86 202
86 212
86 236
86 264
86 267
86 386
87 331
87 387
87 398
87 405
87 413
87 416
87 446
87 461
87 496
87 517
87 523
87 551
87 577
87 29
87 30
87 31
87 97
87 132
87 134
87 139
87 148
87 152
87 158
87 159
87 191
87 193
87 210
87 219
87 277
87 279
87 281
87 286
87 287
87 288
88 311
88 312
88 363
88 437
88 468
88 486
88 494
88 511
88 547
88 567
88 598
88 2
88 23
88 39
88 45
88 64
88 74
88 77
88 78
88 101
88 107
88 110
88 117
88 130
88 144
88 147
88 148
88 154
88 170
88 184
88 205
88 219
88 241
88 274
88 282
88 388
89 340
89 353
89 405
89 495
89 507
89 529
89 596
89 599
89 10
89 24
89 33
89 53
89 54
89 80
89 86
89 94
89 104
89 106
89 110
89 124
89 125
89 136
89 153
89 155
89 161
89 170
89 171
89 179
89 180
89 183
89 185
89 194
89 213
89 214
89 221
89 236
89 245
89 286
89 292
89 389
90 334
90 369
90 378
90 427
90 512
90 514
90 533
90 537
90 574
90 5
90 14
90 22
90 39
90 41
90 52
90 84
90 95
90 101
90 103
90 116
90 132
90 143
90 165
90 203
90 204
90 205
90 208
90 215
90 226
90 230
90 261
90 278
90 292
90 390
91 331
91 346
91 357
91 400
91 415
91 427
91 475
91 489
91 517
91 6
91 10
91 26
91 32
91 45
91 53
91 54
91 81
91 82
91 92
91 93
91 98
91 100
91 115
91 118
91 121
91 124
91 125
91 148
91 178
91 188
91 196
91 208
91 213
91 232
91 243
91 245
91 275
91 295
91 391
92 321
92 330
92 339
92 402
92 406
92 431
92 435
92 455
92 461
92 463
92 543
92 570
92 10
92 15
92 28
92 29
92 34
92 35
92 41
92 50
92 66
92 75
92 91
92 110
92 133
92 137
92 140
92 144
92 177
92 225
92 251
92 293
92 392
93 319
93 321
93 368
93 394
93 436
93 559
93 579
93 586
93 596
93 28
93 44
93 58
93 66
93 91
93 98
93 133
93 136
93 140
93 144
93 146
93 154
93 163
93 176
93 177
93 197
93 204
93 205
93 207
93 208
93 221
93 227
93 234
93 265
93 393
94 310
94 323
94 366
94 404
94 429
94 453
94 465
94 494
94 512
94 533
94 559
94 40
94 64
94 80
94 89
94 121
94 122
94 137
94 155
94 163
94 166
94 167
94 169
94 173
94 211
94 275
94 394
95 308
95 352
95 393
95 460
95 465
95 487
95 520
95 590
95 596
95 2
95 9
95 40
95 73
95 83
95 90
95 98
95 147
95 162
95 173
95 176
95 182
95 213
95 229
95 232
95 235
95 395
96 364
96 449
96 457
96 463
96 482
96 546
96 567
96 582
96 2
96 11
96 34
96 42
96 44
96 86
96 110
96 151
96 169
96 176
96 183
96 186
96 216
96 222
96 230
96 261
96 265
96 279
96 298
96 396
97 361
97 383
97 412
97 417
97 423
97 424
97 429
97 433
97 439
97 453
97 505
97 531
97 539
97 552
97 8
97 10
97 19
97 21
97 26
97 33
97 40
97 56
97 68
97 82
97 85
97 87
97 99
97 101
97 109
97 118
97 159
97 176
97 193
97 234
97 261
97 269
97 397
98 325
98 345
98 431
98 466
98 514
98 536
98 590
98 597
98 4
98 15
98 18
98 19
98 29
98 31
98 48
98 54
98 81
98 82
98 91
98 93
98 95
98 100
98 104
98 140
98 157
98 169
98 199
98 219
98 231
98 239
98 252
98 254
98 271
98 281
98 288
98 295
98 297
98 398
99 319
99 323
99 375
99 430
99 434
99 481
99 489
99 498
99 506
99 517
99 537
99 570
99 19
99 32
99 52
99 60
99 66
99 97
99 101
99 127
99 154
99 159
99 180
99 182
99 186
99 203
99 204
99 226
99 231
99 232
99 235
99 257
99 293
99 294
99 399
100 310
100 388
100 403
100 511
100 525
100 548
100 583
100 3
100 8
100 9
100 13
100 14
100 37
100 67
100 91
100 98
100 111
100 120
100 138
100 142
100 147
100 154
100 155
100 168
100 170
100 192
100 201
100 207
100 209
100 212
100 227
100 234
100 244
100 246
100 252
100 276
100 278
100 285
100 293
100 400
101 305
101 317
101 371
101 412
101 434
101 437
101 470
101 562
101 8
101 10
101 14
101 17
101 51
101 52
101 58
101 59
101 72
101 88
101 90
101 97
101 99
101 111
101 120
101 130
101 138
101 169
101 178
101 184
101 190
101 196
101 231
101 236
101 253
101 262
101 264
101 266
101 270
101 271
101 279
101 285
101 295
101 401
102 324
102 369
102 376
102 394
102 427
102 444
102 526
102 6
102 20
102 64
102 78
102 80
102 85
102 103
102 112
102 121
102 134
102 140
102 145
102 146
102 171
102 175
102 179
102 207
102 208
102 213
102 255
102 268
102 269
102 271
102 299
102 402
103 300
103 304
103 305
103 363
103 382
103 383
103 416
103 420
103 433
103 445
103 507
103 514
103 552
103 566
103 12
103 20
103 43
103 48
103 67
103 90
103 102
103 108
103 115
103 127
103 169
103 212
103 221
103 231
103 238
103 257
103 268
103 274
103 276
103 282
103 403
104 324
104 358
104 364
104 402
104 413
104 418
104 493
104 521
104 547
104 566
104 567
104 14
104 42
104 82
104 89
104 98
104 115
104 144
104 164
104 212
104 230
104 258
104 259
104 278
104 284
104 289
104 404
105 395
105 426
105 450
105 462
105 530
105 555
105 2
105 11
105 13
105 24
105 35
105 59
105 74
105 79
105 131
105 152
105 155
105 174
105 180
105 185
105 193
105 196
105 202
105 205
105 219
105 227
105 231
105 233
105 236
105 294
105 405
106 311
106 366
106 380
106 405
106 466
106 491
106 501
106 538
106 552
106 578
106 15
106 22
106 23
106 69
106 71
106 74
106 89
106 111
106 115
106 152
106 160
106 162
106 173
106 174
106 184
106 193
106 199
106 224
106 238
106 241
106 274
106 276
106 280
106 298
106 406
107 318
107 332
107 338
107 376
107 441
107 488
107 507
107 513
107 521
107 527
107 584
107 9
107 18
107 20
107 23
107 26
107 27
107 30
107 39
107 46
107 48
107 66
107 85
107 88
107 108
107 136
107 146
107 154
107 184
107 186
107 206
107 211
107 244
107 247
107 269
107 282
107 289
107 293
107 296
107 407
108 337
108 380
108 391
108 416
108 439
108 450
108 452
108 497
108 555
108 598
108 6
108 35
108 52
108 103
108 107
108 116
108 118
108 124
108 140
108 141
108 142
108 154
108 163
108 167
108 179
108 193
108 196
108 201
108 204
108 210
108 228
108 235
108 236
108 238
108 240
108 241
108 246
108 251
108 260
108 262
108 266
108 269
108 271
108 278
108 280
108 281
108 408
109 329
109 362
109 365
109 382
109 414
109 437
109 455
109 461
109 512
109 561
109 3
109 10
109 41
109 48
109 61
109 70
109 84
109 97
109 112
109 136
109 137
109 140
109 148
109 167
109 186
109 232
109 242
109 244
109 246
109 250
109 268
109 269
109 409
110 301
110 322
110 335
110 341
110 349
110 368
110 377
110 380
110 386
110 408
110 411
110 445
110 488
110 520
110 534
110 578
110 582
110 585
110 597
110 31
110 36
110 49
110 79
110 88
110 89
110 92
110 96
110 111
110 117
110 130
110 143
110 149
110 167
110 196
110 213
110 217
110 229
110 230
110 241
110 252
110 265
110 272
110 277
110 279
110 410
111 306
111 309
111 355
111 416
111 420
111 459
111 462
111 481
111 491
111 539
111 582
111 589
111 15
111 26
111 28
111 30
111 56
111 100
111 101
111 106
111 110
111 112
111 114
111 119
111 147
111 148
111 156
111 160
111 169
111 194
111 214
111 221
111 255
111 265
111 273
111 411
112 323
112 363
112 409
112 439
112 594
112 6
112 32
112 37
112 42
112 63
112 68
112 78
112 102
112 109
112 111
112 118
112 131
112 133
112 149
112 151
112 170
112 182
112 192
112 217
112 229
112 238
112 243
112 251
112 267
112 272
112 274
112 282
112 284
112 287
112 289
112 290
112 295
112 296
112 297
112 412
113 323
113 357
113 397
113 482
113 516
113 574
113 9
113 26
113 38
113 42
113 48
113 69
113 70
113 72
113 75
113 78
113 84
113 114
113 121
113 135
113 178
113 185
113 210
113 258
113 294
113 413
114 364
114 372
114 416
114 421
114 423
114 441
114 466
114 509
114 514
114 3
114 5
114 6
114 11
114 15
114 39
114 64
114 69
114 111
114 113
114 115
114 143
114 146
114 156
114 173
114 178
114 217
114 232
114 299
114 414
115 440
115 469
115 502
115 519
115 521
115 572
115 575
115 17
115 19
115 44
115 46
115 52
115 69
115 78
115 79
115 91
115 103
115 104
115 106
115 114
115 126
115 139
115 142
115 199
115 206
115 210
115 236
115 240
115 249
115 256
115 291
115 292
115 415
116 431
116 481
116 487
116 492
116 501
116 568
116 577
116 578
116 17
116 18
116 19
116 47
116 59
116 66
116 67
116 70
116 75
116 83
116 90
116 108
116 120
116 124
116 130
116 131
116 132
116 133
116 138
116 144
116 148
116 149
116 150
116 160
116 163
116 174
116 185
116 189
116 195
116 208
116 210
116 212
116 224
116 232
116 247
116 261
116 271
116 281
116 287
116 293
116 416
117 358
117 401
117 406
117 421
117 439
117 469
117 3
117 8
117 25
117 28
117 31
117 48
117 57
117 59
117 63
117 66
117 74
117 75
117 77
117 88
117 110
117 121
117 128
117 142
117 144
117 155
117 192
117 220
117 221
117 225
117 226
117 231
117 236
117 239
117 251
117 255
117 272
117 284
117 291
117 296
117 297
117 417
118 308
118 330
118 344
118 351
118 430
118 488
118 540
118 551
118 12
118 24
118 36
118 38
118 47
118 62
118 73
118 91
118 97
118 108
118 112
118 141
118 150
118 154
118 155
118 158
118 163
118 164
118 205
118 208
118 226
118 228
118 236
118 241
118 256
118 273
118 281
118 290
118 297
118 298
118 418
119 321
119 373
119 384
119 406
119 448
119 464
119 474
119 508
119 522
119 593
119 26
119 31
119 65
119 111
119 125
119 131
119 138
119 152
119 153
119 154
119 171
119 179
119 201
119 218
119 220
119 222
119 225
119 229
119 240
119 243
119 267
119 279
119 289
119 297
119 419
120 345
120 373
120 383
120 397
120 414
120 420
120 425
120 428
120 431
120 462
120 534
120 568
120 582
120 14
120 39
120 41
120 54
120 67
120 68
120 80
120 100
120 101
120 116
120 130
120 149
120 169
120 178
120 252
120 255
120 260
120 276
120 287
120 295
121 310
121 314
121 318
121 336
121 400
121 428
121 431
121 435
121 487
121 491
121 507
121 522
121 536
121 574
121 594
121 15
121 22
121 63
121 70
121 91
121 94
121 102
121 113
121 117
121 122
121 127
121 145
121 148
121 153
121 161
121 201
121 233
121 235
121 249
121 271
121 280
121 286
121 421
122 328
122 329
122 332
122 343
122 474
122 505
122 64
122 86
122 94
122 121
122 126
122 142
122 144
122 151
122 179
122 189
122 211
122 224
122 244
122 245
122 255
122 267
122 298
122 422
123 368
123 371
123 521
123 599
123 9
123 28
123 39
123 71
123 73
123 79
123 80
123 81
123 140
123 148
123 160
123 184
123 238
123 244
123 272
123 423
124 300
124 322
124 329
124 375
124 391
124 407
124 449
124 456
124 485
124 576
124 582
124 596
124 14
124 25
124 45
124 62
124 89
124 91
124 108
124 116
124 131
124 154
124 161
124 163
124 167
124 176
124 187
124 192
124 203
124 212
124 225
124 227
124 251
124 266
124 296
124 424
125 313
125 328
125 361
125 452
125 453
125 489
125 501
125 514
125 570
125 579
125 7
125 34
125 52
125 64
125 78
125 84
125 89
125 91
125 119
125 139
125 177
125 180
125 199
125 203
125 210
125 214
125 225
125 227
125 244
125 250
125 278
125 284
125 425
126 326
126 358
126 365
126 413
126 463
126 480
126 536
126 13
126 15
126 48
126 70
126 76
126 115
126 122
126 157
126 172
126 207
126 239
126 258
126 265
126 271
126 277
126 293
126 294
126 426
127 314
127 318
127 322
127 391
127 410
127 420
127 436
127 478
127 561
127 565
127 573
127 580
127 0
127 8
127 19
127 28
127 29
127 57
127 62
127 83
127 99
127 103
127 121
127 132
127 133
127 168
127 171
127 197
127 219
127 221
127 222
127 244
127 255
127 274
127 276
127 427
128 306
128 335
128 340
128 407
128 534
128 548
128 549
128 552
128 573
128 591
128 596
128 12
128 32
128 41
128 46
128 62
128 63
128 67
128 77
128 81
128 117
128 131
128 140
128 176
128 185
128 197
128 214
128 224
128 240
128 263
128 280
128 287
128 288
128 428
129 329
129 341
129 449
129 452
129 475
129 476
129 509
129 18
129 21
129 29
129 34
129 37
129 40
129 158
129 161
129 170
129 191
129 208
129 236
129 243
129 250
129 263
129 268
129 273
129 429
130 311
130 330
130 352
130 421
130 426
130 493
130 516
130 522
130 595
130 4
130 23
130 30
130 42
130 46
130 54
130 62
130 88
130 101
130 110
130 116
130 120
130 133
130 142
130 147
130 157
130 162
130 176
130 193
130 199
130 207
130 209
130 226
130 234
130 275
130 277
130 289
130 430
131 454
131 520
131 532
131 15
131 23
131 28
131 46
131 47
131 50
131 105
131 112
131 116
131 119
131 124
131 128
131 135
131 138
131 148
131 151
131 162
131 172
131 184
131 228
131 238
131 252
131 255
131 280
131 284
131 291
131 431
132 342
132 432
132 454
132 478
132 524
132 551
132 552
132 55
132 87
132 90
132 116
132 127
132 143
132 147
132 195
132 228
132 232
132 237
132 239
132 241
132 257
132 282
132 297
133 301
133 358
133 458
133 500
133 549
133 552
133 576
133 4
133 7
133 10
133 15
133 24
133 25
133 51
133 70
133 92
133 93
133 112
133 116
133 127
133 130
133 137
133 148
133 165
133 167
133 168
133 179
133 180
133 184
133 215
133 234
133 258
133 263
133 291
133 294
133 298
133 299
133 433
134 380
134 474
134 533
134 584
134 2
134 14
134 30
134 32
134 35
134 36
134 40
134 73
134 87
134 102
134 195
134 232
134 241
134 259
134 262
134 275
134 434
135 372
135 405
135 423
135 443
135 474
135 497
135 545
135 15
135 26
135 37
135 41
135 43
135 77
135 113
135 131
135 137
135 149
135 156
135 183
135 184
135 185
135 187
135 213
135 222
135 256
135 270
135 273
135 280
135 298
135 435
136 338
136 385
136 403
136 406
136 490
136 528
136 544
136 591
136 13
136 36
136 39
136 47
136 66
136 81
136 85
136 89
136 93
136 107
136 109
136 151
136 157
136 174
136 196
136 215
136 221
136 230
136 238
136 241
136 252
136 269
136 274
136 279
136 287
136 298
136 436
137 389
137 455
137 467
137 472
137 493
137 501
137 12
137 27
137 29
137 54
137 78
137 79
137 92
137 94
137 109
137 133
137 135
137 148
137 150
137 165
137 181
137 206
137 212
137 218
137 223
137 236
137 247
137 276
137 437
138 329
138 371
138 408
138 412
138 444
138 446
138 529
138 594
138 4
138 28
138 42
138 48
138 100
138 101
138 116
138 119
138 131
138 150
138 157
138 164
138 173
138 184
138 185
138 188
138 193
138 219
138 220
138 226
138 254
138 266
138 289
138 290
138 438
139 340
139 390
139 431
139 440
139 467
139 511
139 520
139 527
139 528
139 547
139 3
139 16
139 23
139 29
139 44
139 47
139 51
139 66
139 85
139 87
139 115
139 125
139 140
139 152
139 158
139 162
139 187
139 223
139 254
139 283
139 297
139 439
140 352
140 371
140 385
140 386
140 392
140 394
140 469
140 480
140 564
140 577
140 590
140 1
140 4
140 14
140 18
140 19
140 51
140 71
140 79
140 92
140 93
140 98
140 102
140 108
140 109
140 123
140 128
140 139
140 150
140 179
140 192
140 193
140 198
140 208
140 237
140 241
140 244
140 254
140 257
140 260
140 263
140 272
140 275
140 281
140 284
140 289
140 290
140 291
140 440
141 305
141 308
141 393
141 428
141 480
141 508
141 539
141 551
141 42
141 47
141 50
141 63
141 72
141 80
141 108
141 118
141 155
141 156
141 158
141 161
141 170
141 179
141 186
141 192
141 206
141 214
141 220
141 221
141 234
141 237
141 250
141 251
141 258
141 260
141 270
141 277
141 282
141 287
141 441
142 307
142 320
142 330
142 335
142 345
142 381
142 437
142 449
142 492
142 494
142 576
142 3
142 5
142 8
142 12
142 14
142 16
142 18
142 19
142 23
142 45
142 51
142 57
142 65
142 70
142 72
142 100
142 108
142 115
142 117
142 122
142 130
142 157
142 158
142 161
142 175
142 183
142 200
142 204
142 227
142 269
142 280
142 297
142 298
142 442
143 312
143 329
143 371
143 414
143 430
143 447
143 451
143 479
143 480
143 563
143 582
143 588
143 0
143 17
143 23
143 24
143 26
143 45
143 51
143 55
143 86
143 90
143 110
143 114
143 132
143 152
143 155
143 160
143 175
143 195
143 216
143 218
143 240
143 247
143 256
143 257
143 286
143 443
144 310
144 352
144 385
144 401
144 427
144 460
144 505
144 546
144 3
144 13
144 23
144 35
144 42
144 88
144 92
144 93
144 104
144 116
144 117
144 122
144 151
144 156
144 172
144 234
144 264
144 266
144 288
144 289
144 291
144 299
144 444
145 307
145 310
145 333
145 412
145 449
145 465
145 512
145 545
145 559
145 6
145 11
145 19
145 32
145 35
145 46
145 68
145 102
145 121
145 159
145 177
145 221
145 223
145 233
145 242
145 257
145 263
145 285
145 288
145 445
146 323
146 374
146 415
146 416
146 447
146 452
146 457
146 493
146 499
146 564
146 586
146 2
146 20
146 45
146 65
146 74
146 93
146 102
146 107
146 114
146 149
146 173
146 175
146 178
146 179
146 199
146 208
146 248
146 446
147 333
147 348
147 367
147 379
147 419
147 463
147 489
147 500
147 514
147 596
147 2
147 3
147 31
147 33
147 34
147 36
147 47
147 77
147 80
147 88
147 95
147 100
147 111
147 130
147 132
147 164
147 180
147 197
147 212
147 222
147 234
147 255
147 262
147 290
147 447
148 307
148 333
148 342
148 368
148 387
148 398
148 406
148 456
148 492
148 496
148 545
148 556
148 564
148 596
148 0
148 5
148 17
148 32
148 49
148 51
148 74
148 79
148 87
148 88
148 91
148 109
148 111
148 116
148 121
148 123
148 131
148 133
148 137
148 150
148 153
148 172
148 178
148 187
148 189
148 198
148 272
148 448
149 304
149 310
149 350
149 374
149 400
149 447
149 532
149 552
149 571
149 592
149 593
149 25
149 41
149 42
149 44
149 56
149 57
149 81
149 110
149 112
149 116
149 120
149 135
149 146
149 153
149 192
149 211
149 212
149 256
149 269
149 280
149 294
149 449
150 308
150 317
150 342
150 367
150 416
150 447
150 456
150 513
150 577
150 588
150 3
150 15
150 19
150 22
150 31
150 86
150 116
150 118
150 137
150 138
150 140
150 148
150 158
150 163
150 170
150 171
150 197
150 211
150 231
150 261
150 268
150 286
150 450
151 300
151 318
151 339
151 449
151 472
151 482
151 504
151 509
151 544
151 577
151 15
151 18
151 22
151 36
151 44
151 63
151 96
151 112
151 122
151 131
151 136
151 144
151 167
151 171
151 173
151 201
151 210
151 213
151 276
151 278
151 299
151 451
152 318
152 350
152 356
152 384
152 420
152 422
152 448
152 486
152 514
152 540
152 542
152 560
152 588
152 2
152 3
152 4
152 15
152 31
152 50
152 58
152 86
152 87
152 105
152 106
152 119
152 139
152 143
152 163
152 167
152 192
152 211
152 225
152 232
152 266
152 290
152 452
153 332
153 366
153 377
153 397
153 410
153 533
153 10
153 51
153 68
153 69
153 72
153 78
153 82
153 89
153 119
153 121
153 148
153 149
153 160
153 208
153 216
153 224
153 253
153 283
153 285
153 292
153 295
153 453
154 310
154 345
154 349
154 362
154 431
154 533
154 1
154 17
154 34
154 38
154 58
154 62
154 74
154 88
154 93
154 99
154 100
154 107
154 108
154 118
154 119
154 124
154 160
154 165
154 183
154 186
154 192
154 200
154 207
154 217
154 232
154 233
154 239
154 261
154 274
154 275
154 297
154 454
155 316
155 335
155 354
155 439
155 440
155 456
155 477
155 478
155 483
155 1
155 23
155 39
155 50
155 55
155 57
155 61
155 67
155 89
155 94
155 100
155 105
155 117
155 118
155 141
155 143
155 162
155 172
155 206
155 210
155 235
155 252
155 265
155 277
155 282
155 290
155 296
155 455
156 325
156 342
156 354
156 355
156 376
156 384
156 405
156 407
156 409
156 414
156 432
156 435
156 438
156 441
156 475
156 480
156 484
156 541
156 585
156 1
156 17
156 33
156 41
156 63
156 74
156 76
156 111
156 114
156 135
156 141
156 144
156 170
156 171
156 178
156 212
156 216
156 220
156 229
156 236
156 237
156 243
156 250
156 262
156 266
156 287
156 291
156 456
157 332
157 414
157 453
157 2
157 35
157 39
157 43
157 50
157 56
157 58
157 62
157 86
157 98
157 126
157 130
157 136
157 138
157 142
157 171
157 186
157 219
157 248
157 256
157 257
157 292
157 457
158 385
158 394
158 433
158 0
158 4
158 42
158 44
158 49
158 57
158 67
158 72
158 76
158 87
158 118
158 129
158 139
158 141
158 142
158 150
158 159
158 175
158 209
158 230
158 287
158 458
159 344
159 346
159 407
159 418
159 454
159 480
159 561
159 4
159 22
159 31
159 38
159 41
159 81
159 87
159 97
159 99
159 145
159 158
159 162
159 173
159 177
159 180
159 211
159 216
159 219
159 222
159 223
159 225
159 254
159 269
159 295
159 299
159 459
160 300
160 425
160 443
160 444
160 491
160 535
160 597
160 24
160 63
160 106
160 111
160 116
160 123
160 143
160 153
160 154
160 189
160 193
160 194
160 205
160 217
160 219
160 239
160 251
160 277
160 460
161 314
161 371
161 373
161 375
161 401
161 420
161 442
161 458
161 518
161 527
161 554
161 574
161 590
161 595
161 2
161 5
161 14
161 21
161 27
161 40
161 43
161 58
161 66
161 83
161 89
161 121
161 124
161 129
161 141
161 142
161 184
161 194
161 221
161 222
161 267
161 270
161 274
161 286
161 288
161 292
161 461
162 320
162 364
162 436
162 449
162 478
162 490
162 504
162 13
162 52
162 54
162 57
162 77
162 95
162 106
162 130
162 131
162 139
162 155
162 159
162 199
162 260
162 272
162 296
162 462
163 319
163 341
163 346
163 362
163 422
163 430
163 456
163 463
163 467
163 473
163 497
163 502
163 517
163 565
163 5
163 7
163 9
163 30
163 33
163 65
163 93
163 94
163 108
163 116
163 118
163 124
163 150
163 152
163 165
163 170
163 181
163 183
163 188
163 213
163 214
163 224
163 257
163 284
163 289
163 290
164 310
164 343
164 373
164 394
164 415
164 538
164 7
164 35
164 45
164 46
164 57
164 104
164 118
164 138
164 147
164 196
164 202
164 208
164 229
164 230
164 248
164 274
164 293
164 464
165 328
165 369
165 416
165 425
165 444
165 469
165 505
165 554
165 556
165 10
165 26
165 52
165 57
165 70
165 72
165 77
165 90
165 133
165 137
165 154
165 163
165 167
165 168
165 175
165 182
165 194
165 206
165 220
165 227
165 236
165 238
165 242
165 246
165 254
165 255
165 266
165 287
165 465
166 302
166 311
166 313
166 383
166 413
166 443
166 457
166 482
166 489
166 514
166 546
166 554
166 562
166 5
166 10
166 16
166 38
166 39
166 53
166 56
166 94
166 171
166 175
166 225
166 234
166 244
166 256
166 259
166 267
166 466
167 350
167 362
167 378
167 442
167 532
167 541
167 547
167 558
167 18
167 45
167 57
167 65
167 68
167 69
167 73
167 74
167 76
167 85
167 94
167 108
167 109
167 110
167 124
167 133
167 151
167 152
167 165
167 184
167 192
167 213
167 219
167 226
167 238
167 246
167 247
167 250
167 258
167 264
167 299
167 467
168 309
168 333
168 392
168 438
168 444
168 448
168 513
168 588
168 13
168 20
168 23
168 30
168 47
168 50
168 86
168 100
168 127
168 133
168 165
168 176
168 183
168 188
168 196
168 220
168 231
168 244
168 255
168 265
168 287
168 294
168 468
169 340
169 341
169 400
169 504
169 511
169 560
169 563
169 575
169 588
169 11
169 16
169 21
169 30
169 32
169 52
169 65
169 68
169 69
169 81
169 94
169 96
169 98
169 101
169 103
169 111
169 120
169 172
169 184
169 191
169 192
169 242
169 258
169 270
169 272
169 289
169 299
169 469
170 321
170 371
170 479
170 561
170 6
170 10
170 55
170 74
170 79
170 84
170 86
170 88
170 89
170 100
170 112
170 129
170 141
170 150
170 156
170 163
170 177
170 188
170 189
170 198
170 199
170 200
170 201
170 208
170 221
170 250
170 273
170 470
171 336
171 349
171 364
171 367
171 389
171 429
171 472
171 509
171 568
171 575
171 598
171 47
171 53
171 73
171 82
171 89
171 102
171 119
171 127
171 150
171 151
171 156
171 157
171 166
171 183
171 186
171 203
171 222
171 223
171 226
171 229
171 244
171 254
171 258
171 270
171 284
171 471
172 327
172 330
172 359
172 360
172 405
172 445
172 493
172 495
172 534
172 583
172 590
172 594
172 14
172 29
172 67
172 70
172 73
172 79
172 85
172 126
172 131
172 144
172 148
172 155
172 169
172 194
172 200
172 225
172 274
172 281
172 282
172 290
172 472
173 334
173 341
173 354
173 395
173 426
173 503
173 508
173 551
173 581
173 8
173 27
173 49
173 94
173 95
173 106
173 114
173 138
173 146
173 151
173 159
173 174
173 188
173 210
173 215
173 221
173 222
173 223
173 232
173 233
173 235
173 273
173 473
174 313
174 396
174 421
174 448
174 553
174 578
174 2
174 4
174 17
174 21
174 52
174 62
174 65
174 73
174 85
174 105
174 106
174 116
174 136
174 173
174 176
174 189
174 204
174 207
174 212
174 219
174 235
174 250
174 251
174 252
174 253
174 259
174 275
174 278
174 279
174 282
174 295
174 474
175 358
175 397
175 525
175 539
175 572
175 28
175 30
175 37
175 51
175 56
175 61
175 73
175 77
175 102
175 142
175 143
175 146
175 158
175 165
175 166
175 208
175 229
175 233
175 255
175 289
175 292
175 297
175 298
175 475
176 300
176 371
176 430
176 459
176 539
176 590
176 4
176 6
176 20
176 32
176 71
176 75
176 78
176 93
176 95
176 96
176 97
176 124
176 128
176 130
176 168
176 174
176 190
176 203
176 208
176 215
176 234
176 258
176 272
176 275
176 292
176 297
176 476
177 301
177 311
177 360
177 365
177 409
177 427
177 500
177 505
177 514
177 585
177 593
177 7
177 25
177 42
177 46
177 53
177 59
177 66
177 67
177 76
177 79
177 92
177 93
177 125
177 145
177 159
177 170
177 180
177 196
177 217
177 218
177 243
177 252
177 262
177 272
177 293
177 477
178 303
178 308
178 315
178 320
178 342
178 405
178 426
178 430
178 441
178 470
178 482
178 510
178 513
178 577
178 11
178 21
178 27
178 40
178 46
178 77
178 81
178 91
178 101
178 113
178 114
178 120
178 146
178 148
178 156
178 183
178 187
178 197
178 199
178 212
178 229
178 232
178 243
178 267
178 285
178 290
178 478
179 318
179 319
179 332
179 343
179 379
179 391
179 431
179 445
179 530
179 537
179 18
179 25
179 26
179 32
179 52
179 86
179 89
179 102
179 108
179 119
179 122
179 133
179 140
179 141
179 146
179 205
179 235
179 266
179 479
180 301
180 309
180 316
180 331
180 448
180 449
180 583
180 6
180 30
180 39
180 44
180 51
180 68
180 89
180 99
180 105
180 125
180 133
180 147
180 159
180 177
180 200
180 222
180 232
180 235
180 239
180 242
180 253
180 260
180 267
180 284
180 289
180 480
181 349
181 398
181 416
181 445
181 452
181 453
181 475
181 487
181 501
181 509
181 510
181 536
181 548
181 560
181 588
181 590
181 591
181 0
181 21
181 78
181 85
181 137
181 163
181 216
181 217
181 220
181 230
181 247
181 250
181 253
181 272
181 274
181 481
182 305
182 323
182 329
182 339
182 365
182 410
182 412
182 417
182 476
182 490
182 516
182 540
182 545
182 550
182 565
182 572
182 581
182 588
182 7
182 12
182 15
182 18
182 20
182 29
182 33
182 54
182 67
182 95
182 99
182 112
182 165
182 185
182 188
182 193
182 214
182 251
182 254
182 272
182 275
182 283
182 482
183 317
183 364
183 385
183 391
183 392
183 437
183 469
183 512
183 540
183 593
183 53
183 54
183 57
183 77
183 89
183 96
183 135
183 142
183 154
183 163
183 168
183 171
183 178
183 192
183 199
183 220
183 222
183 226
183 229
183 271
183 278
183 483
184 332
184 337
184 362
184 395
184 423
184 445
184 450
184 487
184 498
184 511
184 568
184 20
184 46
184 52
184 60
184 79
184 81
184 88
184 101
184 106
184 107
184 123
184 131
184 133
184 135
184 138
184 161
184 167
184 169
184 195
184 198
184 209
184 213
184 224
184 227
184 236
184 249
184 254
184 258
184 284
184 484
185 304
185 312
185 346
185 347
185 394
185 444
185 489
185 512
185 536
185 544
185 549
185 566
185 1
185 15
185 18
185 27
185 40
185 65
185 80
185 81
185 83
185 89
185 105
185 113
185 116
185 128
185 135
185 138
185 182
185 206
185 213
185 216
185 236
185 254
185 255
185 256
185 289
185 485
186 330
186 337
186 403
186 413
186 428
186 440
186 441
186 444
186 455
186 464
186 511
186 533
186 538
186 559
186 573
186 1
186 3
186 6
186 15
186 37
186 40
186 65
186 67
186 96
186 99
186 107
186 109
186 141
186 154
186 157
186 171
186 191
186 196
186 216
186 261
186 267
186 284
186 486
187 302
187 311
187 333
187 352
187 380
187 422
187 493
187 521
187 585
187 2
187 3
187 11
187 25
187 30
187 45
187 49
187 53
187 124
187 135
187 139
187 148
187 178
187 192
187 205
187 206
187 211
187 231
187 235
187 239
187 241
187 242
187 247
187 259
187 285
187 292
187 487
188 311
188 313
188 327
188 335
188 340
188 369
188 380
188 432
188 460
188 461
188 463
188 483
188 524
188 7
188 12
188 15
188 17
188 18
188 20
188 21
188 32
188 45
188 49
188 78
188 91
188 138
188 163
188 168
188 170
188 173
188 182
188 213
188 222
188 223
188 232
188 235
188 241
188 245
188 255
188 264
188 488
189 313
189 374
189 400
189 456
189 472
189 513
189 571
189 591
189 4
189 50
189 63
189 64
189 67
189 75
189 80
189 86
189 116
189 122
189 148
189 160
189 170
189 174
189 206
189 229
189 233
189 243
189 255
189 287
189 296
189 489
190 336
190 338
190 378
190 405
190 471
190 477
190 504
190 506
190 518
190 527
190 3
190 30
190 61
190 65
190 81
190 101
190 176
190 192
190 203
190 216
190 259
190 264
190 270
190 272
190 287
190 295
190 490
191 333
191 344
191 389
191 400
191 510
191 522
191 596
191 55
191 81
191 87
191 129
191 169
191 186
191 212
191 218
191 219
191 224
191 243
191 246
191 248
191 249
191 267
191 280
191 293
191 491
192 307
192 315
192 326
192 328
192 361
192 407
192 408
192 413
192 426
192 525
192 542
192 558
192 0
192 1
192 15
192 29
192 51
192 79
192 83
192 100
192 112
192 117
192 124
192 140
192 141
192 149
192 152
192 154
192 167
192 169
192 183
192 187
192 190
192 234
192 241
192 278
192 293
192 492
193 346
193 408
193 422
193 428
193 449
193 467
193 486
193 519
193 527
193 529
193 583
193 586
193 587
193 596
193 8
193 18
193 43
193 51
193 56
193 76
193 84
193 87
193 97
193 105
193 106
193 108
193 130
193 138
193 140
193 160
193 182
193 197
193 201
193 209
193 224
193 225
193 234
193 258
193 259
193 268
193 275
193 276
193 280
193 282
193 285
193 493
194 302
194 347
194 372
194 408
194 425
194 430
194 449
194 467
194 523
194 588
194 596
194 28
194 41
194 89
194 111
194 160
194 161
194 165
194 172
194 204
194 215
194 217
194 227
194 251
194 269
194 290
194 296
194 494
195 325
195 337
195 362
195 364
195 387
195 389
195 487
195 538
195 554
195 2
195 15
195 16
195 17
195 18
195 22
195 40
195 72
195 80
195 81
195 116
195 132
195 134
195 143
195 184
195 205
195 208
195 210
195 212
195 213
195 225
195 229
195 233
195 247
195 271
195 291
195 299
195 495
196 366
196 380
196 381
196 434
196 457
196 474
196 516
196 581
196 4
196 21
196 22
196 35
196 36
196 51
196 54
196 91
196 101
196 105
196 108
196 110
196 136
196 164
196 168
196 177
196 186
196 199
196 204
196 206
196 223
196 240
196 279
196 294
196 496
197 301
197 330
197 369
197 385
197 386
197 391
197 393
197 481
197 498
197 499
197 503
197 511
197 527
197 547
197 569
197 7
197 15
197 46
197 56
197 57
197 59
197 80
197 93
197 127
197 128
197 147
197 150
197 178
197 193
197 204
197 209
197 216
197 222
197 257
197 265
197 269
197 271
197 284
197 290
197 497
198 328
198 340
198 342
198 363
198 408
198 460
198 494
198 533
198 550
198 30
198 39
198 55
198 86
198 140
198 148
198 170
198 184
198 211
198 214
198 224
198 229
198 232
198 235
198 248
198 283
198 284
198 285
198 287
198 294
198 498
199 323
199 352
199 354
199 411
199 456
199 8
199 49
199 70
199 72
199 83
199 98
199 106
199 115
199 125
199 130
199 146
199 162
199 170
199 178
199 183
199 196
199 211
199 213
199 221
199 236
199 241
199 255
199 256
199 270
199 281
199 293
199 299
199 499
200 306
200 398
200 464
200 528
200 571
200 597
200 4
200 20
200 32
200 70
200 72
200 78
200 85
200 142
200 154
200 170
200 172
200 180
200 213
200 227
200 234
200 259
200 289
200 298
200 500
201 370
201 373
201 381
201 397
201 418
201 479
201 493
201 504
201 508
201 516
201 578
201 584
201 9
201 31
201 37
201 57
201 73
201 100
201 108
201 119
201 121
201 151
201 170
201 193
201 212
201 213
201 219
201 247
201 260
201 266
201 281
201 283
201 294
201 501
202 338
202 359
202 361
202 381
202 402
202 412
202 430
202 433
202 444
202 478
202 516
202 551
202 559
202 3
202 10
202 22
202 37
202 49
202 55
202 65
202 67
202 80
202 81
202 86
202 105
202 164
202 209
202 231
202 248
202 249
202 263
202 271
202 287
202 502
203 330
203 374
203 392
203 403
203 429
203 434
203 451
203 515
203 517
203 530
203 21
203 24
203 30
203 81
203 85
203 90
203 99
203 124
203 125
203 171
203 176
203 190
203 221
203 240
203 262
203 266
203 503
204 415
204 454
204 458
204 472
204 485
204 492
204 594
204 10
204 37
204 39
204 55
204 62
204 90
204 93
204 99
204 108
204 142
204 174
204 194
204 196
204 197
204 205
204 216
204 219
204 261
204 270
204 275
204 279
204 281
204 504
205 320
205 321
205 334
205 345
205 358
205 371
205 497
205 553
205 582
205 30
205 40
205 53
205 54
205 60
205 75
205 78
205 85
205 88
205 90
205 93
205 105
205 118
205 160
205 179
205 187
205 195
205 204
205 218
205 224
205 228
205 259
205 266
205 271
205 296
205 505
206 308
206 327
206 338
206 355
206 372
206 373
206 448
206 453
206 475
206 476
206 499
206 589
206 0
206 14
206 20
206 23
206 47
206 64
206 107
206 115
206 137
206 141
206 155
206 165
206 185
206 187
206 189
206 196
206 215
206 240
206 251
206 255
206 266
206 276
206 291
206 506
207 355
207 384
207 390
207 399
207 435
207 481
207 482
207 534
207 571
207 575
207 582
207 8
207 12
207 21
207 35
207 53
207 59
207 66
207 68
207 70
207 79
207 93
207 100
207 102
207 126
207 130
207 154
207 174
207 220
207 234
207 240
207 248
207 258
207 267
207 270
207 278
207 281
207 507
208 307
208 399
208 406
208 459
208 485
208 538
208 579
208 598
208 1
208 6
208 10
208 13
208 37
208 59
208 62
208 67
208 90
208 91
208 93
208 102
208 116
208 118
208 129
208 140
208 146
208 153
208 164
208 170
208 175
208 176
208 195
208 220
208 252
208 262
208 263
208 264
208 508
209 300
209 340
209 420
209 444
209 529
209 555
209 558
209 563
209 565
209 4
209 18
209 26
209 39
209 53
209 56
209 69
209 73
209 100
209 130
209 158
209 184
209 193
209 197
209 202
209 215
209 218
209 243
209 246
209 259
209 273
209 280
209 291
209 299
209 509
210 329
210 350
210 398
210 400
210 412
210 464
210 481
210 486
210 503
210 531
210 534
210 585
210 596
210 23
210 46
210 57
210 69
210 76
210 87
210 108
210 113
210 115
210 116
210 125
210 151
210 155
210 173
210 195
210 228
210 234
210 248
210 264
210 270
210 282
210 287
210 289
210 294
210 510
211 338
211 481
211 580
211 597
211 2
211 14
211 42
211 71
211 80
211 82
211 84
211 94
211 107
211 122
211 149
211 150
211 152
211 159
211 187
211 198
211 199
211 214
211 225
211 235
211 240
211 247
211 271
211 274
211 280
211 285
211 511
212 427
212 486
212 497
212 6
212 11
212 53
212 54
212 63
212 84
212 86
212 100
212 103
212 104
212 116
212 124
212 137
212 147
212 149
212 156
212 174
212 178
212 191
212 195
212 201
212 251
212 268
212 280
212 296
212 299
212 512
213 320
213 479
213 543
213 16
213 19
213 30
213 68
213 72
213 81
213 84
213 89
213 91
213 95
213 102
213 110
213 135
213 151
213 163
213 167
213 184
213 185
213 188
213 195
213 199
213 200
213 201
213 223
213 247
213 252
213 256
213 274
213 280
213 282
213 284
213 286
213 513
214 346
214 423
214 3
214 12
214 19
214 21
214 31
214 39
214 53
214 61
214 75
214 79
214 89
214 111
214 125
214 128
214 141
214 163
214 182
214 198
214 211
214 229
214 231
214 232
214 244
214 245
214 253
214 268
214 272
214 275
214 514
215 317
215 337
215 412
215 441
215 468
215 519
215 570
215 582
215 7
215 16
215 32
215 43
215 51
215 74
215 90
215 133
215 136
215 173
215 176
215 194
215 206
215 209
215 217
215 235
215 242
215 263
215 268
215 270
215 273
215 276
215 291
215 294
215 515
216 313
216 343
216 385
216 402
216 420
216 427
216 445
216 465
216 548
216 554
216 8
216 21
216 56
216 96
216 143
216 153
216 156
216 159
216 181
216 185
216 186
216 190
216 197
216 204
216 219
216 228
216 248
216 263
216 275
216 516
217 324
217 329
217 335
217 419
217 448
217 459
217 485
217 520
217 532
217 14
217 28
217 73
217 82
217 110
217 112
217 114
217 154
217 160
217 177
217 181
217 194
217 215
217 229
217 234
217 241
217 242
217 248
217 257
217 259
217 281
217 517
218 352
218 370
218 379
218 436
218 455
218 496
218 501
218 529
218 0
218 43
218 72
218 82
218 119
218 137
218 143
218 177
218 191
218 205
218 209
218 219
218 245
218 280
218 518
219 339
219 355
219 377
219 390
219 446
219 454
219 465
219 469
219 576
219 10
219 63
219 87
219 88
219 98
219 105
219 127
219 138
219 157
219 159
219 160
219 167
219 174
219 191
219 201
219 204
219 216
219 218
219 228
219 231
219 242
219 281
219 519
220 357
220 375
220 509
220 515
220 534
220 11
220 12
220 20
220 21
220 25
220 28
220 34
220 50
220 65
220 84
220 85
220 117
220 119
220 138
220 141
220 156
220 165
220 168
220 181
220 183
220 207
220 208
220 221
220 236
220 240
220 247
220 249
220 264
220 271
220 273
220 299
220 520
221 313
221 331
221 378
221 437
221 483
221 494
221 520
221 528
221 548
221 551
221 1
221 14
221 37
221 38
221 40
221 41
221 47
221 48
221 69
221 83
221 89
221 93
221 103
221 111
221 117
221 127
221 136
221 141
221 145
221 161
221 170
221 173
221 199
221 203
221 220
221 240
221 243
221 246
221 250
221 263
221 288
221 521
222 361
222 383
222 394
222 443
222 484
222 493
222 505
222 521
222 524
222 528
222 549
222 566
222 579
222 4
222 15
222 30
222 36
222 45
222 47
222 68
222 96
222 119
222 127
222 135
222 147
222 159
222 161
222 171
222 173
222 180
222 183
222 188
222 197
222 236
222 251
222 269
222 277
222 292
222 296
222 522
223 305
223 324
223 358
223 385
223 395
223 413
223 416
223 428
223 456
223 466
223 483
223 492
223 510
223 518
223 547
223 568
223 590
223 595
223 6
223 11
223 40
223 72
223 73
223 76
223 84
223 137
223 139
223 145
223 159
223 171
223 173
223 188
223 196
223 213
223 242
223 245
223 246
223 250
223 252
223 259
223 286
223 523
224 306
224 326
224 401
224 415
224 464
224 485
224 500
224 571
224 22
224 23
224 63
224 64
224 71
224 106
224 116
224 122
224 128
224 153
224 163
224 184
224 191
224 193
224 198
224 205
224 236
224 246
224 274
224 296
224 524
225 336
225 341
225 397
225 429
225 461
225 463
225 533
225 559
225 5
225 7
225 34
225 39
225 57
225 72
225 92
225 117
225 119
225 124
225 125
225 152
225 159
225 166
225 172
225 193
225 195
225 211
225 229
225 242
225 245
225 268
225 270
225 298
225 525
226 304
226 327
226 477
226 501
226 594
226 19
226 34
226 53
226 54
226 61
226 72
226 90
226 99
226 117
226 118
226 130
226 138
226 167
226 171
226 183
226 240
226 252
226 254
226 277
226 287
226 526
227 379
227 476
227 524
227 595
227 14
227 17
227 31
227 68
227 76
227 93
227 100
227 105
227 124
227 125
227 142
227 165
227 184
227 194
227 200
227 230
227 241
227 242
227 243
227 275
227 291
227 297
227 298
227 527
228 322
228 341
228 412
228 477
228 530
228 535
228 549
228 591
228 0
228 19
228 34
228 40
228 43
228 51
228 60
228 62
228 73
228 82
228 108
228 118
228 131
228 132
228 205
228 210
228 216
228 219
228 236
228 252
228 269
228 279
228 292
228 528
229 423
229 440
229 457
229 459
229 461
229 568
229 578
229 10
229 11
229 30
229 63
229 73
229 95
229 110
229 112
229 119
229 156
229 164
229 171
229 175
229 178
229 183
229 189
229 195
229 198
229 214
229 217
229 225
229 238
229 264
229 286
229 529
230 313
230 328
230 347
230 348
230 359
230 382
230 394
230 449
230 459
230 469
230 577
230 582
230 44
230 55
230 69
230 90
230 96
230 104
230 110
230 136
230 158
230 164
230 181
230 227
230 275
230 281
230 285
230 294
230 295
230 530
231 443
231 445
231 464
231 475
231 509
231 530
231 3
231 24
231 33
231 36
231 37
231 49
231 52
231 54
231 67
231 98
231 99
231 101
231 103
231 105
231 117
231 150
231 168
231 187
231 202
231 214
231 219
231 240
231 247
231 251
231 253
231 271
231 298
231 531
232 306
232 308
232 315
232 328
232 373
232 393
232 415
232 478
232 502
232 513
232 0
232 2
232 32
232 49
232 52
232 73
232 91
232 95
232 99
232 109
232 114
232 116
232 132
232 134
232 152
232 154
232 173
232 178
232 180
232 188
232 198
232 214
232 236
232 271
232 288
232 290
232 298
232 532
233 322
233 390
233 398
233 505
233 2
233 17
233 36
233 40
233 47
233 58
233 78
233 84
233 105
233 121
233 145
233 154
233 173
233 175
233 189
233 195
233 243
233 248
233 264
233 269
233 280
233 293
233 533
234 352
234 409
234 418
234 443
234 457
234 459
234 472
234 520
234 521
234 524
234 525
234 536
234 538
234 543
234 563
234 586
234 598
234 4
234 31
234 54
234 76
234 93
234 97
234 100
234 130
234 133
234 141
234 144
234 147
234 166
234 176
234 192
234 193
234 200
234 207
234 210
234 217
234 244
234 246
234 261
234 280
234 287
234 534
235 327
235 345
235 370
235 450
235 487
235 491
235 498
235 500
235 552
235 564
235 591
235 29
235 56
235 62
235 95
235 99
235 108
235 121
235 155
235 173
235 174
235 179
235 180
235 187
235 188
235 198
235 211
235 215
235 249
235 256
235 257
235 275
235 277
235 293
235 535
236 307
236 308
236 326
236 359
236 421
236 430
236 445
236 477
236 500
236 518
236 6
236 20
236 22
236 29
236 34
236 40
236 67
236 70
236 78
236 82
236 86
236 89
236 101
236 105
236 108
236 115
236 117
236 118
236 129
236 137
236 156
236 165
236 184
236 185
236 199
236 220
236 222
236 224
236 228
236 232
236 246
236 270
236 274
236 277
236 290
236 536
237 304
237 337
237 350
237 353
237 380
237 398
237 420
237 435
237 477
237 519
237 538
237 545
237 565
237 1
237 53
237 58
237 59
237 69
237 132
237 140
237 141
237 156
237 246
237 249
237 256
237 259
237 537
238 304
238 363
238 406
238 480
238 491
238 494
238 510
238 595
238 12
238 13
238 40
238 51
238 63
238 82
238 103
238 106
238 108
238 112
238 123
238 131
238 136
238 165
238 167
238 229
238 262
238 265
238 281
238 297
238 538
239 331
239 340
239 426
239 440
239 456
239 4
239 26
239 27
239 30
239 31
239 38
239 52
239 98
239 117
239 126
239 132
239 154
239 160
239 180
239 187
239 257
239 263
239 289
239 296
239 539
240 300
240 333
240 406
240 445
240 450
240 518
240 599
240 2
240 7
240 11
240 22
240 23
240 24
240 25
240 40
240 42
240 58
240 65
240 68
240 69
240 70
240 76
240 84
240 108
240 115
240 119
240 128
240 143
240 196
240 203
240 206
240 207
240 211
240 220
240 221
240 226
240 231
240 257
240 262
240 267
240 287
240 288
240 291
240 292
240 299
240 540
241 354
241 360
241 376
241 406
241 412
241 431
241 432
241 465
241 506
241 514
241 547
241 585
241 592
241 1
241 4
241 7
241 13
241 34
241 54
241 61
241 62
241 71
241 88
241 106
241 108
241 110
241 118
241 132
241 134
241 136
241 140
241 187
241 188
241 192
241 199
241 217
241 227
241 248
241 252
241 257
241 277
241 286
241 293
241 541
242 313
242 316
242 346
242 375
242 376
242 482
242 520
242 524
242 10
242 16
242 24
242 41
242 43
242 45
242 46
242 48
242 67
242 72
242 109
242 145
242 165
242 169
242 180
242 187
242 215
242 217
242 219
242 223
242 225
242 227
242 245
242 250
242 274
242 279
242 285
242 542
243 360
243 369
243 380
243 397
243 400
243 435
243 454
243 530
243 531
243 3
243 10
243 12
243 51
243 57
243 63
243 91
243 112
243 119
243 129
243 156
243 177
243 178
243 189
243 191
243 209
243 221
243 227
243 233
243 244
243 249
243 251
243 543
244 307
244 325
244 338
244 391
244 399
244 407
244 457
244 475
244 491
244 522
244 537
244 544
244 558
244 586
244 587
244 0
244 3
244 12
244 26
244 46
244 59
244 61
244 80
244 100
244 107
244 109
244 122
244 123
244 125
244 127
244 140
244 166
244 168
244 171
244 214
244 234
244 243
244 250
244 265
244 266
244 278
244 284
244 294
245 358
245 413
245 450
245 566
245 17
245 18
245 20
245 21
245 33
245 69
245 73
245 89
245 91
245 122
245 188
245 214
245 218
245 223
245 225
245 242
245 258
245 259
245 280
245 292
245 294
245 545
246 302
246 317
246 393
246 410
246 454
246 486
246 507
246 588
246 26
246 38
246 41
246 45
246 50
246 64
246 70
246 71
246 100
246 108
246 109
246 165
246 167
246 191
246 209
246 221
246 223
246 224
246 234
246 236
246 237
246 248
246 255
246 256
246 293
246 298
246 546
247 331
247 400
247 405
247 462
247 527
247 539
247 543
247 10
247 14
247 23
247 37
247 38
247 42
247 55
247 57
247 107
247 116
247 137
247 143
247 167
247 181
247 187
247 195
247 201
247 211
247 213
247 220
247 231
247 257
247 270
247 294
247 296
247 547
248 331
248 415
248 430
248 460
248 472
248 496
248 527
248 586
248 595
248 31
248 48
248 51
248 79
248 146
248 157
248 164
248 191
248 198
248 202
248 207
248 210
248 216
248 217
248 233
248 241
248 246
248 260
248 281
248 284
248 290
248 548
249 364
249 370
249 372
249 406
249 416
249 442
249 477
249 496
249 517
249 526
249 540
249 542
249 598
249 599
249 24
249 27
249 30
249 40
249 47
249 77
249 80
249 85
249 115
249 121
249 184
249 191
249 202
249 220
249 235
249 237
249 243
249 250
249 257
249 259
249 266
249 274
249 279
249 293
249 549
250 332
250 404
250 472
250 534
250 535
250 539
250 569
250 574
250 599
250 4
250 31
250 35
250 63
250 65
250 79
250 83
250 109
250 125
250 129
250 141
250 156
250 167
250 170
250 174
250 181
250 221
250 223
250 242
250 244
250 249
250 251
250 280
250 283
250 288
250 550
251 305
251 322
251 347
251 395
251 415
251 443
251 497
251 1
251 3
251 5
251 9
251 12
251 14
251 21
251 23
251 24
251 33
251 38
251 53
251 69
251 70
251 92
251 108
251 112
251 117
251 124
251 141
251 160
251 174
251 182
251 194
251 206
251 212
251 222
251 231
251 243
251 250
251 260
251 263
251 270
251 292
251 295
251 551
252 312
252 341
252 345
252 355
252 409
252 446
252 461
252 486
252 502
252 521
252 533
252 564
252 572
252 1
252 7
252 18
252 31
252 46
252 47
252 50
252 59
252 98
252 100
252 110
252 120
252 131
252 136
252 155
252 174
252 177
252 208
252 213
252 223
252 226
252 228
252 241
252 259
252 264
252 272
252 286
252 294
252 298
252 552
253 371
253 405
253 448
253 452
253 493
253 516
253 554
253 557
253 563
253 14
253 34
253 53
253 59
253 69
253 101
253 153
253 174
253 180
253 181
253 214
253 231
253 257
253 266
253 277
253 282
253 285
253 553
254 302
254 308
254 329
254 333
254 335
254 381
254 415
254 424
254 429
254 458
254 493
254 522
254 537
254 6
254 17
254 19
254 39
254 43
254 50
254 82
254 98
254 138
254 139
254 140
254 159
254 165
254 171
254 182
254 184
254 185
254 226
254 270
254 281
254 554
255 338
255 375
255 396
255 413
255 438
255 520
255 10
255 24
255 35
255 65
255 102
255 111
255 117
255 120
255 122
255 127
255 131
255 147
255 165
255 168
255 175
255 185
255 188
255 189
255 199
255 206
255 246
255 258
255 260
255 261
255 266
255 291
255 555
256 316
256 325
256 333
256 364
256 428
256 435
256 455
256 495
256 511
256 544
256 559
256 12
256 18
256 19
256 53
256 64
256 115
256 118
256 135
256 143
256 149
256 157
256 166
256 185
256 199
256 213
256 235
256 237
256 246
256 284
256 556
257 314
257 354
257 365
257 387
257 470
257 525
257 537
257 558
257 4
257 9
257 12
257 17
257 25
257 29
257 56
257 64
257 80
257 81
257 99
257 103
257 132
257 140
257 143
257 145
257 157
257 163
257 197
257 217
257 235
257 239
257 240
257 241
257 247
257 249
257 253
257 269
257 272
257 280
257 557
258 315
258 333
258 349
258 372
258 443
258 448
258 460
258 486
258 526
258 559
258 568
258 594
258 14
258 16
258 18
258 40
258 45
258 56
258 68
258 76
258 104
258 113
258 126
258 133
258 141
258 167
258 169
258 171
258 176
258 184
258 193
258 207
258 245
258 255
258 286
258 558
259 303
259 342
259 347
259 386
259 396
259 431
259 485
259 533
259 570
259 577
259 36
259 37
259 62
259 104
259 134
259 166
259 174
259 187
259 190
259 193
259 200
259 205
259 209
259 217
259 223
259 237
259 245
259 249
259 252
259 269
259 559
260 374
260 409
260 418
260 460
260 482
260 493
260 513
260 515
260 533
260 539
260 550
260 564
260 4
260 8
260 14
260 36
260 42
260 43
260 49
260 51
260 108
260 120
260 140
260 141
260 162
260 180
260 201
260 248
260 251
260 255
260 291
260 560
261 307
261 322
261 324
261 397
261 403
261 415
261 499
261 505
261 550
261 20
261 25
261 32
261 35
261 49
261 90
261 96
261 97
261 116
261 150
261 154
261 186
261 204
261 234
261 255
261 277
261 299
261 561
262 301
262 343
262 364
262 376
262 397
262 436
262 524
262 548
262 586
262 11
262 15
262 22
262 31
262 52
262 73
262 83
262 84
262 101
262 108
262 134
262 147
262 156
262 177
262 203
262 208
262 238
262 240
262 273
262 274
262 276
262 293
262 295
262 562
263 342
263 365
263 420
263 463
263 479
263 530
263 533
263 556
263 0
263 2
263 13
263 27
263 31
263 45
263 53
263 54
263 56
263 65
263 73
263 128
263 129
263 133
263 140
263 145
263 202
263 208
263 215
263 216
263 221
263 239
263 251
263 282
263 295
263 563
264 302
264 336
264 365
264 401
264 423
264 487
264 529
264 576
264 15
264 22
264 29
264 34
264 36
264 64
264 78
264 86
264 101
264 144
264 167
264 188
264 190
264 208
264 210
264 220
264 229
264 233
264 252
264 285
264 293
264 298
264 564
265 340
265 371
265 390
265 468
265 494
265 545
265 15
265 17
265 23
265 26
265 35
265 43
265 48
265 59
265 65
265 72
265 78
265 93
265 96
265 110
265 111
265 126
265 155
265 168
265 197
265 238
265 244
265 295
265 565
266 317
266 373
266 414
266 459
266 503
266 549
266 560
266 17
266 28
266 35
266 56
266 101
266 108
266 124
266 138
266 144
266 152
266 156
266 165
266 179
266 201
266 203
266 205
266 206
266 244
266 249
266 253
266 255
266 280
266 282
266 286
266 566
267 320
267 342
267 366
267 405
267 407
267 439
267 461
267 471
267 521
267 531
267 544
267 571
267 17
267 35
267 59
267 86
267 112
267 119
267 122
267 161
267 166
267 178
267 180
267 186
267 191
267 207
267 240
267 282
267 288
267 295
267 567
268 318
268 326
268 389
268 413
268 554
268 5
268 6
268 10
268 22
268 39
268 56
268 59
268 60
268 68
268 74
268 102
268 103
268 109
268 129
268 150
268 193
268 212
268 214
268 215
268 225
268 299
268 568
269 357
269 459
269 495
269 523
269 527
269 543
269 0
269 17
269 32
269 73
269 82
269 97
269 102
269 107
269 108
269 109
269 136
269 142
269 149
269 159
269 194
269 197
269 222
269 228
269 233
269 257
269 259
269 289
269 569
270 326
270 371
270 372
270 401
270 466
270 480
270 10
270 27
270 53
270 71
270 82
270 85
270 101
270 135
270 141
270 161
270 169
270 171
270 190
270 199
270 204
270 207
270 210
270 215
270 225
270 236
270 247
270 251
270 254
270 271
270 290
270 294
270 570
271 308
271 350
271 352
271 385
271 435
271 455
271 472
271 511
271 526
271 563
271 1
271 12
271 13
271 15
271 18
271 48
271 70
271 72
271 77
271 80
271 85
271 98
271 101
271 102
271 108
271 116
271 121
271 126
271 183
271 195
271 197
271 202
271 205
271 211
271 220
271 231
271 232
271 270
271 282
271 295
271 298
271 571
272 303
272 318
272 320
272 331
272 334
272 350
272 361
272 374
272 518
272 1
272 40
272 44
272 60
272 73
272 80
272 110
272 112
272 117
272 123
272 140
272 148
272 162
272 169
272 176
272 177
272 181
272 182
272 190
272 214
272 252
272 257
272 278
272 572
273 320
273 328
273 336
273 354
273 382
273 405
273 415
273 433
273 473
273 517
273 565
273 11
273 16
273 18
273 33
273 77
273 111
273 118
273 129
273 135
273 170
273 173
273 209
273 215
273 220
273 262
273 274
273 286
273 296
273 573
274 325
274 348
274 399
274 459
274 535
274 538
274 3
274 12
274 17
274 28
274 54
274 60
274 76
274 88
274 103
274 106
274 112
274 127
274 136
274 154
274 161
274 164
274 172
274 181
274 211
274 213
274 224
274 236
274 242
274 249
274 262
274 273
274 289
274 292
274 574
275 303
275 394
275 400
275 415
275 424
275 437
275 462
275 503
275 505
275 529
275 597
275 8
275 14
275 16
275 18
275 35
275 43
275 49
275 52
275 55
275 60
275 71
275 80
275 91
275 94
275 130
275 134
275 140
275 154
275 174
275 176
275 182
275 193
275 204
275 214
275 216
275 227
275 230
275 235
275 279
275 575
276 347
276 355
276 382
276 393
276 438
276 480
276 488
276 568
276 574
276 0
276 4
276 18
276 25
276 29
276 31
276 33
276 40
276 54
276 65
276 100
276 103
276 106
276 120
276 127
276 137
276 151
276 193
276 206
276 215
276 262
276 288
276 295
276 296
276 576
277 329
277 366
277 385
277 404
277 458
277 525
277 545
277 572
277 19
277 23
277 63
277 68
277 87
277 110
277 126
277 130
277 141
277 155
277 160
277 222
277 226
277 235
277 236
277 241
277 253
277 261
277 577
278 321
278 330
278 332
278 333
278 377
278 398
278 420
278 421
278 467
278 490
278 520
278 526
278 3
278 4
278 26
278 34
278 46
278 57
278 79
278 90
278 100
278 104
278 108
278 125
278 151
278 174
278 183
278 192
278 207
278 244
278 272
278 289
278 290
278 578
279 348
279 395
279 418
279 496
279 5
279 12
279 14
279 43
279 64
279 65
279 67
279 79
279 87
279 96
279 101
279 110
279 119
279 136
279 174
279 196
279 204
279 228
279 242
279 249
279 275
279 282
279 287
279 292
279 295
279 296
279 579
280 308
280 316
280 364
280 440
280 547
280 587
280 5
280 18
280 31
280 49
280 57
280 65
280 66
280 67
280 83
280 106
280 108
280 121
280 128
280 131
280 135
280 142
280 149
280 191
280 193
280 209
280 211
280 212
280 213
280 218
280 233
280 234
280 245
280 250
280 257
280 266
280 282
280 294
280 296
280 580
281 423
281 544
281 572
281 577
281 4
281 6
281 46
281 47
281 55
281 64
281 71
281 83
281 87
281 98
281 108
281 116
281 118
281 140
281 172
281 199
281 201
281 204
281 207
281 217
281 219
281 230
281 238
281 248
281 254
281 284
281 581
282 335
282 367
282 443
282 453
282 476
282 485
282 488
282 542
282 561
282 10
282 12
282 26
282 36
282 79
282 80
282 88
282 103
282 107
282 112
282 132
282 141
282 155
282 172
282 174
282 193
282 210
282 213
282 253
282 263
282 266
282 267
282 271
282 279
282 280
282 284
282 286
282 582
283 314
283 318
283 393
283 413
283 447
283 536
283 545
283 10
283 22
283 30
283 69
283 71
283 74
283 75
283 139
283 153
283 182
283 198
283 201
283 250
283 292
283 583
284 349
284 368
284 430
284 441
284 477
284 490
284 521
284 545
284 568
284 11
284 42
284 43
284 54
284 57
284 67
284 104
284 112
284 117
284 125
284 131
284 140
284 163
284 171
284 180
284 184
284 186
284 197
284 198
284 213
284 244
284 248
284 256
284 281
284 282
284 291
284 296
284 584
285 303
285 312
285 459
285 525
285 538
285 599
285 50
285 55
285 63
285 66
285 70
285 100
285 101
285 145
285 153
285 178
285 187
285 193
285 198
285 211
285 230
285 242
285 253
285 264
285 585
286 303
286 314
286 315
286 376
286 417
286 461
286 493
286 511
286 17
286 44
286 59
286 60
286 85
286 87
286 89
286 121
286 143
286 150
286 161
286 213
286 223
286 229
286 241
286 252
286 258
286 266
286 273
286 282
286 289
286 586
287 306
287 347
287 388
287 397
287 417
287 440
287 454
287 485
287 599
287 24
287 47
287 74
287 84
287 87
287 112
287 116
287 120
287 128
287 136
287 141
287 156
287 158
287 165
287 168
287 189
287 190
287 198
287 202
287 210
287 226
287 234
287 240
287 279
287 587
288 308
288 365
288 439
288 460
288 526
288 527
288 7
288 17
288 18
288 31
288 37
288 46
288 73
288 74
288 87
288 98
288 128
288 144
288 145
288 161
288 221
288 232
288 240
288 250
288 267
288 276
288 588
289 317
289 364
289 368
289 420
289 454
289 5
289 6
289 27
289 37
289 38
289 72
289 104
289 107
289 112
289 119
289 130
289 138
289 140
289 144
289 163
289 169
289 175
289 180
289 185
289 200
289 210
289 239
289 269
289 274
289 278
289 286
289 589
290 343
290 366
290 368
290 481
290 507
290 525
290 541
290 546
290 13
290 26
290 33
290 59
290 65
290 67
290 76
290 83
290 112
290 118
290 138
290 140
290 147
290 152
290 155
290 163
290 172
290 178
290 194
290 197
290 232
290 236
290 248
290 270
290 278
290 298
290 590
291 316
291 324
291 332
291 396
291 433
291 447
291 541
291 0
291 18
291 24
291 29
291 43
291 53
291 60
291 115
291 117
291 131
291 133
291 140
291 144
291 156
291 195
291 206
291 209
291 215
291 227
291 240
291 255
291 260
291 284
291 591
292 310
292 327
292 340
292 349
292 387
292 440
292 504
292 538
292 5
292 8
292 17
292 32
292 55
292 70
292 82
292 89
292 90
292 115
292 153
292 157
292 161
292 175
292 176
292 187
292 222
292 228
292 240
292 245
292 251
292 274
292 279
292 283
292 294
292 298
292 299
292 592
293 352
293 362
293 375
293 376
293 392
293 401
293 463
293 467
293 468
293 480
293 567
293 2
293 15
293 23
293 51
293 53
293 54
293 92
293 99
293 100
293 107
293 116
293 126
293 164
293 177
293 191
293 192
293 199
293 233
293 235
293 241
293 246
293 249
293 262
293 264
293 295
293 593
294 384
294 391
294 398
294 402
294 425
294 503
294 526
294 567
294 584
294 6
294 12
294 37
294 44
294 55
294 58
294 60
294 66
294 84
294 99
294 105
294 113
294 126
294 133
294 149
294 168
294 196
294 198
294 201
294 210
294 215
294 230
294 244
294 245
294 247
294 252
294 270
294 280
294 292
294 594
295 300
295 302
295 309
295 326
295 344
295 406
295 455
295 462
295 498
295 542
295 544
295 548
295 16
295 37
295 67
295 81
295 91
295 98
295 101
295 112
295 120
295 153
295 159
295 174
295 190
295 230
295 251
295 262
295 263
295 265
295 267
295 271
295 276
295 279
295 293
295 595
296 345
296 355
296 398
296 405
296 406
296 495
296 527
296 575
296 23
296 36
296 44
296 46
296 57
296 65
296 68
296 77
296 81
296 107
296 112
296 117
296 124
296 155
296 162
296 189
296 194
296 205
296 212
296 222
296 224
296 239
296 247
296 273
296 276
296 279
296 280
296 284
296 596
297 302
297 334
297 353
297 382
297 425
297 447
297 531
297 542
297 586
297 0
297 3
297 5
297 20
297 30
297 51
297 60
297 63
297 73
297 98
297 112
297 117
297 118
297 119
297 132
297 139
297 142
297 154
297 175
297 176
297 227
297 238
297 597
298 390
298 419
298 438
298 448
298 469
298 505
298 577
298 2
298 4
298 9
298 11
298 23
298 74
298 96
298 106
298 118
298 122
298 133
298 135
298 136
298 142
298 175
298 200
298 225
298 227
298 231
298 232
298 246
298 252
298 264
298 271
298 290
298 292
298 598
299 316
299 324
299 357
299 366
299 368
299 375
299 431
299 475
299 529
299 563
299 596
299 0
299 2
299 5
299 10
299 20
299 26
299 36
299 51
299 62
299 85
299 102
299 114
299 133
299 144
299 151
299 159
299 167
299 169
299 195
299 199
299 209
299 212
299 220
299 240
299 261
299 268
299 292
299 599
300 57
300 103
300 124
300 151
300 160
300 176
300 209
300 240
300 295
300 0
301 7
301 36
301 44
301 110
301 133
301 177
301 180
301 197
301 262
301 1
302 11
302 27
302 58
302 65
302 75
302 78
302 166
302 187
302 194
302 246
302 254
302 264
302 295
302 297
302 2
303 6
303 60
303 178
303 259
303 272
303 275
303 285
303 286
303 3
304 33
304 103
304 149
304 185
304 226
304 237
304 238
304 4
305 15
305 52
305 60
305 79
305 101
305 103
305 141
305 182
305 223
305 251
305 5
306 111
306 128
306 200
306 224
306 232
306 287
306 6
307 2
307 5
307 24
307 79
307 142
307 145
307 148
307 192
307 208
307 236
307 244
307 261
307 7
308 1
308 9
308 17
308 41
308 57
308 74
308 95
308 118
308 141
308 150
308 178
308 206
308 232
308 236
308 254
308 271
308 280
308 288
308 8
309 18
309 43
309 61
309 68
309 111
309 168
309 180
309 295
309 9
310 4
310 44
310 94
310 100
310 121
310 144
310 145
310 149
310 154
310 164
310 292
310 10
311 35
311 88
311 106
311 130
311 166
311 177
311 187
311 188
311 11
312 12
312 17
312 23
312 28
312 50
312 88
312 143
312 185
312 252
312 285
313 40
313 62
313 75
313 125
313 166
313 174
313 188
313 189
313 216
313 221
313 230
313 242
313 13
314 13
314 121
314 127
314 161
314 257
314 283
314 286
314 14
315 40
315 178
315 192
315 232
315 258
315 286
315 15
316 24
316 42
316 46
316 69
316 155
316 180
316 242
316 256
316 280
316 291
316 299
316 16
317 28
317 78
317 101
317 150
317 183
317 215
317 246
317 266
317 289
317 17
318 18
318 107
318 121
318 127
318 151
318 152
318 179
318 268
318 272
318 283
319 50
319 59
319 93
319 99
319 163
319 179
319 19
320 45
320 84
320 142
320 162
320 178
320 205
320 213
320 267
320 272
320 273
320 20
321 5
321 53
321 75
321 92
321 93
321 119
321 170
321 205
321 278
321 21
322 37
322 110
322 124
322 127
322 228
322 233
322 251
322 261
322 22
323 17
323 52
323 94
323 99
323 112
323 113
323 146
323 182
323 199
323 23
324 2
324 57
324 102
324 104
324 217
324 223
324 261
324 291
324 299
324 24
325 2
325 4
325 39
325 53
325 98
325 156
325 195
325 244
325 256
325 274
325 25
326 0
326 15
326 58
326 67
326 126
326 192
326 224
326 236
326 268
326 270
326 295
326 26
327 37
327 43
327 54
327 59
327 172
327 188
327 206
327 226
327 235
327 292
327 27
328 3
328 34
328 42
328 122
328 125
328 165
328 192
328 198
328 230
328 232
328 273
328 28
329 10
329 69
329 70
329 75
329 109
329 122
329 124
329 129
329 138
329 143
329 182
329 210
329 217
329 254
329 277
329 29
330 53
330 92
330 118
330 130
330 142
330 172
330 186
330 197
330 203
330 278
330 30
331 5
331 28
331 51
331 75
331 87
331 91
331 180
331 221
331 239
331 247
331 248
331 272
331 31
332 0
332 19
332 51
332 64
332 65
332 72
332 107
332 122
332 153
332 157
332 179
332 184
332 250
332 278
332 291
332 32
333 80
333 86
333 145
333 147
333 148
333 168
333 187
333 191
333 240
333 254
333 256
333 258
333 278
333 33
334 90
334 173
334 205
334 272
334 297
334 34
335 12
335 13
335 58
335 69
335 110
335 128
335 142
335 155
335 188
335 217
335 254
335 282
335 35
336 5
336 10
336 61
336 121
336 171
336 190
336 225
336 264
336 273
336 36
337 37
337 108
337 184
337 186
337 195
337 215
337 237
338 31
338 66
338 80
338 107
338 136
338 190
338 202
338 206
338 211
338 244
338 255
338 38
339 78
339 92
339 151
339 182
339 219
339 39
340 45
340 69
340 89
340 128
340 139
340 169
340 188
340 198
340 209
340 239
340 265
340 292
340 40
341 33
341 110
341 129
341 163
341 169
341 173
341 225
341 228
341 252
341 41
342 48
342 82
342 132
342 148
342 150
342 156
342 178
342 198
342 259
342 263
342 267
342 42
343 37
343 41
343 56
343 71
343 122
343 164
343 179
343 216
343 262
343 290
343 43
344 8
344 20
344 24
344 30
344 32
344 118
344 159
344 191
344 295
344 44
345 27
345 45
345 78
345 98
345 120
345 142
345 154
345 205
345 235
345 252
345 296
346 43
346 51
346 91
346 159
346 163
346 185
346 193
346 214
346 242
346 46
347 19
347 24
347 73
347 83
347 185
347 194
347 230
347 251
347 259
347 276
347 287
347 47
348 5
348 78
348 82
348 147
348 230
348 274
348 279
348 48
349 49
349 110
349 154
349 171
349 181
349 258
349 284
349 292
350 149
350 152
350 167
350 210
350 237
350 271
350 272
350 50
351 17
351 32
351 54
351 118
351 51
352 30
352 32
352 46
352 95
352 130
352 140
352 144
352 187
352 199
352 218
352 234
352 271
352 293
352 52
353 11
353 12
353 82
353 89
353 237
353 297
353 53
354 17
354 155
354 156
354 173
354 199
354 241
354 257
354 273
354 54
355 1
355 50
355 56
355 111
355 156
355 206
355 207
355 219
355 252
355 276
355 296
355 55
356 16
356 152
356 56
357 12
357 24
357 29
357 50
357 61
357 91
357 113
357 220
357 269
357 299
357 57
358 15
358 39
358 104
358 117
358 126
358 133
358 175
358 205
358 223
358 245
358 58
359 27
359 72
359 172
359 202
359 230
359 236
359 59
360 21
360 30
360 46
360 172
360 177
360 241
360 243
360 60
361 6
361 53
361 97
361 125
361 192
361 202
361 222
361 272
361 61
362 58
362 109
362 154
362 163
362 167
362 184
362 195
362 293
362 62
363 0
363 9
363 28
363 38
363 88
363 103
363 112
363 198
363 238
363 63
364 21
364 45
364 96
364 104
364 114
364 162
364 171
364 183
364 195
364 249
364 256
364 262
364 280
364 289
364 64
365 109
365 126
365 177
365 182
365 257
365 263
365 264
365 288
365 65
366 82
366 94
366 106
366 153
366 196
366 267
366 277
366 290
366 299
366 66
367 33
367 52
367 60
367 147
367 150
367 171
367 282
367 67
368 9
368 93
368 110
368 123
368 148
368 284
368 289
368 290
368 299
368 68
369 56
369 90
369 102
369 165
369 188
369 197
369 243
369 69
370 12
370 30
370 201
370 218
370 235
370 249
370 70
371 101
371 123
371 138
371 140
371 143
371 161
371 170
371 176
371 205
371 253
371 265
371 270
371 71
372 35
372 39
372 47
372 114
372 135
372 194
372 206
372 249
372 258
372 270
372 72
373 0
373 79
373 119
373 120
373 161
373 164
373 201
373 206
373 232
373 266
373 73
374 146
374 149
374 189
374 203
374 260
374 272
374 74
375 67
375 68
375 75
375 99
375 124
375 161
375 220
375 242
375 255
375 293
375 299
376 29
376 35
376 48
376 102
376 107
376 156
376 241
376 242
376 262
376 286
376 293
376 76
377 84
377 110
377 153
377 219
377 278
377 77
378 8
378 32
378 69
378 86
378 90
378 167
378 190
378 221
378 78
379 35
379 79
379 84
379 147
379 179
379 218
379 227
380 72
380 106
380 108
380 110
380 134
380 187
380 188
380 196
380 237
380 243
380 80
381 46
381 82
381 85
381 142
381 196
381 201
381 202
381 254
381 81
382 62
382 103
382 109
382 230
382 273
382 276
382 297
382 82
383 62
383 73
383 84
383 97
383 103
383 120
383 166
383 222
383 83
384 12
384 47
384 119
384 152
384 156
384 207
384 294
384 84
385 2
385 73
385 136
385 140
385 144
385 158
385 183
385 197
385 216
385 223
385 271
385 277
385 85
386 6
386 9
386 19
386 20
386 41
386 110
386 140
386 197
386 259
386 86
387 84
387 87
387 148
387 195
387 257
387 292
388 13
388 100
388 287
388 88
389 20
389 25
389 48
389 137
389 171
389 191
389 195
389 268
389 89
390 4
390 50
390 61
390 73
390 139
390 207
390 219
390 233
390 265
390 298
390 90
391 14
391 40
391 44
391 108
391 124
391 127
391 179
391 183
391 197
391 244
391 294
391 91
392 52
392 140
392 168
392 183
392 203
392 293
392 92
393 42
393 49
393 50
393 95
393 141
393 197
393 232
393 246
393 276
393 283
393 93
394 18
394 43
394 63
394 70
394 84
394 93
394 102
394 140
394 158
394 164
394 185
394 222
394 230
394 275
394 94
395 4
395 16
395 85
395 105
395 173
395 184
395 223
395 251
395 279
395 95
396 6
396 46
396 174
396 255
396 259
396 291
396 96
397 8
397 43
397 113
397 120
397 153
397 175
397 201
397 225
397 243
397 261
397 262
397 287
397 97
398 22
398 31
398 43
398 57
398 62
398 79
398 87
398 148
398 181
398 200
398 210
398 233
398 237
398 278
398 294
398 296
398 98
399 19
399 55
399 65
399 66
399 207
399 208
399 244
399 274
399 99
400 45
400 91
400 121
400 149
400 169
400 189
400 191
400 210
400 243
400 247
400 275
400 100
401 22
401 28
401 40
401 51
401 64
401 65
401 117
401 144
401 161
401 224
401 264
401 270
401 293
401 101
402 0
402 48
402 81
402 92
402 104
402 202
402 216
402 294
402 102
403 35
403 68
403 100
403 136
403 186
403 203
403 261
403 103
404 32
404 56
404 77
404 94
404 250
404 277
404 104
405 6
405 73
405 87
405 89
405 106
405 135
405 156
405 172
405 178
405 190
405 247
405 253
405 267
405 273
405 296
405 105
406 20
406 68
406 74
406 78
406 86
406 92
406 117
406 119
406 136
406 148
406 208
406 238
406 240
406 241
406 249
406 295
406 296
406 106
407 20
407 22
407 45
407 52
407 124
407 128
407 156
407 159
407 192
407 244
407 267
407 107
408 60
408 68
408 76
408 110
408 138
408 192
408 193
408 194
408 198
408 108
409 8
409 112
409 156
409 177
409 234
409 252
409 260
409 109
410 3
410 17
410 37
410 127
410 153
410 182
410 246
410 110
411 110
411 199
411 111
412 46
412 97
412 101
412 138
412 145
412 182
412 202
412 210
412 215
412 228
412 241
412 112
413 84
413 87
413 104
413 126
413 166
413 186
413 192
413 223
413 245
413 255
413 268
413 283
413 113
414 29
414 76
414 109
414 120
414 143
414 156
414 157
414 266
414 114
415 16
415 18
415 19
415 34
415 57
415 69
415 74
415 91
415 146
415 164
415 204
415 224
415 232
415 248
415 251
415 254
415 261
415 273
415 275
415 115
416 64
416 87
416 103
416 108
416 111
416 114
416 146
416 150
416 165
416 181
416 223
416 249
416 116
417 23
417 70
417 97
417 182
417 286
417 287
417 117
418 43
418 45
418 52
418 84
418 104
418 159
418 201
418 234
418 260
418 279
418 118
419 0
419 147
419 217
419 298
419 119
420 103
420 111
420 120
420 127
420 152
420 161
420 209
420 216
420 237
420 263
420 278
420 289
421 8
421 19
421 40
421 61
421 114
421 117
421 130
421 174
421 236
421 278
421 121
422 58
422 152
422 163
422 187
422 193
422 122
423 1
423 5
423 34
423 61
423 97
423 114
423 135
423 184
423 214
423 229
423 264
423 281
423 123
424 48
424 54
424 60
424 69
424 97
424 254
424 275
424 124
425 15
425 18
425 63
425 120
425 160
425 165
425 194
425 294
425 297
425 125
426 27
426 52
426 63
426 105
426 130
426 173
426 178
426 192
426 239
426 126
427 25
427 50
427 90
427 91
427 102
427 144
427 177
427 212
427 216
427 127
428 16
428 120
428 121
428 141
428 186
428 193
428 223
428 256
428 128
429 26
429 28
429 35
429 74
429 94
429 97
429 171
429 203
429 225
429 254
429 129
430 15
430 72
430 99
430 118
430 143
430 163
430 176
430 178
430 194
430 202
430 236
430 248
430 284
430 130
431 20
431 35
431 42
431 46
431 53
431 56
431 68
431 77
431 92
431 98
431 116
431 120
431 121
431 139
431 154
431 179
431 241
431 259
431 299
431 131
432 28
432 50
432 69
432 132
432 156
432 188
432 241
433 4
433 8
433 19
433 97
433 103
433 158
433 202
433 273
433 291
433 133
434 13
434 21
434 35
434 49
434 68
434 99
434 101
434 196
434 203
434 134
435 16
435 64
435 73
435 77
435 92
435 121
435 156
435 207
435 237
435 243
435 256
435 271
435 135
436 93
436 127
436 162
436 218
436 262
436 136
437 9
437 22
437 48
437 53
437 88
437 101
437 109
437 142
437 183
437 221
437 275
437 137
438 31
438 76
438 80
438 156
438 168
438 255
438 276
438 298
438 138
439 6
439 31
439 49
439 68
439 85
439 97
439 108
439 112
439 117
439 155
439 267
439 288
439 139
440 2
440 55
440 115
440 139
440 155
440 186
440 229
440 239
440 280
440 287
440 292
440 140
441 10
441 24
441 35
441 41
441 50
441 79
441 107
441 114
441 156
441 178
441 186
441 215
441 284
441 141
442 40
442 59
442 161
442 167
442 249
442 142
443 8
443 16
443 135
443 160
443 166
443 222
443 231
443 234
443 251
443 258
443 282
443 143
444 0
444 4
444 57
444 80
444 102
444 138
444 160
444 165
444 168
444 185
444 186
444 202
444 209
444 144
445 103
445 110
445 172
445 179
445 181
445 184
445 216
445 231
445 236
445 240
445 145
446 1
446 66
446 67
446 87
446 138
446 219
446 252
446 146
447 1
447 12
447 59
447 60
447 72
447 143
447 146
447 149
447 150
447 283
447 291
447 297
447 147
448 47
448 62
448 73
448 119
448 152
448 168
448 174
448 180
448 206
448 217
448 253
448 258
448 298
448 148
449 3
449 9
449 13
449 39
449 69
449 96
449 124
449 129
449 142
449 145
449 151
449 162
449 180
449 193
449 194
449 230
449 149
450 53
450 60
450 105
450 108
450 184
450 235
450 240
450 245
450 150
451 23
451 86
451 143
451 203
451 151
452 41
452 50
452 72
452 108
452 125
452 129
452 146
452 181
452 253
452 152
453 84
453 94
453 97
453 125
453 157
453 181
453 206
453 282
453 153
454 27
454 131
454 132
454 159
454 204
454 219
454 243
454 246
454 287
454 289
454 154
455 67
455 92
455 109
455 137
455 186
455 218
455 256
455 271
455 295
455 155
456 40
456 46
456 49
456 59
456 74
456 124
456 148
456 150
456 155
456 163
456 189
456 199
456 223
456 239
456 156
457 34
457 73
457 96
457 146
457 166
457 196
457 229
457 234
457 244
457 157
458 68
458 133
458 161
458 204
458 254
458 277
458 158
459 1
459 20
459 53
459 62
459 111
459 176
459 208
459 217
459 229
459 230
459 234
459 266
459 269
459 274
459 285
459 159
460 95
460 144
460 188
460 198
460 248
460 258
460 260
460 288
460 160
461 87
461 92
461 109
461 188
461 225
461 229
461 252
461 267
461 286
461 161
462 71
462 105
462 111
462 120
462 247
462 275
462 295
462 162
463 60
463 92
463 96
463 126
463 147
463 163
463 188
463 225
463 263
463 293
464 75
464 119
464 186
464 200
464 210
464 224
464 231
464 164
465 22
465 25
465 34
465 38
465 51
465 80
465 94
465 95
465 145
465 216
465 219
465 241
465 165
466 47
466 76
466 98
466 106
466 114
466 223
466 270
466 166
467 2
467 20
467 74
467 137
467 139
467 163
467 193
467 194
467 278
467 293
467 167
468 40
468 88
468 215
468 265
468 293
468 168
469 41
469 78
469 115
469 117
469 140
469 165
469 183
469 219
469 230
469 298
469 169
470 48
470 101
470 178
470 257
470 170
471 75
471 190
471 267
471 171
472 56
472 59
472 137
472 151
472 171
472 189
472 204
472 234
472 248
472 250
472 271
472 172
473 41
473 75
473 80
473 163
473 273
473 173
474 14
474 75
474 82
474 119
474 122
474 134
474 135
474 196
474 174
475 55
475 58
475 91
475 129
475 156
475 181
475 206
475 231
475 244
475 299
475 175
476 18
476 44
476 63
476 129
476 182
476 206
476 227
476 282
476 176
477 155
477 190
477 226
477 228
477 236
477 237
477 249
477 284
477 177
478 62
478 76
478 127
478 132
478 155
478 162
478 202
478 232
478 178
479 31
479 44
479 47
479 60
479 69
479 143
479 170
479 201
479 213
479 263
479 179
480 18
480 126
480 140
480 141
480 143
480 156
480 159
480 238
480 270
480 276
480 293
480 180
481 46
481 51
481 99
481 111
481 116
481 197
481 207
481 210
481 211
481 290
481 181
482 15
482 53
482 96
482 113
482 151
482 166
482 178
482 207
482 242
482 260
482 182
483 4
483 40
483 63
483 71
483 155
483 188
483 221
483 223
483 183
484 40
484 47
484 80
484 156
484 222
484 184
485 7
485 18
485 29
485 34
485 48
485 54
485 124
485 204
485 208
485 217
485 224
485 259
485 282
485 287
485 185
486 28
486 45
486 50
486 60
486 88
486 152
486 193
486 210
486 212
486 246
486 252
486 258
486 186
487 2
487 54
487 71
487 95
487 116
487 121
487 181
487 184
487 195
487 235
487 264
487 187
488 75
488 77
488 84
488 85
488 107
488 110
488 118
488 276
488 282
488 188
489 2
489 3
489 21
489 23
489 57
489 63
489 91
489 99
489 125
489 147
489 166
489 185
489 189
490 38
490 66
490 136
490 162
490 182
490 278
490 284
490 190
491 65
491 106
491 111
491 121
491 160
491 235
491 238
491 244
491 191
492 5
492 33
492 116
492 142
492 148
492 204
492 223
492 192
493 12
493 25
493 81
493 104
493 130
493 137
493 146
493 172
493 187
493 201
493 222
493 253
493 254
493 260
493 286
493 193
494 48
494 69
494 88
494 94
494 142
494 198
494 221
494 238
494 265
494 194
495 28
495 89
495 172
495 256
495 269
495 296
495 195
496 34
496 36
496 71
496 76
496 87
496 148
496 218
496 248
496 249
496 279
496 196
497 8
497 9
497 28
497 65
497 108
497 135
497 163
497 205
497 212
497 251
497 197
498 99
498 184
498 197
498 235
498 295
498 198
499 18
499 45
499 60
499 67
499 146
499 197
499 206
499 261
499 199
500 22
500 28
500 30
500 35
500 133
500 147
500 177
500 224
500 235
500 236
500 200
501 22
501 30
501 32
501 52
501 106
501 116
501 125
501 137
501 181
501 218
501 226
501 201
502 41
502 83
502 115
502 163
502 232
502 252
502 202
503 36
503 173
503 197
503 210
503 266
503 275
503 294
503 203
504 19
504 40
504 53
504 151
504 162
504 169
504 190
504 201
504 292
504 204
505 16
505 84
505 97
505 122
505 144
505 165
505 177
505 222
505 233
505 261
505 275
505 298
505 205
506 57
506 74
506 81
506 99
506 190
506 241
506 206
507 3
507 4
507 72
507 89
507 103
507 107
507 121
507 246
507 290
507 207
508 26
508 61
508 71
508 81
508 119
508 141
508 173
508 201
508 208
509 82
509 114
509 129
509 151
509 171
509 181
509 220
509 231
509 209
510 12
510 16
510 17
510 54
510 56
510 178
510 181
510 191
510 223
510 238
510 210
511 51
511 53
511 72
511 80
511 88
511 100
511 139
511 169
511 184
511 186
511 197
511 256
511 271
511 286
511 211
512 13
512 90
512 94
512 109
512 145
512 183
512 185
512 212
513 45
513 107
513 150
513 168
513 178
513 189
513 232
513 260
513 213
514 35
514 37
514 42
514 59
514 90
514 98
514 103
514 114
514 125
514 147
514 152
514 166
514 177
514 241
514 214
515 1
515 203
515 220
515 260
515 215
516 86
516 113
516 130
516 182
516 196
516 201
516 202
516 253
516 216
517 87
517 91
517 99
517 163
517 203
517 249
517 273
517 217
518 34
518 58
518 65
518 161
518 190
518 223
518 236
518 240
518 272
518 218
519 20
519 115
519 193
519 215
519 237
519 219
520 95
520 110
520 131
520 139
520 217
520 221
520 234
520 242
520 255
520 278
520 220
521 47
521 104
521 107
521 115
521 123
521 187
521 222
521 234
521 252
521 267
521 284
521 221
522 21
522 73
522 119
522 121
522 130
522 191
522 244
522 254
522 222
523 10
523 17
523 82
523 87
523 194
523 269
523 223
524 50
524 54
524 132
524 188
524 222
524 227
524 234
524 242
524 262
524 224
525 36
525 100
525 175
525 192
525 234
525 257
525 277
525 285
525 290
525 225
526 11
526 34
526 45
526 57
526 102
526 249
526 258
526 271
526 278
526 288
526 294
526 226
527 107
527 139
527 161
527 190
527 193
527 197
527 247
527 248
527 269
527 288
527 296
527 227
528 26
528 36
528 63
528 81
528 136
528 139
528 200
528 221
528 222
528 228
529 48
529 89
529 138
529 193
529 209
529 218
529 264
529 275
529 299
529 229
530 13
530 35
530 105
530 179
530 203
530 228
530 231
530 243
530 263
530 230
531 12
531 41
531 42
531 67
531 71
531 77
531 97
531 210
531 243
531 267
531 297
531 231
532 131
532 149
532 167
532 217
532 232
533 45
533 67
533 90
533 94
533 134
533 153
533 154
533 186
533 198
533 225
533 252
533 259
533 260
533 263
533 233
534 18
534 33
534 58
534 81
534 110
534 120
534 128
534 172
534 207
534 210
534 220
534 250
534 234
535 12
535 47
535 160
535 228
535 250
535 274
535 235
536 0
536 98
536 121
536 126
536 181
536 185
536 234
536 283
536 236
537 17
537 81
537 90
537 99
537 179
537 244
537 254
537 257
537 237
538 19
538 46
538 74
538 75
538 76
538 80
538 106
538 164
538 186
538 195
538 208
538 234
538 237
538 274
538 285
538 292
538 238
539 46
539 59
539 97
539 111
539 141
539 175
539 176
539 247
539 250
539 260
539 239
540 47
540 71
540 118
540 152
540 182
540 183
540 249
540 240
541 156
541 167
541 290
541 291
541 241
542 152
542 192
542 249
542 282
542 295
542 297
542 242
543 32
543 37
543 61
543 92
543 213
543 234
543 247
543 269
543 243
544 16
544 136
544 151
544 185
544 244
544 256
544 267
544 281
544 295
545 4
545 16
545 56
545 135
545 145
545 148
545 182
545 237
545 265
545 277
545 283
545 284
545 245
546 96
546 144
546 166
546 290
546 246
547 13
547 88
547 104
547 139
547 167
547 197
547 223
547 241
547 280
547 247
548 2
548 17
548 23
548 77
548 100
548 128
548 181
548 216
548 221
548 262
548 295
548 248
549 128
549 133
549 185
549 222
549 228
549 266
549 249
550 29
550 36
550 40
550 58
550 182
550 198
550 260
550 261
550 250
551 44
551 87
551 118
551 132
551 141
551 173
551 202
551 221
551 251
552 76
552 97
552 103
552 106
552 128
552 132
552 133
552 149
552 235
552 252
553 3
553 10
553 13
553 36
553 39
553 174
553 205
553 253
554 161
554 165
554 166
554 195
554 216
554 253
554 268
554 254
555 46
555 69
555 105
555 108
555 209
555 255
556 57
556 148
556 165
556 263
556 256
557 50
557 253
557 257
558 20
558 167
558 192
558 209
558 244
558 257
558 258
559 13
559 61
559 93
559 94
559 145
559 186
559 202
559 225
559 256
559 258
559 259
560 33
560 35
560 81
560 152
560 169
560 181
560 266
560 260
561 52
561 109
561 127
561 159
561 170
561 282
561 261
562 1
562 40
562 55
562 101
562 166
562 262
563 143
563 169
563 209
563 234
563 253
563 271
563 299
563 263
564 4
564 31
564 50
564 66
564 71
564 140
564 146
564 148
564 235
564 252
564 260
564 264
565 6
565 9
565 29
565 36
565 57
565 73
565 78
565 86
565 127
565 163
565 182
565 209
565 237
565 273
565 265
566 7
566 22
566 29
566 62
566 103
566 104
566 185
566 222
566 245
566 266
567 47
567 88
567 96
567 104
567 293
567 294
567 267
568 81
568 116
568 120
568 171
568 184
568 223
568 229
568 258
568 276
568 284
568 268
569 19
569 197
569 250
569 269
570 23
570 33
570 75
570 92
570 99
570 125
570 215
570 259
570 270
571 2
571 34
571 46
571 84
571 149
571 189
571 200
571 207
571 224
571 267
571 271
572 1
572 37
572 57
572 115
572 175
572 182
572 252
572 277
572 281
572 272
573 23
573 41
573 127
573 128
573 186
573 273
574 18
574 39
574 58
574 85
574 90
574 113
574 121
574 161
574 250
574 276
574 274
575 14
575 27
575 40
575 115
575 169
575 171
575 207
575 296
575 275
576 28
576 43
576 47
576 86
576 124
576 133
576 142
576 219
576 264
576 276
577 36
577 87
577 116
577 140
577 150
577 151
577 178
577 230
577 259
577 281
577 298
577 277
578 106
578 110
578 116
578 174
578 201
578 229
578 278
579 23
579 79
579 93
579 125
579 208
579 222
579 279
580 35
580 54
580 127
580 211
580 280
581 31
581 57
581 77
581 173
581 182
581 196
581 281
582 9
582 14
582 60
582 75
582 77
582 96
582 110
582 111
582 120
582 124
582 143
582 205
582 207
582 215
582 230
582 282
583 100
583 172
583 180
583 193
583 283
584 5
584 8
584 66
584 107
584 134
584 201
584 294
584 284
585 41
585 110
585 156
585 177
585 187
585 210
585 241
585 285
586 26
586 43
586 79
586 93
586 146
586 193
586 234
586 244
586 248
586 262
586 297
586 286
587 18
587 37
587 56
587 60
587 79
587 84
587 193
587 244
587 280
587 287
588 78
588 81
588 143
588 150
588 152
588 168
588 169
588 181
588 182
588 194
588 246
588 288
589 0
589 17
589 37
589 111
589 206
589 289
590 65
590 95
590 98
590 140
590 161
590 172
590 176
590 181
590 223
590 290
591 128
591 136
591 181
591 189
591 228
591 235
591 291
592 9
592 40
592 43
592 63
592 149
592 241
592 292
593 10
593 71
593 79
593 119
593 149
593 177
593 183
593 293
594 13
594 17
594 25
594 31
594 37
594 112
594 121
594 138
594 172
594 204
594 226
594 258
594 294
595 3
595 21
595 42
595 53
595 59
595 75
595 130
595 161
595 223
595 227
595 238
595 248
595 295
596 43
596 49
596 89
596 93
596 95
596 124
596 128
596 147
596 148
596 191
596 193
596 194
596 210
596 299
596 296
597 54
597 98
597 110
597 160
597 200
597 211
597 275
597 297
598 18
598 83
598 88
598 108
598 171
598 208
598 234
598 249
598 298
599 10
599 16
599 17
599 59
599 89
599 123
599 240
599 249
599 250
599 285
599 287
599 299
