  300   5019
0 170
0 178
0 194
0 196
0 221
0 223
0 230
0 246
0 259
0 267
0 1
0 3
0 7
0 8
0 12
0 26
0 27
0 30
0 33
0 34
0 36
0 37
0 39
0 46
0 47
0 51
0 53
0 59
0 62
0 63
0 67
0 68
0 73
0 76
0 77
0 78
0 84
0 93
0 96
0 98
0 99
0 101
0 102
0 110
0 114
0 115
0 119
0 123
0 125
0 126
0 130
0 133
0 134
0 135
0 141
0 149
0 150
1 157
1 161
1 175
1 190
1 218
1 225
1 234
1 246
1 249
1 254
1 264
1 267
1 292
1 295
1 296
1 0
1 2
1 4
1 5
1 19
1 20
1 26
1 27
1 30
1 32
1 34
1 39
1 44
1 52
1 56
1 64
1 69
1 82
1 85
1 86
1 91
1 92
1 94
1 96
1 100
1 112
1 113
1 115
1 118
1 120
1 122
1 125
1 128
1 132
1 135
1 136
1 141
1 145
1 146
1 147
1 149
1 151
2 156
2 162
2 166
2 194
2 201
2 206
2 248
2 284
2 285
2 1
2 3
2 8
2 10
2 11
2 17
2 18
2 21
2 22
2 25
2 31
2 33
2 36
2 40
2 42
2 44
2 45
2 49
2 56
2 57
2 60
2 64
2 66
2 68
2 73
2 76
2 80
2 82
2 95
2 99
2 103
2 105
2 109
2 113
2 114
2 119
2 121
2 123
2 128
2 133
2 136
2 137
2 140
2 143
2 144
2 146
2 152
3 158
3 160
3 165
3 188
3 190
3 193
3 201
3 232
3 246
3 247
3 260
3 263
3 270
3 294
3 295
3 0
3 2
3 4
3 6
3 7
3 13
3 17
3 20
3 22
3 33
3 35
3 38
3 39
3 40
3 41
3 43
3 45
3 49
3 50
3 51
3 53
3 59
3 68
3 71
3 72
3 75
3 78
3 79
3 84
3 91
3 92
3 95
3 98
3 104
3 110
3 114
3 115
3 116
3 117
3 119
3 122
3 125
3 131
3 133
3 136
3 140
3 142
3 153
4 167
4 177
4 211
4 226
4 263
4 287
4 296
4 1
4 3
4 5
4 7
4 10
4 11
4 13
4 14
4 16
4 17
4 27
4 28
4 30
4 33
4 35
4 39
4 42
4 46
4 54
4 55
4 59
4 63
4 68
4 70
4 74
4 83
4 84
4 87
4 88
4 90
4 92
4 93
4 94
4 97
4 98
4 106
4 110
4 112
4 116
4 118
4 119
4 124
4 125
4 127
4 128
4 129
4 130
4 144
4 146
4 148
4 154
5 155
5 165
5 199
5 229
5 245
5 259
5 268
5 280
5 1
5 4
5 9
5 12
5 14
5 16
5 18
5 20
5 22
5 23
5 25
5 26
5 34
5 36
5 43
5 45
5 48
5 53
5 54
5 56
5 57
5 61
5 68
5 74
5 85
5 88
5 89
5 90
5 91
5 94
5 98
5 100
5 101
5 107
5 109
5 111
5 116
5 117
5 120
5 122
5 123
5 124
5 127
5 130
5 134
5 140
5 142
5 143
5 146
5 149
6 150
6 159
6 164
6 190
6 236
6 3
6 8
6 9
6 10
6 13
6 19
6 21
6 22
6 36
6 37
6 40
6 43
6 45
6 48
6 53
6 57
6 59
6 62
6 67
6 69
6 77
6 79
6 80
6 83
6 86
6 87
6 88
6 90
6 91
6 94
6 95
6 98
6 101
6 104
6 105
6 108
6 115
6 118
6 125
6 132
6 133
6 134
6 140
6 147
6 156
7 150
7 157
7 174
7 178
7 208
7 212
7 216
7 237
7 240
7 248
7 253
7 278
7 289
7 0
7 3
7 4
7 8
7 12
7 14
7 20
7 26
7 27
7 28
7 30
7 35
7 36
7 39
7 40
7 44
7 45
7 49
7 58
7 60
7 63
7 64
7 67
7 71
7 73
7 75
7 76
7 80
7 85
7 88
7 89
7 94
7 96
7 99
7 108
7 110
7 114
7 116
7 117
7 120
7 122
7 133
7 134
7 135
7 142
8 160
8 188
8 190
8 215
8 221
8 235
8 253
8 282
8 283
8 287
8 0
8 2
8 6
8 7
8 9
8 10
8 13
8 14
8 16
8 20
8 28
8 29
8 31
8 32
8 35
8 40
8 45
8 46
8 47
8 52
8 53
8 57
8 59
8 61
8 62
8 63
8 65
8 69
8 71
8 76
8 82
8 86
8 87
8 90
8 93
8 104
8 105
8 110
8 113
8 116
8 118
8 122
8 130
8 135
8 138
8 144
8 145
8 147
8 148
8 149
8 158
9 158
9 193
9 195
9 215
9 230
9 232
9 243
9 268
9 287
9 5
9 6
9 8
9 11
9 14
9 18
9 19
9 20
9 22
9 23
9 24
9 27
9 29
9 35
9 41
9 45
9 52
9 58
9 61
9 66
9 67
9 72
9 75
9 83
9 96
9 98
9 101
9 114
9 124
9 128
9 129
9 138
9 139
9 143
9 146
9 147
9 149
9 159
10 166
10 175
10 179
10 181
10 192
10 195
10 209
10 222
10 229
10 271
10 273
10 296
10 2
10 4
10 6
10 8
10 12
10 16
10 17
10 19
10 20
10 22
10 26
10 28
10 29
10 31
10 39
10 45
10 46
10 48
10 51
10 54
10 55
10 57
10 72
10 74
10 77
10 80
10 81
10 84
10 90
10 93
10 97
10 98
10 99
10 101
10 102
10 103
10 106
10 108
10 114
10 117
10 123
10 127
10 129
10 131
10 139
10 143
10 148
10 149
10 160
11 158
11 182
11 186
11 224
11 270
11 276
11 289
11 2
11 4
11 9
11 21
11 23
11 25
11 27
11 33
11 38
11 39
11 46
11 52
11 53
11 59
11 60
11 63
11 64
11 66
11 70
11 73
11 74
11 75
11 77
11 78
11 82
11 87
11 88
11 89
11 92
11 94
11 95
11 96
11 98
11 99
11 102
11 105
11 106
11 109
11 112
11 116
11 117
11 129
11 132
11 138
11 144
11 147
11 148
11 149
11 161
12 152
12 157
12 167
12 171
12 174
12 178
12 182
12 193
12 211
12 219
12 225
12 230
12 288
12 293
12 295
12 0
12 5
12 7
12 10
12 13
12 15
12 17
12 23
12 24
12 29
12 35
12 36
12 41
12 42
12 44
12 53
12 58
12 60
12 62
12 64
12 70
12 73
12 74
12 79
12 82
12 83
12 84
12 86
12 88
12 94
12 95
12 98
12 101
12 107
12 109
12 112
12 115
12 116
12 117
12 118
12 122
12 125
12 130
12 131
12 137
12 139
12 143
12 147
12 162
13 183
13 218
13 229
13 232
13 262
13 274
13 3
13 4
13 6
13 8
13 12
13 14
13 17
13 18
13 21
13 22
13 25
13 29
13 33
13 37
13 40
13 41
13 44
13 45
13 51
13 53
13 59
13 61
13 63
13 65
13 68
13 78
13 79
13 82
13 91
13 94
13 98
13 100
13 101
13 105
13 108
13 112
13 117
13 126
13 127
13 137
13 138
13 139
13 140
13 144
13 163
14 153
14 192
14 197
14 198
14 213
14 215
14 218
14 239
14 248
14 259
14 264
14 290
14 299
14 4
14 5
14 7
14 8
14 9
14 13
14 15
14 18
14 20
14 22
14 24
14 28
14 30
14 37
14 40
14 41
14 47
14 51
14 54
14 56
14 57
14 62
14 64
14 65
14 66
14 69
14 72
14 80
14 82
14 86
14 87
14 97
14 98
14 99
14 102
14 103
14 113
14 117
14 121
14 126
14 127
14 129
14 134
14 137
14 138
14 139
14 142
14 145
14 146
14 164
15 155
15 156
15 160
15 161
15 177
15 194
15 283
15 285
15 294
15 12
15 14
15 16
15 17
15 20
15 21
15 26
15 29
15 32
15 33
15 34
15 42
15 45
15 47
15 53
15 56
15 61
15 62
15 69
15 71
15 73
15 83
15 84
15 85
15 86
15 87
15 90
15 94
15 98
15 101
15 114
15 118
15 119
15 121
15 123
15 129
15 130
15 132
15 133
15 137
15 140
15 142
15 147
15 165
16 158
16 163
16 170
16 171
16 179
16 187
16 211
16 213
16 218
16 227
16 232
16 245
16 291
16 292
16 4
16 5
16 8
16 10
16 15
16 18
16 22
16 26
16 30
16 35
16 36
16 37
16 41
16 43
16 47
16 49
16 59
16 74
16 80
16 85
16 87
16 88
16 91
16 102
16 108
16 109
16 111
16 114
16 115
16 116
16 124
16 127
16 132
16 137
16 146
16 166
17 172
17 190
17 213
17 222
17 246
17 271
17 285
17 2
17 3
17 4
17 10
17 12
17 13
17 15
17 18
17 21
17 27
17 28
17 31
17 33
17 35
17 37
17 38
17 40
17 42
17 53
17 61
17 72
17 77
17 78
17 79
17 80
17 82
17 84
17 86
17 90
17 92
17 95
17 98
17 108
17 111
17 116
17 119
17 121
17 122
17 124
17 129
17 130
17 135
17 136
17 137
17 138
17 140
17 142
17 147
17 167
18 167
18 170
18 202
18 219
18 227
18 232
18 235
18 240
18 245
18 263
18 284
18 2
18 5
18 9
18 13
18 14
18 16
18 17
18 25
18 29
18 30
18 34
18 36
18 37
18 39
18 41
18 42
18 46
18 50
18 57
18 58
18 61
18 69
18 71
18 72
18 74
18 75
18 77
18 78
18 79
18 80
18 83
18 84
18 87
18 90
18 92
18 94
18 96
18 98
18 115
18 117
18 123
18 124
18 132
18 133
18 136
18 144
18 147
18 149
18 168
19 166
19 178
19 180
19 194
19 197
19 235
19 249
19 258
19 259
19 273
19 275
19 276
19 295
19 1
19 6
19 9
19 10
19 20
19 33
19 34
19 36
19 37
19 41
19 49
19 50
19 52
19 55
19 60
19 66
19 70
19 74
19 75
19 77
19 79
19 82
19 83
19 85
19 86
19 89
19 91
19 96
19 98
19 100
19 101
19 105
19 106
19 107
19 110
19 116
19 119
19 123
19 125
19 126
19 127
19 128
19 129
19 133
19 134
19 141
19 142
19 143
19 147
19 148
19 169
20 194
20 201
20 202
20 221
20 226
20 240
20 242
20 244
20 260
20 263
20 268
20 272
20 294
20 1
20 3
20 5
20 7
20 8
20 9
20 10
20 14
20 15
20 19
20 24
20 25
20 29
20 31
20 33
20 34
20 37
20 41
20 43
20 49
20 51
20 60
20 61
20 69
20 71
20 75
20 81
20 82
20 84
20 87
20 96
20 102
20 105
20 106
20 115
20 120
20 126
20 134
20 135
20 136
20 139
20 141
20 145
20 146
20 170
21 195
21 197
21 213
21 223
21 242
21 250
21 256
21 266
21 289
21 291
21 298
21 2
21 6
21 11
21 13
21 15
21 17
21 23
21 24
21 25
21 29
21 31
21 32
21 33
21 37
21 40
21 42
21 43
21 47
21 50
21 58
21 69
21 70
21 72
21 74
21 76
21 81
21 86
21 96
21 100
21 105
21 115
21 118
21 119
21 120
21 124
21 136
21 142
21 171
22 154
22 171
22 177
22 180
22 186
22 196
22 202
22 203
22 226
22 242
22 294
22 2
22 3
22 5
22 6
22 9
22 10
22 13
22 14
22 16
22 23
22 26
22 29
22 31
22 35
22 37
22 38
22 39
22 40
22 41
22 43
22 51
22 56
22 57
22 59
22 60
22 62
22 66
22 67
22 73
22 75
22 76
22 77
22 78
22 80
22 82
22 87
22 90
22 95
22 96
22 98
22 99
22 100
22 102
22 106
22 107
22 109
22 112
22 115
22 119
22 120
22 122
22 123
22 128
22 129
22 138
22 139
22 141
22 142
22 146
22 148
22 172
23 162
23 184
23 208
23 232
23 268
23 286
23 5
23 9
23 11
23 12
23 21
23 22
23 25
23 26
23 30
23 31
23 32
23 37
23 52
23 53
23 57
23 61
23 66
23 67
23 68
23 71
23 79
23 88
23 92
23 95
23 98
23 99
23 103
23 106
23 108
23 109
23 114
23 115
23 123
23 125
23 126
23 127
23 140
23 145
23 147
23 149
23 173
24 161
24 173
24 186
24 223
24 237
24 250
24 251
24 280
24 9
24 12
24 14
24 20
24 21
24 27
24 28
24 29
24 31
24 37
24 41
24 45
24 48
24 49
24 51
24 53
24 62
24 64
24 65
24 69
24 72
24 74
24 75
24 78
24 81
24 82
24 85
24 86
24 88
24 91
24 94
24 99
24 103
24 104
24 119
24 120
24 122
24 127
24 133
24 141
24 146
24 148
24 149
24 174
25 181
25 226
25 231
25 247
25 252
25 269
25 270
25 286
25 298
25 299
25 2
25 5
25 11
25 13
25 18
25 20
25 21
25 23
25 30
25 31
25 34
25 36
25 39
25 40
25 42
25 43
25 46
25 51
25 54
25 56
25 57
25 59
25 65
25 68
25 69
25 70
25 71
25 73
25 74
25 89
25 96
25 100
25 102
25 103
25 105
25 112
25 116
25 124
25 126
25 127
25 134
25 135
25 140
25 141
25 144
25 145
25 175
26 155
26 156
26 180
26 209
26 233
26 234
26 242
26 250
26 260
26 268
26 272
26 285
26 294
26 0
26 1
26 5
26 7
26 10
26 15
26 16
26 22
26 23
26 28
26 34
26 37
26 42
26 48
26 51
26 55
26 66
26 67
26 70
26 76
26 79
26 87
26 90
26 92
26 97
26 100
26 101
26 109
26 110
26 111
26 113
26 115
26 116
26 117
26 119
26 120
26 127
26 134
26 136
26 141
26 144
26 145
26 176
27 162
27 163
27 177
27 193
27 195
27 196
27 204
27 218
27 221
27 236
27 240
27 249
27 278
27 287
27 292
27 293
27 0
27 1
27 4
27 7
27 9
27 11
27 17
27 24
27 28
27 29
27 36
27 37
27 46
27 51
27 52
27 53
27 54
27 56
27 58
27 66
27 67
27 73
27 75
27 76
27 78
27 79
27 81
27 85
27 89
27 91
27 100
27 101
27 106
27 108
27 115
27 122
27 128
27 131
27 132
27 133
27 134
27 135
27 137
27 138
27 144
28 159
28 160
28 161
28 177
28 203
28 222
28 235
28 250
28 260
28 267
28 297
28 4
28 7
28 8
28 10
28 14
28 17
28 24
28 26
28 27
28 30
28 33
28 35
28 36
28 45
28 46
28 47
28 48
28 61
28 65
28 66
28 69
28 75
28 76
28 79
28 80
28 82
28 83
28 85
28 93
28 95
28 100
28 102
28 108
28 114
28 119
28 120
28 125
28 131
28 135
28 138
28 144
28 148
28 149
28 178
29 150
29 153
29 161
29 170
29 192
29 194
29 207
29 211
29 224
29 228
29 231
29 232
29 265
29 268
29 269
29 280
29 281
29 295
29 8
29 9
29 10
29 12
29 13
29 15
29 18
29 20
29 21
29 22
29 24
29 27
29 36
29 38
29 39
29 40
29 50
29 51
29 52
29 54
29 65
29 68
29 69
29 70
29 71
29 74
29 75
29 80
29 84
29 87
29 89
29 91
29 98
29 100
29 105
29 108
29 109
29 114
29 118
29 121
29 122
29 123
29 125
29 127
29 129
29 132
29 135
29 136
29 137
29 147
29 148
29 179
30 151
30 156
30 173
30 178
30 197
30 215
30 226
30 244
30 266
30 280
30 293
30 0
30 1
30 4
30 7
30 14
30 16
30 18
30 23
30 25
30 28
30 32
30 39
30 41
30 44
30 45
30 47
30 48
30 51
30 52
30 55
30 63
30 75
30 83
30 87
30 88
30 93
30 95
30 96
30 98
30 100
30 101
30 110
30 116
30 120
30 126
30 127
30 145
30 148
30 180
31 162
31 184
31 188
31 217
31 227
31 229
31 237
31 240
31 256
31 280
31 283
31 289
31 2
31 8
31 10
31 17
31 20
31 21
31 22
31 23
31 24
31 25
31 37
31 40
31 48
31 49
31 51
31 52
31 55
31 57
31 58
31 63
31 66
31 68
31 70
31 71
31 75
31 76
31 78
31 81
31 86
31 89
31 93
31 96
31 100
31 109
31 112
31 114
31 115
31 118
31 124
31 128
31 133
31 142
31 145
31 148
31 181
32 162
32 165
32 169
32 174
32 191
32 192
32 211
32 268
32 1
32 8
32 15
32 21
32 23
32 30
32 45
32 46
32 48
32 50
32 52
32 59
32 60
32 61
32 65
32 70
32 72
32 75
32 76
32 78
32 90
32 91
32 95
32 105
32 114
32 115
32 120
32 122
32 124
32 125
32 127
32 131
32 133
32 134
32 138
32 140
32 141
32 144
32 147
32 149
32 182
33 173
33 186
33 193
33 194
33 215
33 218
33 222
33 241
33 250
33 253
33 259
33 279
33 290
33 297
33 0
33 2
33 3
33 4
33 11
33 13
33 15
33 17
33 19
33 20
33 21
33 28
33 34
33 39
33 40
33 43
33 45
33 47
33 50
33 53
33 59
33 61
33 63
33 70
33 71
33 74
33 82
33 85
33 86
33 88
33 96
33 99
33 101
33 106
33 107
33 108
33 111
33 113
33 117
33 121
33 122
33 124
33 126
33 127
33 136
33 137
33 141
33 149
33 183
34 152
34 153
34 167
34 174
34 184
34 188
34 204
34 213
34 217
34 231
34 239
34 279
34 283
34 296
34 0
34 1
34 5
34 15
34 18
34 19
34 20
34 25
34 26
34 33
34 37
34 41
34 44
34 47
34 49
34 53
34 54
34 56
34 59
34 66
34 67
34 70
34 71
34 72
34 78
34 79
34 80
34 81
34 84
34 89
34 92
34 98
34 99
34 102
34 111
34 113
34 122
34 123
34 124
34 128
34 129
34 132
34 135
34 138
34 139
34 145
34 146
34 147
35 167
35 168
35 185
35 187
35 190
35 195
35 198
35 201
35 205
35 213
35 253
35 257
35 262
35 273
35 277
35 3
35 4
35 7
35 8
35 9
35 12
35 16
35 17
35 22
35 28
35 47
35 56
35 57
35 58
35 66
35 73
35 83
35 98
35 102
35 109
35 119
35 120
35 123
35 124
35 125
35 127
35 128
35 137
35 140
35 141
35 144
36 150
36 160
36 225
36 226
36 244
36 260
36 262
36 280
36 282
36 0
36 2
36 5
36 6
36 7
36 12
36 16
36 18
36 19
36 25
36 27
36 28
36 29
36 39
36 43
36 46
36 54
36 56
36 62
36 65
36 67
36 68
36 73
36 74
36 75
36 76
36 78
36 83
36 84
36 85
36 88
36 92
36 94
36 95
36 99
36 102
36 105
36 110
36 113
36 115
36 120
36 121
36 132
36 136
36 141
36 145
36 186
37 170
37 176
37 185
37 188
37 193
37 226
37 240
37 259
37 0
37 6
37 13
37 14
37 16
37 17
37 18
37 19
37 20
37 21
37 22
37 23
37 24
37 26
37 27
37 31
37 34
37 43
37 48
37 51
37 56
37 62
37 71
37 72
37 74
37 75
37 77
37 79
37 81
37 86
37 88
37 90
37 95
37 97
37 98
37 99
37 100
37 102
37 106
37 108
37 110
37 114
37 117
37 118
37 119
37 120
37 128
37 131
37 136
37 138
37 142
37 187
38 180
38 214
38 221
38 229
38 234
38 244
38 267
38 283
38 3
38 11
38 17
38 22
38 29
38 40
38 49
38 50
38 52
38 63
38 67
38 69
38 70
38 72
38 73
38 74
38 75
38 80
38 83
38 87
38 88
38 89
38 92
38 98
38 99
38 104
38 107
38 109
38 112
38 113
38 116
38 117
38 122
38 125
38 126
38 128
38 135
38 136
38 138
38 139
38 140
38 142
38 147
38 188
39 150
39 151
39 202
39 215
39 217
39 253
39 278
39 290
39 0
39 1
39 3
39 4
39 7
39 10
39 11
39 18
39 22
39 25
39 29
39 30
39 33
39 36
39 46
39 47
39 50
39 67
39 69
39 74
39 75
39 77
39 79
39 80
39 82
39 83
39 89
39 90
39 96
39 98
39 100
39 103
39 104
39 107
39 109
39 113
39 114
39 116
39 118
39 124
39 125
39 126
39 127
39 129
39 131
39 136
39 143
39 144
39 189
40 155
40 157
40 162
40 177
40 184
40 186
40 220
40 230
40 234
40 245
40 249
40 253
40 284
40 296
40 2
40 3
40 6
40 7
40 8
40 13
40 14
40 17
40 21
40 22
40 25
40 29
40 31
40 33
40 38
40 41
40 43
40 57
40 60
40 62
40 63
40 64
40 65
40 69
40 74
40 76
40 77
40 83
40 85
40 92
40 93
40 94
40 97
40 99
40 101
40 102
40 103
40 107
40 109
40 112
40 114
40 115
40 116
40 118
40 121
40 123
40 127
40 129
40 133
40 136
40 142
40 144
40 146
40 147
40 190
41 153
41 185
41 192
41 220
41 236
41 241
41 247
41 270
41 282
41 287
41 290
41 3
41 9
41 12
41 13
41 14
41 16
41 18
41 19
41 20
41 22
41 24
41 30
41 34
41 40
41 44
41 46
41 57
41 62
41 63
41 66
41 68
41 71
41 78
41 87
41 89
41 91
41 92
41 97
41 98
41 103
41 109
41 113
41 116
41 118
41 122
41 126
41 129
41 132
41 134
41 136
41 138
41 142
41 147
41 191
42 151
42 184
42 198
42 199
42 200
42 207
42 254
42 258
42 262
42 263
42 269
42 270
42 276
42 281
42 291
42 2
42 4
42 12
42 15
42 17
42 18
42 21
42 25
42 26
42 43
42 48
42 52
42 53
42 55
42 60
42 66
42 69
42 81
42 85
42 86
42 88
42 89
42 95
42 99
42 102
42 104
42 109
42 111
42 116
42 117
42 120
42 121
42 130
42 133
42 135
42 137
42 142
42 146
42 192
43 155
43 159
43 192
43 205
43 256
43 291
43 293
43 299
43 3
43 5
43 6
43 16
43 20
43 21
43 22
43 25
43 33
43 36
43 37
43 40
43 42
43 44
43 45
43 46
43 47
43 48
43 59
43 60
43 62
43 63
43 65
43 69
43 71
43 74
43 76
43 77
43 79
43 83
43 84
43 107
43 112
43 117
43 118
43 119
43 122
43 124
43 126
43 129
43 133
43 139
43 140
43 148
43 193
44 158
44 181
44 188
44 200
44 213
44 231
44 242
44 243
44 256
44 259
44 260
44 262
44 265
44 270
44 272
44 294
44 1
44 2
44 7
44 12
44 13
44 30
44 34
44 41
44 43
44 45
44 47
44 50
44 51
44 52
44 61
44 62
44 72
44 74
44 83
44 86
44 89
44 90
44 92
44 99
44 100
44 102
44 106
44 116
44 118
44 122
44 125
44 130
44 134
44 135
44 136
44 138
44 139
44 143
44 145
44 146
44 194
45 172
45 177
45 185
45 194
45 208
45 210
45 221
45 240
45 272
45 288
45 293
45 2
45 3
45 5
45 6
45 7
45 8
45 9
45 10
45 13
45 15
45 24
45 28
45 30
45 32
45 33
45 43
45 44
45 50
45 52
45 56
45 57
45 60
45 68
45 74
45 75
45 81
45 85
45 86
45 88
45 94
45 96
45 106
45 109
45 113
45 120
45 121
45 123
45 126
45 127
45 130
45 144
45 146
45 195
46 168
46 171
46 209
46 233
46 243
46 244
46 256
46 287
46 298
46 0
46 4
46 8
46 10
46 11
46 18
46 25
46 27
46 28
46 32
46 36
46 39
46 41
46 43
46 47
46 49
46 51
46 52
46 61
46 62
46 80
46 81
46 85
46 88
46 89
46 92
46 94
46 97
46 99
46 111
46 114
46 115
46 120
46 122
46 123
46 124
46 127
46 132
46 148
46 149
46 196
47 150
47 175
47 212
47 234
47 254
47 255
47 257
47 264
47 0
47 8
47 14
47 15
47 16
47 21
47 28
47 30
47 33
47 34
47 35
47 39
47 43
47 44
47 46
47 51
47 52
47 56
47 59
47 73
47 86
47 87
47 89
47 92
47 96
47 98
47 100
47 101
47 103
47 108
47 109
47 112
47 113
47 114
47 115
47 116
47 120
47 123
47 127
47 128
47 129
47 132
47 135
47 136
47 141
47 149
47 197
48 221
48 232
48 240
48 244
48 253
48 254
48 261
48 5
48 6
48 10
48 24
48 26
48 28
48 30
48 31
48 32
48 37
48 42
48 43
48 69
48 71
48 76
48 77
48 79
48 80
48 93
48 95
48 100
48 110
48 113
48 117
48 120
48 129
48 132
48 133
48 144
48 198
49 151
49 173
49 176
49 180
49 213
49 218
49 227
49 233
49 239
49 277
49 297
49 299
49 2
49 3
49 7
49 16
49 19
49 20
49 24
49 31
49 34
49 38
49 46
49 54
49 55
49 56
49 59
49 61
49 68
49 73
49 75
49 80
49 81
49 87
49 89
49 90
49 92
49 93
49 95
49 98
49 102
49 105
49 116
49 119
49 123
49 134
49 136
49 140
49 143
49 144
49 148
49 199
50 165
50 179
50 208
50 215
50 233
50 237
50 257
50 266
50 284
50 294
50 297
50 3
50 18
50 19
50 21
50 29
50 32
50 33
50 38
50 39
50 44
50 45
50 52
50 53
50 55
50 56
50 59
50 61
50 66
50 69
50 71
50 74
50 78
50 82
50 86
50 88
50 91
50 100
50 103
50 104
50 106
50 116
50 117
50 120
50 125
50 126
50 128
50 129
50 131
50 134
50 136
50 138
50 139
50 143
50 147
50 148
50 149
50 200
51 167
51 173
51 186
51 200
51 224
51 242
51 256
51 266
51 275
51 283
51 298
51 0
51 3
51 10
51 13
51 14
51 20
51 22
51 24
51 25
51 26
51 27
51 29
51 30
51 31
51 37
51 44
51 46
51 47
51 56
51 58
51 59
51 60
51 66
51 71
51 79
51 80
51 81
51 82
51 86
51 92
51 94
51 95
51 100
51 110
51 119
51 120
51 126
51 128
51 133
51 136
51 149
51 201
52 150
52 163
52 165
52 170
52 180
52 191
52 210
52 212
52 262
52 287
52 289
52 1
52 8
52 9
52 11
52 19
52 23
52 27
52 29
52 30
52 31
52 32
52 38
52 42
52 44
52 45
52 46
52 47
52 50
52 53
52 58
52 64
52 65
52 66
52 68
52 71
52 75
52 76
52 77
52 78
52 86
52 90
52 91
52 92
52 94
52 96
52 97
52 102
52 103
52 105
52 106
52 107
52 108
52 111
52 113
52 115
52 117
52 118
52 119
52 122
52 123
52 124
52 126
52 130
52 145
52 146
52 147
52 202
53 152
53 159
53 180
53 207
53 223
53 224
53 234
53 248
53 261
53 0
53 3
53 5
53 6
53 8
53 11
53 12
53 13
53 15
53 17
53 23
53 24
53 27
53 33
53 34
53 42
53 50
53 52
53 54
53 56
53 61
53 67
53 68
53 69
53 79
53 80
53 82
53 90
53 101
53 102
53 111
53 113
53 118
53 120
53 121
53 123
53 126
53 127
53 132
53 136
53 137
53 139
53 142
53 144
53 203
54 158
54 176
54 188
54 198
54 239
54 268
54 288
54 298
54 4
54 5
54 10
54 14
54 25
54 27
54 29
54 34
54 36
54 49
54 53
54 57
54 59
54 67
54 73
54 75
54 81
54 82
54 85
54 86
54 87
54 90
54 92
54 95
54 102
54 104
54 105
54 113
54 115
54 117
54 118
54 122
54 124
54 125
54 128
54 132
54 134
54 138
54 141
54 144
54 146
54 204
55 170
55 172
55 182
55 212
55 215
55 229
55 295
55 296
55 4
55 10
55 19
55 26
55 30
55 31
55 42
55 49
55 50
55 58
55 59
55 64
55 66
55 73
55 81
55 83
55 85
55 88
55 91
55 95
55 98
55 99
55 104
55 110
55 121
55 122
55 126
55 127
55 134
55 136
55 139
55 140
55 143
55 146
55 205
56 154
56 192
56 204
56 206
56 216
56 248
56 255
56 266
56 1
56 2
56 5
56 14
56 15
56 22
56 25
56 27
56 34
56 35
56 36
56 37
56 45
56 47
56 49
56 50
56 51
56 53
56 63
56 65
56 66
56 69
56 74
56 77
56 80
56 84
56 86
56 87
56 92
56 94
56 97
56 98
56 100
56 101
56 104
56 105
56 106
56 107
56 111
56 115
56 118
56 120
56 121
56 123
56 124
56 126
56 132
56 139
56 140
56 143
56 145
56 149
57 152
57 179
57 184
57 197
57 202
57 215
57 243
57 293
57 2
57 5
57 6
57 8
57 10
57 14
57 18
57 22
57 23
57 25
57 31
57 35
57 40
57 41
57 45
57 54
57 61
57 62
57 66
57 67
57 69
57 70
57 76
57 77
57 80
57 81
57 88
57 90
57 93
57 95
57 104
57 105
57 108
57 114
57 115
57 116
57 126
57 127
57 129
57 136
57 138
57 148
57 149
57 207
58 156
58 158
58 174
58 177
58 204
58 210
58 212
58 225
58 271
58 281
58 7
58 9
58 12
58 18
58 21
58 27
58 31
58 35
58 51
58 52
58 55
58 64
58 65
58 67
58 73
58 77
58 84
58 91
58 92
58 96
58 97
58 103
58 110
58 116
58 125
58 126
58 127
58 132
58 133
58 139
58 141
58 142
58 143
58 146
58 208
59 158
59 201
59 226
59 227
59 229
59 232
59 234
59 241
59 248
59 281
59 296
59 0
59 3
59 4
59 6
59 8
59 11
59 13
59 16
59 22
59 25
59 32
59 33
59 34
59 43
59 47
59 49
59 50
59 51
59 54
59 55
59 60
59 64
59 67
59 70
59 72
59 74
59 86
59 89
59 93
59 94
59 110
59 116
59 123
59 129
59 131
59 135
59 144
59 148
59 209
60 158
60 171
60 234
60 244
60 247
60 251
60 253
60 271
60 2
60 7
60 11
60 12
60 19
60 20
60 22
60 32
60 40
60 42
60 43
60 45
60 51
60 59
60 61
60 62
60 69
60 72
60 73
60 77
60 79
60 83
60 84
60 90
60 95
60 96
60 97
60 102
60 107
60 108
60 112
60 126
60 130
60 131
60 133
60 136
60 140
60 144
60 146
60 148
60 149
60 210
61 155
61 159
61 171
61 240
61 276
61 289
61 296
61 5
61 8
61 9
61 13
61 15
61 17
61 18
61 20
61 23
61 28
61 32
61 33
61 44
61 46
61 49
61 50
61 53
61 57
61 60
61 68
61 74
61 78
61 81
61 85
61 94
61 96
61 98
61 101
61 107
61 109
61 111
61 113
61 114
61 115
61 124
61 126
61 130
61 132
61 134
61 135
61 138
61 142
61 144
61 149
61 211
62 161
62 173
62 177
62 178
62 181
62 211
62 214
62 215
62 216
62 219
62 227
62 229
62 233
62 257
62 271
62 275
62 299
62 0
62 6
62 8
62 12
62 14
62 15
62 22
62 24
62 36
62 37
62 40
62 41
62 43
62 44
62 46
62 57
62 60
62 66
62 67
62 68
62 75
62 76
62 79
62 84
62 86
62 88
62 89
62 90
62 91
62 92
62 93
62 94
62 99
62 101
62 104
62 105
62 108
62 110
62 111
62 116
62 128
62 130
62 131
62 132
62 134
62 138
62 142
62 143
62 144
62 148
62 212
63 152
63 197
63 222
63 226
63 246
63 289
63 296
63 297
63 0
63 4
63 7
63 8
63 11
63 13
63 30
63 31
63 33
63 38
63 40
63 41
63 43
63 56
63 65
63 66
63 71
63 77
63 83
63 87
63 90
63 93
63 100
63 101
63 102
63 104
63 105
63 106
63 107
63 109
63 110
63 114
63 118
63 122
63 123
63 125
63 128
63 134
63 137
63 143
63 144
63 146
63 213
64 164
64 193
64 237
64 284
64 286
64 1
64 2
64 7
64 11
64 12
64 14
64 24
64 40
64 52
64 55
64 58
64 59
64 68
64 69
64 73
64 77
64 78
64 81
64 83
64 84
64 85
64 86
64 87
64 90
64 91
64 92
64 94
64 96
64 97
64 100
64 102
64 103
64 105
64 107
64 109
64 120
64 122
64 131
64 136
64 139
64 143
64 145
64 146
64 214
65 162
65 167
65 173
65 177
65 184
65 187
65 191
65 206
65 221
65 224
65 225
65 230
65 234
65 248
65 256
65 259
65 264
65 267
65 272
65 299
65 8
65 13
65 14
65 24
65 25
65 28
65 29
65 32
65 36
65 40
65 43
65 52
65 56
65 58
65 63
65 67
65 82
65 91
65 96
65 98
65 102
65 114
65 116
65 118
65 125
65 126
65 129
65 130
65 136
65 137
65 140
65 141
65 142
65 146
65 215
66 163
66 178
66 194
66 207
66 211
66 274
66 291
66 2
66 9
66 11
66 14
66 19
66 22
66 23
66 26
66 27
66 28
66 31
66 34
66 35
66 41
66 42
66 50
66 51
66 52
66 55
66 56
66 57
66 62
66 63
66 67
66 70
66 76
66 78
66 82
66 83
66 94
66 95
66 96
66 98
66 109
66 110
66 111
66 117
66 118
66 130
66 131
66 132
66 133
66 134
66 136
66 138
66 139
66 142
66 143
66 144
66 145
66 147
66 216
67 175
67 236
67 237
67 262
67 263
67 283
67 0
67 6
67 7
67 9
67 22
67 23
67 26
67 27
67 34
67 36
67 38
67 39
67 53
67 54
67 57
67 58
67 59
67 62
67 65
67 66
67 68
67 69
67 73
67 84
67 86
67 90
67 94
67 97
67 99
67 101
67 104
67 106
67 111
67 115
67 116
67 118
67 121
67 122
67 124
67 128
67 137
67 143
67 145
67 217
68 178
68 181
68 189
68 195
68 229
68 235
68 252
68 254
68 264
68 265
68 279
68 290
68 0
68 2
68 3
68 4
68 5
68 13
68 23
68 25
68 29
68 31
68 36
68 41
68 45
68 49
68 52
68 53
68 61
68 62
68 64
68 67
68 70
68 71
68 75
68 77
68 78
68 83
68 85
68 87
68 90
68 95
68 102
68 104
68 114
68 120
68 122
68 129
68 131
68 140
68 143
68 149
68 218
69 173
69 178
69 201
69 213
69 218
69 221
69 244
69 257
69 264
69 268
69 282
69 1
69 6
69 8
69 14
69 15
69 18
69 20
69 21
69 24
69 25
69 28
69 29
69 38
69 39
69 40
69 42
69 43
69 48
69 50
69 53
69 56
69 57
69 60
69 64
69 67
69 70
69 73
69 79
69 81
69 82
69 88
69 91
69 95
69 98
69 100
69 101
69 108
69 113
69 114
69 116
69 118
69 129
69 131
69 134
69 136
69 137
69 138
69 139
69 141
69 147
69 148
69 219
70 165
70 172
70 184
70 204
70 212
70 217
70 238
70 241
70 258
70 260
70 4
70 11
70 12
70 19
70 21
70 25
70 26
70 29
70 31
70 32
70 33
70 34
70 38
70 57
70 59
70 66
70 68
70 69
70 73
70 75
70 77
70 78
70 82
70 91
70 94
70 99
70 101
70 106
70 110
70 114
70 127
70 129
70 130
70 131
70 136
70 138
70 139
70 140
70 142
70 145
70 146
70 220
71 151
71 158
71 173
71 178
71 203
71 215
71 225
71 228
71 232
71 272
71 296
71 297
71 299
71 3
71 7
71 8
71 15
71 18
71 20
71 23
71 25
71 29
71 31
71 33
71 34
71 37
71 41
71 43
71 48
71 50
71 51
71 52
71 63
71 68
71 72
71 73
71 78
71 80
71 85
71 86
71 87
71 94
71 96
71 98
71 105
71 106
71 109
71 113
71 115
71 116
71 118
71 122
71 123
71 126
71 131
71 135
71 138
71 140
71 141
71 144
71 221
72 154
72 157
72 160
72 161
72 171
72 172
72 192
72 211
72 236
72 240
72 249
72 253
72 265
72 273
72 282
72 3
72 9
72 10
72 14
72 17
72 18
72 21
72 24
72 32
72 34
72 37
72 38
72 44
72 59
72 60
72 71
72 75
72 76
72 78
72 79
72 82
72 85
72 86
72 87
72 91
72 94
72 95
72 101
72 102
72 106
72 107
72 108
72 111
72 112
72 117
72 124
72 125
72 127
72 131
72 132
72 141
72 146
72 222
73 161
73 171
73 188
73 226
73 245
73 252
73 265
73 293
73 0
73 2
73 7
73 11
73 12
73 15
73 22
73 25
73 27
73 35
73 36
73 38
73 47
73 49
73 54
73 55
73 58
73 60
73 64
73 67
73 69
73 70
73 71
73 74
73 79
73 81
73 83
73 87
73 88
73 95
73 100
73 103
73 110
73 112
73 114
73 115
73 116
73 120
73 122
73 124
73 125
73 127
73 133
73 136
73 138
73 142
73 145
73 149
73 223
74 168
74 203
74 211
74 229
74 246
74 265
74 280
74 296
74 4
74 5
74 10
74 11
74 12
74 16
74 18
74 19
74 21
74 24
74 25
74 29
74 33
74 36
74 37
74 38
74 39
74 40
74 43
74 44
74 45
74 50
74 56
74 59
74 61
74 73
74 75
74 78
74 82
74 90
74 91
74 93
74 95
74 98
74 104
74 108
74 109
74 110
74 114
74 120
74 131
74 132
74 133
74 134
74 135
74 136
74 141
74 142
74 143
74 144
74 145
74 146
74 149
74 224
75 186
75 219
75 254
75 257
75 272
75 282
75 3
75 7
75 9
75 11
75 18
75 19
75 20
75 22
75 24
75 27
75 28
75 29
75 30
75 31
75 32
75 36
75 37
75 38
75 39
75 45
75 49
75 52
75 54
75 62
75 68
75 70
75 72
75 74
75 76
75 78
75 81
75 88
75 91
75 94
75 98
75 104
75 105
75 112
75 113
75 115
75 117
75 118
75 119
75 122
75 125
75 130
75 136
75 137
75 145
75 225
76 158
76 171
76 194
76 195
76 205
76 212
76 214
76 219
76 232
76 255
76 283
76 285
76 289
76 0
76 2
76 7
76 8
76 21
76 22
76 26
76 27
76 28
76 31
76 32
76 36
76 40
76 43
76 48
76 52
76 57
76 62
76 66
76 72
76 75
76 79
76 83
76 93
76 96
76 97
76 98
76 99
76 100
76 110
76 119
76 121
76 122
76 125
76 127
76 134
76 135
76 139
76 140
76 142
76 226
77 156
77 166
77 218
77 225
77 226
77 264
77 272
77 297
77 0
77 6
77 10
77 11
77 17
77 18
77 19
77 22
77 37
77 39
77 40
77 43
77 48
77 52
77 56
77 57
77 58
77 60
77 63
77 64
77 68
77 70
77 79
77 83
77 86
77 87
77 89
77 98
77 103
77 107
77 109
77 111
77 112
77 116
77 117
77 118
77 119
77 124
77 125
77 134
77 136
77 137
77 138
77 141
77 142
77 144
77 145
77 227
78 151
78 156
78 168
78 197
78 214
78 228
78 256
78 260
78 282
78 0
78 3
78 11
78 13
78 17
78 18
78 22
78 24
78 27
78 31
78 32
78 34
78 36
78 41
78 50
78 52
78 61
78 64
78 66
78 68
78 70
78 71
78 72
78 74
78 75
78 80
78 81
78 82
78 84
78 92
78 93
78 95
78 100
78 101
78 103
78 105
78 108
78 111
78 119
78 120
78 121
78 125
78 126
78 129
78 141
78 147
79 186
79 189
79 194
79 210
79 228
79 238
79 241
79 247
79 3
79 6
79 12
79 13
79 17
79 18
79 19
79 23
79 26
79 27
79 28
79 34
79 37
79 39
79 43
79 48
79 51
79 53
79 60
79 62
79 69
79 72
79 73
79 76
79 77
79 87
79 89
79 91
79 92
79 95
79 100
79 106
79 107
79 108
79 114
79 117
79 127
79 133
79 137
79 139
79 140
79 141
79 147
79 229
80 157
80 158
80 182
80 218
80 234
80 287
80 293
80 299
80 2
80 6
80 7
80 10
80 14
80 16
80 17
80 18
80 22
80 28
80 29
80 34
80 38
80 39
80 46
80 48
80 49
80 51
80 53
80 56
80 57
80 71
80 78
80 85
80 86
80 91
80 94
80 102
80 103
80 105
80 107
80 111
80 115
80 118
80 119
80 122
80 129
80 139
80 144
80 146
80 148
80 149
80 230
81 170
81 185
81 187
81 193
81 208
81 229
81 234
81 239
81 263
81 267
81 271
81 291
81 10
81 20
81 21
81 24
81 27
81 31
81 34
81 37
81 42
81 45
81 46
81 49
81 51
81 54
81 55
81 57
81 61
81 64
81 69
81 73
81 75
81 78
81 83
81 84
81 86
81 89
81 94
81 96
81 98
81 99
81 104
81 106
81 111
81 117
81 121
81 122
81 123
81 125
81 126
81 130
81 135
81 143
81 146
81 148
81 231
82 173
82 175
82 183
82 198
82 225
82 227
82 239
82 248
82 252
82 293
82 1
82 2
82 8
82 11
82 12
82 13
82 14
82 17
82 19
82 20
82 22
82 24
82 28
82 33
82 39
82 50
82 51
82 53
82 54
82 65
82 66
82 69
82 70
82 72
82 74
82 78
82 84
82 87
82 88
82 96
82 100
82 105
82 109
82 111
82 112
82 113
82 118
82 121
82 123
82 138
82 142
82 145
82 146
82 232
83 195
83 201
83 224
83 229
83 231
83 232
83 236
83 268
83 275
83 292
83 4
83 6
83 9
83 12
83 15
83 18
83 19
83 28
83 30
83 35
83 36
83 38
83 39
83 40
83 43
83 44
83 55
83 60
83 63
83 64
83 66
83 68
83 73
83 76
83 77
83 81
83 84
83 85
83 90
83 95
83 103
83 105
83 110
83 112
83 114
83 117
83 118
83 120
83 121
83 122
83 136
83 138
83 141
83 147
83 148
83 149
83 233
84 152
84 153
84 180
84 217
84 218
84 219
84 251
84 253
84 261
84 267
84 0
84 3
84 4
84 10
84 12
84 15
84 17
84 18
84 20
84 29
84 34
84 36
84 43
84 56
84 58
84 60
84 62
84 64
84 67
84 78
84 81
84 82
84 83
84 86
84 92
84 102
84 103
84 107
84 109
84 112
84 113
84 114
84 119
84 120
84 124
84 131
84 136
84 138
84 142
84 146
84 148
84 234
85 155
85 171
85 174
85 178
85 191
85 213
85 218
85 264
85 265
85 271
85 299
85 1
85 5
85 7
85 15
85 16
85 19
85 24
85 27
85 28
85 33
85 36
85 40
85 42
85 45
85 46
85 54
85 55
85 61
85 64
85 68
85 71
85 72
85 80
85 83
85 91
85 93
85 96
85 98
85 99
85 101
85 102
85 103
85 107
85 111
85 119
85 120
85 127
85 133
85 136
85 141
85 145
85 235
86 152
86 163
86 174
86 186
86 221
86 231
86 245
86 272
86 297
86 1
86 6
86 8
86 12
86 14
86 15
86 17
86 19
86 21
86 24
86 31
86 33
86 37
86 42
86 44
86 45
86 47
86 50
86 51
86 52
86 54
86 56
86 59
86 62
86 64
86 67
86 71
86 72
86 77
86 80
86 81
86 84
86 87
86 89
86 92
86 96
86 97
86 102
86 103
86 105
86 112
86 120
86 123
86 126
86 127
86 128
86 131
86 144
86 145
86 147
86 148
86 236
87 150
87 153
87 166
87 168
87 192
87 238
87 245
87 281
87 4
87 6
87 8
87 11
87 14
87 15
87 16
87 18
87 20
87 22
87 26
87 29
87 30
87 38
87 41
87 47
87 49
87 54
87 56
87 63
87 64
87 68
87 71
87 72
87 73
87 77
87 79
87 82
87 86
87 88
87 92
87 98
87 100
87 103
87 105
87 109
87 111
87 112
87 114
87 115
87 118
87 121
87 125
87 129
87 135
87 138
87 140
87 145
87 146
87 148
87 149
87 237
88 228
88 4
88 5
88 6
88 7
88 11
88 12
88 16
88 23
88 24
88 30
88 33
88 36
88 37
88 38
88 42
88 45
88 46
88 50
88 55
88 57
88 62
88 69
88 73
88 75
88 82
88 87
88 89
88 95
88 101
88 102
88 104
88 106
88 111
88 112
88 119
88 123
88 128
88 130
88 137
88 139
88 145
88 148
88 149
88 238
89 155
89 171
89 190
89 199
89 202
89 210
89 216
89 220
89 228
89 248
89 251
89 282
89 5
89 7
89 11
89 19
89 25
89 27
89 29
89 31
89 34
89 38
89 39
89 41
89 42
89 44
89 46
89 47
89 49
89 59
89 62
89 77
89 79
89 81
89 86
89 88
89 91
89 94
89 99
89 103
89 106
89 108
89 109
89 112
89 113
89 119
89 122
89 126
89 129
89 134
89 138
89 142
89 144
89 145
89 147
89 239
90 159
90 166
90 171
90 195
90 199
90 202
90 203
90 209
90 224
90 243
90 254
90 282
90 295
90 4
90 5
90 6
90 8
90 10
90 15
90 17
90 18
90 22
90 26
90 32
90 37
90 39
90 44
90 49
90 52
90 53
90 54
90 57
90 60
90 62
90 63
90 64
90 67
90 68
90 74
90 83
90 91
90 92
90 95
90 102
90 104
90 109
90 112
90 116
90 120
90 122
90 124
90 125
90 126
90 128
90 130
90 131
90 136
90 137
90 141
90 143
90 240
91 171
91 185
91 205
91 209
91 224
91 230
91 237
91 240
91 247
91 258
91 266
91 267
91 276
91 277
91 282
91 285
91 286
91 1
91 3
91 5
91 6
91 13
91 16
91 19
91 24
91 27
91 29
91 32
91 41
91 50
91 52
91 55
91 58
91 62
91 64
91 65
91 69
91 70
91 72
91 74
91 75
91 79
91 80
91 85
91 89
91 90
91 96
91 97
91 99
91 106
91 107
91 110
91 112
91 113
91 131
91 133
91 134
91 136
91 137
91 149
91 241
92 152
92 154
92 164
92 165
92 190
92 192
92 220
92 227
92 257
92 274
92 276
92 292
92 1
92 3
92 4
92 11
92 17
92 18
92 23
92 26
92 34
92 36
92 38
92 40
92 41
92 44
92 46
92 47
92 49
92 51
92 52
92 54
92 56
92 58
92 62
92 64
92 78
92 79
92 84
92 86
92 87
92 90
92 97
92 98
92 101
92 103
92 106
92 110
92 111
92 115
92 116
92 120
92 134
92 139
92 142
92 146
92 242
93 172
93 175
93 194
93 234
93 245
93 246
93 247
93 271
93 291
93 0
93 4
93 8
93 10
93 28
93 30
93 31
93 40
93 48
93 49
93 57
93 59
93 62
93 63
93 74
93 76
93 78
93 85
93 99
93 101
93 105
93 108
93 112
93 120
93 123
93 124
93 128
93 133
93 142
93 143
93 243
94 151
94 181
94 182
94 183
94 187
94 199
94 219
94 223
94 234
94 266
94 283
94 289
94 295
94 1
94 4
94 5
94 6
94 7
94 11
94 12
94 13
94 15
94 18
94 24
94 36
94 40
94 45
94 46
94 51
94 52
94 56
94 59
94 61
94 62
94 64
94 66
94 67
94 70
94 71
94 72
94 75
94 80
94 81
94 89
94 98
94 100
94 101
94 103
94 105
94 107
94 109
94 110
94 111
94 120
94 125
94 126
94 130
94 132
94 136
94 143
94 145
94 149
94 244
95 179
95 224
95 227
95 244
95 250
95 259
95 267
95 273
95 289
95 295
95 2
95 3
95 6
95 11
95 12
95 17
95 22
95 23
95 28
95 30
95 32
95 36
95 37
95 42
95 48
95 49
95 51
95 54
95 55
95 57
95 60
95 66
95 68
95 69
95 72
95 73
95 74
95 78
95 79
95 83
95 88
95 90
95 104
95 111
95 112
95 113
95 117
95 124
95 128
95 129
95 130
95 133
95 138
95 140
95 141
95 144
95 147
95 245
96 200
96 216
96 220
96 224
96 236
96 245
96 262
96 268
96 284
96 285
96 286
96 289
96 0
96 1
96 7
96 9
96 11
96 18
96 19
96 20
96 21
96 22
96 25
96 30
96 31
96 33
96 39
96 45
96 47
96 52
96 58
96 60
96 61
96 64
96 65
96 66
96 71
96 76
96 81
96 82
96 85
96 86
96 91
96 101
96 111
96 123
96 124
96 133
96 134
96 137
96 140
96 141
96 144
96 145
96 147
96 148
96 246
97 170
97 194
97 223
97 248
97 253
97 273
97 4
97 10
97 14
97 26
97 37
97 40
97 41
97 46
97 52
97 56
97 58
97 60
97 64
97 67
97 76
97 86
97 91
97 92
97 103
97 110
97 111
97 113
97 118
97 135
97 136
97 138
97 141
97 146
97 148
97 247
98 153
98 171
98 177
98 185
98 192
98 203
98 230
98 235
98 238
98 243
98 284
98 286
98 0
98 3
98 4
98 5
98 6
98 9
98 10
98 11
98 12
98 13
98 14
98 15
98 17
98 18
98 19
98 22
98 23
98 29
98 30
98 34
98 35
98 37
98 38
98 39
98 41
98 47
98 49
98 55
98 56
98 61
98 65
98 66
98 69
98 71
98 74
98 75
98 76
98 77
98 81
98 85
98 87
98 92
98 94
98 100
98 105
98 108
98 110
98 114
98 120
98 125
98 126
98 129
98 130
98 132
98 133
98 134
98 143
98 146
98 248
99 156
99 163
99 185
99 188
99 197
99 213
99 218
99 230
99 283
99 285
99 0
99 2
99 7
99 10
99 11
99 14
99 22
99 23
99 24
99 33
99 34
99 36
99 37
99 38
99 40
99 42
99 44
99 46
99 55
99 62
99 67
99 70
99 76
99 81
99 85
99 89
99 91
99 93
99 102
99 103
99 111
99 112
99 114
99 126
99 129
99 131
99 135
99 136
99 141
99 143
99 144
99 146
99 249
100 169
100 185
100 228
100 233
100 248
100 260
100 266
100 1
100 5
100 13
100 19
100 21
100 22
100 25
100 26
100 27
100 28
100 29
100 30
100 31
100 37
100 39
100 44
100 47
100 48
100 50
100 51
100 56
100 63
100 64
100 69
100 73
100 76
100 78
100 79
100 82
100 87
100 94
100 98
100 106
100 110
100 116
100 117
100 118
100 119
100 120
100 123
100 124
100 129
100 131
100 133
100 134
100 140
100 141
100 143
100 146
100 147
100 250
101 153
101 161
101 172
101 180
101 188
101 206
101 210
101 220
101 222
101 275
101 292
101 299
101 0
101 5
101 6
101 9
101 10
101 12
101 13
101 15
101 19
101 26
101 27
101 30
101 33
101 40
101 47
101 53
101 56
101 61
101 62
101 63
101 67
101 69
101 70
101 72
101 78
101 85
101 88
101 92
101 93
101 94
101 96
101 103
101 105
101 111
101 117
101 122
101 129
101 133
101 141
101 142
101 145
101 147
101 251
102 153
102 161
102 173
102 174
102 182
102 186
102 193
102 196
102 222
102 279
102 291
102 0
102 10
102 11
102 14
102 16
102 20
102 22
102 25
102 28
102 34
102 35
102 36
102 37
102 40
102 42
102 44
102 49
102 52
102 53
102 54
102 60
102 63
102 64
102 65
102 68
102 72
102 80
102 84
102 85
102 86
102 88
102 90
102 99
102 104
102 106
102 108
102 117
102 120
102 125
102 131
102 133
102 134
102 135
102 136
102 138
102 143
102 148
102 149
102 252
103 179
103 213
103 234
103 260
103 276
103 293
103 298
103 2
103 10
103 14
103 23
103 24
103 25
103 39
103 40
103 41
103 47
103 50
103 52
103 58
103 64
103 73
103 77
103 78
103 80
103 83
103 84
103 85
103 86
103 87
103 89
103 92
103 94
103 97
103 99
103 101
103 109
103 110
103 111
103 113
103 119
103 122
103 126
103 133
103 135
103 136
103 142
103 147
103 148
103 149
103 253
104 205
104 231
104 252
104 260
104 262
104 277
104 283
104 284
104 295
104 3
104 6
104 8
104 24
104 38
104 39
104 42
104 50
104 54
104 55
104 56
104 57
104 62
104 63
104 67
104 68
104 74
104 75
104 81
104 88
104 90
104 95
104 102
104 112
104 113
104 114
104 116
104 117
104 119
104 120
104 121
104 130
104 141
104 254
105 178
105 211
105 230
105 267
105 2
105 6
105 8
105 11
105 13
105 19
105 20
105 21
105 25
105 29
105 32
105 36
105 49
105 52
105 54
105 56
105 57
105 62
105 63
105 64
105 71
105 75
105 78
105 80
105 82
105 83
105 86
105 87
105 93
105 94
105 98
105 101
105 107
105 113
105 114
105 116
105 120
105 121
105 123
105 125
105 128
105 138
105 139
105 144
105 146
105 255
106 154
106 181
106 183
106 187
106 188
106 198
106 205
106 216
106 219
106 244
106 247
106 250
106 258
106 267
106 294
106 296
106 4
106 10
106 11
106 19
106 20
106 22
106 23
106 27
106 33
106 37
106 44
106 45
106 50
106 52
106 56
106 63
106 67
106 70
106 71
106 72
106 79
106 81
106 88
106 89
106 91
106 92
106 100
106 102
106 108
106 112
106 115
106 116
106 120
106 121
106 123
106 125
106 126
106 127
106 130
106 133
106 134
106 141
106 144
106 145
106 146
106 256
107 161
107 170
107 178
107 185
107 186
107 191
107 244
107 269
107 289
107 5
107 12
107 19
107 22
107 33
107 38
107 39
107 40
107 43
107 52
107 56
107 60
107 61
107 63
107 64
107 72
107 77
107 79
107 80
107 84
107 85
107 91
107 94
107 105
107 111
107 114
107 119
107 121
107 122
107 123
107 126
107 127
107 132
107 135
107 141
107 143
107 145
107 149
107 257
108 159
108 161
108 169
108 192
108 209
108 250
108 264
108 274
108 276
108 287
108 6
108 7
108 10
108 13
108 16
108 17
108 23
108 27
108 28
108 29
108 33
108 37
108 47
108 52
108 57
108 60
108 62
108 69
108 72
108 74
108 78
108 79
108 89
108 93
108 98
108 102
108 106
108 109
108 110
108 116
108 128
108 138
108 147
108 258
109 151
109 160
109 164
109 166
109 184
109 190
109 191
109 196
109 246
109 278
109 288
109 296
109 2
109 5
109 11
109 12
109 16
109 22
109 23
109 26
109 29
109 31
109 35
109 38
109 39
109 40
109 41
109 42
109 45
109 47
109 61
109 63
109 64
109 66
109 71
109 74
109 77
109 82
109 84
109 87
109 89
109 90
109 94
109 103
109 108
109 110
109 117
109 121
109 125
109 128
109 130
109 132
109 134
109 140
109 147
109 149
109 259
110 153
110 172
110 179
110 192
110 193
110 199
110 218
110 229
110 250
110 273
110 284
110 0
110 3
110 4
110 7
110 8
110 19
110 26
110 30
110 36
110 37
110 48
110 51
110 55
110 58
110 59
110 62
110 63
110 66
110 70
110 73
110 74
110 76
110 83
110 91
110 92
110 94
110 97
110 98
110 100
110 103
110 108
110 109
110 111
110 116
110 122
110 123
110 129
110 132
110 133
110 142
110 146
110 260
111 157
111 191
111 195
111 200
111 205
111 257
111 273
111 298
111 5
111 16
111 17
111 26
111 33
111 34
111 42
111 46
111 52
111 53
111 56
111 61
111 62
111 66
111 67
111 72
111 77
111 78
111 80
111 81
111 82
111 85
111 87
111 88
111 92
111 94
111 95
111 96
111 97
111 99
111 101
111 103
111 107
111 110
111 112
111 113
111 115
111 116
111 118
111 123
111 124
111 125
111 134
111 136
111 142
111 146
111 147
111 148
111 149
111 261
112 178
112 179
112 185
112 194
112 206
112 215
112 223
112 225
112 231
112 257
112 259
112 267
112 273
112 281
112 296
112 1
112 4
112 11
112 12
112 13
112 22
112 25
112 31
112 38
112 40
112 43
112 47
112 60
112 72
112 73
112 75
112 77
112 82
112 83
112 84
112 86
112 87
112 88
112 89
112 90
112 91
112 93
112 95
112 99
112 104
112 106
112 111
112 116
112 117
112 120
112 121
112 122
112 124
112 125
112 129
112 130
112 135
112 139
112 143
112 144
112 145
112 149
112 262
113 164
113 174
113 175
113 184
113 190
113 224
113 257
113 264
113 270
113 277
113 292
113 295
113 298
113 1
113 2
113 8
113 14
113 26
113 33
113 34
113 36
113 38
113 39
113 41
113 45
113 47
113 48
113 52
113 53
113 54
113 61
113 69
113 71
113 75
113 82
113 84
113 89
113 91
113 95
113 97
113 103
113 104
113 105
113 111
113 116
113 117
113 118
113 119
113 123
113 129
113 130
113 132
113 134
113 136
113 137
113 139
113 143
113 144
113 148
113 263
114 158
114 172
114 211
114 212
114 237
114 244
114 247
114 250
114 258
114 277
114 0
114 2
114 3
114 7
114 9
114 10
114 15
114 16
114 23
114 28
114 29
114 31
114 32
114 37
114 39
114 40
114 46
114 47
114 57
114 61
114 63
114 65
114 68
114 69
114 70
114 73
114 74
114 79
114 83
114 84
114 87
114 98
114 99
114 104
114 105
114 107
114 118
114 119
114 120
114 122
114 123
114 127
114 133
114 136
114 139
114 140
114 141
114 148
114 149
114 264
115 155
115 158
115 167
115 195
115 198
115 208
115 252
115 269
115 287
115 296
115 0
115 1
115 3
115 6
115 12
115 16
115 18
115 20
115 21
115 22
115 23
115 26
115 27
115 31
115 32
115 36
115 40
115 46
115 47
115 52
115 54
115 56
115 57
115 61
115 67
115 71
115 73
115 75
115 80
115 87
115 92
115 106
115 111
115 116
115 121
115 128
115 129
115 130
115 132
115 133
115 138
115 139
115 148
115 265
116 179
116 210
116 212
116 235
116 243
116 260
116 272
116 280
116 3
116 4
116 5
116 7
116 8
116 11
116 12
116 16
116 17
116 19
116 25
116 26
116 30
116 38
116 39
116 40
116 41
116 42
116 44
116 47
116 49
116 50
116 57
116 58
116 59
116 62
116 65
116 67
116 69
116 71
116 73
116 77
116 90
116 92
116 100
116 104
116 105
116 106
116 108
116 110
116 111
116 112
116 113
116 115
116 117
116 119
116 127
116 128
116 132
116 136
116 139
116 140
116 147
116 266
117 162
117 164
117 179
117 183
117 187
117 208
117 209
117 255
117 258
117 259
117 281
117 283
117 295
117 297
117 3
117 5
117 7
117 10
117 11
117 12
117 13
117 14
117 18
117 26
117 33
117 37
117 38
117 42
117 43
117 48
117 50
117 52
117 54
117 66
117 72
117 75
117 77
117 79
117 81
117 83
117 95
117 100
117 101
117 102
117 104
117 109
117 112
117 113
117 116
117 118
117 122
117 125
117 132
117 136
117 139
117 144
117 147
117 267
118 161
118 200
118 214
118 221
118 241
118 261
118 263
118 295
118 299
118 1
118 4
118 6
118 8
118 12
118 15
118 21
118 29
118 31
118 37
118 39
118 40
118 41
118 43
118 44
118 52
118 53
118 54
118 56
118 63
118 65
118 66
118 67
118 69
118 71
118 75
118 77
118 80
118 82
118 83
118 87
118 97
118 100
118 111
118 113
118 114
118 117
118 119
118 120
118 121
118 123
118 125
118 132
118 136
118 137
118 138
118 140
118 141
118 144
118 146
118 147
118 268
119 156
119 157
119 170
119 227
119 236
119 237
119 260
119 263
119 277
119 293
119 0
119 2
119 3
119 4
119 15
119 17
119 19
119 21
119 22
119 24
119 26
119 28
119 35
119 37
119 43
119 49
119 51
119 52
119 75
119 76
119 77
119 78
119 80
119 84
119 85
119 88
119 89
119 100
119 103
119 104
119 107
119 113
119 114
119 116
119 118
119 120
119 121
119 127
119 131
119 137
119 145
119 269
120 184
120 186
120 207
120 227
120 241
120 243
120 252
120 260
120 273
120 286
120 298
120 1
120 5
120 7
120 20
120 21
120 22
120 24
120 26
120 28
120 30
120 32
120 35
120 36
120 37
120 42
120 45
120 46
120 47
120 48
120 50
120 51
120 53
120 56
120 64
120 68
120 73
120 74
120 78
120 83
120 84
120 85
120 86
120 90
120 92
120 93
120 94
120 98
120 100
120 102
120 104
120 105
120 106
120 112
120 114
120 118
120 119
120 125
120 128
120 136
120 141
120 142
120 147
120 148
120 270
121 160
121 163
121 178
121 185
121 192
121 221
121 223
121 229
121 249
121 253
121 275
121 281
121 288
121 296
121 2
121 14
121 15
121 17
121 29
121 33
121 36
121 40
121 42
121 45
121 53
121 55
121 56
121 67
121 76
121 78
121 81
121 82
121 83
121 87
121 104
121 105
121 106
121 107
121 109
121 112
121 115
121 118
121 119
121 128
121 130
121 132
121 135
121 142
121 146
121 149
121 271
122 189
122 207
122 212
122 218
122 263
122 278
122 285
122 295
122 298
122 1
122 3
122 5
122 7
122 8
122 12
122 17
122 22
122 24
122 27
122 29
122 32
122 33
122 34
122 38
122 41
122 43
122 44
122 46
122 52
122 54
122 55
122 63
122 64
122 67
122 68
122 71
122 73
122 75
122 76
122 80
122 81
122 83
122 89
122 90
122 101
122 103
122 107
122 110
122 112
122 114
122 117
122 124
122 125
122 126
122 127
122 128
122 129
122 133
122 139
122 141
122 142
122 146
122 147
122 148
122 272
123 153
123 162
123 167
123 192
123 202
123 209
123 234
123 248
123 274
123 279
123 296
123 0
123 2
123 5
123 10
123 15
123 18
123 19
123 22
123 23
123 29
123 34
123 35
123 40
123 45
123 46
123 47
123 49
123 52
123 53
123 56
123 59
123 63
123 71
123 81
123 82
123 86
123 88
123 93
123 96
123 100
123 105
123 106
123 107
123 110
123 111
123 113
123 114
123 118
123 124
123 125
123 126
123 131
123 135
123 138
123 141
123 142
123 143
123 273
124 167
124 186
124 203
124 210
124 221
124 255
124 284
124 299
124 4
124 5
124 9
124 16
124 17
124 18
124 21
124 25
124 31
124 32
124 33
124 34
124 35
124 39
124 43
124 46
124 52
124 54
124 56
124 61
124 67
124 72
124 73
124 77
124 84
124 90
124 93
124 95
124 96
124 100
124 111
124 112
124 122
124 123
124 129
124 133
124 137
124 139
124 143
124 144
124 274
125 158
125 166
125 173
125 188
125 200
125 202
125 204
125 211
125 212
125 215
125 217
125 219
125 234
125 264
125 267
125 284
125 0
125 1
125 3
125 4
125 6
125 12
125 19
125 23
125 28
125 29
125 32
125 35
125 38
125 39
125 44
125 50
125 54
125 58
125 63
125 65
125 72
125 73
125 75
125 76
125 77
125 78
125 81
125 87
125 90
125 94
125 98
125 102
125 105
125 106
125 109
125 111
125 112
125 117
125 118
125 120
125 122
125 123
125 127
125 129
125 133
125 140
125 142
125 146
125 275
126 150
126 162
126 181
126 191
126 192
126 199
126 203
126 222
126 260
126 264
126 280
126 285
126 290
126 294
126 0
126 13
126 14
126 19
126 20
126 23
126 25
126 30
126 33
126 38
126 39
126 41
126 43
126 45
126 50
126 51
126 52
126 53
126 55
126 56
126 57
126 58
126 60
126 61
126 65
126 71
126 78
126 81
126 86
126 89
126 90
126 94
126 98
126 99
126 103
126 106
126 107
126 122
126 123
126 127
126 128
126 130
126 132
126 134
126 137
126 138
126 140
126 143
126 147
126 149
126 276
127 152
127 178
127 188
127 208
127 210
127 241
127 251
127 252
127 273
127 4
127 5
127 10
127 13
127 14
127 16
127 19
127 23
127 24
127 25
127 26
127 29
127 30
127 32
127 33
127 35
127 39
127 40
127 45
127 46
127 47
127 53
127 55
127 57
127 58
127 70
127 72
127 73
127 76
127 79
127 85
127 86
127 106
127 107
127 114
127 116
127 119
127 122
127 125
127 126
127 129
127 138
127 139
127 141
127 144
127 147
127 149
127 277
128 151
128 153
128 161
128 170
128 173
128 178
128 198
128 213
128 224
128 246
128 289
128 1
128 2
128 4
128 9
128 19
128 22
128 27
128 31
128 34
128 35
128 37
128 38
128 47
128 50
128 51
128 54
128 62
128 63
128 67
128 86
128 88
128 90
128 93
128 95
128 105
128 108
128 109
128 115
128 116
128 120
128 121
128 122
128 126
128 129
128 137
128 143
128 144
128 146
128 278
129 157
129 162
129 177
129 183
129 193
129 219
129 222
129 224
129 243
129 256
129 289
129 4
129 9
129 10
129 11
129 14
129 15
129 17
129 19
129 22
129 29
129 34
129 39
129 40
129 41
129 43
129 47
129 48
129 50
129 57
129 59
129 65
129 68
129 69
129 70
129 78
129 80
129 87
129 89
129 95
129 98
129 99
129 100
129 101
129 110
129 112
129 113
129 115
129 122
129 124
129 125
129 127
129 128
129 130
129 131
129 135
129 136
129 138
129 143
129 149
129 279
130 184
130 205
130 243
130 249
130 257
130 0
130 4
130 5
130 8
130 12
130 15
130 17
130 42
130 44
130 45
130 52
130 60
130 61
130 62
130 65
130 66
130 70
130 75
130 81
130 88
130 90
130 94
130 95
130 98
130 104
130 106
130 109
130 112
130 113
130 115
130 121
130 126
130 129
130 131
130 132
130 134
130 139
130 144
130 280
131 150
131 158
131 166
131 252
131 254
131 279
131 285
131 3
131 10
131 12
131 27
131 28
131 32
131 37
131 39
131 50
131 59
131 60
131 62
131 64
131 66
131 68
131 69
131 70
131 71
131 72
131 74
131 84
131 86
131 90
131 91
131 99
131 100
131 102
131 119
131 123
131 129
131 130
131 132
131 135
131 136
131 140
131 141
131 142
131 147
131 281
132 162
132 174
132 184
132 196
132 198
132 206
132 220
132 221
132 240
132 259
132 261
132 266
132 296
132 1
132 6
132 11
132 15
132 16
132 18
132 27
132 29
132 34
132 36
132 41
132 46
132 47
132 48
132 53
132 54
132 56
132 58
132 61
132 62
132 66
132 72
132 74
132 94
132 98
132 107
132 109
132 110
132 113
132 115
132 116
132 117
132 118
132 121
132 126
132 130
132 131
132 135
132 145
132 148
132 282
133 178
133 193
133 229
133 242
133 251
133 263
133 280
133 290
133 0
133 2
133 3
133 6
133 7
133 15
133 18
133 19
133 24
133 27
133 31
133 32
133 40
133 42
133 43
133 48
133 51
133 58
133 60
133 66
133 73
133 74
133 79
133 85
133 91
133 93
133 95
133 96
133 98
133 100
133 101
133 102
133 103
133 106
133 110
133 114
133 115
133 122
133 124
133 125
133 137
133 140
133 145
133 146
133 283
134 154
134 157
134 158
134 167
134 177
134 187
134 188
134 196
134 212
134 248
134 263
134 273
134 275
134 277
134 295
134 0
134 5
134 6
134 7
134 14
134 19
134 20
134 25
134 26
134 27
134 32
134 41
134 44
134 49
134 50
134 54
134 55
134 61
134 62
134 63
134 66
134 69
134 74
134 76
134 77
134 89
134 91
134 92
134 96
134 98
134 100
134 102
134 106
134 109
134 111
134 113
134 126
134 130
134 140
134 145
134 148
134 284
135 172
135 173
135 207
135 213
135 223
135 246
135 282
135 299
135 0
135 1
135 7
135 8
135 17
135 20
135 25
135 27
135 28
135 29
135 34
135 38
135 42
135 44
135 47
135 59
135 61
135 71
135 74
135 76
135 81
135 87
135 97
135 99
135 102
135 103
135 107
135 112
135 121
135 123
135 129
135 131
135 132
135 138
135 285
136 163
136 187
136 203
136 211
136 213
136 233
136 263
136 269
136 288
136 299
136 1
136 2
136 3
136 17
136 18
136 20
136 21
136 26
136 29
136 33
136 36
136 37
136 38
136 39
136 40
136 41
136 44
136 47
136 49
136 50
136 51
136 53
136 55
136 57
136 60
136 64
136 65
136 66
136 69
136 70
136 73
136 74
136 75
136 77
136 83
136 84
136 85
136 90
136 91
136 94
136 97
136 99
136 102
136 103
136 111
136 113
136 114
136 116
136 117
136 118
136 120
136 129
136 131
136 138
136 140
136 142
136 147
136 149
136 286
137 163
137 167
137 209
137 222
137 241
137 253
137 279
137 283
137 285
137 295
137 297
137 2
137 12
137 13
137 14
137 15
137 16
137 17
137 27
137 29
137 33
137 35
137 42
137 53
137 63
137 65
137 67
137 69
137 75
137 77
137 79
137 88
137 90
137 91
137 96
137 113
137 118
137 119
137 124
137 126
137 128
137 133
137 141
137 143
137 144
137 146
137 149
137 287
138 158
138 176
138 187
138 192
138 258
138 265
138 267
138 279
138 8
138 9
138 11
138 13
138 14
138 17
138 22
138 27
138 28
138 32
138 34
138 37
138 38
138 41
138 44
138 50
138 54
138 57
138 61
138 62
138 66
138 69
138 70
138 71
138 73
138 77
138 82
138 83
138 84
138 87
138 89
138 95
138 97
138 102
138 105
138 108
138 115
138 118
138 123
138 126
138 127
138 129
138 135
138 136
138 139
138 142
138 146
138 288
139 177
139 189
139 216
139 226
139 229
139 242
139 251
139 258
139 267
139 287
139 299
139 9
139 10
139 12
139 13
139 14
139 20
139 22
139 34
139 38
139 43
139 44
139 50
139 53
139 55
139 56
139 58
139 64
139 66
139 69
139 70
139 76
139 79
139 80
139 88
139 92
139 105
139 112
139 113
139 114
139 115
139 116
139 117
139 122
139 124
139 127
139 130
139 138
139 140
139 143
139 146
139 289
140 181
140 184
140 187
140 193
140 219
140 234
140 255
140 273
140 285
140 294
140 2
140 3
140 5
140 6
140 13
140 15
140 17
140 23
140 25
140 32
140 35
140 38
140 43
140 49
140 55
140 56
140 60
140 65
140 68
140 70
140 71
140 76
140 79
140 87
140 95
140 96
140 100
140 109
140 114
140 116
140 118
140 125
140 126
140 131
140 133
140 134
140 136
140 139
140 147
140 148
140 149
140 290
141 154
141 162
141 187
141 189
141 204
141 242
141 245
141 246
141 257
141 260
141 272
141 293
141 0
141 1
141 19
141 20
141 22
141 24
141 25
141 26
141 32
141 33
141 35
141 36
141 47
141 54
141 58
141 65
141 69
141 71
141 72
141 74
141 77
141 78
141 79
141 83
141 85
141 90
141 95
141 96
141 97
141 99
141 100
141 101
141 104
141 106
141 107
141 114
141 118
141 120
141 122
141 123
141 127
141 131
141 137
141 142
141 144
141 146
141 147
141 291
142 159
142 165
142 170
142 184
142 193
142 203
142 231
142 234
142 237
142 250
142 251
142 285
142 3
142 5
142 7
142 14
142 15
142 17
142 19
142 21
142 22
142 31
142 37
142 38
142 40
142 41
142 42
142 53
142 58
142 61
142 62
142 65
142 66
142 70
142 73
142 74
142 76
142 77
142 82
142 84
142 89
142 92
142 93
142 101
142 103
142 110
142 111
142 120
142 121
142 122
142 123
142 125
142 131
142 136
142 138
142 141
142 143
142 144
142 148
142 292
143 152
143 161
143 169
143 185
143 186
143 192
143 203
143 222
143 227
143 275
143 278
143 2
143 5
143 9
143 10
143 12
143 19
143 39
143 44
143 49
143 50
143 55
143 56
143 58
143 62
143 63
143 64
143 66
143 67
143 68
143 74
143 81
143 90
143 93
143 94
143 98
143 99
143 100
143 102
143 107
143 112
143 113
143 123
143 124
143 126
143 128
143 129
143 137
143 139
143 142
143 144
143 145
143 293
144 153
144 157
144 182
144 201
144 202
144 211
144 222
144 229
144 232
144 244
144 263
144 290
144 296
144 2
144 4
144 8
144 11
144 13
144 18
144 25
144 26
144 27
144 28
144 32
144 35
144 39
144 40
144 45
144 48
144 49
144 53
144 54
144 59
144 60
144 61
144 62
144 63
144 66
144 71
144 74
144 77
144 80
144 86
144 89
144 95
144 96
144 99
144 105
144 106
144 112
144 113
144 117
144 118
144 124
144 127
144 128
144 130
144 137
144 141
144 142
144 143
144 149
144 294
145 166
145 188
145 216
145 223
145 231
145 235
145 243
145 252
145 278
145 282
145 1
145 8
145 14
145 20
145 23
145 25
145 26
145 30
145 31
145 34
145 36
145 44
145 52
145 56
145 64
145 66
145 67
145 70
145 73
145 74
145 75
145 77
145 82
145 85
145 86
145 87
145 88
145 89
145 94
145 96
145 101
145 106
145 107
145 112
145 119
145 132
145 133
145 134
145 143
145 147
145 148
145 295
146 151
146 185
146 201
146 213
146 215
146 218
146 244
146 245
146 259
146 291
146 299
146 1
146 2
146 4
146 5
146 9
146 14
146 16
146 20
146 22
146 24
146 34
146 40
146 42
146 44
146 45
146 52
146 54
146 55
146 58
146 60
146 63
146 64
146 65
146 70
146 72
146 74
146 80
146 81
146 82
146 84
146 87
146 92
146 97
146 98
146 99
146 100
146 105
146 106
146 110
146 111
146 118
146 121
146 122
146 125
146 128
146 133
146 137
146 138
146 139
146 141
146 296
147 180
147 187
147 188
147 223
147 227
147 1
147 6
147 8
147 9
147 11
147 12
147 15
147 17
147 18
147 19
147 23
147 29
147 32
147 34
147 38
147 40
147 41
147 50
147 52
147 66
147 69
147 78
147 79
147 83
147 86
147 89
147 95
147 96
147 100
147 101
147 103
147 108
147 109
147 111
147 116
147 117
147 118
147 120
147 122
147 126
147 127
147 131
147 136
147 140
147 141
147 145
147 148
147 297
148 170
148 182
148 190
148 215
148 216
148 217
148 248
148 262
148 4
148 8
148 10
148 11
148 19
148 22
148 24
148 28
148 29
148 30
148 31
148 43
148 46
148 49
148 50
148 57
148 59
148 60
148 62
148 69
148 80
148 81
148 83
148 84
148 86
148 87
148 88
148 96
148 97
148 102
148 103
148 111
148 113
148 114
148 115
148 120
148 122
148 132
148 134
148 140
148 142
148 145
148 147
148 298
149 164
149 184
149 189
149 197
149 202
149 204
149 216
149 287
149 292
149 0
149 1
149 5
149 8
149 9
149 10
149 11
149 18
149 23
149 24
149 28
149 32
149 33
149 46
149 47
149 50
149 51
149 56
149 57
149 60
149 61
149 68
149 73
149 74
149 80
149 83
149 87
149 88
149 91
149 94
149 102
149 103
149 107
149 109
149 111
149 112
149 114
149 121
149 126
149 127
149 129
149 136
149 137
149 140
149 144
149 299
150 6
150 7
150 29
150 36
150 39
150 47
150 52
150 87
150 126
150 131
150 0
151 30
151 39
151 42
151 49
151 71
151 78
151 94
151 109
151 128
151 146
151 1
152 12
152 34
152 53
152 57
152 63
152 84
152 86
152 92
152 127
152 143
152 2
153 14
153 29
153 34
153 41
153 84
153 87
153 98
153 101
153 102
153 110
153 123
153 128
153 144
153 3
154 22
154 56
154 72
154 92
154 106
154 134
154 141
154 4
155 5
155 15
155 26
155 40
155 43
155 61
155 85
155 89
155 115
156 2
156 15
156 26
156 30
156 58
156 77
156 78
156 99
156 119
156 6
157 1
157 7
157 12
157 40
157 72
157 80
157 111
157 119
157 129
157 134
157 144
158 3
158 9
158 11
158 16
158 44
158 54
158 58
158 59
158 60
158 71
158 76
158 80
158 114
158 115
158 125
158 131
158 134
158 138
158 8
159 6
159 28
159 43
159 53
159 61
159 90
159 108
159 142
159 9
160 3
160 8
160 15
160 28
160 36
160 72
160 109
160 121
160 10
161 1
161 15
161 24
161 28
161 29
161 62
161 72
161 73
161 101
161 102
161 107
161 108
161 118
161 128
161 143
161 11
162 2
162 23
162 27
162 31
162 32
162 40
162 65
162 117
162 123
162 126
162 129
162 132
162 141
162 12
163 16
163 27
163 52
163 66
163 86
163 99
163 121
163 136
163 137
163 13
164 6
164 64
164 92
164 109
164 113
164 117
164 149
164 14
165 3
165 5
165 32
165 50
165 52
165 70
165 92
165 142
165 15
166 2
166 10
166 19
166 77
166 87
166 90
166 109
166 125
166 131
166 145
166 16
167 4
167 12
167 18
167 34
167 35
167 51
167 65
167 115
167 123
167 124
167 134
167 137
167 17
168 35
168 46
168 74
168 78
168 87
168 18
169 32
169 100
169 108
169 143
169 19
170 0
170 16
170 18
170 29
170 37
170 52
170 55
170 81
170 97
170 107
170 119
170 128
170 142
170 148
170 20
171 12
171 16
171 22
171 46
171 60
171 61
171 72
171 73
171 76
171 85
171 89
171 90
171 91
171 98
171 21
172 17
172 45
172 55
172 70
172 72
172 93
172 101
172 110
172 114
172 135
172 22
173 24
173 30
173 33
173 49
173 51
173 62
173 65
173 69
173 71
173 82
173 102
173 125
173 128
173 135
173 23
174 7
174 12
174 32
174 34
174 58
174 85
174 86
174 102
174 113
174 132
174 24
175 1
175 10
175 47
175 67
175 82
175 93
175 113
175 25
176 37
176 49
176 54
176 138
176 26
177 4
177 15
177 22
177 27
177 28
177 40
177 45
177 58
177 62
177 65
177 98
177 129
177 134
177 139
178 0
178 7
178 12
178 19
178 30
178 62
178 66
178 68
178 69
178 71
178 85
178 105
178 107
178 112
178 121
178 127
178 128
178 133
178 28
179 10
179 16
179 50
179 57
179 95
179 103
179 110
179 112
179 116
179 117
179 29
180 19
180 22
180 26
180 38
180 49
180 52
180 53
180 84
180 101
180 147
180 30
181 10
181 25
181 44
181 62
181 68
181 94
181 106
181 126
181 140
181 31
182 11
182 12
182 55
182 80
182 94
182 102
182 144
182 148
182 32
183 13
183 82
183 94
183 106
183 117
183 129
183 33
184 23
184 31
184 34
184 40
184 42
184 57
184 65
184 70
184 109
184 113
184 120
184 130
184 132
184 140
184 142
184 149
185 35
185 37
185 41
185 45
185 81
185 91
185 98
185 99
185 100
185 107
185 112
185 121
185 143
185 146
186 11
186 22
186 24
186 33
186 40
186 51
186 75
186 79
186 86
186 102
186 107
186 120
186 124
186 143
186 36
187 16
187 35
187 65
187 81
187 94
187 106
187 117
187 134
187 136
187 138
187 140
187 141
187 147
187 37
188 3
188 8
188 31
188 34
188 37
188 44
188 54
188 73
188 99
188 101
188 106
188 125
188 127
188 134
188 145
188 147
188 38
189 68
189 79
189 122
189 139
189 141
189 149
189 39
190 1
190 3
190 6
190 8
190 17
190 35
190 89
190 92
190 109
190 113
190 148
190 40
191 32
191 52
191 65
191 85
191 107
191 109
191 111
191 126
191 41
192 10
192 14
192 29
192 32
192 41
192 43
192 56
192 72
192 87
192 92
192 98
192 108
192 110
192 121
192 123
192 126
192 138
192 143
192 42
193 3
193 9
193 12
193 27
193 33
193 37
193 64
193 81
193 102
193 110
193 129
193 133
193 140
193 142
193 43
194 0
194 2
194 15
194 19
194 20
194 29
194 33
194 45
194 66
194 76
194 79
194 93
194 97
194 112
194 44
195 9
195 10
195 21
195 27
195 35
195 68
195 76
195 83
195 90
195 111
195 115
195 45
196 0
196 22
196 27
196 102
196 109
196 132
196 134
196 46
197 14
197 19
197 21
197 30
197 57
197 63
197 78
197 99
197 149
197 47
198 14
198 35
198 42
198 54
198 82
198 106
198 115
198 128
198 132
198 48
199 5
199 42
199 89
199 90
199 94
199 110
199 126
199 49
200 42
200 44
200 51
200 96
200 111
200 118
200 125
200 50
201 2
201 3
201 20
201 35
201 59
201 69
201 83
201 144
201 146
201 51
202 18
202 20
202 22
202 39
202 57
202 89
202 90
202 123
202 125
202 144
202 149
202 52
203 22
203 28
203 71
203 74
203 90
203 98
203 124
203 126
203 136
203 142
203 143
203 53
204 27
204 34
204 56
204 58
204 70
204 125
204 141
204 149
204 54
205 35
205 43
205 76
205 91
205 104
205 106
205 111
205 130
205 55
206 2
206 56
206 65
206 101
206 112
206 132
207 29
207 42
207 53
207 66
207 120
207 122
207 135
207 57
208 7
208 23
208 45
208 50
208 81
208 115
208 117
208 127
208 58
209 10
209 26
209 46
209 90
209 91
209 108
209 117
209 123
209 137
209 59
210 45
210 52
210 58
210 79
210 89
210 101
210 116
210 124
210 127
210 60
211 4
211 12
211 16
211 29
211 32
211 62
211 66
211 72
211 74
211 105
211 114
211 125
211 136
211 144
211 61
212 7
212 47
212 52
212 55
212 58
212 70
212 76
212 114
212 116
212 122
212 125
212 134
212 62
213 14
213 16
213 17
213 21
213 34
213 35
213 44
213 49
213 69
213 85
213 99
213 103
213 128
213 135
213 136
213 146
213 63
214 38
214 62
214 76
214 78
214 118
214 64
215 8
215 9
215 14
215 30
215 33
215 39
215 50
215 55
215 57
215 62
215 71
215 112
215 125
215 146
215 148
215 65
216 7
216 56
216 62
216 89
216 96
216 106
216 139
216 145
216 148
216 149
216 66
217 31
217 34
217 39
217 70
217 84
217 125
217 148
217 67
218 1
218 13
218 14
218 16
218 27
218 33
218 49
218 69
218 77
218 80
218 84
218 85
218 99
218 110
218 122
218 146
218 68
219 12
219 18
219 62
219 75
219 76
219 84
219 94
219 106
219 125
219 129
219 140
219 69
220 40
220 41
220 89
220 92
220 96
220 101
220 132
220 70
221 0
221 8
221 20
221 27
221 38
221 45
221 48
221 65
221 69
221 86
221 118
221 121
221 124
221 132
221 71
222 10
222 17
222 28
222 33
222 63
222 101
222 102
222 126
222 129
222 137
222 143
222 144
222 72
223 0
223 21
223 24
223 53
223 94
223 97
223 112
223 121
223 135
223 145
223 147
223 73
224 11
224 29
224 51
224 53
224 65
224 83
224 90
224 91
224 95
224 96
224 113
224 128
224 129
224 74
225 1
225 12
225 36
225 58
225 65
225 71
225 77
225 82
225 112
225 75
226 4
226 20
226 22
226 25
226 30
226 36
226 37
226 59
226 63
226 73
226 77
226 139
226 76
227 16
227 18
227 31
227 49
227 59
227 62
227 82
227 92
227 95
227 119
227 120
227 143
227 147
227 77
228 29
228 71
228 78
228 79
228 88
228 89
228 100
229 5
229 10
229 13
229 31
229 38
229 55
229 59
229 62
229 68
229 74
229 81
229 83
229 110
229 121
229 133
229 139
229 144
229 79
230 0
230 9
230 12
230 40
230 65
230 91
230 98
230 99
230 105
230 80
231 25
231 29
231 34
231 44
231 83
231 86
231 104
231 112
231 142
231 145
231 81
232 3
232 9
232 13
232 16
232 18
232 23
232 29
232 48
232 59
232 71
232 76
232 83
232 144
232 82
233 26
233 46
233 49
233 50
233 62
233 100
233 136
233 83
234 1
234 26
234 38
234 40
234 47
234 53
234 59
234 60
234 65
234 80
234 81
234 93
234 94
234 103
234 123
234 125
234 140
234 142
234 84
235 8
235 18
235 19
235 28
235 68
235 98
235 116
235 145
235 85
236 6
236 27
236 41
236 67
236 72
236 83
236 96
236 119
236 86
237 7
237 24
237 31
237 50
237 64
237 67
237 91
237 114
237 119
237 142
237 87
238 70
238 79
238 87
238 98
238 88
239 14
239 34
239 49
239 54
239 81
239 82
239 89
240 7
240 18
240 20
240 27
240 31
240 37
240 45
240 48
240 61
240 72
240 91
240 132
240 90
241 33
241 41
241 59
241 70
241 79
241 118
241 120
241 127
241 137
241 91
242 20
242 21
242 22
242 26
242 44
242 51
242 133
242 139
242 141
242 92
243 9
243 44
243 46
243 57
243 90
243 98
243 116
243 120
243 129
243 130
243 145
243 93
244 20
244 30
244 36
244 38
244 46
244 48
244 60
244 69
244 95
244 106
244 107
244 114
244 144
244 146
244 94
245 5
245 16
245 18
245 40
245 73
245 86
245 87
245 93
245 96
245 141
245 146
245 95
246 0
246 1
246 3
246 17
246 63
246 74
246 93
246 109
246 128
246 135
246 141
246 96
247 3
247 25
247 41
247 60
247 79
247 91
247 93
247 106
247 114
247 97
248 2
248 7
248 14
248 53
248 56
248 59
248 65
248 82
248 89
248 97
248 100
248 123
248 134
248 148
248 98
249 1
249 19
249 27
249 40
249 72
249 121
249 130
249 99
250 21
250 24
250 26
250 28
250 33
250 95
250 106
250 108
250 110
250 114
250 142
250 100
251 24
251 60
251 84
251 89
251 127
251 133
251 139
251 142
251 101
252 25
252 68
252 73
252 82
252 104
252 115
252 120
252 127
252 131
252 145
252 102
253 7
253 8
253 33
253 35
253 39
253 40
253 48
253 60
253 72
253 84
253 97
253 121
253 137
253 103
254 1
254 42
254 47
254 48
254 68
254 75
254 90
254 131
254 104
255 47
255 56
255 76
255 117
255 124
255 140
255 105
256 21
256 31
256 43
256 44
256 46
256 51
256 65
256 78
256 129
256 106
257 35
257 47
257 50
257 62
257 69
257 75
257 92
257 111
257 112
257 113
257 130
257 141
257 107
258 19
258 42
258 70
258 91
258 106
258 114
258 117
258 138
258 139
258 108
259 0
259 5
259 14
259 19
259 33
259 37
259 44
259 65
259 95
259 112
259 117
259 132
259 146
259 109
260 3
260 20
260 26
260 28
260 36
260 44
260 70
260 78
260 100
260 103
260 104
260 116
260 119
260 120
260 126
260 141
260 110
261 48
261 53
261 84
261 118
261 132
261 111
262 13
262 35
262 36
262 42
262 44
262 52
262 67
262 96
262 104
262 148
262 112
263 3
263 4
263 18
263 20
263 42
263 67
263 81
263 118
263 119
263 122
263 133
263 134
263 136
263 144
263 113
264 1
264 14
264 47
264 65
264 68
264 69
264 77
264 85
264 108
264 113
264 125
264 126
264 114
265 29
265 44
265 68
265 72
265 73
265 74
265 85
265 138
265 115
266 21
266 30
266 50
266 51
266 56
266 91
266 94
266 100
266 132
266 116
267 0
267 1
267 28
267 38
267 65
267 81
267 84
267 91
267 95
267 105
267 106
267 112
267 125
267 138
267 139
267 117
268 5
268 9
268 20
268 23
268 26
268 29
268 32
268 54
268 69
268 83
268 96
268 118
269 25
269 29
269 42
269 107
269 115
269 136
269 119
270 3
270 11
270 25
270 41
270 42
270 44
270 113
270 120
271 10
271 17
271 58
271 60
271 62
271 81
271 85
271 93
271 121
272 20
272 26
272 44
272 45
272 65
272 71
272 75
272 77
272 86
272 116
272 141
272 122
273 10
273 19
273 35
273 72
273 95
273 97
273 110
273 111
273 112
273 120
273 127
273 134
273 140
273 123
274 13
274 66
274 92
274 108
274 123
274 124
275 19
275 51
275 62
275 83
275 101
275 121
275 134
275 143
275 125
276 11
276 19
276 42
276 61
276 91
276 92
276 103
276 108
276 126
277 35
277 49
277 91
277 104
277 113
277 114
277 119
277 134
277 127
278 7
278 27
278 39
278 109
278 122
278 143
278 145
278 128
279 33
279 34
279 68
279 102
279 123
279 131
279 137
279 138
279 129
280 5
280 24
280 29
280 30
280 31
280 36
280 74
280 116
280 126
280 133
280 130
281 29
281 42
281 58
281 59
281 87
281 112
281 117
281 121
281 131
282 8
282 36
282 41
282 69
282 72
282 75
282 78
282 89
282 90
282 91
282 135
282 145
282 132
283 8
283 15
283 31
283 34
283 38
283 51
283 67
283 76
283 94
283 99
283 104
283 117
283 137
283 133
284 2
284 18
284 40
284 50
284 64
284 96
284 98
284 104
284 110
284 124
284 125
284 134
285 2
285 15
285 17
285 26
285 76
285 91
285 96
285 99
285 122
285 126
285 131
285 137
285 140
285 142
285 135
286 23
286 25
286 64
286 91
286 96
286 98
286 120
286 136
287 4
287 8
287 9
287 27
287 41
287 46
287 52
287 80
287 108
287 115
287 139
287 149
287 137
288 12
288 45
288 54
288 109
288 121
288 136
288 138
289 7
289 11
289 21
289 31
289 52
289 61
289 63
289 76
289 94
289 95
289 96
289 107
289 128
289 129
289 139
290 14
290 33
290 39
290 41
290 68
290 126
290 133
290 144
290 140
291 16
291 21
291 42
291 43
291 66
291 81
291 93
291 102
291 146
291 141
292 1
292 16
292 27
292 83
292 92
292 101
292 113
292 149
292 142
293 12
293 27
293 30
293 43
293 45
293 57
293 73
293 80
293 82
293 103
293 119
293 141
293 143
294 3
294 15
294 20
294 22
294 26
294 44
294 50
294 106
294 126
294 140
294 144
295 1
295 3
295 12
295 19
295 29
295 55
295 90
295 94
295 95
295 104
295 113
295 117
295 118
295 122
295 134
295 137
295 145
296 1
296 4
296 10
296 34
296 40
296 55
296 59
296 61
296 63
296 71
296 74
296 106
296 109
296 112
296 115
296 121
296 123
296 132
296 144
296 146
297 28
297 33
297 49
297 50
297 63
297 71
297 77
297 86
297 117
297 137
297 147
298 21
298 25
298 46
298 51
298 54
298 103
298 111
298 113
298 120
298 122
298 148
299 14
299 25
299 43
299 49
299 62
299 65
299 71
299 80
299 85
299 101
299 118
299 124
299 135
299 136
299 139
299 146
299 149
