  300   2224
0 151
0 185
0 216
0 234
0 250
0 252
0 256
0 261
0 20
0 86
0 150
1 151
1 158
1 172
1 175
1 182
1 190
1 196
1 200
1 201
1 204
1 234
1 235
1 270
1 274
1 282
1 284
1 4
1 50
1 76
1 116
1 137
2 169
2 176
2 195
2 217
2 278
2 24
2 51
2 128
2 152
3 158
3 177
3 186
3 188
3 204
3 219
3 221
3 227
3 239
3 240
3 250
3 255
3 257
3 266
3 4
3 67
3 81
3 153
4 150
4 152
4 154
4 162
4 167
4 171
4 175
4 179
4 191
4 197
4 198
4 205
4 228
4 235
4 237
4 246
4 248
4 255
4 256
4 270
4 1
4 3
4 137
4 138
4 144
5 158
5 162
5 163
5 168
5 191
5 199
5 209
5 244
5 252
5 256
5 280
5 282
5 283
5 72
5 104
5 117
5 118
5 126
5 143
5 155
6 186
6 200
6 220
6 251
6 296
6 298
6 77
6 91
6 108
6 156
7 169
7 177
7 190
7 260
7 261
7 271
7 279
7 282
7 289
7 33
7 70
7 90
7 104
7 118
7 157
8 173
8 180
8 188
8 209
8 215
8 218
8 222
8 229
8 233
8 243
8 245
8 255
8 259
8 275
8 283
8 65
8 91
8 158
9 221
9 229
9 235
9 256
9 271
9 58
9 97
9 98
9 137
9 138
9 159
10 155
10 158
10 159
10 168
10 178
10 200
10 224
10 245
10 249
10 257
10 262
10 284
10 295
10 49
10 74
10 86
10 143
10 160
11 164
11 169
11 202
11 204
11 210
11 216
11 257
11 263
11 34
11 49
11 107
11 122
11 161
12 171
12 197
12 200
12 208
12 214
12 221
12 259
12 262
12 278
12 298
12 37
12 49
12 69
12 82
12 138
12 162
13 158
13 159
13 174
13 177
13 195
13 201
13 217
13 234
13 255
13 256
13 269
13 275
13 279
13 39
13 47
13 78
13 86
13 137
13 163
14 155
14 158
14 166
14 202
14 215
14 224
14 225
14 242
14 253
14 256
14 263
14 267
14 271
14 272
14 277
14 288
14 37
14 45
14 64
14 164
15 168
15 185
15 189
15 196
15 197
15 198
15 213
15 216
15 231
15 241
15 244
15 245
15 247
15 260
15 273
15 274
15 275
15 276
15 285
15 286
15 112
15 165
16 169
16 172
16 181
16 183
16 189
16 202
16 207
16 226
16 239
16 246
16 250
16 269
16 39
16 58
16 86
16 166
17 167
17 178
17 185
17 189
17 198
17 202
17 208
17 221
17 257
17 269
17 270
17 275
17 279
17 283
17 291
17 298
17 54
17 78
17 134
17 138
18 163
18 165
18 186
18 205
18 220
18 227
18 233
18 269
18 31
18 61
18 105
18 168
19 188
19 190
19 202
19 231
19 241
19 242
19 244
19 254
19 255
19 273
19 286
19 296
19 24
19 32
19 55
19 94
19 97
19 106
19 118
19 169
20 182
20 184
20 185
20 196
20 219
20 225
20 240
20 249
20 273
20 279
20 298
20 0
20 77
20 147
20 170
21 187
21 188
21 198
21 209
21 215
21 234
21 241
21 244
21 295
21 54
21 86
21 171
22 170
22 192
22 204
22 213
22 224
22 228
22 236
22 255
22 266
22 97
22 126
22 135
22 172
23 151
23 157
23 189
23 192
23 202
23 213
23 215
23 241
23 264
23 270
23 276
23 282
23 35
23 173
24 153
24 199
24 203
24 206
24 208
24 216
24 231
24 272
24 284
24 285
24 296
24 2
24 19
24 32
24 117
24 122
24 174
25 161
25 167
25 175
25 193
25 228
25 241
25 254
25 271
25 283
25 289
25 55
25 118
26 157
26 168
26 176
26 196
26 200
26 202
26 288
26 293
26 41
27 150
27 153
27 160
27 166
27 201
27 202
27 207
27 210
27 216
27 224
27 228
27 236
27 241
27 256
27 257
27 275
27 276
27 294
27 52
27 73
27 113
27 177
28 153
28 163
28 190
28 193
28 203
28 213
28 226
28 290
28 37
28 178
29 155
29 156
29 181
29 199
29 212
29 221
29 256
29 258
29 262
29 292
29 35
29 79
29 179
30 163
30 172
30 181
30 195
30 220
30 230
30 233
30 238
30 244
30 245
30 251
30 275
30 292
30 293
30 294
30 125
30 180
31 152
31 154
31 161
31 163
31 196
31 205
31 230
31 257
31 281
31 283
31 290
31 18
31 87
31 102
31 128
31 129
31 181
32 178
32 215
32 218
32 220
32 236
32 237
32 245
32 257
32 259
32 274
32 283
32 286
32 294
32 295
32 19
32 24
32 50
32 71
32 77
32 78
32 109
32 118
32 182
33 150
33 151
33 173
33 188
33 205
33 219
33 225
33 239
33 245
33 258
33 264
33 273
33 275
33 286
33 7
33 52
33 54
33 79
33 183
34 199
34 204
34 245
34 252
34 254
34 269
34 282
34 289
34 290
34 292
34 298
34 11
34 35
34 60
34 79
34 80
34 184
35 179
35 189
35 207
35 228
35 237
35 241
35 251
35 253
35 254
35 255
35 262
35 268
35 271
35 289
35 298
35 23
35 29
35 34
35 37
35 51
35 77
35 93
35 97
35 126
35 185
36 154
36 173
36 184
36 190
36 197
36 216
36 218
36 220
36 225
36 232
36 235
36 261
36 266
36 45
36 50
36 124
36 142
36 186
37 166
37 186
37 207
37 211
37 217
37 230
37 245
37 249
37 258
37 277
37 284
37 292
37 12
37 14
37 28
37 35
37 47
37 77
37 88
37 98
37 128
37 129
37 132
37 187
38 150
38 171
38 174
38 183
38 187
38 221
38 233
38 238
38 249
38 252
38 268
38 273
38 275
38 297
38 59
38 80
38 103
38 148
38 188
39 171
39 177
39 193
39 207
39 211
39 214
39 217
39 246
39 247
39 252
39 269
39 282
39 13
39 16
39 61
39 66
39 69
39 77
39 116
39 135
39 145
39 189
40 173
40 180
40 184
40 221
40 226
40 239
40 264
40 280
40 286
40 292
40 61
40 118
40 130
40 190
41 187
41 189
41 203
41 222
41 228
41 240
41 262
41 290
41 295
41 26
41 84
41 92
41 191
42 150
42 162
42 166
42 196
42 198
42 201
42 211
42 247
42 252
42 253
42 269
42 284
42 298
42 107
42 131
42 192
43 154
43 173
43 189
43 201
43 206
43 209
43 237
43 240
43 243
43 250
43 273
43 280
43 284
43 295
43 97
43 115
43 193
44 153
44 154
44 159
44 183
44 209
44 210
44 230
44 253
44 278
44 289
44 296
44 70
44 194
45 189
45 191
45 200
45 206
45 220
45 246
45 256
45 257
45 278
45 294
45 14
45 36
45 54
45 89
45 91
45 125
45 195
46 179
46 184
46 192
46 213
46 269
46 60
46 70
46 118
46 196
47 203
47 213
47 251
47 257
47 279
47 282
47 13
47 37
47 82
47 197
48 150
48 152
48 154
48 200
48 211
48 217
48 218
48 248
48 262
48 292
48 88
48 97
48 105
48 131
48 135
48 198
49 163
49 185
49 196
49 207
49 210
49 224
49 247
49 255
49 257
49 262
49 271
49 10
49 11
49 12
49 53
49 131
49 199
50 156
50 174
50 189
50 190
50 218
50 224
50 232
50 253
50 254
50 268
50 276
50 283
50 286
50 1
50 32
50 36
50 66
50 90
50 106
50 144
50 200
51 162
51 163
51 172
51 176
51 185
51 193
51 194
51 200
51 217
51 226
51 233
51 241
51 247
51 255
51 2
51 35
51 104
51 107
51 111
51 144
51 201
52 175
52 176
52 204
52 220
52 226
52 245
52 251
52 253
52 254
52 267
52 272
52 274
52 275
52 285
52 286
52 293
52 294
52 27
52 33
52 79
52 86
52 88
52 140
52 202
53 151
53 161
53 180
53 205
53 225
53 233
53 235
53 262
53 277
53 278
53 284
53 290
53 49
53 92
53 103
53 123
53 135
53 203
54 224
54 225
54 232
54 239
54 248
54 261
54 262
54 264
54 278
54 298
54 17
54 21
54 33
54 45
54 57
54 113
54 204
55 150
55 168
55 170
55 193
55 204
55 205
55 234
55 238
55 239
55 242
55 249
55 253
55 256
55 274
55 278
55 297
55 19
55 25
55 88
56 176
56 177
56 178
56 182
56 220
56 231
56 232
56 233
56 250
56 253
56 259
56 265
56 278
56 283
56 287
56 72
56 105
56 106
56 126
56 133
56 136
56 206
57 155
57 188
57 200
57 201
57 211
57 213
57 240
57 246
57 248
57 271
57 288
57 54
57 78
57 106
57 109
57 111
57 207
58 157
58 164
58 175
58 183
58 192
58 193
58 195
58 198
58 210
58 224
58 237
58 274
58 289
58 299
58 9
58 16
58 59
58 62
58 127
58 208
59 162
59 169
59 179
59 184
59 192
59 201
59 219
59 227
59 229
59 232
59 240
59 281
59 291
59 293
59 296
59 38
59 58
59 63
59 64
59 103
59 108
59 137
59 209
60 174
60 177
60 189
60 194
60 195
60 220
60 236
60 249
60 269
60 275
60 290
60 293
60 294
60 34
60 46
60 83
60 102
60 103
60 144
60 210
61 181
61 195
61 207
61 216
61 221
61 238
61 277
61 292
61 18
61 39
61 40
61 76
61 116
61 211
62 162
62 166
62 167
62 188
62 190
62 193
62 214
62 219
62 230
62 237
62 253
62 58
62 85
62 93
62 212
63 205
63 231
63 243
63 246
63 268
63 284
63 297
63 59
63 100
63 132
63 142
63 213
64 152
64 158
64 163
64 174
64 185
64 193
64 244
64 258
64 260
64 276
64 14
64 59
64 72
64 74
64 146
64 214
65 170
65 181
65 183
65 188
65 194
65 200
65 231
65 236
65 239
65 264
65 266
65 267
65 281
65 8
65 101
65 215
66 162
66 188
66 198
66 200
66 241
66 271
66 279
66 295
66 39
66 50
66 80
66 97
66 104
66 105
66 216
67 153
67 184
67 190
67 226
67 232
67 234
67 244
67 254
67 281
67 3
67 109
67 217
68 164
68 169
68 170
68 182
68 191
68 200
68 203
68 212
68 222
68 230
68 236
68 237
68 288
68 292
68 107
68 218
69 158
69 160
69 162
69 171
69 188
69 189
69 218
69 223
69 245
69 260
69 265
69 270
69 277
69 279
69 293
69 297
69 12
69 39
69 89
69 108
69 128
69 219
70 152
70 162
70 177
70 186
70 199
70 201
70 208
70 230
70 234
70 238
70 239
70 248
70 256
70 258
70 263
70 274
70 7
70 44
70 46
70 112
70 220
71 151
71 154
71 195
71 213
71 219
71 228
71 233
71 284
71 299
71 32
71 122
71 126
71 221
72 157
72 169
72 177
72 185
72 206
72 247
72 248
72 266
72 269
72 294
72 296
72 5
72 56
72 64
72 113
72 114
72 222
73 155
73 202
73 218
73 222
73 224
73 251
73 256
73 269
73 278
73 284
73 27
73 74
73 113
73 223
74 150
74 174
74 179
74 184
74 185
74 187
74 190
74 233
74 245
74 252
74 264
74 274
74 281
74 286
74 295
74 10
74 64
74 73
74 224
75 152
75 155
75 173
75 174
75 176
75 181
75 190
75 213
75 219
75 246
75 253
75 263
75 277
75 110
75 225
76 179
76 189
76 203
76 224
76 227
76 235
76 245
76 263
76 271
76 282
76 299
76 1
76 61
76 81
76 82
76 85
76 118
76 140
76 226
77 165
77 172
77 177
77 188
77 204
77 210
77 211
77 231
77 246
77 258
77 260
77 261
77 275
77 6
77 20
77 32
77 35
77 37
77 39
77 113
77 115
77 128
77 227
78 221
78 226
78 228
78 231
78 238
78 258
78 263
78 273
78 13
78 17
78 32
78 57
78 106
79 150
79 157
79 173
79 179
79 183
79 189
79 222
79 226
79 230
79 231
79 242
79 246
79 253
79 257
79 260
79 278
79 285
79 29
79 33
79 34
79 52
79 87
79 133
79 140
79 229
80 163
80 165
80 186
80 187
80 188
80 259
80 260
80 275
80 289
80 34
80 38
80 66
80 87
80 230
81 155
81 174
81 178
81 182
81 188
81 190
81 226
81 240
81 254
81 259
81 271
81 3
81 76
81 135
81 231
82 155
82 161
82 168
82 195
82 199
82 210
82 212
82 214
82 235
82 267
82 275
82 291
82 299
82 12
82 47
82 76
82 100
82 130
82 232
83 151
83 161
83 164
83 168
83 177
83 180
83 196
83 215
83 225
83 262
83 284
83 60
83 112
83 139
83 144
83 233
84 161
84 188
84 199
84 229
84 247
84 259
84 263
84 268
84 286
84 287
84 290
84 292
84 41
84 234
85 157
85 193
85 200
85 208
85 213
85 214
85 246
85 250
85 263
85 278
85 293
85 299
85 62
85 76
85 98
85 235
86 162
86 190
86 191
86 202
86 212
86 217
86 229
86 230
86 233
86 234
86 270
86 275
86 285
86 287
86 290
86 0
86 10
86 13
86 16
86 21
86 52
86 90
86 102
86 104
86 108
86 109
86 236
87 160
87 165
87 168
87 175
87 179
87 195
87 198
87 211
87 218
87 237
87 260
87 263
87 269
87 31
87 79
87 80
87 97
87 116
87 130
88 162
88 171
88 197
88 207
88 208
88 227
88 233
88 249
88 262
88 267
88 276
88 281
88 282
88 292
88 37
88 48
88 52
88 55
88 128
88 135
88 138
88 238
89 173
89 178
89 200
89 203
89 217
89 226
89 232
89 234
89 254
89 263
89 270
89 279
89 284
89 294
89 45
89 69
89 239
90 166
90 203
90 207
90 212
90 219
90 224
90 226
90 228
90 234
90 239
90 256
90 260
90 272
90 280
90 291
90 7
90 50
90 86
90 127
90 240
91 160
91 164
91 174
91 200
91 210
91 234
91 260
91 276
91 6
91 8
91 45
91 241
92 154
92 155
92 159
92 160
92 225
92 233
92 234
92 242
92 252
92 266
92 283
92 41
92 53
92 105
92 120
92 126
92 145
93 164
93 182
93 214
93 218
93 224
93 241
93 244
93 251
93 286
93 296
93 35
93 62
93 104
93 243
94 154
94 158
94 166
94 184
94 204
94 206
94 270
94 276
94 284
94 294
94 299
94 19
94 134
94 140
94 244
95 152
95 156
95 159
95 192
95 201
95 206
95 238
95 255
95 285
95 293
95 126
95 148
95 245
96 152
96 160
96 185
96 191
96 199
96 235
96 246
96 264
96 282
96 292
96 101
96 111
96 121
97 155
97 184
97 187
97 203
97 208
97 217
97 240
97 258
97 264
97 265
97 278
97 282
97 286
97 287
97 289
97 291
97 298
97 299
97 9
97 19
97 22
97 35
97 43
97 48
97 66
97 87
97 247
98 157
98 162
98 178
98 180
98 183
98 194
98 218
98 224
98 242
98 248
98 251
98 280
98 9
98 37
98 85
98 122
98 123
98 126
98 134
99 162
99 164
99 174
99 199
99 201
99 203
99 226
99 241
99 270
99 299
99 134
99 149
99 249
100 155
100 167
100 178
100 179
100 195
100 198
100 200
100 206
100 209
100 233
100 241
100 275
100 289
100 63
100 82
100 117
100 250
101 157
101 179
101 207
101 217
101 226
101 241
101 245
101 260
101 264
101 273
101 281
101 299
101 65
101 96
101 140
101 251
102 150
102 175
102 179
102 223
102 237
102 242
102 244
102 255
102 263
102 264
102 269
102 274
102 276
102 279
102 31
102 60
102 86
102 107
102 122
102 126
102 252
103 150
103 152
103 155
103 188
103 190
103 195
103 208
103 213
103 228
103 239
103 258
103 288
103 38
103 53
103 59
103 60
103 108
103 121
103 140
103 253
104 157
104 168
104 244
104 259
104 269
104 290
104 5
104 7
104 51
104 66
104 86
104 93
104 130
104 132
104 254
105 164
105 174
105 214
105 225
105 228
105 234
105 258
105 260
105 267
105 276
105 277
105 283
105 18
105 48
105 56
105 66
105 92
105 146
105 255
106 152
106 206
106 225
106 236
106 242
106 268
106 295
106 296
106 19
106 50
106 56
106 57
106 78
106 256
107 171
107 183
107 184
107 186
107 204
107 207
107 212
107 215
107 227
107 249
107 251
107 254
107 262
107 283
107 11
107 42
107 51
107 68
107 102
107 148
107 257
108 158
108 162
108 171
108 177
108 186
108 188
108 194
108 203
108 206
108 214
108 217
108 226
108 227
108 249
108 265
108 6
108 59
108 69
108 86
108 103
108 258
109 161
109 168
109 169
109 183
109 185
109 206
109 208
109 223
109 238
109 243
109 246
109 248
109 259
109 266
109 270
109 284
109 295
109 32
109 57
109 67
109 86
110 156
110 170
110 172
110 189
110 190
110 217
110 221
110 230
110 236
110 244
110 277
110 282
110 291
110 299
110 75
110 119
110 260
111 166
111 201
111 202
111 206
111 213
111 220
111 236
111 242
111 253
111 258
111 260
111 296
111 51
111 57
111 96
111 261
112 187
112 195
112 196
112 197
112 208
112 210
112 236
112 237
112 248
112 285
112 287
112 15
112 70
112 83
112 262
113 158
113 204
113 210
113 215
113 238
113 243
113 244
113 253
113 265
113 270
113 273
113 282
113 295
113 297
113 27
113 54
113 72
113 73
113 77
113 135
113 263
114 164
114 197
114 207
114 212
114 225
114 230
114 232
114 233
114 234
114 243
114 250
114 270
114 277
114 72
114 132
114 134
114 264
115 163
115 176
115 183
115 204
115 213
115 231
115 243
115 251
115 288
115 298
115 43
115 77
115 133
115 142
115 265
116 176
116 186
116 214
116 215
116 229
116 233
116 242
116 247
116 270
116 273
116 297
116 298
116 1
116 39
116 61
116 87
116 137
116 138
116 266
117 150
117 196
117 202
117 209
117 210
117 216
117 217
117 223
117 224
117 253
117 269
117 273
117 275
117 277
117 297
117 5
117 24
117 100
117 120
117 124
117 267
118 177
118 181
118 197
118 198
118 203
118 214
118 216
118 248
118 253
118 279
118 283
118 289
118 293
118 5
118 7
118 19
118 25
118 32
118 40
118 46
118 76
118 268
119 159
119 164
119 178
119 195
119 266
119 292
119 295
119 110
119 149
119 269
120 211
120 219
120 229
120 243
120 245
120 262
120 274
120 280
120 288
120 291
120 298
120 92
120 117
120 270
121 166
121 190
121 203
121 207
121 208
121 212
121 220
121 243
121 248
121 250
121 254
121 261
121 287
121 96
121 103
121 271
122 156
122 173
122 183
122 187
122 194
122 214
122 215
122 241
122 261
122 269
122 272
122 282
122 287
122 291
122 11
122 24
122 71
122 98
122 102
122 139
123 170
123 176
123 184
123 189
123 201
123 207
123 208
123 212
123 218
123 273
123 275
123 53
123 98
124 152
124 187
124 229
124 273
124 281
124 289
124 292
124 293
124 299
124 36
124 117
124 149
124 274
125 156
125 204
125 211
125 242
125 272
125 279
125 296
125 298
125 30
125 45
125 129
125 275
126 159
126 172
126 194
126 197
126 206
126 244
126 249
126 254
126 280
126 5
126 22
126 35
126 56
126 71
126 92
126 95
126 98
126 102
126 276
127 178
127 207
127 217
127 237
127 242
127 255
127 257
127 262
127 297
127 58
127 90
127 136
127 277
128 153
128 170
128 187
128 189
128 192
128 200
128 205
128 206
128 221
128 252
128 269
128 2
128 31
128 37
128 69
128 77
128 88
128 278
129 150
129 157
129 180
129 189
129 202
129 250
129 258
129 271
129 272
129 279
129 283
129 285
129 288
129 31
129 37
129 125
129 141
130 168
130 172
130 218
130 221
130 227
130 255
130 258
130 275
130 277
130 285
130 286
130 289
130 290
130 297
130 40
130 82
130 87
130 104
130 149
130 280
131 152
131 168
131 171
131 172
131 189
131 205
131 209
131 212
131 214
131 222
131 236
131 248
131 252
131 256
131 257
131 42
131 48
131 49
131 142
131 281
132 158
132 162
132 165
132 174
132 211
132 218
132 233
132 252
132 262
132 267
132 270
132 278
132 37
132 63
132 104
132 114
132 144
132 282
133 160
133 165
133 169
133 175
133 199
133 209
133 215
133 219
133 231
133 236
133 256
133 292
133 295
133 56
133 79
133 115
133 283
134 155
134 176
134 185
134 206
134 215
134 216
134 228
134 229
134 233
134 237
134 248
134 250
134 285
134 288
134 291
134 292
134 17
134 94
134 98
134 99
134 114
134 284
135 153
135 189
135 195
135 244
135 256
135 263
135 269
135 270
135 291
135 22
135 39
135 48
135 53
135 81
135 88
135 113
135 285
136 169
136 198
136 228
136 236
136 274
136 293
136 56
136 127
136 286
137 178
137 196
137 197
137 219
137 245
137 247
137 257
137 275
137 276
137 283
137 1
137 4
137 9
137 13
137 59
137 116
137 287
138 174
138 183
138 188
138 190
138 191
138 199
138 202
138 204
138 209
138 226
138 235
138 240
138 247
138 272
138 294
138 295
138 4
138 9
138 12
138 17
138 88
138 116
138 288
139 193
139 213
139 216
139 218
139 229
139 236
139 267
139 83
139 122
139 289
140 187
140 193
140 211
140 232
140 254
140 289
140 294
140 52
140 76
140 79
140 94
140 101
140 103
140 290
141 154
141 166
141 173
141 193
141 209
141 214
141 241
141 254
141 255
141 256
141 261
141 271
141 282
141 283
141 296
141 129
141 291
142 150
142 167
142 191
142 199
142 202
142 207
142 216
142 221
142 224
142 281
142 282
142 293
142 36
142 63
142 115
142 131
142 292
143 158
143 161
143 170
143 194
143 202
143 211
143 212
143 214
143 232
143 233
143 240
143 271
143 278
143 290
143 291
143 297
143 299
143 5
143 10
143 144
143 293
144 152
144 173
144 182
144 211
144 253
144 263
144 267
144 290
144 4
144 50
144 51
144 60
144 83
144 132
144 143
144 145
144 149
144 294
145 160
145 169
145 171
145 203
145 211
145 227
145 228
145 261
145 275
145 278
145 294
145 39
145 92
145 144
145 295
146 186
146 205
146 215
146 255
146 257
146 258
146 298
146 64
146 105
146 148
146 149
146 296
147 154
147 159
147 179
147 186
147 187
147 197
147 227
147 240
147 262
147 264
147 275
147 279
147 288
147 20
147 297
148 163
148 165
148 179
148 186
148 193
148 250
148 256
148 272
148 38
148 95
148 107
148 146
148 298
149 154
149 157
149 171
149 185
149 187
149 193
149 199
149 214
149 228
149 230
149 247
149 250
149 251
149 275
149 281
149 290
149 99
149 119
149 124
149 130
149 144
149 146
149 299
150 4
150 27
150 33
150 38
150 42
150 48
150 55
150 74
150 79
150 102
150 103
150 117
150 129
150 142
150 0
151 0
151 1
151 23
151 33
151 53
151 71
151 83
152 4
152 31
152 48
152 64
152 70
152 75
152 95
152 96
152 103
152 106
152 124
152 131
152 144
152 2
153 24
153 27
153 28
153 44
153 67
153 128
153 135
153 3
154 4
154 31
154 36
154 43
154 44
154 48
154 71
154 92
154 94
154 141
154 147
154 149
155 10
155 14
155 29
155 57
155 73
155 75
155 81
155 82
155 92
155 97
155 100
155 103
155 134
155 5
156 29
156 50
156 95
156 110
156 122
156 125
156 6
157 23
157 26
157 58
157 72
157 79
157 85
157 98
157 101
157 104
157 129
157 149
157 7
158 1
158 3
158 5
158 10
158 13
158 14
158 64
158 69
158 94
158 108
158 113
158 132
158 143
158 8
159 10
159 13
159 44
159 92
159 95
159 119
159 126
159 147
159 9
160 27
160 69
160 87
160 91
160 92
160 96
160 133
160 145
160 10
161 25
161 31
161 53
161 82
161 83
161 84
161 109
161 143
161 11
162 4
162 5
162 42
162 51
162 59
162 62
162 66
162 69
162 70
162 86
162 88
162 98
162 99
162 108
162 132
162 12
163 5
163 18
163 28
163 30
163 31
163 49
163 51
163 64
163 80
163 115
163 148
163 13
164 11
164 58
164 68
164 83
164 91
164 93
164 99
164 105
164 114
164 119
164 14
165 18
165 77
165 80
165 87
165 132
165 133
165 148
165 15
166 14
166 27
166 37
166 42
166 62
166 90
166 94
166 111
166 121
166 141
166 16
167 4
167 17
167 25
167 62
167 100
167 142
168 5
168 10
168 15
168 26
168 55
168 82
168 83
168 87
168 104
168 109
168 130
168 131
168 18
169 2
169 7
169 11
169 16
169 59
169 68
169 72
169 109
169 133
169 136
169 145
169 19
170 22
170 55
170 65
170 68
170 110
170 123
170 128
170 143
170 20
171 4
171 12
171 38
171 39
171 69
171 88
171 107
171 108
171 131
171 145
171 149
171 21
172 1
172 16
172 30
172 51
172 77
172 110
172 126
172 130
172 131
172 22
173 8
173 33
173 36
173 40
173 43
173 75
173 79
173 89
173 122
173 141
173 144
173 23
174 13
174 38
174 50
174 60
174 64
174 74
174 75
174 81
174 91
174 99
174 105
174 132
174 138
174 24
175 1
175 4
175 25
175 52
175 58
175 87
175 102
175 133
176 2
176 26
176 51
176 52
176 56
176 75
176 115
176 116
176 123
176 134
177 3
177 7
177 13
177 39
177 56
177 60
177 70
177 72
177 77
177 83
177 108
177 118
177 27
178 10
178 17
178 32
178 56
178 81
178 89
178 98
178 100
178 119
178 127
178 137
178 28
179 4
179 35
179 46
179 59
179 74
179 76
179 79
179 87
179 100
179 101
179 102
179 147
179 148
179 29
180 8
180 40
180 53
180 83
180 98
180 129
180 30
181 16
181 29
181 30
181 61
181 65
181 75
181 118
181 31
182 1
182 20
182 56
182 68
182 81
182 93
182 144
182 32
183 16
183 38
183 44
183 58
183 65
183 79
183 98
183 107
183 109
183 115
183 122
183 138
183 33
184 20
184 36
184 40
184 46
184 59
184 67
184 74
184 94
184 97
184 107
184 123
184 34
185 0
185 15
185 17
185 20
185 49
185 51
185 64
185 72
185 74
185 96
185 109
185 134
185 149
185 35
186 3
186 6
186 18
186 37
186 70
186 80
186 107
186 108
186 116
186 146
186 147
186 148
186 36
187 21
187 38
187 41
187 74
187 80
187 97
187 112
187 122
187 124
187 128
187 140
187 147
187 149
187 37
188 3
188 8
188 19
188 21
188 33
188 57
188 62
188 65
188 66
188 69
188 77
188 80
188 81
188 84
188 103
188 108
188 138
188 38
189 15
189 16
189 17
189 23
189 35
189 41
189 43
189 45
189 50
189 60
189 69
189 76
189 79
189 110
189 123
189 128
189 129
189 131
189 135
189 39
190 1
190 7
190 19
190 28
190 36
190 50
190 62
190 67
190 74
190 75
190 81
190 86
190 103
190 110
190 121
190 138
190 40
191 4
191 5
191 45
191 68
191 86
191 96
191 138
191 142
191 41
192 22
192 23
192 46
192 58
192 59
192 95
192 128
192 42
193 25
193 28
193 39
193 51
193 55
193 58
193 62
193 64
193 85
193 139
193 140
193 141
193 148
193 149
193 43
194 51
194 60
194 65
194 98
194 108
194 122
194 126
194 143
194 44
195 2
195 13
195 30
195 58
195 60
195 61
195 71
195 82
195 87
195 100
195 103
195 112
195 119
195 135
195 45
196 1
196 15
196 20
196 26
196 31
196 42
196 49
196 83
196 112
196 117
196 137
196 46
197 4
197 12
197 15
197 36
197 88
197 112
197 114
197 118
197 126
197 137
197 147
197 47
198 4
198 15
198 17
198 21
198 42
198 58
198 66
198 87
198 100
198 118
198 136
198 48
199 5
199 24
199 29
199 34
199 70
199 82
199 84
199 96
199 99
199 133
199 138
199 142
199 149
199 49
200 1
200 6
200 10
200 12
200 26
200 45
200 48
200 51
200 57
200 65
200 66
200 68
200 85
200 89
200 91
200 100
200 128
200 50
201 1
201 13
201 27
201 42
201 43
201 57
201 59
201 70
201 95
201 99
201 111
201 123
201 51
202 11
202 14
202 16
202 17
202 19
202 23
202 26
202 27
202 73
202 86
202 111
202 117
202 129
202 138
202 142
202 143
202 52
203 24
203 28
203 41
203 47
203 68
203 76
203 89
203 90
203 97
203 99
203 108
203 118
203 121
203 145
203 53
204 1
204 3
204 11
204 22
204 34
204 52
204 55
204 77
204 94
204 107
204 113
204 115
204 125
204 138
204 54
205 4
205 18
205 31
205 33
205 53
205 55
205 63
205 128
205 131
205 146
206 24
206 43
206 45
206 72
206 94
206 95
206 100
206 106
206 108
206 109
206 111
206 126
206 128
206 134
206 56
207 16
207 27
207 35
207 37
207 39
207 49
207 61
207 88
207 90
207 101
207 107
207 114
207 121
207 123
207 127
207 142
207 57
208 12
208 17
208 24
208 70
208 85
208 88
208 97
208 103
208 109
208 112
208 121
208 123
208 58
209 5
209 8
209 21
209 43
209 44
209 100
209 117
209 131
209 133
209 138
209 141
209 59
210 11
210 27
210 44
210 49
210 58
210 77
210 82
210 91
210 112
210 113
210 117
210 60
211 37
211 39
211 42
211 48
211 57
211 77
211 87
211 120
211 125
211 132
211 140
211 143
211 144
211 145
211 61
212 29
212 68
212 82
212 86
212 90
212 107
212 114
212 121
212 123
212 131
212 143
212 62
213 15
213 22
213 23
213 28
213 46
213 47
213 57
213 71
213 75
213 85
213 103
213 111
213 115
213 139
213 63
214 12
214 39
214 62
214 82
214 85
214 93
214 105
214 108
214 116
214 118
214 122
214 131
214 141
214 143
214 149
214 64
215 8
215 14
215 21
215 23
215 32
215 83
215 107
215 113
215 116
215 122
215 133
215 134
215 146
215 65
216 0
216 11
216 15
216 24
216 27
216 36
216 61
216 117
216 118
216 134
216 139
216 142
216 66
217 2
217 13
217 37
217 39
217 48
217 51
217 86
217 89
217 97
217 101
217 108
217 110
217 117
217 127
217 67
218 8
218 32
218 36
218 48
218 50
218 69
218 73
218 87
218 93
218 98
218 123
218 130
218 132
218 139
218 68
219 3
219 20
219 33
219 59
219 62
219 71
219 75
219 90
219 120
219 133
219 137
219 69
220 6
220 18
220 30
220 32
220 36
220 45
220 52
220 56
220 60
220 111
220 121
220 70
221 3
221 9
221 12
221 17
221 29
221 38
221 40
221 61
221 78
221 110
221 128
221 130
221 142
221 71
222 8
222 41
222 68
222 73
222 79
222 131
222 72
223 69
223 102
223 109
223 117
223 73
224 10
224 14
224 22
224 27
224 49
224 50
224 54
224 58
224 73
224 76
224 90
224 93
224 98
224 117
224 142
224 74
225 14
225 20
225 33
225 36
225 53
225 54
225 83
225 92
225 105
225 106
225 114
225 75
226 16
226 28
226 40
226 51
226 52
226 67
226 78
226 79
226 81
226 89
226 90
226 99
226 101
226 108
226 138
226 76
227 3
227 18
227 59
227 76
227 88
227 107
227 108
227 130
227 145
227 147
227 77
228 4
228 22
228 25
228 27
228 35
228 41
228 71
228 78
228 90
228 103
228 105
228 134
228 136
228 145
228 149
229 8
229 9
229 59
229 84
229 86
229 116
229 120
229 124
229 134
229 139
229 79
230 30
230 31
230 37
230 44
230 62
230 68
230 70
230 79
230 86
230 110
230 114
230 149
230 80
231 15
231 19
231 24
231 56
231 63
231 65
231 77
231 78
231 79
231 115
231 133
231 81
232 36
232 50
232 54
232 56
232 59
232 67
232 89
232 114
232 140
232 143
232 82
233 8
233 18
233 30
233 38
233 51
233 53
233 56
233 71
233 74
233 86
233 88
233 92
233 100
233 114
233 116
233 132
233 134
233 143
233 83
234 0
234 1
234 13
234 21
234 55
234 67
234 70
234 86
234 89
234 90
234 91
234 92
234 105
234 114
234 84
235 1
235 4
235 9
235 36
235 53
235 76
235 82
235 96
235 138
235 85
236 22
236 27
236 32
236 60
236 65
236 68
236 106
236 110
236 111
236 112
236 131
236 133
236 136
236 139
236 86
237 4
237 32
237 35
237 43
237 58
237 62
237 68
237 87
237 102
237 112
237 127
237 134
238 30
238 38
238 55
238 61
238 70
238 78
238 95
238 109
238 113
238 88
239 3
239 16
239 33
239 40
239 54
239 55
239 65
239 70
239 90
239 103
239 89
240 3
240 20
240 41
240 43
240 57
240 59
240 81
240 97
240 138
240 143
240 147
240 90
241 15
241 19
241 21
241 23
241 25
241 27
241 35
241 51
241 66
241 93
241 99
241 100
241 101
241 122
241 141
241 91
242 14
242 19
242 55
242 79
242 92
242 98
242 102
242 106
242 111
242 116
242 125
242 127
243 8
243 43
243 63
243 109
243 113
243 114
243 115
243 120
243 121
243 93
244 5
244 15
244 19
244 21
244 30
244 64
244 67
244 93
244 102
244 104
244 110
244 113
244 126
244 135
244 94
245 8
245 10
245 15
245 30
245 32
245 33
245 34
245 37
245 52
245 69
245 74
245 76
245 101
245 120
245 137
245 95
246 4
246 16
246 39
246 45
246 57
246 63
246 75
246 77
246 79
246 85
246 96
246 109
247 15
247 39
247 42
247 49
247 51
247 72
247 84
247 116
247 137
247 138
247 149
247 97
248 4
248 48
248 54
248 57
248 70
248 72
248 98
248 109
248 112
248 118
248 121
248 131
248 134
249 10
249 20
249 37
249 38
249 55
249 60
249 88
249 107
249 108
249 126
249 99
250 0
250 3
250 16
250 43
250 56
250 85
250 114
250 121
250 129
250 134
250 148
250 149
250 100
251 6
251 30
251 35
251 47
251 52
251 73
251 93
251 98
251 107
251 115
251 149
251 101
252 0
252 5
252 34
252 38
252 39
252 42
252 74
252 92
252 128
252 131
252 132
252 102
253 14
253 35
253 42
253 44
253 50
253 52
253 55
253 56
253 62
253 75
253 79
253 111
253 113
253 117
253 118
253 144
253 103
254 19
254 25
254 34
254 35
254 50
254 52
254 67
254 81
254 89
254 107
254 121
254 126
254 140
254 141
254 104
255 3
255 4
255 8
255 13
255 19
255 22
255 35
255 49
255 51
255 95
255 102
255 127
255 130
255 141
255 146
255 105
256 0
256 4
256 5
256 9
256 13
256 14
256 27
256 29
256 45
256 55
256 70
256 73
256 90
256 131
256 133
256 135
256 141
256 148
256 106
257 3
257 10
257 11
257 17
257 27
257 31
257 32
257 45
257 47
257 49
257 79
257 127
257 131
257 137
257 146
257 107
258 29
258 33
258 37
258 64
258 70
258 77
258 78
258 97
258 103
258 105
258 111
258 129
258 130
258 146
258 108
259 8
259 12
259 32
259 56
259 80
259 81
259 84
259 104
259 109
260 7
260 15
260 64
260 69
260 77
260 79
260 80
260 87
260 90
260 91
260 101
260 105
260 111
260 110
261 0
261 7
261 36
261 54
261 77
261 121
261 122
261 141
261 145
261 111
262 10
262 12
262 29
262 35
262 41
262 48
262 49
262 53
262 54
262 83
262 88
262 107
262 120
262 127
262 132
262 147
262 112
263 11
263 14
263 70
263 75
263 76
263 78
263 84
263 85
263 87
263 89
263 102
263 135
263 144
263 113
264 23
264 33
264 40
264 54
264 65
264 74
264 96
264 97
264 101
264 102
264 147
264 114
265 56
265 69
265 97
265 108
265 113
265 115
266 3
266 22
266 36
266 65
266 72
266 92
266 109
266 119
266 116
267 14
267 52
267 65
267 82
267 88
267 105
267 132
267 139
267 144
267 117
268 35
268 38
268 50
268 63
268 84
268 106
268 118
269 13
269 16
269 17
269 18
269 34
269 39
269 42
269 46
269 60
269 72
269 73
269 87
269 102
269 104
269 117
269 122
269 128
269 135
269 119
270 1
270 4
270 17
270 23
270 69
270 86
270 89
270 94
270 99
270 109
270 113
270 114
270 116
270 132
270 135
270 120
271 7
271 9
271 14
271 25
271 35
271 49
271 57
271 66
271 76
271 81
271 129
271 141
271 143
271 121
272 14
272 24
272 52
272 90
272 122
272 125
272 129
272 138
272 148
273 15
273 19
273 20
273 33
273 38
273 43
273 78
273 101
273 113
273 116
273 117
273 123
273 124
274 1
274 15
274 32
274 52
274 55
274 58
274 70
274 74
274 102
274 120
274 136
274 124
275 8
275 13
275 15
275 17
275 27
275 30
275 33
275 38
275 52
275 60
275 77
275 80
275 82
275 86
275 100
275 117
275 123
275 130
275 137
275 145
275 147
275 149
275 125
276 15
276 23
276 27
276 50
276 64
276 88
276 91
276 94
276 102
276 105
276 137
276 126
277 14
277 37
277 53
277 61
277 69
277 75
277 105
277 110
277 114
277 117
277 130
277 127
278 2
278 12
278 44
278 45
278 53
278 54
278 55
278 56
278 73
278 79
278 85
278 97
278 132
278 143
278 145
278 128
279 7
279 13
279 17
279 20
279 47
279 66
279 69
279 89
279 102
279 118
279 125
279 129
279 147
280 5
280 40
280 43
280 90
280 98
280 120
280 126
280 130
281 31
281 59
281 65
281 67
281 74
281 88
281 101
281 124
281 142
281 149
281 131
282 1
282 5
282 7
282 23
282 34
282 39
282 47
282 76
282 88
282 96
282 97
282 110
282 113
282 122
282 141
282 142
282 132
283 5
283 8
283 17
283 25
283 31
283 32
283 50
283 56
283 92
283 105
283 107
283 118
283 129
283 137
283 141
283 133
284 1
284 10
284 24
284 37
284 42
284 43
284 53
284 63
284 71
284 73
284 83
284 89
284 94
284 109
284 134
285 15
285 24
285 52
285 79
285 86
285 95
285 112
285 129
285 130
285 134
285 135
286 15
286 19
286 32
286 33
286 40
286 50
286 52
286 74
286 84
286 93
286 97
286 130
286 136
287 56
287 84
287 86
287 97
287 112
287 121
287 122
287 137
288 14
288 26
288 57
288 68
288 103
288 115
288 120
288 129
288 134
288 147
288 138
289 7
289 25
289 34
289 35
289 44
289 58
289 80
289 97
289 100
289 118
289 124
289 130
289 140
289 139
290 28
290 31
290 34
290 41
290 53
290 60
290 84
290 86
290 104
290 130
290 143
290 144
290 149
290 140
291 17
291 59
291 82
291 90
291 97
291 110
291 120
291 122
291 134
291 135
291 143
291 141
292 29
292 30
292 34
292 37
292 40
292 48
292 61
292 68
292 84
292 88
292 96
292 119
292 124
292 133
292 134
292 142
293 26
293 30
293 52
293 59
293 60
293 69
293 85
293 95
293 118
293 124
293 136
293 142
293 143
294 27
294 30
294 32
294 45
294 52
294 60
294 72
294 89
294 94
294 138
294 140
294 145
294 144
295 10
295 21
295 32
295 41
295 43
295 66
295 74
295 106
295 109
295 113
295 119
295 133
295 138
295 145
296 6
296 19
296 24
296 44
296 59
296 72
296 93
296 106
296 111
296 125
296 141
296 146
297 38
297 55
297 63
297 69
297 113
297 116
297 117
297 127
297 130
297 143
297 147
298 6
298 12
298 17
298 20
298 34
298 35
298 42
298 54
298 97
298 115
298 116
298 120
298 125
298 146
298 148
299 58
299 71
299 76
299 82
299 85
299 94
299 97
299 99
299 101
299 110
299 124
299 143
299 149
