  100   209
0 57
0 30
0 32
0 41
0 50
1 82
1 10
1 13
1 20
1 51
2 66
2 65
2 3
2 48
2 52
3 67
3 66
3 2
3 12
3 42
3 53
4 68
4 67
4 10
4 54
5 69
5 68
5 19
5 55
6 70
6 69
6 13
6 56
7 77
7 86
7 33
7 57
8 72
8 70
8 14
8 58
9 59
9 91
9 49
10 81
10 86
10 1
10 4
10 24
10 30
10 60
11 74
11 72
11 20
11 23
11 25
11 61
12 71
12 72
12 3
12 39
12 48
12 62
13 69
13 1
13 6
13 26
13 34
13 39
13 63
14 79
14 74
14 8
14 36
14 64
15 59
15 78
15 92
15 28
15 65
16 57
16 91
16 97
16 22
16 66
17 54
17 90
17 25
17 38
17 67
18 80
18 79
18 19
18 40
18 68
19 76
19 92
19 5
19 18
19 39
19 69
20 50
20 57
20 62
20 84
20 1
20 11
20 23
20 70
21 82
21 80
21 33
21 71
22 83
22 82
22 16
22 28
22 72
23 50
23 57
23 11
23 20
23 32
23 39
23 73
24 85
24 83
24 10
24 74
25 86
25 85
25 11
25 17
25 75
26 76
26 13
26 40
27 88
27 86
27 38
27 39
27 77
28 89
28 88
28 15
28 22
28 33
28 78
29 53
29 39
29 79
30 90
30 89
30 0
30 10
30 80
31 51
31 85
31 40
31 81
32 82
32 0
32 23
33 90
33 7
33 21
33 28
33 35
33 83
34 61
34 13
34 84
35 73
35 86
35 33
35 37
35 85
36 93
36 90
36 14
36 39
36 86
37 82
37 35
37 43
37 87
38 94
38 93
38 53
38 52
38 17
38 27
38 40
38 88
39 95
39 94
39 56
39 53
39 12
39 13
39 19
39 23
39 27
39 29
39 36
39 42
39 89
40 96
40 95
40 60
40 56
40 18
40 26
40 31
40 38
40 90
41 97
41 96
41 63
41 60
41 0
41 91
42 52
42 3
42 39
42 48
42 92
43 50
43 37
43 45
43 93
44 58
44 45
44 94
45 86
45 43
45 44
45 46
45 95
46 55
46 61
46 75
46 98
46 45
46 48
46 96
47 58
47 87
47 96
47 48
47 97
48 98
48 97
48 64
48 63
48 2
48 12
48 42
48 46
48 47
48 49
49 99
49 98
49 65
49 64
49 9
49 48
50 20
50 23
50 43
50 0
51 31
51 1
52 38
52 42
52 2
53 29
53 38
53 39
53 3
54 17
54 4
55 46
55 5
56 39
56 40
56 6
57 0
57 16
57 20
57 23
57 7
58 44
58 47
58 8
59 9
59 15
60 40
60 41
60 10
61 34
61 46
61 11
62 20
62 12
63 41
63 48
63 13
64 48
64 49
64 14
65 2
65 49
65 15
66 2
66 3
66 16
67 3
67 4
67 17
68 4
68 5
68 18
69 5
69 6
69 13
69 19
70 6
70 8
70 20
71 12
71 21
72 8
72 11
72 12
72 22
73 35
73 23
74 11
74 14
74 24
75 46
75 25
76 19
76 26
77 7
77 27
78 15
78 28
79 14
79 18
79 29
80 18
80 21
80 30
81 10
81 31
82 1
82 21
82 22
82 32
82 37
83 22
83 24
83 33
84 20
84 34
85 24
85 25
85 31
85 35
86 7
86 10
86 25
86 27
86 35
86 45
86 36
87 47
87 37
88 27
88 28
88 38
89 28
89 30
89 39
90 17
90 30
90 33
90 36
90 40
91 9
91 16
91 41
92 15
92 19
92 42
93 36
93 38
93 43
94 38
94 39
94 44
95 39
95 40
95 45
96 40
96 41
96 47
96 46
97 16
97 41
97 48
97 47
98 46
98 48
98 49
99 49
