  300   2138
0 170
0 178
0 194
0 196
0 221
0 223
0 230
0 246
0 259
0 267
0 27
0 105
0 127
0 134
0 139
0 150
1 157
1 161
1 175
1 190
1 218
1 225
1 234
1 246
1 249
1 254
1 264
1 267
1 292
1 295
1 296
1 8
1 14
1 18
1 38
1 58
1 60
1 67
1 116
1 118
1 151
2 156
2 162
2 166
2 194
2 201
2 206
2 248
2 284
2 285
2 108
2 109
2 152
3 158
3 160
3 165
3 188
3 190
3 193
3 201
3 232
3 246
3 247
3 260
3 263
3 270
3 294
3 295
3 58
3 60
3 147
3 153
4 167
4 177
4 211
4 226
4 263
4 287
4 296
4 11
4 15
4 100
4 154
5 155
5 165
5 199
5 229
5 245
5 259
5 268
5 280
5 28
5 31
5 63
5 117
5 123
5 148
6 150
6 159
6 164
6 190
6 236
6 21
6 76
6 94
6 136
6 146
6 156
7 150
7 157
7 174
7 178
7 208
7 212
7 216
7 237
7 240
7 248
7 253
7 278
7 289
7 19
7 27
7 47
7 100
7 104
7 124
7 129
7 142
8 160
8 188
8 190
8 215
8 221
8 235
8 253
8 282
8 283
8 287
8 1
8 18
8 74
8 94
8 101
8 115
8 122
8 148
8 158
9 158
9 193
9 195
9 215
9 230
9 232
9 243
9 268
9 287
9 19
9 28
9 32
9 43
9 49
9 71
9 79
9 90
9 134
9 159
10 166
10 175
10 179
10 181
10 192
10 195
10 209
10 222
10 229
10 271
10 273
10 296
10 90
10 101
10 107
10 119
10 131
10 136
10 141
10 142
10 160
11 158
11 182
11 186
11 224
11 270
11 276
11 289
11 4
11 12
11 20
11 23
11 38
11 85
11 111
11 118
11 135
11 140
11 141
11 161
12 152
12 157
12 167
12 171
12 174
12 178
12 182
12 193
12 211
12 219
12 225
12 230
12 288
12 293
12 295
12 11
12 85
12 95
12 142
12 162
13 183
13 218
13 229
13 232
13 262
13 274
13 19
13 21
13 31
13 64
13 66
13 88
13 98
13 107
13 139
13 141
13 163
14 153
14 192
14 197
14 198
14 213
14 215
14 218
14 239
14 248
14 259
14 264
14 290
14 299
14 1
14 19
14 62
14 91
14 95
14 96
14 164
15 155
15 156
15 160
15 161
15 177
15 194
15 283
15 285
15 294
15 4
15 99
15 146
15 147
15 165
16 158
16 163
16 170
16 171
16 179
16 187
16 211
16 213
16 218
16 227
16 232
16 245
16 291
16 292
16 49
16 77
16 89
16 121
16 166
17 172
17 190
17 213
17 222
17 246
17 271
17 285
17 18
17 21
17 33
17 94
17 100
17 167
18 167
18 170
18 202
18 219
18 227
18 232
18 235
18 240
18 245
18 263
18 284
18 1
18 8
18 17
18 50
18 87
18 102
18 129
18 140
18 168
19 166
19 178
19 180
19 194
19 197
19 235
19 249
19 258
19 259
19 273
19 275
19 276
19 295
19 7
19 9
19 13
19 14
19 54
19 60
19 81
19 105
19 131
19 148
19 169
20 194
20 201
20 202
20 221
20 226
20 240
20 242
20 244
20 260
20 263
20 268
20 272
20 294
20 11
20 21
20 25
20 97
20 115
20 138
20 144
20 170
21 195
21 197
21 213
21 223
21 242
21 250
21 256
21 266
21 289
21 291
21 298
21 6
21 13
21 17
21 20
21 38
21 46
21 75
21 82
21 97
21 148
21 171
22 154
22 171
22 177
22 180
22 186
22 196
22 202
22 203
22 226
22 242
22 294
22 83
22 172
23 162
23 184
23 208
23 232
23 268
23 286
23 11
23 33
23 58
23 104
23 121
23 123
23 126
23 133
23 134
23 173
24 161
24 173
24 186
24 223
24 237
24 250
24 251
24 280
24 68
24 174
25 181
25 226
25 231
25 247
25 252
25 269
25 270
25 286
25 298
25 299
25 20
25 66
25 110
25 117
25 175
26 155
26 156
26 180
26 209
26 233
26 234
26 242
26 250
26 260
26 268
26 272
26 285
26 294
26 47
26 49
26 85
26 122
26 176
27 162
27 163
27 177
27 193
27 195
27 196
27 204
27 218
27 221
27 236
27 240
27 249
27 278
27 287
27 292
27 293
27 0
27 7
27 58
27 121
27 130
28 159
28 160
28 161
28 177
28 203
28 222
28 235
28 250
28 260
28 267
28 297
28 5
28 9
28 30
28 38
28 57
28 58
28 63
28 112
28 118
28 119
28 145
28 178
29 150
29 153
29 161
29 170
29 192
29 194
29 207
29 211
29 224
29 228
29 231
29 232
29 265
29 268
29 269
29 280
29 281
29 295
29 40
29 100
29 120
29 179
30 151
30 156
30 173
30 178
30 197
30 215
30 226
30 244
30 266
30 280
30 293
30 28
30 56
30 78
30 86
30 119
30 123
30 180
31 162
31 184
31 188
31 217
31 227
31 229
31 237
31 240
31 256
31 280
31 283
31 289
31 5
31 13
31 54
31 84
31 136
31 138
31 181
32 162
32 165
32 169
32 174
32 191
32 192
32 211
32 268
32 9
32 39
32 136
32 182
33 173
33 186
33 193
33 194
33 215
33 218
33 222
33 241
33 250
33 253
33 259
33 279
33 290
33 297
33 17
33 23
33 41
33 54
33 104
33 107
33 125
33 183
34 152
34 153
34 167
34 174
34 184
34 188
34 204
34 213
34 217
34 231
34 239
34 279
34 283
34 296
34 59
34 79
34 134
35 167
35 168
35 185
35 187
35 190
35 195
35 198
35 201
35 205
35 213
35 253
35 257
35 262
35 273
35 277
35 40
35 76
35 131
35 132
36 150
36 160
36 225
36 226
36 244
36 260
36 262
36 280
36 282
36 63
36 81
36 107
36 111
36 133
36 186
37 170
37 176
37 185
37 188
37 193
37 226
37 240
37 259
37 52
37 98
37 102
37 108
37 125
37 187
38 180
38 214
38 221
38 229
38 234
38 244
38 267
38 283
38 1
38 11
38 21
38 28
38 78
38 108
38 120
38 127
38 135
38 141
38 188
39 150
39 151
39 202
39 215
39 217
39 253
39 278
39 290
39 32
39 59
39 62
39 77
39 94
39 113
39 131
39 146
39 189
40 155
40 157
40 162
40 177
40 184
40 186
40 220
40 230
40 234
40 245
40 249
40 253
40 284
40 296
40 29
40 35
40 48
40 97
40 103
40 110
40 190
41 153
41 185
41 192
41 220
41 236
41 241
41 247
41 270
41 282
41 287
41 290
41 33
41 44
41 61
41 71
41 86
41 104
41 191
42 151
42 184
42 198
42 199
42 200
42 207
42 254
42 258
42 262
42 263
42 269
42 270
42 276
42 281
42 291
42 101
42 192
43 155
43 159
43 192
43 205
43 256
43 291
43 293
43 299
43 9
43 88
43 93
43 102
43 193
44 158
44 181
44 188
44 200
44 213
44 231
44 242
44 243
44 256
44 259
44 260
44 262
44 265
44 270
44 272
44 294
44 41
44 51
44 55
44 73
44 86
44 90
44 126
44 135
44 139
44 149
44 194
45 172
45 177
45 185
45 194
45 208
45 210
45 221
45 240
45 272
45 288
45 293
45 55
45 56
45 93
45 108
45 123
45 131
45 195
46 168
46 171
46 209
46 233
46 243
46 244
46 256
46 287
46 298
46 21
46 54
46 147
46 196
47 150
47 175
47 212
47 234
47 254
47 255
47 257
47 264
47 7
47 26
47 65
47 97
47 99
47 103
47 110
47 120
47 140
47 197
48 221
48 232
48 240
48 244
48 253
48 254
48 261
48 40
48 55
48 90
48 91
48 104
48 116
48 131
48 198
49 151
49 173
49 176
49 180
49 213
49 218
49 227
49 233
49 239
49 277
49 297
49 299
49 9
49 16
49 26
49 54
49 78
49 108
49 117
49 138
49 199
50 165
50 179
50 208
50 215
50 233
50 237
50 257
50 266
50 284
50 294
50 297
50 18
50 53
50 56
50 58
50 116
50 130
50 200
51 167
51 173
51 186
51 200
51 224
51 242
51 256
51 266
51 275
51 283
51 298
51 44
51 82
51 89
51 92
51 201
52 150
52 163
52 165
52 170
52 180
52 191
52 210
52 212
52 262
52 287
52 289
52 37
52 146
52 148
52 202
53 152
53 159
53 180
53 207
53 223
53 224
53 234
53 248
53 261
53 50
53 72
53 89
53 94
53 106
53 108
53 110
53 116
53 121
53 203
54 158
54 176
54 188
54 198
54 239
54 268
54 288
54 298
54 19
54 31
54 33
54 46
54 49
54 78
54 94
54 128
54 137
54 147
54 204
55 170
55 172
55 182
55 212
55 215
55 229
55 295
55 296
55 44
55 45
55 48
55 93
55 146
55 205
56 154
56 192
56 204
56 206
56 216
56 248
56 255
56 266
56 30
56 45
56 50
56 96
57 152
57 179
57 184
57 197
57 202
57 215
57 243
57 293
57 28
57 72
57 80
57 81
57 115
57 207
58 156
58 158
58 174
58 177
58 204
58 210
58 212
58 225
58 271
58 281
58 1
58 3
58 23
58 27
58 28
58 50
58 71
58 109
58 139
58 149
58 208
59 158
59 201
59 226
59 227
59 229
59 232
59 234
59 241
59 248
59 281
59 296
59 34
59 39
59 73
59 96
59 209
60 158
60 171
60 234
60 244
60 247
60 251
60 253
60 271
60 1
60 3
60 19
60 210
61 155
61 159
61 171
61 240
61 276
61 289
61 296
61 41
61 79
61 87
61 144
61 211
62 161
62 173
62 177
62 178
62 181
62 211
62 214
62 215
62 216
62 219
62 227
62 229
62 233
62 257
62 271
62 275
62 299
62 14
62 39
62 94
62 127
62 212
63 152
63 197
63 222
63 226
63 246
63 289
63 296
63 297
63 5
63 28
63 36
63 67
63 77
63 86
63 125
63 141
63 145
63 213
64 164
64 193
64 237
64 284
64 286
64 13
64 94
64 107
64 108
64 214
65 162
65 167
65 173
65 177
65 184
65 187
65 191
65 206
65 221
65 224
65 225
65 230
65 234
65 248
65 256
65 259
65 264
65 267
65 272
65 299
65 47
65 70
65 77
65 112
65 139
65 149
65 215
66 163
66 178
66 194
66 207
66 211
66 274
66 291
66 13
66 25
66 101
66 118
66 140
66 216
67 175
67 236
67 237
67 262
67 263
67 283
67 1
67 63
67 131
67 135
67 217
68 178
68 181
68 189
68 195
68 229
68 235
68 252
68 254
68 264
68 265
68 279
68 290
68 24
68 87
68 125
68 218
69 173
69 178
69 201
69 213
69 218
69 221
69 244
69 257
69 264
69 268
69 282
69 87
69 131
69 219
70 165
70 172
70 184
70 204
70 212
70 217
70 238
70 241
70 258
70 260
70 65
70 71
70 80
70 83
70 220
71 151
71 158
71 173
71 178
71 203
71 215
71 225
71 228
71 232
71 272
71 296
71 297
71 299
71 9
71 41
71 58
71 70
71 110
71 221
72 154
72 157
72 160
72 161
72 171
72 172
72 192
72 211
72 236
72 240
72 249
72 253
72 265
72 273
72 282
72 53
72 57
72 95
72 115
72 117
72 121
72 222
73 161
73 171
73 188
73 226
73 245
73 252
73 265
73 293
73 44
73 59
73 82
73 93
73 129
73 223
74 168
74 203
74 211
74 229
74 246
74 265
74 280
74 296
74 8
74 96
74 102
74 122
74 224
75 186
75 219
75 254
75 257
75 272
75 282
75 21
75 99
75 108
75 109
75 137
75 138
75 225
76 158
76 171
76 194
76 195
76 205
76 212
76 214
76 219
76 232
76 255
76 283
76 285
76 289
76 6
76 35
76 80
76 104
76 106
76 107
76 226
77 156
77 166
77 218
77 225
77 226
77 264
77 272
77 297
77 16
77 39
77 63
77 65
77 227
78 151
78 156
78 168
78 197
78 214
78 228
78 256
78 260
78 282
78 30
78 38
78 49
78 54
78 103
78 121
79 186
79 189
79 194
79 210
79 228
79 238
79 241
79 247
79 9
79 34
79 61
79 81
79 98
79 124
79 229
80 157
80 158
80 182
80 218
80 234
80 287
80 293
80 299
80 57
80 70
80 76
80 99
80 134
80 230
81 170
81 185
81 187
81 193
81 208
81 229
81 234
81 239
81 263
81 267
81 271
81 291
81 19
81 36
81 57
81 79
81 88
81 98
81 231
82 173
82 175
82 183
82 198
82 225
82 227
82 239
82 248
82 252
82 293
82 21
82 51
82 73
82 116
82 123
82 136
82 232
83 195
83 201
83 224
83 229
83 231
83 232
83 236
83 268
83 275
83 292
83 22
83 70
83 131
83 233
84 152
84 153
84 180
84 217
84 218
84 219
84 251
84 253
84 261
84 267
84 31
84 103
84 119
84 142
84 234
85 155
85 171
85 174
85 178
85 191
85 213
85 218
85 264
85 265
85 271
85 299
85 11
85 12
85 26
85 86
85 92
85 99
85 104
85 119
85 235
86 152
86 163
86 174
86 186
86 221
86 231
86 245
86 272
86 297
86 30
86 41
86 44
86 63
86 85
86 141
86 142
86 236
87 150
87 153
87 166
87 168
87 192
87 238
87 245
87 281
87 18
87 61
87 68
87 69
87 237
88 228
88 13
88 43
88 81
88 238
89 155
89 171
89 190
89 199
89 202
89 210
89 216
89 220
89 228
89 248
89 251
89 282
89 16
89 51
89 53
89 105
89 111
89 125
89 137
89 239
90 159
90 166
90 171
90 195
90 199
90 202
90 203
90 209
90 224
90 243
90 254
90 282
90 295
90 9
90 10
90 44
90 48
90 240
91 171
91 185
91 205
91 209
91 224
91 230
91 237
91 240
91 247
91 258
91 266
91 267
91 276
91 277
91 282
91 285
91 286
91 14
91 48
91 108
91 109
91 241
92 152
92 154
92 164
92 165
92 190
92 192
92 220
92 227
92 257
92 274
92 276
92 292
92 51
92 85
92 242
93 172
93 175
93 194
93 234
93 245
93 246
93 247
93 271
93 291
93 43
93 45
93 55
93 73
93 121
93 122
93 243
94 151
94 181
94 182
94 183
94 187
94 199
94 219
94 223
94 234
94 266
94 283
94 289
94 295
94 6
94 8
94 17
94 39
94 53
94 54
94 62
94 64
94 137
94 244
95 179
95 224
95 227
95 244
95 250
95 259
95 267
95 273
95 289
95 295
95 12
95 14
95 72
95 104
95 140
95 245
96 200
96 216
96 220
96 224
96 236
96 245
96 262
96 268
96 284
96 285
96 286
96 289
96 14
96 56
96 59
96 74
96 98
96 111
96 147
96 246
97 170
97 194
97 223
97 248
97 253
97 273
97 20
97 21
97 40
97 47
97 127
97 247
98 153
98 171
98 177
98 185
98 192
98 203
98 230
98 235
98 238
98 243
98 284
98 286
98 13
98 37
98 79
98 81
98 96
98 139
98 146
98 248
99 156
99 163
99 185
99 188
99 197
99 213
99 218
99 230
99 283
99 285
99 15
99 47
99 75
99 80
99 85
99 122
99 135
99 137
99 249
100 169
100 185
100 228
100 233
100 248
100 260
100 266
100 4
100 7
100 17
100 29
100 119
100 250
101 153
101 161
101 172
101 180
101 188
101 206
101 210
101 220
101 222
101 275
101 292
101 299
101 8
101 10
101 42
101 66
101 102
101 143
101 251
102 153
102 161
102 173
102 174
102 182
102 186
102 193
102 196
102 222
102 279
102 291
102 18
102 37
102 43
102 74
102 101
102 105
102 106
102 107
102 137
102 252
103 179
103 213
103 234
103 260
103 276
103 293
103 298
103 40
103 47
103 78
103 84
103 253
104 205
104 231
104 252
104 260
104 262
104 277
104 283
104 284
104 295
104 7
104 23
104 33
104 41
104 48
104 76
104 85
104 95
104 108
104 130
104 254
105 178
105 211
105 230
105 267
105 0
105 19
105 89
105 102
105 117
105 123
105 255
106 154
106 181
106 183
106 187
106 188
106 198
106 205
106 216
106 219
106 244
106 247
106 250
106 258
106 267
106 294
106 296
106 53
106 76
106 102
106 138
106 256
107 161
107 170
107 178
107 185
107 186
107 191
107 244
107 269
107 289
107 10
107 13
107 33
107 36
107 64
107 76
107 102
107 122
107 257
108 159
108 161
108 169
108 192
108 209
108 250
108 264
108 274
108 276
108 287
108 2
108 37
108 38
108 45
108 49
108 53
108 64
108 75
108 91
108 104
108 258
109 151
109 160
109 164
109 166
109 184
109 190
109 191
109 196
109 246
109 278
109 288
109 296
109 2
109 58
109 75
109 91
109 259
110 153
110 172
110 179
110 192
110 193
110 199
110 218
110 229
110 250
110 273
110 284
110 25
110 40
110 47
110 53
110 71
110 121
110 124
110 260
111 157
111 191
111 195
111 200
111 205
111 257
111 273
111 298
111 11
111 36
111 89
111 96
111 139
111 261
112 178
112 179
112 185
112 194
112 206
112 215
112 223
112 225
112 231
112 257
112 259
112 267
112 273
112 281
112 296
112 28
112 65
112 117
112 127
112 129
112 147
112 262
113 164
113 174
113 175
113 184
113 190
113 224
113 257
113 264
113 270
113 277
113 292
113 295
113 298
113 39
113 263
114 158
114 172
114 211
114 212
114 237
114 244
114 247
114 250
114 258
114 277
114 116
114 264
115 155
115 158
115 167
115 195
115 198
115 208
115 252
115 269
115 287
115 296
115 8
115 20
115 57
115 72
115 123
115 138
115 265
116 179
116 210
116 212
116 235
116 243
116 260
116 272
116 280
116 1
116 48
116 50
116 53
116 82
116 114
116 124
116 266
117 162
117 164
117 179
117 183
117 187
117 208
117 209
117 255
117 258
117 259
117 281
117 283
117 295
117 297
117 5
117 25
117 49
117 72
117 105
117 112
117 267
118 161
118 200
118 214
118 221
118 241
118 261
118 263
118 295
118 299
118 1
118 11
118 28
118 66
118 138
118 140
118 268
119 156
119 157
119 170
119 227
119 236
119 237
119 260
119 263
119 277
119 293
119 10
119 28
119 30
119 84
119 85
119 100
119 139
119 269
120 184
120 186
120 207
120 227
120 241
120 243
120 252
120 260
120 273
120 286
120 298
120 29
120 38
120 47
120 270
121 160
121 163
121 178
121 185
121 192
121 221
121 223
121 229
121 249
121 253
121 275
121 281
121 288
121 296
121 16
121 23
121 27
121 53
121 72
121 78
121 93
121 110
121 131
121 140
121 271
122 189
122 207
122 212
122 218
122 263
122 278
122 285
122 295
122 298
122 8
122 26
122 74
122 93
122 99
122 107
122 133
122 148
122 272
123 153
123 162
123 167
123 192
123 202
123 209
123 234
123 248
123 274
123 279
123 296
123 5
123 23
123 30
123 45
123 82
123 105
123 115
123 143
123 145
123 273
124 167
124 186
124 203
124 210
124 221
124 255
124 284
124 299
124 7
124 79
124 110
124 116
124 140
124 143
124 144
124 145
124 274
125 158
125 166
125 173
125 188
125 200
125 202
125 204
125 211
125 212
125 215
125 217
125 219
125 234
125 264
125 267
125 284
125 33
125 37
125 63
125 68
125 89
125 139
125 275
126 150
126 162
126 181
126 191
126 192
126 199
126 203
126 222
126 260
126 264
126 280
126 285
126 290
126 294
126 23
126 44
126 137
126 276
127 152
127 178
127 188
127 208
127 210
127 241
127 251
127 252
127 273
127 0
127 38
127 62
127 97
127 112
127 133
127 148
127 277
128 151
128 153
128 161
128 170
128 173
128 178
128 198
128 213
128 224
128 246
128 289
128 54
128 278
129 157
129 162
129 177
129 183
129 193
129 219
129 222
129 224
129 243
129 256
129 289
129 7
129 18
129 73
129 112
129 279
130 184
130 205
130 243
130 249
130 257
130 27
130 50
130 104
130 132
130 134
130 143
130 280
131 150
131 158
131 166
131 252
131 254
131 279
131 285
131 10
131 19
131 35
131 39
131 45
131 48
131 67
131 69
131 83
131 121
131 139
131 281
132 162
132 174
132 184
132 196
132 198
132 206
132 220
132 221
132 240
132 259
132 261
132 266
132 296
132 35
132 130
132 134
132 282
133 178
133 193
133 229
133 242
133 251
133 263
133 280
133 290
133 23
133 36
133 122
133 127
133 283
134 154
134 157
134 158
134 167
134 177
134 187
134 188
134 196
134 212
134 248
134 263
134 273
134 275
134 277
134 295
134 0
134 9
134 23
134 34
134 80
134 130
134 132
134 144
134 284
135 172
135 173
135 207
135 213
135 223
135 246
135 282
135 299
135 11
135 38
135 44
135 67
135 99
135 137
135 285
136 163
136 187
136 203
136 211
136 213
136 233
136 263
136 269
136 288
136 299
136 6
136 10
136 31
136 32
136 82
136 286
137 163
137 167
137 209
137 222
137 241
137 253
137 279
137 283
137 285
137 295
137 297
137 54
137 75
137 89
137 94
137 99
137 102
137 126
137 135
137 287
138 158
138 176
138 187
138 192
138 258
138 265
138 267
138 279
138 20
138 31
138 49
138 75
138 106
138 115
138 118
138 288
139 177
139 189
139 216
139 226
139 229
139 242
139 251
139 258
139 267
139 287
139 299
139 0
139 13
139 44
139 58
139 65
139 98
139 111
139 119
139 125
139 131
139 289
140 181
140 184
140 187
140 193
140 219
140 234
140 255
140 273
140 285
140 294
140 11
140 18
140 47
140 66
140 95
140 118
140 121
140 124
140 290
141 154
141 162
141 187
141 189
141 204
141 242
141 245
141 246
141 257
141 260
141 272
141 293
141 10
141 11
141 13
141 38
141 63
141 86
141 143
141 144
141 291
142 159
142 165
142 170
142 184
142 193
142 203
142 231
142 234
142 237
142 250
142 251
142 285
142 7
142 10
142 12
142 84
142 86
142 292
143 152
143 161
143 169
143 185
143 186
143 192
143 203
143 222
143 227
143 275
143 278
143 101
143 123
143 124
143 130
143 141
143 293
144 153
144 157
144 182
144 201
144 202
144 211
144 222
144 229
144 232
144 244
144 263
144 290
144 296
144 20
144 61
144 124
144 134
144 141
144 147
144 149
144 294
145 166
145 188
145 216
145 223
145 231
145 235
145 243
145 252
145 278
145 282
145 28
145 63
145 123
145 124
145 148
145 295
146 151
146 185
146 201
146 213
146 215
146 218
146 244
146 245
146 259
146 291
146 299
146 6
146 15
146 39
146 52
146 55
146 98
146 296
147 180
147 187
147 188
147 223
147 227
147 3
147 15
147 46
147 54
147 96
147 112
147 144
147 297
148 170
148 182
148 190
148 215
148 216
148 217
148 248
148 262
148 5
148 8
148 19
148 21
148 52
148 122
148 127
148 145
148 298
149 164
149 184
149 189
149 197
149 202
149 204
149 216
149 287
149 292
149 44
149 58
149 65
149 144
149 299
150 6
150 7
150 29
150 36
150 39
150 47
150 52
150 87
150 126
150 131
150 0
151 30
151 39
151 42
151 49
151 71
151 78
151 94
151 109
151 128
151 146
151 1
152 12
152 34
152 53
152 57
152 63
152 84
152 86
152 92
152 127
152 143
152 2
153 14
153 29
153 34
153 41
153 84
153 87
153 98
153 101
153 102
153 110
153 123
153 128
153 144
153 3
154 22
154 56
154 72
154 92
154 106
154 134
154 141
154 4
155 5
155 15
155 26
155 40
155 43
155 61
155 85
155 89
155 115
156 2
156 15
156 26
156 30
156 58
156 77
156 78
156 99
156 119
156 6
157 1
157 7
157 12
157 40
157 72
157 80
157 111
157 119
157 129
157 134
157 144
158 3
158 9
158 11
158 16
158 44
158 54
158 58
158 59
158 60
158 71
158 76
158 80
158 114
158 115
158 125
158 131
158 134
158 138
158 8
159 6
159 28
159 43
159 53
159 61
159 90
159 108
159 142
159 9
160 3
160 8
160 15
160 28
160 36
160 72
160 109
160 121
160 10
161 1
161 15
161 24
161 28
161 29
161 62
161 72
161 73
161 101
161 102
161 107
161 108
161 118
161 128
161 143
161 11
162 2
162 23
162 27
162 31
162 32
162 40
162 65
162 117
162 123
162 126
162 129
162 132
162 141
162 12
163 16
163 27
163 52
163 66
163 86
163 99
163 121
163 136
163 137
163 13
164 6
164 64
164 92
164 109
164 113
164 117
164 149
164 14
165 3
165 5
165 32
165 50
165 52
165 70
165 92
165 142
165 15
166 2
166 10
166 19
166 77
166 87
166 90
166 109
166 125
166 131
166 145
166 16
167 4
167 12
167 18
167 34
167 35
167 51
167 65
167 115
167 123
167 124
167 134
167 137
167 17
168 35
168 46
168 74
168 78
168 87
168 18
169 32
169 100
169 108
169 143
169 19
170 0
170 16
170 18
170 29
170 37
170 52
170 55
170 81
170 97
170 107
170 119
170 128
170 142
170 148
170 20
171 12
171 16
171 22
171 46
171 60
171 61
171 72
171 73
171 76
171 85
171 89
171 90
171 91
171 98
171 21
172 17
172 45
172 55
172 70
172 72
172 93
172 101
172 110
172 114
172 135
172 22
173 24
173 30
173 33
173 49
173 51
173 62
173 65
173 69
173 71
173 82
173 102
173 125
173 128
173 135
173 23
174 7
174 12
174 32
174 34
174 58
174 85
174 86
174 102
174 113
174 132
174 24
175 1
175 10
175 47
175 67
175 82
175 93
175 113
175 25
176 37
176 49
176 54
176 138
176 26
177 4
177 15
177 22
177 27
177 28
177 40
177 45
177 58
177 62
177 65
177 98
177 129
177 134
177 139
178 0
178 7
178 12
178 19
178 30
178 62
178 66
178 68
178 69
178 71
178 85
178 105
178 107
178 112
178 121
178 127
178 128
178 133
178 28
179 10
179 16
179 50
179 57
179 95
179 103
179 110
179 112
179 116
179 117
179 29
180 19
180 22
180 26
180 38
180 49
180 52
180 53
180 84
180 101
180 147
180 30
181 10
181 25
181 44
181 62
181 68
181 94
181 106
181 126
181 140
181 31
182 11
182 12
182 55
182 80
182 94
182 102
182 144
182 148
182 32
183 13
183 82
183 94
183 106
183 117
183 129
183 33
184 23
184 31
184 34
184 40
184 42
184 57
184 65
184 70
184 109
184 113
184 120
184 130
184 132
184 140
184 142
184 149
185 35
185 37
185 41
185 45
185 81
185 91
185 98
185 99
185 100
185 107
185 112
185 121
185 143
185 146
186 11
186 22
186 24
186 33
186 40
186 51
186 75
186 79
186 86
186 102
186 107
186 120
186 124
186 143
186 36
187 16
187 35
187 65
187 81
187 94
187 106
187 117
187 134
187 136
187 138
187 140
187 141
187 147
187 37
188 3
188 8
188 31
188 34
188 37
188 44
188 54
188 73
188 99
188 101
188 106
188 125
188 127
188 134
188 145
188 147
188 38
189 68
189 79
189 122
189 139
189 141
189 149
189 39
190 1
190 3
190 6
190 8
190 17
190 35
190 89
190 92
190 109
190 113
190 148
190 40
191 32
191 52
191 65
191 85
191 107
191 109
191 111
191 126
191 41
192 10
192 14
192 29
192 32
192 41
192 43
192 56
192 72
192 87
192 92
192 98
192 108
192 110
192 121
192 123
192 126
192 138
192 143
192 42
193 3
193 9
193 12
193 27
193 33
193 37
193 64
193 81
193 102
193 110
193 129
193 133
193 140
193 142
193 43
194 0
194 2
194 15
194 19
194 20
194 29
194 33
194 45
194 66
194 76
194 79
194 93
194 97
194 112
194 44
195 9
195 10
195 21
195 27
195 35
195 68
195 76
195 83
195 90
195 111
195 115
195 45
196 0
196 22
196 27
196 102
196 109
196 132
196 134
196 46
197 14
197 19
197 21
197 30
197 57
197 63
197 78
197 99
197 149
197 47
198 14
198 35
198 42
198 54
198 82
198 106
198 115
198 128
198 132
198 48
199 5
199 42
199 89
199 90
199 94
199 110
199 126
199 49
200 42
200 44
200 51
200 96
200 111
200 118
200 125
200 50
201 2
201 3
201 20
201 35
201 59
201 69
201 83
201 144
201 146
201 51
202 18
202 20
202 22
202 39
202 57
202 89
202 90
202 123
202 125
202 144
202 149
202 52
203 22
203 28
203 71
203 74
203 90
203 98
203 124
203 126
203 136
203 142
203 143
203 53
204 27
204 34
204 56
204 58
204 70
204 125
204 141
204 149
204 54
205 35
205 43
205 76
205 91
205 104
205 106
205 111
205 130
205 55
206 2
206 56
206 65
206 101
206 112
206 132
207 29
207 42
207 53
207 66
207 120
207 122
207 135
207 57
208 7
208 23
208 45
208 50
208 81
208 115
208 117
208 127
208 58
209 10
209 26
209 46
209 90
209 91
209 108
209 117
209 123
209 137
209 59
210 45
210 52
210 58
210 79
210 89
210 101
210 116
210 124
210 127
210 60
211 4
211 12
211 16
211 29
211 32
211 62
211 66
211 72
211 74
211 105
211 114
211 125
211 136
211 144
211 61
212 7
212 47
212 52
212 55
212 58
212 70
212 76
212 114
212 116
212 122
212 125
212 134
212 62
213 14
213 16
213 17
213 21
213 34
213 35
213 44
213 49
213 69
213 85
213 99
213 103
213 128
213 135
213 136
213 146
213 63
214 38
214 62
214 76
214 78
214 118
214 64
215 8
215 9
215 14
215 30
215 33
215 39
215 50
215 55
215 57
215 62
215 71
215 112
215 125
215 146
215 148
215 65
216 7
216 56
216 62
216 89
216 96
216 106
216 139
216 145
216 148
216 149
216 66
217 31
217 34
217 39
217 70
217 84
217 125
217 148
217 67
218 1
218 13
218 14
218 16
218 27
218 33
218 49
218 69
218 77
218 80
218 84
218 85
218 99
218 110
218 122
218 146
218 68
219 12
219 18
219 62
219 75
219 76
219 84
219 94
219 106
219 125
219 129
219 140
219 69
220 40
220 41
220 89
220 92
220 96
220 101
220 132
220 70
221 0
221 8
221 20
221 27
221 38
221 45
221 48
221 65
221 69
221 86
221 118
221 121
221 124
221 132
221 71
222 10
222 17
222 28
222 33
222 63
222 101
222 102
222 126
222 129
222 137
222 143
222 144
222 72
223 0
223 21
223 24
223 53
223 94
223 97
223 112
223 121
223 135
223 145
223 147
223 73
224 11
224 29
224 51
224 53
224 65
224 83
224 90
224 91
224 95
224 96
224 113
224 128
224 129
224 74
225 1
225 12
225 36
225 58
225 65
225 71
225 77
225 82
225 112
225 75
226 4
226 20
226 22
226 25
226 30
226 36
226 37
226 59
226 63
226 73
226 77
226 139
226 76
227 16
227 18
227 31
227 49
227 59
227 62
227 82
227 92
227 95
227 119
227 120
227 143
227 147
227 77
228 29
228 71
228 78
228 79
228 88
228 89
228 100
229 5
229 10
229 13
229 31
229 38
229 55
229 59
229 62
229 68
229 74
229 81
229 83
229 110
229 121
229 133
229 139
229 144
229 79
230 0
230 9
230 12
230 40
230 65
230 91
230 98
230 99
230 105
230 80
231 25
231 29
231 34
231 44
231 83
231 86
231 104
231 112
231 142
231 145
231 81
232 3
232 9
232 13
232 16
232 18
232 23
232 29
232 48
232 59
232 71
232 76
232 83
232 144
232 82
233 26
233 46
233 49
233 50
233 62
233 100
233 136
233 83
234 1
234 26
234 38
234 40
234 47
234 53
234 59
234 60
234 65
234 80
234 81
234 93
234 94
234 103
234 123
234 125
234 140
234 142
234 84
235 8
235 18
235 19
235 28
235 68
235 98
235 116
235 145
235 85
236 6
236 27
236 41
236 67
236 72
236 83
236 96
236 119
236 86
237 7
237 24
237 31
237 50
237 64
237 67
237 91
237 114
237 119
237 142
237 87
238 70
238 79
238 87
238 98
238 88
239 14
239 34
239 49
239 54
239 81
239 82
239 89
240 7
240 18
240 20
240 27
240 31
240 37
240 45
240 48
240 61
240 72
240 91
240 132
240 90
241 33
241 41
241 59
241 70
241 79
241 118
241 120
241 127
241 137
241 91
242 20
242 21
242 22
242 26
242 44
242 51
242 133
242 139
242 141
242 92
243 9
243 44
243 46
243 57
243 90
243 98
243 116
243 120
243 129
243 130
243 145
243 93
244 20
244 30
244 36
244 38
244 46
244 48
244 60
244 69
244 95
244 106
244 107
244 114
244 144
244 146
244 94
245 5
245 16
245 18
245 40
245 73
245 86
245 87
245 93
245 96
245 141
245 146
245 95
246 0
246 1
246 3
246 17
246 63
246 74
246 93
246 109
246 128
246 135
246 141
246 96
247 3
247 25
247 41
247 60
247 79
247 91
247 93
247 106
247 114
247 97
248 2
248 7
248 14
248 53
248 56
248 59
248 65
248 82
248 89
248 97
248 100
248 123
248 134
248 148
248 98
249 1
249 19
249 27
249 40
249 72
249 121
249 130
249 99
250 21
250 24
250 26
250 28
250 33
250 95
250 106
250 108
250 110
250 114
250 142
250 100
251 24
251 60
251 84
251 89
251 127
251 133
251 139
251 142
251 101
252 25
252 68
252 73
252 82
252 104
252 115
252 120
252 127
252 131
252 145
252 102
253 7
253 8
253 33
253 35
253 39
253 40
253 48
253 60
253 72
253 84
253 97
253 121
253 137
253 103
254 1
254 42
254 47
254 48
254 68
254 75
254 90
254 131
254 104
255 47
255 56
255 76
255 117
255 124
255 140
255 105
256 21
256 31
256 43
256 44
256 46
256 51
256 65
256 78
256 129
256 106
257 35
257 47
257 50
257 62
257 69
257 75
257 92
257 111
257 112
257 113
257 130
257 141
257 107
258 19
258 42
258 70
258 91
258 106
258 114
258 117
258 138
258 139
258 108
259 0
259 5
259 14
259 19
259 33
259 37
259 44
259 65
259 95
259 112
259 117
259 132
259 146
259 109
260 3
260 20
260 26
260 28
260 36
260 44
260 70
260 78
260 100
260 103
260 104
260 116
260 119
260 120
260 126
260 141
260 110
261 48
261 53
261 84
261 118
261 132
261 111
262 13
262 35
262 36
262 42
262 44
262 52
262 67
262 96
262 104
262 148
262 112
263 3
263 4
263 18
263 20
263 42
263 67
263 81
263 118
263 119
263 122
263 133
263 134
263 136
263 144
263 113
264 1
264 14
264 47
264 65
264 68
264 69
264 77
264 85
264 108
264 113
264 125
264 126
264 114
265 29
265 44
265 68
265 72
265 73
265 74
265 85
265 138
265 115
266 21
266 30
266 50
266 51
266 56
266 91
266 94
266 100
266 132
266 116
267 0
267 1
267 28
267 38
267 65
267 81
267 84
267 91
267 95
267 105
267 106
267 112
267 125
267 138
267 139
267 117
268 5
268 9
268 20
268 23
268 26
268 29
268 32
268 54
268 69
268 83
268 96
268 118
269 25
269 29
269 42
269 107
269 115
269 136
269 119
270 3
270 11
270 25
270 41
270 42
270 44
270 113
270 120
271 10
271 17
271 58
271 60
271 62
271 81
271 85
271 93
271 121
272 20
272 26
272 44
272 45
272 65
272 71
272 75
272 77
272 86
272 116
272 141
272 122
273 10
273 19
273 35
273 72
273 95
273 97
273 110
273 111
273 112
273 120
273 127
273 134
273 140
273 123
274 13
274 66
274 92
274 108
274 123
274 124
275 19
275 51
275 62
275 83
275 101
275 121
275 134
275 143
275 125
276 11
276 19
276 42
276 61
276 91
276 92
276 103
276 108
276 126
277 35
277 49
277 91
277 104
277 113
277 114
277 119
277 134
277 127
278 7
278 27
278 39
278 109
278 122
278 143
278 145
278 128
279 33
279 34
279 68
279 102
279 123
279 131
279 137
279 138
279 129
280 5
280 24
280 29
280 30
280 31
280 36
280 74
280 116
280 126
280 133
280 130
281 29
281 42
281 58
281 59
281 87
281 112
281 117
281 121
281 131
282 8
282 36
282 41
282 69
282 72
282 75
282 78
282 89
282 90
282 91
282 135
282 145
282 132
283 8
283 15
283 31
283 34
283 38
283 51
283 67
283 76
283 94
283 99
283 104
283 117
283 137
283 133
284 2
284 18
284 40
284 50
284 64
284 96
284 98
284 104
284 110
284 124
284 125
284 134
285 2
285 15
285 17
285 26
285 76
285 91
285 96
285 99
285 122
285 126
285 131
285 137
285 140
285 142
285 135
286 23
286 25
286 64
286 91
286 96
286 98
286 120
286 136
287 4
287 8
287 9
287 27
287 41
287 46
287 52
287 80
287 108
287 115
287 139
287 149
287 137
288 12
288 45
288 54
288 109
288 121
288 136
288 138
289 7
289 11
289 21
289 31
289 52
289 61
289 63
289 76
289 94
289 95
289 96
289 107
289 128
289 129
289 139
290 14
290 33
290 39
290 41
290 68
290 126
290 133
290 144
290 140
291 16
291 21
291 42
291 43
291 66
291 81
291 93
291 102
291 146
291 141
292 1
292 16
292 27
292 83
292 92
292 101
292 113
292 149
292 142
293 12
293 27
293 30
293 43
293 45
293 57
293 73
293 80
293 82
293 103
293 119
293 141
293 143
294 3
294 15
294 20
294 22
294 26
294 44
294 50
294 106
294 126
294 140
294 144
295 1
295 3
295 12
295 19
295 29
295 55
295 90
295 94
295 95
295 104
295 113
295 117
295 118
295 122
295 134
295 137
295 145
296 1
296 4
296 10
296 34
296 40
296 55
296 59
296 61
296 63
296 71
296 74
296 106
296 109
296 112
296 115
296 121
296 123
296 132
296 144
296 146
297 28
297 33
297 49
297 50
297 63
297 71
297 77
297 86
297 117
297 137
297 147
298 21
298 25
298 46
298 51
298 54
298 103
298 111
298 113
298 120
298 122
298 148
299 14
299 25
299 43
299 49
299 62
299 65
299 71
299 80
299 85
299 101
299 118
299 124
299 135
299 136
299 139
299 146
299 149
