  400   3616
0 202
0 224
0 231
0 259
0 272
0 297
0 323
0 326
0 365
0 398
0 28
0 71
0 72
0 74
0 115
0 123
0 200
1 203
1 238
1 282
1 283
1 312
1 314
1 345
1 346
1 350
1 360
1 398
1 22
1 40
1 51
1 135
1 144
1 197
1 201
2 207
2 232
2 234
2 257
2 265
2 306
2 308
2 315
2 321
2 346
2 362
2 373
2 23
2 43
2 82
2 100
2 103
2 145
2 146
2 202
3 203
3 235
3 241
3 243
3 252
3 267
3 301
3 322
3 335
3 362
3 14
3 33
3 46
3 73
3 80
3 100
3 123
3 132
3 161
3 164
3 190
4 271
4 301
4 303
4 317
4 375
4 381
4 36
4 80
4 92
4 110
4 111
4 125
4 133
4 154
4 165
4 167
4 173
4 194
4 204
5 208
5 243
5 245
5 264
5 281
5 298
5 351
5 357
5 368
5 386
5 23
5 28
5 35
5 48
5 64
5 81
5 83
5 92
5 105
5 106
5 120
5 121
5 136
5 139
5 159
5 194
5 205
6 200
6 212
6 213
6 245
6 262
6 264
6 282
6 341
6 345
6 346
6 385
6 386
6 39
6 62
6 74
6 84
6 91
6 114
6 162
6 166
6 206
7 200
7 202
7 216
7 220
7 259
7 302
7 341
7 380
7 386
7 10
7 11
7 39
7 42
7 67
7 70
7 103
7 104
7 118
7 168
7 184
7 207
8 213
8 215
8 259
8 267
8 272
8 286
8 295
8 298
8 309
8 314
8 316
8 343
8 345
8 377
8 397
8 399
8 20
8 47
8 53
8 59
8 65
8 76
8 93
8 100
8 109
8 119
8 135
8 158
8 165
8 179
8 182
8 208
9 218
9 269
9 283
9 320
9 322
9 326
9 336
9 371
9 381
9 385
9 19
9 49
9 67
9 69
9 95
9 98
9 107
9 109
9 128
9 138
9 163
9 166
9 167
9 209
10 210
10 224
10 242
10 249
10 283
10 291
10 301
10 302
10 320
10 342
10 347
10 383
10 7
10 11
10 17
10 81
10 130
10 171
10 187
11 208
11 228
11 235
11 241
11 245
11 247
11 259
11 263
11 266
11 271
11 275
11 277
11 288
11 340
11 354
11 361
11 7
11 10
11 16
11 17
11 28
11 53
11 96
11 126
11 165
11 189
11 211
12 214
12 239
12 241
12 245
12 342
12 344
12 347
12 358
12 360
12 371
12 379
12 31
12 38
12 66
12 67
12 69
12 73
12 99
12 123
12 147
12 151
12 162
12 174
12 183
12 189
12 212
13 201
13 234
13 259
13 264
13 278
13 297
13 298
13 319
13 324
13 346
13 364
13 373
13 377
13 382
13 384
13 389
13 391
13 14
13 15
13 26
13 68
13 83
13 92
13 106
13 126
13 138
13 175
13 197
13 198
13 213
14 209
14 290
14 299
14 302
14 312
14 321
14 337
14 341
14 353
14 359
14 365
14 375
14 391
14 3
14 13
14 45
14 49
14 59
14 85
14 107
14 115
14 140
14 149
14 164
14 168
14 214
15 237
15 251
15 312
15 354
15 387
15 390
15 396
15 13
15 30
15 34
15 75
15 144
15 153
15 158
15 162
15 163
15 171
15 191
15 192
15 215
16 213
16 240
16 251
16 263
16 289
16 290
16 291
16 342
16 363
16 390
16 11
16 18
16 34
16 49
16 84
16 99
16 104
16 108
16 126
16 163
16 180
16 216
17 207
17 213
17 218
17 224
17 326
17 380
17 10
17 11
17 21
17 39
17 48
17 49
17 50
17 54
17 59
17 71
17 97
17 98
17 155
17 160
17 165
17 172
17 217
18 278
18 288
18 290
18 315
18 344
18 369
18 388
18 398
18 16
18 19
18 22
18 31
18 40
18 43
18 44
18 48
18 62
18 76
18 79
18 92
18 102
18 111
18 124
18 129
18 143
18 180
18 218
19 202
19 213
19 232
19 240
19 241
19 266
19 272
19 276
19 322
19 334
19 341
19 343
19 348
19 352
19 369
19 372
19 373
19 381
19 389
19 394
19 396
19 9
19 18
19 24
19 27
19 40
19 41
19 51
19 58
19 120
19 133
19 155
19 178
19 219
20 254
20 278
20 286
20 315
20 319
20 328
20 368
20 8
20 22
20 84
20 124
20 125
20 135
20 150
20 186
20 193
20 220
21 261
21 271
21 325
21 332
21 360
21 363
21 17
21 146
21 157
21 173
21 191
21 196
21 221
22 212
22 223
22 234
22 237
22 253
22 258
22 259
22 308
22 319
22 323
22 329
22 362
22 372
22 391
22 396
22 1
22 18
22 20
22 61
22 64
22 72
22 101
22 148
22 163
22 171
22 199
22 222
23 207
23 208
23 213
23 245
23 262
23 264
23 293
23 300
23 304
23 309
23 321
23 327
23 332
23 353
23 397
23 399
23 2
23 5
23 41
23 53
23 56
23 58
23 73
23 80
23 90
23 94
23 111
23 118
23 126
23 223
24 204
24 220
24 235
24 251
24 259
24 260
24 263
24 265
24 267
24 280
24 319
24 344
24 372
24 375
24 398
24 19
24 26
24 55
24 60
24 73
24 86
24 102
24 124
24 157
24 224
25 224
25 232
25 248
25 258
25 259
25 265
25 270
25 281
25 288
25 289
25 290
25 308
25 324
25 329
25 335
25 354
25 384
25 385
25 26
25 111
25 148
25 156
25 159
25 161
25 180
25 194
25 225
26 204
26 209
26 213
26 214
26 216
26 264
26 270
26 289
26 296
26 298
26 315
26 332
26 368
26 379
26 13
26 24
26 25
26 29
26 30
26 49
26 61
26 77
26 98
26 107
26 115
26 226
27 200
27 204
27 236
27 256
27 272
27 277
27 292
27 299
27 303
27 397
27 19
27 87
27 138
27 148
27 168
27 178
27 197
27 227
28 221
28 237
28 252
28 262
28 296
28 310
28 314
28 394
28 0
28 5
28 11
28 56
28 76
28 81
28 124
28 126
28 131
28 149
28 150
28 154
28 171
28 228
29 213
29 242
29 243
29 267
29 337
29 352
29 371
29 376
29 382
29 387
29 26
29 32
29 41
29 42
29 59
29 64
29 79
29 85
29 110
29 119
29 122
29 129
29 132
29 140
29 182
29 229
30 205
30 230
30 286
30 299
30 312
30 320
30 350
30 371
30 377
30 15
30 26
30 34
30 46
30 83
30 166
30 192
31 203
31 242
31 243
31 245
31 251
31 263
31 287
31 327
31 356
31 359
31 12
31 18
31 50
31 59
31 98
31 102
31 153
31 231
32 252
32 291
32 300
32 305
32 312
32 326
32 381
32 29
32 47
32 76
32 80
32 135
32 167
32 179
32 196
32 232
33 245
33 267
33 278
33 298
33 334
33 342
33 358
33 375
33 381
33 382
33 389
33 3
33 64
33 78
33 84
33 96
33 101
33 102
33 137
33 160
33 166
33 172
33 197
33 233
34 200
34 207
34 215
34 243
34 269
34 277
34 317
34 339
34 372
34 384
34 15
34 16
34 30
34 53
34 71
34 79
34 95
34 159
34 234
35 202
35 207
35 216
35 243
35 251
35 265
35 278
35 304
35 310
35 364
35 377
35 5
35 53
35 62
35 79
35 85
35 115
35 123
35 139
35 146
35 147
35 198
35 235
36 242
36 269
36 292
36 296
36 297
36 310
36 316
36 343
36 359
36 364
36 371
36 374
36 382
36 384
36 395
36 397
36 4
36 37
36 52
36 62
36 136
36 148
36 157
36 174
36 192
36 193
36 194
36 236
37 205
37 226
37 228
37 251
37 254
37 275
37 284
37 300
37 318
37 343
37 354
37 394
37 36
37 62
37 90
37 93
37 94
37 102
37 140
37 177
37 179
37 237
38 202
38 213
38 217
38 223
38 239
38 242
38 244
38 249
38 286
38 295
38 363
38 380
38 12
38 57
38 64
38 76
38 86
38 95
38 127
38 132
38 146
38 159
38 181
38 238
39 202
39 210
39 229
39 246
39 250
39 257
39 273
39 290
39 324
39 327
39 331
39 397
39 6
39 7
39 17
39 43
39 52
39 61
39 133
39 151
39 164
39 176
39 239
40 200
40 211
40 224
40 244
40 245
40 248
40 259
40 285
40 301
40 302
40 329
40 330
40 332
40 333
40 352
40 372
40 382
40 387
40 389
40 1
40 18
40 19
40 59
40 63
40 65
40 68
40 69
40 74
40 78
40 103
40 114
40 123
40 134
40 170
40 195
40 240
41 210
41 238
41 254
41 265
41 270
41 294
41 308
41 331
41 349
41 350
41 364
41 368
41 19
41 23
41 29
41 42
41 73
41 80
41 136
41 178
41 197
41 241
42 207
42 217
42 218
42 219
42 230
42 269
42 292
42 313
42 314
42 317
42 320
42 323
42 326
42 339
42 349
42 351
42 377
42 380
42 383
42 399
42 7
42 29
42 41
42 75
42 103
42 110
42 114
42 138
42 151
42 153
42 175
42 242
43 204
43 216
43 241
43 248
43 255
43 275
43 278
43 279
43 282
43 304
43 306
43 309
43 328
43 346
43 349
43 364
43 373
43 393
43 398
43 2
43 18
43 39
43 51
43 55
43 93
43 104
43 113
43 116
43 156
43 157
43 159
43 170
43 172
43 179
43 192
43 243
44 220
44 255
44 277
44 308
44 316
44 332
44 345
44 359
44 368
44 382
44 383
44 396
44 18
44 167
44 176
44 195
44 244
45 209
45 236
45 240
45 243
45 262
45 264
45 266
45 269
45 278
45 290
45 293
45 338
45 343
45 371
45 374
45 385
45 14
45 66
45 67
45 75
45 77
45 88
45 131
45 191
45 245
46 257
46 267
46 283
46 293
46 320
46 331
46 332
46 340
46 341
46 342
46 351
46 354
46 3
46 30
46 75
46 181
46 246
47 220
47 228
47 235
47 310
47 315
47 326
47 8
47 32
47 62
47 70
47 72
47 121
47 133
47 143
47 189
47 247
48 202
48 210
48 234
48 255
48 256
48 261
48 272
48 276
48 355
48 398
48 5
48 17
48 18
48 57
48 62
48 105
48 112
48 116
48 132
48 142
48 150
48 152
48 157
48 159
48 192
48 194
48 198
48 248
49 210
49 220
49 247
49 316
49 318
49 354
49 370
49 388
49 9
49 14
49 16
49 17
49 26
49 56
49 60
49 70
49 78
49 86
49 97
49 117
49 154
49 166
49 183
49 249
50 215
50 235
50 238
50 276
50 303
50 308
50 335
50 340
50 346
50 359
50 378
50 392
50 17
50 31
50 74
50 94
50 118
50 121
50 170
50 174
50 250
51 255
51 268
51 282
51 301
51 317
51 342
51 369
51 399
51 1
51 19
51 43
51 81
51 105
51 192
51 251
52 232
52 253
52 260
52 263
52 278
52 308
52 340
52 350
52 379
52 387
52 391
52 396
52 398
52 36
52 39
52 89
52 94
52 119
52 141
52 143
52 194
52 196
52 252
53 202
53 209
53 210
53 216
53 236
53 249
53 269
53 291
53 306
53 341
53 354
53 377
53 8
53 11
53 23
53 34
53 35
53 66
53 71
53 73
53 81
53 96
53 253
54 219
54 220
54 228
54 249
54 278
54 287
54 294
54 301
54 340
54 359
54 364
54 367
54 384
54 17
54 102
54 108
54 133
54 140
54 254
55 240
55 263
55 282
55 304
55 331
55 345
55 377
55 24
55 43
55 71
55 77
55 108
55 117
55 133
55 255
56 203
56 222
56 246
56 251
56 260
56 264
56 274
56 277
56 286
56 292
56 296
56 309
56 310
56 331
56 361
56 391
56 23
56 28
56 49
56 68
56 93
56 152
56 187
56 256
57 213
57 228
57 242
57 257
57 263
57 266
57 272
57 274
57 278
57 297
57 313
57 339
57 356
57 357
57 367
57 370
57 383
57 389
57 38
57 48
57 61
57 66
57 70
57 79
57 113
57 134
57 162
57 175
57 185
57 199
58 201
58 263
58 275
58 286
58 294
58 302
58 303
58 363
58 379
58 382
58 395
58 19
58 23
58 88
58 94
58 110
58 112
58 116
58 119
58 159
58 177
58 185
58 188
58 258
59 203
59 214
59 221
59 234
59 241
59 260
59 267
59 284
59 322
59 331
59 346
59 355
59 361
59 394
59 397
59 8
59 14
59 17
59 29
59 31
59 40
59 101
59 109
59 112
59 119
59 124
59 138
59 139
59 153
59 172
59 184
59 259
60 228
60 255
60 261
60 265
60 271
60 289
60 299
60 304
60 305
60 328
60 345
60 354
60 357
60 377
60 387
60 24
60 49
60 64
60 115
60 116
60 196
60 260
61 215
61 246
61 251
61 271
61 287
61 315
61 321
61 337
61 339
61 345
61 363
61 374
61 378
61 380
61 394
61 22
61 26
61 39
61 57
61 77
61 130
61 261
62 210
62 217
62 245
62 256
62 264
62 273
62 274
62 276
62 283
62 370
62 376
62 380
62 391
62 6
62 18
62 35
62 36
62 37
62 47
62 48
62 65
62 89
62 113
62 143
62 165
62 193
62 262
63 205
63 214
63 252
63 261
63 271
63 307
63 308
63 310
63 319
63 335
63 342
63 358
63 370
63 376
63 40
63 65
63 67
63 77
63 90
63 96
63 135
63 136
63 151
63 263
64 200
64 218
64 223
64 234
64 244
64 245
64 269
64 270
64 284
64 326
64 334
64 359
64 373
64 377
64 387
64 390
64 394
64 5
64 22
64 29
64 33
64 38
64 60
64 71
64 72
64 87
64 106
64 118
64 125
64 148
64 155
64 162
64 264
65 220
65 226
65 281
65 292
65 298
65 308
65 310
65 331
65 342
65 375
65 394
65 8
65 40
65 62
65 63
65 66
65 77
65 92
65 126
65 140
65 182
65 192
65 199
65 265
66 205
66 283
66 288
66 343
66 359
66 383
66 12
66 45
66 53
66 57
66 65
66 73
66 102
66 112
66 127
66 143
66 145
66 173
66 196
66 266
67 240
67 247
67 248
67 250
67 258
67 264
67 311
67 312
67 320
67 334
67 361
67 372
67 375
67 7
67 9
67 12
67 45
67 63
67 72
67 80
67 84
67 96
67 116
67 117
67 158
67 175
67 195
67 267
68 216
68 249
68 259
68 277
68 280
68 286
68 292
68 326
68 327
68 339
68 344
68 354
68 360
68 383
68 386
68 13
68 40
68 56
68 86
68 100
68 139
68 188
68 189
68 196
68 268
69 229
69 254
69 255
69 279
69 286
69 291
69 293
69 304
69 327
69 352
69 386
69 397
69 398
69 9
69 12
69 40
69 82
69 104
69 143
69 193
69 197
69 269
70 203
70 239
70 244
70 255
70 262
70 271
70 278
70 315
70 325
70 327
70 348
70 370
70 374
70 381
70 395
70 7
70 47
70 49
70 57
70 77
70 110
70 172
70 184
70 270
71 204
71 213
71 255
71 390
71 0
71 17
71 34
71 53
71 55
71 64
71 79
71 100
71 182
71 271
72 211
72 224
72 225
72 238
72 259
72 261
72 269
72 271
72 273
72 278
72 301
72 344
72 346
72 355
72 387
72 398
72 0
72 22
72 47
72 64
72 67
72 95
72 135
72 143
72 147
72 173
72 181
72 199
72 272
73 211
73 223
73 236
73 245
73 258
73 279
73 294
73 306
73 323
73 377
73 394
73 3
73 12
73 23
73 24
73 41
73 53
73 66
73 82
73 95
73 97
73 108
73 127
73 152
73 156
73 164
73 273
74 209
74 219
74 222
74 225
74 237
74 246
74 252
74 282
74 293
74 321
74 324
74 337
74 338
74 358
74 372
74 0
74 6
74 40
74 50
74 76
74 95
74 174
74 274
75 200
75 203
75 206
75 211
75 216
75 244
75 250
75 271
75 275
75 287
75 306
75 310
75 326
75 335
75 363
75 366
75 377
75 378
75 392
75 15
75 42
75 45
75 46
75 85
75 105
75 106
75 111
75 125
75 159
76 224
76 228
76 244
76 256
76 258
76 259
76 264
76 265
76 306
76 326
76 349
76 353
76 387
76 8
76 18
76 28
76 32
76 38
76 74
76 81
76 99
76 150
76 276
77 236
77 275
77 305
77 320
77 367
77 373
77 398
77 26
77 45
77 55
77 61
77 63
77 65
77 70
77 80
77 102
77 125
77 135
77 149
77 150
77 170
77 199
77 277
78 216
78 219
78 230
78 253
78 267
78 277
78 290
78 294
78 316
78 331
78 334
78 343
78 390
78 33
78 40
78 49
78 88
78 100
78 140
78 162
78 166
78 187
78 278
79 234
79 240
79 248
79 256
79 260
79 265
79 283
79 291
79 350
79 399
79 18
79 29
79 34
79 35
79 57
79 71
79 103
79 111
79 125
79 128
79 129
79 137
79 279
80 214
80 215
80 220
80 248
80 265
80 289
80 322
80 331
80 332
80 343
80 378
80 388
80 3
80 4
80 23
80 32
80 41
80 67
80 77
80 85
80 100
80 118
80 149
80 168
80 189
80 197
80 280
81 205
81 218
81 234
81 243
81 255
81 282
81 306
81 317
81 337
81 340
81 361
81 362
81 365
81 368
81 383
81 399
81 5
81 10
81 28
81 51
81 53
81 76
81 98
81 130
81 140
81 156
81 183
81 188
81 193
81 194
81 195
81 281
82 253
82 291
82 314
82 325
82 346
82 359
82 386
82 2
82 69
82 73
82 86
82 88
82 130
82 146
82 189
82 282
83 202
83 220
83 225
83 279
83 306
83 311
83 314
83 319
83 320
83 324
83 326
83 341
83 347
83 358
83 361
83 366
83 379
83 5
83 13
83 30
83 89
83 95
83 125
83 150
83 157
83 175
83 197
83 283
84 208
84 212
84 218
84 223
84 288
84 359
84 373
84 375
84 381
84 395
84 6
84 16
84 20
84 33
84 67
84 85
84 94
84 129
84 141
84 150
84 157
84 284
85 208
85 226
85 246
85 258
85 262
85 267
85 274
85 277
85 285
85 288
85 299
85 305
85 336
85 337
85 380
85 14
85 29
85 35
85 75
85 80
85 84
85 98
85 99
85 109
85 113
85 121
85 135
85 148
85 193
86 211
86 221
86 247
86 250
86 260
86 264
86 295
86 312
86 332
86 353
86 360
86 372
86 376
86 396
86 24
86 38
86 49
86 68
86 82
86 88
86 103
86 106
86 112
86 126
86 153
86 286
87 210
87 217
87 227
87 250
87 254
87 265
87 312
87 332
87 365
87 27
87 64
87 95
87 115
87 127
87 147
87 156
87 157
87 158
87 172
87 287
88 224
88 249
88 285
88 292
88 301
88 329
88 332
88 340
88 358
88 388
88 393
88 45
88 58
88 78
88 82
88 86
88 99
88 116
88 117
88 141
88 152
88 288
89 200
89 201
89 208
89 212
89 230
89 244
89 245
89 248
89 252
89 264
89 271
89 290
89 294
89 312
89 315
89 320
89 325
89 342
89 367
89 369
89 380
89 382
89 394
89 52
89 62
89 83
89 90
89 117
89 153
89 164
89 179
89 289
90 214
90 222
90 275
90 279
90 335
90 344
90 358
90 359
90 385
90 388
90 396
90 23
90 37
90 63
90 89
90 97
90 118
90 127
90 154
90 169
90 189
90 290
91 200
91 204
91 223
91 247
91 255
91 260
91 275
91 290
91 292
91 294
91 327
91 339
91 360
91 370
91 6
91 112
91 123
91 134
91 159
91 171
91 175
91 177
91 196
91 291
92 232
92 249
92 251
92 263
92 285
92 311
92 318
92 325
92 385
92 4
92 5
92 13
92 18
92 65
92 131
92 134
92 143
92 186
92 188
92 292
93 207
93 217
93 219
93 312
93 321
93 322
93 371
93 386
93 8
93 37
93 43
93 56
93 110
93 112
93 140
93 142
93 151
93 165
93 186
93 190
93 293
94 204
94 229
94 249
94 251
94 282
94 340
94 341
94 23
94 37
94 50
94 52
94 58
94 84
94 99
94 102
94 134
94 135
94 167
94 178
94 191
94 294
95 210
95 227
95 236
95 251
95 270
95 279
95 339
95 348
95 353
95 366
95 370
95 9
95 34
95 38
95 72
95 73
95 74
95 83
95 87
95 111
95 146
95 158
95 169
95 174
95 188
95 295
96 204
96 208
96 212
96 222
96 224
96 239
96 243
96 253
96 255
96 262
96 264
96 280
96 283
96 290
96 303
96 310
96 312
96 320
96 336
96 375
96 380
96 11
96 33
96 53
96 63
96 67
96 103
96 128
96 146
96 156
96 159
96 171
96 179
96 180
96 296
97 215
97 217
97 257
97 258
97 287
97 295
97 319
97 329
97 332
97 355
97 379
97 398
97 17
97 49
97 73
97 90
97 119
97 149
97 150
97 156
97 161
97 168
97 185
97 297
98 211
98 220
98 238
98 241
98 250
98 254
98 286
98 289
98 299
98 329
98 350
98 385
98 9
98 17
98 26
98 31
98 81
98 85
98 106
98 117
98 131
98 143
98 159
98 173
98 298
99 213
99 231
99 240
99 249
99 287
99 299
99 320
99 328
99 340
99 12
99 16
99 76
99 85
99 88
99 94
99 130
99 136
100 207
100 210
100 218
100 270
100 279
100 281
100 305
100 361
100 385
100 394
100 2
100 3
100 8
100 68
100 71
100 78
100 80
100 133
100 142
100 150
100 171
100 300
101 212
101 215
101 249
101 255
101 259
101 277
101 280
101 293
101 295
101 300
101 358
101 360
101 364
101 375
101 379
101 391
101 22
101 33
101 59
101 171
101 184
101 301
102 235
102 288
102 302
102 306
102 310
102 318
102 333
102 338
102 340
102 341
102 352
102 358
102 361
102 364
102 384
102 18
102 24
102 31
102 33
102 37
102 54
102 66
102 77
102 94
102 111
102 137
102 140
102 148
102 155
102 164
102 194
103 201
103 212
103 218
103 233
103 285
103 318
103 322
103 326
103 354
103 357
103 363
103 373
103 387
103 395
103 2
103 7
103 40
103 42
103 79
103 86
103 96
103 106
103 117
103 155
103 171
103 174
103 187
103 303
104 214
104 220
104 291
104 295
104 301
104 311
104 327
104 334
104 339
104 348
104 352
104 368
104 394
104 399
104 7
104 16
104 43
104 69
104 117
104 131
104 133
104 182
104 189
104 190
104 199
104 304
105 218
105 236
105 252
105 254
105 285
105 286
105 298
105 333
105 336
105 338
105 353
105 363
105 5
105 48
105 51
105 75
105 111
105 138
105 153
105 182
105 184
105 190
105 305
106 232
106 243
106 247
106 258
106 327
106 344
106 357
106 382
106 392
106 5
106 13
106 64
106 75
106 86
106 98
106 103
106 108
106 128
106 173
106 178
106 183
106 306
107 210
107 211
107 243
107 253
107 264
107 268
107 282
107 284
107 313
107 325
107 326
107 351
107 352
107 380
107 9
107 14
107 26
107 118
107 168
107 178
107 192
107 307
108 219
108 228
108 251
108 252
108 255
108 257
108 258
108 259
108 274
108 315
108 342
108 350
108 389
108 394
108 16
108 54
108 55
108 73
108 106
108 111
108 141
108 308
109 222
109 236
109 238
109 265
109 276
109 281
109 294
109 308
109 323
109 354
109 362
109 391
109 8
109 9
109 59
109 85
109 123
109 162
109 198
109 309
110 205
110 214
110 221
110 239
110 240
110 263
110 334
110 338
110 371
110 372
110 399
110 4
110 29
110 42
110 58
110 70
110 93
110 133
110 139
110 169
110 310
111 210
111 217
111 232
111 247
111 256
111 264
111 284
111 286
111 303
111 312
111 329
111 343
111 365
111 366
111 370
111 371
111 379
111 4
111 18
111 23
111 25
111 75
111 79
111 95
111 102
111 105
111 108
111 132
111 149
111 311
112 220
112 277
112 282
112 294
112 305
112 48
112 58
112 59
112 66
112 86
112 91
112 93
112 116
112 155
112 169
112 188
112 312
113 205
113 225
113 232
113 266
113 284
113 294
113 304
113 307
113 320
113 341
113 342
113 347
113 355
113 363
113 373
113 43
113 57
113 62
113 85
113 129
113 159
113 167
113 171
113 196
113 313
114 218
114 231
114 253
114 259
114 277
114 283
114 297
114 307
114 372
114 6
114 40
114 42
114 115
114 135
114 171
114 314
115 206
115 208
115 214
115 325
115 339
115 386
115 0
115 14
115 26
115 35
115 60
115 87
115 114
115 117
115 126
115 132
115 135
115 178
115 315
116 212
116 225
116 252
116 261
116 264
116 276
116 337
116 391
116 396
116 43
116 48
116 58
116 60
116 67
116 88
116 112
116 138
116 154
116 169
116 188
116 189
116 190
116 316
117 207
117 213
117 236
117 273
117 276
117 298
117 326
117 328
117 331
117 337
117 338
117 386
117 390
117 391
117 395
117 49
117 55
117 67
117 88
117 89
117 98
117 103
117 104
117 115
117 131
117 140
117 168
117 171
117 179
117 182
117 190
117 193
117 317
118 211
118 212
118 261
118 291
118 306
118 311
118 331
118 339
118 362
118 364
118 367
118 396
118 7
118 23
118 50
118 64
118 80
118 90
118 107
118 136
118 318
119 204
119 212
119 263
119 277
119 322
119 350
119 352
119 353
119 396
119 8
119 29
119 52
119 58
119 59
119 97
119 124
119 176
119 197
119 319
120 214
120 222
120 273
120 292
120 309
120 315
120 324
120 325
120 346
120 347
120 370
120 371
120 374
120 5
120 19
120 133
120 139
120 186
120 320
121 209
121 212
121 219
121 256
121 264
121 281
121 295
121 316
121 338
121 341
121 356
121 389
121 5
121 47
121 50
121 85
121 132
121 191
121 321
122 212
122 223
122 228
122 238
122 278
122 295
122 302
122 330
122 333
122 335
122 354
122 385
122 396
122 29
122 174
122 182
122 322
123 207
123 209
123 213
123 222
123 231
123 291
123 295
123 303
123 319
123 384
123 390
123 0
123 3
123 12
123 35
123 40
123 91
123 109
123 126
123 199
123 323
124 262
124 309
124 327
124 373
124 388
124 397
124 18
124 20
124 24
124 28
124 59
124 119
124 126
124 137
124 167
124 179
124 180
124 324
125 221
125 230
125 250
125 257
125 267
125 273
125 285
125 307
125 309
125 311
125 327
125 334
125 372
125 380
125 4
125 20
125 64
125 75
125 77
125 79
125 83
125 135
125 154
125 166
125 169
125 325
126 204
126 224
126 225
126 226
126 237
126 259
126 302
126 312
126 317
126 335
126 347
126 354
126 394
126 11
126 13
126 16
126 23
126 28
126 65
126 86
126 115
126 123
126 124
126 127
126 129
126 187
126 326
127 201
127 210
127 257
127 261
127 272
127 279
127 319
127 389
127 38
127 66
127 73
127 87
127 90
127 126
127 128
127 132
127 135
127 176
127 177
127 327
128 219
128 226
128 231
128 236
128 246
128 328
128 331
128 334
128 335
128 351
128 396
128 397
128 9
128 79
128 96
128 106
128 127
128 160
128 196
129 231
129 241
129 294
129 324
129 326
129 348
129 362
129 369
129 376
129 377
129 378
129 392
129 18
129 29
129 79
129 84
129 113
129 126
129 130
129 145
129 189
129 193
129 329
130 218
130 220
130 236
130 244
130 263
130 280
130 305
130 330
130 336
130 381
130 10
130 61
130 81
130 82
130 99
130 129
130 144
130 159
130 165
130 179
130 184
131 283
131 296
131 304
131 318
131 341
131 368
131 389
131 392
131 28
131 45
131 92
131 98
131 104
131 117
131 134
131 142
131 162
131 183
131 195
131 331
132 202
132 222
132 230
132 242
132 265
132 304
132 329
132 352
132 363
132 370
132 382
132 394
132 3
132 29
132 38
132 48
132 111
132 115
132 121
132 127
132 135
132 155
132 177
132 192
132 332
133 201
133 217
133 230
133 235
133 244
133 251
133 258
133 261
133 262
133 266
133 279
133 305
133 306
133 320
133 365
133 375
133 385
133 394
133 4
133 19
133 39
133 47
133 54
133 55
133 100
133 104
133 110
133 120
133 135
133 161
133 189
133 333
134 261
134 267
134 272
134 291
134 320
134 361
134 375
134 388
134 40
134 57
134 91
134 92
134 94
134 131
134 195
134 334
135 208
135 209
135 236
135 249
135 255
135 265
135 291
135 299
135 307
135 308
135 344
135 353
135 392
135 1
135 8
135 20
135 32
135 63
135 72
135 77
135 85
135 94
135 114
135 115
135 125
135 127
135 132
135 133
135 167
135 183
135 335
136 223
136 228
136 250
136 266
136 334
136 359
136 5
136 36
136 41
136 63
136 99
136 118
136 140
136 151
136 336
137 200
137 225
137 261
137 268
137 283
137 290
137 299
137 315
137 362
137 368
137 398
137 33
137 79
137 102
137 124
137 153
137 168
137 337
138 265
138 267
138 281
138 295
138 298
138 302
138 317
138 347
138 367
138 392
138 9
138 13
138 27
138 42
138 59
138 105
138 116
138 160
138 163
138 172
138 177
138 181
138 338
139 215
139 226
139 235
139 255
139 292
139 325
139 326
139 347
139 356
139 363
139 365
139 366
139 393
139 5
139 35
139 59
139 68
139 110
139 120
139 145
139 146
139 154
139 339
140 215
140 225
140 232
140 245
140 318
140 336
140 340
140 380
140 14
140 29
140 37
140 54
140 65
140 78
140 81
140 93
140 102
140 117
140 136
140 144
140 171
140 176
140 178
140 182
141 203
141 210
141 218
141 274
141 297
141 306
141 307
141 365
141 379
141 390
141 52
141 84
141 88
141 108
141 144
141 154
141 163
141 175
141 192
141 341
142 205
142 217
142 260
142 267
142 281
142 283
142 306
142 325
142 355
142 48
142 93
142 100
142 131
142 159
142 168
142 342
143 205
143 219
143 221
143 253
143 267
143 313
143 333
143 337
143 349
143 365
143 385
143 395
143 18
143 47
143 52
143 62
143 66
143 69
143 72
143 92
143 98
143 180
143 184
143 343
144 204
144 207
144 209
144 211
144 218
144 274
144 280
144 314
144 370
144 371
144 373
144 374
144 376
144 389
144 390
144 1
144 15
144 130
144 140
144 141
144 151
144 177
144 185
144 344
145 208
145 217
145 269
145 301
145 339
145 371
145 375
145 380
145 384
145 2
145 66
145 129
145 139
145 165
145 345
146 212
146 217
146 240
146 241
146 256
146 289
146 331
146 362
146 377
146 381
146 398
146 2
146 21
146 35
146 38
146 82
146 95
146 96
146 139
146 166
146 175
146 193
146 346
147 236
147 276
147 280
147 288
147 307
147 316
147 339
147 351
147 363
147 389
147 396
147 12
147 35
147 72
147 87
147 157
147 161
147 172
147 347
148 211
148 215
148 243
148 258
148 285
148 338
148 355
148 360
148 22
148 25
148 27
148 36
148 64
148 85
148 102
148 348
149 205
149 207
149 239
149 254
149 294
149 310
149 323
149 334
149 351
149 354
149 375
149 391
149 393
149 14
149 28
149 77
149 80
149 97
149 111
149 349
150 211
150 223
150 242
150 256
150 276
150 281
150 314
150 381
150 386
150 395
150 20
150 28
150 48
150 76
150 77
150 83
150 84
150 97
150 100
150 350
151 212
151 241
151 247
151 282
151 312
151 316
151 324
151 348
151 390
151 12
151 39
151 42
151 63
151 93
151 136
151 144
151 165
151 173
151 192
151 351
152 214
152 227
152 264
152 282
152 298
152 304
152 309
152 310
152 375
152 393
152 397
152 48
152 56
152 73
152 88
152 179
152 194
152 352
153 203
153 225
153 227
153 228
153 262
153 281
153 323
153 341
153 392
153 394
153 15
153 31
153 42
153 59
153 86
153 89
153 105
153 137
153 154
153 158
153 161
153 172
153 353
154 218
154 219
154 235
154 253
154 258
154 269
154 305
154 307
154 338
154 339
154 371
154 396
154 4
154 28
154 49
154 90
154 116
154 125
154 139
154 141
154 153
154 185
154 190
154 354
155 200
155 209
155 221
155 237
155 289
155 293
155 309
155 327
155 344
155 351
155 362
155 364
155 388
155 17
155 19
155 64
155 102
155 103
155 112
155 132
155 179
155 183
155 194
155 196
155 355
156 211
156 223
156 226
156 243
156 293
156 325
156 364
156 376
156 383
156 384
156 396
156 25
156 43
156 73
156 81
156 87
156 96
156 97
156 165
156 178
156 191
156 356
157 252
157 267
157 344
157 348
157 352
157 363
157 382
157 388
157 396
157 21
157 24
157 36
157 43
157 48
157 83
157 84
157 87
157 147
157 182
157 357
158 207
158 208
158 212
158 223
158 250
158 258
158 265
158 280
158 294
158 315
158 358
158 369
158 373
158 375
158 387
158 8
158 15
158 67
158 87
158 95
158 153
158 197
159 216
159 221
159 232
159 233
159 236
159 248
159 269
159 291
159 292
159 296
159 315
159 316
159 334
159 339
159 352
159 366
159 367
159 370
159 372
159 387
159 5
159 25
159 34
159 38
159 43
159 48
159 58
159 75
159 91
159 96
159 98
159 113
159 130
159 142
159 359
160 213
160 221
160 256
160 271
160 290
160 341
160 344
160 345
160 360
160 17
160 33
160 128
160 138
161 206
161 209
161 211
161 236
161 241
161 251
161 279
161 282
161 306
161 319
161 321
161 358
161 379
161 380
161 3
161 25
161 97
161 133
161 147
161 153
161 179
161 180
161 190
161 361
162 207
162 225
162 228
162 233
162 244
162 255
162 292
162 298
162 299
162 305
162 306
162 309
162 312
162 327
162 330
162 346
162 353
162 376
162 383
162 391
162 6
162 12
162 15
162 57
162 64
162 78
162 109
162 131
162 184
162 198
162 362
163 201
163 215
163 236
163 262
163 279
163 292
163 300
163 325
163 328
163 330
163 331
163 352
163 357
163 372
163 390
163 9
163 15
163 16
163 22
163 138
163 141
163 180
163 192
163 363
164 216
164 222
164 226
164 232
164 240
164 249
164 266
164 280
164 301
164 314
164 320
164 321
164 355
164 363
164 3
164 14
164 39
164 73
164 89
164 102
164 179
164 364
165 252
165 258
165 285
165 326
165 333
165 353
165 356
165 365
165 4
165 8
165 11
165 17
165 62
165 93
165 130
165 145
165 151
165 156
165 177
166 210
166 215
166 257
166 259
166 278
166 284
166 312
166 340
166 349
166 399
166 6
166 9
166 30
166 33
166 49
166 78
166 125
166 146
166 366
167 232
167 239
167 252
167 253
167 261
167 269
167 296
167 319
167 325
167 341
167 4
167 9
167 32
167 44
167 94
167 113
167 124
167 135
167 171
167 186
167 367
168 223
168 246
168 257
168 261
168 268
168 277
168 280
168 289
168 292
168 315
168 316
168 328
168 335
168 357
168 399
168 7
168 14
168 27
168 80
168 97
168 107
168 117
168 137
168 142
168 170
168 186
168 198
168 199
168 368
169 222
169 238
169 248
169 259
169 264
169 276
169 277
169 279
169 282
169 307
169 324
169 330
169 332
169 334
169 338
169 343
169 347
169 367
169 381
169 388
169 90
169 95
169 110
169 112
169 116
169 125
169 172
169 194
169 369
170 212
170 221
170 227
170 238
170 243
170 247
170 256
170 267
170 314
170 328
170 332
170 380
170 393
170 394
170 40
170 43
170 50
170 77
170 168
170 175
170 180
170 370
171 212
171 218
171 231
171 250
171 257
171 274
171 278
171 291
171 298
171 327
171 329
171 341
171 345
171 350
171 384
171 10
171 15
171 22
171 28
171 91
171 96
171 100
171 101
171 103
171 113
171 114
171 117
171 140
171 167
171 191
171 195
171 197
171 371
172 239
172 269
172 287
172 307
172 333
172 343
172 359
172 17
172 33
172 43
172 59
172 70
172 87
172 138
172 147
172 153
172 169
172 181
172 372
173 200
173 216
173 220
173 224
173 230
173 249
173 254
173 265
173 274
173 289
173 290
173 291
173 303
173 334
173 335
173 344
173 356
173 375
173 381
173 390
173 4
173 21
173 66
173 72
173 98
173 106
173 151
173 176
173 190
173 373
174 207
174 230
174 252
174 264
174 273
174 281
174 286
174 309
174 326
174 332
174 351
174 358
174 12
174 36
174 50
174 74
174 95
174 103
174 122
174 196
174 374
175 200
175 220
175 229
175 248
175 250
175 272
175 298
175 299
175 315
175 322
175 13
175 42
175 57
175 67
175 83
175 91
175 141
175 146
175 170
175 177
175 375
176 208
176 222
176 223
176 236
176 254
176 285
176 293
176 342
176 367
176 371
176 385
176 392
176 39
176 44
176 119
176 127
176 140
176 173
176 188
176 376
177 204
177 210
177 211
177 227
177 231
177 253
177 276
177 290
177 307
177 308
177 325
177 359
177 376
177 383
177 391
177 37
177 58
177 91
177 127
177 132
177 138
177 144
177 165
177 175
177 198
177 377
178 218
178 230
178 231
178 254
178 317
178 373
178 394
178 19
178 27
178 41
178 94
178 106
178 107
178 115
178 140
178 156
178 196
178 378
179 203
179 228
179 254
179 268
179 280
179 313
179 318
179 330
179 343
179 364
179 378
179 384
179 390
179 8
179 32
179 37
179 43
179 89
179 96
179 117
179 124
179 130
179 152
179 155
179 161
179 164
179 194
179 379
180 292
180 295
180 315
180 323
180 355
180 364
180 16
180 18
180 25
180 96
180 124
180 143
180 161
180 163
180 170
180 380
181 229
181 235
181 239
181 254
181 286
181 293
181 342
181 367
181 38
181 46
181 72
181 138
181 172
181 185
181 381
182 208
182 216
182 230
182 232
182 272
182 295
182 304
182 319
182 323
182 326
182 347
182 364
182 373
182 389
182 8
182 29
182 65
182 71
182 104
182 105
182 117
182 122
182 140
182 157
182 193
182 382
183 213
183 226
183 246
183 256
183 284
183 299
183 305
183 326
183 331
183 365
183 378
183 397
183 399
183 12
183 49
183 81
183 106
183 131
183 135
183 155
183 196
183 383
184 218
184 225
184 228
184 229
184 230
184 237
184 246
184 249
184 273
184 295
184 317
184 320
184 321
184 376
184 397
184 7
184 59
184 70
184 101
184 105
184 130
184 143
184 162
184 196
184 384
185 223
185 229
185 240
185 257
185 277
185 293
185 321
185 324
185 331
185 354
185 361
185 362
185 365
185 379
185 384
185 57
185 58
185 97
185 144
185 154
185 181
185 385
186 223
186 227
186 250
186 253
186 259
186 275
186 291
186 293
186 299
186 303
186 320
186 323
186 356
186 379
186 385
186 393
186 20
186 92
186 93
186 120
186 167
186 168
186 188
186 194
186 198
186 386
187 219
187 224
187 248
187 261
187 268
187 271
187 278
187 311
187 331
187 338
187 349
187 10
187 56
187 78
187 103
187 126
187 387
188 230
188 275
188 294
188 298
188 303
188 306
188 308
188 335
188 343
188 345
188 369
188 372
188 378
188 397
188 58
188 68
188 81
188 92
188 95
188 112
188 116
188 176
188 186
188 388
189 209
189 245
189 263
189 286
189 297
189 309
189 314
189 317
189 354
189 356
189 367
189 11
189 12
189 47
189 68
189 80
189 82
189 90
189 104
189 116
189 129
189 133
189 199
189 389
190 207
190 220
190 260
190 278
190 283
190 284
190 286
190 291
190 293
190 304
190 323
190 347
190 351
190 361
190 367
190 3
190 93
190 104
190 105
190 116
190 117
190 154
190 161
190 173
190 390
191 207
191 222
191 232
191 244
191 251
191 263
191 292
191 323
191 324
191 337
191 349
191 350
191 352
191 355
191 369
191 15
191 21
191 45
191 94
191 121
191 156
191 171
191 391
192 215
192 223
192 233
192 241
192 249
192 282
192 285
192 293
192 301
192 303
192 312
192 329
192 332
192 335
192 347
192 352
192 354
192 358
192 366
192 15
192 30
192 36
192 43
192 48
192 51
192 65
192 107
192 132
192 141
192 151
192 163
192 392
193 265
193 273
193 287
193 315
193 340
193 353
193 369
193 372
193 387
193 388
193 389
193 399
193 20
193 36
193 62
193 69
193 81
193 85
193 117
193 129
193 146
193 182
193 393
194 207
194 209
194 243
194 254
194 264
194 274
194 290
194 297
194 306
194 313
194 325
194 353
194 356
194 362
194 374
194 4
194 5
194 25
194 36
194 48
194 52
194 81
194 102
194 152
194 155
194 169
194 179
194 186
194 394
195 201
195 227
195 236
195 269
195 274
195 284
195 288
195 299
195 303
195 325
195 367
195 378
195 396
195 40
195 44
195 67
195 81
195 131
195 134
195 171
195 395
196 238
196 306
196 321
196 325
196 341
196 398
196 21
196 32
196 52
196 60
196 66
196 68
196 91
196 113
196 128
196 155
196 174
196 178
196 183
196 184
196 396
197 200
197 227
197 250
197 255
197 258
197 259
197 290
197 292
197 303
197 308
197 310
197 342
197 353
197 376
197 1
197 13
197 27
197 33
197 41
197 69
197 80
197 83
197 119
197 158
197 171
197 397
198 202
198 205
198 211
198 213
198 243
198 252
198 263
198 277
198 284
198 287
198 307
198 318
198 335
198 341
198 342
198 351
198 13
198 35
198 48
198 109
198 162
198 168
198 177
198 186
198 199
198 398
199 225
199 281
199 319
199 358
199 363
199 393
199 396
199 22
199 57
199 65
199 72
199 77
199 104
199 123
199 168
199 189
199 198
199 399
200 6
200 7
200 27
200 34
200 40
200 64
200 75
200 89
200 91
200 137
200 155
200 173
200 175
200 197
200 0
201 13
201 58
201 89
201 103
201 127
201 133
201 163
201 195
201 1
202 0
202 7
202 19
202 35
202 38
202 39
202 48
202 53
202 83
202 132
202 198
202 2
203 1
203 3
203 31
203 56
203 59
203 70
203 75
203 141
203 153
203 179
204 24
204 26
204 27
204 43
204 71
204 91
204 94
204 96
204 119
204 126
204 144
204 177
204 4
205 30
205 37
205 63
205 66
205 81
205 110
205 113
205 142
205 143
205 149
205 198
205 5
206 75
206 115
206 161
206 6
207 2
207 17
207 23
207 34
207 35
207 42
207 93
207 100
207 117
207 123
207 144
207 149
207 158
207 162
207 174
207 190
207 191
207 194
207 7
208 5
208 11
208 23
208 84
208 85
208 89
208 96
208 115
208 135
208 145
208 158
208 176
208 182
208 8
209 14
209 26
209 45
209 53
209 74
209 121
209 123
209 135
209 144
209 155
209 161
209 189
209 194
209 9
210 10
210 39
210 41
210 48
210 49
210 53
210 62
210 87
210 95
210 100
210 107
210 111
210 127
210 141
210 166
210 177
211 40
211 72
211 73
211 75
211 86
211 98
211 107
211 118
211 144
211 148
211 150
211 156
211 161
211 177
211 198
211 11
212 6
212 22
212 84
212 89
212 96
212 101
212 103
212 116
212 118
212 119
212 121
212 122
212 146
212 151
212 158
212 170
212 171
212 12
213 6
213 8
213 16
213 17
213 19
213 23
213 26
213 29
213 38
213 57
213 71
213 99
213 117
213 123
213 160
213 183
213 198
213 13
214 12
214 26
214 59
214 63
214 80
214 90
214 104
214 110
214 115
214 120
214 152
214 14
215 8
215 34
215 50
215 61
215 80
215 97
215 101
215 139
215 140
215 148
215 163
215 166
215 192
215 15
216 7
216 26
216 35
216 43
216 53
216 68
216 75
216 78
216 159
216 164
216 173
216 182
216 16
217 38
217 42
217 62
217 87
217 93
217 97
217 111
217 133
217 142
217 145
217 146
217 17
218 9
218 17
218 42
218 64
218 81
218 84
218 100
218 103
218 105
218 114
218 130
218 141
218 144
218 154
218 171
218 178
218 184
218 18
219 42
219 54
219 74
219 78
219 93
219 108
219 121
219 128
219 143
219 154
219 187
219 19
220 7
220 24
220 44
220 47
220 49
220 54
220 65
220 80
220 83
220 98
220 104
220 112
220 130
220 173
220 175
220 190
220 20
221 28
221 59
221 86
221 110
221 125
221 143
221 155
221 159
221 160
221 170
221 21
222 56
222 74
222 90
222 96
222 109
222 120
222 123
222 132
222 164
222 169
222 176
222 191
222 22
223 22
223 38
223 64
223 73
223 84
223 91
223 122
223 136
223 150
223 156
223 158
223 168
223 176
223 185
223 186
223 192
223 23
224 0
224 10
224 17
224 25
224 40
224 72
224 76
224 88
224 96
224 126
224 173
224 187
224 24
225 72
225 74
225 83
225 113
225 116
225 126
225 137
225 140
225 153
225 162
225 184
225 199
225 25
226 37
226 65
226 85
226 126
226 128
226 139
226 156
226 164
226 183
226 26
227 87
227 95
227 152
227 153
227 170
227 177
227 186
227 195
227 197
227 27
228 11
228 37
228 47
228 54
228 57
228 60
228 76
228 108
228 122
228 136
228 153
228 162
228 179
228 184
228 28
229 39
229 69
229 94
229 175
229 181
229 184
229 185
229 29
230 30
230 42
230 78
230 89
230 125
230 132
230 133
230 173
230 174
230 178
230 182
230 184
230 188
231 0
231 99
231 114
231 123
231 128
231 129
231 171
231 177
231 178
231 31
232 2
232 19
232 25
232 52
232 92
232 106
232 111
232 113
232 140
232 159
232 164
232 167
232 182
232 191
232 32
233 103
233 159
233 162
233 192
233 33
234 2
234 13
234 22
234 48
234 59
234 64
234 79
234 81
234 34
235 3
235 11
235 24
235 47
235 50
235 102
235 133
235 139
235 154
235 181
235 35
236 27
236 45
236 53
236 73
236 77
236 95
236 105
236 109
236 117
236 128
236 130
236 135
236 147
236 159
236 161
236 163
236 176
236 195
236 36
237 15
237 22
237 28
237 74
237 126
237 155
237 184
237 37
238 1
238 41
238 50
238 72
238 98
238 109
238 122
238 169
238 170
238 196
238 38
239 12
239 38
239 70
239 96
239 110
239 149
239 167
239 172
239 181
239 39
240 16
240 19
240 45
240 55
240 67
240 79
240 99
240 110
240 146
240 164
240 185
240 40
241 3
241 11
241 12
241 19
241 43
241 59
241 98
241 129
241 146
241 151
241 161
241 192
241 41
242 10
242 29
242 31
242 36
242 38
242 57
242 132
242 150
242 42
243 3
243 5
243 29
243 31
243 34
243 35
243 45
243 81
243 96
243 106
243 107
243 148
243 156
243 170
243 194
243 198
243 43
244 38
244 40
244 64
244 70
244 75
244 76
244 89
244 130
244 133
244 162
244 191
244 44
245 5
245 6
245 11
245 12
245 23
245 31
245 33
245 40
245 62
245 64
245 73
245 89
245 140
245 189
245 45
246 39
246 56
246 61
246 74
246 85
246 128
246 168
246 183
246 184
246 46
247 11
247 49
247 67
247 86
247 91
247 106
247 111
247 151
247 170
247 47
248 25
248 40
248 43
248 67
248 79
248 80
248 89
248 159
248 169
248 175
248 187
248 48
249 10
249 38
249 53
249 54
249 68
249 88
249 92
249 94
249 99
249 101
249 135
249 164
249 173
249 184
249 192
249 49
250 39
250 67
250 75
250 86
250 87
250 98
250 125
250 136
250 158
250 171
250 175
250 186
250 197
250 50
251 15
251 16
251 24
251 31
251 35
251 37
251 56
251 61
251 92
251 94
251 95
251 108
251 133
251 161
251 191
251 51
252 3
252 28
252 32
252 63
252 74
252 89
252 105
252 108
252 116
252 157
252 165
252 167
252 174
252 198
252 52
253 22
253 52
253 78
253 82
253 96
253 107
253 114
253 143
253 154
253 167
253 177
253 186
253 53
254 20
254 37
254 41
254 69
254 87
254 98
254 105
254 149
254 173
254 176
254 178
254 179
254 181
254 194
254 54
255 43
255 44
255 48
255 51
255 60
255 69
255 70
255 71
255 81
255 91
255 96
255 101
255 108
255 135
255 139
255 162
255 197
255 55
256 27
256 48
256 62
256 76
256 79
256 111
256 121
256 146
256 150
256 160
256 170
256 183
256 56
257 2
257 39
257 46
257 57
257 97
257 108
257 125
257 127
257 166
257 168
257 171
257 185
258 22
258 25
258 67
258 73
258 76
258 85
258 97
258 106
258 108
258 133
258 148
258 154
258 158
258 165
258 197
258 58
259 0
259 7
259 8
259 11
259 13
259 22
259 24
259 25
259 40
259 68
259 72
259 76
259 101
259 108
259 114
259 126
259 166
259 169
259 186
259 197
259 59
260 24
260 52
260 56
260 59
260 79
260 86
260 91
260 142
260 190
260 60
261 21
261 48
261 60
261 63
261 72
261 116
261 118
261 127
261 133
261 134
261 137
261 167
261 168
261 187
261 61
262 6
262 23
262 28
262 45
262 70
262 85
262 96
262 124
262 133
262 153
262 163
262 62
263 11
263 16
263 24
263 31
263 52
263 55
263 57
263 58
263 92
263 110
263 119
263 130
263 189
263 191
263 198
263 63
264 5
264 6
264 13
264 23
264 26
264 45
264 56
264 62
264 67
264 76
264 86
264 89
264 96
264 107
264 111
264 116
264 121
264 152
264 169
264 174
264 194
264 64
265 2
265 24
265 25
265 35
265 41
265 60
265 76
265 79
265 80
265 87
265 109
265 132
265 135
265 138
265 158
265 173
265 193
265 65
266 11
266 19
266 45
266 57
266 113
266 133
266 136
266 164
266 66
267 3
267 8
267 24
267 29
267 33
267 46
267 59
267 78
267 85
267 125
267 134
267 138
267 142
267 143
267 157
267 170
267 67
268 51
268 107
268 137
268 168
268 179
268 187
268 68
269 9
269 34
269 36
269 42
269 45
269 53
269 64
269 72
269 145
269 154
269 159
269 167
269 172
269 195
269 69
270 25
270 26
270 41
270 64
270 95
270 100
270 70
271 4
271 11
271 21
271 60
271 61
271 63
271 70
271 72
271 75
271 89
271 160
271 187
271 71
272 0
272 8
272 19
272 27
272 48
272 57
272 127
272 134
272 175
272 182
272 72
273 39
273 62
273 72
273 117
273 120
273 125
273 174
273 184
273 193
273 73
274 56
274 57
274 62
274 85
274 108
274 141
274 144
274 171
274 173
274 194
274 195
274 74
275 11
275 37
275 43
275 58
275 75
275 77
275 90
275 91
275 186
275 188
276 19
276 48
276 50
276 62
276 109
276 116
276 117
276 147
276 150
276 169
276 177
276 76
277 11
277 27
277 34
277 44
277 56
277 68
277 78
277 85
277 101
277 112
277 114
277 119
277 168
277 169
277 185
277 198
277 77
278 13
278 18
278 20
278 33
278 35
278 43
278 45
278 52
278 54
278 57
278 70
278 72
278 122
278 166
278 171
278 187
278 190
278 78
279 43
279 69
279 73
279 83
279 90
279 95
279 100
279 127
279 133
279 161
279 163
279 169
279 79
280 24
280 68
280 96
280 101
280 130
280 144
280 147
280 158
280 164
280 168
280 179
280 80
281 5
281 25
281 65
281 100
281 109
281 121
281 138
281 142
281 150
281 153
281 174
281 199
281 81
282 1
282 6
282 43
282 51
282 55
282 74
282 81
282 94
282 107
282 112
282 151
282 152
282 161
282 169
282 192
282 82
283 1
283 9
283 10
283 46
283 62
283 66
283 79
283 96
283 114
283 131
283 137
283 142
283 190
283 83
284 37
284 59
284 64
284 107
284 111
284 113
284 166
284 183
284 190
284 195
284 198
284 84
285 40
285 85
285 88
285 92
285 103
285 105
285 125
285 148
285 165
285 176
285 192
286 8
286 20
286 30
286 38
286 56
286 58
286 68
286 69
286 98
286 105
286 111
286 174
286 181
286 189
286 190
286 86
287 31
287 54
287 61
287 75
287 97
287 99
287 172
287 193
287 198
287 87
288 11
288 18
288 25
288 66
288 84
288 85
288 102
288 147
288 195
288 88
289 16
289 25
289 26
289 60
289 80
289 98
289 146
289 155
289 168
289 173
289 89
290 14
290 16
290 18
290 25
290 39
290 45
290 78
290 89
290 91
290 96
290 137
290 160
290 173
290 177
290 194
290 197
290 90
291 10
291 16
291 32
291 53
291 69
291 79
291 82
291 104
291 118
291 123
291 134
291 135
291 159
291 171
291 173
291 186
291 190
291 91
292 27
292 36
292 42
292 56
292 65
292 68
292 88
292 91
292 120
292 139
292 159
292 162
292 163
292 168
292 180
292 191
292 197
292 92
293 23
293 45
293 46
293 69
293 74
293 101
293 155
293 156
293 176
293 181
293 185
293 186
293 190
293 192
293 93
294 41
294 54
294 58
294 73
294 78
294 89
294 91
294 109
294 112
294 113
294 129
294 149
294 158
294 188
294 94
295 8
295 38
295 86
295 97
295 101
295 104
295 121
295 122
295 123
295 138
295 180
295 182
295 184
295 95
296 26
296 28
296 36
296 56
296 131
296 159
296 167
296 96
297 0
297 13
297 36
297 57
297 114
297 141
297 189
297 194
297 97
298 5
298 8
298 13
298 26
298 33
298 65
298 105
298 117
298 138
298 152
298 162
298 171
298 175
298 188
298 98
299 14
299 27
299 30
299 60
299 85
299 98
299 99
299 135
299 137
299 162
299 175
299 183
299 186
299 195
300 23
300 32
300 37
300 101
300 163
300 100
301 3
301 4
301 10
301 40
301 51
301 54
301 72
301 88
301 104
301 145
301 164
301 192
301 101
302 7
302 10
302 14
302 40
302 58
302 102
302 122
302 126
302 138
303 4
303 27
303 50
303 58
303 96
303 111
303 123
303 173
303 186
303 188
303 192
303 195
303 197
303 103
304 23
304 35
304 43
304 55
304 60
304 69
304 113
304 131
304 132
304 152
304 182
304 190
304 104
305 32
305 60
305 77
305 85
305 100
305 112
305 130
305 133
305 154
305 162
305 183
305 105
306 2
306 43
306 53
306 73
306 75
306 76
306 81
306 83
306 102
306 118
306 133
306 141
306 142
306 161
306 162
306 188
306 194
306 196
306 106
307 63
307 113
307 114
307 125
307 135
307 141
307 147
307 154
307 169
307 172
307 177
307 198
307 107
308 2
308 22
308 25
308 41
308 44
308 50
308 52
308 63
308 65
308 109
308 135
308 177
308 188
308 197
308 108
309 8
309 23
309 43
309 56
309 120
309 124
309 125
309 152
309 155
309 162
309 174
309 189
309 109
310 28
310 35
310 36
310 47
310 56
310 63
310 65
310 75
310 96
310 102
310 149
310 152
310 197
310 110
311 67
311 83
311 92
311 104
311 118
311 125
311 187
311 111
312 1
312 14
312 15
312 30
312 32
312 67
312 86
312 87
312 89
312 93
312 96
312 111
312 126
312 151
312 162
312 166
312 192
312 112
313 42
313 57
313 107
313 143
313 179
313 194
313 113
314 1
314 8
314 28
314 42
314 82
314 83
314 144
314 150
314 164
314 170
314 189
314 114
315 2
315 18
315 20
315 26
315 47
315 61
315 70
315 89
315 108
315 120
315 137
315 158
315 159
315 168
315 175
315 180
315 193
315 115
316 8
316 36
316 44
316 49
316 78
316 121
316 147
316 151
316 159
316 168
316 116
317 4
317 34
317 42
317 51
317 81
317 126
317 138
317 178
317 184
317 189
317 117
318 37
318 49
318 92
318 102
318 103
318 131
318 140
318 179
318 198
318 118
319 13
319 20
319 22
319 24
319 63
319 83
319 97
319 123
319 127
319 161
319 167
319 182
319 199
319 119
320 9
320 10
320 30
320 42
320 46
320 67
320 77
320 83
320 89
320 96
320 99
320 113
320 133
320 134
320 164
320 184
320 186
320 120
321 2
321 14
321 23
321 61
321 74
321 93
321 161
321 164
321 184
321 185
321 196
321 121
322 3
322 9
322 19
322 59
322 80
322 93
322 103
322 119
322 175
322 122
323 0
323 22
323 42
323 73
323 109
323 149
323 153
323 180
323 182
323 186
323 190
323 191
323 123
324 13
324 25
324 39
324 74
324 83
324 120
324 129
324 151
324 169
324 185
324 191
324 124
325 21
325 70
325 82
325 89
325 92
325 107
325 115
325 120
325 139
325 142
325 156
325 163
325 167
325 177
325 194
325 195
325 196
325 125
326 0
326 9
326 17
326 32
326 42
326 47
326 64
326 68
326 75
326 76
326 83
326 103
326 107
326 117
326 129
326 139
326 165
326 174
326 182
326 183
326 126
327 23
327 31
327 39
327 68
327 69
327 70
327 91
327 104
327 106
327 124
327 125
327 155
327 162
327 171
327 127
328 20
328 43
328 60
328 99
328 117
328 128
328 163
328 168
328 170
329 22
329 25
329 40
329 88
329 97
329 98
329 111
329 132
329 171
329 192
329 129
330 40
330 122
330 130
330 162
330 163
330 169
330 179
331 39
331 41
331 46
331 55
331 56
331 59
331 65
331 78
331 80
331 117
331 118
331 128
331 146
331 163
331 183
331 185
331 187
331 131
332 21
332 23
332 26
332 40
332 44
332 46
332 80
332 86
332 87
332 88
332 97
332 169
332 170
332 174
332 192
332 132
333 40
333 102
333 105
333 122
333 143
333 165
333 172
333 133
334 19
334 33
334 64
334 67
334 78
334 104
334 110
334 125
334 128
334 136
334 149
334 159
334 169
334 173
334 134
335 3
335 25
335 50
335 63
335 75
335 90
335 122
335 126
335 128
335 168
335 173
335 188
335 192
335 198
335 135
336 9
336 85
336 96
336 105
336 130
336 140
336 136
337 14
337 29
337 61
337 74
337 81
337 85
337 116
337 117
337 143
337 191
337 137
338 45
338 74
338 102
338 105
338 110
338 117
338 121
338 148
338 154
338 169
338 187
338 138
339 34
339 42
339 57
339 61
339 68
339 91
339 95
339 104
339 115
339 118
339 145
339 147
339 154
339 159
339 139
340 11
340 46
340 50
340 52
340 54
340 81
340 88
340 94
340 99
340 102
340 140
340 166
340 193
341 6
341 7
341 14
341 19
341 46
341 53
341 83
341 94
341 102
341 113
341 121
341 131
341 153
341 160
341 167
341 171
341 196
341 198
341 141
342 10
342 12
342 16
342 33
342 46
342 51
342 63
342 65
342 89
342 108
342 113
342 176
342 181
342 197
342 198
342 142
343 8
343 19
343 36
343 37
343 45
343 66
343 78
343 80
343 111
343 169
343 172
343 179
343 188
343 143
344 12
344 18
344 24
344 68
344 72
344 90
344 106
344 135
344 155
344 157
344 160
344 173
344 144
345 1
345 6
345 8
345 44
345 55
345 60
345 61
345 160
345 171
345 188
345 145
346 1
346 2
346 6
346 13
346 43
346 50
346 59
346 72
346 82
346 120
346 162
346 146
347 10
347 12
347 83
347 113
347 120
347 126
347 138
347 139
347 169
347 182
347 190
347 192
347 147
348 19
348 70
348 95
348 104
348 129
348 151
348 157
348 148
349 41
349 42
349 43
349 76
349 143
349 166
349 187
349 191
349 149
350 1
350 30
350 41
350 52
350 79
350 98
350 108
350 119
350 171
350 191
350 150
351 5
351 42
351 46
351 107
351 128
351 147
351 149
351 155
351 174
351 190
351 198
351 151
352 19
352 29
352 40
352 69
352 102
352 104
352 107
352 119
352 132
352 157
352 159
352 163
352 191
352 192
352 152
353 14
353 23
353 76
353 86
353 95
353 105
353 119
353 135
353 162
353 165
353 193
353 194
353 197
353 153
354 11
354 15
354 25
354 37
354 46
354 49
354 53
354 60
354 68
354 103
354 109
354 122
354 126
354 149
354 185
354 189
354 192
354 154
355 48
355 59
355 72
355 97
355 113
355 142
355 148
355 164
355 180
355 191
355 155
356 31
356 57
356 121
356 139
356 165
356 173
356 186
356 189
356 194
356 156
357 5
357 57
357 60
357 103
357 106
357 163
357 168
357 157
358 12
358 33
358 63
358 74
358 83
358 88
358 90
358 101
358 102
358 158
358 161
358 174
358 192
358 199
359 14
359 31
359 36
359 44
359 50
359 54
359 64
359 66
359 82
359 84
359 90
359 136
359 172
359 177
359 159
360 1
360 12
360 21
360 68
360 86
360 91
360 101
360 148
360 160
361 11
361 56
361 59
361 67
361 81
361 83
361 100
361 102
361 134
361 185
361 190
361 161
362 2
362 3
362 22
362 81
362 109
362 118
362 129
362 137
362 146
362 155
362 185
362 194
362 162
363 16
363 21
363 38
363 58
363 61
363 75
363 103
363 105
363 113
363 132
363 139
363 147
363 157
363 164
363 199
363 163
364 13
364 35
364 36
364 41
364 43
364 54
364 101
364 102
364 118
364 155
364 156
364 179
364 180
364 182
364 164
365 0
365 14
365 81
365 87
365 111
365 133
365 139
365 141
365 143
365 165
365 183
365 185
366 75
366 83
366 95
366 111
366 139
366 159
366 192
366 166
367 54
367 57
367 77
367 89
367 118
367 138
367 159
367 169
367 176
367 181
367 189
367 190
367 195
367 167
368 5
368 20
368 26
368 41
368 44
368 81
368 104
368 131
368 137
368 168
369 18
369 19
369 51
369 89
369 129
369 158
369 188
369 191
369 193
369 169
370 49
370 57
370 62
370 63
370 70
370 91
370 95
370 111
370 120
370 132
370 144
370 159
370 170
371 9
371 12
371 29
371 30
371 36
371 45
371 93
371 110
371 111
371 120
371 144
371 145
371 154
371 176
371 171
372 19
372 22
372 24
372 34
372 40
372 67
372 74
372 86
372 110
372 114
372 125
372 159
372 163
372 188
372 193
372 172
373 2
373 13
373 19
373 43
373 64
373 77
373 84
373 103
373 113
373 124
373 144
373 158
373 178
373 182
373 173
374 36
374 45
374 61
374 70
374 120
374 144
374 194
374 174
375 4
375 14
375 24
375 33
375 65
375 67
375 84
375 96
375 101
375 133
375 134
375 145
375 149
375 152
375 158
375 173
375 175
376 29
376 62
376 63
376 86
376 129
376 144
376 156
376 162
376 177
376 184
376 197
376 176
377 8
377 13
377 30
377 35
377 42
377 53
377 55
377 60
377 64
377 73
377 75
377 129
377 146
377 177
378 50
378 61
378 75
378 80
378 129
378 179
378 183
378 188
378 195
378 178
379 12
379 26
379 52
379 58
379 83
379 97
379 101
379 111
379 141
379 161
379 185
379 186
379 179
380 7
380 17
380 38
380 42
380 61
380 62
380 85
380 89
380 96
380 107
380 125
380 140
380 145
380 161
380 170
380 180
381 4
381 9
381 19
381 32
381 33
381 70
381 84
381 130
381 146
381 150
381 169
381 173
381 181
382 13
382 29
382 33
382 36
382 40
382 44
382 58
382 89
382 106
382 132
382 157
382 182
383 10
383 42
383 44
383 57
383 66
383 68
383 81
383 156
383 162
383 177
383 183
384 13
384 25
384 34
384 36
384 54
384 102
384 123
384 145
384 156
384 171
384 179
384 185
384 184
385 6
385 9
385 25
385 45
385 90
385 92
385 98
385 100
385 122
385 133
385 143
385 176
385 186
385 185
386 5
386 6
386 7
386 68
386 69
386 82
386 93
386 115
386 117
386 150
386 186
387 15
387 29
387 40
387 52
387 60
387 64
387 72
387 76
387 103
387 158
387 159
387 193
387 187
388 18
388 49
388 80
388 88
388 90
388 124
388 134
388 155
388 157
388 169
388 193
388 188
389 13
389 19
389 33
389 40
389 57
389 108
389 121
389 127
389 131
389 144
389 147
389 182
389 193
389 189
390 15
390 16
390 64
390 71
390 78
390 117
390 123
390 141
390 144
390 151
390 163
390 173
390 179
390 190
391 13
391 14
391 22
391 52
391 56
391 62
391 101
391 109
391 116
391 117
391 149
391 162
391 177
391 191
392 50
392 75
392 106
392 129
392 131
392 135
392 138
392 153
392 176
392 192
393 43
393 88
393 139
393 149
393 152
393 170
393 186
393 199
393 193
394 19
394 28
394 37
394 59
394 61
394 64
394 65
394 73
394 89
394 100
394 104
394 108
394 126
394 132
394 133
394 153
394 170
394 178
394 194
395 36
395 58
395 70
395 84
395 103
395 117
395 143
395 150
395 195
396 15
396 19
396 22
396 44
396 52
396 86
396 90
396 116
396 118
396 119
396 122
396 128
396 147
396 154
396 156
396 157
396 195
396 199
396 196
397 8
397 23
397 27
397 36
397 39
397 59
397 69
397 124
397 128
397 152
397 183
397 184
397 188
397 197
398 0
398 1
398 18
398 24
398 43
398 48
398 52
398 69
398 72
398 77
398 97
398 137
398 146
398 196
398 198
399 8
399 23
399 42
399 51
399 79
399 81
399 104
399 110
399 166
399 168
399 183
399 193
399 199
