  100   658
0 57
0 58
0 61
0 68
0 69
0 72
0 73
0 76
0 84
0 3
0 5
0 9
0 17
0 26
0 41
0 50
1 55
1 70
1 96
1 98
1 99
1 2
1 20
1 21
1 24
1 31
1 36
1 46
1 51
2 50
2 58
2 60
2 64
2 66
2 68
2 71
2 73
2 80
2 84
2 90
2 91
2 1
2 16
2 19
2 22
2 31
2 52
3 50
3 52
3 56
3 62
3 63
3 73
3 74
3 87
3 94
3 0
3 24
3 31
3 43
3 44
3 53
4 52
4 55
4 59
4 61
4 72
4 74
4 81
4 87
4 90
4 16
4 33
4 49
4 54
5 59
5 64
5 65
5 68
5 79
5 82
5 84
5 92
5 95
5 98
5 0
5 48
5 55
6 62
6 77
6 82
6 91
6 93
6 95
6 42
6 56
7 52
7 56
7 58
7 64
7 67
7 69
7 75
7 84
7 86
7 87
7 91
7 94
7 98
7 12
7 36
7 37
7 41
7 42
7 46
7 57
8 51
8 56
8 58
8 59
8 68
8 69
8 70
8 71
8 75
8 77
8 82
8 88
8 89
8 90
8 94
8 18
8 31
8 32
8 44
9 55
9 58
9 66
9 70
9 74
9 77
9 87
9 0
9 11
9 13
9 17
9 28
9 43
9 59
10 52
10 61
10 64
10 66
10 67
10 70
10 85
10 88
10 95
10 96
10 97
10 23
10 37
10 60
11 54
11 59
11 60
11 61
11 64
11 67
11 75
11 85
11 97
11 9
11 14
11 39
12 56
12 60
12 64
12 67
12 68
12 71
12 80
12 81
12 83
12 86
12 87
12 92
12 94
12 96
12 7
12 15
12 35
12 39
12 62
13 52
13 57
13 58
13 63
13 70
13 72
13 73
13 77
13 81
13 82
13 92
13 97
13 9
13 16
13 21
14 60
14 64
14 71
14 72
14 75
14 76
14 78
14 89
14 94
14 11
14 18
14 19
14 29
15 56
15 57
15 61
15 64
15 65
15 71
15 74
15 82
15 83
15 86
15 87
15 90
15 92
15 94
15 95
15 97
15 98
15 12
15 16
15 17
15 37
15 40
15 49
16 53
16 56
16 73
16 74
16 78
16 82
16 84
16 87
16 89
16 90
16 96
16 2
16 4
16 13
16 15
16 17
16 18
16 23
16 39
16 46
16 66
17 52
17 58
17 60
17 61
17 63
17 66
17 69
17 71
17 77
17 78
17 90
17 0
17 9
17 15
17 16
17 20
17 32
17 33
17 37
17 67
18 50
18 60
18 61
18 67
18 69
18 70
18 78
18 83
18 87
18 94
18 98
18 8
18 14
18 16
18 27
18 31
18 68
19 51
19 54
19 56
19 57
19 58
19 59
19 63
19 77
19 86
19 90
19 93
19 94
19 2
19 14
19 25
19 40
19 69
20 50
20 53
20 55
20 58
20 69
20 77
20 78
20 80
20 83
20 87
20 96
20 97
20 99
20 1
20 17
20 34
20 70
21 50
21 51
21 55
21 66
21 68
21 70
21 72
21 79
21 84
21 89
21 91
21 92
21 99
21 1
21 13
21 41
21 47
21 48
21 71
22 53
22 54
22 56
22 60
22 66
22 76
22 77
22 80
22 82
22 86
22 90
22 96
22 97
22 2
22 34
22 47
22 48
22 72
23 50
23 53
23 57
23 70
23 75
23 87
23 88
23 92
23 94
23 10
23 16
23 29
23 31
23 37
23 38
23 73
24 57
24 60
24 62
24 64
24 65
24 66
24 67
24 75
24 85
24 1
24 3
24 26
24 30
24 31
24 35
24 74
25 54
25 63
25 80
25 90
25 97
25 99
25 19
25 43
25 75
26 51
26 52
26 66
26 73
26 77
26 84
26 88
26 91
26 0
26 24
26 42
26 44
26 45
26 76
27 55
27 60
27 61
27 74
27 99
27 18
27 77
28 55
28 70
28 74
28 75
28 80
28 81
28 82
28 89
28 90
28 9
28 45
28 78
29 52
29 66
29 67
29 74
29 76
29 82
29 86
29 87
29 98
29 14
29 23
29 30
29 48
29 79
30 53
30 58
30 62
30 64
30 66
30 67
30 70
30 73
30 74
30 75
30 79
30 80
30 85
30 93
30 98
30 24
30 29
30 31
30 38
30 40
31 50
31 58
31 69
31 75
31 77
31 79
31 81
31 83
31 84
31 88
31 92
31 94
31 1
31 2
31 3
31 8
31 18
31 23
31 24
31 30
31 49
32 55
32 58
32 82
32 87
32 91
32 96
32 8
32 17
32 37
32 38
32 44
33 50
33 59
33 62
33 70
33 85
33 89
33 92
33 93
33 95
33 96
33 4
33 17
33 83
34 54
34 56
34 70
34 71
34 78
34 94
34 99
34 20
34 22
34 38
34 84
35 67
35 68
35 72
35 74
35 77
35 80
35 93
35 98
35 12
35 24
35 46
35 85
36 62
36 64
36 66
36 67
36 71
36 86
36 88
36 89
36 91
36 94
36 1
36 7
36 48
36 49
37 50
37 51
37 55
37 56
37 57
37 59
37 70
37 72
37 76
37 85
37 87
37 88
37 97
37 7
37 10
37 15
37 17
37 23
37 32
37 42
38 55
38 56
38 60
38 64
38 70
38 80
38 81
38 83
38 84
38 86
38 91
38 97
38 23
38 30
38 32
38 34
38 88
39 66
39 73
39 76
39 78
39 85
39 94
39 11
39 12
39 16
39 89
40 51
40 52
40 73
40 81
40 91
40 92
40 93
40 95
40 15
40 19
40 30
40 90
41 52
41 69
41 71
41 92
41 93
41 97
41 98
41 0
41 7
41 21
41 91
42 53
42 55
42 56
42 57
42 66
42 67
42 74
42 81
42 89
42 6
42 7
42 26
42 37
42 44
42 92
43 50
43 51
43 54
43 56
43 65
43 69
43 70
43 72
43 73
43 77
43 79
43 93
43 95
43 98
43 3
43 9
43 25
43 47
44 51
44 54
44 55
44 58
44 70
44 76
44 79
44 81
44 83
44 3
44 8
44 26
44 32
44 42
44 94
45 56
45 64
45 65
45 68
45 79
45 87
45 88
45 94
45 99
45 26
45 28
45 95
46 52
46 53
46 54
46 66
46 67
46 69
46 86
46 87
46 92
46 95
46 96
46 98
46 99
46 1
46 7
46 16
46 35
46 47
47 52
47 53
47 54
47 58
47 60
47 67
47 69
47 73
47 76
47 77
47 86
47 93
47 99
47 21
47 22
47 43
47 46
47 97
48 53
48 54
48 59
48 60
48 64
48 69
48 77
48 85
48 86
48 89
48 99
48 5
48 21
48 22
48 29
48 36
48 98
49 51
49 56
49 57
49 58
49 62
49 67
49 70
49 72
49 80
49 85
49 86
49 91
49 92
49 97
49 4
49 15
49 31
49 36
49 99
50 2
50 3
50 18
50 20
50 21
50 23
50 31
50 33
50 37
50 43
50 0
51 8
51 19
51 21
51 26
51 37
51 40
51 43
51 44
51 49
51 1
52 3
52 4
52 7
52 10
52 13
52 17
52 26
52 29
52 40
52 41
52 46
52 47
52 2
53 16
53 20
53 22
53 23
53 30
53 42
53 46
53 47
53 48
53 3
54 11
54 19
54 22
54 25
54 34
54 43
54 44
54 46
54 47
54 48
54 4
55 1
55 4
55 9
55 20
55 21
55 27
55 28
55 32
55 37
55 38
55 42
55 44
55 5
56 3
56 7
56 8
56 12
56 15
56 16
56 19
56 22
56 34
56 37
56 38
56 42
56 43
56 45
56 49
56 6
57 0
57 13
57 15
57 19
57 23
57 24
57 37
57 42
57 49
57 7
58 0
58 2
58 7
58 8
58 9
58 13
58 17
58 19
58 20
58 30
58 31
58 32
58 44
58 47
58 49
59 4
59 5
59 8
59 11
59 19
59 33
59 37
59 48
59 9
60 2
60 11
60 12
60 14
60 17
60 18
60 22
60 24
60 27
60 38
60 47
60 48
60 10
61 0
61 4
61 10
61 11
61 15
61 17
61 18
61 27
62 3
62 6
62 24
62 30
62 33
62 36
62 49
62 12
63 3
63 13
63 17
63 19
63 25
64 2
64 5
64 7
64 10
64 11
64 12
64 14
64 15
64 24
64 30
64 36
64 38
64 45
64 48
65 5
65 15
65 24
65 43
65 45
66 2
66 9
66 10
66 17
66 21
66 22
66 24
66 26
66 29
66 30
66 36
66 39
66 42
66 46
66 16
67 7
67 10
67 11
67 12
67 18
67 24
67 29
67 30
67 35
67 36
67 42
67 46
67 47
67 49
67 17
68 0
68 2
68 5
68 8
68 12
68 21
68 35
68 45
68 18
69 0
69 7
69 8
69 17
69 18
69 20
69 31
69 41
69 43
69 46
69 47
69 48
69 19
70 1
70 8
70 9
70 10
70 13
70 18
70 21
70 23
70 28
70 30
70 33
70 34
70 37
70 38
70 43
70 44
70 49
70 20
71 2
71 8
71 12
71 14
71 15
71 17
71 34
71 36
71 41
71 21
72 0
72 4
72 13
72 14
72 21
72 35
72 37
72 43
72 49
72 22
73 0
73 2
73 3
73 13
73 16
73 26
73 30
73 39
73 40
73 43
73 47
73 23
74 3
74 4
74 9
74 15
74 16
74 27
74 28
74 29
74 30
74 35
74 42
74 24
75 7
75 8
75 11
75 14
75 23
75 24
75 28
75 30
75 31
75 25
76 0
76 14
76 22
76 29
76 37
76 39
76 44
76 47
76 26
77 6
77 8
77 9
77 13
77 17
77 19
77 20
77 22
77 26
77 31
77 35
77 43
77 47
77 48
77 27
78 14
78 16
78 17
78 18
78 20
78 34
78 39
78 28
79 5
79 21
79 30
79 31
79 43
79 44
79 45
79 29
80 2
80 12
80 20
80 22
80 25
80 28
80 30
80 35
80 38
80 49
81 4
81 12
81 13
81 28
81 31
81 38
81 40
81 42
81 44
82 5
82 6
82 8
82 13
82 15
82 16
82 22
82 28
82 29
82 32
83 12
83 15
83 18
83 20
83 31
83 38
83 44
83 33
84 0
84 2
84 5
84 7
84 16
84 21
84 26
84 31
84 38
84 34
85 10
85 11
85 24
85 30
85 33
85 37
85 39
85 48
85 49
85 35
86 7
86 12
86 15
86 19
86 22
86 29
86 36
86 38
86 46
86 47
86 48
86 49
87 3
87 4
87 7
87 9
87 12
87 15
87 16
87 18
87 20
87 23
87 29
87 32
87 37
87 45
87 46
88 8
88 10
88 23
88 26
88 31
88 36
88 37
88 45
88 38
89 8
89 14
89 16
89 21
89 28
89 33
89 36
89 42
89 48
89 39
90 2
90 4
90 8
90 15
90 16
90 17
90 19
90 22
90 25
90 28
90 40
91 2
91 6
91 7
91 21
91 26
91 32
91 36
91 38
91 40
91 49
91 41
92 5
92 12
92 13
92 15
92 21
92 23
92 31
92 33
92 40
92 41
92 46
92 49
92 42
93 6
93 19
93 30
93 33
93 35
93 40
93 41
93 43
93 47
94 3
94 7
94 8
94 12
94 14
94 15
94 18
94 19
94 23
94 31
94 34
94 36
94 39
94 45
94 44
95 5
95 6
95 10
95 15
95 33
95 40
95 43
95 46
95 45
96 1
96 10
96 12
96 16
96 20
96 22
96 32
96 33
96 46
97 10
97 11
97 13
97 15
97 20
97 22
97 25
97 37
97 38
97 41
97 49
97 47
98 1
98 5
98 7
98 15
98 18
98 29
98 30
98 35
98 41
98 43
98 46
98 48
99 1
99 20
99 21
99 25
99 27
99 34
99 45
99 46
99 47
99 48
99 49
