  500   3975
0 288
0 318
0 326
0 337
0 361
0 363
0 385
0 403
0 461
0 493
0 176
0 215
0 227
0 250
1 254
1 261
1 324
1 336
1 423
1 429
1 454
1 466
1 96
1 234
1 251
2 263
2 295
2 314
2 334
2 485
2 121
2 190
2 234
2 252
3 252
3 266
3 316
3 358
3 386
3 388
3 428
3 465
3 477
3 496
3 28
3 119
3 149
3 157
3 208
3 225
3 253
4 261
4 308
4 318
4 387
4 422
4 441
4 452
4 459
4 25
4 33
4 103
4 142
4 186
4 222
4 254
5 279
5 299
5 308
5 324
5 336
5 363
5 407
5 430
5 431
5 460
5 468
5 470
5 497
5 16
5 43
5 101
5 157
5 176
5 255
6 255
6 257
6 260
6 264
6 279
6 308
6 317
6 397
6 439
6 441
6 448
6 450
6 451
6 494
6 69
6 128
6 161
6 170
6 186
6 256
7 327
7 361
7 375
7 377
7 403
7 420
7 436
7 462
7 44
7 47
7 90
7 193
7 257
8 285
8 295
8 326
8 348
8 357
8 358
8 372
8 396
8 427
8 443
8 480
8 481
8 145
8 244
8 258
9 266
9 280
9 297
9 319
9 323
9 326
9 358
9 369
9 372
9 385
9 386
9 431
9 456
9 480
9 25
9 83
9 132
9 180
9 236
9 259
10 258
10 266
10 275
10 285
10 323
10 344
10 410
10 480
10 487
10 496
10 54
10 61
10 98
10 110
10 111
10 147
10 149
10 162
10 190
10 193
10 196
10 231
10 260
11 264
11 281
11 290
11 299
11 314
11 345
11 366
11 391
11 394
11 418
11 444
11 482
11 63
11 91
11 117
11 150
11 243
11 261
12 265
12 271
12 273
12 291
12 332
12 333
12 372
12 375
12 439
12 474
12 479
12 492
12 119
12 209
12 262
13 267
13 276
13 294
13 301
13 330
13 383
13 387
13 404
13 432
13 440
13 443
13 446
13 448
13 450
13 454
13 468
13 497
13 188
13 217
13 263
14 256
14 281
14 297
14 353
14 360
14 388
14 391
14 400
14 487
14 20
14 41
14 66
14 133
14 146
14 175
14 195
14 200
14 264
15 254
15 255
15 265
15 292
15 301
15 319
15 321
15 395
15 412
15 419
15 472
15 493
15 100
15 115
15 197
15 199
16 252
16 253
16 268
16 301
16 307
16 338
16 373
16 389
16 427
16 434
16 452
16 466
16 5
16 80
16 82
16 163
16 211
16 246
16 266
17 252
17 261
17 273
17 280
17 286
17 309
17 312
17 333
17 396
17 424
17 427
17 442
17 457
17 479
17 495
17 62
17 72
17 121
17 128
17 164
17 169
17 218
17 238
17 246
17 249
17 267
18 262
18 269
18 273
18 280
18 323
18 325
18 340
18 350
18 375
18 385
18 392
18 397
18 405
18 417
18 422
18 443
18 449
18 462
18 478
18 490
18 499
18 88
18 105
18 125
18 158
18 199
18 206
18 218
18 240
18 268
19 299
19 305
19 306
19 331
19 346
19 347
19 353
19 370
19 448
19 451
19 457
19 23
19 102
19 104
19 134
19 178
19 207
19 223
19 269
20 255
20 279
20 307
20 310
20 337
20 338
20 363
20 366
20 373
20 377
20 394
20 431
20 450
20 14
20 39
20 89
20 107
20 170
20 171
20 183
20 225
20 270
21 266
21 317
21 349
21 350
21 387
21 389
21 428
21 437
21 455
21 463
21 477
21 490
21 29
21 271
22 306
22 314
22 358
22 364
22 387
22 404
22 416
22 440
22 441
22 448
22 450
22 453
22 468
22 490
22 43
22 56
22 72
22 113
22 127
22 173
22 193
22 272
23 265
23 309
23 313
23 318
23 347
23 352
23 364
23 376
23 388
23 440
23 475
23 486
23 19
23 36
23 40
23 45
23 81
23 109
23 112
23 188
23 225
23 273
24 257
24 265
24 288
24 290
24 380
24 385
24 391
24 396
24 426
24 431
24 440
24 442
24 487
24 80
24 88
24 97
24 118
24 123
24 163
24 172
24 216
24 235
24 274
25 251
25 274
25 281
25 331
25 353
25 365
25 373
25 426
25 434
25 445
25 452
25 475
25 495
25 4
25 9
25 26
25 39
25 42
25 76
25 161
25 275
26 251
26 304
26 320
26 328
26 369
26 384
26 396
26 431
26 438
26 448
26 459
26 466
26 474
26 486
26 491
26 25
26 37
26 224
26 276
27 263
27 270
27 289
27 291
27 351
27 352
27 358
27 388
27 389
27 422
27 439
27 462
27 481
27 48
27 243
27 277
28 253
28 282
28 290
28 295
28 299
28 303
28 312
28 316
28 331
28 339
28 381
28 398
28 401
28 414
28 434
28 449
28 488
28 3
28 74
28 165
28 201
28 224
28 226
28 236
28 278
29 250
29 314
29 335
29 357
29 385
29 388
29 437
29 455
29 485
29 493
29 499
29 21
29 66
29 213
29 232
29 279
30 255
30 271
30 296
30 307
30 314
30 316
30 323
30 329
30 332
30 347
30 376
30 382
30 408
30 439
30 469
30 39
30 40
30 45
30 141
30 280
31 265
31 267
31 288
31 310
31 332
31 337
31 358
31 388
31 394
31 414
31 418
31 422
31 433
31 434
31 479
31 187
31 192
31 281
32 253
32 309
32 331
32 338
32 342
32 392
32 419
32 425
32 443
32 459
32 477
32 87
32 171
32 173
32 248
32 282
33 269
33 317
33 336
33 338
33 396
33 398
33 455
33 460
33 466
33 4
33 59
33 75
33 95
33 109
33 132
33 203
33 283
34 258
34 273
34 311
34 315
34 337
34 344
34 345
34 362
34 366
34 401
34 413
34 457
34 469
34 489
34 53
34 284
35 250
35 301
35 315
35 318
35 328
35 330
35 364
35 375
35 398
35 439
35 453
35 460
35 467
35 477
35 36
35 47
35 55
35 79
35 92
35 148
35 158
35 168
35 197
35 205
35 240
35 285
36 262
36 308
36 329
36 368
36 375
36 417
36 439
36 442
36 460
36 482
36 495
36 496
36 23
36 35
36 54
36 183
36 193
36 286
37 260
37 267
37 273
37 276
37 293
37 328
37 332
37 338
37 349
37 368
37 386
37 394
37 413
37 428
37 432
37 456
37 459
37 496
37 499
37 26
37 38
37 69
37 117
37 226
37 287
38 255
38 272
38 274
38 310
38 340
38 363
38 371
38 392
38 398
38 417
38 427
38 454
38 496
38 37
38 40
38 89
38 111
38 147
38 194
38 249
38 288
39 273
39 275
39 290
39 304
39 313
39 331
39 357
39 367
39 369
39 403
39 412
39 436
39 446
39 447
39 461
39 468
39 20
39 25
39 30
39 82
39 134
39 144
39 232
39 289
40 275
40 300
40 398
40 403
40 405
40 409
40 412
40 416
40 437
40 440
40 478
40 488
40 23
40 30
40 38
40 45
40 94
40 150
40 157
40 161
40 290
41 291
41 317
41 327
41 332
41 335
41 347
41 390
41 393
41 409
41 416
41 436
41 437
41 451
41 459
41 14
41 72
41 135
41 140
41 155
41 161
42 301
42 320
42 369
42 394
42 424
42 425
42 497
42 25
42 114
42 180
42 292
43 261
43 264
43 265
43 269
43 288
43 297
43 302
43 306
43 326
43 335
43 341
43 421
43 424
43 435
43 451
43 466
43 496
43 499
43 5
43 22
43 171
43 228
43 293
44 341
44 373
44 406
44 414
44 423
44 435
44 437
44 454
44 475
44 7
44 62
44 83
44 187
44 232
44 294
45 273
45 287
45 311
45 344
45 355
45 361
45 364
45 395
45 396
45 404
45 408
45 426
45 428
45 439
45 447
45 461
45 479
45 487
45 23
45 30
45 40
45 99
45 100
45 171
45 219
45 295
46 254
46 255
46 269
46 270
46 305
46 321
46 353
46 394
46 415
46 441
46 142
46 296
47 256
47 295
47 300
47 321
47 338
47 351
47 385
47 401
47 408
47 472
47 481
47 7
47 35
47 185
47 297
48 258
48 316
48 334
48 359
48 378
48 382
48 383
48 412
48 441
48 475
48 484
48 489
48 27
48 116
48 149
48 298
49 263
49 277
49 297
49 330
49 340
49 353
49 361
49 364
49 366
49 377
49 392
49 395
49 418
49 444
49 455
49 483
49 486
49 499
49 71
49 100
49 106
49 146
49 147
49 224
49 299
50 268
50 285
50 290
50 293
50 305
50 307
50 340
50 341
50 345
50 369
50 372
50 382
50 391
50 420
50 440
50 444
50 484
50 490
50 124
50 148
50 233
50 245
50 300
51 266
51 270
51 272
51 287
51 313
51 351
51 360
51 361
51 362
51 372
51 408
51 411
51 432
51 453
51 91
51 171
51 227
51 301
52 256
52 290
52 331
52 355
52 377
52 426
52 465
52 479
52 487
52 187
52 228
52 248
52 302
53 283
53 311
53 334
53 367
53 370
53 378
53 382
53 388
53 408
53 428
53 437
53 458
53 493
53 34
53 177
53 303
54 251
54 286
54 296
54 307
54 335
54 340
54 349
54 380
54 407
54 413
54 421
54 423
54 433
54 451
54 454
54 10
54 36
54 151
54 160
54 164
54 215
54 228
54 243
54 304
55 258
55 266
55 274
55 288
55 301
55 333
55 349
55 362
55 374
55 391
55 395
55 402
55 408
55 416
55 428
55 434
55 438
55 451
55 466
55 469
55 474
55 481
55 483
55 485
55 35
55 61
55 146
55 196
55 207
55 213
55 305
56 254
56 268
56 279
56 281
56 292
56 308
56 325
56 329
56 332
56 356
56 362
56 378
56 405
56 424
56 451
56 476
56 495
56 22
56 67
56 141
56 171
56 306
57 250
57 251
57 260
57 309
57 322
57 341
57 360
57 385
57 432
57 448
57 487
57 493
57 61
57 161
57 175
57 307
58 254
58 296
58 339
58 341
58 369
58 372
58 382
58 384
58 386
58 412
58 415
58 419
58 423
58 442
58 448
58 467
58 473
58 490
58 105
58 107
58 308
59 251
59 292
59 340
59 371
59 373
59 417
59 428
59 451
59 460
59 473
59 33
59 153
59 196
59 197
59 309
60 273
60 283
60 284
60 296
60 368
60 400
60 419
60 451
60 483
60 497
60 97
60 198
60 232
60 310
61 254
61 274
61 352
61 365
61 388
61 428
61 433
61 438
61 452
61 456
61 465
61 487
61 497
61 10
61 55
61 57
61 108
61 190
61 217
61 219
61 311
62 287
62 288
62 305
62 355
62 369
62 446
62 466
62 483
62 17
62 44
62 175
62 183
62 215
62 223
62 312
63 275
63 292
63 305
63 313
63 325
63 351
63 366
63 380
63 383
63 400
63 425
63 434
63 435
63 448
63 460
63 476
63 11
64 277
64 281
64 282
64 298
64 313
64 355
64 369
64 370
64 373
64 381
64 394
64 405
64 408
64 431
64 432
64 439
64 445
64 466
64 472
64 474
64 89
64 99
64 191
64 225
64 314
65 260
65 262
65 307
65 347
65 376
65 386
65 389
65 423
65 425
65 444
65 479
65 483
65 155
65 180
65 315
66 285
66 289
66 295
66 330
66 345
66 350
66 384
66 395
66 442
66 444
66 448
66 449
66 463
66 466
66 472
66 480
66 482
66 488
66 14
66 29
66 88
66 120
66 126
66 155
66 316
67 277
67 297
67 341
67 345
67 367
67 379
67 386
67 403
67 418
67 421
67 428
67 430
67 462
67 472
67 56
67 121
67 156
67 240
67 242
67 243
67 317
68 251
68 258
68 324
68 338
68 354
68 368
68 371
68 391
68 421
68 476
68 482
68 70
68 77
68 110
68 139
68 318
69 278
69 280
69 290
69 293
69 297
69 299
69 307
69 319
69 395
69 407
69 409
69 415
69 439
69 440
69 462
69 467
69 485
69 6
69 37
69 182
69 239
70 250
70 251
70 283
70 303
70 328
70 332
70 334
70 391
70 397
70 422
70 440
70 441
70 460
70 462
70 470
70 491
70 495
70 68
70 216
70 245
70 320
71 278
71 287
71 290
71 299
71 303
71 305
71 353
71 361
71 405
71 427
71 431
71 434
71 440
71 448
71 487
71 49
71 202
71 321
72 274
72 279
72 288
72 294
72 329
72 354
72 356
72 423
72 17
72 22
72 41
72 89
72 322
73 256
73 310
73 345
73 356
73 400
73 447
73 487
73 92
73 163
73 199
73 234
73 323
74 297
74 316
74 348
74 350
74 360
74 363
74 400
74 421
74 441
74 443
74 481
74 28
74 109
74 169
74 184
74 201
74 324
75 292
75 321
75 331
75 365
75 388
75 393
75 413
75 483
75 490
75 33
75 155
75 325
76 276
76 309
76 323
76 329
76 343
76 372
76 399
76 422
76 479
76 481
76 485
76 25
76 123
76 146
76 185
76 215
76 221
76 227
76 326
77 274
77 282
77 296
77 333
77 380
77 386
77 425
77 440
77 462
77 463
77 68
77 93
77 126
77 134
77 147
77 327
78 272
78 305
78 326
78 334
78 350
78 358
78 394
78 398
78 417
78 467
78 91
78 164
78 235
78 328
79 278
79 287
79 291
79 308
79 326
79 356
79 433
79 434
79 452
79 479
79 486
79 35
79 85
79 118
79 136
79 161
79 329
80 261
80 269
80 278
80 286
80 316
80 357
80 372
80 383
80 404
80 447
80 455
80 488
80 16
80 24
80 108
80 118
80 131
80 140
80 143
80 186
80 330
81 261
81 263
81 264
81 273
81 299
81 318
81 321
81 326
81 333
81 355
81 367
81 371
81 375
81 396
81 450
81 455
81 471
81 492
81 494
81 23
81 135
81 137
81 164
81 247
81 331
82 266
82 293
82 295
82 348
82 407
82 434
82 436
82 446
82 448
82 482
82 491
82 16
82 39
82 110
82 191
82 218
82 332
83 279
83 288
83 296
83 298
83 300
83 406
83 409
83 421
83 427
83 438
83 450
83 481
83 9
83 44
83 133
83 201
83 228
83 333
84 270
84 274
84 296
84 321
84 336
84 337
84 359
84 399
84 449
84 465
84 128
84 138
84 188
84 212
84 233
84 334
85 271
85 292
85 300
85 312
85 350
85 411
85 432
85 441
85 458
85 480
85 487
85 79
85 154
85 156
85 167
85 183
85 190
85 222
85 335
86 273
86 276
86 302
86 335
86 338
86 344
86 353
86 364
86 424
86 439
86 440
86 460
86 471
86 109
86 161
86 166
86 175
86 184
86 336
87 251
87 268
87 388
87 393
87 408
87 410
87 423
87 443
87 477
87 481
87 492
87 32
87 91
87 145
87 161
87 226
87 234
87 337
88 259
88 262
88 303
88 329
88 347
88 354
88 394
88 409
88 414
88 433
88 437
88 439
88 441
88 469
88 18
88 24
88 66
88 98
88 142
88 157
88 212
88 338
89 260
89 271
89 294
89 310
89 314
89 320
89 336
89 354
89 420
89 466
89 484
89 486
89 497
89 20
89 38
89 64
89 72
89 126
89 159
89 203
89 339
90 262
90 280
90 321
90 323
90 344
90 349
90 351
90 358
90 372
90 376
90 457
90 471
90 475
90 7
90 93
90 340
91 278
91 337
91 363
91 366
91 392
91 420
91 443
91 454
91 472
91 11
91 51
91 78
91 87
91 156
91 179
91 217
91 341
92 264
92 270
92 279
92 332
92 370
92 375
92 394
92 463
92 466
92 468
92 487
92 489
92 35
92 73
92 103
92 150
92 158
92 160
92 206
92 342
93 268
93 284
93 310
93 319
93 344
93 350
93 369
93 370
93 407
93 426
93 463
93 465
93 482
93 498
93 77
93 90
93 236
93 343
94 257
94 307
94 308
94 317
94 325
94 328
94 346
94 371
94 378
94 417
94 434
94 441
94 442
94 457
94 462
94 465
94 474
94 498
94 40
94 105
94 141
94 154
94 207
94 216
94 344
95 262
95 263
95 290
95 293
95 295
95 302
95 325
95 362
95 410
95 420
95 423
95 426
95 475
95 477
95 481
95 33
95 163
95 217
95 345
96 255
96 272
96 279
96 284
96 294
96 341
96 357
96 370
96 394
96 414
96 451
96 455
96 486
96 1
96 187
96 210
96 346
97 261
97 264
97 267
97 318
97 325
97 344
97 382
97 408
97 421
97 423
97 449
97 466
97 479
97 493
97 24
97 60
97 167
97 212
97 347
98 281
98 287
98 317
98 338
98 389
98 404
98 10
98 88
98 172
98 348
99 274
99 287
99 305
99 390
99 409
99 431
99 436
99 461
99 464
99 467
99 45
99 64
99 127
99 242
99 249
99 349
100 283
100 291
100 303
100 313
100 314
100 319
100 325
100 329
100 351
100 374
100 385
100 394
100 395
100 481
100 15
100 45
100 49
100 145
100 166
100 227
100 350
101 255
101 258
101 277
101 344
101 354
101 366
101 367
101 403
101 410
101 425
101 437
101 450
101 477
101 5
101 117
101 118
101 190
101 198
101 200
101 240
101 351
102 291
102 312
102 337
102 353
102 373
102 374
102 376
102 380
102 402
102 416
102 426
102 436
102 439
102 19
102 113
102 151
102 352
103 254
103 274
103 282
103 285
103 291
103 302
103 305
103 309
103 320
103 327
103 399
103 412
103 472
103 490
103 4
103 92
103 120
103 129
103 136
103 353
104 260
104 272
104 282
104 293
104 343
104 353
104 356
104 358
104 371
104 424
104 425
104 440
104 441
104 470
104 477
104 494
104 19
104 110
104 153
104 354
105 262
105 265
105 328
105 346
105 431
105 460
105 471
105 497
105 18
105 58
105 94
105 116
105 235
105 247
105 355
106 250
106 286
106 356
106 358
106 399
106 421
106 425
106 450
106 463
106 498
106 49
106 163
107 254
107 261
107 326
107 331
107 344
107 383
107 485
107 488
107 20
107 58
107 117
107 174
107 180
107 212
107 213
107 357
108 261
108 268
108 287
108 289
108 292
108 317
108 320
108 335
108 343
108 378
108 434
108 439
108 446
108 452
108 462
108 477
108 487
108 61
108 80
108 143
108 152
108 218
108 225
108 234
108 358
109 253
109 257
109 273
109 294
109 298
109 316
109 375
109 416
109 418
109 423
109 489
109 496
109 23
109 33
109 74
109 86
109 148
109 151
109 359
110 252
110 268
110 271
110 289
110 291
110 310
110 326
110 339
110 360
110 371
110 403
110 413
110 461
110 473
110 10
110 68
110 82
110 104
110 127
110 198
110 222
111 252
111 258
111 260
111 277
111 282
111 288
111 291
111 296
111 304
111 326
111 334
111 346
111 361
111 397
111 417
111 441
111 445
111 446
111 462
111 464
111 468
111 470
111 479
111 10
111 38
111 133
111 200
111 201
111 213
112 253
112 281
112 289
112 291
112 294
112 298
112 304
112 331
112 347
112 364
112 376
112 377
112 391
112 403
112 418
112 459
112 23
112 136
112 197
112 233
112 362
113 256
113 294
113 296
113 310
113 335
113 339
113 346
113 376
113 460
113 468
113 22
113 102
113 117
113 123
113 162
113 182
113 242
113 363
114 280
114 310
114 319
114 325
114 331
114 355
114 453
114 42
114 125
114 227
114 364
115 261
115 308
115 327
115 352
115 353
115 387
115 396
115 402
115 452
115 461
115 488
115 15
115 139
115 193
115 204
115 365
116 297
116 301
116 351
116 380
116 385
116 396
116 456
116 458
116 48
116 105
116 143
116 145
116 191
116 197
116 212
116 235
116 366
117 272
117 339
117 345
117 346
117 363
117 365
117 373
117 376
117 442
117 457
117 11
117 37
117 101
117 107
117 113
117 128
117 170
117 178
117 231
117 367
118 262
118 287
118 294
118 302
118 307
118 310
118 357
118 367
118 428
118 432
118 437
118 450
118 467
118 24
118 79
118 80
118 101
118 127
118 188
118 213
118 245
118 368
119 250
119 251
119 286
119 290
119 306
119 319
119 326
119 341
119 351
119 364
119 365
119 375
119 387
119 419
119 420
119 440
119 443
119 457
119 466
119 481
119 3
119 12
119 138
119 154
119 160
119 369
120 279
120 298
120 342
120 353
120 356
120 360
120 410
120 421
120 429
120 444
120 447
120 468
120 491
120 66
120 103
120 165
120 370
121 250
121 284
121 286
121 293
121 295
121 311
121 316
121 345
121 353
121 370
121 404
121 407
121 411
121 421
121 439
121 447
121 2
121 17
121 67
121 371
122 273
122 310
122 315
122 346
122 349
122 356
122 381
122 382
122 416
122 439
122 455
122 469
122 124
122 142
122 209
122 372
123 275
123 276
123 280
123 287
123 325
123 337
123 360
123 393
123 411
123 413
123 436
123 478
123 486
123 24
123 76
123 113
123 373
124 255
124 314
124 319
124 326
124 344
124 359
124 392
124 450
124 475
124 489
124 50
124 122
124 229
124 374
125 315
125 372
125 376
125 398
125 401
125 411
125 424
125 457
125 460
125 18
125 114
125 154
125 188
125 236
125 375
126 257
126 263
126 265
126 322
126 426
126 66
126 77
126 89
126 127
126 156
126 244
126 376
127 255
127 303
127 305
127 313
127 385
127 424
127 454
127 473
127 493
127 22
127 99
127 110
127 118
127 126
127 141
127 377
128 306
128 309
128 320
128 342
128 344
128 388
128 418
128 425
128 426
128 474
128 6
128 17
128 84
128 117
128 185
128 195
128 209
128 217
128 378
129 251
129 268
129 286
129 287
129 320
129 330
129 337
129 341
129 342
129 346
129 359
129 377
129 384
129 390
129 395
129 439
129 462
129 469
129 103
129 158
129 379
130 251
130 275
130 298
130 312
130 385
130 395
130 452
130 138
130 192
130 380
131 252
131 275
131 286
131 298
131 308
131 309
131 326
131 329
131 348
131 381
131 383
131 420
131 426
131 80
131 196
131 203
132 264
132 289
132 341
132 351
132 362
132 363
132 395
132 400
132 407
132 408
132 442
132 476
132 9
132 33
132 137
132 175
132 182
132 209
132 235
132 240
132 382
133 297
133 300
133 322
133 345
133 404
133 409
133 473
133 14
133 83
133 111
133 231
133 383
134 251
134 254
134 265
134 312
134 326
134 345
134 370
134 381
134 387
134 402
134 416
134 445
134 446
134 468
134 488
134 19
134 39
134 77
134 187
134 237
134 384
135 268
135 272
135 324
135 325
135 350
135 390
135 402
135 426
135 433
135 482
135 41
135 81
135 214
135 385
136 271
136 306
136 313
136 315
136 335
136 398
136 411
136 424
136 437
136 440
136 472
136 493
136 79
136 103
136 112
136 240
136 386
137 257
137 285
137 337
137 356
137 361
137 364
137 373
137 397
137 407
137 413
137 433
137 443
137 469
137 495
137 81
137 132
137 173
137 197
137 387
138 252
138 266
138 309
138 328
138 351
138 381
138 383
138 396
138 403
138 408
138 415
138 419
138 424
138 432
138 439
138 453
138 457
138 84
138 119
138 130
138 154
138 199
138 229
138 388
139 253
139 315
139 318
139 394
139 406
139 433
139 443
139 456
139 477
139 487
139 489
139 68
139 115
139 167
139 202
139 203
139 214
139 232
139 238
139 248
139 389
140 261
140 263
140 264
140 307
140 309
140 355
140 375
140 376
140 381
140 406
140 412
140 428
140 497
140 41
140 80
140 157
140 390
141 250
141 254
141 266
141 312
141 379
141 397
141 403
141 404
141 435
141 436
141 474
141 490
141 30
141 56
141 94
141 127
141 237
141 391
142 250
142 276
142 284
142 294
142 299
142 301
142 312
142 315
142 318
142 339
142 352
142 360
142 382
142 412
142 416
142 457
142 494
142 4
142 46
142 88
142 122
142 154
142 236
142 392
143 298
143 307
143 316
143 326
143 344
143 347
143 358
143 378
143 386
143 389
143 411
143 424
143 433
143 80
143 108
143 116
143 190
143 192
143 193
143 239
143 393
144 288
144 293
144 310
144 332
144 333
144 395
144 407
144 448
144 482
144 498
144 39
144 146
144 156
144 194
144 222
144 225
144 232
144 245
144 394
145 340
145 378
145 379
145 403
145 412
145 424
145 436
145 458
145 459
145 461
145 478
145 479
145 486
145 496
145 8
145 87
145 100
145 116
145 175
145 204
145 221
145 395
146 290
146 296
146 335
146 358
146 387
146 429
146 434
146 482
146 485
146 492
146 14
146 49
146 55
146 76
146 144
146 230
146 236
146 242
146 396
147 284
147 310
147 325
147 331
147 423
147 425
147 447
147 488
147 10
147 38
147 49
147 77
147 158
147 216
147 240
147 243
147 244
147 397
148 270
148 282
148 292
148 303
148 313
148 314
148 325
148 327
148 332
148 334
148 355
148 358
148 360
148 363
148 372
148 394
148 441
148 449
148 454
148 485
148 35
148 50
148 109
148 155
148 194
148 245
148 398
149 263
149 265
149 329
149 331
149 333
149 355
149 410
149 455
149 456
149 489
149 3
149 10
149 48
149 167
149 169
149 220
149 399
150 264
150 265
150 266
150 277
150 284
150 310
150 322
150 327
150 329
150 368
150 440
150 445
150 464
150 467
150 11
150 40
150 92
150 400
151 256
151 279
151 323
151 367
151 374
151 396
151 409
151 440
151 442
151 453
151 470
151 486
151 498
151 54
151 102
151 109
151 203
151 227
151 401
152 266
152 279
152 290
152 357
152 359
152 364
152 372
152 420
152 425
152 433
152 436
152 440
152 485
152 490
152 108
152 184
152 213
152 232
152 234
152 402
153 258
153 269
153 287
153 288
153 297
153 343
153 354
153 355
153 366
153 395
153 411
153 417
153 440
153 443
153 448
153 456
153 469
153 59
153 104
153 237
153 403
154 254
154 265
154 275
154 331
154 402
154 403
154 404
154 407
154 410
154 415
154 421
154 422
154 436
154 457
154 495
154 497
154 85
154 94
154 119
154 125
154 138
154 142
154 238
155 250
155 261
155 290
155 353
155 393
155 406
155 409
155 434
155 478
155 486
155 490
155 41
155 65
155 66
155 75
155 148
155 183
155 405
156 293
156 303
156 365
156 371
156 381
156 439
156 441
156 449
156 67
156 85
156 91
156 126
156 144
156 406
157 253
157 343
157 365
157 370
157 385
157 412
157 442
157 473
157 475
157 477
157 496
157 3
157 5
157 40
157 88
157 140
157 208
157 210
157 407
158 250
158 306
158 319
158 325
158 369
158 379
158 380
158 398
158 432
158 461
158 476
158 485
158 494
158 18
158 35
158 92
158 129
158 147
158 167
158 230
158 408
159 378
159 405
159 480
159 499
159 89
159 163
159 409
160 256
160 274
160 286
160 293
160 330
160 340
160 342
160 356
160 385
160 388
160 391
160 415
160 460
160 464
160 472
160 54
160 92
160 119
160 176
160 194
160 215
160 229
160 410
161 255
161 281
161 318
161 371
161 379
161 403
161 424
161 437
161 449
161 483
161 495
161 6
161 25
161 40
161 41
161 57
161 79
161 86
161 87
161 235
161 247
161 411
162 266
162 278
162 282
162 302
162 309
162 349
162 350
162 362
162 377
162 394
162 409
162 414
162 458
162 460
162 464
162 476
162 481
162 487
162 10
162 113
162 169
162 180
162 412
163 287
163 290
163 355
163 383
163 413
163 420
163 463
163 480
163 486
163 16
163 24
163 73
163 95
163 106
163 159
163 193
163 199
164 257
164 276
164 296
164 299
164 305
164 306
164 312
164 361
164 403
164 451
164 471
164 474
164 17
164 54
164 78
164 81
164 184
164 414
165 263
165 294
165 301
165 315
165 330
165 336
165 376
165 394
165 444
165 472
165 475
165 483
165 495
165 28
165 120
165 229
165 240
165 244
165 415
166 261
166 278
166 322
166 342
166 353
166 354
166 396
166 409
166 490
166 86
166 100
166 185
166 188
166 196
166 202
166 231
166 416
167 255
167 257
167 260
167 267
167 329
167 390
167 391
167 393
167 403
167 410
167 443
167 85
167 97
167 139
167 149
167 158
167 205
167 417
168 268
168 304
168 367
168 392
168 404
168 471
168 478
168 35
168 216
168 224
168 226
168 418
169 274
169 280
169 289
169 301
169 317
169 320
169 353
169 373
169 394
169 423
169 468
169 17
169 74
169 149
169 162
169 184
169 419
170 258
170 260
170 264
170 305
170 330
170 351
170 371
170 372
170 398
170 404
170 415
170 464
170 499
170 6
170 20
170 117
170 193
170 208
170 210
170 420
171 298
171 342
171 343
171 346
171 372
171 386
171 406
171 415
171 424
171 435
171 441
171 459
171 460
171 488
171 491
171 499
171 20
171 32
171 43
171 45
171 51
171 56
171 246
171 421
172 279
172 292
172 321
172 327
172 333
172 334
172 338
172 350
172 357
172 395
172 407
172 432
172 456
172 468
172 481
172 24
172 98
172 422
173 264
173 271
173 292
173 311
173 313
173 326
173 346
173 356
173 434
173 440
173 459
173 462
173 465
173 488
173 22
173 32
173 137
173 423
174 256
174 286
174 301
174 373
174 376
174 405
174 443
174 447
174 464
174 479
174 107
174 424
175 283
175 287
175 291
175 297
175 322
175 323
175 341
175 343
175 399
175 418
175 439
175 14
175 57
175 62
175 86
175 132
175 145
175 199
175 425
176 272
176 274
176 292
176 302
176 316
176 348
176 357
176 358
176 404
176 412
176 469
176 470
176 0
176 5
176 160
176 188
176 426
177 269
177 292
177 351
177 358
177 367
177 377
177 406
177 425
177 53
177 249
177 427
178 271
178 307
178 367
178 385
178 390
178 417
178 449
178 457
178 458
178 465
178 477
178 486
178 19
178 117
178 428
179 293
179 313
179 350
179 351
179 356
179 372
179 383
179 409
179 458
179 470
179 91
179 243
179 429
180 253
180 278
180 305
180 372
180 397
180 415
180 417
180 430
180 456
180 464
180 468
180 474
180 498
180 9
180 42
180 65
180 107
180 162
180 196
180 240
181 258
181 269
181 302
181 313
181 317
181 340
181 412
181 414
181 456
181 183
181 190
181 197
181 232
181 431
182 260
182 264
182 288
182 292
182 303
182 311
182 317
182 341
182 385
182 390
182 454
182 476
182 69
182 113
182 132
182 192
182 224
182 432
183 301
183 322
183 390
183 427
183 431
183 432
183 433
183 436
183 20
183 36
183 62
183 85
183 155
183 181
183 244
184 271
184 275
184 284
184 307
184 317
184 321
184 354
184 358
184 379
184 432
184 435
184 442
184 499
184 74
184 86
184 152
184 164
184 169
184 192
184 218
184 237
184 244
184 434
185 251
185 286
185 315
185 329
185 344
185 353
185 355
185 364
185 382
185 394
185 418
185 444
185 456
185 469
185 488
185 47
185 76
185 128
185 166
185 435
186 270
186 291
186 343
186 371
186 381
186 441
186 446
186 4
186 6
186 80
186 203
186 211
186 436
187 274
187 310
187 318
187 334
187 350
187 379
187 386
187 444
187 455
187 465
187 467
187 478
187 492
187 31
187 44
187 52
187 96
187 134
187 437
188 275
188 284
188 285
188 303
188 319
188 391
188 398
188 413
188 417
188 475
188 13
188 23
188 84
188 118
188 125
188 166
188 176
188 438
189 255
189 257
189 262
189 279
189 307
189 316
189 318
189 323
189 324
189 341
189 351
189 404
189 409
189 420
189 478
189 485
189 494
189 234
189 439
190 293
190 337
190 351
190 388
190 401
190 427
190 437
190 447
190 492
190 493
190 2
190 10
190 61
190 85
190 101
190 143
190 181
190 440
191 250
191 270
191 288
191 289
191 308
191 330
191 392
191 399
191 412
191 449
191 64
191 82
191 116
191 441
192 269
192 273
192 286
192 288
192 330
192 353
192 361
192 382
192 386
192 392
192 406
192 474
192 31
192 130
192 143
192 182
192 184
192 442
193 287
193 304
193 326
193 336
193 341
193 347
193 351
193 360
193 368
193 375
193 378
193 379
193 399
193 411
193 430
193 467
193 475
193 477
193 482
193 7
193 10
193 22
193 36
193 115
193 143
193 163
193 170
193 212
193 443
194 255
194 260
194 263
194 266
194 294
194 304
194 326
194 330
194 348
194 388
194 397
194 408
194 443
194 444
194 445
194 451
194 38
194 144
194 148
194 160
195 258
195 265
195 290
195 316
195 349
195 393
195 409
195 431
195 449
195 477
195 481
195 499
195 14
195 128
195 201
195 445
196 294
196 337
196 344
196 347
196 352
196 368
196 369
196 372
196 376
196 394
196 423
196 450
196 470
196 497
196 10
196 55
196 59
196 131
196 166
196 180
196 209
196 221
196 246
196 446
197 262
197 285
197 351
197 362
197 402
197 406
197 418
197 433
197 449
197 490
197 495
197 15
197 35
197 59
197 112
197 116
197 137
197 181
197 206
197 447
198 293
198 308
198 315
198 324
198 326
198 374
198 387
198 408
198 425
198 448
198 456
198 463
198 480
198 482
198 494
198 60
198 101
198 110
198 239
199 274
199 275
199 278
199 293
199 294
199 316
199 319
199 327
199 340
199 374
199 377
199 380
199 411
199 425
199 431
199 484
199 15
199 18
199 73
199 138
199 163
199 175
199 205
199 449
200 293
200 297
200 311
200 352
200 385
200 397
200 410
200 420
200 435
200 14
200 101
200 111
200 230
200 235
200 450
201 305
201 310
201 334
201 350
201 358
201 362
201 380
201 388
201 424
201 438
201 490
201 499
201 28
201 74
201 83
201 111
201 195
201 451
202 254
202 263
202 270
202 274
202 291
202 319
202 326
202 330
202 414
202 439
202 497
202 71
202 139
202 166
202 452
203 251
203 261
203 266
203 269
203 274
203 293
203 317
203 324
203 339
203 367
203 371
203 424
203 435
203 463
203 482
203 33
203 89
203 131
203 139
203 151
203 186
203 232
203 453
204 299
204 306
204 308
204 326
204 388
204 420
204 440
204 446
204 115
204 145
204 454
205 258
205 326
205 356
205 367
205 370
205 392
205 420
205 425
205 427
205 453
205 471
205 475
205 35
205 167
205 199
205 216
205 239
205 455
206 256
206 294
206 314
206 315
206 322
206 324
206 325
206 388
206 433
206 434
206 499
206 18
206 92
206 197
206 456
207 285
207 405
207 406
207 433
207 463
207 475
207 476
207 490
207 19
207 55
207 94
207 247
207 457
208 251
208 261
208 285
208 309
208 343
208 348
208 366
208 408
208 416
208 436
208 447
208 448
208 477
208 483
208 484
208 3
208 157
208 170
208 458
209 250
209 257
209 275
209 312
209 354
209 359
209 383
209 384
209 386
209 390
209 423
209 429
209 432
209 474
209 12
209 122
209 128
209 132
209 196
209 249
209 459
210 254
210 273
210 274
210 275
210 279
210 282
210 306
210 309
210 333
210 385
210 387
210 407
210 478
210 498
210 96
210 157
210 170
210 213
210 460
211 252
211 336
211 360
211 368
211 379
211 397
211 432
211 434
211 476
211 16
211 186
211 461
212 252
212 290
212 305
212 316
212 338
212 344
212 352
212 356
212 359
212 376
212 405
212 421
212 422
212 487
212 84
212 88
212 97
212 107
212 116
212 193
212 462
213 251
213 278
213 288
213 343
213 366
213 374
213 391
213 436
213 439
213 453
213 459
213 460
213 478
213 499
213 29
213 55
213 107
213 111
213 118
213 152
213 210
213 463
214 257
214 258
214 267
214 283
214 321
214 325
214 351
214 375
214 387
214 431
214 436
214 479
214 496
214 135
214 139
214 218
214 464
215 253
215 295
215 297
215 309
215 317
215 328
215 372
215 382
215 392
215 403
215 406
215 423
215 428
215 433
215 466
215 469
215 479
215 484
215 0
215 54
215 62
215 76
215 160
215 246
215 465
216 270
216 299
216 333
216 416
216 468
216 492
216 498
216 24
216 70
216 94
216 147
216 168
216 205
216 466
217 266
217 278
217 280
217 288
217 290
217 291
217 338
217 351
217 353
217 380
217 393
217 398
217 406
217 454
217 468
217 470
217 474
217 485
217 13
217 61
217 91
217 95
217 128
217 219
217 235
217 240
217 467
218 257
218 284
218 286
218 291
218 308
218 338
218 344
218 362
218 385
218 419
218 430
218 448
218 17
218 18
218 82
218 108
218 184
218 214
218 468
219 265
219 269
219 284
219 303
219 317
219 392
219 417
219 423
219 469
219 45
219 61
219 217
219 223
219 241
219 249
220 307
220 327
220 329
220 339
220 349
220 357
220 366
220 384
220 424
220 446
220 451
220 477
220 149
220 236
220 244
220 470
221 280
221 284
221 286
221 296
221 310
221 320
221 330
221 331
221 377
221 448
221 461
221 474
221 76
221 145
221 196
221 245
221 471
222 266
222 282
222 306
222 362
222 368
222 394
222 403
222 413
222 4
222 85
222 110
222 144
222 472
223 276
223 297
223 311
223 312
223 324
223 364
223 397
223 449
223 455
223 470
223 19
223 62
223 219
223 473
224 256
224 285
224 291
224 305
224 311
224 317
224 338
224 366
224 369
224 407
224 436
224 470
224 26
224 28
224 49
224 168
224 182
224 245
224 474
225 257
225 260
225 282
225 297
225 372
225 410
225 426
225 428
225 435
225 463
225 466
225 470
225 3
225 20
225 23
225 64
225 108
225 144
225 475
226 257
226 284
226 295
226 305
226 312
226 315
226 387
226 427
226 438
226 466
226 468
226 473
226 492
226 28
226 37
226 87
226 168
226 476
227 253
227 275
227 286
227 299
227 352
227 386
227 388
227 396
227 421
227 459
227 472
227 473
227 0
227 51
227 76
227 100
227 114
227 151
227 242
227 477
228 287
228 363
228 366
228 386
228 387
228 390
228 416
228 427
228 468
228 43
228 52
228 54
228 83
228 478
229 255
229 349
229 354
229 357
229 383
229 423
229 447
229 463
229 464
229 495
229 124
229 138
229 160
229 165
229 479
230 264
230 284
230 362
230 381
230 395
230 402
230 418
230 427
230 466
230 481
230 489
230 492
230 496
230 146
230 158
230 200
230 480
231 274
231 277
231 312
231 331
231 352
231 381
231 399
231 429
231 443
231 452
231 10
231 117
231 133
231 166
231 481
232 262
232 279
232 295
232 355
232 367
232 385
232 391
232 427
232 428
232 453
232 464
232 491
232 494
232 29
232 39
232 44
232 60
232 139
232 144
232 152
232 181
232 203
232 239
232 482
233 253
233 255
233 260
233 273
233 300
233 382
233 403
233 483
233 50
233 84
233 112
234 275
234 296
234 300
234 337
234 345
234 371
234 416
234 425
234 426
234 435
234 444
234 447
234 449
234 450
234 472
234 1
234 2
234 73
234 87
234 108
234 152
234 189
234 484
235 257
235 274
235 284
235 296
235 312
235 313
235 344
235 359
235 362
235 404
235 406
235 453
235 486
235 24
235 78
235 105
235 116
235 132
235 161
235 200
235 217
235 485
236 275
236 296
236 312
236 346
236 367
236 378
236 389
236 417
236 422
236 465
236 480
236 9
236 28
236 93
236 125
236 142
236 146
236 220
236 248
236 486
237 263
237 277
237 282
237 323
237 347
237 377
237 433
237 459
237 491
237 493
237 134
237 141
237 153
237 184
237 487
238 274
238 293
238 315
238 347
238 364
238 369
238 394
238 455
238 487
238 17
238 139
238 154
238 488
239 252
239 296
239 321
239 354
239 360
239 368
239 456
239 492
239 69
239 143
239 198
239 205
239 232
239 489
240 256
240 285
240 289
240 300
240 326
240 340
240 346
240 372
240 377
240 383
240 399
240 407
240 442
240 18
240 35
240 67
240 101
240 132
240 136
240 147
240 165
240 180
240 217
240 490
241 264
241 287
241 291
241 299
241 304
241 312
241 333
241 389
241 406
241 437
241 443
241 450
241 219
241 491
242 328
242 334
242 398
242 408
242 409
242 449
242 455
242 457
242 458
242 476
242 485
242 492
242 493
242 67
242 99
242 113
242 146
242 227
243 252
243 270
243 286
243 312
243 326
243 341
243 356
243 362
243 375
243 378
243 397
243 441
243 448
243 451
243 467
243 475
243 486
243 499
243 11
243 27
243 54
243 67
243 147
243 179
243 493
244 259
244 270
244 297
244 305
244 343
244 348
244 369
244 415
244 424
244 450
244 478
244 488
244 8
244 126
244 147
244 165
244 183
244 184
244 220
244 494
245 250
245 266
245 267
245 324
245 333
245 349
245 368
245 375
245 376
245 399
245 408
245 425
245 426
245 436
245 443
245 464
245 466
245 472
245 491
245 498
245 50
245 70
245 118
245 144
245 148
245 221
245 224
245 495
246 255
246 262
246 265
246 278
246 290
246 293
246 353
246 363
246 369
246 373
246 384
246 414
246 450
246 455
246 468
246 492
246 16
246 17
246 171
246 196
246 215
246 496
247 251
247 254
247 289
247 325
247 360
247 379
247 451
247 462
247 467
247 497
247 81
247 105
247 161
247 207
248 275
248 278
248 303
248 306
248 315
248 332
248 339
248 383
248 392
248 399
248 416
248 440
248 471
248 32
248 52
248 139
248 236
248 498
249 275
249 277
249 282
249 286
249 291
249 331
249 352
249 356
249 365
249 413
249 426
249 455
249 17
249 38
249 99
249 177
249 209
249 219
249 499
250 29
250 35
250 57
250 70
250 106
250 119
250 121
250 141
250 142
250 155
250 158
250 191
250 209
250 245
250 0
251 25
251 26
251 54
251 57
251 59
251 68
251 70
251 87
251 119
251 129
251 130
251 134
251 185
251 203
251 208
251 213
251 247
251 1
252 3
252 16
252 17
252 110
252 111
252 131
252 138
252 211
252 212
252 239
252 243
252 2
253 16
253 28
253 32
253 109
253 112
253 139
253 157
253 180
253 215
253 227
253 233
253 3
254 1
254 15
254 46
254 56
254 58
254 61
254 103
254 107
254 134
254 141
254 154
254 202
254 210
254 247
254 4
255 6
255 15
255 20
255 30
255 38
255 46
255 96
255 101
255 124
255 127
255 161
255 167
255 189
255 194
255 229
255 233
255 246
255 5
256 14
256 47
256 52
256 73
256 113
256 151
256 160
256 174
256 206
256 224
256 240
256 6
257 6
257 24
257 94
257 109
257 126
257 137
257 164
257 167
257 189
257 209
257 214
257 218
257 225
257 226
257 235
257 7
258 10
258 34
258 48
258 55
258 68
258 101
258 111
258 153
258 170
258 181
258 195
258 205
258 214
258 8
259 88
259 244
259 9
260 6
260 37
260 57
260 65
260 89
260 104
260 111
260 167
260 170
260 182
260 194
260 225
260 233
260 10
261 1
261 4
261 17
261 43
261 80
261 81
261 97
261 107
261 108
261 115
261 140
261 155
261 166
261 203
261 208
261 11
262 18
262 36
262 65
262 88
262 90
262 95
262 105
262 118
262 189
262 197
262 232
262 246
262 12
263 2
263 27
263 49
263 81
263 95
263 126
263 140
263 149
263 165
263 194
263 202
263 237
263 13
264 6
264 11
264 43
264 81
264 92
264 97
264 132
264 140
264 150
264 170
264 173
264 182
264 230
264 241
264 14
265 12
265 15
265 23
265 24
265 31
265 43
265 105
265 126
265 134
265 149
265 150
265 154
265 195
265 219
265 246
266 3
266 9
266 10
266 21
266 51
266 55
266 82
266 138
266 141
266 150
266 152
266 162
266 194
266 203
266 217
266 222
266 245
266 16
267 13
267 31
267 37
267 97
267 167
267 214
267 245
267 17
268 16
268 50
268 56
268 87
268 93
268 108
268 110
268 129
268 135
268 168
268 18
269 18
269 33
269 43
269 46
269 80
269 153
269 177
269 181
269 192
269 203
269 219
269 19
270 27
270 46
270 51
270 84
270 92
270 148
270 186
270 191
270 202
270 216
270 243
270 244
270 20
271 12
271 30
271 85
271 89
271 110
271 136
271 173
271 178
271 184
271 21
272 38
272 51
272 78
272 96
272 104
272 117
272 135
272 176
272 22
273 12
273 17
273 18
273 34
273 37
273 39
273 45
273 60
273 81
273 86
273 109
273 122
273 192
273 210
273 233
273 23
274 25
274 38
274 55
274 61
274 72
274 77
274 84
274 99
274 103
274 160
274 169
274 176
274 187
274 199
274 202
274 203
274 210
274 231
274 235
274 238
274 24
275 10
275 39
275 40
275 63
275 123
275 130
275 131
275 154
275 184
275 188
275 199
275 209
275 210
275 227
275 234
275 236
275 248
275 249
275 25
276 13
276 37
276 76
276 86
276 123
276 142
276 164
276 223
276 26
277 49
277 64
277 67
277 101
277 111
277 150
277 231
277 237
277 249
277 27
278 69
278 71
278 79
278 80
278 91
278 162
278 166
278 180
278 199
278 213
278 217
278 246
278 248
278 28
279 5
279 6
279 20
279 56
279 72
279 83
279 92
279 96
279 120
279 151
279 152
279 172
279 189
279 210
279 232
279 29
280 9
280 17
280 18
280 69
280 90
280 114
280 123
280 169
280 217
280 221
280 30
281 11
281 14
281 25
281 56
281 64
281 98
281 112
281 161
281 31
282 28
282 64
282 77
282 103
282 104
282 111
282 148
282 162
282 210
282 222
282 225
282 237
282 249
282 32
283 53
283 60
283 70
283 100
283 175
283 214
283 33
284 60
284 93
284 96
284 121
284 142
284 147
284 150
284 184
284 188
284 218
284 219
284 221
284 226
284 230
284 235
284 34
285 8
285 10
285 50
285 66
285 103
285 137
285 188
285 197
285 207
285 208
285 224
285 240
285 35
286 17
286 54
286 80
286 106
286 119
286 121
286 129
286 131
286 160
286 174
286 185
286 192
286 218
286 221
286 227
286 243
286 249
286 36
287 45
287 51
287 62
287 71
287 79
287 98
287 99
287 108
287 118
287 123
287 129
287 153
287 163
287 175
287 193
287 228
287 241
287 37
288 0
288 24
288 31
288 43
288 55
288 62
288 72
288 83
288 111
288 144
288 153
288 182
288 191
288 192
288 213
288 217
288 38
289 27
289 66
289 108
289 110
289 112
289 132
289 169
289 191
289 240
289 247
289 39
290 11
290 24
290 28
290 39
290 50
290 52
290 69
290 71
290 95
290 119
290 146
290 152
290 155
290 163
290 195
290 212
290 217
290 246
290 40
291 12
291 27
291 41
291 79
291 100
291 102
291 103
291 110
291 111
291 112
291 175
291 186
291 202
291 217
291 218
291 224
291 241
291 249
292 15
292 56
292 59
292 63
292 75
292 85
292 108
292 148
292 172
292 173
292 176
292 177
292 182
292 42
293 37
293 50
293 69
293 82
293 95
293 104
293 121
293 144
293 156
293 160
293 179
293 190
293 198
293 199
293 200
293 203
293 238
293 246
293 43
294 13
294 72
294 89
294 96
294 109
294 112
294 113
294 118
294 142
294 165
294 194
294 196
294 199
294 206
294 44
295 2
295 8
295 28
295 47
295 66
295 82
295 95
295 121
295 215
295 226
295 232
295 45
296 30
296 54
296 58
296 60
296 77
296 83
296 84
296 111
296 113
296 146
296 164
296 221
296 234
296 235
296 236
296 239
296 46
297 9
297 14
297 43
297 49
297 67
297 69
297 74
297 116
297 133
297 153
297 175
297 200
297 215
297 223
297 225
297 244
297 47
298 64
298 83
298 109
298 112
298 120
298 130
298 131
298 143
298 171
298 48
299 5
299 11
299 19
299 28
299 69
299 71
299 81
299 142
299 164
299 204
299 216
299 227
299 241
299 49
300 40
300 47
300 83
300 85
300 133
300 233
300 234
300 240
300 50
301 13
301 15
301 16
301 35
301 42
301 55
301 116
301 142
301 165
301 169
301 174
301 183
301 51
302 43
302 86
302 95
302 103
302 118
302 162
302 176
302 181
302 52
303 28
303 70
303 71
303 88
303 100
303 127
303 148
303 156
303 182
303 188
303 219
303 248
303 53
304 26
304 39
304 111
304 112
304 168
304 193
304 194
304 241
304 54
305 19
305 46
305 50
305 62
305 63
305 71
305 78
305 99
305 103
305 127
305 164
305 170
305 180
305 201
305 212
305 224
305 226
305 244
305 55
306 19
306 22
306 43
306 119
306 128
306 136
306 158
306 164
306 204
306 210
306 222
306 248
306 56
307 16
307 20
307 30
307 50
307 54
307 65
307 69
307 94
307 118
307 140
307 143
307 178
307 184
307 189
307 220
307 57
308 4
308 5
308 6
308 36
308 56
308 79
308 94
308 115
308 131
308 191
308 198
308 204
308 218
308 58
309 17
309 23
309 32
309 57
309 76
309 103
309 128
309 131
309 138
309 140
309 162
309 208
309 210
309 215
309 59
310 20
310 31
310 38
310 73
310 89
310 93
310 110
310 113
310 114
310 118
310 122
310 144
310 147
310 150
310 187
310 201
310 221
310 60
311 34
311 45
311 53
311 121
311 173
311 182
311 200
311 223
311 224
311 61
312 17
312 28
312 85
312 102
312 130
312 134
312 141
312 142
312 164
312 209
312 223
312 226
312 231
312 235
312 236
312 241
312 243
312 62
313 23
313 39
313 51
313 63
313 64
313 100
313 127
313 136
313 148
313 173
313 179
313 181
313 235
314 2
314 11
314 22
314 29
314 30
314 89
314 100
314 124
314 148
314 206
314 64
315 34
315 35
315 122
315 125
315 136
315 139
315 142
315 165
315 185
315 198
315 206
315 226
315 238
315 248
315 65
316 3
316 28
316 30
316 48
316 74
316 80
316 109
316 121
316 143
316 176
316 189
316 195
316 199
316 212
316 66
317 6
317 21
317 33
317 41
317 94
317 98
317 108
317 169
317 181
317 182
317 184
317 203
317 215
317 219
317 224
317 67
318 0
318 4
318 23
318 35
318 81
318 97
318 139
318 142
318 161
318 187
318 189
318 68
319 9
319 15
319 69
319 93
319 100
319 114
319 119
319 124
319 158
319 188
319 199
319 202
320 26
320 42
320 89
320 103
320 108
320 128
320 129
320 169
320 221
320 70
321 15
321 46
321 47
321 75
321 81
321 84
321 90
321 172
321 184
321 214
321 239
321 71
322 57
322 126
322 133
322 150
322 166
322 175
322 183
322 206
322 72
323 9
323 10
323 18
323 30
323 76
323 90
323 151
323 175
323 189
323 237
323 73
324 1
324 5
324 68
324 135
324 189
324 198
324 203
324 206
324 223
324 245
324 74
325 18
325 56
325 63
325 94
325 95
325 97
325 100
325 114
325 123
325 135
325 147
325 148
325 158
325 206
325 214
325 247
325 75
326 0
326 8
326 9
326 43
326 78
326 79
326 81
326 107
326 110
326 111
326 119
326 124
326 131
326 134
326 143
326 173
326 193
326 194
326 198
326 202
326 204
326 205
326 240
326 243
326 76
327 7
327 41
327 103
327 115
327 148
327 150
327 172
327 199
327 220
327 77
328 26
328 35
328 37
328 70
328 94
328 105
328 138
328 215
328 242
328 78
329 30
329 36
329 56
329 72
329 76
329 88
329 100
329 131
329 149
329 150
329 167
329 185
329 220
329 79
330 13
330 35
330 49
330 66
330 129
330 160
330 165
330 170
330 191
330 192
330 194
330 202
330 221
330 80
331 19
331 25
331 28
331 32
331 39
331 52
331 75
331 107
331 112
331 114
331 147
331 149
331 154
331 221
331 231
331 249
331 81
332 12
332 30
332 31
332 37
332 41
332 56
332 70
332 92
332 144
332 148
332 248
332 82
333 12
333 17
333 55
333 77
333 81
333 144
333 149
333 172
333 210
333 216
333 241
333 245
333 83
334 2
334 48
334 53
334 70
334 78
334 111
334 148
334 172
334 187
334 201
334 242
334 84
335 29
335 41
335 43
335 54
335 86
335 108
335 113
335 136
335 146
335 85
336 1
336 5
336 33
336 84
336 89
336 165
336 193
336 211
336 86
337 0
337 20
337 31
337 34
337 84
337 91
337 102
337 123
337 129
337 137
337 190
337 196
337 234
337 87
338 16
338 20
338 32
338 33
338 37
338 47
338 68
338 86
338 98
338 172
338 212
338 217
338 218
338 224
338 88
339 28
339 58
339 110
339 113
339 117
339 142
339 203
339 220
339 248
339 89
340 18
340 38
340 49
340 50
340 54
340 59
340 145
340 160
340 181
340 199
340 240
340 90
341 43
341 44
341 50
341 57
341 58
341 67
341 96
341 119
341 129
341 132
341 175
341 182
341 189
341 193
341 243
341 91
342 32
342 120
342 128
342 129
342 160
342 166
342 171
342 92
343 76
343 104
343 108
343 153
343 157
343 171
343 175
343 186
343 208
343 213
343 244
343 93
344 10
344 34
344 45
344 86
344 90
344 93
344 97
344 101
344 107
344 124
344 128
344 143
344 185
344 196
344 212
344 218
344 235
344 94
345 11
345 34
345 50
345 66
345 67
345 73
345 117
345 121
345 133
345 134
345 234
345 95
346 19
346 94
346 105
346 111
346 113
346 117
346 122
346 129
346 171
346 173
346 236
346 240
346 96
347 19
347 23
347 30
347 41
347 65
347 88
347 112
347 143
347 193
347 196
347 237
347 238
347 97
348 8
348 74
348 82
348 131
348 176
348 194
348 208
348 244
348 98
349 21
349 37
349 54
349 55
349 90
349 122
349 162
349 195
349 220
349 229
349 245
349 99
350 18
350 21
350 66
350 74
350 78
350 85
350 93
350 135
350 162
350 172
350 179
350 187
350 201
350 100
351 27
351 47
351 51
351 63
351 90
351 100
351 116
351 119
351 132
351 138
351 170
351 177
351 179
351 189
351 190
351 193
351 197
351 214
351 217
351 101
352 23
352 27
352 61
352 115
352 142
352 196
352 200
352 212
352 227
352 231
352 249
352 102
353 14
353 19
353 25
353 46
353 49
353 71
353 86
353 102
353 104
353 115
353 120
353 121
353 155
353 166
353 169
353 185
353 192
353 217
353 246
353 103
354 68
354 72
354 88
354 89
354 101
354 153
354 166
354 184
354 209
354 229
354 239
354 104
355 45
355 52
355 62
355 64
355 81
355 114
355 140
355 148
355 149
355 153
355 163
355 185
355 232
355 105
356 56
356 72
356 73
356 79
356 104
356 106
356 120
356 122
356 137
356 160
356 173
356 179
356 205
356 212
356 243
356 249
357 8
357 29
357 39
357 80
357 96
357 118
357 152
357 172
357 176
357 220
357 229
357 107
358 3
358 8
358 9
358 22
358 27
358 31
358 78
358 90
358 104
358 106
358 143
358 146
358 148
358 176
358 177
358 184
358 201
358 108
359 48
359 84
359 124
359 129
359 152
359 209
359 212
359 235
359 109
360 14
360 51
360 57
360 74
360 110
360 120
360 123
360 142
360 148
360 193
360 211
360 239
360 247
361 0
361 7
361 45
361 49
361 51
361 71
361 111
361 137
361 164
361 192
362 34
362 51
362 55
362 56
362 95
362 132
362 162
362 197
362 201
362 218
362 222
362 230
362 235
362 243
362 112
363 0
363 5
363 20
363 38
363 74
363 91
363 117
363 132
363 148
363 228
363 246
363 113
364 22
364 23
364 35
364 45
364 49
364 86
364 112
364 119
364 137
364 152
364 185
364 223
364 238
364 114
365 25
365 61
365 75
365 117
365 119
365 156
365 157
365 249
365 115
366 11
366 20
366 34
366 49
366 63
366 91
366 101
366 153
366 208
366 213
366 220
366 224
366 228
366 116
367 39
367 53
367 67
367 81
367 101
367 118
367 151
367 168
367 177
367 178
367 203
367 205
367 232
367 236
367 117
368 36
368 37
368 60
368 68
368 150
368 193
368 196
368 211
368 222
368 239
368 245
368 118
369 9
369 26
369 39
369 42
369 50
369 58
369 62
369 64
369 93
369 158
369 196
369 224
369 238
369 244
369 246
369 119
370 19
370 53
370 64
370 92
370 93
370 96
370 121
370 134
370 157
370 205
370 120
371 38
371 59
371 68
371 81
371 94
371 104
371 110
371 156
371 161
371 170
371 186
371 203
371 234
371 121
372 8
372 9
372 12
372 50
372 51
372 58
372 76
372 80
372 90
372 125
372 148
372 152
372 170
372 171
372 179
372 180
372 196
372 215
372 225
372 240
372 122
373 16
373 20
373 25
373 44
373 59
373 64
373 102
373 117
373 137
373 169
373 174
373 246
373 123
374 55
374 100
374 102
374 151
374 198
374 199
374 213
374 124
375 7
375 12
375 18
375 35
375 36
375 81
375 92
375 109
375 119
375 140
375 193
375 214
375 243
375 245
375 125
376 23
376 30
376 65
376 90
376 102
376 112
376 113
376 117
376 125
376 140
376 165
376 174
376 196
376 212
376 245
376 126
377 7
377 20
377 49
377 52
377 112
377 129
377 162
377 177
377 199
377 221
377 237
377 240
377 127
378 48
378 53
378 56
378 94
378 108
378 143
378 145
378 159
378 193
378 236
378 243
378 128
379 67
379 141
379 145
379 158
379 161
379 184
379 187
379 193
379 211
379 247
379 129
380 24
380 54
380 63
380 77
380 102
380 116
380 158
380 199
380 201
380 217
380 130
381 28
381 64
381 122
381 131
381 134
381 138
381 140
381 156
381 186
381 230
381 231
382 30
382 48
382 50
382 53
382 58
382 97
382 122
382 142
382 185
382 192
382 215
382 233
382 132
383 13
383 48
383 63
383 80
383 107
383 131
383 138
383 163
383 179
383 209
383 229
383 240
383 248
383 133
384 26
384 58
384 66
384 129
384 209
384 220
384 246
384 134
385 0
385 9
385 18
385 24
385 29
385 47
385 57
385 100
385 116
385 127
385 130
385 157
385 160
385 178
385 182
385 200
385 210
385 218
385 232
385 135
386 3
386 9
386 37
386 58
386 65
386 67
386 77
386 143
386 171
386 187
386 192
386 209
386 227
386 228
386 136
387 4
387 13
387 21
387 22
387 115
387 119
387 134
387 146
387 198
387 210
387 214
387 226
387 228
387 137
388 3
388 14
388 23
388 27
388 29
388 31
388 53
388 61
388 75
388 87
388 128
388 160
388 190
388 194
388 201
388 204
388 206
388 227
388 138
389 16
389 21
389 27
389 65
389 98
389 143
389 236
389 241
389 139
390 41
390 99
390 129
390 135
390 167
390 178
390 182
390 183
390 209
390 228
390 140
391 11
391 14
391 24
391 50
391 55
391 68
391 70
391 112
391 160
391 167
391 188
391 213
391 232
391 141
392 18
392 32
392 38
392 49
392 91
392 124
392 168
392 191
392 192
392 205
392 215
392 219
392 248
392 142
393 41
393 75
393 87
393 123
393 155
393 167
393 195
393 217
393 143
394 11
394 20
394 31
394 37
394 42
394 46
394 64
394 78
394 88
394 92
394 96
394 100
394 139
394 148
394 162
394 165
394 169
394 185
394 196
394 222
394 238
394 144
395 15
395 45
395 49
395 55
395 66
395 69
395 100
395 129
395 130
395 132
395 144
395 153
395 172
395 230
395 145
396 8
396 17
396 24
396 26
396 33
396 45
396 81
396 115
396 116
396 138
396 151
396 166
396 227
396 146
397 6
397 18
397 70
397 111
397 137
397 141
397 180
397 194
397 200
397 211
397 223
397 243
397 147
398 28
398 33
398 35
398 38
398 40
398 78
398 125
398 136
398 158
398 170
398 188
398 217
398 242
398 148
399 76
399 84
399 103
399 106
399 175
399 191
399 193
399 231
399 240
399 245
399 248
399 149
400 14
400 60
400 63
400 73
400 74
400 132
400 150
401 28
401 34
401 47
401 125
401 190
401 151
402 55
402 102
402 115
402 134
402 135
402 154
402 197
402 230
402 152
403 0
403 7
403 39
403 40
403 67
403 101
403 110
403 112
403 138
403 141
403 145
403 154
403 161
403 164
403 167
403 215
403 222
403 233
403 153
404 13
404 22
404 45
404 80
404 98
404 121
404 133
404 141
404 154
404 168
404 170
404 176
404 189
404 235
405 18
405 40
405 56
405 64
405 71
405 159
405 174
405 207
405 212
405 155
406 44
406 83
406 139
406 140
406 155
406 171
406 177
406 192
406 197
406 207
406 215
406 217
406 235
406 241
406 156
407 5
407 54
407 69
407 82
407 93
407 121
407 132
407 137
407 144
407 154
407 172
407 210
407 224
407 240
407 157
408 30
408 45
408 47
408 51
408 53
408 55
408 64
408 87
408 97
408 132
408 138
408 194
408 198
408 208
408 242
408 245
408 158
409 40
409 41
409 69
409 83
409 88
409 99
409 133
409 151
409 155
409 162
409 166
409 179
409 189
409 195
409 242
409 159
410 10
410 87
410 95
410 101
410 120
410 149
410 154
410 167
410 200
410 225
410 160
411 51
411 85
411 121
411 123
411 125
411 136
411 143
411 153
411 193
411 199
411 161
412 15
412 39
412 40
412 48
412 58
412 103
412 140
412 142
412 145
412 157
412 176
412 181
412 191
412 162
413 34
413 37
413 54
413 75
413 110
413 123
413 137
413 163
413 188
413 222
413 249
414 28
414 31
414 44
414 88
414 96
414 162
414 181
414 202
414 246
414 164
415 46
415 58
415 69
415 138
415 154
415 160
415 170
415 171
415 180
415 244
415 165
416 22
416 40
416 41
416 55
416 102
416 109
416 122
416 134
416 142
416 208
416 216
416 228
416 234
416 248
416 166
417 18
417 36
417 38
417 59
417 78
417 94
417 111
417 153
417 178
417 180
417 188
417 219
417 236
417 167
418 11
418 31
418 49
418 67
418 109
418 112
418 128
418 175
418 185
418 197
418 230
418 168
419 15
419 32
419 58
419 60
419 119
419 138
419 218
419 169
420 7
420 50
420 89
420 91
420 95
420 119
420 131
420 152
420 163
420 189
420 200
420 204
420 205
420 170
421 43
421 54
421 67
421 68
421 74
421 83
421 97
421 106
421 120
421 121
421 154
421 212
421 227
421 171
422 4
422 18
422 27
422 31
422 70
422 76
422 154
422 212
422 236
422 172
423 1
423 44
423 54
423 58
423 65
423 72
423 87
423 95
423 97
423 109
423 147
423 169
423 196
423 209
423 215
423 219
423 229
423 173
424 17
424 42
424 43
424 56
424 86
424 104
424 125
424 127
424 136
424 138
424 143
424 145
424 161
424 171
424 201
424 203
424 220
424 244
424 174
425 32
425 42
425 63
425 65
425 77
425 101
425 104
425 106
425 128
425 147
425 152
425 177
425 198
425 199
425 205
425 234
425 245
425 175
426 24
426 25
426 45
426 52
426 93
426 95
426 102
426 126
426 128
426 131
426 135
426 225
426 234
426 245
426 249
426 176
427 8
427 16
427 17
427 38
427 71
427 83
427 183
427 190
427 205
427 226
427 228
427 230
427 232
427 177
428 3
428 21
428 37
428 45
428 53
428 55
428 59
428 61
428 67
428 118
428 140
428 215
428 225
428 232
428 178
429 1
429 120
429 146
429 209
429 231
429 179
430 5
430 67
430 180
430 193
430 218
431 5
431 9
431 20
431 24
431 26
431 64
431 71
431 99
431 105
431 183
431 195
431 199
431 214
431 181
432 13
432 37
432 51
432 57
432 64
432 85
432 118
432 138
432 158
432 172
432 183
432 184
432 209
432 211
432 182
433 31
433 54
433 61
433 79
433 88
433 135
433 137
433 139
433 143
433 152
433 183
433 197
433 206
433 207
433 215
433 237
434 16
434 25
434 28
434 31
434 55
434 63
434 71
434 79
434 82
434 94
434 108
434 146
434 155
434 173
434 206
434 211
434 184
435 43
435 44
435 63
435 141
435 171
435 184
435 200
435 203
435 225
435 234
435 185
436 7
436 39
436 41
436 82
436 99
436 102
436 123
436 141
436 145
436 152
436 154
436 183
436 208
436 213
436 214
436 224
436 245
436 186
437 21
437 29
437 40
437 41
437 44
437 53
437 88
437 101
437 118
437 136
437 161
437 190
437 241
437 187
438 26
438 55
438 61
438 83
438 201
438 226
438 188
439 6
439 12
439 27
439 30
439 35
439 36
439 45
439 64
439 69
439 86
439 88
439 102
439 108
439 121
439 122
439 129
439 138
439 156
439 175
439 202
439 213
439 189
440 13
440 22
440 23
440 24
440 40
440 50
440 69
440 70
440 71
440 77
440 86
440 104
440 119
440 136
440 150
440 151
440 152
440 153
440 173
440 204
440 248
440 190
441 4
441 6
441 22
441 46
441 48
441 70
441 74
441 85
441 88
441 94
441 104
441 111
441 148
441 156
441 171
441 186
441 243
441 191
442 17
442 24
442 36
442 58
442 66
442 94
442 117
442 132
442 151
442 157
442 184
442 240
442 192
443 8
443 13
443 18
443 32
443 74
443 87
443 91
443 119
443 137
443 139
443 153
443 167
443 174
443 194
443 231
443 241
443 245
443 193
444 11
444 49
444 50
444 65
444 66
444 120
444 165
444 185
444 187
444 194
444 234
445 25
445 64
445 111
445 134
445 150
445 194
445 195
446 13
446 39
446 62
446 82
446 108
446 111
446 134
446 186
446 204
446 220
446 196
447 39
447 45
447 73
447 80
447 120
447 121
447 147
447 174
447 190
447 208
447 229
447 234
447 197
448 6
448 13
448 19
448 22
448 26
448 57
448 58
448 63
448 66
448 71
448 82
448 144
448 153
448 198
448 208
448 218
448 221
448 243
449 18
449 28
449 66
449 84
449 97
449 148
449 156
449 161
449 178
449 191
449 195
449 197
449 223
449 234
449 242
449 199
450 6
450 13
450 20
450 22
450 81
450 83
450 101
450 106
450 118
450 124
450 196
450 234
450 241
450 244
450 246
450 200
451 6
451 19
451 41
451 43
451 54
451 55
451 56
451 59
451 60
451 96
451 164
451 194
451 220
451 243
451 247
451 201
452 4
452 16
452 25
452 61
452 79
452 108
452 115
452 130
452 231
452 202
453 22
453 35
453 51
453 114
453 138
453 151
453 205
453 213
453 232
453 235
453 203
454 1
454 13
454 38
454 44
454 54
454 91
454 127
454 148
454 182
454 217
454 204
455 21
455 29
455 33
455 49
455 80
455 81
455 96
455 122
455 149
455 187
455 223
455 238
455 242
455 246
455 249
455 205
456 9
456 37
456 61
456 116
456 139
456 149
456 153
456 172
456 180
456 181
456 185
456 198
456 239
456 206
457 17
457 19
457 34
457 90
457 94
457 117
457 119
457 125
457 138
457 142
457 154
457 178
457 242
457 207
458 53
458 85
458 116
458 145
458 162
458 178
458 179
458 242
458 208
459 4
459 26
459 32
459 37
459 41
459 112
459 145
459 171
459 173
459 213
459 227
459 237
459 209
460 5
460 33
460 35
460 36
460 59
460 63
460 70
460 86
460 105
460 113
460 125
460 160
460 162
460 171
460 213
460 210
461 0
461 39
461 45
461 99
461 110
461 115
461 145
461 158
461 221
461 211
462 7
462 18
462 27
462 67
462 69
462 70
462 77
462 94
462 108
462 111
462 129
462 173
462 247
462 212
463 21
463 66
463 77
463 92
463 93
463 106
463 163
463 198
463 203
463 207
463 225
463 229
463 213
464 99
464 111
464 150
464 160
464 162
464 170
464 174
464 180
464 229
464 232
464 245
464 214
465 3
465 52
465 61
465 84
465 93
465 94
465 173
465 178
465 187
465 236
465 215
466 1
466 16
466 26
466 33
466 43
466 55
466 62
466 64
466 66
466 89
466 92
466 97
466 119
466 215
466 225
466 226
466 230
466 245
466 216
467 35
467 58
467 69
467 78
467 99
467 118
467 150
467 187
467 193
467 243
467 247
467 217
468 5
468 13
468 22
468 39
468 92
468 111
468 113
468 120
468 134
468 169
468 172
468 180
468 216
468 217
468 226
468 228
468 246
468 218
469 30
469 34
469 55
469 88
469 122
469 129
469 137
469 153
469 176
469 185
469 215
469 219
470 5
470 70
470 104
470 111
470 151
470 176
470 179
470 196
470 217
470 223
470 224
470 225
470 220
471 81
471 86
471 90
471 105
471 164
471 168
471 205
471 248
471 221
472 15
472 47
472 64
472 66
472 67
472 91
472 103
472 136
472 160
472 165
472 227
472 234
472 245
472 222
473 58
473 59
473 110
473 127
473 133
473 157
473 226
473 227
473 223
474 12
474 26
474 55
474 64
474 94
474 128
474 141
474 164
474 180
474 192
474 209
474 217
474 221
474 224
475 23
475 25
475 44
475 48
475 90
475 95
475 124
475 157
475 165
475 188
475 193
475 205
475 207
475 243
475 225
476 56
476 63
476 68
476 132
476 158
476 162
476 182
476 207
476 211
476 242
476 226
477 3
477 21
477 32
477 35
477 87
477 95
477 101
477 104
477 108
477 139
477 157
477 178
477 193
477 195
477 208
477 220
477 227
478 18
478 40
478 123
478 145
478 155
478 168
478 187
478 189
478 210
478 213
478 244
478 228
479 12
479 17
479 31
479 45
479 52
479 65
479 76
479 79
479 97
479 111
479 145
479 174
479 214
479 215
479 229
480 8
480 9
480 10
480 66
480 85
480 159
480 163
480 198
480 236
480 230
481 8
481 27
481 47
481 55
481 74
481 76
481 83
481 87
481 95
481 100
481 119
481 162
481 172
481 195
481 230
481 231
482 11
482 36
482 66
482 68
482 82
482 93
482 135
482 144
482 146
482 193
482 198
482 203
482 232
483 49
483 55
483 60
483 62
483 65
483 75
483 161
483 165
483 208
483 233
484 48
484 50
484 89
484 199
484 208
484 215
484 234
485 2
485 29
485 55
485 69
485 76
485 107
485 146
485 148
485 152
485 158
485 189
485 217
485 242
485 235
486 23
486 26
486 49
486 79
486 89
486 96
486 123
486 145
486 151
486 155
486 163
486 178
486 235
486 243
486 236
487 10
487 14
487 24
487 45
487 52
487 57
487 61
487 71
487 73
487 85
487 92
487 108
487 139
487 162
487 212
487 238
487 237
488 28
488 40
488 66
488 80
488 107
488 115
488 134
488 147
488 171
488 173
488 185
488 244
488 238
489 34
489 48
489 92
489 109
489 124
489 139
489 149
489 230
489 239
490 18
490 21
490 22
490 50
490 58
490 75
490 103
490 141
490 152
490 155
490 166
490 197
490 201
490 207
490 240
491 26
491 70
491 82
491 120
491 171
491 232
491 237
491 245
491 241
492 12
492 81
492 87
492 146
492 187
492 190
492 216
492 226
492 230
492 239
492 242
492 246
493 0
493 15
493 29
493 53
493 57
493 97
493 127
493 136
493 190
493 237
493 242
493 243
494 6
494 81
494 104
494 142
494 158
494 189
494 198
494 232
494 244
495 17
495 25
495 36
495 56
495 70
495 137
495 154
495 161
495 165
495 197
495 229
495 245
496 3
496 10
496 36
496 37
496 38
496 43
496 109
496 145
496 157
496 214
496 230
496 246
497 5
497 13
497 42
497 60
497 61
497 89
497 105
497 140
497 154
497 196
497 202
497 247
498 93
498 94
498 106
498 144
498 151
498 180
498 210
498 216
498 245
498 248
499 18
499 29
499 37
499 43
499 49
499 159
499 170
499 171
499 184
499 195
499 201
499 206
499 213
499 243
499 249
