  400   2470
0 282
0 316
0 1
0 17
0 25
0 36
0 60
0 68
0 97
0 108
0 109
0 110
0 114
0 116
0 158
0 166
0 175
0 179
0 181
0 187
0 189
0 199
0 200
1 313
1 389
1 0
1 5
1 27
1 33
1 34
1 36
1 45
1 50
1 67
1 74
1 82
1 84
1 94
1 118
1 120
1 144
1 149
1 156
1 157
1 185
1 190
1 201
2 276
2 259
2 3
2 23
2 28
2 29
2 46
2 53
2 62
2 63
2 68
2 78
2 80
2 89
2 119
2 130
2 160
2 178
2 181
2 187
2 202
3 280
3 276
3 2
3 24
3 37
3 38
3 48
3 65
3 75
3 76
3 79
3 84
3 96
3 115
3 132
3 150
3 158
3 159
3 170
3 203
4 208
4 273
4 315
4 8
4 12
4 25
4 26
4 65
4 67
4 78
4 98
4 122
4 124
4 131
4 145
4 160
4 164
4 181
4 186
4 193
4 198
4 204
5 207
5 319
5 322
5 325
5 326
5 361
5 1
5 20
5 28
5 46
5 60
5 62
5 66
5 77
5 81
5 92
5 126
5 149
5 151
5 153
5 156
5 179
5 181
5 195
5 205
6 276
6 8
6 10
6 16
6 27
6 32
6 36
6 41
6 45
6 60
6 64
6 75
6 81
6 84
6 89
6 93
6 95
6 112
6 138
6 178
6 206
7 255
7 300
7 308
7 10
7 42
7 55
7 72
7 82
7 92
7 97
7 101
7 118
7 148
7 161
7 165
7 168
7 191
7 207
8 321
8 4
8 6
8 17
8 20
8 28
8 34
8 45
8 56
8 58
8 76
8 100
8 111
8 113
8 131
8 135
8 139
8 143
8 145
8 165
8 168
8 177
8 182
8 191
8 194
8 208
9 266
9 16
9 17
9 22
9 28
9 40
9 45
9 46
9 47
9 75
9 83
9 88
9 93
9 103
9 106
9 111
9 118
9 143
9 144
9 152
9 153
9 155
9 160
9 161
9 178
9 192
9 209
10 263
10 325
10 338
10 6
10 7
10 14
10 25
10 28
10 31
10 34
10 39
10 53
10 68
10 78
10 81
10 101
10 107
10 109
10 110
10 149
10 210
11 285
11 280
11 13
11 38
11 50
11 71
11 74
11 75
11 94
11 107
11 159
11 170
11 178
11 195
11 211
12 205
12 4
12 25
12 27
12 46
12 49
12 69
12 74
12 82
12 84
12 105
12 106
12 123
12 142
12 159
12 192
12 196
12 197
12 198
12 212
13 277
13 369
13 391
13 11
13 25
13 30
13 33
13 39
13 87
13 95
13 122
13 142
13 188
13 199
13 213
14 270
14 283
14 10
14 15
14 29
14 33
14 34
14 38
14 42
14 48
14 57
14 58
14 75
14 88
14 113
14 142
14 214
15 287
15 285
15 14
15 19
15 55
15 70
15 74
15 78
15 79
15 98
15 104
15 118
15 139
15 141
15 176
15 177
15 182
15 186
15 187
15 197
15 198
15 215
16 220
16 6
16 9
16 31
16 36
16 42
16 51
16 71
16 76
16 83
16 99
16 111
16 114
16 160
16 162
16 164
16 176
16 216
17 328
17 0
17 8
17 9
17 27
17 39
17 115
17 131
17 141
17 145
17 152
17 158
17 168
17 169
17 175
17 185
17 199
17 217
18 274
18 303
18 343
18 361
18 376
18 39
18 61
18 63
18 74
18 82
18 88
18 103
18 113
18 133
18 138
18 141
18 144
18 155
18 159
18 196
18 197
18 218
19 210
19 223
19 376
19 15
19 25
19 32
19 33
19 70
19 73
19 75
19 115
19 132
19 136
19 138
19 139
19 191
19 196
19 197
19 198
19 199
19 219
20 210
20 255
20 5
20 8
20 22
20 48
20 60
20 65
20 70
20 95
20 108
20 112
20 153
20 166
20 168
20 172
20 173
20 186
20 220
21 250
21 376
21 24
21 33
21 35
21 41
21 62
21 64
21 83
21 88
21 91
21 94
21 95
21 97
21 109
21 119
21 133
21 176
21 182
21 183
21 190
21 191
21 221
22 201
22 214
22 9
22 20
22 47
22 61
22 65
22 79
22 102
22 107
22 110
22 134
22 156
22 157
22 172
22 177
22 181
22 184
22 222
23 210
23 363
23 369
23 376
23 2
23 24
23 30
23 101
23 135
23 158
23 178
23 195
23 223
24 233
24 300
24 3
24 21
24 23
24 31
24 32
24 63
24 68
24 100
24 102
24 114
24 129
24 134
24 139
24 147
24 158
24 160
24 163
24 164
24 165
24 172
24 175
24 224
25 343
25 0
25 4
25 10
25 12
25 13
25 19
25 48
25 49
25 59
25 62
25 69
25 79
25 93
25 96
25 97
25 100
25 104
25 105
25 107
25 125
25 128
25 129
25 141
25 162
25 167
25 171
25 175
25 184
25 196
25 225
26 202
26 309
26 392
26 4
26 31
26 41
26 64
26 70
26 72
26 79
26 83
26 95
26 101
26 119
26 154
26 159
26 160
26 177
26 178
26 183
26 226
27 269
27 1
27 6
27 12
27 17
27 31
27 42
27 57
27 66
27 87
27 117
27 119
27 137
27 138
27 158
27 165
27 199
27 227
28 289
28 287
28 2
28 5
28 8
28 9
28 10
28 38
28 40
28 65
28 75
28 79
28 85
28 92
28 93
28 96
28 98
28 111
28 121
28 142
28 155
28 156
28 160
28 228
29 367
29 2
29 14
29 47
29 53
29 83
29 90
29 96
29 103
29 115
29 116
29 119
29 127
29 129
29 147
29 150
29 156
29 165
29 186
29 195
29 199
29 229
30 229
30 313
30 317
30 13
30 23
30 54
30 63
30 76
30 95
30 141
30 143
30 158
30 160
30 162
30 164
30 182
30 185
30 198
30 230
31 212
31 217
31 312
31 10
31 16
31 24
31 26
31 27
31 34
31 45
31 48
31 53
31 55
31 88
31 90
31 101
31 102
31 110
31 126
31 141
31 149
31 155
31 185
31 190
31 231
32 219
32 359
32 6
32 19
32 24
32 36
32 43
32 108
32 114
32 118
32 127
32 129
32 146
32 175
32 176
32 180
32 182
32 190
32 195
32 232
33 344
33 356
33 1
33 13
33 14
33 19
33 21
33 35
33 42
33 59
33 77
33 90
33 92
33 103
33 109
33 125
33 129
33 132
33 146
33 174
33 175
33 177
33 183
33 233
34 262
34 305
34 1
34 8
34 10
34 14
34 31
34 41
34 53
34 61
34 62
34 82
34 91
34 102
34 161
34 162
34 164
34 188
34 190
34 199
34 234
35 208
35 264
35 301
35 388
35 21
35 33
35 37
35 41
35 70
35 75
35 80
35 87
35 90
35 102
35 121
35 131
35 139
35 147
35 156
35 159
35 168
35 181
35 185
35 189
35 198
35 235
36 291
36 289
36 0
36 1
36 6
36 16
36 32
36 39
36 49
36 60
36 63
36 70
36 75
36 87
36 92
36 93
36 105
36 116
36 131
36 147
36 155
36 167
36 195
36 198
36 199
36 236
37 292
37 291
37 3
37 35
37 56
37 63
37 71
37 77
37 91
37 98
37 103
37 113
37 133
37 157
37 169
37 187
37 193
37 194
37 237
38 321
38 3
38 11
38 14
38 28
38 50
38 62
38 75
38 112
38 116
38 132
38 143
38 148
38 156
38 158
38 167
38 175
38 179
38 193
38 238
39 215
39 236
39 237
39 248
39 10
39 13
39 17
39 18
39 36
39 40
39 48
39 59
39 72
39 88
39 100
39 103
39 125
39 150
39 178
39 239
40 208
40 277
40 293
40 9
40 28
40 39
40 43
40 78
40 81
40 85
40 96
40 138
40 166
40 176
40 178
40 186
40 193
40 196
40 240
41 279
41 314
41 6
41 21
41 26
41 34
41 35
41 55
41 78
41 83
41 89
41 102
41 105
41 133
41 137
41 140
41 149
41 241
42 294
42 292
42 7
42 14
42 16
42 27
42 33
42 63
42 87
42 92
42 93
42 94
42 95
42 106
42 107
42 123
42 134
42 145
42 170
42 179
42 198
42 242
43 255
43 32
43 40
43 45
43 58
43 59
43 70
43 73
43 82
43 83
43 96
43 108
43 117
43 120
43 153
43 157
43 163
43 171
43 183
43 243
44 220
44 297
44 319
44 46
44 48
44 50
44 54
44 74
44 77
44 79
44 91
44 92
44 98
44 105
44 111
44 118
44 130
44 133
44 138
44 152
44 167
44 244
45 295
45 376
45 1
45 6
45 8
45 9
45 31
45 43
45 47
45 53
45 57
45 60
45 63
45 65
45 67
45 70
45 77
45 80
45 106
45 109
45 121
45 127
45 141
45 142
45 145
45 148
45 160
45 161
45 162
45 166
45 170
45 174
45 175
45 187
45 189
45 192
45 193
45 199
45 245
46 214
46 275
46 357
46 366
46 2
46 5
46 9
46 12
46 44
46 48
46 79
46 87
46 108
46 134
46 144
46 185
46 186
46 187
46 188
46 194
46 199
46 246
47 206
47 262
47 379
47 380
47 9
47 22
47 29
47 45
47 48
47 53
47 59
47 61
47 68
47 76
47 79
47 106
47 110
47 113
47 163
47 170
47 175
47 194
47 195
47 247
48 286
48 362
48 3
48 14
48 20
48 25
48 31
48 39
48 44
48 46
48 47
48 67
48 106
48 110
48 114
48 122
48 127
48 132
48 136
48 141
48 146
48 150
48 168
48 182
48 185
48 248
49 296
49 294
49 12
49 25
49 36
49 87
49 88
49 92
49 98
49 102
49 104
49 116
49 122
49 133
49 139
49 145
49 159
49 189
49 194
49 249
50 225
50 393
50 1
50 11
50 38
50 44
50 51
50 55
50 70
50 97
50 147
50 149
50 194
50 250
51 369
51 16
51 50
51 55
51 61
51 75
51 78
51 81
51 84
51 101
51 103
51 105
51 131
51 156
51 160
51 176
51 177
51 185
51 192
51 251
52 319
52 351
52 77
52 86
52 149
52 150
52 157
52 161
52 165
52 169
52 187
52 191
52 195
52 252
53 228
53 345
53 364
53 2
53 10
53 29
53 31
53 34
53 45
53 47
53 54
53 55
53 74
53 97
53 107
53 131
53 135
53 140
53 168
53 179
53 187
53 190
53 253
54 201
54 248
54 392
54 30
54 44
54 53
54 60
54 62
54 70
54 74
54 83
54 115
54 131
54 138
54 148
54 188
54 254
55 270
55 7
55 15
55 31
55 41
55 50
55 51
55 53
55 56
55 63
55 70
55 84
55 89
55 90
55 99
55 109
55 110
55 124
55 131
55 132
55 172
55 179
55 255
56 233
56 293
56 8
56 37
56 55
56 59
56 64
56 66
56 79
56 86
56 87
56 89
56 93
56 105
56 111
56 136
56 144
56 153
56 166
56 195
56 198
56 256
57 200
57 322
57 339
57 369
57 14
57 27
57 45
57 64
57 81
57 86
57 90
57 94
57 103
57 146
57 147
57 171
57 177
57 257
58 298
58 296
58 8
58 14
58 43
58 73
58 95
58 121
58 124
58 125
58 136
58 152
58 159
58 199
58 258
59 318
59 298
59 25
59 33
59 39
59 43
59 47
59 56
59 83
59 103
59 108
59 112
59 125
59 136
59 141
59 155
59 172
59 178
59 184
59 185
59 197
59 199
59 259
60 224
60 295
60 347
60 395
60 0
60 5
60 6
60 20
60 36
60 45
60 54
60 61
60 71
60 77
60 84
60 88
60 98
60 147
60 149
60 165
60 183
60 260
61 229
61 391
61 18
61 22
61 34
61 47
61 51
61 60
61 62
61 72
61 78
61 90
61 96
61 122
61 127
61 138
61 147
61 177
61 261
62 210
62 272
62 373
62 2
62 5
62 21
62 25
62 34
62 38
62 54
62 61
62 64
62 74
62 84
62 88
62 103
62 108
62 120
62 134
62 143
62 150
62 152
62 184
62 187
62 262
63 386
63 2
63 18
63 24
63 30
63 36
63 37
63 42
63 45
63 55
63 77
63 96
63 104
63 118
63 164
63 166
63 179
63 189
63 194
63 199
63 263
64 290
64 6
64 21
64 26
64 56
64 57
64 62
64 87
64 92
64 95
64 112
64 168
64 173
64 178
64 180
64 190
64 264
65 245
65 277
65 315
65 352
65 3
65 4
65 20
65 22
65 28
65 45
65 71
65 79
65 87
65 90
65 106
65 121
65 130
65 139
65 150
65 165
65 177
65 265
66 252
66 267
66 319
66 331
66 5
66 27
66 56
66 76
66 81
66 119
66 123
66 127
66 134
66 136
66 152
66 156
66 161
66 176
66 190
66 266
67 218
67 310
67 387
67 1
67 4
67 45
67 48
67 80
67 91
67 99
67 103
67 117
67 121
67 196
67 198
67 267
68 259
68 0
68 2
68 10
68 24
68 47
68 78
68 81
68 89
68 94
68 100
68 102
68 109
68 122
68 133
68 144
68 148
68 157
68 173
68 180
68 181
68 189
68 196
68 268
69 310
69 314
69 12
69 25
69 95
69 98
69 107
69 118
69 120
69 129
69 155
69 184
69 188
69 193
69 195
69 269
70 315
70 15
70 19
70 20
70 26
70 35
70 36
70 43
70 45
70 50
70 54
70 55
70 81
70 96
70 100
70 102
70 120
70 130
70 132
70 133
70 135
70 165
70 178
70 270
71 225
71 241
71 11
71 16
71 37
71 60
71 65
71 85
71 98
71 100
71 122
71 143
71 159
71 162
71 164
71 166
71 167
71 169
71 271
72 266
72 315
72 7
72 26
72 39
72 61
72 82
72 84
72 89
72 122
72 123
72 140
72 146
72 147
72 150
72 159
72 168
72 169
72 171
72 176
72 181
72 186
72 272
73 388
73 19
73 43
73 58
73 93
73 99
73 100
73 118
73 130
73 133
73 151
73 152
73 182
73 196
73 273
74 364
74 385
74 1
74 11
74 12
74 15
74 18
74 44
74 53
74 54
74 62
74 100
74 121
74 156
74 171
74 172
74 188
74 274
75 324
75 318
75 3
75 6
75 9
75 11
75 14
75 19
75 28
75 35
75 36
75 38
75 51
75 98
75 112
75 115
75 119
75 136
75 148
75 150
75 159
75 166
75 172
75 178
75 186
75 191
75 275
76 385
76 3
76 8
76 16
76 30
76 47
76 66
76 80
76 88
76 90
76 113
76 114
76 171
76 172
76 173
76 188
76 198
76 276
77 328
77 324
77 5
77 33
77 37
77 44
77 45
77 52
77 60
77 63
77 88
77 91
77 121
77 124
77 152
77 157
77 158
77 161
77 165
77 167
77 179
77 277
78 231
78 348
78 2
78 4
78 10
78 15
78 40
78 41
78 51
78 61
78 68
78 89
78 102
78 103
78 112
78 118
78 125
78 159
78 164
78 170
78 179
78 187
78 278
79 332
79 328
79 3
79 15
79 22
79 25
79 26
79 28
79 44
79 46
79 47
79 56
79 65
79 82
79 91
79 105
79 110
79 126
79 134
79 135
79 137
79 153
79 159
79 173
79 192
79 199
79 279
80 203
80 209
80 395
80 2
80 35
80 45
80 67
80 76
80 84
80 108
80 112
80 121
80 126
80 144
80 145
80 149
80 151
80 159
80 163
80 182
80 184
80 196
80 280
81 204
81 337
81 5
81 6
81 10
81 40
81 51
81 57
81 66
81 68
81 70
81 87
81 103
81 108
81 109
81 119
81 133
81 141
81 153
81 178
81 281
82 336
82 332
82 1
82 7
82 12
82 18
82 34
82 43
82 72
82 79
82 90
82 112
82 118
82 121
82 136
82 138
82 146
82 170
82 174
82 181
82 186
82 190
82 192
82 282
83 389
83 9
83 16
83 21
83 26
83 29
83 41
83 43
83 54
83 59
83 90
83 99
83 100
83 108
83 109
83 119
83 123
83 124
83 132
83 134
83 139
83 156
83 158
83 173
83 181
83 190
83 192
83 199
83 283
84 217
84 334
84 1
84 3
84 6
84 12
84 51
84 55
84 60
84 62
84 72
84 80
84 85
84 91
84 102
84 121
84 125
84 130
84 143
84 152
84 166
84 176
84 178
84 284
85 204
85 380
85 28
85 40
85 71
85 84
85 112
85 136
85 149
85 152
85 159
85 173
85 185
85 192
85 193
85 285
86 284
86 52
86 56
86 57
86 93
86 113
86 116
86 124
86 138
86 146
86 148
86 166
86 172
86 175
86 189
86 192
86 197
86 286
87 272
87 299
87 387
87 13
87 27
87 35
87 36
87 42
87 46
87 49
87 56
87 64
87 65
87 81
87 95
87 112
87 126
87 132
87 137
87 143
87 150
87 194
87 287
88 288
88 9
88 14
88 18
88 21
88 31
88 39
88 49
88 60
88 62
88 76
88 77
88 92
88 100
88 109
88 116
88 122
88 126
88 127
88 130
88 152
88 156
88 179
88 198
89 233
89 281
89 390
89 2
89 6
89 41
89 55
89 56
89 68
89 72
89 78
89 123
89 141
89 153
89 157
89 172
89 175
89 289
90 340
90 336
90 29
90 31
90 33
90 35
90 55
90 57
90 61
90 65
90 76
90 82
90 83
90 110
90 159
90 171
90 175
90 182
90 183
90 290
91 252
91 21
91 34
91 37
91 44
91 67
91 77
91 79
91 84
91 108
91 111
91 114
91 121
91 128
91 133
91 145
91 152
91 174
91 184
91 291
92 219
92 261
92 282
92 346
92 359
92 5
92 7
92 28
92 33
92 36
92 42
92 44
92 49
92 64
92 88
92 129
92 136
92 148
92 150
92 152
92 157
92 192
92 197
92 292
93 200
93 310
93 6
93 9
93 25
93 28
93 36
93 42
93 56
93 73
93 86
93 111
93 113
93 114
93 115
93 120
93 121
93 123
93 131
93 139
93 144
93 157
93 199
93 293
94 310
94 348
94 1
94 11
94 21
94 42
94 57
94 68
94 104
94 140
94 147
94 170
94 171
94 191
94 198
94 294
95 243
95 248
95 6
95 13
95 20
95 21
95 26
95 30
95 42
95 58
95 64
95 69
95 87
95 105
95 109
95 112
95 124
95 125
95 135
95 145
95 149
95 168
95 182
95 295
96 205
96 300
96 310
96 367
96 3
96 25
96 28
96 29
96 40
96 43
96 61
96 63
96 70
96 98
96 102
96 108
96 114
96 127
96 142
96 143
96 152
96 172
96 176
96 192
96 193
96 296
97 281
97 357
97 0
97 7
97 21
97 25
97 50
97 53
97 109
97 116
97 131
97 135
97 147
97 149
97 157
97 165
97 169
97 176
97 182
97 199
97 297
98 268
98 272
98 352
98 4
98 15
98 28
98 37
98 44
98 49
98 60
98 69
98 71
98 75
98 96
98 116
98 118
98 128
98 137
98 150
98 163
98 173
98 174
98 184
98 298
99 247
99 290
99 16
99 55
99 67
99 73
99 83
99 109
99 122
99 125
99 134
99 192
99 197
99 198
99 299
100 301
100 313
100 337
100 342
100 8
100 24
100 25
100 39
100 68
100 70
100 71
100 73
100 74
100 83
100 88
100 106
100 114
100 115
100 152
100 183
100 190
100 300
101 254
101 7
101 10
101 23
101 26
101 31
101 51
101 107
101 119
101 140
101 153
101 160
101 175
101 301
102 264
102 267
102 286
102 397
102 22
102 24
102 31
102 34
102 35
102 41
102 49
102 68
102 70
102 78
102 84
102 96
102 105
102 117
102 122
102 138
102 140
102 147
102 302
103 233
103 279
103 304
103 355
103 9
103 18
103 29
103 33
103 37
103 39
103 51
103 57
103 59
103 62
103 67
103 78
103 81
103 119
103 125
103 149
103 164
103 170
103 180
103 186
103 303
104 270
104 282
104 15
104 25
104 49
104 63
104 94
104 109
104 111
104 120
104 128
104 163
104 168
104 191
104 304
105 209
105 290
105 335
105 355
105 359
105 12
105 25
105 36
105 41
105 44
105 51
105 56
105 79
105 95
105 102
105 112
105 122
105 131
105 139
105 145
105 149
105 153
105 173
105 179
105 193
105 305
106 236
106 304
106 363
106 390
106 9
106 12
106 42
106 45
106 47
106 48
106 65
106 100
106 107
106 108
106 115
106 135
106 142
106 152
106 159
106 179
106 190
106 306
107 323
107 327
107 353
107 369
107 10
107 11
107 22
107 25
107 42
107 53
107 69
107 101
107 106
107 117
107 131
107 140
107 151
107 170
107 174
107 176
107 180
107 191
107 194
107 307
108 232
108 0
108 20
108 32
108 43
108 46
108 59
108 62
108 80
108 81
108 83
108 91
108 96
108 106
108 112
108 123
108 142
108 161
108 165
108 172
108 175
108 308
109 216
109 279
109 352
109 0
109 10
109 21
109 33
109 45
109 55
109 68
109 81
109 83
109 88
109 95
109 97
109 99
109 104
109 116
109 126
109 134
109 140
109 146
109 174
109 182
109 309
110 262
110 0
110 10
110 22
110 31
110 47
110 48
110 55
110 79
110 90
110 111
110 113
110 114
110 124
110 150
110 166
110 169
110 177
110 178
110 181
110 184
110 310
111 216
111 243
111 273
111 8
111 9
111 16
111 28
111 44
111 56
111 91
111 93
111 104
111 110
111 115
111 117
111 127
111 139
111 148
111 152
111 177
111 182
111 311
112 220
112 260
112 286
112 347
112 6
112 20
112 38
112 59
112 64
112 75
112 78
112 80
112 82
112 85
112 87
112 95
112 105
112 108
112 124
112 149
112 150
112 181
112 188
112 312
113 239
113 8
113 14
113 18
113 37
113 47
113 76
113 86
113 93
113 110
113 114
113 188
113 191
113 313
114 257
114 378
114 383
114 0
114 16
114 24
114 32
114 48
114 76
114 91
114 93
114 96
114 100
114 110
114 113
114 128
114 130
114 163
114 169
114 314
115 343
115 370
115 3
115 17
115 19
115 29
115 54
115 75
115 93
115 100
115 106
115 111
115 124
115 133
115 144
115 154
115 164
115 172
115 175
115 176
115 182
115 187
115 189
115 192
115 315
116 274
116 337
116 0
116 29
116 36
116 38
116 49
116 86
116 88
116 97
116 98
116 109
116 123
116 125
116 129
116 133
116 134
116 172
116 176
116 197
116 316
117 218
117 236
117 286
117 27
117 43
117 67
117 102
117 107
117 111
117 127
117 145
117 166
117 173
117 176
117 181
117 189
117 196
117 317
118 309
118 369
118 1
118 7
118 9
118 15
118 32
118 44
118 63
118 69
118 73
118 78
118 82
118 98
118 149
118 150
118 158
118 169
118 189
118 318
119 211
119 270
119 281
119 286
119 311
119 334
119 2
119 21
119 26
119 27
119 29
119 66
119 75
119 81
119 83
119 101
119 103
119 126
119 146
119 158
119 171
119 186
119 189
119 192
119 195
119 319
120 208
120 217
120 265
120 319
120 1
120 43
120 62
120 69
120 70
120 93
120 104
120 142
120 157
120 163
120 177
120 181
120 182
120 185
120 192
120 195
120 320
121 242
121 28
121 35
121 45
121 58
121 65
121 67
121 74
121 77
121 80
121 82
121 84
121 91
121 93
121 148
121 163
121 164
121 190
121 321
122 341
122 340
122 4
122 13
122 48
122 49
122 61
122 68
122 71
122 72
122 88
122 99
122 102
122 105
122 124
122 142
122 145
122 146
122 150
122 196
122 198
122 322
123 227
123 271
123 12
123 42
123 66
123 72
123 83
123 89
123 93
123 108
123 116
123 127
123 150
123 151
123 160
123 183
123 323
124 247
124 329
124 4
124 55
124 58
124 77
124 83
124 86
124 95
124 110
124 112
124 115
124 122
124 133
124 141
124 142
124 173
124 174
124 183
124 188
124 194
124 324
125 233
125 273
125 360
125 25
125 33
125 39
125 58
125 59
125 78
125 84
125 95
125 99
125 103
125 116
125 161
125 171
125 197
125 325
126 206
126 256
126 5
126 31
126 79
126 80
126 87
126 88
126 109
126 119
126 159
126 178
126 182
126 184
126 326
127 202
127 383
127 29
127 32
127 45
127 48
127 61
127 66
127 88
127 96
127 111
127 117
127 123
127 144
127 147
127 166
127 170
127 184
127 189
127 327
128 349
128 341
128 25
128 91
128 98
128 104
128 114
128 136
128 150
128 153
128 166
128 167
128 189
128 196
128 328
129 350
129 349
129 222
129 221
129 24
129 25
129 29
129 32
129 33
129 69
129 92
129 116
129 136
129 137
129 149
129 169
129 178
129 184
129 192
129 193
129 329
130 354
130 350
130 232
130 222
130 2
130 44
130 65
130 70
130 73
130 84
130 88
130 114
130 153
130 160
130 165
130 167
130 169
130 171
130 174
130 176
130 191
130 199
130 330
131 248
131 299
131 4
131 8
131 17
131 35
131 36
131 51
131 53
131 54
131 55
131 93
131 97
131 105
131 107
131 145
131 146
131 150
131 159
131 186
131 196
131 198
131 331
132 378
132 383
132 3
132 19
132 33
132 38
132 48
132 55
132 70
132 83
132 87
132 139
132 152
132 155
132 176
132 192
132 332
133 224
133 288
133 309
133 362
133 18
133 21
133 37
133 41
133 44
133 49
133 68
133 70
133 73
133 81
133 91
133 115
133 116
133 124
133 136
133 144
133 157
133 194
133 199
133 333
134 213
134 366
134 22
134 24
134 42
134 46
134 62
134 66
134 79
134 83
134 99
134 109
134 116
134 149
134 160
134 163
134 172
134 334
135 226
135 323
135 376
135 8
135 23
135 53
135 70
135 79
135 95
135 97
135 106
135 139
135 154
135 160
135 163
135 182
135 189
135 194
135 335
136 260
136 331
136 19
136 48
136 56
136 58
136 59
136 66
136 75
136 82
136 85
136 92
136 128
136 129
136 133
136 138
136 140
136 144
136 180
136 193
136 336
137 215
137 228
137 238
137 27
137 41
137 79
137 87
137 98
137 129
137 141
137 165
137 171
137 184
137 198
137 337
138 315
138 333
138 376
138 6
138 18
138 19
138 27
138 40
138 44
138 54
138 61
138 82
138 86
138 102
138 136
138 139
138 147
138 149
138 161
138 166
138 174
138 177
138 184
138 186
138 193
138 338
139 356
139 8
139 15
139 19
139 24
139 35
139 49
139 65
139 83
139 93
139 105
139 111
139 132
139 135
139 138
139 149
139 172
139 176
139 183
139 184
139 339
140 233
140 304
140 320
140 383
140 41
140 53
140 72
140 94
140 101
140 102
140 107
140 109
140 136
140 146
140 161
140 163
140 172
140 184
140 186
140 340
141 215
141 216
141 252
141 15
141 17
141 18
141 25
141 30
141 31
141 45
141 48
141 59
141 81
141 89
141 124
141 137
141 148
141 175
141 341
142 267
142 12
142 13
142 14
142 28
142 45
142 96
142 106
142 108
142 120
142 122
142 124
142 143
142 150
142 167
142 187
142 192
142 199
142 342
143 324
143 8
143 9
143 30
143 38
143 62
143 71
143 84
143 87
143 96
143 142
143 144
143 150
143 170
143 179
143 183
143 188
143 199
143 343
144 262
144 1
144 9
144 18
144 46
144 56
144 68
144 80
144 93
144 115
144 127
144 133
144 136
144 143
144 157
144 158
144 159
144 162
144 171
144 174
144 180
144 196
144 344
145 292
145 4
145 8
145 17
145 42
145 45
145 49
145 80
145 91
145 95
145 105
145 117
145 122
145 131
145 146
145 151
145 161
145 167
145 171
145 182
145 183
145 194
145 345
146 230
146 263
146 32
146 33
146 48
146 57
146 72
146 82
146 86
146 109
146 119
146 122
146 131
146 140
146 145
146 151
146 156
146 157
146 158
146 165
146 166
146 346
147 224
147 320
147 24
147 29
147 35
147 36
147 50
147 57
147 60
147 61
147 72
147 94
147 97
147 102
147 127
147 138
147 162
147 167
147 189
147 191
147 194
147 347
148 313
148 7
148 38
148 45
148 54
148 68
148 75
148 86
148 92
148 111
148 121
148 141
148 164
148 170
148 186
148 197
148 348
149 264
149 306
149 365
149 390
149 1
149 5
149 10
149 31
149 41
149 50
149 52
149 60
149 80
149 85
149 95
149 97
149 103
149 105
149 112
149 118
149 129
149 134
149 138
149 139
149 155
149 169
149 197
149 349
150 220
150 304
150 385
150 3
150 29
150 39
150 48
150 52
150 62
150 65
150 72
150 75
150 87
150 92
150 98
150 110
150 112
150 118
150 122
150 123
150 128
150 131
150 142
150 143
150 157
150 160
150 173
150 180
150 350
151 302
151 325
151 344
151 346
151 385
151 5
151 73
151 80
151 107
151 123
151 145
151 146
151 160
151 184
151 187
151 194
151 198
151 199
151 351
152 398
152 9
152 17
152 44
152 58
152 62
152 66
152 73
152 77
152 84
152 85
152 88
152 91
152 92
152 96
152 100
152 106
152 111
152 132
152 165
152 178
152 180
152 183
152 352
153 202
153 302
153 314
153 353
153 5
153 9
153 20
153 43
153 56
153 79
153 81
153 89
153 101
153 105
153 128
153 130
153 166
153 171
153 186
153 192
154 368
154 354
154 234
154 232
154 26
154 115
154 135
154 155
154 163
154 172
154 185
155 278
155 310
155 375
155 9
155 18
155 28
155 31
155 36
155 59
155 69
155 132
155 149
155 154
155 174
155 355
156 249
156 260
156 359
156 372
156 1
156 5
156 22
156 28
156 29
156 35
156 38
156 51
156 66
156 74
156 83
156 88
156 146
156 160
156 176
156 356
157 228
157 236
157 357
157 358
157 388
157 1
157 22
157 37
157 43
157 52
157 68
157 77
157 89
157 92
157 93
157 97
157 120
157 133
157 144
157 146
157 150
157 159
157 169
157 184
157 191
158 278
158 0
158 3
158 17
158 23
158 24
158 27
158 30
158 38
158 77
158 83
158 118
158 119
158 144
158 146
158 161
158 177
158 193
158 196
158 358
159 246
159 313
159 380
159 3
159 11
159 12
159 18
159 26
159 35
159 49
159 58
159 71
159 72
159 75
159 78
159 79
159 80
159 85
159 90
159 106
159 126
159 131
159 144
159 157
159 162
159 164
159 188
159 191
159 359
160 244
160 337
160 2
160 4
160 9
160 16
160 24
160 26
160 28
160 30
160 45
160 51
160 101
160 123
160 130
160 134
160 135
160 150
160 151
160 156
160 162
160 163
160 169
160 180
160 185
160 186
160 191
160 360
161 374
161 368
161 235
161 234
161 7
161 9
161 34
161 45
161 52
161 66
161 77
161 108
161 125
161 138
161 140
161 145
161 158
161 167
161 170
161 173
161 361
162 218
162 233
162 351
162 371
162 16
162 25
162 30
162 34
162 45
162 71
162 144
162 147
162 159
162 160
162 171
162 177
162 191
162 192
162 362
163 218
163 24
163 43
163 47
163 80
163 98
163 104
163 114
163 120
163 121
163 134
163 135
163 140
163 154
163 160
163 188
163 190
163 191
163 363
164 377
164 374
164 239
164 235
164 4
164 16
164 24
164 30
164 34
164 63
164 71
164 78
164 103
164 115
164 121
164 148
164 159
164 171
164 179
164 186
164 364
165 381
165 377
165 240
165 239
165 7
165 8
165 24
165 27
165 29
165 52
165 60
165 65
165 70
165 77
165 97
165 108
165 130
165 137
165 146
165 152
165 176
165 185
165 187
165 197
165 365
166 355
166 0
166 20
166 40
166 45
166 56
166 63
166 71
166 75
166 84
166 86
166 110
166 117
166 127
166 128
166 138
166 146
166 153
166 171
166 172
166 183
166 366
167 231
167 375
167 25
167 36
167 38
167 44
167 71
167 77
167 128
167 130
167 142
167 145
167 147
167 161
167 179
167 180
167 182
167 367
168 382
168 381
168 242
168 240
168 7
168 8
168 17
168 20
168 35
168 48
168 53
168 64
168 72
168 95
168 104
168 174
168 176
168 368
169 260
169 311
169 17
169 37
169 52
169 71
169 72
169 97
169 110
169 114
169 118
169 129
169 130
169 149
169 157
169 160
169 182
169 190
169 193
169 369
170 233
170 3
170 11
170 42
170 45
170 47
170 78
170 82
170 94
170 103
170 107
170 127
170 143
170 148
170 161
170 177
170 182
170 370
171 321
171 375
171 398
171 25
171 43
171 57
171 72
171 74
171 76
171 90
171 94
171 119
171 125
171 130
171 137
171 144
171 145
171 153
171 162
171 164
171 166
171 177
171 180
171 190
171 371
172 220
172 223
172 269
172 270
172 20
172 22
172 24
172 55
172 59
172 74
172 75
172 76
172 86
172 89
172 96
172 108
172 115
172 116
172 134
172 139
172 140
172 154
172 166
172 184
172 190
172 193
172 198
172 372
173 206
173 216
173 306
173 386
173 20
173 64
173 68
173 76
173 79
173 83
173 85
173 98
173 105
173 117
173 124
173 150
173 161
173 196
173 373
174 284
174 345
174 33
174 45
174 82
174 91
174 98
174 107
174 109
174 124
174 130
174 138
174 144
174 155
174 168
174 185
174 193
174 194
174 374
175 384
175 382
175 251
175 242
175 0
175 17
175 24
175 25
175 32
175 33
175 38
175 45
175 47
175 86
175 89
175 90
175 101
175 108
175 115
175 141
175 180
175 375
176 279
176 370
176 15
176 16
176 21
176 32
176 40
176 51
176 66
176 72
176 84
176 96
176 97
176 107
176 115
176 116
176 117
176 130
176 132
176 139
176 156
176 165
176 168
176 182
176 187
176 197
176 199
176 376
177 394
177 384
177 253
177 251
177 8
177 15
177 22
177 26
177 33
177 51
177 57
177 61
177 65
177 110
177 111
177 120
177 138
177 158
177 162
177 170
177 171
177 193
177 194
177 196
177 377
178 368
178 2
178 6
178 9
178 11
178 23
178 26
178 39
178 40
178 59
178 64
178 70
178 75
178 81
178 84
178 110
178 126
178 129
178 152
178 193
178 194
178 199
178 378
179 237
179 264
179 303
179 330
179 383
179 0
179 5
179 38
179 42
179 53
179 55
179 63
179 77
179 78
179 88
179 105
179 106
179 143
179 164
179 167
179 182
179 379
180 395
180 32
180 64
180 68
180 103
180 107
180 136
180 144
180 150
180 152
180 160
180 167
180 171
180 175
180 380
181 310
181 393
181 397
181 0
181 2
181 4
181 5
181 22
181 35
181 68
181 72
181 82
181 83
181 110
181 112
181 117
181 120
181 186
181 187
181 188
181 189
181 381
182 295
182 362
182 8
182 15
182 21
182 30
182 32
182 48
182 73
182 80
182 90
182 95
182 97
182 109
182 111
182 115
182 120
182 126
182 135
182 145
182 167
182 169
182 170
182 176
182 179
182 189
182 382
183 222
183 21
183 26
183 33
183 43
183 60
183 90
183 100
183 123
183 124
183 139
183 143
183 145
183 152
183 166
183 185
183 383
184 307
184 315
184 22
184 25
184 59
184 62
184 69
184 80
184 91
184 98
184 110
184 126
184 127
184 129
184 137
184 138
184 139
184 140
184 151
184 157
184 172
184 195
184 196
184 198
184 384
185 396
185 394
185 254
185 253
185 1
185 17
185 30
185 31
185 35
185 46
185 48
185 51
185 59
185 85
185 120
185 154
185 160
185 165
185 174
185 183
185 187
185 385
186 245
186 249
186 4
186 15
186 20
186 29
186 40
186 46
186 72
186 75
186 82
186 103
186 119
186 131
186 138
186 140
186 148
186 153
186 160
186 164
186 181
186 386
187 209
187 386
187 0
187 2
187 15
187 37
187 45
187 46
187 52
187 53
187 62
187 78
187 115
187 142
187 151
187 165
187 176
187 181
187 185
187 387
188 206
188 269
188 13
188 34
188 46
188 54
188 69
188 74
188 76
188 112
188 113
188 124
188 143
188 159
188 163
188 181
188 192
188 388
189 219
189 224
189 245
189 260
189 271
189 345
189 0
189 35
189 45
189 49
189 63
189 68
189 86
189 115
189 117
189 118
189 119
189 127
189 128
189 135
189 147
189 181
189 182
189 192
189 389
190 245
190 1
190 21
190 31
190 32
190 34
190 53
190 64
190 66
190 82
190 83
190 100
190 106
190 121
190 163
190 169
190 171
190 172
190 198
190 390
191 301
191 7
191 8
191 19
191 21
191 52
191 75
191 94
191 104
191 107
191 113
191 130
191 147
191 157
191 159
191 160
191 162
191 163
191 199
191 391
192 269
192 351
192 9
192 12
192 45
192 51
192 79
192 82
192 83
192 85
192 86
192 92
192 96
192 99
192 115
192 119
192 120
192 129
192 132
192 142
192 153
192 162
192 188
192 189
192 195
192 392
193 228
193 343
193 345
193 362
193 4
193 37
193 38
193 40
193 45
193 69
193 85
193 96
193 105
193 129
193 136
193 138
193 158
193 169
193 172
193 174
193 177
193 178
193 197
193 393
194 258
194 8
194 37
194 46
194 47
194 49
194 50
194 63
194 87
194 107
194 124
194 133
194 135
194 145
194 147
194 151
194 174
194 177
194 178
194 196
194 394
195 398
195 396
195 258
195 254
195 5
195 11
195 23
195 29
195 32
195 36
195 47
195 52
195 56
195 69
195 119
195 120
195 184
195 192
195 395
196 217
196 330
196 12
196 18
196 19
196 25
196 40
196 67
196 68
196 73
196 80
196 117
196 122
196 128
196 131
196 144
196 158
196 173
196 177
196 184
196 194
196 396
197 278
197 334
197 12
197 15
197 18
197 19
197 59
197 86
197 92
197 99
197 116
197 125
197 148
197 149
197 165
197 176
197 193
197 397
198 200
198 275
198 314
198 4
198 12
198 15
198 19
198 30
198 35
198 36
198 42
198 56
198 67
198 76
198 88
198 94
198 99
198 122
198 131
198 137
198 151
198 172
198 184
198 190
198 398
199 399
199 398
199 259
199 258
199 0
199 13
199 17
199 19
199 27
199 29
199 34
199 36
199 45
199 46
199 58
199 59
199 63
199 79
199 83
199 93
199 97
199 130
199 133
199 142
199 143
199 151
199 176
199 178
199 191
200 57
200 93
200 198
200 0
201 22
201 54
201 1
202 26
202 127
202 153
202 2
203 80
203 3
204 81
204 85
204 4
205 12
205 96
205 5
206 47
206 126
206 173
206 188
206 6
207 5
207 7
208 4
208 35
208 40
208 120
208 8
209 80
209 105
209 187
209 9
210 19
210 20
210 23
210 62
210 10
211 119
211 11
212 31
212 12
213 134
213 13
214 22
214 46
214 14
215 39
215 137
215 141
215 15
216 109
216 111
216 141
216 173
216 16
217 31
217 84
217 120
217 196
217 17
218 67
218 117
218 162
218 163
218 18
219 32
219 92
219 189
219 19
220 16
220 44
220 112
220 150
220 172
220 20
221 129
221 21
222 129
222 130
222 183
222 22
223 19
223 172
223 23
224 60
224 133
224 147
224 189
224 24
225 50
225 71
225 25
226 135
226 26
227 123
227 27
228 53
228 137
228 157
228 193
228 28
229 30
229 61
229 29
230 146
230 30
231 78
231 167
231 31
232 108
232 130
232 154
232 32
233 24
233 56
233 89
233 103
233 125
233 140
233 162
233 170
233 33
234 154
234 161
234 34
235 161
235 164
235 35
236 39
236 106
236 117
236 157
236 36
237 39
237 179
237 37
238 137
238 38
239 113
239 164
239 165
239 39
240 165
240 168
240 40
241 71
241 41
242 121
242 168
242 175
242 42
243 95
243 111
243 43
244 160
244 44
245 65
245 186
245 189
245 190
245 45
246 159
246 46
247 99
247 124
247 47
248 39
248 54
248 95
248 131
248 48
249 156
249 186
249 49
250 21
250 50
251 175
251 177
251 51
252 66
252 91
252 141
252 52
253 177
253 185
253 53
254 101
254 185
254 195
254 54
255 7
255 20
255 43
255 55
256 126
256 56
257 114
257 57
258 194
258 195
258 199
258 58
259 2
259 68
259 199
259 59
260 112
260 136
260 156
260 169
260 189
260 60
261 92
261 61
262 34
262 47
262 110
262 144
262 62
263 10
263 146
263 63
264 35
264 102
264 149
264 179
264 64
265 120
265 65
266 9
266 72
266 66
267 66
267 102
267 142
267 67
268 98
268 68
269 27
269 172
269 188
269 192
269 69
270 14
270 55
270 104
270 119
270 172
270 70
271 123
271 189
271 71
272 62
272 87
272 98
272 72
273 4
273 111
273 125
273 73
274 18
274 116
274 74
275 46
275 198
275 75
276 2
276 3
276 6
276 76
277 13
277 40
277 65
277 77
278 155
278 158
278 197
278 78
279 41
279 103
279 109
279 176
279 79
280 3
280 11
280 80
281 89
281 97
281 119
281 81
282 0
282 92
282 104
282 82
283 14
283 83
284 86
284 174
284 84
285 11
285 15
285 85
286 48
286 102
286 112
286 117
286 119
286 86
287 15
287 28
287 87
288 88
288 133
289 28
289 36
289 89
290 64
290 99
290 105
290 90
291 36
291 37
291 91
292 37
292 42
292 145
292 92
293 40
293 56
293 93
294 42
294 49
294 94
295 45
295 60
295 182
295 95
296 49
296 58
296 96
297 44
297 97
298 58
298 59
298 98
299 87
299 131
299 99
300 7
300 24
300 96
300 100
301 35
301 100
301 191
301 101
302 151
302 153
302 102
303 18
303 179
303 103
304 103
304 106
304 140
304 150
304 104
305 34
305 105
306 149
306 173
306 106
307 184
307 107
308 7
308 108
309 26
309 118
309 133
309 109
310 67
310 69
310 93
310 94
310 96
310 155
310 181
310 110
311 119
311 169
311 111
312 31
312 112
313 1
313 30
313 100
313 148
313 159
313 113
314 41
314 69
314 153
314 198
314 114
315 4
315 65
315 70
315 72
315 138
315 184
315 115
316 0
316 116
317 30
317 117
318 59
318 75
318 118
319 5
319 44
319 52
319 66
319 120
319 119
320 140
320 147
320 120
321 8
321 38
321 171
321 121
322 5
322 57
322 122
323 107
323 135
323 123
324 75
324 77
324 143
324 124
325 5
325 10
325 151
325 125
326 5
326 126
327 107
327 127
328 17
328 77
328 79
328 128
329 124
329 129
330 179
330 196
330 130
331 66
331 136
331 131
332 79
332 82
332 132
333 138
333 133
334 84
334 119
334 197
334 134
335 105
335 135
336 82
336 90
336 136
337 81
337 100
337 116
337 160
337 137
338 10
338 138
339 57
339 139
340 90
340 122
340 140
341 122
341 128
341 141
342 100
342 142
343 18
343 25
343 115
343 193
343 143
344 33
344 151
344 144
345 53
345 174
345 189
345 193
345 145
346 92
346 151
346 146
347 60
347 112
347 147
348 78
348 94
348 148
349 128
349 129
349 149
350 129
350 130
350 150
351 52
351 162
351 192
351 151
352 65
352 98
352 109
352 152
353 107
353 153
354 130
354 154
355 103
355 105
355 166
355 155
356 33
356 139
356 156
357 46
357 97
357 157
358 157
358 158
359 32
359 92
359 105
359 156
359 159
360 125
360 160
361 5
361 18
361 161
362 48
362 133
362 182
362 193
362 162
363 23
363 106
363 163
364 53
364 74
364 164
365 149
365 165
366 46
366 134
366 166
367 29
367 96
367 167
368 154
368 161
368 178
368 168
369 13
369 23
369 51
369 57
369 107
369 118
369 169
370 115
370 176
370 170
371 162
371 171
372 156
372 172
373 62
373 173
374 161
374 164
374 174
375 155
375 167
375 171
375 175
376 18
376 19
376 21
376 23
376 45
376 135
376 138
376 176
377 164
377 165
377 177
378 114
378 132
378 178
379 47
379 179
380 47
380 85
380 159
380 180
381 165
381 168
381 181
382 168
382 175
382 182
383 114
383 127
383 132
383 140
383 179
383 183
384 175
384 177
384 184
385 74
385 76
385 150
385 151
385 185
386 63
386 173
386 187
386 186
387 67
387 87
387 187
388 35
388 73
388 157
388 188
389 1
389 83
389 189
390 89
390 106
390 149
390 190
391 13
391 61
391 191
392 26
392 54
392 192
393 50
393 181
393 193
394 177
394 185
394 194
395 60
395 80
395 180
395 195
396 185
396 195
396 196
397 102
397 181
397 197
398 152
398 171
398 195
398 199
398 198
399 199
