  300   1308
0 171
0 211
0 270
0 3
0 31
0 36
0 37
0 42
0 49
0 53
0 99
0 101
0 107
0 115
0 142
0 150
1 202
1 228
1 19
1 77
1 82
1 84
1 100
1 107
1 110
1 113
1 151
2 284
2 8
2 41
2 45
2 65
2 88
2 89
2 124
2 152
3 244
3 271
3 0
3 15
3 24
3 54
3 84
3 94
3 122
3 124
3 143
3 147
3 153
4 292
4 11
4 18
4 37
4 39
4 44
4 51
4 64
4 77
4 89
4 93
4 104
4 131
4 133
4 148
4 154
5 174
5 239
5 242
5 121
5 155
6 192
6 216
6 236
6 255
6 39
6 41
6 46
6 62
6 69
6 86
6 96
6 112
6 156
7 160
7 227
7 228
7 285
7 11
7 30
7 47
7 85
7 90
7 91
7 103
7 114
7 130
7 143
7 157
8 156
8 163
8 226
8 2
8 28
8 64
8 86
8 93
8 102
8 124
8 127
8 146
8 149
8 158
9 157
9 184
9 203
9 204
9 262
9 264
9 270
9 282
9 12
9 65
9 67
9 72
9 82
9 119
9 159
10 160
10 258
10 259
10 260
10 14
10 25
10 48
10 57
10 73
10 74
10 83
10 84
10 89
10 107
10 109
10 133
10 135
11 189
11 228
11 4
11 7
11 15
11 25
11 33
11 67
11 97
11 99
11 111
11 141
11 144
11 161
12 226
12 250
12 252
12 255
12 279
12 298
12 9
12 71
12 78
12 85
12 119
12 132
12 162
13 163
13 211
13 234
13 294
13 16
13 37
13 44
13 47
13 60
13 98
13 103
14 169
14 201
14 231
14 10
14 19
14 20
14 27
14 29
14 50
14 80
14 89
14 124
14 138
14 140
14 164
15 186
15 218
15 223
15 297
15 3
15 11
15 20
15 41
15 53
15 63
15 66
15 71
15 89
15 100
15 104
15 111
15 117
15 165
16 159
16 166
16 207
16 282
16 284
16 13
16 17
16 35
16 53
16 58
16 62
16 121
17 197
17 219
17 223
17 279
17 16
17 28
17 34
17 47
17 48
17 50
17 74
17 102
17 109
17 117
17 128
17 132
17 135
17 144
17 149
17 167
18 283
18 4
18 34
18 50
18 71
18 97
18 111
18 117
18 124
18 143
18 168
19 265
19 1
19 14
19 27
19 31
19 37
19 71
19 79
19 105
19 148
19 169
20 161
20 212
20 14
20 15
20 22
20 31
20 34
20 35
20 40
20 48
20 65
20 90
20 116
20 125
20 138
20 145
20 170
21 247
21 260
21 22
21 63
21 124
21 130
21 132
21 171
22 152
22 276
22 292
22 20
22 21
22 28
22 30
22 44
22 61
22 90
22 172
23 229
23 233
23 243
23 25
23 45
23 46
23 56
23 62
23 64
23 131
23 136
23 173
24 202
24 266
24 3
24 35
24 55
24 76
24 87
24 98
24 174
25 214
25 223
25 226
25 10
25 11
25 23
25 34
25 93
25 100
25 104
25 125
25 175
26 160
26 168
26 216
26 238
26 264
26 47
26 51
26 73
26 85
26 135
26 176
27 199
27 225
27 14
27 19
27 50
27 66
27 76
27 79
27 82
27 94
27 97
27 105
27 113
27 114
27 116
27 117
27 177
28 208
28 289
28 8
28 17
28 22
28 72
28 107
28 108
28 110
28 111
28 114
28 127
28 131
28 136
28 138
28 141
28 146
28 178
29 211
29 259
29 262
29 267
29 298
29 14
29 104
29 116
29 134
29 138
29 179
30 198
30 204
30 255
30 7
30 22
30 31
30 60
30 63
30 68
30 79
30 134
30 137
30 149
30 180
31 224
31 0
31 19
31 20
31 30
31 48
31 66
31 122
31 127
31 181
32 243
32 43
32 50
32 62
32 66
32 103
32 109
32 126
32 135
32 137
32 140
32 146
32 182
33 159
33 11
33 34
33 45
33 60
33 75
33 84
33 88
33 91
33 122
33 126
33 129
33 137
33 146
33 183
34 215
34 241
34 17
34 18
34 20
34 25
34 33
34 57
34 65
34 184
35 247
35 293
35 16
35 20
35 24
35 41
35 47
35 120
35 121
35 135
35 149
35 185
36 167
36 188
36 226
36 252
36 284
36 0
36 63
36 127
36 131
36 186
37 150
37 180
37 0
37 4
37 13
37 19
37 38
37 70
37 78
37 79
37 81
37 86
37 89
37 92
37 98
37 103
37 117
37 120
37 123
37 140
37 187
38 199
38 297
38 37
38 56
38 60
38 112
38 120
38 133
38 136
38 148
38 149
38 188
39 170
39 4
39 6
39 43
39 44
39 45
39 54
39 77
39 82
39 83
39 129
39 140
39 147
39 189
40 259
40 20
40 47
40 107
40 125
40 144
40 190
41 188
41 202
41 251
41 2
41 6
41 15
41 35
41 47
41 56
41 62
41 63
41 102
41 106
41 191
42 201
42 242
42 254
42 259
42 270
42 273
42 0
42 55
42 61
42 72
42 77
42 108
42 120
42 132
42 137
42 138
42 192
43 232
43 246
43 250
43 278
43 32
43 39
43 44
43 68
43 90
43 120
43 123
43 145
43 193
44 186
44 251
44 264
44 270
44 4
44 13
44 22
44 39
44 43
44 65
44 67
44 68
44 72
44 74
44 98
44 106
44 127
44 194
45 160
45 180
45 192
45 203
45 2
45 23
45 33
45 39
45 48
45 68
45 73
45 83
45 105
45 113
45 134
45 139
45 142
45 195
46 153
46 224
46 259
46 265
46 6
46 23
46 67
46 97
46 114
46 196
47 163
47 190
47 7
47 13
47 17
47 26
47 35
47 40
47 41
47 48
47 67
47 78
47 127
47 197
48 164
48 172
48 197
48 264
48 10
48 17
48 20
48 31
48 45
48 47
48 52
48 53
48 71
48 78
48 98
48 99
48 102
48 116
48 121
48 198
49 215
49 221
49 0
49 77
49 78
49 79
49 83
49 89
49 98
49 112
49 123
49 130
49 148
49 199
50 234
50 259
50 275
50 14
50 17
50 18
50 27
50 32
50 61
50 200
51 187
51 210
51 258
51 284
51 296
51 4
51 26
51 60
51 71
51 83
51 84
51 97
51 112
51 115
51 125
51 128
51 132
51 201
52 156
52 225
52 48
52 69
52 77
52 86
52 98
52 101
52 142
52 202
53 156
53 174
53 182
53 218
53 252
53 297
53 0
53 15
53 16
53 48
53 55
53 57
53 63
53 72
53 82
53 92
53 101
53 104
53 109
53 114
53 117
53 134
53 203
54 205
54 253
54 281
54 3
54 39
54 67
54 70
54 204
55 175
55 165
55 24
55 42
55 53
55 66
55 81
55 96
55 117
55 122
55 126
55 134
55 205
56 159
56 173
56 193
56 205
56 240
56 23
56 38
56 41
56 59
56 113
56 118
56 120
56 125
56 136
56 206
57 220
57 10
57 34
57 53
57 94
57 123
57 139
57 207
58 209
58 237
58 16
58 93
58 96
58 98
58 99
58 117
58 123
58 124
58 208
59 189
59 56
59 108
59 124
59 140
59 145
59 209
60 157
60 230
60 13
60 30
60 33
60 38
60 51
60 68
60 79
60 82
60 93
60 97
60 102
60 105
60 113
60 135
60 210
61 167
61 168
61 259
61 264
61 22
61 42
61 50
61 63
61 65
61 84
61 107
61 116
61 117
61 126
61 136
61 141
61 211
62 172
62 6
62 16
62 23
62 32
62 41
62 93
62 130
62 212
63 185
63 222
63 15
63 21
63 30
63 36
63 41
63 53
63 61
63 80
63 85
63 213
64 181
64 175
64 4
64 8
64 23
64 75
64 79
64 128
64 145
64 214
65 191
65 181
65 2
65 9
65 20
65 34
65 44
65 61
65 118
65 122
65 141
65 142
65 144
65 215
66 186
66 190
66 219
66 248
66 15
66 27
66 31
66 32
66 55
66 93
66 108
66 126
66 139
66 216
67 164
67 232
67 9
67 11
67 44
67 46
67 47
67 54
67 68
67 71
67 73
67 78
67 85
67 114
67 118
67 138
67 145
67 217
68 207
68 30
68 43
68 44
68 45
68 60
68 67
68 112
68 117
68 119
68 126
68 139
68 147
68 149
68 218
69 196
69 197
69 203
69 235
69 253
69 266
69 6
69 52
69 74
69 79
69 84
69 89
69 115
69 219
70 216
70 234
70 236
70 37
70 54
70 94
70 115
70 121
70 220
71 156
71 12
71 15
71 18
71 19
71 48
71 51
71 67
71 78
71 149
71 221
72 169
72 176
72 227
72 234
72 262
72 299
72 9
72 28
72 42
72 44
72 53
72 78
72 91
72 101
72 108
72 118
72 139
72 222
73 154
73 222
73 10
73 26
73 45
73 67
73 93
73 97
73 115
73 120
73 130
73 141
73 223
74 174
74 204
74 206
74 221
74 10
74 17
74 44
74 69
74 78
74 93
74 112
74 127
74 144
74 224
75 269
75 191
75 33
75 64
75 77
75 85
75 88
75 91
75 97
75 110
75 119
75 132
75 148
75 225
76 232
76 257
76 279
76 24
76 27
76 89
76 94
76 106
76 110
76 118
76 142
76 226
77 164
77 298
77 1
77 4
77 39
77 42
77 49
77 52
77 75
77 84
77 94
77 96
77 109
77 121
77 137
77 147
77 149
77 227
78 174
78 227
78 12
78 37
78 47
78 48
78 49
78 67
78 71
78 72
78 74
78 136
78 142
78 228
79 153
79 157
79 195
79 219
79 245
79 299
79 19
79 27
79 30
79 37
79 49
79 60
79 64
79 69
79 107
79 119
79 143
79 144
79 145
79 229
80 199
80 201
80 206
80 221
80 241
80 290
80 14
80 63
80 230
81 159
81 162
81 180
81 192
81 206
81 37
81 55
81 113
81 140
81 231
82 170
82 288
82 1
82 9
82 27
82 39
82 53
82 60
82 90
82 103
82 232
83 271
83 269
83 10
83 39
83 45
83 49
83 51
83 96
83 101
83 116
83 131
83 147
83 149
83 233
84 201
84 1
84 3
84 10
84 33
84 51
84 61
84 69
84 77
84 99
84 102
84 119
84 120
84 121
84 234
85 232
85 241
85 242
85 268
85 7
85 12
85 26
85 63
85 67
85 75
85 91
85 92
85 95
85 124
85 235
86 167
86 6
86 8
86 37
86 52
86 88
86 106
86 118
86 122
86 123
86 129
86 139
86 145
86 236
87 180
87 183
87 254
87 24
87 95
87 237
88 171
88 230
88 239
88 2
88 33
88 75
88 86
88 89
88 124
88 125
88 134
88 142
88 238
89 224
89 2
89 4
89 10
89 14
89 15
89 37
89 49
89 69
89 76
89 88
89 100
89 130
89 135
89 146
89 239
90 166
90 242
90 270
90 273
90 7
90 20
90 22
90 43
90 82
90 104
90 124
90 144
90 240
91 157
91 177
91 185
91 188
91 264
91 7
91 33
91 72
91 75
91 85
91 98
91 106
91 131
91 136
91 144
91 241
92 178
92 266
92 279
92 37
92 53
92 85
92 113
92 114
92 125
92 242
93 170
93 174
93 216
93 282
93 293
93 4
93 8
93 25
93 58
93 60
93 62
93 66
93 73
93 74
93 106
93 243
94 260
94 3
94 27
94 57
94 70
94 76
94 77
94 96
94 104
94 115
94 128
94 244
95 172
95 202
95 218
95 219
95 297
95 85
95 87
95 99
95 107
95 130
95 245
96 184
96 185
96 200
96 258
96 274
96 6
96 55
96 58
96 77
96 83
96 94
96 105
96 140
96 147
96 246
97 243
97 11
97 18
97 27
97 46
97 51
97 60
97 73
97 75
97 110
97 122
97 125
97 133
97 135
97 247
98 180
98 183
98 219
98 228
98 272
98 13
98 24
98 37
98 44
98 48
98 49
98 52
98 58
98 91
98 248
99 265
99 0
99 11
99 48
99 58
99 84
99 95
99 100
99 105
99 109
99 111
99 121
99 123
99 137
99 249
100 172
100 177
100 182
100 217
100 223
100 265
100 267
100 285
100 1
100 15
100 25
100 89
100 99
100 107
100 140
100 147
100 250
101 170
101 189
101 0
101 52
101 53
101 72
101 83
101 106
101 110
101 143
101 251
102 192
102 277
102 8
102 17
102 41
102 48
102 60
102 84
102 103
102 116
102 252
103 157
103 216
103 295
103 7
103 13
103 32
103 37
103 82
103 102
103 109
103 127
103 144
103 253
104 161
104 224
104 4
104 15
104 25
104 29
104 53
104 90
104 94
104 117
104 134
104 146
104 254
105 280
105 271
105 19
105 27
105 45
105 60
105 96
105 99
105 110
105 115
105 255
106 153
106 204
106 242
106 260
106 41
106 44
106 76
106 86
106 91
106 93
106 101
106 109
106 136
106 140
106 256
107 163
107 201
107 291
107 0
107 1
107 10
107 28
107 40
107 61
107 79
107 95
107 100
107 111
107 112
107 114
107 115
107 118
107 142
107 257
108 168
108 213
108 274
108 28
108 42
108 59
108 66
108 72
108 138
108 143
108 258
109 205
109 219
109 290
109 291
109 10
109 17
109 32
109 53
109 77
109 99
109 103
109 106
109 130
109 259
110 150
110 164
110 189
110 207
110 266
110 1
110 28
110 75
110 76
110 97
110 101
110 105
110 125
110 127
110 260
111 259
111 11
111 15
111 18
111 28
111 99
111 107
111 261
112 150
112 164
112 231
112 6
112 38
112 49
112 51
112 68
112 74
112 107
112 144
112 146
112 262
113 283
113 280
113 1
113 27
113 45
113 56
113 60
113 81
113 92
113 126
113 263
114 220
114 7
114 27
114 28
114 46
114 53
114 67
114 92
114 107
114 120
114 130
114 143
114 264
115 152
115 0
115 51
115 69
115 70
115 73
115 94
115 105
115 107
115 140
115 265
116 153
116 237
116 20
116 27
116 29
116 48
116 61
116 83
116 102
116 121
116 129
116 266
117 161
117 188
117 15
117 17
117 18
117 27
117 37
117 53
117 55
117 58
117 61
117 68
117 104
117 133
117 137
117 267
118 162
118 194
118 238
118 251
118 56
118 65
118 67
118 72
118 76
118 86
118 107
118 123
118 147
118 149
118 268
119 173
119 195
119 223
119 226
119 264
119 9
119 12
119 68
119 75
119 79
119 84
119 145
119 269
120 228
120 35
120 37
120 38
120 42
120 43
120 56
120 73
120 84
120 114
120 270
121 153
121 221
121 229
121 289
121 5
121 16
121 35
121 48
121 70
121 77
121 84
121 99
121 116
121 122
121 123
121 271
122 167
122 168
122 192
122 194
122 207
122 268
122 286
122 3
122 31
122 33
122 55
122 65
122 86
122 97
122 121
122 129
122 272
123 172
123 183
123 37
123 43
123 49
123 57
123 58
123 86
123 99
123 118
123 121
123 145
123 273
124 287
124 283
124 2
124 3
124 8
124 14
124 18
124 21
124 58
124 59
124 85
124 88
124 90
124 274
125 299
125 287
125 20
125 25
125 40
125 51
125 56
125 88
125 92
125 97
125 110
125 135
125 275
126 235
126 32
126 33
126 55
126 61
126 66
126 68
126 113
126 132
126 133
126 276
127 162
127 190
127 204
127 241
127 251
127 8
127 28
127 31
127 36
127 44
127 47
127 74
127 103
127 110
127 136
127 149
127 277
128 178
128 183
128 238
128 17
128 51
128 64
128 94
128 278
129 178
129 233
129 33
129 39
129 86
129 116
129 122
129 142
129 143
129 279
130 185
130 7
130 21
130 49
130 62
130 73
130 89
130 95
130 109
130 114
130 280
131 160
131 193
131 199
131 273
131 290
131 4
131 23
131 28
131 36
131 83
131 91
131 281
132 222
132 223
132 263
132 281
132 12
132 17
132 21
132 42
132 51
132 75
132 126
132 140
132 141
132 142
132 282
133 174
133 179
133 212
133 4
133 10
133 38
133 97
133 117
133 126
133 144
133 145
133 283
134 152
134 167
134 212
134 29
134 30
134 45
134 53
134 55
134 88
134 104
134 137
134 284
135 210
135 254
135 289
135 10
135 17
135 26
135 32
135 35
135 60
135 89
135 97
135 125
135 138
135 139
135 147
135 148
135 149
135 285
136 153
136 209
136 296
136 23
136 28
136 38
136 56
136 61
136 78
136 91
136 106
136 127
136 147
136 148
136 286
137 160
137 243
137 261
137 30
137 32
137 33
137 42
137 77
137 99
137 117
137 134
137 142
137 287
138 293
138 14
138 20
138 28
138 29
138 42
138 67
138 108
138 135
138 141
138 142
138 144
138 288
139 215
139 228
139 251
139 286
139 289
139 45
139 57
139 66
139 68
139 72
139 86
139 135
139 142
140 168
140 197
140 255
140 14
140 32
140 37
140 39
140 59
140 81
140 96
140 100
140 106
140 115
140 132
140 290
141 163
141 189
141 207
141 213
141 227
141 270
141 284
141 286
141 11
141 28
141 61
141 65
141 73
141 132
141 138
141 291
142 248
142 270
142 0
142 45
142 52
142 65
142 76
142 78
142 88
142 107
142 129
142 132
142 137
142 138
142 139
142 292
143 213
143 256
143 291
143 3
143 7
143 18
143 79
143 101
143 108
143 114
143 129
143 293
144 197
144 284
144 11
144 17
144 40
144 65
144 74
144 79
144 90
144 91
144 103
144 112
144 133
144 138
144 294
145 168
145 176
145 228
145 253
145 20
145 43
145 59
145 64
145 67
145 79
145 86
145 119
145 123
145 133
145 148
145 295
146 169
146 196
146 245
146 249
146 272
146 8
146 28
146 32
146 33
146 89
146 104
146 112
146 296
147 151
147 158
147 220
147 252
147 262
147 290
147 293
147 3
147 39
147 68
147 77
147 83
147 96
147 100
147 118
147 135
147 136
147 297
148 155
148 176
148 178
148 239
148 4
148 19
148 38
148 49
148 75
148 135
148 136
148 145
148 298
149 164
149 249
149 8
149 17
149 30
149 35
149 38
149 68
149 71
149 77
149 83
149 118
149 127
149 135
149 299
150 37
150 110
150 112
150 0
151 147
151 1
152 22
152 115
152 134
152 2
153 46
153 79
153 106
153 116
153 121
153 136
153 3
154 73
154 4
155 148
155 5
156 8
156 52
156 53
156 71
156 6
157 9
157 60
157 79
157 91
157 103
157 7
158 147
158 8
159 16
159 33
159 56
159 81
159 9
160 7
160 10
160 26
160 45
160 131
160 137
161 20
161 104
161 117
161 11
162 81
162 118
162 127
162 12
163 8
163 13
163 47
163 107
163 141
164 48
164 67
164 77
164 110
164 112
164 149
164 14
165 55
165 15
166 16
166 90
167 36
167 61
167 86
167 122
167 134
167 17
168 26
168 61
168 108
168 122
168 140
168 145
168 18
169 14
169 72
169 146
169 19
170 39
170 82
170 93
170 101
170 20
171 0
171 88
171 21
172 48
172 62
172 95
172 100
172 123
172 22
173 56
173 119
173 23
174 5
174 53
174 74
174 78
174 93
174 133
174 24
175 55
175 64
175 25
176 72
176 145
176 148
176 26
177 91
177 100
177 27
178 92
178 128
178 129
178 148
178 28
179 133
179 29
180 37
180 45
180 81
180 87
180 98
180 30
181 64
181 65
181 31
182 53
182 100
182 32
183 87
183 98
183 123
183 128
183 33
184 9
184 96
184 34
185 63
185 91
185 96
185 130
185 35
186 15
186 44
186 66
186 36
187 51
187 37
188 36
188 41
188 91
188 117
188 38
189 11
189 59
189 101
189 110
189 141
189 39
190 47
190 66
190 127
190 40
191 65
191 75
191 41
192 6
192 45
192 81
192 102
192 122
192 42
193 56
193 131
193 43
194 118
194 122
194 44
195 79
195 119
195 45
196 69
196 146
196 46
197 17
197 48
197 69
197 140
197 144
197 47
198 30
198 48
199 27
199 38
199 80
199 131
199 49
200 96
200 50
201 14
201 42
201 80
201 84
201 107
201 51
202 1
202 24
202 41
202 95
202 52
203 9
203 45
203 69
203 53
204 9
204 30
204 74
204 106
204 127
204 54
205 54
205 56
205 109
205 55
206 74
206 80
206 81
206 56
207 16
207 68
207 110
207 122
207 141
207 57
208 28
208 58
209 58
209 136
209 59
210 51
210 135
210 60
211 0
211 13
211 29
211 61
212 20
212 133
212 134
212 62
213 108
213 141
213 143
213 63
214 25
214 64
215 34
215 49
215 139
215 65
216 6
216 26
216 70
216 93
216 103
216 66
217 100
217 67
218 15
218 53
218 95
218 68
219 17
219 66
219 79
219 95
219 98
219 109
219 69
220 57
220 114
220 147
220 70
221 49
221 74
221 80
221 121
221 71
222 63
222 73
222 132
222 72
223 15
223 17
223 25
223 100
223 119
223 132
223 73
224 31
224 46
224 89
224 104
224 74
225 27
225 52
225 75
226 8
226 12
226 25
226 36
226 119
226 76
227 7
227 72
227 78
227 141
227 77
228 1
228 7
228 11
228 98
228 120
228 139
228 145
228 78
229 23
229 121
229 79
230 60
230 88
230 80
231 14
231 112
231 81
232 43
232 67
232 76
232 85
232 82
233 23
233 129
233 83
234 13
234 50
234 70
234 72
234 84
235 69
235 126
235 85
236 6
236 70
236 86
237 58
237 116
237 87
238 26
238 118
238 128
238 88
239 5
239 88
239 148
239 89
240 56
240 90
241 34
241 80
241 85
241 127
241 91
242 5
242 42
242 85
242 90
242 106
242 92
243 23
243 32
243 97
243 137
243 93
244 3
244 94
245 79
245 146
245 95
246 43
246 96
247 21
247 35
247 97
248 66
248 142
248 98
249 146
249 149
249 99
250 12
250 43
250 100
251 41
251 44
251 118
251 127
251 139
251 101
252 12
252 36
252 53
252 147
252 102
253 54
253 69
253 145
253 103
254 42
254 87
254 135
254 104
255 6
255 12
255 30
255 140
255 105
256 143
256 106
257 76
257 107
258 10
258 51
258 96
258 108
259 10
259 29
259 40
259 42
259 46
259 50
259 61
259 111
259 109
260 10
260 21
260 94
260 106
260 110
261 137
261 111
262 9
262 29
262 72
262 147
262 112
263 132
263 113
264 9
264 26
264 44
264 48
264 61
264 91
264 119
264 114
265 19
265 46
265 99
265 100
265 115
266 24
266 69
266 92
266 110
266 116
267 29
267 100
267 117
268 85
268 122
268 118
269 75
269 83
269 119
270 0
270 9
270 42
270 44
270 90
270 141
270 142
270 120
271 3
271 83
271 105
271 121
272 98
272 146
272 122
273 42
273 90
273 131
273 123
274 96
274 108
274 124
275 50
275 125
276 22
276 126
277 102
277 127
278 43
278 128
279 12
279 17
279 76
279 92
279 129
280 105
280 113
280 130
281 54
281 132
281 131
282 9
282 16
282 93
282 132
283 18
283 113
283 124
283 133
284 2
284 16
284 36
284 51
284 141
284 144
284 134
285 7
285 100
285 135
286 122
286 139
286 141
286 136
287 124
287 125
287 137
288 82
288 138
289 28
289 121
289 135
289 139
290 80
290 109
290 131
290 147
290 140
291 107
291 109
291 143
291 141
292 4
292 22
292 142
293 35
293 93
293 138
293 147
293 143
294 13
294 144
295 103
295 145
296 51
296 136
296 146
297 15
297 38
297 53
297 95
297 147
298 12
298 29
298 77
298 148
299 72
299 79
299 125
299 149
