  500   1295
0 349
0 404
0 414
0 427
0 24
0 112
0 128
0 135
0 250
1 489
1 22
1 27
1 49
1 183
1 219
1 243
1 251
2 301
2 389
2 35
2 139
2 252
3 395
3 386
3 290
3 252
3 96
3 136
3 154
3 253
4 289
4 425
4 128
4 183
4 254
5 259
5 351
5 381
5 455
5 23
5 255
6 265
6 267
6 456
6 102
6 116
6 185
6 222
6 256
7 250
7 264
7 376
7 79
7 99
7 158
7 190
7 257
8 299
8 86
8 158
8 169
8 258
9 272
9 358
9 385
9 53
9 73
9 150
9 168
9 226
9 259
10 272
10 318
10 324
10 79
10 231
10 260
11 428
11 395
11 296
11 290
11 54
11 139
11 169
11 190
11 261
12 319
12 426
12 93
12 104
12 140
12 180
12 262
13 253
13 257
13 31
13 70
13 79
13 91
13 159
13 180
13 263
14 274
14 383
14 440
14 28
14 122
14 180
14 264
15 402
15 190
15 265
16 321
16 135
16 138
16 266
17 348
17 436
17 454
17 477
17 73
17 100
17 113
17 225
17 242
17 267
18 281
18 292
18 352
18 408
18 417
18 157
18 212
18 268
19 262
19 339
19 20
19 269
20 322
20 443
20 455
20 19
20 44
20 228
20 270
21 485
21 115
21 117
21 221
21 241
21 271
22 300
22 1
22 152
22 159
22 160
22 272
23 352
23 376
23 439
23 5
23 25
23 273
24 264
24 407
24 0
24 31
24 274
25 473
25 23
25 32
25 275
26 304
26 368
26 444
26 499
26 122
26 131
26 276
27 277
27 280
27 402
27 436
27 1
27 94
27 130
27 184
28 393
28 432
28 14
28 278
29 275
29 411
29 61
29 244
29 279
30 391
30 62
30 106
30 280
31 332
31 350
31 419
31 424
31 441
31 494
31 13
31 24
31 100
31 281
32 429
32 428
32 300
32 296
32 25
32 57
32 282
33 337
33 352
33 385
33 422
33 476
33 97
33 283
34 256
34 267
34 408
34 47
34 62
34 138
34 284
35 284
35 337
35 2
35 54
35 285
36 315
36 317
36 394
36 436
36 61
36 75
36 82
36 208
36 286
37 250
37 312
37 437
37 454
37 467
37 76
37 78
37 124
37 175
37 287
38 281
38 289
38 435
38 499
38 48
38 85
38 117
38 192
38 205
38 288
39 423
39 495
39 93
39 138
39 171
39 289
40 322
40 363
40 146
40 290
41 312
41 361
41 493
41 176
41 177
41 291
42 393
42 405
42 67
42 127
42 179
42 217
42 292
43 335
43 426
43 76
43 118
43 167
43 293
44 421
44 20
44 202
44 294
45 317
45 408
45 75
45 295
46 278
46 321
46 353
46 399
46 417
46 55
46 60
46 239
46 296
47 413
47 478
47 495
47 34
47 203
47 297
48 260
48 268
48 287
48 314
48 327
48 344
48 405
48 38
48 76
48 100
48 160
48 168
48 298
49 276
49 317
49 1
49 111
49 159
49 299
50 431
50 429
50 308
50 300
50 92
51 447
51 187
51 301
52 315
52 376
52 414
52 485
52 95
52 158
52 227
52 302
53 292
53 319
53 352
53 398
53 404
53 444
53 9
53 303
54 448
54 431
54 309
54 308
54 11
54 35
54 154
54 304
55 268
55 355
55 393
55 465
55 46
55 305
56 340
56 352
56 385
56 72
56 127
56 146
56 306
57 256
57 327
57 401
57 32
57 63
57 307
58 378
58 62
58 102
58 136
58 308
59 260
59 364
59 383
59 471
59 183
59 309
60 451
60 448
60 311
60 309
60 46
60 79
60 107
60 153
60 159
60 310
61 273
61 377
61 29
61 36
61 62
61 145
61 219
61 311
62 310
62 350
62 30
62 34
62 58
62 61
62 312
63 258
63 324
63 57
63 65
63 313
64 298
64 306
64 333
64 179
64 188
64 314
65 452
65 451
65 323
65 311
65 63
65 68
65 315
66 326
66 147
66 316
67 332
67 397
67 421
67 42
67 317
68 476
68 65
68 74
68 318
69 306
69 412
69 468
69 211
69 225
69 319
70 359
70 416
70 13
70 128
70 166
70 221
70 320
71 320
71 364
71 399
71 433
71 450
71 454
71 460
71 141
71 188
71 321
72 325
72 56
72 95
72 145
72 322
73 284
73 359
73 477
73 9
73 17
73 99
73 150
73 189
73 323
74 253
74 307
74 387
74 401
74 427
74 474
74 68
74 87
74 324
75 453
75 452
75 339
75 323
75 36
75 45
75 92
75 145
75 325
76 306
76 408
76 412
76 459
76 37
76 43
76 48
76 94
76 174
76 184
76 326
77 284
77 203
77 327
78 336
78 393
78 37
78 125
78 328
79 258
79 328
79 414
79 7
79 10
79 13
79 60
79 157
79 329
80 431
80 116
80 153
80 169
80 220
80 330
81 254
81 255
81 315
81 332
81 391
81 191
81 192
81 331
82 433
82 434
82 36
82 332
83 414
83 147
83 163
83 209
83 333
84 382
84 478
84 201
84 334
85 298
85 404
85 38
85 335
86 257
86 8
86 336
87 361
87 460
87 74
87 98
87 337
88 318
88 406
88 206
88 338
89 287
89 313
89 397
89 91
89 115
89 209
89 221
89 339
90 280
90 357
90 368
90 398
90 399
90 468
90 95
90 105
90 171
90 340
91 359
91 420
91 442
91 460
91 13
91 89
91 223
91 341
92 283
92 50
92 75
92 116
92 342
93 478
93 12
93 39
93 343
94 477
94 27
94 76
94 344
95 384
95 417
95 418
95 426
95 52
95 72
95 90
95 187
95 215
95 345
96 417
96 419
96 3
96 138
96 346
97 345
97 33
97 123
97 202
97 347
98 465
98 87
98 129
98 348
99 335
99 419
99 433
99 7
99 73
99 349
100 359
100 363
100 482
100 17
100 31
100 48
100 217
100 350
101 416
101 462
101 149
101 351
102 314
102 370
102 401
102 442
102 6
102 58
102 352
103 313
103 462
103 134
103 353
104 279
104 372
104 438
104 488
104 12
104 181
104 354
105 283
105 303
105 90
105 149
105 150
105 239
105 355
106 269
106 298
106 350
106 30
106 112
106 118
106 139
106 356
107 338
107 483
107 487
107 60
107 151
107 357
108 317
108 169
108 234
108 358
109 267
109 119
109 152
109 167
109 183
109 359
110 298
110 444
110 174
110 194
110 360
111 288
111 49
111 174
111 184
111 361
112 475
112 0
112 106
112 362
113 255
113 267
113 407
113 444
113 17
113 202
113 208
113 216
113 242
113 363
114 380
114 150
114 224
114 242
114 364
115 305
115 436
115 454
115 21
115 89
115 145
115 365
116 356
116 391
116 411
116 6
116 80
116 92
116 155
116 366
117 460
117 461
117 21
117 38
117 225
117 247
117 367
118 319
118 447
118 43
118 106
118 167
118 189
118 237
118 368
119 316
119 109
119 140
119 184
119 234
119 369
120 285
120 469
120 240
120 370
121 281
121 420
121 466
121 122
121 371
122 299
122 416
122 14
122 26
122 121
122 212
122 372
123 381
123 97
123 159
123 373
124 281
124 330
124 405
124 454
124 37
124 156
124 171
124 245
124 374
125 250
125 375
125 78
125 206
126 333
126 127
126 215
126 376
127 275
127 293
127 299
127 358
127 390
127 462
127 42
127 56
127 126
127 147
127 153
127 244
127 377
128 331
128 430
128 456
128 0
128 4
128 70
128 140
128 224
128 378
129 400
129 98
129 133
129 379
130 467
130 27
130 145
130 187
130 248
130 380
131 266
131 359
131 391
131 26
131 157
131 381
132 345
132 424
132 164
132 189
132 382
133 458
133 453
133 341
133 339
133 129
133 162
133 383
134 463
134 458
134 343
134 341
134 103
134 146
134 202
134 244
134 384
135 314
135 347
135 0
135 16
135 175
135 209
135 237
135 385
136 410
136 419
136 3
136 58
136 386
137 485
137 158
137 181
137 387
138 277
138 317
138 412
138 16
138 34
138 39
138 96
138 183
138 388
139 251
139 302
139 474
139 2
139 11
139 106
139 221
139 389
140 301
140 417
140 12
140 119
140 128
140 163
140 177
140 390
141 430
141 71
141 171
141 391
142 288
142 430
142 170
142 392
143 279
143 350
143 381
143 203
143 393
144 301
144 314
144 315
144 441
144 495
144 200
144 223
144 394
145 468
145 495
145 61
145 72
145 75
145 115
145 130
145 395
146 470
146 463
146 346
146 343
146 40
146 56
146 134
146 205
146 396
147 367
147 396
147 443
147 66
147 83
147 127
147 397
148 472
148 470
148 365
148 346
148 235
148 398
149 479
149 472
149 373
149 365
149 101
149 105
149 206
149 399
150 473
150 477
150 9
150 73
150 105
150 114
150 161
150 400
151 291
151 362
151 443
151 459
151 107
151 401
152 268
152 281
152 371
152 473
152 22
152 109
152 158
152 200
152 402
153 315
153 369
153 392
153 480
153 60
153 80
153 127
153 403
154 259
154 490
154 3
154 54
154 165
154 183
154 404
155 335
155 370
155 374
155 116
155 171
155 213
155 220
155 405
156 481
156 479
156 377
156 373
156 124
156 166
156 406
157 256
157 269
157 301
157 322
157 326
157 432
157 496
157 18
157 79
157 131
157 166
157 192
157 407
158 360
158 474
158 7
158 8
158 52
158 137
158 152
158 408
159 303
159 410
159 13
159 22
159 49
159 60
159 123
159 225
159 409
160 467
160 22
160 48
160 231
160 241
160 410
161 269
161 336
161 375
161 388
161 454
161 150
161 411
162 435
162 465
162 488
162 133
162 172
162 412
163 273
163 83
163 140
163 413
164 334
164 465
164 477
164 132
164 414
165 481
165 154
165 209
165 415
166 269
166 282
166 490
166 70
166 156
166 157
166 198
166 209
166 416
167 329
167 347
167 476
167 43
167 109
167 118
167 417
168 482
168 9
168 48
168 246
168 418
169 269
169 271
169 294
169 329
169 8
169 11
169 80
169 108
169 206
169 233
169 419
170 281
170 422
170 439
170 483
170 142
170 209
170 420
171 294
171 326
171 379
171 39
171 90
171 124
171 141
171 155
171 217
171 421
172 263
172 162
172 173
172 422
173 310
173 364
173 449
173 465
173 484
173 172
173 182
173 423
174 349
174 425
174 446
174 76
174 110
174 111
174 424
175 270
175 281
175 402
175 449
175 37
175 135
175 241
175 425
176 302
176 337
176 358
176 414
176 41
176 204
176 426
177 254
177 351
177 487
177 41
177 140
177 207
177 427
178 284
178 310
178 419
178 422
178 495
178 229
178 428
179 253
179 276
179 405
179 487
179 42
179 64
179 429
180 352
180 439
180 12
180 13
180 14
180 430
181 381
181 397
181 412
181 462
181 488
181 499
181 104
181 137
181 431
182 286
182 294
182 338
182 173
182 193
182 432
183 386
183 1
183 4
183 59
183 109
183 138
183 154
183 433
184 486
184 481
184 378
184 377
184 27
184 76
184 111
184 119
184 434
185 260
185 283
185 489
185 6
185 241
185 435
186 309
186 196
186 436
187 393
187 51
187 95
187 130
187 437
188 271
188 275
188 313
188 383
188 465
188 64
188 71
188 438
189 353
189 447
189 474
189 73
189 118
189 132
189 200
189 210
189 439
190 323
190 7
190 11
190 15
190 440
191 261
191 336
191 358
191 81
191 441
192 283
192 305
192 366
192 38
192 81
192 157
192 442
193 313
193 367
193 382
193 182
193 195
193 443
194 315
194 356
194 496
194 110
194 444
195 413
195 445
195 461
195 466
195 193
195 197
196 397
196 398
196 186
196 209
196 446
197 276
197 301
197 423
197 496
197 195
197 201
197 447
198 263
198 275
198 302
198 351
198 424
198 492
198 166
198 448
199 250
199 337
199 457
199 237
199 449
200 253
200 282
200 402
200 404
200 144
200 152
200 189
200 450
201 384
201 84
201 197
201 214
201 451
202 323
202 44
202 97
202 113
202 134
202 452
203 267
203 297
203 364
203 495
203 47
203 77
203 143
203 213
203 453
204 253
204 265
204 357
204 362
204 370
204 461
204 492
204 176
204 223
204 454
205 331
205 436
205 38
205 146
205 455
206 383
206 425
206 496
206 88
206 125
206 149
206 169
206 456
207 354
207 438
207 177
207 221
207 457
208 485
208 36
208 113
208 458
209 491
209 486
209 380
209 378
209 83
209 89
209 135
209 165
209 166
209 170
209 196
209 459
210 334
210 342
210 410
210 420
210 189
210 460
211 492
211 69
211 231
211 461
212 294
212 295
212 353
212 18
212 122
212 462
213 398
213 409
213 461
213 465
213 155
213 203
213 463
214 359
214 459
214 460
214 201
214 218
214 464
215 253
215 317
215 367
215 460
215 95
215 126
215 231
215 465
216 256
216 418
216 433
216 113
216 466
217 374
217 399
217 497
217 42
217 100
217 171
217 467
218 385
218 214
218 229
218 468
219 370
219 403
219 411
219 1
219 61
219 222
219 469
220 437
220 467
220 80
220 155
220 470
221 415
221 475
221 21
221 70
221 89
221 139
221 207
221 224
221 247
221 471
222 254
222 303
222 371
222 434
222 6
222 219
222 472
223 465
223 91
223 144
223 204
223 473
224 318
224 464
224 114
224 128
224 221
224 228
224 474
225 255
225 283
225 412
225 435
225 485
225 17
225 69
225 117
225 159
225 475
226 277
226 9
226 476
227 439
227 457
227 471
227 475
227 482
227 52
227 477
228 415
228 438
228 20
228 224
228 478
229 295
229 459
229 178
229 218
229 230
229 479
230 499
230 491
230 386
230 380
230 229
230 235
230 480
231 311
231 10
231 160
231 211
231 215
231 481
232 281
232 450
232 247
232 482
233 356
233 360
233 488
233 498
233 169
233 483
234 289
234 325
234 345
234 434
234 487
234 108
234 119
234 484
235 274
235 324
235 356
235 487
235 148
235 230
235 236
235 485
236 256
236 446
236 235
236 238
236 486
237 475
237 118
237 135
237 199
237 487
238 299
238 482
238 484
238 236
238 240
238 488
239 293
239 400
239 454
239 46
239 105
239 489
240 268
240 283
240 348
240 414
240 438
240 485
240 120
240 238
240 248
240 490
241 335
241 21
241 160
241 175
241 185
241 491
242 284
242 417
242 17
242 113
242 114
242 492
243 286
243 305
243 350
243 394
243 417
243 1
243 493
244 362
244 29
244 127
244 134
244 494
245 285
245 320
245 471
245 475
245 124
245 495
246 251
246 289
246 168
246 496
247 316
247 371
247 117
247 221
247 232
247 497
248 265
248 366
248 376
248 383
248 459
248 130
248 240
248 249
248 498
249 334
249 439
249 488
249 248
249 499
250 7
250 37
250 125
250 199
250 0
251 139
251 246
251 1
252 3
252 2
253 13
253 74
253 179
253 200
253 204
253 215
253 3
254 81
254 177
254 222
254 4
255 81
255 113
255 225
255 5
256 34
256 57
256 157
256 216
256 236
256 6
257 13
257 86
257 7
258 63
258 79
258 8
259 5
259 154
259 9
260 48
260 59
260 185
260 10
261 191
261 11
262 19
262 12
263 172
263 198
263 13
264 7
264 24
264 14
265 6
265 204
265 248
265 15
266 131
266 16
267 6
267 34
267 109
267 113
267 203
267 17
268 48
268 55
268 152
268 240
268 18
269 106
269 157
269 161
269 166
269 169
269 19
270 175
270 20
271 169
271 188
271 21
272 9
272 10
272 22
273 61
273 163
273 23
274 14
274 235
274 24
275 29
275 127
275 188
275 198
275 25
276 49
276 179
276 197
276 26
277 27
277 138
277 226
278 46
278 28
279 104
279 143
279 29
280 27
280 90
280 30
281 18
281 38
281 121
281 124
281 152
281 170
281 175
281 232
281 31
282 166
282 200
282 32
283 92
283 105
283 185
283 192
283 225
283 240
283 33
284 35
284 73
284 77
284 178
284 242
284 34
285 120
285 245
285 35
286 182
286 243
286 36
287 48
287 89
287 37
288 111
288 142
288 38
289 4
289 38
289 234
289 246
289 39
290 3
290 11
290 40
291 151
291 41
292 18
292 53
292 42
293 127
293 239
293 43
294 169
294 171
294 182
294 212
294 44
295 212
295 229
295 45
296 11
296 32
296 46
297 203
297 47
298 64
298 85
298 106
298 110
298 48
299 8
299 122
299 127
299 238
299 49
300 22
300 32
300 50
301 2
301 140
301 144
301 157
301 197
301 51
302 139
302 176
302 198
302 52
303 105
303 159
303 222
303 53
304 26
304 54
305 115
305 192
305 243
305 55
306 64
306 69
306 76
306 56
307 74
307 57
308 50
308 54
308 58
309 54
309 60
309 186
309 59
310 62
310 173
310 178
310 60
311 60
311 65
311 231
311 61
312 37
312 41
312 62
313 89
313 103
313 188
313 193
313 63
314 48
314 102
314 135
314 144
314 64
315 36
315 52
315 81
315 144
315 153
315 194
315 65
316 119
316 247
316 66
317 36
317 45
317 49
317 108
317 138
317 215
317 67
318 10
318 88
318 224
318 68
319 12
319 53
319 118
319 69
320 71
320 245
320 70
321 16
321 46
321 71
322 20
322 40
322 157
322 72
323 65
323 75
323 190
323 202
323 73
324 10
324 63
324 235
324 74
325 72
325 234
325 75
326 66
326 157
326 171
326 76
327 48
327 57
327 77
328 79
328 78
329 167
329 169
329 79
330 124
330 80
331 128
331 205
331 81
332 31
332 67
332 81
332 82
333 64
333 126
333 83
334 164
334 210
334 249
334 84
335 43
335 99
335 155
335 241
335 85
336 78
336 161
336 191
336 86
337 33
337 35
337 176
337 199
337 87
338 107
338 182
338 88
339 19
339 75
339 133
339 89
340 56
340 90
341 133
341 134
341 91
342 210
342 92
343 134
343 146
343 93
344 48
344 94
345 97
345 132
345 234
345 95
346 146
346 148
346 96
347 135
347 167
347 97
348 17
348 240
348 98
349 0
349 174
349 99
350 31
350 62
350 106
350 143
350 243
350 100
351 5
351 177
351 198
351 101
352 18
352 23
352 33
352 53
352 56
352 180
352 102
353 46
353 189
353 212
353 103
354 207
354 104
355 55
355 105
356 116
356 194
356 233
356 235
356 106
357 90
357 204
357 107
358 9
358 127
358 176
358 191
358 108
359 70
359 73
359 91
359 100
359 131
359 214
359 109
360 158
360 233
360 110
361 41
361 87
361 111
362 151
362 204
362 244
362 112
363 40
363 100
363 113
364 59
364 71
364 173
364 203
364 114
365 148
365 149
365 115
366 192
366 248
366 116
367 147
367 193
367 215
367 117
368 26
368 90
368 118
369 153
369 119
370 102
370 155
370 204
370 219
370 120
371 152
371 222
371 247
371 121
372 104
372 122
373 149
373 156
373 123
374 155
374 217
374 124
375 125
375 161
376 7
376 23
376 52
376 248
376 126
377 61
377 156
377 184
377 127
378 58
378 184
378 209
378 128
379 171
379 129
380 114
380 209
380 230
380 130
381 5
381 123
381 143
381 181
381 131
382 84
382 193
382 132
383 14
383 59
383 188
383 206
383 248
383 133
384 95
384 201
384 134
385 9
385 33
385 56
385 218
385 135
386 3
386 183
386 230
386 136
387 74
387 137
388 161
388 138
389 2
389 139
390 127
390 140
391 30
391 81
391 116
391 131
391 141
392 153
392 142
393 28
393 42
393 55
393 78
393 187
393 143
394 36
394 243
394 144
395 3
395 11
395 145
396 147
396 146
397 67
397 89
397 181
397 196
397 147
398 53
398 90
398 196
398 213
398 148
399 46
399 71
399 90
399 217
399 149
400 129
400 239
400 150
401 57
401 74
401 102
401 151
402 15
402 27
402 175
402 200
402 152
403 219
403 153
404 0
404 53
404 85
404 200
404 154
405 42
405 48
405 124
405 179
405 155
406 88
406 156
407 24
407 113
407 157
408 18
408 34
408 45
408 76
408 158
409 213
409 159
410 136
410 159
410 210
410 160
411 29
411 116
411 219
411 161
412 69
412 76
412 138
412 181
412 225
412 162
413 47
413 195
413 163
414 0
414 52
414 79
414 83
414 176
414 240
414 164
415 221
415 228
415 165
416 70
416 101
416 122
416 166
417 18
417 46
417 95
417 96
417 140
417 242
417 243
417 167
418 95
418 216
418 168
419 31
419 96
419 99
419 136
419 178
419 169
420 91
420 121
420 210
420 170
421 44
421 67
421 171
422 33
422 170
422 178
422 172
423 39
423 197
423 173
424 31
424 132
424 198
424 174
425 4
425 174
425 206
425 175
426 12
426 43
426 95
426 176
427 0
427 74
427 177
428 11
428 32
428 178
429 32
429 50
429 179
430 128
430 141
430 142
430 180
431 50
431 54
431 80
431 181
432 28
432 157
432 182
433 71
433 82
433 99
433 216
433 183
434 82
434 222
434 234
434 184
435 38
435 162
435 225
435 185
436 17
436 27
436 36
436 115
436 205
436 186
437 37
437 220
437 187
438 104
438 207
438 228
438 240
438 188
439 23
439 170
439 180
439 227
439 249
439 189
440 14
440 190
441 31
441 144
441 191
442 91
442 102
442 192
443 20
443 147
443 151
443 193
444 26
444 53
444 110
444 113
444 194
445 195
446 174
446 236
446 196
447 51
447 118
447 189
447 197
448 54
448 60
448 198
449 173
449 175
449 199
450 71
450 232
450 200
451 60
451 65
451 201
452 65
452 75
452 202
453 75
453 133
453 203
454 17
454 37
454 71
454 115
454 124
454 161
454 239
454 204
455 5
455 20
455 205
456 6
456 128
456 206
457 199
457 227
457 207
458 133
458 134
458 208
459 76
459 151
459 214
459 229
459 248
459 209
460 71
460 87
460 91
460 117
460 214
460 215
460 210
461 117
461 195
461 204
461 213
461 211
462 101
462 103
462 127
462 181
462 212
463 134
463 146
463 213
464 224
464 214
465 55
465 98
465 162
465 164
465 173
465 188
465 213
465 223
465 215
466 121
466 195
466 216
467 37
467 130
467 160
467 220
467 217
468 69
468 90
468 145
468 218
469 120
469 219
470 146
470 148
470 220
471 59
471 227
471 245
471 221
472 148
472 149
472 222
473 25
473 150
473 152
473 223
474 74
474 139
474 158
474 189
474 224
475 112
475 221
475 227
475 237
475 245
475 225
476 33
476 68
476 167
476 226
477 17
477 73
477 94
477 150
477 164
477 227
478 47
478 84
478 93
478 228
479 149
479 156
479 229
480 153
480 230
481 156
481 165
481 184
481 231
482 100
482 168
482 227
482 238
482 232
483 107
483 170
483 233
484 173
484 238
484 234
485 21
485 52
485 137
485 208
485 225
485 240
485 235
486 184
486 209
486 236
487 107
487 177
487 179
487 234
487 235
487 237
488 104
488 162
488 181
488 233
488 249
488 238
489 1
489 185
489 239
490 154
490 166
490 240
491 209
491 230
491 241
492 198
492 204
492 211
492 242
493 41
493 243
494 31
494 244
495 39
495 47
495 144
495 145
495 178
495 203
495 245
496 157
496 194
496 197
496 206
496 246
497 217
497 247
498 233
498 248
499 26
499 38
499 181
499 230
499 249
