  300   2364
0 153
0 176
0 183
0 200
0 228
0 238
0 243
0 274
0 288
0 299
0 8
0 9
0 11
0 19
0 21
0 22
0 25
0 30
0 38
0 46
0 49
0 52
0 62
0 68
0 72
0 81
0 82
0 93
0 98
0 99
0 100
0 123
0 125
0 134
0 147
0 150
1 152
1 154
1 155
1 156
1 163
1 198
1 205
1 222
1 257
1 291
1 299
1 8
1 16
1 24
1 52
1 53
1 56
1 66
1 88
1 91
1 92
1 96
1 98
1 99
1 103
1 110
1 128
1 146
1 151
2 157
2 205
2 238
2 241
2 255
2 285
2 293
2 4
2 20
2 28
2 44
2 46
2 72
2 75
2 107
2 122
2 131
2 146
2 148
2 152
3 159
3 205
3 213
3 215
3 257
3 12
3 14
3 18
3 28
3 36
3 43
3 50
3 65
3 69
3 78
3 83
3 84
3 89
3 110
3 111
3 127
3 130
3 145
3 149
3 153
4 158
4 168
4 181
4 195
4 214
4 264
4 2
4 10
4 12
4 20
4 22
4 26
4 42
4 48
4 56
4 65
4 67
4 73
4 74
4 75
4 82
4 103
4 109
4 112
4 117
4 126
4 127
4 130
4 142
4 144
4 154
5 156
5 190
5 207
5 225
5 226
5 229
5 243
5 254
5 258
5 274
5 288
5 11
5 14
5 17
5 18
5 23
5 29
5 30
5 73
5 79
5 85
5 94
5 101
5 102
5 103
5 105
5 129
5 131
5 141
5 155
6 193
6 211
6 217
6 220
6 240
6 263
6 275
6 297
6 24
6 28
6 35
6 50
6 51
6 62
6 69
6 83
6 91
6 100
6 111
6 121
6 122
6 128
6 156
7 164
7 176
7 178
7 183
7 197
7 201
7 205
7 227
7 231
7 240
7 258
7 8
7 11
7 14
7 24
7 70
7 76
7 83
7 90
7 94
7 111
7 119
7 123
7 126
7 137
7 138
7 148
7 149
7 157
8 180
8 190
8 215
8 222
8 229
8 282
8 284
8 298
8 0
8 1
8 7
8 13
8 14
8 21
8 27
8 29
8 30
8 36
8 40
8 50
8 60
8 69
8 92
8 114
8 121
8 139
8 148
8 149
8 158
9 176
9 188
9 212
9 247
9 288
9 0
9 12
9 17
9 18
9 35
9 44
9 47
9 53
9 59
9 64
9 73
9 80
9 96
9 120
9 122
9 127
9 130
9 134
9 159
10 169
10 237
10 247
10 254
10 270
10 291
10 296
10 299
10 4
10 24
10 32
10 45
10 46
10 48
10 52
10 55
10 56
10 59
10 61
10 68
10 79
10 80
10 83
10 87
10 95
10 120
10 130
10 139
10 160
11 159
11 191
11 246
11 262
11 278
11 288
11 290
11 293
11 0
11 5
11 7
11 12
11 22
11 39
11 51
11 60
11 65
11 68
11 84
11 91
11 115
11 117
11 140
11 143
11 149
11 161
12 156
12 167
12 168
12 169
12 171
12 172
12 190
12 193
12 229
12 238
12 270
12 299
12 3
12 4
12 9
12 11
12 18
12 21
12 43
12 47
12 53
12 57
12 58
12 70
12 83
12 94
12 100
12 162
13 169
13 193
13 194
13 206
13 218
13 233
13 251
13 270
13 279
13 285
13 297
13 8
13 18
13 29
13 64
13 67
13 72
13 82
13 116
13 137
13 143
13 163
14 151
14 153
14 187
14 260
14 268
14 293
14 3
14 5
14 7
14 8
14 20
14 22
14 36
14 37
14 62
14 79
14 84
14 105
14 108
14 115
14 123
14 131
14 134
14 140
14 146
14 148
14 164
15 192
15 228
15 247
15 250
15 251
15 21
15 30
15 37
15 48
15 82
15 92
15 94
15 98
15 104
15 105
15 113
15 121
15 128
15 136
15 139
15 147
15 165
16 158
16 181
16 295
16 299
16 1
16 23
16 33
16 43
16 47
16 67
16 86
16 101
16 108
16 116
16 118
16 120
16 122
16 127
16 140
16 166
17 178
17 195
17 267
17 279
17 5
17 9
17 26
17 35
17 44
17 48
17 71
17 82
17 101
17 107
17 112
17 119
17 126
17 167
18 188
18 232
18 241
18 245
18 246
18 277
18 281
18 294
18 3
18 5
18 9
18 12
18 13
18 42
18 47
18 48
18 55
18 60
18 62
18 86
18 97
18 100
18 113
18 123
18 130
18 139
18 146
18 148
18 168
19 150
19 231
19 232
19 281
19 0
19 23
19 24
19 44
19 46
19 51
19 58
19 62
19 73
19 81
19 110
19 121
19 127
19 137
19 143
19 169
20 221
20 255
20 268
20 273
20 279
20 282
20 2
20 4
20 14
20 36
20 39
20 44
20 47
20 63
20 69
20 73
20 89
20 96
20 130
20 134
20 170
21 150
21 184
21 190
21 192
21 229
21 235
21 236
21 249
21 256
21 277
21 280
21 290
21 292
21 0
21 8
21 12
21 15
21 26
21 46
21 51
21 55
21 81
21 85
21 93
21 112
21 115
21 122
21 123
21 127
21 142
21 171
22 188
22 194
22 197
22 205
22 217
22 256
22 271
22 291
22 0
22 4
22 11
22 14
22 26
22 28
22 37
22 38
22 47
22 50
22 74
22 81
22 82
22 96
22 108
22 117
22 126
22 128
22 144
22 172
23 209
23 213
23 215
23 221
23 281
23 5
23 16
23 19
23 25
23 31
23 39
23 43
23 45
23 54
23 71
23 74
23 88
23 92
23 99
23 104
23 120
23 121
23 133
23 139
23 145
23 146
23 148
23 149
23 173
24 181
24 225
24 226
24 286
24 288
24 290
24 299
24 1
24 6
24 7
24 10
24 19
24 42
24 45
24 57
24 62
24 65
24 82
24 106
24 124
24 148
24 174
25 155
25 160
25 182
25 210
25 213
25 214
25 235
25 239
25 275
25 283
25 0
25 23
25 40
25 56
25 64
25 73
25 94
25 102
25 135
25 146
25 175
26 157
26 171
26 180
26 192
26 196
26 210
26 211
26 215
26 221
26 269
26 4
26 17
26 21
26 22
26 35
26 51
26 60
26 74
26 90
26 91
26 148
26 176
27 152
27 179
27 218
27 223
27 253
27 274
27 281
27 284
27 286
27 296
27 8
27 37
27 39
27 65
27 76
27 79
27 82
27 89
27 90
27 111
27 125
27 133
27 145
27 177
28 150
28 188
28 191
28 196
28 216
28 237
28 243
28 277
28 295
28 2
28 3
28 6
28 22
28 39
28 41
28 53
28 56
28 73
28 74
28 75
28 92
28 96
28 97
28 98
28 101
28 125
28 129
28 178
29 172
29 179
29 185
29 204
29 218
29 227
29 244
29 259
29 5
29 8
29 13
29 34
29 37
29 39
29 50
29 69
29 70
29 83
29 93
29 116
29 137
29 140
30 156
30 162
30 215
30 225
30 294
30 0
30 5
30 8
30 15
30 33
30 34
30 47
30 54
30 61
30 63
30 64
30 65
30 79
30 80
30 81
30 129
30 137
30 139
30 142
30 180
31 224
31 247
31 276
31 23
31 54
31 73
31 99
31 107
31 113
31 121
31 130
31 142
31 143
31 181
32 158
32 172
32 185
32 205
32 294
32 10
32 36
32 43
32 74
32 78
32 79
32 80
32 103
32 124
32 125
32 182
33 160
33 218
33 234
33 16
33 30
33 37
33 39
33 40
33 42
33 51
33 56
33 77
33 83
33 89
33 109
33 116
33 126
33 130
33 131
33 134
33 136
33 145
33 183
34 162
34 170
34 179
34 220
34 241
34 264
34 269
34 270
34 29
34 30
34 44
34 57
34 64
34 70
34 77
34 78
34 85
34 88
34 96
34 126
34 144
34 184
35 163
35 176
35 236
35 264
35 267
35 284
35 6
35 9
35 17
35 26
35 72
35 73
35 90
35 109
35 117
35 118
35 121
35 122
35 125
35 128
35 141
35 143
35 145
35 185
36 166
36 171
36 183
36 197
36 259
36 278
36 3
36 8
36 14
36 20
36 32
36 42
36 45
36 46
36 50
36 91
36 99
36 110
36 117
36 122
36 123
36 128
36 142
36 186
37 182
37 183
37 267
37 292
37 14
37 15
37 22
37 27
37 29
37 33
37 45
37 48
37 63
37 67
37 69
37 70
37 72
37 80
37 84
37 98
37 144
37 187
38 153
38 183
38 193
38 199
38 211
38 218
38 220
38 271
38 0
38 22
38 47
38 53
38 85
38 97
38 102
38 115
38 121
38 136
38 188
39 161
39 208
39 226
39 237
39 248
39 286
39 11
39 20
39 23
39 27
39 28
39 29
39 33
39 54
39 57
39 59
39 74
39 87
39 101
39 109
39 111
39 140
39 143
39 148
39 189
40 188
40 215
40 221
40 249
40 270
40 290
40 8
40 25
40 33
40 72
40 102
40 110
40 111
40 114
40 124
40 125
40 135
40 147
40 190
41 176
41 186
41 201
41 230
41 235
41 247
41 264
41 282
41 286
41 28
41 42
41 55
41 64
41 87
41 89
41 113
41 125
41 191
42 190
42 201
42 229
42 4
42 18
42 24
42 33
42 36
42 41
42 65
42 67
42 68
42 72
42 79
42 84
42 100
42 105
42 128
42 129
42 133
42 138
42 139
42 192
43 184
43 251
43 283
43 298
43 299
43 3
43 12
43 16
43 23
43 32
43 54
43 58
43 71
43 75
43 80
43 113
43 118
43 119
43 137
43 193
44 187
44 200
44 229
44 258
44 267
44 272
44 274
44 277
44 296
44 2
44 9
44 17
44 19
44 20
44 34
44 70
44 77
44 80
44 81
44 86
44 87
44 117
44 121
44 135
44 136
44 142
44 148
44 194
45 150
45 153
45 182
45 183
45 200
45 219
45 255
45 266
45 297
45 10
45 23
45 24
45 36
45 37
45 51
45 54
45 69
45 84
45 94
45 119
45 128
45 129
45 133
45 147
45 195
46 163
46 204
46 207
46 212
46 239
46 250
46 262
46 294
46 0
46 2
46 10
46 19
46 21
46 36
46 53
46 71
46 74
46 82
46 91
46 103
46 104
46 106
46 107
46 115
46 127
46 134
46 137
46 196
47 170
47 186
47 200
47 218
47 220
47 238
47 9
47 12
47 16
47 18
47 20
47 22
47 30
47 38
47 54
47 83
47 85
47 89
47 97
47 101
47 107
47 115
47 126
47 137
47 197
48 150
48 192
48 222
48 229
48 245
48 298
48 4
48 10
48 15
48 17
48 18
48 37
48 68
48 71
48 75
48 76
48 91
48 106
48 123
48 145
48 198
49 155
49 182
49 196
49 202
49 229
49 242
49 285
49 288
49 0
49 53
49 62
49 68
49 75
49 82
49 86
49 93
49 113
49 149
49 199
50 186
50 196
50 226
50 230
50 290
50 295
50 3
50 6
50 8
50 22
50 29
50 36
50 67
50 73
50 92
50 114
50 119
50 127
50 200
51 160
51 187
51 252
51 256
51 282
51 6
51 11
51 19
51 21
51 26
51 33
51 45
51 54
51 55
51 61
51 68
51 73
51 85
51 103
51 106
51 118
51 120
51 125
51 201
52 170
52 176
52 202
52 255
52 258
52 280
52 0
52 1
52 10
52 55
52 60
52 82
52 96
52 104
52 105
52 116
52 145
53 152
53 177
53 231
53 238
53 239
53 249
53 250
53 267
53 1
53 9
53 12
53 28
53 38
53 46
53 49
53 98
53 112
53 113
53 119
53 135
53 203
54 226
54 296
54 23
54 30
54 31
54 39
54 43
54 45
54 47
54 51
54 55
54 81
54 102
54 116
54 120
54 131
54 132
54 204
55 153
55 206
55 218
55 244
55 263
55 299
55 10
55 18
55 21
55 41
55 51
55 52
55 54
55 72
55 96
55 104
55 106
55 112
55 122
55 123
55 127
55 131
55 132
55 133
55 135
55 142
55 146
55 205
56 186
56 194
56 232
56 242
56 269
56 270
56 1
56 4
56 10
56 25
56 28
56 33
56 59
56 62
56 64
56 65
56 68
56 70
56 73
56 74
56 78
56 93
56 94
56 103
56 110
56 119
56 120
56 136
56 138
56 140
56 146
56 206
57 153
57 159
57 163
57 199
57 204
57 218
57 264
57 280
57 12
57 24
57 34
57 39
57 94
57 105
57 110
57 114
57 122
57 132
57 135
57 136
57 142
57 207
58 195
58 209
58 210
58 222
58 260
58 285
58 293
58 298
58 12
58 19
58 43
58 71
58 82
58 88
58 96
58 97
58 101
58 116
58 117
58 118
58 208
59 196
59 283
59 284
59 9
59 10
59 39
59 56
59 70
59 73
59 76
59 79
59 84
59 91
59 125
59 135
59 139
59 140
59 209
60 166
60 172
60 221
60 237
60 254
60 279
60 286
60 8
60 11
60 18
60 26
60 52
60 79
60 88
60 104
60 105
60 106
60 122
60 132
60 134
60 147
60 210
61 159
61 272
61 275
61 10
61 30
61 51
61 64
61 65
61 98
61 114
61 126
61 132
61 138
61 211
62 154
62 160
62 186
62 273
62 0
62 6
62 14
62 18
62 19
62 24
62 49
62 56
62 65
62 72
62 75
62 96
62 101
62 103
62 149
62 212
63 158
63 172
63 187
63 213
63 214
63 238
63 292
63 298
63 20
63 30
63 37
63 71
63 75
63 78
63 80
63 90
63 91
63 95
63 112
64 185
64 250
64 284
64 9
64 13
64 25
64 30
64 34
64 41
64 56
64 61
64 75
64 77
64 80
64 81
64 93
64 117
64 124
64 214
65 152
65 177
65 189
65 200
65 222
65 281
65 3
65 4
65 11
65 24
65 27
65 30
65 42
65 56
65 61
65 62
65 73
65 83
65 96
65 105
65 107
65 111
65 121
65 130
65 215
66 172
66 190
66 194
66 213
66 270
66 278
66 287
66 1
66 70
66 76
66 82
66 95
66 114
66 122
66 129
66 216
67 170
67 185
67 193
67 206
67 209
67 219
67 221
67 250
67 290
67 292
67 4
67 13
67 16
67 37
67 42
67 50
67 75
67 84
67 91
67 134
67 217
68 184
68 216
68 228
68 248
68 255
68 267
68 274
68 290
68 0
68 10
68 11
68 42
68 48
68 49
68 51
68 56
68 81
68 95
68 129
68 218
69 299
69 3
69 6
69 8
69 20
69 29
69 37
69 45
69 83
69 94
69 102
69 110
69 119
69 125
69 130
69 140
69 142
69 146
69 149
69 219
70 153
70 165
70 173
70 186
70 191
70 207
70 215
70 221
70 230
70 234
70 296
70 7
70 12
70 29
70 34
70 37
70 44
70 56
70 59
70 66
70 78
70 79
70 88
70 103
70 104
70 109
70 123
70 129
70 220
71 152
71 168
71 197
71 217
71 218
71 227
71 237
71 255
71 258
71 274
71 283
71 295
71 17
71 23
71 43
71 46
71 48
71 58
71 63
71 80
71 81
71 96
71 105
71 113
71 121
71 124
71 127
71 141
71 144
71 221
72 153
72 191
72 213
72 218
72 227
72 235
72 239
72 246
72 249
72 269
72 271
72 288
72 294
72 0
72 2
72 13
72 35
72 37
72 40
72 42
72 55
72 62
72 89
72 112
72 116
72 123
72 125
72 139
72 140
72 222
73 176
73 189
73 191
73 220
73 236
73 239
73 263
73 264
73 271
73 290
73 4
73 5
73 9
73 19
73 20
73 25
73 28
73 31
73 35
73 50
73 51
73 56
73 59
73 65
73 86
73 95
73 99
73 102
73 105
73 117
73 118
73 120
73 123
73 136
73 137
73 141
73 223
74 167
74 179
74 189
74 258
74 283
74 4
74 22
74 23
74 26
74 28
74 32
74 39
74 46
74 56
74 77
74 89
74 107
74 128
74 129
74 139
74 148
74 224
75 150
75 158
75 162
75 175
75 176
75 178
75 182
75 232
75 234
75 235
75 238
75 239
75 259
75 292
75 297
75 2
75 4
75 28
75 43
75 48
75 49
75 62
75 63
75 64
75 67
75 84
75 87
75 88
75 89
75 100
75 111
75 112
75 130
75 225
76 166
76 198
76 236
76 288
76 290
76 7
76 27
76 48
76 59
76 66
76 87
76 107
76 112
76 121
76 123
76 124
76 226
77 152
77 155
77 187
77 217
77 237
77 242
77 244
77 33
77 34
77 44
77 64
77 74
77 78
77 116
77 130
77 136
77 148
77 227
78 169
78 179
78 232
78 261
78 291
78 296
78 3
78 32
78 34
78 56
78 63
78 70
78 77
78 82
78 85
78 86
78 96
78 126
78 143
78 145
78 147
78 228
79 161
79 197
79 221
79 230
79 266
79 293
79 5
79 10
79 14
79 27
79 30
79 32
79 42
79 59
79 60
79 70
79 84
79 93
79 94
79 100
79 106
79 119
79 147
79 229
80 156
80 192
80 195
80 206
80 261
80 263
80 277
80 278
80 9
80 10
80 30
80 32
80 37
80 43
80 44
80 63
80 64
80 71
80 81
80 83
80 116
80 132
80 137
80 144
80 230
81 150
81 159
81 173
81 207
81 211
81 292
81 0
81 19
81 21
81 22
81 30
81 44
81 54
81 64
81 68
81 71
81 80
81 86
81 96
81 97
81 103
81 110
81 115
81 119
81 123
81 125
81 137
81 138
81 139
81 140
81 231
82 162
82 164
82 177
82 186
82 193
82 227
82 233
82 269
82 271
82 0
82 4
82 13
82 15
82 17
82 22
82 24
82 27
82 46
82 49
82 52
82 58
82 66
82 78
82 84
82 112
82 121
82 127
82 128
82 232
83 166
83 192
83 196
83 197
83 208
83 233
83 282
83 3
83 6
83 7
83 10
83 12
83 29
83 33
83 47
83 65
83 69
83 80
83 86
83 90
83 119
83 122
83 125
83 139
84 170
84 192
84 210
84 242
84 260
84 263
84 264
84 294
84 3
84 11
84 14
84 37
84 42
84 45
84 59
84 67
84 75
84 79
84 82
84 88
84 93
84 99
84 103
84 108
84 111
84 120
84 134
84 135
84 234
85 154
85 197
85 198
85 216
85 235
85 251
85 278
85 5
85 21
85 34
85 38
85 47
85 51
85 78
85 99
85 103
85 145
86 211
86 213
86 259
86 278
86 298
86 16
86 18
86 44
86 49
86 73
86 78
86 81
86 83
86 116
86 125
86 131
86 141
86 144
86 148
86 236
87 155
87 168
87 182
87 221
87 222
87 241
87 264
87 281
87 283
87 294
87 297
87 298
87 10
87 39
87 41
87 44
87 75
87 76
87 115
87 122
87 124
87 134
87 142
87 237
88 175
88 265
88 299
88 1
88 23
88 34
88 58
88 60
88 70
88 75
88 84
88 90
88 122
88 125
88 141
88 143
88 147
88 238
89 197
89 214
89 221
89 244
89 3
89 20
89 27
89 33
89 41
89 47
89 72
89 74
89 75
89 101
89 114
89 121
89 133
89 139
89 146
89 239
90 161
90 168
90 178
90 196
90 199
90 251
90 263
90 7
90 26
90 27
90 35
90 63
90 83
90 88
90 91
90 95
90 104
90 105
90 106
90 109
90 138
90 144
90 240
91 185
91 244
91 1
91 6
91 11
91 26
91 36
91 46
91 48
91 59
91 63
91 67
91 90
91 140
91 142
91 241
92 167
92 202
92 259
92 279
92 285
92 287
92 290
92 1
92 8
92 15
92 23
92 28
92 50
92 96
92 106
92 111
92 120
92 123
92 146
92 242
93 193
93 207
93 242
93 247
93 280
93 0
93 21
93 29
93 49
93 56
93 64
93 79
93 84
93 97
93 99
93 104
93 105
93 112
93 119
93 123
93 128
93 136
93 139
93 143
93 243
94 160
94 195
94 209
94 263
94 264
94 283
94 5
94 7
94 12
94 15
94 25
94 45
94 56
94 57
94 69
94 79
94 96
94 99
94 107
94 111
94 115
94 128
94 244
95 181
95 197
95 205
95 210
95 235
95 241
95 244
95 253
95 264
95 10
95 63
95 66
95 68
95 73
95 90
95 97
95 101
95 133
95 245
96 159
96 180
96 199
96 243
96 248
96 258
96 292
96 297
96 1
96 9
96 20
96 22
96 28
96 34
96 52
96 55
96 58
96 62
96 65
96 71
96 78
96 81
96 92
96 94
96 98
96 117
96 128
96 129
96 246
97 156
97 166
97 178
97 207
97 221
97 243
97 274
97 276
97 288
97 18
97 28
97 38
97 47
97 58
97 81
97 93
97 95
97 104
97 106
97 122
97 146
97 147
97 247
98 173
98 179
98 208
98 209
98 211
98 228
98 260
98 296
98 0
98 1
98 15
98 28
98 37
98 53
98 61
98 96
98 107
98 113
98 114
98 248
99 219
99 220
99 250
99 298
99 0
99 1
99 23
99 31
99 36
99 73
99 84
99 85
99 93
99 94
99 115
99 125
99 128
99 144
99 249
100 154
100 156
100 164
100 199
100 268
100 0
100 6
100 12
100 18
100 42
100 75
100 79
100 113
100 115
100 116
100 135
100 141
100 144
100 250
101 152
101 158
101 171
101 199
101 202
101 221
101 229
101 260
101 266
101 288
101 5
101 16
101 17
101 28
101 39
101 47
101 58
101 62
101 89
101 95
101 132
101 137
101 149
101 251
102 153
102 157
102 159
102 163
102 169
102 177
102 222
102 245
102 253
102 263
102 5
102 25
102 38
102 40
102 54
102 69
102 73
102 104
102 106
102 128
102 132
102 133
102 137
102 138
102 139
102 142
102 145
102 252
103 195
103 206
103 227
103 251
103 280
103 283
103 1
103 4
103 5
103 32
103 46
103 51
103 56
103 62
103 70
103 81
103 84
103 85
103 253
104 150
104 187
104 209
104 246
104 298
104 15
104 23
104 46
104 52
104 55
104 60
104 70
104 90
104 93
104 97
104 102
104 117
104 136
104 143
104 144
104 254
105 165
105 177
105 195
105 203
105 235
105 237
105 281
105 5
105 14
105 15
105 42
105 52
105 57
105 60
105 65
105 71
105 73
105 90
105 93
105 106
105 107
105 122
105 124
105 125
105 126
105 134
105 255
106 150
106 164
106 166
106 170
106 180
106 197
106 222
106 225
106 226
106 247
106 256
106 268
106 294
106 24
106 46
106 48
106 51
106 55
106 60
106 79
106 90
106 92
106 97
106 102
106 105
106 127
106 131
106 142
106 146
107 157
107 207
107 209
107 244
107 252
107 267
107 276
107 2
107 17
107 31
107 46
107 47
107 65
107 74
107 76
107 94
107 98
107 105
107 117
107 123
107 141
107 257
108 150
108 169
108 176
108 199
108 200
108 204
108 227
108 275
108 14
108 16
108 22
108 84
108 111
108 117
108 126
108 137
108 144
108 147
108 258
109 165
109 226
109 259
109 286
109 4
109 33
109 35
109 39
109 70
109 90
109 139
109 141
109 145
109 149
110 203
110 212
110 221
110 236
110 250
110 252
110 258
110 279
110 297
110 1
110 3
110 19
110 36
110 40
110 56
110 57
110 69
110 81
110 127
110 132
110 260
111 180
111 215
111 273
111 286
111 3
111 6
111 7
111 27
111 39
111 40
111 65
111 75
111 84
111 92
111 94
111 108
111 116
111 129
111 132
111 261
112 155
112 163
112 226
112 228
112 4
112 17
112 21
112 53
112 55
112 63
112 72
112 75
112 76
112 82
112 93
112 129
112 132
112 138
112 262
113 161
113 210
113 232
113 236
113 289
113 15
113 18
113 31
113 41
113 43
113 49
113 53
113 71
113 98
113 100
113 120
113 125
113 130
113 131
113 263
114 160
114 175
114 200
114 211
114 223
114 224
114 237
114 8
114 40
114 50
114 57
114 61
114 66
114 89
114 98
114 123
114 124
114 125
114 126
114 139
114 264
115 175
115 193
115 223
115 232
115 246
115 267
115 273
115 280
115 287
115 11
115 14
115 21
115 38
115 46
115 47
115 81
115 87
115 94
115 99
115 100
115 126
115 127
115 129
115 131
115 133
115 139
115 147
115 265
116 152
116 170
116 205
116 220
116 294
116 299
116 13
116 16
116 29
116 33
116 52
116 54
116 58
116 72
116 77
116 80
116 86
116 100
116 111
116 125
116 128
116 133
116 139
116 266
117 174
117 189
117 202
117 206
117 219
117 233
117 249
117 273
117 279
117 4
117 11
117 22
117 35
117 36
117 44
117 58
117 64
117 73
117 96
117 104
117 107
117 108
117 119
117 131
117 136
117 140
117 142
117 144
117 267
118 166
118 190
118 192
118 219
118 226
118 261
118 16
118 35
118 43
118 51
118 58
118 73
118 120
118 121
118 129
118 144
118 268
119 187
119 211
119 225
119 275
119 279
119 7
119 17
119 43
119 45
119 50
119 53
119 56
119 69
119 79
119 81
119 83
119 93
119 117
119 136
119 140
119 146
119 269
120 181
120 191
120 193
120 223
120 273
120 281
120 9
120 10
120 16
120 23
120 51
120 54
120 56
120 73
120 84
120 92
120 113
120 118
120 126
120 146
120 270
121 178
121 190
121 213
121 233
121 251
121 276
121 285
121 6
121 8
121 15
121 19
121 23
121 31
121 35
121 38
121 44
121 65
121 71
121 76
121 82
121 89
121 118
121 137
121 141
121 271
122 152
122 182
122 221
122 226
122 253
122 287
122 295
122 2
122 6
122 9
122 16
122 21
122 35
122 36
122 55
122 57
122 60
122 66
122 83
122 87
122 88
122 97
122 105
122 146
122 272
123 172
123 184
123 186
123 188
123 200
123 288
123 294
123 0
123 7
123 14
123 18
123 21
123 36
123 48
123 55
123 70
123 72
123 73
123 76
123 81
123 92
123 93
123 107
123 114
123 273
124 153
124 190
124 200
124 213
124 248
124 263
124 275
124 276
124 296
124 24
124 32
124 40
124 64
124 71
124 76
124 87
124 105
124 114
124 130
124 139
124 147
124 274
125 154
125 159
125 181
125 182
125 186
125 207
125 212
125 236
125 265
125 273
125 278
125 283
125 0
125 27
125 28
125 32
125 35
125 40
125 41
125 51
125 59
125 69
125 72
125 81
125 83
125 86
125 88
125 99
125 105
125 113
125 114
125 116
125 127
125 137
125 144
125 146
125 275
126 166
126 196
126 197
126 240
126 256
126 258
126 271
126 276
126 296
126 299
126 4
126 7
126 17
126 22
126 33
126 34
126 47
126 61
126 78
126 105
126 108
126 114
126 115
126 120
126 130
126 141
126 142
126 143
127 185
127 206
127 213
127 216
127 227
127 235
127 251
127 272
127 3
127 4
127 9
127 16
127 19
127 21
127 46
127 50
127 55
127 71
127 82
127 106
127 110
127 115
127 125
127 131
127 133
127 137
127 277
128 226
128 247
128 249
128 273
128 284
128 285
128 288
128 294
128 1
128 6
128 15
128 22
128 35
128 36
128 42
128 45
128 74
128 82
128 93
128 94
128 96
128 99
128 102
128 116
128 135
128 278
129 176
129 190
129 200
129 218
129 235
129 251
129 259
129 277
129 283
129 5
129 28
129 30
129 42
129 45
129 66
129 68
129 70
129 74
129 96
129 111
129 112
129 115
129 118
129 130
129 131
129 134
129 140
129 142
129 147
129 149
129 279
130 160
130 167
130 189
130 206
130 275
130 3
130 4
130 9
130 10
130 18
130 20
130 31
130 33
130 65
130 69
130 75
130 77
130 113
130 124
130 126
130 129
130 131
130 138
130 280
131 156
131 160
131 171
131 182
131 187
131 188
131 198
131 200
131 209
131 242
131 256
131 2
131 5
131 14
131 33
131 54
131 55
131 86
131 106
131 113
131 115
131 117
131 127
131 129
131 130
131 143
131 146
131 281
132 167
132 188
132 236
132 287
132 54
132 55
132 57
132 60
132 61
132 80
132 101
132 102
132 110
132 111
132 112
132 135
132 138
132 282
133 182
133 189
133 206
133 225
133 267
133 292
133 295
133 298
133 23
133 27
133 42
133 45
133 55
133 89
133 95
133 102
133 115
133 116
133 127
133 144
133 283
134 153
134 154
134 180
134 192
134 227
134 241
134 249
134 264
134 271
134 294
134 0
134 9
134 14
134 20
134 33
134 46
134 60
134 67
134 84
134 87
134 105
134 129
134 141
134 147
134 284
135 195
135 237
135 249
135 267
135 25
135 40
135 44
135 53
135 55
135 57
135 59
135 84
135 100
135 128
135 132
135 139
135 285
136 187
136 192
136 193
136 208
136 220
136 222
136 226
136 230
136 233
136 235
136 242
136 254
136 271
136 273
136 295
136 15
136 33
136 38
136 44
136 56
136 57
136 73
136 77
136 93
136 104
136 117
136 119
136 149
136 286
137 159
137 172
137 214
137 255
137 7
137 13
137 19
137 29
137 30
137 43
137 46
137 47
137 73
137 80
137 81
137 101
137 102
137 108
137 121
137 125
137 127
137 148
137 287
138 157
138 169
138 187
138 196
138 201
138 212
138 231
138 236
138 7
138 42
138 56
138 61
138 81
138 90
138 102
138 112
138 130
138 132
138 288
139 157
139 178
139 234
139 262
139 287
139 8
139 10
139 15
139 18
139 23
139 30
139 42
139 59
139 72
139 74
139 81
139 83
139 89
139 93
139 102
139 109
139 114
139 115
139 116
139 124
139 135
139 147
139 289
140 155
140 180
140 192
140 215
140 248
140 269
140 295
140 11
140 14
140 16
140 29
140 39
140 56
140 59
140 69
140 72
140 81
140 91
140 117
140 119
140 129
140 142
140 145
140 290
141 160
141 175
141 204
141 234
141 269
141 294
141 298
141 5
141 35
141 71
141 73
141 86
141 88
141 100
141 107
141 109
141 121
141 126
141 134
141 291
142 151
142 164
142 165
142 174
142 176
142 180
142 197
142 215
142 228
142 236
142 281
142 288
142 4
142 21
142 30
142 31
142 36
142 44
142 55
142 57
142 69
142 87
142 91
142 102
142 106
142 117
142 126
142 129
142 140
142 292
143 152
143 157
143 202
143 216
143 221
143 277
143 11
143 13
143 19
143 31
143 35
143 39
143 78
143 88
143 93
143 104
143 126
143 131
143 146
143 293
144 155
144 182
144 195
144 228
144 277
144 289
144 294
144 298
144 4
144 22
144 34
144 37
144 71
144 80
144 86
144 90
144 99
144 100
144 104
144 108
144 117
144 118
144 125
144 133
144 148
145 173
145 210
145 241
145 256
145 278
145 279
145 290
145 297
145 3
145 23
145 27
145 33
145 35
145 48
145 52
145 78
145 85
145 102
145 109
145 140
145 295
146 154
146 209
146 210
146 225
146 234
146 281
146 1
146 2
146 14
146 18
146 23
146 25
146 55
146 56
146 69
146 89
146 92
146 97
146 106
146 119
146 120
146 122
146 125
146 131
146 143
146 148
146 296
147 167
147 174
147 195
147 198
147 209
147 216
147 236
147 247
147 256
147 293
147 294
147 0
147 15
147 40
147 45
147 60
147 78
147 79
147 88
147 97
147 108
147 115
147 124
147 129
147 134
147 139
147 148
147 297
148 153
148 159
148 162
148 166
148 238
148 267
148 2
148 7
148 8
148 14
148 18
148 23
148 24
148 26
148 39
148 44
148 74
148 77
148 86
148 137
148 144
148 146
148 147
148 298
149 159
149 229
149 242
149 254
149 3
149 7
149 8
149 11
149 23
149 49
149 62
149 69
149 101
149 109
149 129
149 136
149 299
150 19
150 21
150 28
150 45
150 48
150 75
150 81
150 104
150 106
150 108
150 0
151 14
151 142
151 1
152 1
152 27
152 53
152 65
152 71
152 77
152 101
152 116
152 122
152 143
152 2
153 0
153 14
153 38
153 45
153 55
153 57
153 70
153 72
153 102
153 124
153 134
153 148
153 3
154 1
154 62
154 85
154 100
154 125
154 134
154 146
154 4
155 1
155 25
155 49
155 77
155 87
155 112
155 140
155 144
155 5
156 1
156 5
156 12
156 30
156 80
156 97
156 100
156 131
156 6
157 2
157 26
157 102
157 107
157 138
157 139
157 143
157 7
158 4
158 16
158 32
158 63
158 75
158 101
158 8
159 3
159 11
159 57
159 61
159 81
159 96
159 102
159 125
159 137
159 148
159 149
159 9
160 25
160 33
160 51
160 62
160 94
160 114
160 130
160 131
160 141
160 10
161 39
161 79
161 90
161 113
161 11
162 30
162 34
162 75
162 82
162 148
162 12
163 1
163 35
163 46
163 57
163 102
163 112
163 13
164 7
164 82
164 100
164 106
164 142
164 14
165 70
165 105
165 109
165 142
165 15
166 36
166 60
166 76
166 83
166 97
166 106
166 118
166 126
166 148
166 16
167 12
167 74
167 92
167 130
167 132
167 147
167 17
168 4
168 12
168 71
168 87
168 90
168 18
169 10
169 12
169 13
169 78
169 102
169 108
169 138
169 19
170 34
170 47
170 52
170 67
170 84
170 106
170 116
170 20
171 12
171 26
171 36
171 101
171 131
171 21
172 12
172 29
172 32
172 60
172 63
172 66
172 123
172 137
172 22
173 70
173 81
173 98
173 145
173 23
174 117
174 142
174 147
174 24
175 75
175 88
175 114
175 115
175 141
175 25
176 0
176 7
176 9
176 35
176 41
176 52
176 73
176 75
176 108
176 129
176 142
176 26
177 53
177 65
177 82
177 102
177 105
177 27
178 7
178 17
178 75
178 90
178 97
178 121
178 139
178 28
179 27
179 29
179 34
179 74
179 78
179 98
180 8
180 26
180 96
180 106
180 111
180 134
180 140
180 142
180 30
181 4
181 16
181 24
181 95
181 120
181 125
181 31
182 25
182 37
182 45
182 49
182 75
182 87
182 122
182 125
182 131
182 133
182 144
182 32
183 0
183 7
183 36
183 37
183 38
183 45
183 33
184 21
184 43
184 68
184 123
184 34
185 29
185 32
185 64
185 67
185 91
185 127
185 35
186 41
186 47
186 50
186 56
186 62
186 70
186 82
186 123
186 125
186 36
187 14
187 44
187 51
187 63
187 77
187 104
187 119
187 131
187 136
187 138
187 37
188 9
188 18
188 22
188 28
188 40
188 123
188 131
188 132
188 38
189 65
189 73
189 74
189 117
189 130
189 133
189 39
190 5
190 8
190 12
190 21
190 42
190 66
190 118
190 121
190 124
190 129
190 40
191 11
191 28
191 70
191 72
191 73
191 120
191 41
192 15
192 21
192 26
192 48
192 80
192 83
192 84
192 118
192 134
192 136
192 140
192 42
193 6
193 12
193 13
193 38
193 67
193 82
193 93
193 115
193 120
193 136
193 43
194 13
194 22
194 56
194 66
194 44
195 4
195 17
195 58
195 80
195 94
195 103
195 105
195 135
195 144
195 147
195 45
196 26
196 28
196 49
196 50
196 59
196 83
196 90
196 126
196 138
196 46
197 7
197 22
197 36
197 71
197 79
197 83
197 85
197 89
197 95
197 106
197 126
197 142
197 47
198 1
198 76
198 85
198 131
198 147
198 48
199 38
199 57
199 90
199 96
199 100
199 101
199 108
199 49
200 0
200 44
200 45
200 47
200 65
200 108
200 114
200 123
200 124
200 129
200 131
200 50
201 7
201 41
201 42
201 138
201 51
202 49
202 52
202 92
202 101
202 117
202 143
203 105
203 110
203 53
204 29
204 46
204 57
204 108
204 141
204 54
205 1
205 2
205 3
205 7
205 22
205 32
205 95
205 116
205 55
206 13
206 55
206 67
206 80
206 103
206 117
206 127
206 130
206 133
206 56
207 5
207 46
207 70
207 81
207 93
207 97
207 107
207 125
207 57
208 39
208 83
208 98
208 136
208 58
209 23
209 58
209 67
209 94
209 98
209 104
209 107
209 131
209 146
209 147
209 59
210 25
210 26
210 58
210 84
210 95
210 113
210 145
210 146
210 60
211 6
211 26
211 38
211 81
211 86
211 98
211 114
211 119
211 61
212 9
212 46
212 110
212 125
212 138
212 62
213 3
213 23
213 25
213 63
213 66
213 72
213 86
213 121
213 124
213 127
214 4
214 25
214 63
214 89
214 137
214 64
215 3
215 8
215 23
215 26
215 30
215 40
215 70
215 111
215 140
215 142
215 65
216 28
216 68
216 85
216 127
216 143
216 147
216 66
217 6
217 22
217 71
217 77
217 67
218 13
218 27
218 29
218 33
218 38
218 47
218 55
218 57
218 71
218 72
218 129
218 68
219 45
219 67
219 99
219 117
219 118
219 69
220 6
220 34
220 38
220 47
220 73
220 99
220 116
220 136
220 70
221 20
221 23
221 26
221 40
221 60
221 67
221 70
221 79
221 87
221 89
221 97
221 101
221 110
221 122
221 143
221 71
222 1
222 8
222 48
222 58
222 65
222 87
222 102
222 106
222 136
222 72
223 27
223 114
223 115
223 120
223 73
224 31
224 114
224 74
225 5
225 24
225 30
225 106
225 119
225 133
225 146
225 75
226 5
226 24
226 39
226 50
226 54
226 106
226 109
226 112
226 118
226 122
226 128
226 136
226 76
227 7
227 29
227 71
227 72
227 82
227 103
227 108
227 127
227 134
227 77
228 0
228 15
228 68
228 98
228 112
228 142
228 144
228 78
229 5
229 8
229 12
229 21
229 42
229 44
229 48
229 49
229 101
229 149
229 79
230 41
230 50
230 70
230 79
230 136
230 80
231 7
231 19
231 53
231 138
231 81
232 18
232 19
232 56
232 75
232 78
232 113
232 115
232 82
233 13
233 82
233 83
233 117
233 121
233 136
234 33
234 70
234 75
234 139
234 141
234 146
234 84
235 21
235 25
235 41
235 72
235 75
235 85
235 95
235 105
235 127
235 129
235 136
236 21
236 35
236 73
236 76
236 110
236 113
236 125
236 132
236 138
236 142
236 147
236 86
237 10
237 28
237 39
237 60
237 71
237 77
237 105
237 114
237 135
237 87
238 0
238 2
238 12
238 47
238 53
238 63
238 75
238 148
238 88
239 25
239 46
239 53
239 72
239 73
239 75
239 89
240 6
240 7
240 126
240 90
241 2
241 18
241 34
241 87
241 95
241 134
241 145
241 91
242 49
242 56
242 77
242 84
242 93
242 131
242 136
242 149
242 92
243 0
243 5
243 28
243 96
243 97
243 93
244 29
244 55
244 77
244 89
244 91
244 95
244 107
244 94
245 18
245 48
245 102
245 95
246 11
246 18
246 72
246 104
246 115
246 96
247 9
247 10
247 15
247 31
247 41
247 93
247 106
247 128
247 147
247 97
248 39
248 68
248 96
248 124
248 140
248 98
249 21
249 40
249 53
249 72
249 117
249 128
249 134
249 135
249 99
250 15
250 46
250 53
250 64
250 67
250 99
250 110
250 100
251 13
251 15
251 43
251 85
251 90
251 103
251 121
251 127
251 129
251 101
252 51
252 107
252 110
252 102
253 27
253 95
253 102
253 122
253 103
254 5
254 10
254 60
254 136
254 149
254 104
255 2
255 20
255 45
255 52
255 68
255 71
255 137
255 105
256 21
256 22
256 51
256 106
256 126
256 131
256 145
256 147
257 1
257 3
257 107
258 5
258 7
258 44
258 52
258 71
258 74
258 96
258 110
258 126
258 108
259 29
259 36
259 75
259 86
259 92
259 109
259 129
260 14
260 58
260 84
260 98
260 101
260 110
261 78
261 80
261 118
261 111
262 11
262 46
262 139
262 112
263 6
263 55
263 73
263 80
263 84
263 90
263 94
263 102
263 124
263 113
264 4
264 34
264 35
264 41
264 57
264 73
264 84
264 87
264 94
264 95
264 134
264 114
265 88
265 125
265 115
266 45
266 79
266 101
266 116
267 17
267 35
267 37
267 44
267 53
267 68
267 107
267 115
267 133
267 135
267 148
267 117
268 14
268 20
268 100
268 106
268 118
269 26
269 34
269 56
269 72
269 82
269 140
269 141
269 119
270 10
270 12
270 13
270 34
270 40
270 56
270 66
270 120
271 22
271 38
271 72
271 73
271 82
271 126
271 134
271 136
271 121
272 44
272 61
272 127
272 122
273 20
273 62
273 111
273 115
273 117
273 120
273 125
273 128
273 136
273 123
274 0
274 5
274 27
274 44
274 68
274 71
274 97
274 124
275 6
275 25
275 61
275 108
275 119
275 124
275 130
275 125
276 31
276 97
276 107
276 121
276 124
276 126
277 18
277 21
277 28
277 44
277 80
277 129
277 143
277 144
277 127
278 11
278 36
278 66
278 80
278 85
278 86
278 125
278 145
278 128
279 13
279 17
279 20
279 60
279 92
279 110
279 117
279 119
279 145
279 129
280 21
280 52
280 57
280 93
280 103
280 115
280 130
281 18
281 19
281 23
281 27
281 65
281 87
281 105
281 120
281 142
281 146
281 131
282 8
282 20
282 41
282 51
282 83
282 132
283 25
283 43
283 59
283 71
283 74
283 87
283 94
283 103
283 125
283 129
283 133
284 8
284 27
284 35
284 59
284 64
284 128
284 134
285 2
285 13
285 49
285 58
285 92
285 121
285 128
285 135
286 24
286 27
286 39
286 41
286 60
286 109
286 111
286 136
287 66
287 92
287 115
287 122
287 132
287 139
287 137
288 0
288 5
288 9
288 11
288 24
288 49
288 72
288 76
288 97
288 101
288 123
288 128
288 142
288 138
289 113
289 144
289 139
290 11
290 21
290 24
290 40
290 50
290 67
290 68
290 73
290 76
290 92
290 145
290 140
291 1
291 10
291 22
291 78
291 141
292 21
292 37
292 63
292 67
292 75
292 81
292 96
292 133
292 142
293 2
293 11
293 14
293 58
293 79
293 147
293 143
294 18
294 30
294 32
294 46
294 72
294 84
294 87
294 106
294 116
294 123
294 128
294 134
294 141
294 144
294 147
295 16
295 28
295 50
295 71
295 122
295 133
295 136
295 140
295 145
296 10
296 27
296 44
296 54
296 70
296 78
296 98
296 124
296 126
296 146
297 6
297 13
297 45
297 75
297 87
297 96
297 110
297 145
297 147
298 8
298 43
298 48
298 58
298 63
298 86
298 87
298 99
298 104
298 133
298 141
298 144
298 148
299 0
299 1
299 10
299 12
299 16
299 24
299 43
299 55
299 69
299 88
299 116
299 126
299 149
