  300   924
0 234
0 265
0 27
0 105
0 127
0 134
0 139
0 150
1 296
1 8
1 14
1 18
1 38
1 58
1 60
1 67
1 116
1 118
1 151
2 244
2 108
2 109
2 152
3 193
3 258
3 58
3 60
3 147
3 153
4 214
4 212
4 11
4 15
4 100
4 154
5 215
5 214
5 28
5 31
5 63
5 117
5 123
5 148
5 155
6 155
6 228
6 21
6 76
6 94
6 136
6 146
6 156
7 213
7 19
7 27
7 47
7 100
7 104
7 124
7 129
7 142
7 157
8 216
8 215
8 1
8 18
8 74
8 94
8 101
8 115
8 122
8 148
8 158
9 217
9 216
9 19
9 28
9 32
9 43
9 49
9 71
9 79
9 90
9 134
9 159
10 213
10 260
10 262
10 269
10 290
10 90
10 101
10 107
10 119
10 131
10 136
10 141
10 142
10 160
11 259
11 4
11 12
11 20
11 23
11 38
11 85
11 111
11 118
11 135
11 140
11 141
11 161
12 153
12 260
12 11
12 85
12 95
12 142
12 162
13 171
13 239
13 255
13 19
13 21
13 31
13 64
13 66
13 88
13 98
13 107
13 139
13 141
13 163
14 181
14 182
14 1
14 19
14 62
14 91
14 95
14 96
14 164
15 164
15 192
15 241
15 4
15 99
15 146
15 147
15 165
16 291
16 49
16 77
16 89
16 121
16 166
17 225
17 241
17 18
17 21
17 33
17 94
17 100
17 167
18 156
18 1
18 8
18 17
18 50
18 87
18 102
18 129
18 140
18 168
19 159
19 257
19 7
19 9
19 13
19 14
19 54
19 60
19 81
19 105
19 131
19 148
19 169
20 218
20 217
20 11
20 21
20 25
20 97
20 115
20 138
20 144
20 170
21 163
21 274
21 6
21 13
21 17
21 20
21 38
21 46
21 75
21 82
21 97
21 148
21 171
22 238
22 280
22 83
22 172
23 221
23 218
23 11
23 33
23 58
23 104
23 121
23 123
23 126
23 133
23 134
23 173
24 222
24 221
24 68
24 174
25 297
25 20
25 66
25 110
25 117
25 175
26 298
26 47
26 49
26 85
26 122
26 176
27 236
27 0
27 7
27 58
27 121
27 130
27 177
28 223
28 222
28 5
28 9
28 30
28 38
28 57
28 58
28 63
28 112
28 118
28 119
28 145
28 178
29 265
29 40
29 100
29 120
29 179
30 183
30 28
30 56
30 78
30 86
30 119
30 123
30 180
31 224
31 223
31 5
31 13
31 54
31 84
31 136
31 138
31 181
32 226
32 224
32 158
32 151
32 9
32 39
32 136
32 182
33 189
33 17
33 23
33 41
33 54
33 104
33 107
33 125
33 183
34 231
34 226
34 161
34 158
34 59
34 79
34 134
34 184
35 237
35 231
35 166
35 161
35 40
35 76
35 131
35 132
35 185
36 238
36 63
36 81
36 107
36 111
36 133
36 186
37 240
37 237
37 167
37 166
37 52
37 98
37 102
37 108
37 125
37 187
38 230
38 289
38 1
38 11
38 21
38 28
38 78
38 108
38 120
38 127
38 135
38 141
38 188
39 242
39 240
39 168
39 167
39 32
39 59
39 62
39 77
39 94
39 113
39 131
39 146
39 189
40 244
40 242
40 169
40 168
40 29
40 35
40 48
40 97
40 103
40 110
40 190
41 246
41 244
41 170
41 169
41 33
41 44
41 61
41 71
41 86
41 104
41 191
42 258
42 101
42 192
43 165
43 182
43 219
43 9
43 88
43 93
43 102
43 193
44 167
44 41
44 51
44 55
44 73
44 86
44 90
44 126
44 135
44 139
44 149
44 194
45 267
45 55
45 56
45 93
45 108
45 123
45 131
45 195
46 247
46 260
46 275
46 277
46 278
46 21
46 54
46 147
46 196
47 255
47 7
47 26
47 65
47 97
47 99
47 103
47 110
47 120
47 140
47 197
48 174
48 192
48 40
48 55
48 90
48 91
48 104
48 116
48 131
48 198
49 249
49 246
49 175
49 170
49 9
49 16
49 26
49 54
49 78
49 108
49 117
49 138
49 199
50 180
50 232
50 239
50 278
50 18
50 53
50 56
50 58
50 116
50 130
50 200
51 251
51 249
51 177
51 175
51 44
51 82
51 89
51 92
51 201
52 283
52 37
52 146
52 148
52 202
53 286
53 50
53 72
53 89
53 94
53 106
53 108
53 110
53 116
53 121
53 203
54 153
54 225
54 233
54 19
54 31
54 33
54 46
54 49
54 78
54 94
54 128
54 137
54 147
54 204
55 163
55 44
55 45
55 48
55 93
55 146
55 205
56 158
56 30
56 45
56 50
56 96
56 206
57 227
57 28
57 72
57 80
57 81
57 115
57 207
58 254
58 251
58 179
58 177
58 1
58 3
58 23
58 27
58 28
58 50
58 71
58 109
58 139
58 149
58 208
59 232
59 236
59 284
59 34
59 39
59 73
59 96
59 209
60 267
60 296
60 1
60 3
60 19
60 210
61 257
61 254
61 184
61 179
61 41
61 79
61 87
61 144
61 211
62 173
62 272
62 14
62 39
62 94
62 127
62 212
63 150
63 153
63 229
63 5
63 28
63 36
63 67
63 77
63 86
63 125
63 141
63 145
63 213
64 176
64 247
64 283
64 13
64 94
64 107
64 108
64 214
65 229
65 47
65 70
65 77
65 112
65 139
65 149
65 215
66 168
66 13
66 25
66 101
66 118
66 140
66 216
67 196
67 248
67 1
67 63
67 131
67 135
67 217
68 272
68 24
68 87
68 125
68 218
69 230
69 87
69 131
69 219
70 162
70 202
70 292
70 65
70 71
70 80
70 83
70 220
71 227
71 9
71 41
71 58
71 70
71 110
71 221
72 279
72 53
72 57
72 95
72 115
72 117
72 121
72 222
73 284
73 44
73 59
73 82
73 93
73 129
73 223
74 265
74 8
74 96
74 102
74 122
74 224
75 258
75 257
75 186
75 184
75 21
75 99
75 108
75 109
75 137
75 138
75 225
76 154
76 176
76 281
76 6
76 35
76 80
76 104
76 106
76 107
76 226
77 202
77 16
77 39
77 63
77 65
77 227
78 261
78 258
78 187
78 186
78 30
78 38
78 49
78 54
78 103
78 121
78 228
79 247
79 9
79 34
79 61
79 81
79 98
79 124
79 229
80 157
80 290
80 57
80 70
80 76
80 99
80 134
80 230
81 263
81 261
81 188
81 187
81 19
81 36
81 57
81 79
81 88
81 98
81 231
82 262
82 21
82 51
82 73
82 116
82 123
82 136
82 232
83 210
83 22
83 70
83 131
83 233
84 183
84 200
84 273
84 31
84 103
84 119
84 142
84 234
85 207
85 11
85 12
85 26
85 86
85 92
85 99
85 104
85 119
85 235
86 213
86 281
86 296
86 30
86 41
86 44
86 63
86 85
86 141
86 142
86 236
87 176
87 18
87 61
87 68
87 69
87 237
88 207
88 246
88 13
88 43
88 81
88 238
89 264
89 263
89 189
89 188
89 16
89 51
89 53
89 105
89 111
89 125
89 137
89 239
90 250
90 259
90 285
90 9
90 10
90 44
90 48
90 240
91 268
91 264
91 190
91 189
91 14
91 48
91 108
91 109
91 241
92 219
92 221
92 51
92 85
92 242
93 156
93 172
93 43
93 45
93 55
93 73
93 121
93 122
93 243
94 218
94 6
94 8
94 17
94 39
94 53
94 54
94 62
94 64
94 137
94 244
95 154
95 236
95 12
95 14
95 72
95 104
95 140
95 245
96 270
96 268
96 194
96 190
96 14
96 56
96 59
96 74
96 98
96 111
96 147
96 246
97 174
97 185
97 20
97 21
97 40
97 47
97 127
97 247
98 260
98 13
98 37
98 79
98 81
98 96
98 139
98 146
98 248
99 185
99 191
99 243
99 279
99 15
99 47
99 75
99 80
99 85
99 122
99 135
99 137
99 249
100 259
100 287
100 294
100 4
100 7
100 17
100 29
100 119
100 250
101 271
101 270
101 197
101 194
101 8
101 10
101 42
101 66
101 102
101 143
101 251
102 157
102 180
102 213
102 18
102 37
102 43
102 74
102 101
102 105
102 106
102 107
102 137
102 252
103 160
103 209
103 40
103 47
103 78
103 84
103 253
104 267
104 273
104 7
104 23
104 33
104 41
104 48
104 76
104 85
104 95
104 108
104 130
104 254
105 157
105 252
105 0
105 19
105 89
105 102
105 117
105 123
105 255
106 168
106 53
106 76
106 102
106 138
106 256
107 228
107 10
107 13
107 33
107 36
107 64
107 76
107 102
107 122
107 257
108 266
108 291
108 297
108 2
108 37
108 38
108 45
108 49
108 53
108 64
108 75
108 91
108 104
108 258
109 282
109 288
109 293
109 2
109 58
109 75
109 91
109 259
110 150
110 164
110 245
110 25
110 40
110 47
110 53
110 71
110 121
110 124
110 260
111 257
111 11
111 36
111 89
111 96
111 139
111 261
112 182
112 28
112 65
112 117
112 127
112 129
112 147
112 262
113 272
113 271
113 198
113 197
113 39
113 263
114 274
114 272
114 199
114 198
114 116
114 264
115 173
115 195
115 8
115 20
115 57
115 72
115 123
115 138
115 265
116 248
116 286
116 1
116 48
116 50
116 53
116 82
116 114
116 124
116 266
117 276
117 274
117 201
117 199
117 5
117 25
117 49
117 72
117 105
117 112
117 267
118 229
118 253
118 262
118 1
118 11
118 28
118 66
118 138
118 140
118 268
119 168
119 10
119 28
119 30
119 84
119 85
119 100
119 139
119 269
120 156
120 232
120 265
120 277
120 29
120 38
120 47
120 270
121 280
121 276
121 203
121 201
121 16
121 23
121 27
121 53
121 72
121 78
121 93
121 110
121 131
121 140
121 271
122 289
122 280
122 204
122 203
122 8
122 26
122 74
122 93
122 99
122 107
122 133
122 148
122 272
123 152
123 170
123 5
123 23
123 30
123 45
123 82
123 105
123 115
123 143
123 145
123 273
124 168
124 7
124 79
124 110
124 116
124 140
124 143
124 144
124 145
124 274
125 292
125 289
125 205
125 204
125 33
125 37
125 63
125 68
125 89
125 139
125 275
126 293
126 292
126 206
126 205
126 23
126 44
126 137
126 276
127 294
127 293
127 208
127 206
127 0
127 38
127 62
127 97
127 112
127 133
127 148
127 277
128 295
128 294
128 209
128 208
128 54
128 278
129 236
129 7
129 18
129 73
129 112
129 279
130 174
130 228
130 27
130 50
130 104
130 132
130 134
130 143
130 280
131 178
131 220
131 235
131 294
131 10
131 19
131 35
131 39
131 45
131 48
131 67
131 69
131 83
131 121
131 139
131 281
132 294
132 35
132 130
132 134
132 282
133 193
133 23
133 36
133 122
133 127
133 283
134 263
134 0
134 9
134 23
134 34
134 80
134 130
134 132
134 144
134 284
135 198
135 11
135 38
135 44
135 67
135 99
135 137
135 285
136 297
136 295
136 210
136 209
136 6
136 10
136 31
136 32
136 82
136 286
137 298
137 297
137 211
137 210
137 54
137 75
137 89
137 94
137 99
137 102
137 126
137 135
137 287
138 162
138 20
138 31
138 49
138 75
138 106
138 115
138 118
138 288
139 194
139 0
139 13
139 44
139 58
139 65
139 98
139 111
139 119
139 125
139 131
139 289
140 235
140 11
140 18
140 47
140 66
140 95
140 118
140 121
140 124
140 290
141 266
141 10
141 11
141 13
141 38
141 63
141 86
141 143
141 144
141 291
142 256
142 282
142 7
142 10
142 12
142 84
142 86
142 292
143 232
143 101
143 123
143 124
143 130
143 141
143 293
144 293
144 20
144 61
144 124
144 134
144 141
144 147
144 149
144 294
145 299
145 298
145 212
145 211
145 28
145 63
145 123
145 124
145 148
145 295
146 225
146 239
146 248
146 299
146 6
146 15
146 39
146 52
146 55
146 98
146 296
147 196
147 3
147 15
147 46
147 54
147 96
147 112
147 144
147 297
148 180
148 227
148 5
148 8
148 19
148 21
148 52
148 122
148 127
148 145
148 298
149 240
149 44
149 58
149 65
149 144
149 299
150 63
150 110
150 0
151 32
151 1
152 123
152 2
153 12
153 54
153 63
153 3
154 76
154 95
154 4
155 6
155 5
156 18
156 93
156 120
156 6
157 80
157 102
157 105
157 7
158 32
158 34
158 56
158 8
159 19
159 9
160 103
160 10
161 34
161 35
161 11
162 70
162 138
162 12
163 21
163 55
163 13
164 15
164 110
164 14
165 43
165 15
166 35
166 37
166 16
167 37
167 39
167 44
167 17
168 39
168 40
168 66
168 106
168 119
168 124
168 18
169 40
169 41
169 19
170 41
170 49
170 123
170 20
171 13
171 21
172 93
172 22
173 62
173 115
173 23
174 48
174 97
174 130
174 24
175 49
175 51
175 25
176 64
176 76
176 87
176 26
177 51
177 58
177 27
178 131
178 28
179 58
179 61
179 29
180 50
180 102
180 148
180 30
181 14
181 31
182 14
182 43
182 112
182 32
183 30
183 84
183 33
184 61
184 75
184 34
185 97
185 99
185 35
186 75
186 78
186 36
187 78
187 81
187 37
188 81
188 89
188 38
189 33
189 89
189 91
189 39
190 91
190 96
190 40
191 99
191 41
192 15
192 48
192 42
193 3
193 133
193 43
194 96
194 101
194 139
194 44
195 115
195 45
196 67
196 147
196 46
197 101
197 113
197 47
198 113
198 114
198 135
198 48
199 114
199 117
199 49
200 84
200 50
201 117
201 121
201 51
202 70
202 77
202 52
203 121
203 122
203 53
204 122
204 125
204 54
205 125
205 126
205 55
206 126
206 127
206 56
207 85
207 88
207 57
208 127
208 128
208 58
209 103
209 128
209 136
209 59
210 83
210 136
210 137
210 60
211 137
211 145
211 61
212 4
212 145
212 62
213 7
213 10
213 86
213 102
213 63
214 4
214 5
214 64
215 5
215 8
215 65
216 8
216 9
216 66
217 9
217 20
217 67
218 20
218 23
218 94
218 68
219 43
219 92
219 69
220 131
220 70
221 23
221 24
221 92
221 71
222 24
222 28
222 72
223 28
223 31
223 73
224 31
224 32
224 74
225 17
225 54
225 146
225 75
226 32
226 34
226 76
227 57
227 71
227 148
227 77
228 6
228 107
228 130
228 78
229 63
229 65
229 118
229 79
230 38
230 69
230 80
231 34
231 35
231 81
232 50
232 59
232 120
232 143
232 82
233 54
233 83
234 0
234 84
235 131
235 140
235 85
236 27
236 59
236 95
236 129
236 86
237 35
237 37
237 87
238 22
238 36
238 88
239 13
239 50
239 146
239 89
240 37
240 39
240 149
240 90
241 15
241 17
241 91
242 39
242 40
242 92
243 99
243 93
244 2
244 40
244 41
244 94
245 110
245 95
246 41
246 49
246 88
246 96
247 46
247 64
247 79
247 97
248 67
248 116
248 146
248 98
249 49
249 51
249 99
250 90
250 100
251 51
251 58
251 101
252 105
252 102
253 118
253 103
254 58
254 61
254 104
255 13
255 47
255 105
256 142
256 106
257 19
257 61
257 75
257 111
257 107
258 3
258 42
258 75
258 78
258 108
259 11
259 90
259 100
259 109
260 10
260 12
260 46
260 98
260 110
261 78
261 81
261 111
262 10
262 82
262 118
262 112
263 81
263 89
263 134
263 113
264 89
264 91
264 114
265 0
265 29
265 74
265 120
265 115
266 108
266 141
266 116
267 45
267 60
267 104
267 117
268 91
268 96
268 118
269 10
269 119
270 96
270 101
270 120
271 101
271 113
271 121
272 62
272 68
272 113
272 114
272 122
273 84
273 104
273 123
274 21
274 114
274 117
274 124
275 46
275 125
276 117
276 121
276 126
277 46
277 120
277 127
278 46
278 50
278 128
279 72
279 99
279 129
280 22
280 121
280 122
280 130
281 76
281 86
281 131
282 109
282 142
282 132
283 52
283 64
283 133
284 59
284 73
284 134
285 90
285 135
286 53
286 116
286 136
287 100
287 137
288 109
288 138
289 38
289 122
289 125
289 139
290 10
290 80
290 140
291 16
291 108
291 141
292 70
292 125
292 126
292 142
293 109
293 126
293 127
293 144
293 143
294 100
294 127
294 128
294 131
294 132
294 144
295 128
295 136
295 145
296 1
296 60
296 86
296 146
297 25
297 108
297 136
297 137
297 147
298 26
298 137
298 145
298 148
299 145
299 146
299 149
