  700   6521
0 408
0 419
0 471
0 478
0 490
0 529
0 611
0 623
0 6
0 22
0 33
0 46
0 64
0 86
0 106
0 141
0 149
0 154
0 167
0 181
0 186
0 188
0 202
0 213
0 252
0 267
0 271
0 304
0 310
0 350
1 374
1 406
1 438
1 497
1 518
1 535
1 601
1 618
1 638
1 646
1 649
1 18
1 25
1 26
1 28
1 47
1 55
1 64
1 71
1 73
1 75
1 78
1 80
1 82
1 98
1 137
1 145
1 156
1 189
1 203
1 210
1 222
1 248
1 249
1 253
1 282
1 324
1 351
2 456
2 586
2 37
2 58
2 62
2 71
2 99
2 130
2 170
2 179
2 193
2 199
2 213
2 235
2 240
2 285
2 288
2 292
2 299
2 305
2 352
3 361
3 381
3 382
3 428
3 448
3 505
3 509
3 531
3 565
3 613
3 19
3 20
3 26
3 49
3 52
3 91
3 93
3 130
3 173
3 224
3 231
3 236
3 244
3 250
3 261
3 265
3 300
3 306
3 317
3 325
3 345
3 353
4 362
4 376
4 401
4 480
4 503
4 614
4 636
4 19
4 31
4 40
4 59
4 60
4 61
4 62
4 102
4 122
4 123
4 132
4 158
4 183
4 184
4 209
4 222
4 224
4 228
4 231
4 237
4 300
4 304
4 318
4 327
4 332
4 354
5 353
5 397
5 400
5 499
5 541
5 544
5 548
5 555
5 629
5 694
5 43
5 57
5 71
5 87
5 144
5 166
5 172
5 204
5 223
5 260
5 298
5 301
5 304
5 319
5 336
5 355
6 379
6 438
6 457
6 537
6 653
6 0
6 9
6 17
6 19
6 21
6 32
6 51
6 61
6 63
6 71
6 80
6 81
6 115
6 141
6 159
6 187
6 190
6 194
6 226
6 285
6 312
6 342
6 343
6 356
7 448
7 529
7 612
7 631
7 36
7 75
7 109
7 121
7 131
7 133
7 135
7 171
7 182
7 184
7 242
7 251
7 265
7 316
7 329
7 334
7 357
8 386
8 433
8 502
8 552
8 595
8 603
8 15
8 27
8 37
8 40
8 41
8 46
8 69
8 72
8 86
8 137
8 165
8 171
8 196
8 211
8 239
8 258
8 270
8 296
8 315
8 358
9 378
9 402
9 406
9 409
9 453
9 457
9 463
9 493
9 6
9 12
9 78
9 80
9 93
9 112
9 114
9 134
9 166
9 193
9 227
9 308
9 310
9 324
9 359
10 388
10 417
10 431
10 619
10 651
10 676
10 688
10 37
10 48
10 70
10 73
10 74
10 81
10 91
10 106
10 111
10 114
10 133
10 135
10 142
10 145
10 151
10 154
10 155
10 156
10 193
10 199
10 216
10 223
10 227
10 241
10 249
10 270
10 292
10 294
10 295
10 310
10 314
10 316
10 322
10 325
10 360
11 354
11 411
11 416
11 479
11 501
11 540
11 603
11 637
11 648
11 662
11 667
11 21
11 65
11 75
11 97
11 111
11 114
11 130
11 132
11 148
11 173
11 193
11 230
11 248
11 257
11 261
11 275
11 278
11 283
11 290
11 291
11 305
11 319
11 335
11 361
12 385
12 499
12 513
12 608
12 643
12 668
12 9
12 49
12 61
12 88
12 96
12 100
12 111
12 115
12 118
12 119
12 128
12 131
12 132
12 143
12 205
12 227
12 230
12 242
12 246
12 250
12 293
12 349
12 362
13 403
13 419
13 440
13 446
13 451
13 589
13 655
13 15
13 28
13 30
13 34
13 48
13 83
13 102
13 111
13 114
13 159
13 164
13 180
13 253
13 263
13 271
13 293
13 297
13 299
13 327
13 339
13 343
13 344
13 363
14 359
14 420
14 458
14 511
14 512
14 539
14 542
14 644
14 28
14 30
14 38
14 55
14 63
14 68
14 106
14 112
14 119
14 137
14 143
14 148
14 164
14 166
14 172
14 187
14 189
14 198
14 202
14 208
14 222
14 249
14 267
14 272
14 278
14 282
14 290
14 297
14 326
14 331
14 364
15 387
15 408
15 514
15 547
15 647
15 655
15 8
15 13
15 90
15 96
15 108
15 143
15 145
15 158
15 170
15 174
15 200
15 215
15 221
15 227
15 231
15 274
15 291
15 316
15 365
16 371
16 390
16 432
16 475
16 528
16 530
16 648
16 688
16 36
16 41
16 68
16 110
16 111
16 130
16 141
16 159
16 164
16 175
16 203
16 228
16 230
16 236
16 247
16 292
16 310
16 311
16 366
17 440
17 594
17 621
17 625
17 687
17 6
17 28
17 38
17 100
17 117
17 169
17 185
17 197
17 200
17 202
17 216
17 222
17 260
17 266
17 275
17 291
17 301
17 321
17 367
18 534
18 607
18 619
18 637
18 684
18 1
18 21
18 30
18 31
18 35
18 77
18 98
18 108
18 126
18 129
18 147
18 176
18 186
18 193
18 198
18 202
18 236
18 257
18 265
18 278
18 343
18 368
19 350
19 398
19 491
19 586
19 636
19 641
19 646
19 3
19 4
19 6
19 28
19 33
19 39
19 69
19 93
19 95
19 110
19 115
19 138
19 170
19 180
19 202
19 206
19 233
19 235
19 252
19 253
19 261
19 264
19 298
19 315
19 323
19 325
19 334
19 369
20 412
20 663
20 678
20 689
20 3
20 42
20 47
20 57
20 79
20 94
20 126
20 188
20 199
20 208
20 212
20 226
20 249
20 268
20 273
20 281
20 288
20 290
20 292
20 303
20 307
20 320
20 323
20 331
20 370
21 404
21 457
21 484
21 575
21 691
21 6
21 11
21 18
21 63
21 129
21 145
21 168
21 170
21 175
21 199
21 214
21 225
21 233
21 236
21 249
21 258
21 268
21 307
21 319
21 345
21 371
22 381
22 391
22 408
22 417
22 449
22 456
22 457
22 520
22 546
22 581
22 590
22 622
22 629
22 639
22 669
22 0
22 39
22 118
22 121
22 135
22 140
22 148
22 154
22 158
22 170
22 205
22 218
22 262
22 270
22 272
22 287
22 307
22 316
22 341
22 372
23 382
23 402
23 454
23 486
23 500
23 525
23 590
23 600
23 605
23 618
23 663
23 47
23 56
23 70
23 81
23 123
23 132
23 171
23 173
23 183
23 203
23 209
23 219
23 248
23 263
23 286
23 290
23 298
23 305
23 315
23 340
23 373
24 353
24 358
24 416
24 425
24 438
24 442
24 498
24 517
24 538
24 589
24 616
24 626
24 628
24 643
24 683
24 26
24 43
24 59
24 87
24 99
24 138
24 139
24 141
24 149
24 151
24 156
24 184
24 187
24 221
24 286
24 297
24 298
24 304
24 331
24 374
25 370
25 390
25 397
25 423
25 492
25 552
25 575
25 1
25 28
25 43
25 63
25 70
25 73
25 77
25 129
25 142
25 144
25 159
25 160
25 217
25 218
25 225
25 230
25 244
25 257
25 326
25 348
25 375
26 408
26 487
26 555
26 596
26 597
26 622
26 671
26 687
26 1
26 3
26 24
26 36
26 49
26 60
26 76
26 89
26 134
26 140
26 178
26 276
26 283
26 296
26 300
26 310
26 323
26 331
26 342
26 376
27 360
27 385
27 461
27 520
27 540
27 549
27 592
27 596
27 630
27 8
27 44
27 72
27 137
27 153
27 167
27 222
27 223
27 225
27 240
27 246
27 248
27 250
27 253
27 317
27 377
28 446
28 450
28 485
28 600
28 625
28 641
28 642
28 660
28 671
28 676
28 1
28 13
28 14
28 17
28 19
28 25
28 34
28 38
28 39
28 43
28 55
28 68
28 83
28 86
28 96
28 112
28 121
28 129
28 135
28 151
28 174
28 195
28 201
28 223
28 264
28 294
28 303
28 348
28 378
29 411
29 461
29 500
29 545
29 603
29 643
29 654
29 675
29 49
29 57
29 67
29 95
29 98
29 133
29 154
29 191
29 238
29 246
29 276
29 307
29 317
29 328
29 341
29 379
30 434
30 501
30 502
30 542
30 558
30 564
30 629
30 635
30 654
30 681
30 13
30 14
30 18
30 55
30 84
30 98
30 101
30 103
30 132
30 134
30 136
30 176
30 200
30 263
30 277
30 301
30 380
31 352
31 386
31 453
31 524
31 536
31 634
31 670
31 4
31 18
31 52
31 54
31 64
31 65
31 98
31 104
31 111
31 116
31 125
31 133
31 161
31 163
31 164
31 181
31 186
31 194
31 199
31 213
31 214
31 215
31 217
31 223
31 249
31 269
31 275
31 292
31 313
31 342
31 381
32 427
32 517
32 531
32 546
32 583
32 585
32 608
32 638
32 684
32 6
32 49
32 77
32 78
32 121
32 129
32 158
32 167
32 189
32 194
32 200
32 216
32 262
32 266
32 304
32 382
33 430
33 454
33 489
33 513
33 525
33 570
33 590
33 619
33 0
33 19
33 65
33 71
33 72
33 97
33 112
33 120
33 124
33 144
33 171
33 172
33 207
33 211
33 219
33 221
33 277
33 327
33 333
33 347
33 383
34 350
34 431
34 457
34 489
34 540
34 542
34 563
34 612
34 624
34 13
34 28
34 40
34 48
34 62
34 64
34 67
34 104
34 135
34 176
34 200
34 238
34 239
34 254
34 311
34 315
34 334
34 336
34 343
34 348
34 384
35 395
35 578
35 579
35 597
35 628
35 633
35 651
35 655
35 18
35 65
35 67
35 98
35 126
35 128
35 130
35 147
35 149
35 157
35 166
35 194
35 200
35 213
35 238
35 272
35 317
35 341
35 385
36 366
36 401
36 430
36 7
36 16
36 26
36 38
36 40
36 46
36 57
36 63
36 111
36 121
36 126
36 172
36 185
36 214
36 215
36 220
36 226
36 265
36 317
36 337
36 342
36 345
36 348
36 386
37 359
37 361
37 371
37 394
37 551
37 616
37 634
37 640
37 692
37 2
37 8
37 10
37 58
37 65
37 82
37 108
37 120
37 159
37 167
37 190
37 196
37 203
37 219
37 220
37 298
37 341
37 387
38 377
38 507
38 597
38 618
38 14
38 17
38 28
38 36
38 52
38 54
38 176
38 197
38 243
38 250
38 252
38 261
38 262
38 269
38 271
38 279
38 311
38 326
38 338
38 349
38 388
39 377
39 535
39 568
39 680
39 19
39 22
39 28
39 42
39 108
39 142
39 149
39 158
39 197
39 257
39 263
39 286
39 293
39 312
39 314
39 317
39 329
39 389
40 358
40 361
40 364
40 455
40 472
40 536
40 592
40 4
40 8
40 34
40 36
40 52
40 62
40 71
40 138
40 162
40 169
40 206
40 235
40 258
40 272
40 310
40 390
41 475
41 507
41 532
41 559
41 595
41 598
41 650
41 693
41 8
41 16
41 67
41 79
41 87
41 92
41 104
41 119
41 126
41 132
41 134
41 147
41 182
41 189
41 218
41 223
41 230
41 247
41 256
41 270
41 283
41 320
41 341
41 391
42 379
42 534
42 590
42 605
42 626
42 20
42 39
42 50
42 53
42 130
42 131
42 140
42 142
42 167
42 169
42 204
42 207
42 245
42 267
42 293
42 304
42 306
42 326
42 392
43 439
43 445
43 468
43 622
43 5
43 24
43 25
43 28
43 58
43 90
43 92
43 94
43 117
43 122
43 137
43 148
43 153
43 164
43 174
43 197
43 216
43 227
43 245
43 283
43 322
43 335
43 342
43 347
43 349
43 393
44 373
44 374
44 388
44 405
44 440
44 472
44 481
44 645
44 27
44 52
44 123
44 137
44 144
44 149
44 251
44 299
44 305
44 328
44 331
44 337
44 345
44 394
45 470
45 476
45 501
45 611
45 634
45 641
45 648
45 57
45 72
45 73
45 101
45 104
45 222
45 232
45 250
45 257
45 273
45 341
45 395
46 388
46 393
46 468
46 493
46 636
46 651
46 0
46 8
46 36
46 53
46 54
46 55
46 92
46 108
46 117
46 141
46 143
46 175
46 179
46 190
46 198
46 205
46 208
46 215
46 249
46 251
46 269
46 285
46 301
46 305
46 318
46 319
46 323
46 396
47 409
47 459
47 467
47 528
47 606
47 616
47 683
47 1
47 20
47 23
47 48
47 55
47 118
47 125
47 155
47 162
47 192
47 194
47 207
47 216
47 222
47 275
47 285
47 314
47 334
47 345
47 346
47 397
48 404
48 412
48 443
48 515
48 590
48 607
48 645
48 654
48 671
48 677
48 684
48 10
48 13
48 34
48 47
48 62
48 88
48 106
48 123
48 127
48 129
48 162
48 167
48 204
48 209
48 224
48 234
48 239
48 243
48 263
48 277
48 280
48 281
48 288
48 310
48 347
48 348
48 398
49 401
49 411
49 412
49 440
49 582
49 596
49 651
49 666
49 3
49 12
49 26
49 29
49 32
49 52
49 99
49 107
49 111
49 122
49 136
49 149
49 155
49 185
49 200
49 229
49 235
49 240
49 255
49 257
49 278
49 304
49 311
49 319
49 399
50 374
50 401
50 539
50 555
50 580
50 613
50 661
50 42
50 76
50 82
50 96
50 110
50 157
50 162
50 164
50 168
50 180
50 268
50 269
50 285
50 286
50 301
50 311
50 320
50 329
50 400
51 386
51 394
51 512
51 563
51 616
51 638
51 6
51 63
51 95
51 97
51 122
51 124
51 130
51 191
51 207
51 235
51 245
51 246
51 290
51 307
51 308
51 310
51 330
51 339
51 345
51 401
52 393
52 413
52 483
52 571
52 661
52 686
52 687
52 3
52 31
52 38
52 40
52 44
52 49
52 66
52 74
52 80
52 132
52 172
52 173
52 189
52 214
52 236
52 244
52 252
52 256
52 263
52 286
52 299
52 318
52 319
52 325
52 327
52 332
52 402
53 377
53 421
53 463
53 475
53 481
53 538
53 596
53 606
53 654
53 42
53 46
53 79
53 83
53 105
53 114
53 129
53 156
53 167
53 177
53 185
53 189
53 198
53 205
53 208
53 239
53 247
53 263
53 271
53 289
53 291
53 294
53 310
53 331
53 403
54 382
54 490
54 612
54 664
54 31
54 38
54 46
54 75
54 114
54 178
54 200
54 243
54 259
54 291
54 296
54 404
55 467
55 499
55 589
55 665
55 1
55 14
55 28
55 30
55 46
55 47
55 76
55 144
55 145
55 156
55 171
55 173
55 180
55 182
55 193
55 220
55 326
55 328
55 340
55 343
55 405
56 568
56 641
56 651
56 687
56 23
56 63
56 66
56 75
56 120
56 134
56 164
56 166
56 199
56 233
56 235
56 266
56 278
56 301
56 331
56 406
57 400
57 402
57 456
57 485
57 547
57 690
57 696
57 5
57 20
57 29
57 36
57 45
57 84
57 105
57 111
57 141
57 144
57 155
57 172
57 175
57 194
57 208
57 216
57 237
57 247
57 284
57 292
57 293
57 305
57 336
57 344
57 407
58 365
58 542
58 552
58 570
58 571
58 579
58 613
58 675
58 679
58 2
58 37
58 43
58 71
58 72
58 81
58 143
58 159
58 161
58 168
58 172
58 179
58 189
58 190
58 200
58 228
58 241
58 266
58 306
58 337
58 338
58 347
58 408
59 394
59 445
59 595
59 629
59 4
59 24
59 68
59 69
59 77
59 80
59 100
59 119
59 130
59 168
59 174
59 196
59 212
59 241
59 244
59 278
59 280
59 283
59 289
59 300
59 409
60 427
60 480
60 482
60 559
60 588
60 631
60 668
60 4
60 26
60 65
60 74
60 84
60 97
60 109
60 116
60 120
60 152
60 167
60 168
60 172
60 174
60 206
60 219
60 221
60 232
60 233
60 234
60 237
60 249
60 253
60 254
60 255
60 257
60 259
60 260
60 274
60 299
60 318
60 319
60 325
60 348
60 410
61 368
61 473
61 555
61 573
61 576
61 657
61 4
61 6
61 12
61 92
61 103
61 119
61 131
61 149
61 178
61 188
61 194
61 207
61 212
61 216
61 221
61 226
61 241
61 272
61 279
61 311
61 326
61 329
61 344
61 346
61 347
61 411
62 389
62 399
62 645
62 2
62 4
62 34
62 40
62 48
62 75
62 98
62 119
62 163
62 164
62 198
62 209
62 219
62 237
62 240
62 258
62 277
62 283
62 294
62 295
62 412
63 412
63 418
63 434
63 440
63 453
63 481
63 510
63 516
63 530
63 531
63 633
63 680
63 696
63 6
63 14
63 21
63 25
63 36
63 51
63 56
63 68
63 85
63 94
63 102
63 114
63 122
63 126
63 128
63 149
63 189
63 214
63 222
63 223
63 242
63 245
63 249
63 253
63 254
63 299
63 315
63 318
63 323
63 331
63 339
63 345
63 413
64 414
64 463
64 575
64 594
64 611
64 620
64 646
64 0
64 1
64 31
64 34
64 88
64 108
64 151
64 152
64 208
64 243
64 286
64 306
64 314
64 318
64 330
65 351
65 445
65 543
65 556
65 635
65 674
65 11
65 31
65 33
65 35
65 37
65 60
65 66
65 72
65 93
65 94
65 111
65 120
65 163
65 173
65 198
65 215
65 224
65 225
65 256
65 276
65 277
65 284
65 287
65 289
65 290
65 298
65 325
65 345
65 415
66 432
66 510
66 562
66 625
66 670
66 52
66 56
66 65
66 81
66 94
66 98
66 137
66 141
66 178
66 197
66 209
66 227
66 232
66 238
66 245
66 272
66 282
66 285
66 300
66 318
66 328
66 337
66 416
67 359
67 376
67 392
67 415
67 431
67 504
67 511
67 607
67 612
67 615
67 641
67 662
67 29
67 34
67 35
67 41
67 86
67 93
67 118
67 123
67 155
67 175
67 193
67 218
67 230
67 236
67 247
67 251
67 267
67 273
67 308
67 323
67 331
67 335
67 417
68 362
68 442
68 499
68 506
68 537
68 606
68 676
68 14
68 16
68 28
68 59
68 63
68 87
68 106
68 116
68 119
68 121
68 173
68 223
68 246
68 296
68 297
68 316
68 324
68 330
68 418
69 415
69 437
69 490
69 588
69 600
69 613
69 647
69 665
69 8
69 19
69 59
69 87
69 101
69 114
69 137
69 166
69 177
69 194
69 198
69 207
69 236
69 242
69 248
69 249
69 251
69 258
69 312
69 327
69 419
70 361
70 495
70 554
70 617
70 653
70 10
70 23
70 25
70 82
70 84
70 107
70 109
70 114
70 127
70 152
70 176
70 185
70 197
70 208
70 232
70 233
70 244
70 247
70 260
70 278
70 304
70 420
71 361
71 516
71 615
71 619
71 664
71 1
71 2
71 5
71 6
71 33
71 40
71 58
71 76
71 101
71 106
71 131
71 147
71 159
71 162
71 166
71 167
71 216
71 223
71 233
71 234
71 251
71 259
71 275
71 279
71 421
72 454
72 486
72 513
72 8
72 27
72 33
72 45
72 58
72 65
72 89
72 92
72 93
72 96
72 130
72 155
72 175
72 217
72 290
72 310
72 325
72 329
72 348
72 422
73 416
73 473
73 562
73 590
73 593
73 1
73 10
73 25
73 45
73 113
73 144
73 185
73 199
73 232
73 236
73 248
73 290
73 302
73 305
73 307
73 423
74 356
74 367
74 400
74 532
74 566
74 671
74 10
74 52
74 60
74 95
74 101
74 103
74 109
74 197
74 219
74 224
74 237
74 259
74 261
74 270
74 276
74 282
74 316
74 332
74 340
74 341
74 424
75 370
75 386
75 461
75 485
75 540
75 631
75 1
75 7
75 11
75 54
75 56
75 62
75 77
75 80
75 82
75 87
75 115
75 130
75 173
75 175
75 178
75 203
75 226
75 237
75 284
75 293
75 425
76 486
76 548
76 664
76 682
76 26
76 50
76 55
76 71
76 84
76 117
76 131
76 146
76 176
76 198
76 200
76 247
76 249
76 256
76 273
76 279
76 284
76 287
76 296
76 298
76 303
76 314
76 340
76 344
76 426
77 371
77 422
77 499
77 562
77 665
77 18
77 25
77 32
77 59
77 75
77 87
77 91
77 119
77 170
77 182
77 193
77 251
77 303
77 313
77 427
78 393
78 422
78 481
78 560
78 609
78 631
78 689
78 1
78 9
78 32
78 172
78 192
78 244
78 261
78 270
78 290
78 302
78 345
78 428
79 366
79 371
79 444
79 474
79 498
79 592
79 20
79 41
79 53
79 81
79 94
79 126
79 138
79 158
79 172
79 279
79 283
79 319
79 324
79 325
79 341
79 429
80 359
80 475
80 495
80 508
80 536
80 540
80 572
80 589
80 613
80 671
80 1
80 6
80 9
80 52
80 59
80 75
80 89
80 92
80 97
80 99
80 113
80 114
80 124
80 142
80 167
80 185
80 204
80 217
80 218
80 222
80 242
80 255
80 269
80 285
80 288
80 296
80 303
80 430
81 360
81 516
81 576
81 658
81 6
81 10
81 23
81 58
81 66
81 79
81 122
81 132
81 135
81 170
81 180
81 204
81 225
81 231
81 269
81 286
81 291
81 311
81 313
81 431
82 360
82 392
82 580
82 594
82 618
82 695
82 1
82 37
82 50
82 70
82 75
82 130
82 132
82 139
82 166
82 169
82 176
82 204
82 219
82 234
82 239
82 240
82 251
82 258
82 260
82 281
82 292
82 296
82 298
82 300
82 338
82 340
82 346
82 432
83 404
83 421
83 439
83 450
83 511
83 569
83 648
83 668
83 13
83 28
83 53
83 122
83 137
83 156
83 175
83 184
83 187
83 220
83 221
83 222
83 248
83 249
83 252
83 255
83 310
83 330
83 433
84 446
84 558
84 656
84 658
84 692
84 30
84 57
84 60
84 70
84 76
84 90
84 91
84 92
84 95
84 153
84 191
84 236
84 279
84 300
84 340
84 434
85 370
85 405
85 411
85 450
85 479
85 488
85 559
85 608
85 659
85 678
85 63
85 102
85 149
85 205
85 232
85 246
85 253
85 261
85 283
85 292
85 308
85 326
85 336
85 337
85 339
85 435
86 389
86 407
86 529
86 610
86 681
86 0
86 8
86 28
86 67
86 95
86 118
86 127
86 132
86 164
86 233
86 275
86 292
86 319
86 332
86 436
87 387
87 638
87 649
87 659
87 685
87 5
87 24
87 41
87 68
87 69
87 75
87 77
87 108
87 109
87 147
87 150
87 179
87 195
87 213
87 218
87 248
87 260
87 266
87 271
87 282
87 283
87 293
87 316
87 325
87 327
87 336
87 437
88 699
88 567
88 12
88 48
88 64
88 107
88 117
88 124
88 133
88 149
88 156
88 189
88 227
88 237
88 258
88 315
88 320
88 335
88 346
88 438
89 414
89 440
89 477
89 504
89 568
89 636
89 26
89 72
89 80
89 99
89 101
89 112
89 113
89 131
89 162
89 181
89 189
89 217
89 231
89 238
89 243
89 250
89 251
89 268
89 281
89 308
89 321
89 329
89 339
89 439
90 383
90 478
90 500
90 614
90 640
90 656
90 664
90 669
90 15
90 43
90 84
90 104
90 112
90 128
90 174
90 178
90 191
90 204
90 212
90 218
90 228
90 233
90 256
90 259
90 261
90 267
90 289
90 310
90 320
90 341
90 440
91 358
91 409
91 483
91 539
91 3
91 10
91 77
91 84
91 92
91 96
91 113
91 131
91 172
91 183
91 185
91 195
91 210
91 216
91 217
91 231
91 243
91 250
91 276
91 301
91 340
91 441
92 451
92 491
92 498
92 542
92 600
92 665
92 676
92 693
92 696
92 41
92 43
92 46
92 61
92 72
92 80
92 84
92 91
92 98
92 136
92 140
92 148
92 180
92 272
92 284
92 293
92 324
92 333
92 442
93 351
93 410
93 417
93 468
93 679
93 3
93 9
93 19
93 65
93 67
93 72
93 101
93 102
93 104
93 147
93 166
93 169
93 171
93 198
93 206
93 208
93 226
93 232
93 266
93 282
93 286
93 287
93 296
93 320
93 328
93 443
94 420
94 479
94 559
94 560
94 625
94 20
94 43
94 63
94 65
94 66
94 79
94 109
94 119
94 125
94 126
94 174
94 246
94 273
94 276
94 281
94 293
94 295
94 306
94 308
94 315
94 331
94 444
95 360
95 403
95 460
95 506
95 548
95 630
95 19
95 29
95 51
95 74
95 84
95 86
95 101
95 104
95 105
95 115
95 117
95 168
95 185
95 192
95 209
95 221
95 225
95 228
95 229
95 243
95 247
95 250
95 251
95 271
95 272
95 300
95 339
95 445
96 375
96 389
96 442
96 614
96 682
96 12
96 15
96 28
96 50
96 72
96 91
96 112
96 148
96 154
96 156
96 180
96 181
96 205
96 211
96 215
96 277
96 283
96 304
96 342
96 345
96 446
97 357
97 434
97 460
97 579
97 11
97 33
97 51
97 60
97 80
97 107
97 118
97 121
97 141
97 159
97 162
97 168
97 204
97 225
97 227
97 254
97 276
97 295
97 306
97 318
97 328
97 337
97 447
98 353
98 378
98 390
98 418
98 421
98 425
98 462
98 475
98 539
98 550
98 553
98 582
98 616
98 667
98 1
98 18
98 29
98 30
98 31
98 35
98 62
98 66
98 92
98 105
98 149
98 155
98 156
98 165
98 179
98 182
98 188
98 261
98 267
98 271
98 296
98 307
98 309
98 448
99 448
99 464
99 498
99 515
99 551
99 561
99 627
99 662
99 663
99 664
99 2
99 24
99 49
99 80
99 89
99 107
99 119
99 127
99 141
99 161
99 196
99 202
99 210
99 226
99 254
99 268
99 279
99 327
99 334
99 449
100 350
100 351
100 406
100 476
100 501
100 694
100 12
100 17
100 59
100 110
100 142
100 161
100 196
100 236
100 244
100 276
100 286
100 299
100 313
100 319
100 450
101 394
101 431
101 456
101 496
101 565
101 583
101 688
101 30
101 45
101 69
101 71
101 74
101 89
101 93
101 95
101 125
101 180
101 184
101 195
101 197
101 206
101 246
101 265
101 304
101 310
101 344
101 451
102 352
102 365
102 388
102 417
102 440
102 506
102 511
102 614
102 4
102 13
102 63
102 85
102 93
102 109
102 125
102 138
102 140
102 179
102 188
102 189
102 197
102 203
102 229
102 308
102 310
102 311
102 312
102 337
102 345
102 452
103 362
103 417
103 446
103 551
103 625
103 652
103 697
103 30
103 61
103 74
103 108
103 111
103 117
103 126
103 140
103 153
103 172
103 190
103 197
103 201
103 208
103 212
103 266
103 280
103 307
103 338
103 453
104 389
104 390
104 429
104 482
104 569
104 599
104 624
104 655
104 661
104 31
104 34
104 41
104 45
104 90
104 93
104 95
104 143
104 172
104 193
104 204
104 243
104 270
104 307
104 316
104 340
104 341
104 347
104 454
105 404
105 490
105 509
105 619
105 53
105 57
105 95
105 98
105 150
105 157
105 194
105 276
105 285
105 306
105 321
105 323
105 344
105 455
106 395
106 440
106 534
106 614
106 687
106 0
106 10
106 14
106 48
106 68
106 71
106 129
106 137
106 167
106 189
106 235
106 248
106 253
106 281
106 289
106 308
106 313
106 318
106 322
106 330
106 331
106 340
106 341
106 344
106 456
107 366
107 368
107 452
107 579
107 587
107 655
107 49
107 70
107 88
107 97
107 99
107 109
107 123
107 162
107 190
107 205
107 212
107 214
107 236
107 250
107 256
107 281
107 291
107 299
107 342
107 457
108 357
108 497
108 513
108 563
108 603
108 616
108 619
108 683
108 15
108 18
108 37
108 39
108 46
108 64
108 87
108 103
108 119
108 136
108 170
108 175
108 179
108 182
108 231
108 266
108 268
108 269
108 272
108 274
108 281
108 287
108 291
108 295
108 300
108 317
108 348
108 458
109 352
109 354
109 452
109 479
109 481
109 482
109 545
109 598
109 619
109 643
109 660
109 7
109 60
109 70
109 74
109 87
109 94
109 102
109 107
109 114
109 122
109 132
109 137
109 142
109 143
109 151
109 155
109 170
109 181
109 191
109 240
109 265
109 280
109 288
109 325
109 329
109 335
109 343
109 459
110 360
110 481
110 494
110 518
110 575
110 604
110 669
110 671
110 16
110 19
110 50
110 100
110 119
110 139
110 211
110 215
110 230
110 239
110 276
110 287
110 303
110 305
110 310
110 325
110 327
110 334
110 460
111 393
111 546
111 668
111 10
111 11
111 12
111 13
111 16
111 31
111 36
111 49
111 57
111 65
111 103
111 141
111 178
111 199
111 205
111 211
111 212
111 216
111 220
111 226
111 232
111 261
111 284
111 297
111 349
111 461
112 373
112 386
112 462
112 507
112 529
112 655
112 9
112 14
112 28
112 33
112 89
112 90
112 96
112 122
112 129
112 146
112 194
112 211
112 254
112 269
112 289
112 296
112 318
112 326
112 341
112 347
113 370
113 492
113 507
113 562
113 644
113 685
113 693
113 73
113 80
113 89
113 91
113 120
113 138
113 165
113 177
113 268
113 279
113 319
113 324
113 463
114 378
114 502
114 504
114 546
114 572
114 634
114 674
114 9
114 10
114 11
114 13
114 53
114 54
114 63
114 69
114 70
114 80
114 109
114 129
114 131
114 138
114 161
114 178
114 191
114 195
114 208
114 214
114 216
114 225
114 242
114 252
114 264
114 296
114 329
114 331
114 342
114 464
115 439
115 452
115 480
115 515
115 540
115 627
115 634
115 649
115 653
115 664
115 6
115 12
115 19
115 75
115 95
115 137
115 142
115 161
115 180
115 212
115 216
115 217
115 254
115 279
115 282
115 293
115 308
115 323
115 465
116 474
116 494
116 514
116 31
116 60
116 68
116 143
116 156
116 173
116 193
116 213
116 215
116 219
116 220
116 259
116 281
116 334
116 466
117 369
117 377
117 394
117 440
117 545
117 570
117 695
117 17
117 43
117 46
117 76
117 88
117 95
117 103
117 118
117 143
117 150
117 210
117 216
117 222
117 248
117 261
117 271
117 291
117 302
117 336
117 467
118 407
118 445
118 513
118 523
118 552
118 581
118 594
118 602
118 630
118 633
118 682
118 692
118 12
118 22
118 47
118 67
118 86
118 97
118 117
118 125
118 126
118 133
118 141
118 146
118 156
118 158
118 167
118 185
118 215
118 219
118 268
118 279
118 288
118 318
118 320
118 329
118 468
119 362
119 384
119 401
119 405
119 429
119 432
119 448
119 450
119 477
119 496
119 513
119 518
119 525
119 531
119 562
119 654
119 12
119 14
119 41
119 59
119 61
119 62
119 68
119 77
119 94
119 99
119 108
119 110
119 127
119 145
119 147
119 185
119 198
119 228
119 242
119 253
119 259
119 289
119 311
119 315
119 469
120 386
120 393
120 457
120 471
120 536
120 33
120 37
120 56
120 60
120 65
120 113
120 133
120 137
120 159
120 170
120 197
120 223
120 230
120 236
120 265
120 269
120 272
120 277
120 283
120 307
120 326
120 470
121 374
121 402
121 411
121 416
121 431
121 7
121 22
121 28
121 32
121 36
121 68
121 97
121 151
121 154
121 165
121 170
121 183
121 206
121 210
121 232
121 256
121 278
121 313
121 338
121 339
121 340
121 471
122 392
122 407
122 440
122 619
122 665
122 689
122 699
122 4
122 43
122 49
122 51
122 63
122 81
122 83
122 109
122 112
122 151
122 153
122 163
122 167
122 171
122 181
122 184
122 211
122 229
122 272
122 307
122 349
122 472
123 408
123 463
123 480
123 515
123 524
123 592
123 647
123 4
123 23
123 44
123 48
123 67
123 107
123 126
123 142
123 153
123 163
123 177
123 191
123 214
123 228
123 251
123 275
123 280
123 287
123 314
123 344
123 473
124 378
124 389
124 421
124 482
124 520
124 626
124 33
124 51
124 80
124 88
124 130
124 178
124 184
124 192
124 207
124 210
124 231
124 264
124 268
124 273
124 281
124 290
124 329
124 339
124 474
125 488
125 566
125 31
125 47
125 94
125 101
125 102
125 118
125 138
125 203
125 219
125 220
125 224
125 237
125 253
125 259
125 260
125 270
125 280
125 289
125 298
125 301
125 334
125 339
125 345
125 475
126 379
126 381
126 475
126 485
126 662
126 18
126 20
126 35
126 36
126 41
126 63
126 79
126 94
126 103
126 118
126 123
126 166
126 167
126 170
126 195
126 214
126 241
126 244
126 263
126 273
126 274
126 282
126 298
126 330
126 344
126 476
127 407
127 408
127 433
127 473
127 560
127 579
127 48
127 70
127 86
127 99
127 119
127 159
127 168
127 173
127 179
127 185
127 203
127 211
127 222
127 225
127 265
127 266
127 269
127 293
127 477
128 414
128 439
128 441
128 451
128 565
128 12
128 35
128 63
128 90
128 148
128 150
128 171
128 173
128 185
128 190
128 220
128 234
128 248
128 251
128 253
128 264
128 270
128 275
128 283
128 319
128 347
128 348
128 478
129 416
129 528
129 544
129 564
129 594
129 18
129 21
129 25
129 28
129 32
129 48
129 53
129 106
129 112
129 114
129 137
129 156
129 159
129 220
129 221
129 225
129 234
129 240
129 285
129 290
129 328
129 337
129 479
130 354
130 417
130 459
130 464
130 576
130 589
130 608
130 612
130 660
130 2
130 3
130 11
130 16
130 35
130 42
130 51
130 59
130 72
130 75
130 82
130 124
130 152
130 163
130 219
130 223
130 231
130 233
130 237
130 244
130 288
130 319
130 480
131 388
131 423
131 427
131 449
131 477
131 533
131 603
131 608
131 625
131 646
131 647
131 7
131 12
131 42
131 61
131 71
131 76
131 89
131 91
131 114
131 140
131 141
131 148
131 162
131 170
131 193
131 199
131 220
131 238
131 253
131 481
132 357
132 476
132 509
132 525
132 532
132 555
132 647
132 687
132 4
132 11
132 12
132 23
132 30
132 41
132 52
132 81
132 82
132 86
132 109
132 147
132 190
132 202
132 234
132 252
132 257
132 283
132 284
132 317
132 324
132 328
132 339
132 482
133 420
133 442
133 558
133 616
133 639
133 640
133 698
133 7
133 10
133 29
133 31
133 88
133 118
133 120
133 145
133 156
133 166
133 175
133 180
133 224
133 241
133 285
133 306
133 310
133 320
133 328
133 483
134 401
134 418
134 433
134 448
134 562
134 615
134 654
134 9
134 26
134 30
134 41
134 56
134 138
134 146
134 184
134 233
134 240
134 243
134 320
134 348
134 484
135 406
135 412
135 584
135 623
135 652
135 683
135 7
135 10
135 22
135 28
135 34
135 81
135 137
135 140
135 153
135 170
135 231
135 247
135 248
135 255
135 269
135 332
135 485
136 371
136 399
136 402
136 417
136 540
136 30
136 49
136 92
136 108
136 141
136 170
136 172
136 175
136 202
136 239
136 250
136 253
136 297
136 337
136 486
137 362
137 369
137 470
137 531
137 575
137 641
137 642
137 1
137 8
137 14
137 27
137 43
137 44
137 66
137 69
137 83
137 106
137 109
137 115
137 120
137 129
137 135
137 148
137 171
137 172
137 178
137 202
137 226
137 233
137 274
137 315
137 320
137 341
137 487
138 393
138 415
138 434
138 497
138 637
138 679
138 693
138 19
138 24
138 40
138 79
138 102
138 113
138 114
138 125
138 134
138 150
138 185
138 193
138 200
138 252
138 275
138 303
138 306
138 335
138 488
139 382
139 383
139 528
139 588
139 673
139 679
139 24
139 82
139 110
139 156
139 168
139 179
139 184
139 207
139 212
139 224
139 234
139 251
139 280
139 294
139 303
139 307
139 328
139 333
139 489
140 376
140 404
140 502
140 525
140 534
140 545
140 546
140 557
140 566
140 573
140 595
140 639
140 676
140 689
140 22
140 26
140 42
140 92
140 102
140 103
140 131
140 135
140 143
140 152
140 167
140 174
140 213
140 219
140 232
140 282
140 315
140 333
140 340
140 341
140 490
141 353
141 368
141 378
141 450
141 510
141 562
141 566
141 600
141 639
141 694
141 0
141 6
141 16
141 24
141 46
141 57
141 66
141 97
141 99
141 111
141 118
141 131
141 136
141 172
141 179
141 188
141 189
141 193
141 215
141 217
141 220
141 247
141 248
141 249
141 253
141 271
141 272
141 291
141 294
141 304
141 345
141 491
142 369
142 470
142 593
142 682
142 694
142 10
142 25
142 39
142 42
142 80
142 100
142 109
142 115
142 123
142 156
142 162
142 204
142 206
142 211
142 228
142 236
142 252
142 253
142 276
142 290
142 310
142 331
142 349
142 492
143 400
143 413
143 428
143 504
143 516
143 553
143 620
143 631
143 658
143 664
143 687
143 12
143 14
143 15
143 46
143 58
143 104
143 109
143 116
143 117
143 140
143 148
143 158
143 159
143 181
143 186
143 198
143 201
143 296
143 297
143 313
143 341
143 493
144 410
144 679
144 5
144 25
144 33
144 44
144 55
144 57
144 73
144 153
144 166
144 174
144 194
144 197
144 230
144 239
144 277
144 304
144 494
145 352
145 384
145 385
145 389
145 398
145 439
145 473
145 509
145 571
145 589
145 598
145 1
145 10
145 15
145 21
145 55
145 119
145 133
145 153
145 154
145 174
145 175
145 195
145 214
145 218
145 222
145 251
145 271
145 274
145 289
145 326
145 347
145 495
146 416
146 553
146 600
146 76
146 112
146 118
146 134
146 180
146 244
146 246
146 250
146 253
146 261
146 267
146 269
146 275
146 286
146 496
147 360
147 416
147 491
147 495
147 570
147 687
147 18
147 35
147 41
147 71
147 87
147 93
147 119
147 132
147 160
147 172
147 198
147 200
147 205
147 206
147 221
147 265
147 278
147 279
147 285
147 288
147 296
147 303
147 311
147 325
147 331
147 339
147 497
148 359
148 416
148 473
148 481
148 535
148 613
148 662
148 11
148 14
148 22
148 43
148 92
148 96
148 128
148 131
148 137
148 143
148 150
148 165
148 174
148 185
148 204
148 214
148 221
148 229
148 231
148 249
148 252
148 265
148 266
148 293
148 306
148 346
148 498
149 362
149 402
149 480
149 519
149 654
149 661
149 664
149 665
149 0
149 24
149 35
149 39
149 44
149 49
149 61
149 63
149 85
149 88
149 98
149 180
149 199
149 211
149 254
149 312
149 342
149 499
150 393
150 467
150 493
150 574
150 624
150 87
150 105
150 117
150 128
150 138
150 148
150 153
150 158
150 162
150 194
150 240
150 247
150 254
150 255
150 269
150 282
150 292
150 305
150 307
150 316
150 325
150 500
151 361
151 509
151 510
151 538
151 541
151 600
151 634
151 664
151 692
151 10
151 24
151 28
151 64
151 109
151 121
151 122
151 165
151 184
151 185
151 217
151 238
151 255
151 266
151 267
151 305
151 306
151 501
152 407
152 449
152 500
152 517
152 594
152 605
152 60
152 64
152 70
152 130
152 140
152 161
152 181
152 209
152 219
152 220
152 502
153 426
153 433
153 461
153 513
153 517
153 553
153 566
153 674
153 27
153 43
153 84
153 103
153 122
153 123
153 135
153 144
153 145
153 150
153 158
153 186
153 200
153 215
153 242
153 261
153 264
153 276
153 281
153 296
153 305
153 309
153 310
153 347
153 348
153 503
154 452
154 497
154 499
154 606
154 633
154 648
154 649
154 0
154 10
154 22
154 29
154 96
154 121
154 145
154 165
154 170
154 220
154 236
154 239
154 307
154 325
154 337
154 504
155 430
155 467
155 500
155 662
155 665
155 10
155 47
155 49
155 57
155 67
155 72
155 98
155 109
155 164
155 180
155 199
155 207
155 248
155 252
155 253
155 257
155 271
155 316
155 339
155 343
155 505
156 363
156 458
156 563
156 656
156 658
156 680
156 1
156 10
156 24
156 53
156 55
156 83
156 88
156 96
156 98
156 116
156 118
156 129
156 133
156 139
156 142
156 157
156 165
156 182
156 184
156 187
156 193
156 199
156 207
156 238
156 242
156 250
156 260
156 282
156 324
156 343
156 506
157 494
157 500
157 555
157 674
157 35
157 50
157 105
157 156
157 164
157 174
157 178
157 209
157 214
157 229
157 233
157 261
157 272
157 300
157 303
157 305
157 316
157 322
157 507
158 354
158 435
158 446
158 463
158 466
158 500
158 546
158 553
158 634
158 666
158 673
158 4
158 15
158 22
158 32
158 39
158 79
158 118
158 143
158 150
158 153
158 183
158 185
158 187
158 205
158 219
158 230
158 231
158 232
158 246
158 248
158 269
158 339
158 508
159 394
159 419
159 457
159 465
159 496
159 6
159 13
159 16
159 25
159 37
159 58
159 71
159 97
159 120
159 127
159 129
159 143
159 191
159 192
159 195
159 238
159 244
159 258
159 270
159 285
159 289
159 313
159 319
159 338
159 348
159 509
160 415
160 420
160 428
160 458
160 481
160 506
160 598
160 613
160 655
160 692
160 25
160 147
160 186
160 189
160 196
160 239
160 245
160 258
160 283
160 308
160 323
160 324
160 510
161 383
161 402
161 447
161 459
161 494
161 496
161 522
161 627
161 633
161 680
161 31
161 58
161 99
161 100
161 114
161 115
161 152
161 178
161 195
161 219
161 224
161 230
161 241
161 297
161 302
161 330
161 333
161 335
161 340
161 511
162 364
162 372
162 396
162 490
162 630
162 40
162 47
162 48
162 50
162 71
162 89
162 97
162 107
162 131
162 142
162 150
162 172
162 176
162 208
162 228
162 229
162 248
162 252
162 263
162 274
162 289
162 307
162 310
162 332
162 333
162 512
163 417
163 456
163 460
163 466
163 510
163 587
163 638
163 660
163 692
163 31
163 62
163 65
163 122
163 123
163 130
163 201
163 210
163 235
163 236
163 271
163 276
163 280
163 294
163 298
163 306
163 317
163 338
163 513
164 370
164 373
164 410
164 441
164 517
164 520
164 563
164 660
164 677
164 691
164 13
164 14
164 16
164 31
164 43
164 50
164 56
164 62
164 86
164 155
164 157
164 169
164 195
164 262
164 263
164 268
164 270
164 274
164 275
164 276
164 291
164 310
164 514
165 355
165 358
165 368
165 432
165 461
165 469
165 527
165 555
165 558
165 642
165 8
165 98
165 113
165 121
165 148
165 151
165 154
165 156
165 173
165 195
165 198
165 202
165 204
165 206
165 216
165 245
165 273
165 274
165 317
165 324
165 325
165 515
166 372
166 430
166 439
166 506
166 549
166 589
166 594
166 646
166 657
166 669
166 5
166 9
166 14
166 35
166 56
166 69
166 71
166 82
166 93
166 126
166 133
166 144
166 249
166 263
166 275
166 280
166 302
166 516
167 410
167 412
167 428
167 487
167 616
167 685
167 698
167 0
167 27
167 32
167 37
167 42
167 48
167 53
167 60
167 71
167 80
167 106
167 118
167 122
167 126
167 140
167 181
167 215
167 226
167 266
167 284
167 291
167 313
167 333
167 344
167 517
168 483
168 582
168 687
168 21
168 50
168 58
168 59
168 60
168 95
168 97
168 127
168 139
168 171
168 174
168 201
168 208
168 226
168 291
168 308
168 311
168 518
169 359
169 412
169 520
169 611
169 666
169 17
169 40
169 42
169 82
169 93
169 164
169 175
169 181
169 186
169 190
169 208
169 246
169 251
169 259
169 281
169 286
169 291
169 330
169 336
169 346
169 519
170 359
170 367
170 458
170 562
170 2
170 15
170 19
170 21
170 22
170 77
170 81
170 108
170 109
170 120
170 121
170 126
170 131
170 135
170 136
170 154
170 195
170 213
170 222
170 230
170 237
170 264
170 278
170 318
170 332
170 342
170 346
170 347
170 348
170 349
170 520
171 351
171 405
171 527
171 571
171 632
171 654
171 7
171 8
171 23
171 33
171 55
171 93
171 122
171 128
171 137
171 168
171 189
171 197
171 200
171 205
171 209
171 218
171 221
171 241
171 256
171 261
171 299
171 301
171 305
171 310
171 313
171 319
171 521
172 357
172 482
172 519
172 619
172 659
172 5
172 14
172 33
172 36
172 52
172 57
172 58
172 60
172 78
172 79
172 91
172 103
172 104
172 136
172 137
172 141
172 147
172 162
172 182
172 207
172 237
172 270
172 271
172 304
172 323
172 329
172 522
173 384
173 466
173 467
173 505
173 511
173 551
173 575
173 580
173 607
173 684
173 689
173 3
173 11
173 23
173 52
173 55
173 65
173 68
173 75
173 116
173 127
173 128
173 165
173 178
173 198
173 275
173 282
173 334
173 338
173 342
173 523
174 381
174 528
174 535
174 600
174 607
174 615
174 647
174 15
174 28
174 43
174 59
174 60
174 90
174 94
174 140
174 144
174 145
174 148
174 157
174 168
174 201
174 208
174 215
174 231
174 234
174 254
174 264
174 270
174 318
174 340
174 347
174 524
175 418
175 434
175 456
175 483
175 488
175 493
175 515
175 558
175 604
175 657
175 663
175 669
175 680
175 16
175 21
175 46
175 57
175 67
175 72
175 75
175 83
175 108
175 133
175 136
175 145
175 169
175 187
175 273
175 293
175 304
175 308
175 316
175 317
175 319
175 338
175 347
175 525
176 358
176 361
176 366
176 410
176 475
176 550
176 565
176 587
176 593
176 596
176 645
176 669
176 18
176 30
176 34
176 38
176 70
176 76
176 82
176 162
176 177
176 186
176 200
176 220
176 228
176 266
176 274
176 310
176 321
176 329
176 526
177 368
177 393
177 405
177 531
177 608
177 645
177 699
177 53
177 69
177 113
177 123
177 176
177 178
177 179
177 180
177 186
177 195
177 199
177 289
177 314
177 347
177 348
177 527
178 515
178 529
178 542
178 592
178 611
178 639
178 684
178 26
178 54
178 61
178 66
178 75
178 90
178 111
178 114
178 124
178 137
178 157
178 161
178 173
178 177
178 185
178 186
178 199
178 200
178 202
178 215
178 243
178 269
178 277
178 279
178 289
178 295
178 315
178 322
178 330
178 347
178 528
179 410
179 436
179 452
179 457
179 478
179 492
179 516
179 602
179 621
179 2
179 46
179 58
179 87
179 98
179 102
179 108
179 127
179 139
179 141
179 177
179 192
179 220
179 227
179 286
179 300
179 308
179 329
179 529
180 430
180 606
180 633
180 13
180 19
180 50
180 55
180 81
180 92
180 96
180 101
180 115
180 133
180 146
180 149
180 155
180 177
180 191
180 205
180 220
180 266
180 267
180 277
180 530
181 361
181 386
181 406
181 482
181 581
181 604
181 677
181 681
181 0
181 31
181 89
181 96
181 109
181 122
181 143
181 152
181 167
181 169
181 212
181 224
181 232
181 233
181 250
181 259
181 261
181 264
181 265
181 330
181 332
181 531
182 375
182 411
182 488
182 576
182 592
182 635
182 640
182 7
182 41
182 55
182 77
182 98
182 108
182 156
182 172
182 201
182 204
182 208
182 214
182 219
182 223
182 228
182 233
182 244
182 247
182 269
182 285
182 299
182 315
182 532
183 368
183 442
183 479
183 486
183 502
183 564
183 698
183 4
183 23
183 91
183 121
183 158
183 194
183 195
183 533
184 356
184 454
184 619
184 622
184 669
184 4
184 7
184 24
184 83
184 101
184 122
184 124
184 134
184 139
184 151
184 156
184 187
184 207
184 228
184 230
184 252
184 261
184 269
184 300
184 307
184 315
184 336
184 344
184 534
185 402
185 418
185 447
185 462
185 471
185 557
185 672
185 17
185 36
185 49
185 53
185 70
185 73
185 80
185 91
185 95
185 118
185 119
185 127
185 128
185 138
185 148
185 151
185 158
185 178
185 186
185 208
185 214
185 226
185 227
185 236
185 239
185 270
185 287
185 304
185 332
185 339
185 535
186 352
186 356
186 497
186 501
186 656
186 689
186 0
186 18
186 31
186 143
186 153
186 160
186 169
186 176
186 177
186 178
186 185
186 187
186 193
186 202
186 214
186 228
186 251
186 260
186 263
186 272
186 274
186 289
186 300
186 303
186 310
186 312
186 316
186 323
186 349
186 536
187 358
187 369
187 403
187 426
187 454
187 506
187 558
187 6
187 14
187 24
187 83
187 156
187 158
187 175
187 184
187 186
187 189
187 190
187 192
187 194
187 253
187 254
187 267
187 291
187 339
187 537
188 392
188 437
188 443
188 476
188 674
188 0
188 20
188 61
188 98
188 102
188 141
188 210
188 231
188 235
188 316
188 326
188 329
188 332
188 347
188 538
189 367
189 401
189 482
189 490
189 566
189 606
189 613
189 673
189 1
189 14
189 32
189 41
189 52
189 53
189 58
189 63
189 88
189 89
189 102
189 106
189 141
189 160
189 171
189 187
189 219
189 260
189 268
189 281
189 283
189 539
190 398
190 453
190 515
190 6
190 37
190 46
190 58
190 103
190 107
190 128
190 132
190 169
190 187
190 191
190 210
190 236
190 260
190 261
190 271
190 295
190 311
190 327
190 345
190 347
190 349
190 540
191 412
191 447
191 451
191 561
191 579
191 582
191 674
191 697
191 29
191 51
191 84
191 90
191 109
191 114
191 123
191 159
191 180
191 190
191 199
191 200
191 217
191 219
191 220
191 226
191 235
191 285
191 286
191 293
191 299
191 335
191 541
192 481
192 586
192 617
192 676
192 47
192 78
192 95
192 124
192 159
192 179
192 187
192 209
192 214
192 216
192 237
192 239
192 242
192 251
192 253
192 268
192 276
192 288
192 296
192 299
192 542
193 525
193 545
193 566
193 2
193 9
193 10
193 11
193 18
193 55
193 67
193 77
193 104
193 116
193 131
193 138
193 141
193 156
193 186
193 194
193 207
193 229
193 307
193 313
193 314
193 325
193 338
193 543
194 351
194 386
194 397
194 462
194 504
194 512
194 523
194 553
194 565
194 602
194 634
194 641
194 667
194 6
194 31
194 32
194 35
194 47
194 57
194 61
194 69
194 105
194 112
194 144
194 150
194 183
194 187
194 193
194 207
194 208
194 211
194 251
194 271
194 299
194 301
194 315
194 328
194 344
194 544
195 375
195 402
195 406
195 415
195 566
195 569
195 581
195 617
195 675
195 28
195 87
195 91
195 101
195 114
195 126
195 145
195 159
195 161
195 164
195 165
195 170
195 177
195 183
195 213
195 215
195 239
195 243
195 268
195 272
195 305
195 316
195 325
195 545
196 442
196 458
196 493
196 501
196 517
196 8
196 37
196 59
196 99
196 100
196 160
196 197
196 215
196 227
196 238
196 245
196 249
196 259
196 277
196 310
196 330
196 336
196 546
197 464
197 474
197 502
197 505
197 593
197 607
197 629
197 697
197 17
197 38
197 39
197 43
197 66
197 70
197 74
197 101
197 102
197 103
197 120
197 144
197 171
197 196
197 209
197 226
197 238
197 241
197 252
197 269
197 272
197 292
197 547
198 424
198 448
198 497
198 509
198 14
198 18
198 46
198 53
198 62
198 65
198 69
198 76
198 93
198 119
198 143
198 147
198 165
198 173
198 206
198 212
198 215
198 217
198 229
198 260
198 270
198 278
198 284
198 295
198 335
198 341
198 548
199 371
199 376
199 464
199 477
199 559
199 578
199 622
199 669
199 685
199 694
199 2
199 10
199 20
199 21
199 31
199 56
199 73
199 111
199 131
199 149
199 155
199 156
199 177
199 178
199 191
199 235
199 262
199 281
199 297
199 301
199 308
199 330
199 549
200 401
200 412
200 529
200 533
200 551
200 578
200 607
200 647
200 655
200 657
200 664
200 15
200 17
200 30
200 32
200 34
200 35
200 49
200 54
200 58
200 76
200 138
200 147
200 153
200 171
200 176
200 178
200 191
200 203
200 206
200 253
200 255
200 278
200 283
200 339
200 343
200 550
201 358
201 480
201 553
201 560
201 28
201 103
201 143
201 163
201 168
201 174
201 182
201 234
201 247
201 252
201 279
201 287
201 288
201 311
201 335
201 336
201 348
201 551
202 372
202 409
202 539
202 627
202 653
202 0
202 14
202 17
202 18
202 19
202 99
202 132
202 136
202 137
202 165
202 178
202 186
202 213
202 214
202 223
202 226
202 256
202 259
202 272
202 288
202 309
202 335
202 338
202 552
203 414
203 496
203 507
203 525
203 574
203 633
203 1
203 16
203 23
203 37
203 75
203 102
203 125
203 127
203 200
203 226
203 246
203 247
203 264
203 287
203 306
203 326
203 348
203 553
204 368
204 428
204 446
204 490
204 510
204 569
204 584
204 593
204 629
204 674
204 675
204 698
204 5
204 42
204 48
204 80
204 81
204 82
204 90
204 97
204 104
204 142
204 148
204 165
204 182
204 238
204 270
204 281
204 293
204 299
204 323
204 328
204 341
204 348
204 554
205 490
205 534
205 606
205 616
205 621
205 12
205 22
205 46
205 53
205 85
205 96
205 107
205 111
205 147
205 158
205 171
205 180
205 231
205 235
205 240
205 254
205 277
205 283
205 298
205 310
205 555
206 359
206 377
206 379
206 510
206 535
206 590
206 595
206 602
206 611
206 19
206 40
206 60
206 93
206 101
206 121
206 142
206 147
206 165
206 198
206 200
206 212
206 213
206 222
206 223
206 228
206 239
206 245
206 281
206 295
206 300
206 303
206 306
206 321
206 326
206 556
207 372
207 386
207 414
207 417
207 446
207 454
207 487
207 510
207 513
207 516
207 540
207 551
207 33
207 42
207 47
207 51
207 61
207 69
207 124
207 139
207 155
207 156
207 172
207 184
207 193
207 194
207 274
207 286
207 310
207 319
207 321
207 326
207 333
207 335
207 557
208 357
208 399
208 438
208 531
208 533
208 602
208 615
208 673
208 14
208 20
208 46
208 53
208 57
208 64
208 70
208 93
208 103
208 114
208 162
208 168
208 169
208 174
208 182
208 185
208 194
208 236
208 246
208 266
208 272
208 278
208 294
208 297
208 317
208 343
208 558
209 399
209 440
209 568
209 601
209 620
209 632
209 4
209 23
209 48
209 62
209 66
209 95
209 152
209 157
209 171
209 192
209 197
209 214
209 224
209 235
209 257
209 260
209 284
209 292
209 303
209 321
209 323
209 559
210 353
210 516
210 540
210 601
210 651
210 663
210 1
210 91
210 99
210 117
210 121
210 124
210 163
210 188
210 190
210 269
210 290
210 293
210 299
210 328
210 339
210 345
210 560
211 396
211 403
211 443
211 447
211 468
211 491
211 558
211 682
211 697
211 8
211 33
211 96
211 110
211 111
211 112
211 122
211 127
211 142
211 149
211 194
211 217
211 222
211 229
211 235
211 254
211 281
211 295
211 296
211 319
211 328
211 336
211 561
212 357
212 414
212 431
212 466
212 502
212 511
212 568
212 673
212 20
212 59
212 61
212 90
212 103
212 107
212 111
212 115
212 139
212 181
212 198
212 206
212 214
212 221
212 224
212 225
212 257
212 270
212 284
212 292
212 303
212 310
212 318
212 334
212 562
213 386
213 436
213 454
213 555
213 627
213 679
213 0
213 2
213 31
213 35
213 87
213 116
213 140
213 170
213 195
213 202
213 206
213 222
213 261
213 266
213 279
213 282
213 317
213 323
213 349
213 563
214 408
214 424
214 435
214 450
214 525
214 544
214 547
214 620
214 631
214 639
214 21
214 31
214 36
214 52
214 63
214 107
214 114
214 123
214 126
214 145
214 148
214 157
214 182
214 185
214 186
214 192
214 202
214 209
214 212
214 237
214 238
214 256
214 287
214 298
214 309
214 564
215 365
215 409
215 437
215 440
215 481
215 533
215 555
215 556
215 616
215 641
215 675
215 678
215 15
215 31
215 36
215 46
215 65
215 96
215 110
215 116
215 118
215 141
215 153
215 167
215 174
215 178
215 195
215 196
215 198
215 225
215 236
215 284
215 286
215 295
215 297
215 313
215 336
215 344
215 565
216 382
216 397
216 442
216 483
216 507
216 552
216 620
216 642
216 659
216 688
216 10
216 17
216 32
216 43
216 47
216 57
216 61
216 71
216 91
216 111
216 114
216 115
216 117
216 165
216 192
216 220
216 223
216 227
216 244
216 253
216 301
216 311
216 336
216 338
216 566
217 370
217 381
217 387
217 437
217 556
217 563
217 625
217 25
217 31
217 72
217 80
217 89
217 91
217 115
217 141
217 151
217 191
217 198
217 211
217 219
217 257
217 273
217 276
217 320
217 567
218 360
218 449
218 498
218 526
218 564
218 599
218 22
218 25
218 41
218 67
218 80
218 87
218 90
218 145
218 171
218 221
218 222
218 223
218 240
218 241
218 245
218 252
218 271
218 276
218 297
218 308
218 325
218 568
219 366
219 380
219 387
219 423
219 439
219 645
219 671
219 672
219 694
219 23
219 33
219 37
219 60
219 62
219 74
219 82
219 116
219 118
219 125
219 130
219 140
219 152
219 158
219 161
219 182
219 189
219 191
219 217
219 230
219 238
219 246
219 248
219 253
219 289
219 290
219 322
219 569
220 360
220 437
220 464
220 477
220 507
220 547
220 597
220 621
220 673
220 36
220 37
220 55
220 83
220 111
220 116
220 125
220 128
220 129
220 131
220 141
220 152
220 154
220 176
220 179
220 180
220 191
220 216
220 225
220 227
220 241
220 248
220 275
220 278
220 297
220 339
220 570
221 383
221 389
221 412
221 427
221 466
221 467
221 511
221 524
221 548
221 566
221 591
221 614
221 15
221 24
221 33
221 60
221 61
221 83
221 95
221 129
221 147
221 148
221 171
221 212
221 218
221 224
221 229
221 258
221 266
221 271
221 277
221 285
221 288
221 296
221 344
221 571
222 355
222 387
222 416
222 431
222 502
222 535
222 586
222 605
222 623
222 648
222 696
222 1
222 4
222 14
222 17
222 27
222 45
222 47
222 63
222 80
222 83
222 117
222 127
222 145
222 170
222 206
222 211
222 213
222 218
222 245
222 272
222 286
222 292
222 312
222 332
222 336
222 349
222 572
223 403
223 421
223 5
223 10
223 27
223 28
223 31
223 41
223 63
223 68
223 71
223 120
223 130
223 182
223 202
223 206
223 216
223 218
223 278
223 307
223 331
223 339
223 573
224 374
224 436
224 450
224 484
224 520
224 527
224 537
224 563
224 611
224 675
224 687
224 688
224 3
224 4
224 48
224 65
224 74
224 125
224 133
224 139
224 161
224 181
224 209
224 212
224 221
224 251
224 254
224 287
224 291
224 294
224 308
224 339
224 348
224 574
225 479
225 560
225 581
225 627
225 638
225 679
225 683
225 690
225 21
225 25
225 27
225 65
225 81
225 95
225 97
225 114
225 127
225 129
225 212
225 215
225 220
225 228
225 238
225 245
225 259
225 261
225 272
225 308
225 329
225 575
226 428
226 491
226 554
226 569
226 600
226 611
226 663
226 681
226 6
226 20
226 36
226 61
226 75
226 93
226 99
226 111
226 137
226 167
226 168
226 185
226 191
226 197
226 202
226 203
226 256
226 263
226 271
226 284
226 303
226 311
226 328
226 576
227 384
227 404
227 406
227 431
227 449
227 508
227 617
227 668
227 9
227 10
227 12
227 15
227 43
227 66
227 88
227 97
227 179
227 185
227 196
227 216
227 220
227 235
227 238
227 249
227 252
227 272
227 274
227 308
227 335
227 577
228 384
228 427
228 467
228 540
228 614
228 671
228 4
228 16
228 58
228 90
228 95
228 119
228 123
228 142
228 162
228 176
228 182
228 184
228 186
228 206
228 225
228 247
228 254
228 280
228 281
228 282
228 285
228 305
228 346
228 578
229 466
229 469
229 49
229 95
229 102
229 122
229 148
229 157
229 162
229 193
229 198
229 211
229 221
229 238
229 241
229 254
229 258
229 308
229 321
229 579
230 367
230 430
230 499
230 528
230 689
230 11
230 12
230 16
230 25
230 41
230 67
230 110
230 120
230 144
230 158
230 161
230 170
230 184
230 219
230 231
230 259
230 277
230 285
230 286
230 304
230 327
230 343
230 346
230 580
231 387
231 402
231 421
231 451
231 518
231 546
231 553
231 619
231 3
231 4
231 15
231 81
231 89
231 91
231 108
231 124
231 130
231 135
231 148
231 158
231 174
231 188
231 205
231 230
231 244
231 248
231 260
231 290
231 311
231 339
231 581
232 372
232 455
232 535
232 574
232 584
232 681
232 696
232 45
232 60
232 66
232 70
232 73
232 85
232 93
232 111
232 121
232 140
232 158
232 181
232 259
232 260
232 263
232 286
232 322
232 326
232 328
232 333
232 344
232 582
233 365
233 440
233 482
233 508
233 543
233 617
233 19
233 21
233 56
233 60
233 70
233 71
233 86
233 90
233 130
233 134
233 137
233 157
233 181
233 182
233 242
233 249
233 257
233 266
233 269
233 286
233 291
233 305
233 345
233 583
234 404
234 514
234 622
234 657
234 659
234 48
234 60
234 71
234 82
234 128
234 129
234 132
234 139
234 174
234 201
234 240
234 264
234 270
234 283
234 288
234 291
234 303
234 341
234 584
235 398
235 412
235 428
235 451
235 609
235 643
235 646
235 2
235 19
235 40
235 49
235 51
235 56
235 106
235 163
235 188
235 191
235 199
235 205
235 209
235 211
235 227
235 248
235 249
235 264
235 286
235 307
235 315
235 324
235 345
235 585
236 379
236 385
236 397
236 406
236 509
236 537
236 540
236 590
236 613
236 627
236 639
236 647
236 679
236 3
236 16
236 18
236 21
236 52
236 67
236 69
236 73
236 84
236 100
236 107
236 120
236 142
236 154
236 163
236 185
236 190
236 208
236 215
236 272
236 277
236 301
236 343
236 586
237 522
237 619
237 623
237 645
237 689
237 4
237 57
237 60
237 62
237 74
237 75
237 88
237 125
237 130
237 170
237 172
237 192
237 214
237 255
237 259
237 260
237 261
237 262
237 298
237 315
237 337
237 587
238 582
238 682
238 29
238 34
238 35
238 66
238 89
238 131
238 151
238 156
238 159
238 196
238 197
238 204
238 214
238 219
238 225
238 227
238 229
238 254
238 272
238 290
238 318
238 326
238 333
238 342
238 346
238 349
238 588
239 387
239 431
239 461
239 484
239 519
239 538
239 595
239 598
239 634
239 660
239 8
239 34
239 48
239 53
239 82
239 110
239 136
239 144
239 154
239 160
239 185
239 192
239 195
239 206
239 245
239 259
239 262
239 278
239 311
239 334
239 589
240 362
240 394
240 409
240 411
240 455
240 535
240 611
240 619
240 627
240 2
240 27
240 49
240 62
240 82
240 109
240 129
240 134
240 150
240 205
240 218
240 234
240 248
240 281
240 284
240 285
240 330
240 340
240 342
240 346
240 590
241 373
241 450
241 461
241 473
241 493
241 535
241 558
241 569
241 584
241 600
241 608
241 627
241 635
241 653
241 10
241 58
241 59
241 61
241 126
241 133
241 161
241 171
241 197
241 218
241 220
241 229
241 243
241 250
241 253
241 256
241 262
241 265
241 277
241 305
241 308
241 327
241 346
241 591
242 353
242 355
242 409
242 456
242 498
242 560
242 686
242 694
242 7
242 12
242 63
242 69
242 80
242 114
242 119
242 153
242 156
242 192
242 233
242 245
242 246
242 256
242 274
242 277
242 282
242 284
242 287
242 288
242 320
242 324
242 330
242 345
242 592
243 361
243 365
243 389
243 457
243 501
243 518
243 529
243 539
243 602
243 38
243 48
243 54
243 64
243 89
243 91
243 95
243 104
243 134
243 178
243 195
243 241
243 250
243 251
243 257
243 288
243 305
243 313
243 314
243 316
243 319
243 320
243 336
243 342
243 344
243 593
244 430
244 488
244 529
244 562
244 665
244 687
244 3
244 25
244 52
244 59
244 70
244 78
244 100
244 126
244 130
244 146
244 159
244 182
244 216
244 231
244 249
244 266
244 289
244 290
244 333
244 334
244 594
245 442
245 452
245 469
245 496
245 547
245 630
245 665
245 688
245 42
245 43
245 51
245 63
245 66
245 160
245 165
245 196
245 206
245 218
245 222
245 225
245 239
245 242
245 248
245 274
245 302
245 327
245 336
245 595
246 357
246 361
246 381
246 395
246 424
246 429
246 438
246 459
246 493
246 496
246 662
246 681
246 12
246 27
246 29
246 51
246 68
246 85
246 94
246 101
246 146
246 158
246 169
246 203
246 208
246 219
246 242
246 301
246 305
246 317
246 336
246 596
247 369
247 16
247 41
247 53
247 57
247 67
247 70
247 76
247 95
247 135
247 141
247 150
247 182
247 201
247 203
247 228
247 288
247 292
247 322
247 324
247 328
247 597
248 491
248 498
248 511
248 526
248 528
248 529
248 560
248 1
248 11
248 23
248 27
248 69
248 73
248 83
248 87
248 106
248 117
248 128
248 135
248 141
248 155
248 158
248 162
248 219
248 220
248 231
248 235
248 240
248 245
248 268
248 275
248 276
248 282
248 298
248 301
248 319
248 324
248 333
248 337
248 598
249 355
249 363
249 385
249 456
249 543
249 553
249 556
249 590
249 1
249 10
249 14
249 20
249 21
249 31
249 46
249 60
249 63
249 69
249 76
249 83
249 141
249 148
249 166
249 196
249 227
249 233
249 235
249 244
249 253
249 259
249 283
249 287
249 290
249 291
249 301
249 308
249 312
249 314
249 315
249 318
249 323
249 328
249 331
249 332
249 345
249 599
250 355
250 394
250 404
250 406
250 441
250 506
250 613
250 647
250 3
250 12
250 27
250 38
250 45
250 89
250 91
250 95
250 107
250 136
250 146
250 156
250 181
250 241
250 243
250 275
250 281
250 307
250 319
250 332
250 600
251 523
251 604
251 624
251 640
251 659
251 7
251 44
251 46
251 67
251 69
251 71
251 77
251 82
251 89
251 95
251 123
251 128
251 139
251 145
251 169
251 186
251 192
251 194
251 224
251 243
251 259
251 284
251 298
251 308
251 318
251 319
251 330
251 339
251 344
251 601
252 362
252 372
252 432
252 464
252 511
252 563
252 684
252 0
252 19
252 38
252 52
252 83
252 114
252 132
252 138
252 142
252 148
252 155
252 162
252 184
252 197
252 201
252 218
252 227
252 266
252 286
252 330
252 345
252 602
253 414
253 424
253 500
253 1
253 13
253 19
253 27
253 60
253 63
253 85
253 106
253 119
253 125
253 128
253 131
253 136
253 141
253 142
253 146
253 155
253 187
253 192
253 200
253 216
253 219
253 241
253 249
253 260
253 271
253 312
253 318
253 603
254 412
254 418
254 436
254 525
254 577
254 589
254 610
254 34
254 60
254 63
254 97
254 99
254 112
254 115
254 149
254 150
254 174
254 187
254 205
254 211
254 224
254 228
254 229
254 238
254 256
254 271
254 300
254 306
254 311
254 318
254 320
254 332
254 342
254 604
255 350
255 453
255 475
255 614
255 619
255 627
255 669
255 682
255 690
255 691
255 49
255 60
255 80
255 83
255 135
255 150
255 151
255 200
255 237
255 256
255 278
255 296
255 303
255 308
255 336
255 340
255 605
256 378
256 433
256 439
256 470
256 480
256 552
256 561
256 572
256 617
256 625
256 654
256 667
256 688
256 41
256 52
256 65
256 76
256 90
256 107
256 121
256 171
256 202
256 214
256 226
256 241
256 242
256 254
256 255
256 266
256 284
256 347
256 606
257 353
257 402
257 408
257 437
257 506
257 532
257 583
257 615
257 11
257 18
257 25
257 39
257 45
257 49
257 60
257 132
257 155
257 209
257 212
257 217
257 233
257 243
257 268
257 315
257 317
257 607
258 383
258 408
258 417
258 488
258 528
258 562
258 682
258 8
258 21
258 40
258 62
258 69
258 82
258 88
258 159
258 160
258 221
258 229
258 266
258 290
258 311
258 330
258 608
259 455
259 464
259 599
259 612
259 54
259 60
259 71
259 74
259 90
259 116
259 119
259 125
259 169
259 181
259 196
259 202
259 225
259 230
259 232
259 237
259 239
259 249
259 251
259 263
259 293
259 301
259 320
259 326
259 345
259 609
260 387
260 586
260 596
260 627
260 628
260 5
260 17
260 60
260 70
260 82
260 87
260 125
260 156
260 186
260 189
260 190
260 198
260 209
260 231
260 232
260 237
260 253
260 265
260 289
260 291
260 295
260 610
261 378
261 411
261 413
261 415
261 454
261 550
261 605
261 638
261 681
261 691
261 3
261 11
261 19
261 38
261 74
261 78
261 85
261 90
261 98
261 111
261 117
261 146
261 153
261 157
261 171
261 181
261 184
261 190
261 213
261 225
261 237
261 262
261 263
261 298
261 314
261 317
261 337
261 611
262 355
262 367
262 433
262 461
262 463
262 464
262 656
262 672
262 22
262 32
262 38
262 164
262 199
262 237
262 239
262 241
262 261
262 271
262 278
262 281
262 292
262 313
262 337
262 349
262 612
263 536
263 585
263 587
263 589
263 594
263 699
263 13
263 23
263 30
263 39
263 48
263 52
263 53
263 126
263 162
263 164
263 166
263 186
263 226
263 232
263 259
263 261
263 288
263 309
263 318
263 319
263 323
263 330
263 339
263 613
264 508
264 512
264 549
264 19
264 28
264 114
264 124
264 128
264 153
264 170
264 174
264 181
264 203
264 234
264 235
264 272
264 283
264 287
264 302
264 328
264 342
264 347
264 614
265 358
265 380
265 433
265 449
265 514
265 615
265 3
265 7
265 18
265 36
265 101
265 109
265 120
265 127
265 147
265 148
265 181
265 241
265 260
265 289
265 305
265 314
265 323
265 334
265 335
265 347
266 354
266 370
266 399
266 416
266 457
266 533
266 582
266 592
266 605
266 677
266 682
266 17
266 32
266 56
266 58
266 87
266 93
266 103
266 108
266 127
266 148
266 151
266 167
266 176
266 180
266 208
266 213
266 221
266 233
266 244
266 252
266 256
266 258
266 270
266 275
266 287
266 312
266 332
266 616
267 360
267 412
267 424
267 483
267 516
267 523
267 566
267 583
267 586
267 662
267 0
267 14
267 42
267 67
267 90
267 98
267 146
267 151
267 180
267 187
267 269
267 271
267 275
267 295
267 303
267 310
267 316
267 323
267 324
267 344
267 617
268 377
268 526
268 587
268 621
268 20
268 21
268 50
268 89
268 99
268 108
268 113
268 118
268 124
268 164
268 189
268 192
268 195
268 248
268 257
268 272
268 276
268 283
268 308
268 313
268 335
268 338
268 343
268 346
268 618
269 361
269 370
269 408
269 445
269 451
269 474
269 512
269 610
269 652
269 690
269 31
269 38
269 46
269 50
269 80
269 81
269 108
269 112
269 120
269 127
269 135
269 146
269 150
269 158
269 178
269 182
269 184
269 197
269 210
269 233
269 267
269 274
269 296
269 299
269 309
269 334
269 337
269 338
269 346
269 619
270 357
270 403
270 420
270 559
270 592
270 634
270 660
270 661
270 8
270 10
270 22
270 41
270 74
270 78
270 104
270 125
270 128
270 159
270 164
270 172
270 174
270 185
270 198
270 204
270 212
270 234
270 266
270 288
270 295
270 310
270 320
270 327
270 334
270 620
271 374
271 411
271 440
271 441
271 500
271 521
271 578
271 657
271 685
271 0
271 13
271 38
271 53
271 87
271 95
271 98
271 117
271 141
271 145
271 155
271 163
271 172
271 190
271 194
271 218
271 221
271 226
271 253
271 254
271 262
271 267
271 291
271 309
271 315
271 621
272 398
272 404
272 420
272 467
272 591
272 677
272 684
272 14
272 22
272 35
272 40
272 61
272 66
272 92
272 95
272 108
272 120
272 122
272 141
272 157
272 186
272 195
272 197
272 202
272 208
272 222
272 225
272 227
272 236
272 238
272 264
272 268
272 278
272 283
272 304
272 622
273 411
273 434
273 447
273 546
273 661
273 20
273 45
273 67
273 76
273 94
273 124
273 126
273 165
273 175
273 217
273 287
273 623
274 499
274 506
274 637
274 658
274 15
274 60
274 108
274 126
274 137
274 145
274 162
274 164
274 165
274 176
274 186
274 207
274 227
274 242
274 245
274 269
274 280
274 324
274 624
275 371
275 518
275 580
275 587
275 661
275 11
275 17
275 31
275 47
275 71
275 86
275 123
275 128
275 138
275 146
275 164
275 166
275 173
275 220
275 248
275 250
275 266
275 267
275 288
275 294
275 313
275 330
275 347
275 625
276 418
276 607
276 655
276 663
276 670
276 683
276 686
276 26
276 29
276 65
276 74
276 91
276 94
276 97
276 100
276 105
276 110
276 142
276 153
276 163
276 164
276 192
276 217
276 218
276 248
276 268
276 343
276 626
277 560
277 654
277 686
277 30
277 33
277 48
277 62
277 65
277 96
277 120
277 144
277 178
277 180
277 196
277 205
277 221
277 230
277 236
277 241
277 242
277 289
277 294
277 335
277 343
277 627
278 351
278 467
278 530
278 602
278 677
278 688
278 11
278 14
278 18
278 49
278 56
278 59
278 70
278 121
278 147
278 170
278 198
278 200
278 208
278 220
278 223
278 239
278 255
278 262
278 272
278 292
278 309
278 341
278 628
279 371
279 401
279 425
279 492
279 539
279 554
279 629
279 38
279 61
279 71
279 76
279 79
279 84
279 99
279 113
279 115
279 118
279 147
279 178
279 201
279 213
279 314
279 324
279 334
280 353
280 361
280 385
280 411
280 412
280 446
280 468
280 558
280 591
280 48
280 59
280 103
280 109
280 123
280 125
280 139
280 163
280 166
280 228
280 274
280 308
280 338
280 340
280 630
281 385
281 516
281 20
281 48
281 82
281 89
281 94
281 106
281 107
281 108
281 116
281 124
281 153
281 169
281 189
281 199
281 204
281 206
281 211
281 228
281 240
281 250
281 262
281 300
281 303
281 321
281 339
281 631
282 355
282 363
282 370
282 393
282 447
282 552
282 606
282 669
282 692
282 1
282 14
282 66
282 74
282 87
282 93
282 115
282 126
282 140
282 150
282 156
282 173
282 213
282 228
282 242
282 248
282 297
282 304
282 337
282 632
283 458
283 468
283 496
283 548
283 568
283 573
283 579
283 661
283 685
283 11
283 26
283 41
283 43
283 59
283 62
283 79
283 85
283 87
283 96
283 120
283 128
283 132
283 160
283 189
283 200
283 205
283 234
283 249
283 264
283 268
283 272
283 286
283 319
283 348
283 349
283 633
284 406
284 411
284 486
284 493
284 498
284 531
284 547
284 614
284 653
284 57
284 65
284 75
284 76
284 92
284 111
284 132
284 167
284 198
284 209
284 212
284 215
284 226
284 240
284 242
284 251
284 256
284 333
284 634
285 491
285 520
285 543
285 599
285 2
285 6
285 46
285 47
285 50
285 66
285 80
285 105
285 129
285 133
285 147
285 159
285 182
285 191
285 221
285 228
285 230
285 240
285 293
285 318
285 320
285 346
285 635
286 354
286 374
286 392
286 417
286 459
286 531
286 601
286 625
286 697
286 23
286 24
286 39
286 50
286 52
286 64
286 81
286 93
286 100
286 146
286 169
286 179
286 191
286 207
286 215
286 222
286 230
286 232
286 233
286 235
286 252
286 283
286 338
286 339
286 636
287 399
287 462
287 570
287 579
287 621
287 632
287 654
287 659
287 22
287 65
287 76
287 93
287 108
287 110
287 123
287 185
287 201
287 203
287 214
287 224
287 242
287 249
287 264
287 266
287 273
287 302
287 316
287 335
287 342
287 637
288 431
288 449
288 468
288 489
288 569
288 602
288 625
288 2
288 20
288 48
288 80
288 109
288 118
288 130
288 147
288 192
288 201
288 202
288 221
288 234
288 242
288 243
288 247
288 263
288 270
288 275
288 307
288 332
288 339
288 343
288 638
289 374
289 393
289 434
289 496
289 499
289 548
289 640
289 660
289 697
289 53
289 59
289 65
289 90
289 106
289 112
289 119
289 125
289 145
289 159
289 162
289 177
289 178
289 186
289 219
289 244
289 260
289 265
289 277
289 309
289 312
289 317
289 332
289 338
289 639
290 370
290 383
290 427
290 589
290 11
290 14
290 20
290 23
290 51
290 65
290 72
290 73
290 78
290 124
290 129
290 142
290 210
290 219
290 231
290 238
290 244
290 249
290 258
290 307
290 308
290 315
290 340
290 347
290 640
291 360
291 490
291 547
291 559
291 615
291 680
291 11
291 15
291 17
291 53
291 54
291 81
291 107
291 108
291 117
291 141
291 164
291 167
291 168
291 169
291 187
291 224
291 233
291 234
291 249
291 260
291 271
291 302
291 309
291 317
291 324
291 325
291 344
291 641
292 359
292 379
292 388
292 391
292 454
292 693
292 2
292 10
292 16
292 20
292 31
292 57
292 82
292 85
292 86
292 150
292 197
292 209
292 212
292 222
292 247
292 262
292 278
292 310
292 642
293 417
293 428
293 460
293 495
293 531
293 546
293 570
293 602
293 618
293 12
293 13
293 39
293 42
293 57
293 75
293 87
293 92
293 94
293 115
293 127
293 148
293 175
293 191
293 204
293 210
293 259
293 285
293 324
293 335
293 344
293 347
293 643
294 464
294 474
294 568
294 582
294 585
294 591
294 623
294 697
294 10
294 28
294 53
294 62
294 139
294 141
294 163
294 208
294 224
294 275
294 277
294 311
294 644
295 428
295 486
295 520
295 528
295 596
295 633
295 646
295 10
295 62
295 94
295 97
295 108
295 178
295 190
295 198
295 206
295 211
295 215
295 260
295 267
295 270
295 298
295 328
295 645
296 438
296 483
296 504
296 520
296 668
296 684
296 8
296 26
296 54
296 68
296 76
296 80
296 82
296 93
296 98
296 112
296 114
296 143
296 147
296 153
296 192
296 211
296 221
296 255
296 269
296 306
296 325
296 329
296 332
296 646
297 457
297 572
297 13
297 14
297 24
297 68
297 111
297 136
297 143
297 161
297 199
297 208
297 215
297 218
297 220
297 282
297 303
297 324
297 647
298 566
298 577
298 600
298 5
298 19
298 23
298 24
298 37
298 65
298 76
298 82
298 125
298 126
298 163
298 205
298 214
298 237
298 248
298 251
298 261
298 295
298 323
298 343
298 648
299 354
299 423
299 432
299 437
299 512
299 585
299 593
299 2
299 13
299 44
299 52
299 60
299 63
299 100
299 107
299 171
299 182
299 191
299 192
299 194
299 204
299 210
299 269
299 649
300 430
300 441
300 444
300 576
300 675
300 3
300 4
300 26
300 59
300 66
300 82
300 84
300 95
300 108
300 157
300 179
300 184
300 186
300 206
300 254
300 281
300 307
300 312
300 329
300 330
300 333
300 337
300 349
300 650
301 404
301 469
301 557
301 5
301 17
301 30
301 46
301 50
301 56
301 91
301 125
301 171
301 194
301 199
301 216
301 236
301 246
301 248
301 249
301 259
301 308
301 312
301 314
301 330
301 336
301 651
302 558
302 608
302 688
302 689
302 73
302 78
302 117
302 161
302 166
302 245
302 264
302 287
302 291
302 314
302 320
302 327
302 330
302 342
302 343
302 344
302 346
302 347
302 348
302 652
303 381
303 404
303 531
303 552
303 571
303 600
303 620
303 20
303 28
303 76
303 77
303 80
303 110
303 138
303 139
303 147
303 157
303 186
303 206
303 209
303 212
303 226
303 234
303 255
303 267
303 281
303 297
303 325
303 327
303 334
303 337
303 653
304 372
304 382
304 497
304 503
304 541
304 583
304 615
304 633
304 653
304 0
304 4
304 5
304 24
304 32
304 42
304 49
304 70
304 96
304 101
304 141
304 144
304 172
304 175
304 185
304 230
304 272
304 282
304 311
304 318
304 329
304 333
304 654
305 362
305 372
305 380
305 388
305 395
305 498
305 584
305 2
305 11
305 23
305 44
305 46
305 57
305 73
305 110
305 150
305 151
305 153
305 157
305 171
305 195
305 228
305 233
305 241
305 243
305 246
305 265
305 306
305 321
305 332
305 349
305 655
306 517
306 585
306 590
306 602
306 3
306 42
306 58
306 64
306 94
306 97
306 105
306 133
306 138
306 148
306 151
306 163
306 203
306 206
306 254
306 296
306 305
306 340
306 656
307 415
307 425
307 428
307 486
307 502
307 514
307 517
307 537
307 601
307 603
307 648
307 679
307 20
307 21
307 22
307 29
307 51
307 73
307 98
307 103
307 104
307 120
307 122
307 139
307 150
307 154
307 162
307 184
307 193
307 223
307 235
307 250
307 288
307 290
307 300
307 327
307 657
308 359
308 458
308 481
308 518
308 526
308 570
308 582
308 667
308 9
308 51
308 67
308 85
308 89
308 94
308 102
308 106
308 115
308 160
308 168
308 175
308 179
308 199
308 218
308 224
308 225
308 227
308 229
308 241
308 249
308 251
308 255
308 268
308 280
308 290
308 301
308 316
308 323
308 346
308 658
309 359
309 374
309 441
309 460
309 525
309 609
309 659
309 98
309 153
309 202
309 214
309 263
309 269
309 271
309 278
309 289
309 291
309 320
309 334
309 349
310 520
310 605
310 618
310 645
310 681
310 0
310 9
310 10
310 16
310 26
310 40
310 48
310 51
310 53
310 72
310 83
310 90
310 101
310 102
310 110
310 133
310 142
310 153
310 162
310 164
310 171
310 176
310 186
310 196
310 205
310 207
310 212
310 267
310 270
310 292
310 322
310 348
310 660
311 356
311 361
311 498
311 519
311 521
311 555
311 658
311 660
311 16
311 34
311 38
311 49
311 50
311 61
311 81
311 102
311 119
311 147
311 168
311 190
311 201
311 216
311 226
311 231
311 239
311 254
311 258
311 294
311 304
311 318
311 319
311 328
311 338
311 661
312 394
312 416
312 419
312 499
312 510
312 568
312 627
312 661
312 6
312 39
312 69
312 102
312 149
312 186
312 222
312 249
312 253
312 266
312 289
312 300
312 301
312 319
312 662
313 399
313 526
313 528
313 603
313 675
313 683
313 31
313 77
313 81
313 100
313 106
313 121
313 143
313 159
313 167
313 171
313 193
313 215
313 243
313 262
313 268
313 275
313 327
313 663
314 559
314 664
314 10
314 39
314 47
314 64
314 76
314 123
314 177
314 193
314 243
314 249
314 261
314 265
314 279
314 301
314 302
314 339
314 342
315 370
315 374
315 380
315 443
315 479
315 512
315 533
315 603
315 8
315 19
315 23
315 34
315 63
315 88
315 94
315 119
315 137
315 140
315 178
315 182
315 184
315 194
315 235
315 237
315 249
315 257
315 271
315 290
315 665
316 499
316 546
316 699
316 7
316 10
316 15
316 22
316 68
316 74
316 87
316 104
316 150
316 155
316 157
316 175
316 186
316 188
316 195
316 243
316 267
316 287
316 308
316 322
316 323
316 666
317 389
317 440
317 512
317 528
317 536
317 589
317 609
317 627
317 674
317 3
317 27
317 29
317 35
317 36
317 39
317 108
317 132
317 163
317 165
317 175
317 208
317 213
317 246
317 257
317 261
317 289
317 291
317 324
317 344
317 348
317 667
318 425
318 427
318 660
318 688
318 691
318 4
318 46
318 52
318 60
318 63
318 64
318 66
318 97
318 106
318 112
318 118
318 170
318 174
318 212
318 238
318 249
318 251
318 253
318 254
318 263
318 285
318 304
318 311
318 329
318 668
319 352
319 359
319 401
319 435
319 564
319 599
319 617
319 673
319 674
319 5
319 11
319 21
319 46
319 49
319 52
319 60
319 79
319 86
319 100
319 113
319 128
319 130
319 159
319 171
319 175
319 207
319 211
319 243
319 248
319 250
319 251
319 263
319 283
319 311
319 312
319 321
319 669
320 426
320 487
320 528
320 568
320 573
320 608
320 20
320 41
320 50
320 88
320 90
320 93
320 118
320 133
320 134
320 137
320 217
320 242
320 243
320 254
320 259
320 270
320 285
320 302
320 309
320 324
320 331
320 670
321 375
321 396
321 403
321 406
321 417
321 447
321 509
321 516
321 520
321 535
321 539
321 549
321 617
321 638
321 658
321 694
321 699
321 17
321 89
321 105
321 176
321 206
321 207
321 209
321 229
321 281
321 305
321 319
321 344
321 671
322 406
322 407
322 469
322 495
322 533
322 570
322 607
322 635
322 636
322 638
322 10
322 43
322 106
322 157
322 178
322 219
322 232
322 247
322 310
322 316
322 324
322 334
322 672
323 361
323 371
323 407
323 473
323 476
323 521
323 544
323 551
323 557
323 19
323 20
323 26
323 46
323 63
323 67
323 105
323 115
323 160
323 172
323 186
323 204
323 209
323 213
323 249
323 263
323 265
323 267
323 298
323 308
323 316
323 324
323 331
323 340
323 349
323 673
324 470
324 471
324 494
324 515
324 555
324 557
324 640
324 1
324 9
324 68
324 79
324 92
324 113
324 132
324 156
324 160
324 165
324 235
324 242
324 247
324 248
324 267
324 274
324 279
324 291
324 293
324 297
324 317
324 320
324 322
324 323
324 347
324 674
325 359
325 370
325 432
325 514
325 533
325 631
325 687
325 3
325 10
325 19
325 52
325 60
325 65
325 72
325 79
325 87
325 109
325 110
325 147
325 150
325 154
325 165
325 193
325 195
325 218
325 291
325 296
325 303
325 338
325 339
325 347
325 675
326 398
326 470
326 474
326 478
326 509
326 538
326 573
326 586
326 590
326 696
326 14
326 25
326 38
326 42
326 55
326 61
326 85
326 112
326 120
326 145
326 188
326 203
326 206
326 207
326 232
326 238
326 259
326 336
326 337
326 676
327 362
327 370
327 526
327 535
327 589
327 625
327 4
327 13
327 33
327 52
327 69
327 87
327 99
327 110
327 190
327 230
327 241
327 245
327 270
327 302
327 303
327 307
327 313
327 677
328 392
328 409
328 411
328 434
328 527
328 595
328 604
328 640
328 659
328 29
328 44
328 55
328 66
328 93
328 97
328 129
328 132
328 133
328 139
328 194
328 204
328 210
328 211
328 226
328 232
328 247
328 249
328 264
328 295
328 311
328 678
329 359
329 362
329 383
329 417
329 483
329 491
329 501
329 675
329 7
329 39
329 50
329 61
329 72
329 89
329 109
329 114
329 118
329 124
329 172
329 176
329 179
329 188
329 225
329 296
329 300
329 304
329 318
329 679
330 351
330 396
330 406
330 421
330 463
330 483
330 555
330 577
330 639
330 652
330 51
330 64
330 68
330 83
330 106
330 126
330 161
330 169
330 178
330 181
330 196
330 199
330 240
330 242
330 251
330 252
330 258
330 263
330 275
330 300
330 301
330 302
330 346
330 680
331 351
331 391
331 392
331 396
331 469
331 474
331 554
331 605
331 611
331 624
331 673
331 685
331 697
331 14
331 20
331 24
331 26
331 44
331 53
331 56
331 63
331 67
331 94
331 106
331 114
331 142
331 147
331 223
331 249
331 320
331 323
331 681
332 390
332 415
332 509
332 545
332 636
332 4
332 52
332 74
332 86
332 135
332 162
332 170
332 181
332 185
332 188
332 222
332 249
332 250
332 254
332 266
332 288
332 289
332 296
332 305
332 340
332 345
332 682
333 350
333 465
333 33
333 92
333 139
333 140
333 161
333 162
333 167
333 207
333 232
333 238
333 244
333 248
333 284
333 300
333 304
333 334
333 349
333 683
334 405
334 412
334 500
334 586
334 654
334 656
334 691
334 694
334 7
334 19
334 34
334 47
334 99
334 110
334 116
334 125
334 173
334 212
334 239
334 244
334 265
334 269
334 270
334 279
334 303
334 309
334 322
334 333
334 684
335 373
335 383
335 426
335 452
335 470
335 525
335 555
335 595
335 644
335 11
335 43
335 67
335 88
335 109
335 138
335 161
335 191
335 198
335 201
335 202
335 207
335 227
335 265
335 268
335 277
335 287
335 293
335 349
335 685
336 477
336 489
336 530
336 560
336 587
336 593
336 632
336 5
336 34
336 57
336 85
336 87
336 117
336 169
336 184
336 196
336 201
336 211
336 215
336 216
336 222
336 243
336 245
336 246
336 255
336 301
336 326
336 339
336 686
337 363
337 586
337 587
337 610
337 679
337 36
337 44
337 58
337 66
337 85
337 97
337 102
337 129
337 136
337 154
337 237
337 248
337 261
337 262
337 269
337 282
337 300
337 303
337 326
337 687
338 357
338 406
338 460
338 462
338 520
338 529
338 532
338 591
338 38
338 58
338 82
338 103
338 121
338 159
338 163
338 173
338 175
338 193
338 202
338 216
338 268
338 269
338 280
338 286
338 289
338 311
338 325
338 340
338 688
339 350
339 400
339 436
339 482
339 498
339 523
339 531
339 562
339 611
339 624
339 13
339 51
339 63
339 85
339 89
339 95
339 121
339 124
339 125
339 132
339 147
339 155
339 158
339 185
339 187
339 200
339 210
339 220
339 223
339 224
339 231
339 251
339 263
339 281
339 286
339 288
339 314
339 325
339 336
339 347
339 689
340 432
340 457
340 472
340 531
340 554
340 645
340 658
340 23
340 55
340 74
340 76
340 82
340 84
340 91
340 104
340 106
340 121
340 140
340 161
340 174
340 240
340 255
340 280
340 290
340 306
340 323
340 332
340 338
340 690
341 466
341 512
341 562
341 591
341 614
341 22
341 29
341 35
341 37
341 41
341 45
341 74
341 79
341 90
341 104
341 106
341 112
341 137
341 140
341 143
341 198
341 204
341 234
341 278
341 342
341 346
341 691
342 398
342 413
342 420
342 455
342 529
342 659
342 696
342 6
342 26
342 31
342 36
342 43
342 96
342 107
342 114
342 149
342 170
342 173
342 238
342 240
342 243
342 254
342 264
342 287
342 302
342 314
342 341
342 692
343 390
343 430
343 491
343 552
343 575
343 646
343 683
343 6
343 13
343 18
343 34
343 55
343 109
343 155
343 156
343 200
343 208
343 230
343 236
343 268
343 276
343 277
343 288
343 298
343 302
343 693
344 371
344 547
344 649
344 13
344 57
344 61
344 76
344 101
344 105
344 106
344 123
344 126
344 167
344 184
344 194
344 215
344 221
344 232
344 243
344 251
344 267
344 291
344 293
344 302
344 317
344 321
344 346
344 694
345 406
345 429
345 462
345 570
345 594
345 595
345 611
345 676
345 3
345 21
345 36
345 44
345 47
345 51
345 63
345 65
345 78
345 96
345 102
345 125
345 141
345 190
345 210
345 233
345 235
345 242
345 249
345 252
345 259
345 332
345 695
346 379
346 409
346 452
346 457
346 502
346 526
346 538
346 696
346 47
346 61
346 82
346 88
346 148
346 169
346 170
346 228
346 230
346 238
346 240
346 241
346 268
346 269
346 285
346 302
346 308
346 330
346 341
346 344
347 378
347 421
347 519
347 523
347 592
347 628
347 33
347 43
347 48
347 58
347 61
347 104
347 112
347 128
347 145
347 153
347 170
347 174
347 175
347 177
347 178
347 188
347 190
347 256
347 264
347 265
347 275
347 290
347 293
347 302
347 324
347 325
347 339
347 697
348 354
348 392
348 431
348 462
348 497
348 544
348 560
348 595
348 624
348 687
348 25
348 28
348 34
348 36
348 48
348 60
348 72
348 108
348 128
348 134
348 153
348 159
348 170
348 177
348 201
348 203
348 204
348 224
348 283
348 302
348 310
348 317
348 698
349 360
349 388
349 391
349 401
349 406
349 646
349 12
349 38
349 43
349 111
349 122
349 142
349 170
349 186
349 190
349 213
349 222
349 238
349 262
349 283
349 300
349 305
349 309
349 323
349 333
349 335
349 699
350 19
350 34
350 100
350 255
350 333
350 339
350 0
351 65
351 93
351 100
351 171
351 194
351 278
351 330
351 331
351 1
352 31
352 102
352 109
352 145
352 186
352 319
352 2
353 5
353 24
353 98
353 141
353 210
353 242
353 257
353 280
353 3
354 11
354 109
354 130
354 158
354 266
354 286
354 299
354 348
354 4
355 165
355 222
355 242
355 249
355 250
355 262
355 282
355 5
356 74
356 184
356 186
356 311
356 6
357 97
357 108
357 132
357 172
357 208
357 212
357 246
357 270
357 338
357 7
358 24
358 40
358 91
358 165
358 176
358 187
358 201
358 265
358 8
359 14
359 37
359 67
359 80
359 148
359 169
359 170
359 206
359 292
359 308
359 309
359 319
359 325
359 329
359 9
360 27
360 81
360 82
360 95
360 110
360 147
360 218
360 220
360 267
360 291
360 349
360 10
361 3
361 37
361 40
361 70
361 71
361 151
361 176
361 181
361 243
361 246
361 269
361 280
361 311
361 323
361 11
362 4
362 68
362 103
362 119
362 137
362 149
362 240
362 252
362 305
362 327
362 329
362 12
363 156
363 249
363 282
363 337
363 13
364 40
364 162
364 14
365 58
365 102
365 215
365 233
365 243
365 15
366 36
366 79
366 107
366 176
366 219
366 16
367 74
367 170
367 189
367 230
367 262
367 17
368 61
368 107
368 141
368 165
368 177
368 183
368 204
368 18
369 117
369 137
369 142
369 187
369 247
369 19
370 25
370 75
370 85
370 113
370 164
370 217
370 266
370 269
370 282
370 290
370 315
370 325
370 327
370 20
371 16
371 37
371 77
371 79
371 136
371 199
371 275
371 279
371 323
371 344
371 21
372 162
372 166
372 202
372 207
372 232
372 252
372 304
372 305
372 22
373 44
373 112
373 164
373 241
373 335
373 23
374 1
374 44
374 50
374 121
374 224
374 271
374 286
374 289
374 309
374 315
374 24
375 96
375 182
375 195
375 321
375 25
376 4
376 67
376 140
376 199
376 26
377 38
377 39
377 53
377 117
377 206
377 268
377 27
378 9
378 98
378 114
378 124
378 141
378 256
378 261
378 347
378 28
379 6
379 42
379 126
379 206
379 236
379 292
379 346
379 29
380 219
380 265
380 305
380 315
380 30
381 3
381 22
381 126
381 174
381 217
381 246
381 303
381 31
382 3
382 23
382 54
382 139
382 216
382 304
382 32
383 90
383 139
383 161
383 221
383 258
383 290
383 329
383 335
383 33
384 119
384 145
384 173
384 227
384 228
384 34
385 12
385 27
385 145
385 236
385 249
385 280
385 281
385 35
386 8
386 31
386 51
386 75
386 112
386 120
386 181
386 194
386 207
386 213
386 36
387 15
387 87
387 217
387 219
387 222
387 231
387 239
387 260
387 37
388 10
388 44
388 46
388 102
388 131
388 292
388 305
388 349
388 38
389 62
389 86
389 96
389 104
389 124
389 145
389 221
389 243
389 317
389 39
390 16
390 25
390 98
390 104
390 332
390 343
390 40
391 22
391 292
391 331
391 349
391 41
392 67
392 82
392 122
392 188
392 286
392 328
392 331
392 348
392 42
393 46
393 52
393 78
393 111
393 120
393 138
393 150
393 177
393 282
393 289
393 43
394 37
394 51
394 59
394 101
394 117
394 159
394 240
394 250
394 312
394 44
395 35
395 106
395 246
395 305
395 45
396 162
396 211
396 321
396 330
396 331
396 46
397 5
397 25
397 194
397 216
397 236
397 47
398 19
398 145
398 190
398 235
398 272
398 326
398 342
398 48
399 62
399 136
399 208
399 209
399 266
399 287
399 313
399 49
400 5
400 57
400 74
400 143
400 339
400 50
401 4
401 36
401 49
401 50
401 119
401 134
401 189
401 200
401 279
401 319
401 349
401 51
402 9
402 23
402 57
402 121
402 136
402 149
402 161
402 185
402 195
402 231
402 257
402 52
403 13
403 95
403 187
403 211
403 223
403 270
403 321
403 53
404 21
404 48
404 83
404 105
404 140
404 227
404 234
404 250
404 272
404 301
404 303
404 54
405 44
405 85
405 119
405 171
405 177
405 334
405 55
406 1
406 9
406 100
406 135
406 181
406 195
406 227
406 236
406 250
406 284
406 321
406 322
406 330
406 338
406 345
406 349
406 56
407 86
407 118
407 122
407 127
407 152
407 322
407 323
407 57
408 0
408 15
408 22
408 26
408 123
408 127
408 214
408 257
408 258
408 269
408 58
409 9
409 47
409 91
409 202
409 215
409 240
409 242
409 328
409 346
409 59
410 93
410 144
410 164
410 167
410 176
410 179
410 60
411 11
411 29
411 49
411 85
411 121
411 182
411 240
411 261
411 271
411 273
411 280
411 284
411 328
411 61
412 20
412 48
412 49
412 63
412 135
412 167
412 169
412 191
412 200
412 221
412 235
412 254
412 267
412 280
412 334
412 62
413 52
413 143
413 261
413 342
413 63
414 64
414 89
414 128
414 203
414 207
414 212
414 253
415 67
415 69
415 138
415 160
415 195
415 261
415 307
415 332
415 65
416 11
416 24
416 73
416 121
416 129
416 146
416 147
416 148
416 222
416 266
416 312
416 66
417 10
417 22
417 93
417 102
417 103
417 130
417 136
417 163
417 207
417 258
417 286
417 293
417 321
417 329
417 67
418 63
418 98
418 134
418 175
418 185
418 254
418 276
418 68
419 0
419 13
419 159
419 312
419 69
420 14
420 94
420 133
420 160
420 270
420 272
420 342
420 70
421 53
421 83
421 98
421 124
421 223
421 231
421 330
421 347
421 71
422 77
422 78
422 72
423 25
423 131
423 219
423 299
423 73
424 198
424 214
424 246
424 253
424 267
424 74
425 24
425 98
425 279
425 307
425 318
425 75
426 153
426 187
426 320
426 335
426 76
427 32
427 60
427 131
427 221
427 228
427 290
427 318
427 77
428 3
428 143
428 160
428 167
428 204
428 226
428 235
428 293
428 295
428 307
428 78
429 104
429 119
429 246
429 345
429 79
430 33
430 36
430 155
430 166
430 180
430 230
430 244
430 300
430 343
430 80
431 10
431 34
431 67
431 101
431 121
431 212
431 222
431 227
431 239
431 288
431 348
431 81
432 16
432 66
432 119
432 165
432 252
432 299
432 325
432 340
432 82
433 8
433 127
433 134
433 153
433 256
433 262
433 265
433 83
434 30
434 63
434 97
434 138
434 175
434 273
434 289
434 328
434 84
435 158
435 214
435 319
435 85
436 179
436 213
436 224
436 254
436 339
436 86
437 69
437 188
437 215
437 217
437 220
437 257
437 299
437 87
438 1
438 6
438 24
438 208
438 246
438 296
438 88
439 43
439 83
439 115
439 128
439 145
439 166
439 219
439 256
439 89
440 13
440 17
440 44
440 49
440 63
440 89
440 102
440 106
440 117
440 122
440 209
440 215
440 233
440 271
440 317
440 90
441 128
441 164
441 250
441 271
441 300
441 309
441 91
442 24
442 68
442 96
442 133
442 183
442 196
442 216
442 245
442 92
443 48
443 188
443 211
443 315
443 93
444 79
444 300
444 94
445 43
445 59
445 65
445 118
445 269
445 95
446 13
446 28
446 84
446 103
446 158
446 204
446 207
446 280
446 96
447 161
447 185
447 191
447 211
447 273
447 282
447 321
447 97
448 3
448 7
448 99
448 119
448 134
448 198
448 98
449 22
449 131
449 152
449 218
449 227
449 265
449 288
449 99
450 28
450 83
450 85
450 119
450 141
450 214
450 224
450 241
450 100
451 13
451 92
451 128
451 191
451 231
451 235
451 269
451 101
452 107
452 109
452 115
452 154
452 179
452 245
452 335
452 346
452 102
453 9
453 31
453 63
453 190
453 255
453 103
454 23
454 33
454 72
454 184
454 187
454 207
454 213
454 261
454 292
454 104
455 40
455 232
455 240
455 259
455 342
455 105
456 2
456 22
456 57
456 101
456 163
456 175
456 242
456 249
456 106
457 6
457 9
457 21
457 22
457 34
457 120
457 159
457 179
457 243
457 266
457 297
457 340
457 346
457 107
458 14
458 156
458 160
458 170
458 196
458 283
458 308
458 108
459 47
459 130
459 161
459 246
459 286
459 109
460 95
460 97
460 163
460 293
460 309
460 338
460 110
461 27
461 29
461 75
461 153
461 165
461 239
461 241
461 262
461 111
462 98
462 112
462 185
462 194
462 287
462 338
462 345
462 348
463 9
463 53
463 64
463 123
463 158
463 262
463 330
463 113
464 99
464 130
464 197
464 199
464 220
464 252
464 259
464 262
464 294
464 114
465 159
465 333
465 115
466 158
466 163
466 173
466 212
466 221
466 229
466 341
466 116
467 47
467 55
467 150
467 155
467 173
467 221
467 228
467 272
467 278
467 117
468 43
468 46
468 93
468 211
468 280
468 283
468 288
468 118
469 165
469 229
469 245
469 301
469 322
469 331
469 119
470 45
470 137
470 142
470 256
470 324
470 326
470 335
470 120
471 0
471 120
471 185
471 324
471 121
472 40
472 44
472 340
472 122
473 61
473 73
473 127
473 145
473 148
473 241
473 323
473 123
474 79
474 116
474 197
474 269
474 294
474 326
474 331
474 124
475 16
475 41
475 53
475 80
475 98
475 126
475 176
475 255
475 125
476 45
476 100
476 132
476 188
476 323
476 126
477 89
477 119
477 131
477 199
477 220
477 336
477 127
478 0
478 90
478 179
478 326
478 128
479 11
479 85
479 94
479 109
479 183
479 225
479 315
479 129
480 4
480 60
480 115
480 123
480 149
480 201
480 256
480 130
481 44
481 53
481 63
481 78
481 109
481 110
481 148
481 160
481 192
481 215
481 308
481 131
482 60
482 104
482 109
482 124
482 172
482 181
482 189
482 233
482 339
482 132
483 52
483 91
483 168
483 175
483 216
483 267
483 296
483 329
483 330
483 133
484 21
484 224
484 239
484 134
485 28
485 57
485 75
485 126
485 135
486 23
486 72
486 76
486 183
486 284
486 295
486 307
486 136
487 26
487 167
487 207
487 320
487 137
488 85
488 125
488 175
488 182
488 244
488 258
488 138
489 33
489 34
489 288
489 336
489 139
490 0
490 54
490 69
490 105
490 162
490 189
490 204
490 205
490 291
490 140
491 19
491 92
491 147
491 211
491 226
491 248
491 285
491 329
491 343
491 141
492 25
492 113
492 179
492 279
492 142
493 9
493 46
493 150
493 175
493 196
493 241
493 246
493 284
493 143
494 110
494 116
494 157
494 161
494 324
494 144
495 70
495 80
495 147
495 293
495 322
495 145
496 101
496 119
496 159
496 161
496 203
496 245
496 246
496 283
496 289
496 146
497 1
497 108
497 138
497 154
497 186
497 198
497 304
497 348
497 147
498 24
498 79
498 92
498 99
498 218
498 242
498 248
498 284
498 305
498 311
498 339
498 148
499 5
499 12
499 55
499 68
499 77
499 154
499 230
499 274
499 289
499 312
499 316
499 149
500 23
500 29
500 90
500 152
500 155
500 157
500 158
500 253
500 271
500 334
500 150
501 11
501 30
501 45
501 100
501 186
501 196
501 243
501 329
501 151
502 8
502 30
502 114
502 140
502 183
502 197
502 212
502 222
502 307
502 346
502 152
503 4
503 304
503 153
504 67
504 89
504 114
504 143
504 194
504 296
504 154
505 3
505 173
505 197
505 155
506 68
506 95
506 102
506 160
506 166
506 187
506 250
506 257
506 274
506 156
507 38
507 41
507 112
507 113
507 203
507 216
507 220
507 157
508 80
508 227
508 233
508 264
508 158
509 3
509 105
509 132
509 145
509 151
509 198
509 236
509 321
509 326
509 332
509 159
510 63
510 66
510 141
510 151
510 163
510 204
510 206
510 207
510 312
510 160
511 14
511 67
511 83
511 102
511 173
511 212
511 221
511 248
511 252
511 161
512 14
512 51
512 194
512 264
512 269
512 299
512 315
512 317
512 341
512 162
513 12
513 33
513 72
513 108
513 118
513 119
513 153
513 207
513 163
514 15
514 116
514 234
514 265
514 307
514 325
514 164
515 48
515 99
515 115
515 123
515 175
515 178
515 190
515 324
515 165
516 63
516 71
516 81
516 143
516 179
516 207
516 210
516 267
516 281
516 321
516 166
517 24
517 32
517 152
517 153
517 164
517 196
517 306
517 307
517 167
518 1
518 110
518 119
518 231
518 243
518 275
518 308
518 168
519 149
519 172
519 239
519 311
519 347
519 169
520 22
520 27
520 124
520 164
520 169
520 224
520 285
520 295
520 296
520 310
520 321
520 338
520 170
521 271
521 311
521 323
521 171
522 161
522 237
522 172
523 118
523 194
523 251
523 267
523 339
523 347
523 173
524 31
524 123
524 221
524 174
525 23
525 33
525 119
525 132
525 140
525 193
525 203
525 214
525 254
525 309
525 335
525 175
526 218
526 248
526 268
526 308
526 313
526 327
526 346
526 176
527 165
527 171
527 224
527 328
527 177
528 16
528 47
528 129
528 139
528 174
528 230
528 248
528 258
528 295
528 313
528 317
528 320
528 178
529 0
529 7
529 86
529 112
529 178
529 200
529 243
529 244
529 248
529 338
529 342
529 179
530 16
530 63
530 278
530 336
530 180
531 3
531 32
531 63
531 119
531 137
531 177
531 208
531 284
531 286
531 293
531 303
531 339
531 340
531 181
532 41
532 74
532 132
532 257
532 338
532 182
533 131
533 200
533 208
533 215
533 266
533 315
533 322
533 325
533 183
534 18
534 42
534 106
534 140
534 205
534 184
535 1
535 39
535 148
535 174
535 206
535 222
535 232
535 240
535 241
535 321
535 327
535 185
536 31
536 40
536 80
536 120
536 263
536 317
536 186
537 6
537 68
537 224
537 236
537 307
537 187
538 24
538 53
538 151
538 239
538 326
538 346
538 188
539 14
539 50
539 91
539 98
539 202
539 243
539 279
539 321
539 189
540 11
540 27
540 34
540 75
540 80
540 115
540 136
540 207
540 210
540 228
540 236
540 190
541 5
541 151
541 304
541 191
542 14
542 30
542 34
542 58
542 92
542 178
542 192
543 65
543 233
543 249
543 285
543 193
544 5
544 129
544 214
544 323
544 348
544 194
545 29
545 109
545 117
545 140
545 193
545 332
545 195
546 22
546 32
546 111
546 114
546 140
546 158
546 231
546 273
546 293
546 316
546 196
547 15
547 57
547 214
547 220
547 245
547 284
547 291
547 344
547 197
548 5
548 76
548 95
548 221
548 283
548 289
548 198
549 27
549 166
549 264
549 321
549 199
550 98
550 176
550 261
550 200
551 37
551 99
551 103
551 173
551 200
551 207
551 323
551 201
552 8
552 25
552 58
552 118
552 216
552 256
552 282
552 303
552 343
552 202
553 98
553 143
553 146
553 153
553 158
553 194
553 201
553 231
553 249
553 203
554 70
554 226
554 279
554 331
554 340
554 204
555 5
555 26
555 50
555 61
555 132
555 157
555 165
555 213
555 215
555 311
555 324
555 330
555 335
555 205
556 65
556 215
556 217
556 249
556 206
557 140
557 185
557 301
557 323
557 324
557 207
558 30
558 84
558 133
558 165
558 175
558 187
558 211
558 241
558 280
558 302
558 208
559 41
559 60
559 85
559 94
559 199
559 270
559 291
559 314
559 209
560 78
560 94
560 127
560 201
560 225
560 242
560 248
560 277
560 336
560 348
560 210
561 99
561 191
561 256
561 211
562 66
562 73
562 77
562 113
562 119
562 134
562 141
562 170
562 244
562 258
562 339
562 341
562 212
563 34
563 51
563 108
563 156
563 164
563 217
563 224
563 252
563 213
564 30
564 129
564 183
564 218
564 319
564 214
565 3
565 101
565 128
565 176
565 194
565 215
566 74
566 125
566 140
566 141
566 153
566 189
566 193
566 195
566 221
566 267
566 298
566 216
567 88
567 217
568 39
568 56
568 89
568 209
568 212
568 283
568 294
568 312
568 320
568 218
569 83
569 104
569 195
569 204
569 226
569 241
569 288
569 219
570 33
570 58
570 117
570 147
570 287
570 293
570 308
570 322
570 345
570 220
571 52
571 58
571 145
571 171
571 303
571 221
572 80
572 114
572 256
572 297
572 222
573 61
573 140
573 283
573 320
573 326
573 223
574 150
574 203
574 232
574 224
575 21
575 25
575 64
575 110
575 137
575 173
575 343
575 225
576 61
576 81
576 130
576 182
576 300
576 226
577 254
577 298
577 330
577 227
578 35
578 199
578 200
578 271
578 228
579 35
579 58
579 97
579 107
579 127
579 191
579 283
579 287
579 229
580 50
580 82
580 173
580 275
580 230
581 22
581 118
581 181
581 195
581 225
581 231
582 49
582 98
582 168
582 191
582 238
582 266
582 294
582 308
582 232
583 32
583 101
583 257
583 267
583 304
583 233
584 135
584 204
584 232
584 241
584 305
584 234
585 32
585 263
585 294
585 299
585 306
585 235
586 2
586 19
586 192
586 222
586 260
586 267
586 326
586 334
586 337
586 236
587 107
587 163
587 176
587 263
587 268
587 275
587 336
587 337
587 237
588 60
588 69
588 139
588 238
589 13
589 24
589 55
589 80
589 130
589 145
589 166
589 254
589 263
589 290
589 317
589 327
589 239
590 22
590 23
590 33
590 42
590 48
590 73
590 206
590 236
590 249
590 306
590 326
590 240
591 221
591 272
591 280
591 294
591 338
591 341
591 241
592 27
592 40
592 79
592 123
592 178
592 182
592 266
592 270
592 347
592 242
593 73
593 142
593 176
593 197
593 204
593 299
593 336
593 243
594 17
594 64
594 82
594 118
594 129
594 152
594 166
594 263
594 345
594 244
595 8
595 41
595 59
595 140
595 206
595 239
595 328
595 335
595 345
595 348
595 245
596 26
596 27
596 49
596 53
596 176
596 260
596 295
596 246
597 26
597 35
597 38
597 220
597 247
598 41
598 109
598 145
598 160
598 239
598 248
599 104
599 218
599 259
599 285
599 319
599 249
600 23
600 28
600 69
600 92
600 141
600 146
600 151
600 174
600 226
600 241
600 298
600 303
600 250
601 1
601 209
601 210
601 286
601 307
601 251
602 118
602 179
602 194
602 206
602 208
602 243
602 278
602 288
602 293
602 306
602 252
603 8
603 11
603 29
603 108
603 131
603 307
603 313
603 315
603 253
604 110
604 175
604 181
604 251
604 328
604 254
605 23
605 42
605 152
605 222
605 261
605 266
605 310
605 331
605 255
606 47
606 53
606 68
606 154
606 180
606 189
606 205
606 282
606 256
607 18
607 48
607 67
607 173
607 174
607 197
607 200
607 276
607 322
607 257
608 12
608 32
608 85
608 130
608 131
608 177
608 241
608 302
608 320
608 258
609 78
609 235
609 309
609 317
609 259
610 86
610 254
610 269
610 337
610 260
611 0
611 45
611 64
611 169
611 178
611 206
611 224
611 226
611 240
611 331
611 339
611 345
611 261
612 7
612 34
612 54
612 67
612 130
612 259
612 262
613 3
613 50
613 58
613 69
613 80
613 148
613 160
613 189
613 236
613 250
613 263
614 4
614 90
614 96
614 102
614 106
614 221
614 228
614 255
614 284
614 341
614 264
615 67
615 71
615 134
615 174
615 208
615 257
615 265
615 291
615 304
616 24
616 37
616 47
616 51
616 98
616 108
616 133
616 167
616 205
616 215
616 266
617 70
617 192
617 195
617 227
617 233
617 256
617 319
617 321
617 267
618 1
618 23
618 38
618 82
618 293
618 310
618 268
619 10
619 18
619 33
619 71
619 105
619 108
619 109
619 122
619 172
619 184
619 231
619 237
619 240
619 255
619 269
620 64
620 143
620 209
620 214
620 216
620 303
620 270
621 17
621 179
621 205
621 220
621 268
621 287
621 271
622 22
622 26
622 43
622 184
622 199
622 234
622 272
623 0
623 135
623 222
623 237
623 294
623 273
624 34
624 104
624 150
624 251
624 331
624 339
624 348
624 274
625 17
625 28
625 66
625 94
625 103
625 131
625 217
625 256
625 286
625 288
625 327
625 275
626 24
626 42
626 124
626 276
627 99
627 115
627 161
627 202
627 213
627 225
627 236
627 240
627 241
627 255
627 260
627 312
627 317
627 277
628 24
628 35
628 260
628 347
628 278
629 5
629 22
629 30
629 59
629 197
629 204
629 279
630 27
630 95
630 118
630 162
630 245
630 280
631 7
631 60
631 75
631 78
631 143
631 214
631 325
631 281
632 171
632 209
632 287
632 336
632 282
633 35
633 63
633 118
633 154
633 161
633 180
633 203
633 295
633 304
633 283
634 31
634 37
634 45
634 114
634 115
634 151
634 158
634 194
634 239
634 270
634 284
635 30
635 65
635 182
635 241
635 322
635 285
636 4
636 19
636 46
636 89
636 322
636 332
636 286
637 11
637 18
637 138
637 274
637 287
638 1
638 32
638 51
638 87
638 163
638 225
638 261
638 321
638 322
638 288
639 22
639 133
639 140
639 141
639 178
639 214
639 236
639 330
639 289
640 37
640 90
640 133
640 182
640 251
640 289
640 324
640 328
640 290
641 19
641 28
641 45
641 56
641 67
641 137
641 194
641 215
641 291
642 28
642 137
642 165
642 216
642 292
643 12
643 24
643 29
643 109
643 235
643 293
644 14
644 113
644 335
644 294
645 44
645 48
645 62
645 176
645 177
645 219
645 237
645 310
645 340
645 295
646 1
646 19
646 64
646 131
646 166
646 235
646 295
646 343
646 349
646 296
647 15
647 69
647 123
647 131
647 132
647 174
647 200
647 236
647 250
647 297
648 11
648 16
648 45
648 83
648 154
648 222
648 307
648 298
649 1
649 87
649 115
649 154
649 344
649 299
650 41
650 300
651 10
651 35
651 46
651 49
651 56
651 210
651 301
652 103
652 135
652 269
652 330
652 302
653 6
653 70
653 115
653 202
653 241
653 284
653 304
653 303
654 29
654 30
654 48
654 53
654 119
654 134
654 149
654 171
654 256
654 277
654 287
654 334
654 304
655 13
655 15
655 35
655 104
655 107
655 112
655 160
655 200
655 276
655 305
656 84
656 90
656 156
656 186
656 262
656 334
656 306
657 61
657 166
657 175
657 200
657 234
657 271
657 307
658 81
658 84
658 143
658 156
658 274
658 311
658 321
658 340
658 308
659 85
659 87
659 172
659 216
659 234
659 251
659 287
659 309
659 328
659 342
660 28
660 109
660 130
660 163
660 164
660 239
660 270
660 289
660 311
660 318
660 310
661 50
661 52
661 104
661 149
661 270
661 273
661 275
661 283
661 312
661 311
662 11
662 67
662 99
662 126
662 148
662 155
662 246
662 267
662 312
663 20
663 23
663 99
663 175
663 210
663 226
663 276
663 313
664 54
664 71
664 76
664 90
664 99
664 115
664 143
664 149
664 151
664 200
664 314
665 55
665 69
665 77
665 92
665 122
665 149
665 155
665 244
665 245
665 315
666 49
666 158
666 169
666 316
667 11
667 98
667 194
667 256
667 308
667 317
668 12
668 60
668 83
668 111
668 227
668 296
668 318
669 22
669 90
669 110
669 166
669 175
669 176
669 184
669 199
669 255
669 282
669 319
670 31
670 66
670 276
670 320
671 26
671 28
671 48
671 74
671 80
671 110
671 219
671 228
671 321
672 185
672 219
672 262
672 322
673 139
673 158
673 189
673 208
673 212
673 220
673 319
673 331
673 323
674 65
674 114
674 153
674 157
674 188
674 191
674 204
674 317
674 319
674 324
675 29
675 58
675 195
675 204
675 215
675 224
675 300
675 313
675 329
675 325
676 10
676 28
676 68
676 92
676 140
676 192
676 345
676 326
677 48
677 164
677 181
677 266
677 272
677 278
677 327
678 20
678 85
678 215
678 328
679 58
679 93
679 138
679 139
679 144
679 213
679 225
679 236
679 307
679 337
679 329
680 39
680 63
680 156
680 161
680 175
680 291
680 330
681 30
681 86
681 181
681 226
681 232
681 246
681 261
681 310
681 331
682 76
682 96
682 118
682 142
682 211
682 238
682 255
682 258
682 266
682 332
683 24
683 47
683 108
683 135
683 225
683 276
683 313
683 343
683 333
684 18
684 32
684 48
684 173
684 178
684 252
684 272
684 296
684 334
685 87
685 113
685 167
685 199
685 271
685 283
685 331
685 335
686 52
686 242
686 276
686 277
686 336
687 17
687 26
687 52
687 56
687 106
687 132
687 143
687 147
687 168
687 224
687 244
687 325
687 348
687 337
688 10
688 16
688 101
688 216
688 224
688 245
688 256
688 278
688 302
688 318
688 338
689 20
689 78
689 122
689 140
689 173
689 186
689 230
689 237
689 302
689 339
690 57
690 225
690 255
690 269
690 340
691 21
691 164
691 255
691 261
691 318
691 334
691 341
692 37
692 84
692 118
692 151
692 160
692 163
692 282
692 342
693 41
693 92
693 113
693 138
693 292
693 343
694 5
694 100
694 141
694 142
694 199
694 219
694 242
694 321
694 334
694 344
695 82
695 117
695 345
696 57
696 63
696 92
696 222
696 232
696 326
696 342
696 346
697 103
697 191
697 197
697 211
697 286
697 289
697 294
697 331
697 347
698 133
698 167
698 183
698 204
698 348
699 88
699 122
699 177
699 263
699 316
699 321
699 349
