  200   1306
0 149
0 148
0 1
0 6
0 10
0 17
0 31
0 47
0 51
0 62
0 73
0 80
0 96
0 100
1 150
1 149
1 0
1 3
1 5
1 10
1 11
1 12
1 16
1 22
1 23
1 30
1 38
1 42
1 48
1 50
1 52
1 70
1 73
1 78
1 79
1 83
1 87
1 88
1 98
1 101
2 152
2 150
2 4
2 9
2 11
2 13
2 18
2 23
2 26
2 35
2 40
2 49
2 54
2 56
2 63
2 65
2 84
2 87
2 89
2 91
2 95
2 102
3 153
3 152
3 1
3 9
3 21
3 31
3 35
3 36
3 38
3 42
3 46
3 58
3 59
3 62
3 64
3 69
3 83
3 89
3 91
3 95
3 103
4 189
4 2
4 6
4 12
4 15
4 17
4 20
4 32
4 35
4 43
4 47
4 51
4 55
4 58
4 67
4 68
4 72
4 73
4 82
4 88
4 89
4 91
4 96
4 104
5 121
5 1
5 6
5 7
5 11
5 20
5 23
5 26
5 36
5 37
5 42
5 43
5 46
5 48
5 62
5 63
5 65
5 68
5 77
5 79
5 80
5 81
5 105
6 160
6 0
6 4
6 5
6 10
6 12
6 15
6 17
6 19
6 26
6 28
6 33
6 34
6 38
6 46
6 47
6 57
6 60
6 62
6 78
6 82
6 85
6 89
6 94
6 98
6 106
7 101
7 142
7 155
7 5
7 21
7 27
7 28
7 47
7 49
7 53
7 55
7 57
7 61
7 70
7 74
7 107
8 154
8 153
8 9
8 17
8 30
8 37
8 40
8 45
8 47
8 50
8 53
8 58
8 59
8 65
8 68
8 76
8 80
8 85
8 86
8 87
8 94
8 95
8 99
8 108
9 118
9 2
9 3
9 8
9 20
9 31
9 32
9 47
9 54
9 56
9 58
9 60
9 65
9 66
9 67
9 77
9 81
9 82
9 83
9 90
9 96
9 99
9 109
10 170
10 0
10 1
10 6
10 14
10 19
10 31
10 41
10 42
10 43
10 52
10 53
10 54
10 64
10 70
10 79
10 80
10 85
10 88
10 90
10 110
11 178
11 1
11 2
11 5
11 12
11 23
11 27
11 33
11 35
11 40
11 44
11 56
11 77
11 79
11 81
11 88
11 95
11 111
12 157
12 154
12 1
12 4
12 6
12 11
12 16
12 28
12 40
12 44
12 47
12 56
12 62
12 65
12 67
12 74
12 77
12 86
12 89
12 112
13 175
13 2
13 14
13 20
13 27
13 36
13 37
13 39
13 40
13 42
13 43
13 46
13 51
13 55
13 57
13 60
13 62
13 64
13 65
13 90
13 91
13 94
13 113
14 158
14 157
14 10
14 13
14 19
14 20
14 24
14 33
14 35
14 45
14 47
14 49
14 50
14 52
14 56
14 60
14 61
14 65
14 69
14 70
14 82
14 94
14 95
14 97
14 114
15 189
15 4
15 6
15 16
15 20
15 22
15 38
15 43
15 58
15 60
15 69
15 71
15 86
15 91
15 98
15 115
16 193
16 1
16 12
16 15
16 17
16 22
16 29
16 30
16 47
16 49
16 51
16 55
16 61
16 63
16 79
16 90
16 91
16 116
17 119
17 0
17 4
17 6
17 8
17 16
17 29
17 34
17 38
17 46
17 47
17 54
17 64
17 73
17 83
17 85
17 117
18 159
18 158
18 2
18 21
18 26
18 27
18 28
18 31
18 32
18 33
18 44
18 52
18 58
18 60
18 80
18 83
18 84
18 85
18 90
18 94
18 118
19 168
19 198
19 6
19 10
19 14
19 33
19 36
19 39
19 48
19 51
19 62
19 75
19 76
19 80
19 84
19 91
19 99
19 119
20 182
20 4
20 5
20 9
20 13
20 14
20 15
20 25
20 29
20 31
20 35
20 43
20 46
20 47
20 51
20 55
20 60
20 62
20 65
20 70
20 77
20 80
20 81
20 85
20 87
20 96
20 120
21 156
21 3
21 7
21 18
21 26
21 32
21 41
21 44
21 46
21 52
21 54
21 55
21 59
21 65
21 66
21 71
21 79
21 86
21 90
21 93
21 121
22 160
22 159
22 1
22 15
22 16
22 27
22 31
22 35
22 43
22 59
22 62
22 67
22 76
22 80
22 85
22 89
22 91
22 95
22 122
23 161
23 160
23 1
23 2
23 5
23 11
23 28
23 39
23 40
23 43
23 50
23 61
23 62
23 65
23 69
23 80
23 82
23 84
23 91
23 93
23 99
23 123
24 152
24 14
24 28
24 29
24 40
24 45
24 57
24 59
24 61
24 82
24 84
24 85
24 88
24 95
24 124
25 162
25 161
25 20
25 27
25 28
25 29
25 38
25 44
25 51
25 53
25 65
25 69
25 71
25 77
25 79
25 85
25 93
25 125
26 120
26 136
26 2
26 5
26 6
26 18
26 21
26 30
26 31
26 54
26 55
26 59
26 64
26 65
26 66
26 74
26 75
26 86
26 87
26 90
26 92
26 95
26 126
27 152
27 7
27 11
27 13
27 18
27 22
27 25
27 30
27 31
27 35
27 37
27 38
27 45
27 47
27 53
27 56
27 59
27 66
27 70
27 74
27 81
27 82
27 83
27 85
27 86
27 95
27 97
27 98
27 127
28 107
28 6
28 7
28 12
28 18
28 23
28 24
28 25
28 31
28 32
28 33
28 40
28 42
28 45
28 48
28 62
28 83
28 84
28 94
28 96
28 128
29 128
29 16
29 17
29 20
29 24
29 25
29 30
29 41
29 47
29 52
29 53
29 55
29 59
29 68
29 70
29 75
29 78
29 82
29 89
29 92
29 96
29 97
29 129
30 163
30 162
30 1
30 8
30 16
30 26
30 27
30 29
30 44
30 52
30 54
30 58
30 64
30 66
30 67
30 71
30 75
30 76
30 77
30 84
30 88
30 93
30 94
30 95
30 130
31 124
31 0
31 3
31 9
31 10
31 18
31 20
31 22
31 26
31 27
31 28
31 36
31 38
31 60
31 61
31 69
31 71
31 72
31 92
31 97
31 98
31 131
32 164
32 163
32 4
32 9
32 18
32 21
32 28
32 40
32 48
32 50
32 54
32 55
32 61
32 65
32 66
32 74
32 75
32 81
32 83
32 85
32 88
32 91
32 93
32 96
32 132
33 165
33 164
33 103
33 102
33 6
33 11
33 14
33 18
33 19
33 28
33 34
33 35
33 40
33 41
33 44
33 45
33 48
33 51
33 60
33 65
33 66
33 73
33 76
33 85
33 92
33 94
33 97
33 99
33 133
34 139
34 172
34 180
34 6
34 17
34 33
34 36
34 38
34 39
34 44
34 46
34 49
34 56
34 62
34 63
34 64
34 68
34 74
34 82
34 84
34 134
35 167
35 165
35 104
35 103
35 2
35 3
35 4
35 11
35 14
35 20
35 22
35 27
35 33
35 41
35 45
35 48
35 51
35 54
35 57
35 64
35 66
35 87
35 91
35 97
35 99
35 135
36 126
36 137
36 169
36 3
36 5
36 13
36 19
36 31
36 34
36 38
36 39
36 70
36 74
36 75
36 79
36 91
36 96
36 98
36 136
37 169
37 167
37 106
37 104
37 5
37 8
37 13
37 27
37 42
37 44
37 46
37 54
37 60
37 71
37 74
37 75
37 90
37 91
37 137
38 127
38 1
38 3
38 6
38 15
38 17
38 25
38 27
38 31
38 34
38 36
38 41
38 48
38 52
38 55
38 58
38 60
38 64
38 69
38 73
38 84
38 89
38 138
39 158
39 13
39 19
39 23
39 34
39 36
39 41
39 42
39 44
39 58
39 68
39 70
39 75
39 76
39 80
39 84
39 94
39 96
39 97
39 139
40 124
40 192
40 2
40 8
40 11
40 12
40 13
40 23
40 24
40 28
40 32
40 33
40 56
40 63
40 66
40 70
40 72
40 76
40 79
40 80
40 86
40 89
40 92
40 97
40 140
41 124
41 145
41 10
41 21
41 29
41 33
41 35
41 38
41 39
41 44
41 46
41 55
41 58
41 72
41 73
41 74
41 81
41 82
41 84
41 85
41 88
41 92
41 95
41 99
41 141
42 170
42 169
42 108
42 106
42 1
42 3
42 5
42 10
42 13
42 28
42 37
42 39
42 43
42 44
42 51
42 66
42 83
42 96
42 98
42 142
43 134
43 4
43 5
43 10
43 13
43 15
43 20
43 22
43 23
43 42
43 48
43 53
43 54
43 62
43 68
43 76
43 78
43 79
43 83
43 86
43 90
43 91
43 98
43 143
44 124
44 11
44 12
44 18
44 21
44 25
44 30
44 33
44 34
44 37
44 39
44 41
44 42
44 61
44 66
44 68
44 72
44 78
44 82
44 85
44 97
44 99
44 144
45 165
45 8
45 14
45 24
45 27
45 28
45 33
45 35
45 50
45 55
45 61
45 63
45 65
45 78
45 79
45 91
45 97
45 145
46 124
46 172
46 187
46 3
46 5
46 6
46 13
46 17
46 20
46 21
46 34
46 37
46 41
46 47
46 53
46 54
46 59
46 74
46 79
46 85
46 94
46 96
46 99
46 146
47 131
47 0
47 4
47 6
47 7
47 8
47 9
47 12
47 14
47 16
47 17
47 20
47 27
47 29
47 46
47 57
47 67
47 69
47 73
47 78
47 85
47 89
47 90
47 91
47 147
48 173
48 170
48 109
48 108
48 1
48 5
48 19
48 28
48 32
48 33
48 35
48 38
48 43
48 50
48 54
48 56
48 58
48 59
48 65
48 69
48 72
48 83
48 84
48 99
48 148
49 111
49 2
49 7
49 14
49 16
49 34
49 52
49 56
49 58
49 65
49 70
49 74
49 76
49 84
49 92
49 149
50 174
50 173
50 111
50 109
50 1
50 8
50 14
50 23
50 32
50 45
50 48
50 54
50 56
50 62
50 64
50 68
50 74
50 78
50 86
50 88
50 89
50 90
50 93
50 98
50 150
51 105
51 0
51 4
51 13
51 16
51 19
51 20
51 25
51 33
51 35
51 42
51 54
51 58
51 60
51 62
51 67
51 69
51 72
51 78
51 91
51 93
51 95
51 151
52 125
52 1
52 10
52 14
52 18
52 21
52 29
52 30
52 38
52 49
52 56
52 64
52 87
52 92
52 95
52 152
53 175
53 174
53 112
53 111
53 7
53 8
53 10
53 25
53 27
53 29
53 43
53 46
53 54
53 61
53 62
53 63
53 67
53 68
53 71
53 79
53 85
53 88
53 93
53 95
53 96
53 153
54 100
54 135
54 141
54 2
54 9
54 10
54 17
54 21
54 26
54 30
54 32
54 35
54 37
54 43
54 46
54 48
54 50
54 51
54 53
54 55
54 64
54 67
54 71
54 73
54 75
54 76
54 78
54 81
54 93
54 94
54 95
54 96
54 154
55 179
55 4
55 7
55 13
55 16
55 20
55 21
55 26
55 29
55 32
55 38
55 41
55 45
55 54
55 61
55 63
55 67
55 68
55 70
55 73
55 84
55 88
55 91
55 94
55 155
56 176
56 175
56 114
56 112
56 2
56 9
56 11
56 12
56 14
56 27
56 34
56 40
56 48
56 49
56 50
56 52
56 60
56 68
56 69
56 73
56 77
56 87
56 91
56 92
56 97
56 98
56 156
57 177
57 176
57 115
57 114
57 6
57 7
57 13
57 24
57 35
57 47
57 65
57 71
57 82
57 88
57 91
57 95
57 96
57 157
58 168
58 3
58 4
58 8
58 9
58 15
58 18
58 30
58 38
58 39
58 41
58 48
58 49
58 51
58 61
58 66
58 68
58 70
58 71
58 75
58 90
58 94
58 96
58 158
59 178
59 177
59 116
59 115
59 3
59 8
59 21
59 22
59 24
59 26
59 27
59 29
59 46
59 48
59 75
59 78
59 90
59 94
59 95
59 159
60 164
60 6
60 9
60 13
60 14
60 15
60 18
60 20
60 31
60 33
60 37
60 38
60 51
60 56
60 62
60 66
60 68
60 74
60 76
60 82
60 85
60 86
60 87
60 88
60 92
60 98
60 160
61 151
61 193
61 7
61 14
61 16
61 23
61 24
61 31
61 32
61 44
61 45
61 53
61 55
61 58
61 68
61 73
61 91
61 96
61 161
62 105
62 107
62 181
62 0
62 3
62 5
62 6
62 12
62 13
62 19
62 20
62 22
62 23
62 28
62 34
62 43
62 50
62 51
62 53
62 60
62 69
62 79
62 91
62 92
62 96
62 162
63 155
63 171
63 180
63 2
63 5
63 16
63 34
63 40
63 45
63 53
63 55
63 66
63 85
63 92
63 163
64 179
64 178
64 117
64 116
64 3
64 10
64 13
64 17
64 26
64 30
64 34
64 35
64 38
64 50
64 52
64 54
64 67
64 68
64 73
64 76
64 85
64 88
64 164
65 181
65 179
65 118
65 117
65 2
65 5
65 8
65 9
65 12
65 13
65 14
65 20
65 21
65 23
65 25
65 26
65 32
65 33
65 45
65 48
65 49
65 57
65 66
65 77
65 80
65 84
65 85
65 88
65 165
66 182
66 181
66 121
66 118
66 9
66 21
66 26
66 27
66 30
66 32
66 33
66 35
66 40
66 42
66 44
66 58
66 60
66 63
66 65
66 70
66 73
66 77
66 82
66 85
66 90
66 92
66 93
66 94
66 96
66 166
67 183
67 182
67 122
67 121
67 4
67 9
67 12
67 22
67 30
67 47
67 51
67 53
67 54
67 55
67 64
67 75
67 76
67 81
67 88
67 91
67 94
67 99
67 167
68 184
68 183
68 123
68 122
68 4
68 5
68 8
68 29
68 34
68 39
68 43
68 44
68 50
68 53
68 55
68 56
68 58
68 60
68 61
68 64
68 71
68 73
68 76
68 77
68 84
68 86
68 89
68 168
69 185
69 184
69 125
69 123
69 3
69 14
69 15
69 23
69 25
69 31
69 38
69 47
69 48
69 51
69 56
69 62
69 75
69 81
69 82
69 83
69 85
69 95
69 169
70 186
70 185
70 127
70 125
70 1
70 7
70 10
70 14
70 20
70 27
70 29
70 36
70 39
70 40
70 49
70 55
70 58
70 66
70 72
70 73
70 74
70 75
70 76
70 78
70 80
70 82
70 97
70 99
70 170
71 157
71 15
71 21
71 25
71 30
71 31
71 37
71 53
71 54
71 57
71 58
71 68
71 72
71 80
71 82
71 87
71 88
71 90
71 92
71 99
71 171
72 100
72 147
72 4
72 31
72 40
72 41
72 44
72 48
72 51
72 70
72 71
72 81
72 83
72 89
72 92
72 93
72 172
73 188
73 186
73 128
73 127
73 0
73 1
73 4
73 17
73 33
73 38
73 41
73 47
73 54
73 55
73 56
73 61
73 64
73 66
73 68
73 70
73 76
73 78
73 83
73 96
73 173
74 111
74 7
74 12
74 26
74 27
74 32
74 34
74 36
74 37
74 41
74 46
74 49
74 50
74 60
74 70
74 78
74 79
74 97
74 174
75 189
75 188
75 130
75 128
75 19
75 26
75 29
75 30
75 32
75 36
75 37
75 39
75 54
75 58
75 59
75 67
75 69
75 70
75 77
75 79
75 85
75 89
75 93
75 95
75 97
75 98
75 175
76 135
76 8
76 19
76 22
76 30
76 33
76 39
76 40
76 43
76 49
76 54
76 60
76 64
76 67
76 68
76 70
76 73
76 78
76 83
76 85
76 89
76 90
76 91
76 93
76 176
77 190
77 189
77 131
77 130
77 5
77 9
77 11
77 12
77 20
77 25
77 30
77 56
77 65
77 66
77 68
77 75
77 80
77 84
77 87
77 88
77 91
77 96
77 99
77 177
78 110
78 118
78 1
78 6
78 29
78 43
78 44
78 45
78 47
78 50
78 51
78 54
78 59
78 70
78 73
78 74
78 76
78 84
78 88
78 89
78 91
78 94
78 98
78 99
78 178
79 162
79 1
79 5
79 10
79 11
79 16
79 21
79 25
79 36
79 40
79 43
79 45
79 46
79 53
79 62
79 74
79 75
79 80
79 82
79 87
79 97
79 179
80 150
80 0
80 5
80 8
80 10
80 18
80 19
80 20
80 22
80 23
80 39
80 40
80 65
80 70
80 71
80 77
80 79
80 90
80 97
80 99
80 180
81 191
81 190
81 133
81 131
81 5
81 9
81 11
81 20
81 27
81 32
81 41
81 54
81 67
81 69
81 72
81 85
81 87
81 181
82 119
82 153
82 4
82 6
82 9
82 14
82 23
82 24
82 27
82 29
82 34
82 41
82 44
82 57
82 60
82 66
82 69
82 70
82 71
82 79
82 84
82 94
82 96
82 97
82 98
82 182
83 166
83 173
83 1
83 3
83 9
83 17
83 18
83 27
83 28
83 32
83 42
83 43
83 48
83 69
83 72
83 73
83 76
83 88
83 183
84 192
84 191
84 134
84 133
84 2
84 18
84 19
84 23
84 24
84 28
84 30
84 34
84 38
84 39
84 41
84 48
84 49
84 55
84 65
84 68
84 77
84 78
84 82
84 85
84 97
84 99
84 184
85 107
85 132
85 6
85 8
85 10
85 17
85 18
85 20
85 22
85 24
85 25
85 27
85 32
85 33
85 41
85 44
85 46
85 47
85 53
85 60
85 63
85 64
85 65
85 66
85 69
85 75
85 76
85 81
85 84
85 87
85 93
85 96
85 98
85 185
86 193
86 192
86 138
86 134
86 8
86 12
86 15
86 21
86 26
86 27
86 40
86 43
86 50
86 60
86 68
86 94
86 96
86 186
87 194
87 193
87 140
87 138
87 1
87 2
87 8
87 20
87 26
87 35
87 52
87 56
87 60
87 71
87 77
87 79
87 81
87 85
87 89
87 94
87 97
87 98
87 187
88 129
88 168
88 1
88 4
88 10
88 11
88 24
88 30
88 32
88 41
88 50
88 53
88 55
88 57
88 60
88 64
88 65
88 67
88 71
88 77
88 78
88 83
88 92
88 96
88 97
88 188
89 195
89 194
89 143
89 140
89 2
89 3
89 4
89 6
89 12
89 22
89 29
89 38
89 40
89 47
89 50
89 68
89 72
89 75
89 76
89 78
89 87
89 91
89 94
89 97
89 189
90 126
90 156
90 9
90 10
90 13
90 16
90 18
90 21
90 26
90 37
90 43
90 47
90 50
90 58
90 59
90 66
90 71
90 76
90 80
90 93
90 190
91 196
91 195
91 144
91 143
91 2
91 3
91 4
91 13
91 15
91 16
91 19
91 22
91 23
91 32
91 35
91 36
91 37
91 43
91 45
91 47
91 51
91 55
91 56
91 57
91 61
91 62
91 67
91 76
91 77
91 78
91 89
91 94
91 95
91 99
91 191
92 136
92 194
92 26
92 29
92 31
92 33
92 40
92 41
92 49
92 52
92 56
92 60
92 62
92 63
92 66
92 71
92 72
92 88
92 192
93 173
93 21
93 23
93 25
93 30
93 32
93 50
93 51
93 53
93 54
93 66
93 72
93 75
93 76
93 85
93 90
93 94
93 96
93 98
93 193
94 143
94 6
94 8
94 13
94 14
94 18
94 28
94 30
94 33
94 39
94 46
94 54
94 55
94 58
94 59
94 66
94 67
94 78
94 82
94 86
94 87
94 89
94 91
94 93
94 95
94 194
95 189
95 2
95 3
95 8
95 11
95 14
95 22
95 24
95 26
95 27
95 30
95 41
95 51
95 52
95 53
95 54
95 57
95 59
95 69
95 75
95 91
95 94
95 97
95 98
95 195
96 113
96 137
96 0
96 4
96 9
96 20
96 28
96 29
96 32
96 36
96 39
96 42
96 46
96 53
96 54
96 57
96 58
96 61
96 62
96 66
96 73
96 77
96 82
96 85
96 86
96 88
96 93
96 196
97 197
97 196
97 146
97 144
97 14
97 27
97 29
97 31
97 33
97 35
97 39
97 40
97 44
97 45
97 56
97 70
97 74
97 75
97 79
97 80
97 82
97 84
97 87
97 88
97 89
97 95
97 98
98 198
98 197
98 147
98 146
98 1
98 6
98 15
98 27
98 31
98 36
98 42
98 43
98 50
98 56
98 60
98 75
98 78
98 82
98 85
98 87
98 93
98 95
98 97
98 99
99 199
99 198
99 148
99 147
99 8
99 9
99 19
99 23
99 33
99 35
99 41
99 44
99 46
99 48
99 67
99 70
99 71
99 77
99 78
99 80
99 84
99 91
99 98
100 54
100 72
100 0
101 7
101 1
102 33
102 2
103 33
103 35
103 3
104 35
104 37
104 4
105 51
105 62
105 5
106 37
106 42
106 6
107 28
107 62
107 85
107 7
108 42
108 48
108 8
109 48
109 50
109 9
110 78
110 10
111 49
111 50
111 53
111 74
111 11
112 53
112 56
112 12
113 96
113 13
114 56
114 57
114 14
115 57
115 59
115 15
116 59
116 64
116 16
117 64
117 65
117 17
118 9
118 65
118 66
118 78
118 18
119 17
119 82
119 19
120 26
120 20
121 5
121 66
121 67
121 21
122 67
122 68
122 22
123 68
123 69
123 23
124 31
124 40
124 41
124 44
124 46
124 24
125 52
125 69
125 70
125 25
126 36
126 90
126 26
127 38
127 70
127 73
127 27
128 29
128 73
128 75
128 28
129 88
129 29
130 75
130 77
130 30
131 47
131 77
131 81
131 31
132 85
132 32
133 81
133 84
133 33
134 43
134 84
134 86
134 34
135 54
135 76
135 35
136 26
136 92
136 36
137 36
137 96
137 37
138 86
138 87
138 38
139 34
139 39
140 87
140 89
140 40
141 54
141 41
142 7
142 42
143 89
143 91
143 94
143 43
144 91
144 97
144 44
145 41
145 45
146 97
146 98
146 46
147 72
147 98
147 99
147 47
148 0
148 99
148 48
149 0
149 1
149 49
150 1
150 2
150 80
150 50
151 61
151 51
152 2
152 3
152 24
152 27
152 52
153 3
153 8
153 82
153 53
154 8
154 12
154 54
155 7
155 63
155 55
156 21
156 90
156 56
157 12
157 14
157 71
157 57
158 14
158 18
158 39
158 58
159 18
159 22
159 59
160 6
160 22
160 23
160 60
161 23
161 25
161 61
162 25
162 30
162 79
162 62
163 30
163 32
163 63
164 32
164 33
164 60
164 64
165 33
165 35
165 45
165 65
166 83
166 66
167 35
167 37
167 67
168 19
168 58
168 88
168 68
169 36
169 37
169 42
169 69
170 10
170 42
170 48
170 70
171 63
171 71
172 34
172 46
172 72
173 48
173 50
173 83
173 93
173 73
174 50
174 53
174 74
175 13
175 53
175 56
175 75
176 56
176 57
176 76
177 57
177 59
177 77
178 11
178 59
178 64
178 78
179 55
179 64
179 65
179 79
180 34
180 63
180 80
181 62
181 65
181 66
181 81
182 20
182 66
182 67
182 82
183 67
183 68
183 83
184 68
184 69
184 84
185 69
185 70
185 85
186 70
186 73
186 86
187 46
187 87
188 73
188 75
188 88
189 4
189 15
189 75
189 77
189 95
189 89
190 77
190 81
190 90
191 81
191 84
191 91
192 40
192 84
192 86
192 92
193 16
193 61
193 86
193 87
193 93
194 87
194 89
194 92
194 94
195 89
195 91
195 95
196 91
196 97
196 96
197 97
197 98
198 19
198 98
198 99
199 99
