  300   3268
0 167
0 195
0 196
0 234
0 235
0 247
0 248
0 257
0 279
0 283
0 293
0 298
0 8
0 9
0 11
0 19
0 21
0 22
0 25
0 30
0 38
0 46
0 49
0 52
0 62
0 68
0 72
0 81
0 82
0 93
0 98
0 99
0 100
0 123
0 125
0 134
0 147
0 150
1 163
1 172
1 195
1 200
1 214
1 254
1 267
1 279
1 287
1 298
1 8
1 16
1 24
1 52
1 53
1 56
1 66
1 88
1 91
1 92
1 96
1 98
1 99
1 103
1 110
1 128
1 146
1 151
2 156
2 177
2 188
2 191
2 198
2 210
2 224
2 225
2 239
2 243
2 256
2 277
2 283
2 297
2 4
2 20
2 28
2 44
2 46
2 72
2 75
2 107
2 122
2 131
2 146
2 148
2 152
3 154
3 157
3 170
3 180
3 202
3 215
3 224
3 234
3 240
3 255
3 290
3 12
3 14
3 18
3 28
3 36
3 43
3 50
3 65
3 69
3 78
3 83
3 84
3 89
3 110
3 111
3 127
3 130
3 145
3 149
3 153
4 151
4 160
4 176
4 181
4 183
4 193
4 247
4 249
4 259
4 286
4 290
4 2
4 10
4 12
4 20
4 22
4 26
4 42
4 48
4 56
4 65
4 67
4 73
4 74
4 75
4 82
4 103
4 109
4 112
4 117
4 126
4 127
4 130
4 142
4 144
4 154
5 150
5 170
5 175
5 176
5 189
5 193
5 197
5 227
5 229
5 238
5 246
5 265
5 281
5 287
5 288
5 292
5 298
5 11
5 14
5 17
5 18
5 23
5 29
5 30
5 73
5 79
5 85
5 94
5 101
5 102
5 103
5 105
5 129
5 131
5 141
5 155
6 151
6 163
6 173
6 178
6 191
6 247
6 255
6 278
6 294
6 299
6 24
6 28
6 35
6 50
6 51
6 62
6 69
6 83
6 91
6 100
6 111
6 121
6 122
6 128
6 156
7 168
7 181
7 189
7 200
7 208
7 227
7 250
7 253
7 279
7 286
7 288
7 294
7 8
7 11
7 14
7 24
7 70
7 76
7 83
7 90
7 94
7 111
7 119
7 123
7 126
7 137
7 138
7 148
7 149
7 157
8 171
8 199
8 200
8 208
8 217
8 224
8 225
8 247
8 257
8 266
8 285
8 289
8 291
8 297
8 0
8 1
8 7
8 13
8 14
8 21
8 27
8 29
8 30
8 36
8 40
8 50
8 60
8 69
8 92
8 114
8 121
8 139
8 148
8 149
8 158
9 153
9 162
9 184
9 194
9 195
9 233
9 244
9 245
9 256
9 258
9 263
9 277
9 280
9 289
9 0
9 12
9 17
9 18
9 35
9 44
9 47
9 53
9 59
9 64
9 73
9 80
9 96
9 120
9 122
9 127
9 130
9 134
9 159
10 154
10 173
10 180
10 210
10 218
10 225
10 233
10 253
10 255
10 256
10 257
10 272
10 4
10 24
10 32
10 45
10 46
10 48
10 52
10 55
10 56
10 59
10 61
10 68
10 79
10 80
10 83
10 87
10 95
10 120
10 130
10 139
10 160
11 150
11 158
11 166
11 173
11 210
11 216
11 217
11 218
11 225
11 227
11 233
11 246
11 278
11 289
11 0
11 5
11 7
11 12
11 22
11 39
11 51
11 60
11 65
11 68
11 84
11 91
11 115
11 117
11 140
11 143
11 149
11 161
12 156
12 166
12 169
12 177
12 230
12 231
12 241
12 245
12 260
12 271
12 280
12 287
12 3
12 4
12 9
12 11
12 18
12 21
12 43
12 47
12 53
12 57
12 58
12 70
12 83
12 94
12 100
12 162
13 155
13 159
13 163
13 187
13 192
13 204
13 208
13 218
13 223
13 253
13 254
13 259
13 268
13 273
13 275
13 286
13 292
13 293
13 8
13 18
13 29
13 64
13 67
13 72
13 82
13 116
13 137
13 143
14 150
14 163
14 168
14 169
14 178
14 181
14 185
14 204
14 206
14 211
14 253
14 280
14 294
14 3
14 5
14 7
14 8
14 20
14 22
14 36
14 37
14 62
14 79
14 84
14 105
14 108
14 115
14 123
14 131
14 134
14 140
14 146
14 148
14 164
15 152
15 166
15 185
15 188
15 201
15 210
15 221
15 225
15 232
15 258
15 262
15 268
15 272
15 275
15 283
15 21
15 30
15 37
15 48
15 82
15 92
15 94
15 98
15 104
15 105
15 113
15 121
15 128
15 136
15 139
15 147
15 165
16 153
16 155
16 159
16 176
16 186
16 222
16 224
16 239
16 257
16 270
16 289
16 1
16 23
16 33
16 43
16 47
16 67
16 86
16 101
16 108
16 116
16 118
16 120
16 122
16 127
16 140
16 166
17 172
17 198
17 201
17 210
17 213
17 231
17 287
17 288
17 289
17 291
17 294
17 5
17 9
17 26
17 35
17 44
17 48
17 71
17 82
17 101
17 107
17 112
17 119
17 126
17 167
18 155
18 165
18 168
18 186
18 187
18 188
18 198
18 209
18 210
18 216
18 219
18 228
18 247
18 250
18 267
18 269
18 273
18 274
18 297
18 3
18 5
18 9
18 12
18 13
18 42
18 47
18 48
18 55
18 60
18 62
18 86
18 97
18 100
18 113
18 123
18 130
18 139
18 146
18 148
19 150
19 157
19 168
19 174
19 190
19 207
19 209
19 235
19 236
19 238
19 299
19 0
19 23
19 24
19 44
19 46
19 51
19 58
19 62
19 73
19 81
19 110
19 121
19 127
19 137
19 143
19 169
20 155
20 160
20 196
20 220
20 227
20 236
20 254
20 257
20 283
20 284
20 2
20 4
20 14
20 36
20 39
20 44
20 47
20 63
20 69
20 73
20 89
20 96
20 130
20 134
20 170
21 164
21 186
21 204
21 212
21 238
21 243
21 262
21 269
21 0
21 8
21 12
21 15
21 26
21 46
21 51
21 55
21 81
21 85
21 93
21 112
21 115
21 122
21 123
21 127
21 142
21 171
22 158
22 159
22 160
22 165
22 171
22 189
22 200
22 201
22 214
22 216
22 249
22 262
22 271
22 294
22 299
22 0
22 4
22 11
22 14
22 26
22 28
22 37
22 38
22 47
22 50
22 74
22 81
22 82
22 96
22 108
22 117
22 126
22 128
22 144
22 172
23 150
23 157
23 164
23 175
23 178
23 181
23 193
23 207
23 219
23 220
23 243
23 278
23 280
23 284
23 285
23 289
23 5
23 16
23 19
23 25
23 31
23 39
23 43
23 45
23 54
23 71
23 74
23 88
23 92
23 99
23 104
23 120
23 121
23 133
23 139
23 145
23 146
23 148
23 149
23 173
24 171
24 173
24 186
24 192
24 219
24 227
24 231
24 232
24 251
24 254
24 273
24 276
24 284
24 1
24 6
24 7
24 10
24 19
24 42
24 45
24 57
24 62
24 65
24 82
24 106
24 124
24 148
24 174
25 171
25 174
25 181
25 188
25 206
25 213
25 214
25 224
25 231
25 236
25 243
25 246
25 253
25 260
25 261
25 275
25 283
25 289
25 293
25 297
25 0
25 23
25 40
25 56
25 64
25 73
25 94
25 102
25 135
25 146
25 175
26 155
26 160
26 166
26 173
26 174
26 180
26 181
26 198
26 200
26 204
26 214
26 215
26 220
26 225
26 227
26 240
26 263
26 270
26 271
26 281
26 286
26 289
26 292
26 4
26 17
26 21
26 22
26 35
26 51
26 60
26 74
26 90
26 91
26 148
26 176
27 153
27 156
27 157
27 170
27 175
27 181
27 193
27 201
27 213
27 242
27 245
27 253
27 262
27 273
27 276
27 277
27 281
27 295
27 8
27 37
27 39
27 65
27 76
27 79
27 82
27 89
27 90
27 111
27 125
27 133
27 145
27 177
28 155
28 156
28 195
28 201
28 208
28 219
28 221
28 224
28 235
28 236
28 259
28 284
28 287
28 289
28 2
28 3
28 6
28 22
28 39
28 41
28 53
28 56
28 73
28 74
28 75
28 92
28 96
28 97
28 98
28 101
28 125
28 129
28 178
29 160
29 168
29 186
29 187
29 192
29 193
29 194
29 196
29 199
29 231
29 233
29 246
29 272
29 275
29 278
29 290
29 295
29 298
29 5
29 8
29 13
29 34
29 37
29 39
29 50
29 69
29 70
29 83
29 93
29 116
29 137
29 140
29 179
30 157
30 162
30 175
30 177
30 184
30 185
30 188
30 193
30 219
30 243
30 257
30 258
30 278
30 280
30 298
30 0
30 5
30 8
30 15
30 33
30 34
30 47
30 54
30 61
30 63
30 64
30 65
30 79
30 80
30 81
30 129
30 137
30 139
30 142
30 180
31 150
31 151
31 187
31 193
31 207
31 217
31 223
31 240
31 247
31 251
31 254
31 270
31 285
31 291
31 23
31 54
31 73
31 99
31 107
31 113
31 121
31 130
31 142
31 143
31 181
32 159
32 163
32 169
32 196
32 201
32 211
32 223
32 226
32 266
32 10
32 36
32 43
32 74
32 78
32 79
32 80
32 103
32 124
32 125
32 182
33 173
33 180
33 215
33 246
33 289
33 16
33 30
33 37
33 39
33 40
33 42
33 51
33 56
33 77
33 83
33 89
33 109
33 116
33 126
33 130
33 131
33 134
33 136
33 145
33 183
34 164
34 178
34 179
34 192
34 211
34 212
34 213
34 235
34 248
34 259
34 260
34 284
34 29
34 30
34 44
34 57
34 64
34 70
34 77
34 78
34 85
34 88
34 96
34 126
34 144
34 184
35 157
35 176
35 185
35 187
35 192
35 210
35 234
35 244
35 253
35 266
35 297
35 298
35 6
35 9
35 17
35 26
35 72
35 73
35 90
35 109
35 117
35 118
35 121
35 122
35 125
35 128
35 141
35 143
35 145
36 151
36 153
36 155
36 163
36 180
36 186
36 202
36 204
36 224
36 232
36 234
36 235
36 252
36 286
36 293
36 294
36 299
36 3
36 8
36 14
36 20
36 32
36 42
36 45
36 46
36 50
36 91
36 99
36 110
36 117
36 122
36 123
36 128
36 142
37 154
37 156
37 187
37 194
37 211
37 225
37 243
37 262
37 281
37 296
37 298
37 14
37 15
37 22
37 27
37 29
37 33
37 45
37 48
37 63
37 67
37 69
37 70
37 72
37 80
37 84
37 98
37 144
38 153
38 155
38 204
38 211
38 260
38 282
38 289
38 0
38 22
38 47
38 53
38 85
38 97
38 102
38 115
38 121
38 136
38 188
39 177
39 188
39 213
39 217
39 233
39 245
39 255
39 260
39 281
39 282
39 11
39 20
39 23
39 27
39 28
39 29
39 33
39 54
39 57
39 59
39 74
39 87
39 101
39 109
39 111
39 140
39 143
39 148
39 189
40 172
40 175
40 207
40 209
40 246
40 296
40 8
40 25
40 33
40 72
40 102
40 110
40 111
40 114
40 124
40 125
40 135
40 147
40 190
41 171
41 172
41 178
41 197
41 198
41 200
41 202
41 216
41 235
41 260
41 271
41 273
41 277
41 28
41 42
41 55
41 64
41 87
41 89
41 113
41 125
41 191
42 171
42 180
42 213
42 228
42 247
42 263
42 267
42 271
42 4
42 18
42 24
42 33
42 36
42 41
42 65
42 67
42 68
42 72
42 79
42 84
42 100
42 105
42 128
42 129
42 133
42 138
42 139
42 192
43 150
43 151
43 165
43 166
43 167
43 184
43 185
43 189
43 203
43 226
43 227
43 276
43 280
43 3
43 12
43 16
43 23
43 32
43 54
43 58
43 71
43 75
43 80
43 113
43 118
43 119
43 137
43 193
44 159
44 179
44 196
44 202
44 216
44 225
44 235
44 242
44 271
44 287
44 294
44 297
44 299
44 2
44 9
44 17
44 19
44 20
44 34
44 70
44 77
44 80
44 81
44 86
44 87
44 117
44 121
44 135
44 136
44 142
44 148
44 194
45 160
45 162
45 170
45 174
45 182
45 196
45 198
45 201
45 211
45 212
45 213
45 218
45 246
45 247
45 262
45 263
45 272
45 286
45 292
45 299
45 10
45 23
45 24
45 36
45 37
45 51
45 54
45 69
45 84
45 94
45 119
45 128
45 129
45 133
45 147
45 195
46 152
46 160
46 174
46 175
46 176
46 179
46 183
46 190
46 191
46 201
46 206
46 213
46 224
46 226
46 227
46 233
46 236
46 237
46 250
46 261
46 281
46 282
46 284
46 295
46 0
46 2
46 10
46 19
46 21
46 36
46 53
46 71
46 74
46 82
46 91
46 103
46 104
46 106
46 107
46 115
46 127
46 134
46 137
46 196
47 150
47 173
47 191
47 210
47 213
47 250
47 257
47 264
47 282
47 9
47 12
47 16
47 18
47 20
47 22
47 30
47 38
47 54
47 83
47 85
47 89
47 97
47 101
47 107
47 115
47 126
47 137
47 197
48 151
48 152
48 153
48 161
48 175
48 177
48 194
48 218
48 222
48 246
48 262
48 269
48 274
48 275
48 281
48 291
48 296
48 4
48 10
48 15
48 17
48 18
48 37
48 68
48 71
48 75
48 76
48 91
48 106
48 123
48 145
48 198
49 151
49 153
49 190
49 211
49 234
49 235
49 237
49 238
49 254
49 256
49 272
49 0
49 53
49 62
49 68
49 75
49 82
49 86
49 93
49 113
49 149
49 199
50 167
50 183
50 185
50 192
50 197
50 230
50 235
50 242
50 250
50 258
50 281
50 286
50 3
50 6
50 8
50 22
50 29
50 36
50 67
50 73
50 92
50 114
50 119
50 127
50 200
51 158
51 168
51 179
51 191
51 193
51 196
51 209
51 227
51 235
51 239
51 256
51 261
51 286
51 288
51 298
51 6
51 11
51 19
51 21
51 26
51 33
51 45
51 54
51 55
51 61
51 68
51 73
51 85
51 103
51 106
51 118
51 120
51 125
51 201
52 173
52 179
52 188
52 190
52 214
52 225
52 228
52 248
52 255
52 271
52 278
52 292
52 0
52 1
52 10
52 55
52 60
52 82
52 96
52 104
52 105
52 116
52 145
52 202
53 152
53 160
53 166
53 184
53 187
53 210
53 211
53 218
53 223
53 228
53 249
53 296
53 1
53 9
53 12
53 28
53 38
53 46
53 49
53 98
53 112
53 113
53 119
53 135
53 203
54 154
54 167
54 181
54 202
54 207
54 211
54 215
54 219
54 229
54 237
54 255
54 269
54 279
54 285
54 291
54 23
54 30
54 31
54 39
54 43
54 45
54 47
54 51
54 55
54 81
54 102
54 116
54 120
54 131
54 132
54 204
55 158
55 179
55 193
55 194
55 200
55 202
55 205
55 218
55 219
55 232
55 253
55 265
55 277
55 279
55 10
55 18
55 21
55 41
55 51
55 52
55 54
55 72
55 96
55 104
55 106
55 112
55 122
55 123
55 127
55 131
55 132
55 133
55 135
55 142
55 146
56 156
56 177
56 189
56 200
56 205
56 208
56 209
56 216
56 230
56 254
56 273
56 275
56 293
56 294
56 297
56 1
56 4
56 10
56 25
56 28
56 33
56 59
56 62
56 64
56 65
56 68
56 70
56 73
56 74
56 78
56 93
56 94
56 103
56 110
56 119
56 120
56 136
56 138
56 140
56 146
56 206
57 165
57 175
57 176
57 178
57 213
57 219
57 223
57 225
57 233
57 240
57 251
57 254
57 257
57 273
57 281
57 12
57 24
57 34
57 39
57 94
57 105
57 110
57 114
57 122
57 132
57 135
57 136
57 142
57 207
58 150
58 160
58 169
58 193
58 205
58 245
58 253
58 260
58 282
58 12
58 19
58 43
58 71
58 82
58 88
58 96
58 97
58 101
58 116
58 117
58 118
58 208
59 152
59 166
59 180
59 192
59 226
59 229
59 251
59 274
59 279
59 284
59 285
59 296
59 297
59 9
59 10
59 39
59 56
59 70
59 73
59 76
59 79
59 84
59 91
59 125
59 135
59 139
59 140
59 209
60 162
60 167
60 178
60 190
60 199
60 249
60 251
60 254
60 255
60 264
60 276
60 281
60 8
60 11
60 18
60 26
60 52
60 79
60 88
60 104
60 105
60 106
60 122
60 132
60 134
60 147
60 210
61 173
61 176
61 196
61 211
61 219
61 248
61 266
61 299
61 10
61 30
61 51
61 64
61 65
61 98
61 114
61 126
61 132
61 138
62 156
62 157
62 162
62 168
62 184
62 211
62 225
62 226
62 232
62 245
62 288
62 0
62 6
62 14
62 18
62 19
62 24
62 49
62 56
62 65
62 72
62 75
62 96
62 101
62 103
62 149
62 212
63 157
63 161
63 173
63 177
63 187
63 195
63 196
63 200
63 202
63 206
63 239
63 253
63 254
63 265
63 296
63 20
63 30
63 37
63 71
63 75
63 78
63 80
63 90
63 91
63 95
63 112
63 213
64 171
64 175
64 187
64 189
64 197
64 204
64 206
64 213
64 216
64 220
64 239
64 260
64 262
64 269
64 273
64 275
64 279
64 290
64 293
64 9
64 13
64 25
64 30
64 34
64 41
64 56
64 61
64 75
64 77
64 80
64 81
64 93
64 117
64 124
64 214
65 153
65 156
65 158
65 162
65 170
65 173
65 178
65 215
65 217
65 227
65 240
65 251
65 263
65 266
65 274
65 277
65 279
65 282
65 284
65 291
65 294
65 3
65 4
65 11
65 24
65 27
65 30
65 42
65 56
65 61
65 62
65 73
65 83
65 96
65 105
65 107
65 111
65 121
65 130
66 151
66 161
66 176
66 193
66 210
66 229
66 236
66 243
66 246
66 259
66 263
66 265
66 271
66 282
66 284
66 292
66 293
66 299
66 1
66 70
66 76
66 82
66 95
66 114
66 122
66 129
66 216
67 153
67 165
67 181
67 182
67 214
67 217
67 234
67 244
67 248
67 249
67 257
67 258
67 285
67 293
67 295
67 4
67 13
67 16
67 37
67 42
67 50
67 75
67 84
67 91
67 134
68 152
68 158
68 161
68 168
68 175
68 182
68 191
68 193
68 203
68 206
68 238
68 245
68 246
68 247
68 259
68 281
68 294
68 0
68 10
68 11
68 42
68 48
68 49
68 51
68 56
68 81
68 95
68 129
68 218
69 167
69 196
69 211
69 229
69 238
69 239
69 242
69 243
69 256
69 271
69 285
69 3
69 6
69 8
69 20
69 29
69 37
69 45
69 83
69 94
69 102
69 110
69 119
69 125
69 130
69 140
69 142
69 146
69 149
69 219
70 163
70 169
70 173
70 185
70 191
70 201
70 204
70 242
70 250
70 253
70 258
70 263
70 270
70 277
70 7
70 12
70 29
70 34
70 37
70 44
70 56
70 59
70 66
70 78
70 79
70 88
70 103
70 104
70 109
70 123
70 129
70 220
71 157
71 168
71 182
71 190
71 198
71 207
71 209
71 215
71 219
71 221
71 224
71 283
71 17
71 23
71 43
71 46
71 48
71 58
71 63
71 80
71 81
71 96
71 105
71 113
71 121
71 124
71 127
71 141
71 144
72 163
72 164
72 187
72 199
72 201
72 222
72 242
72 253
72 270
72 276
72 296
72 0
72 2
72 13
72 35
72 37
72 40
72 42
72 55
72 62
72 89
72 112
72 116
72 123
72 125
72 139
72 140
73 160
73 179
73 182
73 183
73 190
73 206
73 211
73 225
73 4
73 5
73 9
73 19
73 20
73 25
73 28
73 31
73 35
73 50
73 51
73 56
73 59
73 65
73 86
73 95
73 99
73 102
73 105
73 117
73 118
73 120
73 123
73 136
73 137
73 141
73 223
74 150
74 153
74 155
74 162
74 171
74 173
74 176
74 217
74 233
74 237
74 260
74 265
74 274
74 281
74 298
74 4
74 22
74 23
74 26
74 28
74 32
74 39
74 46
74 56
74 77
74 89
74 107
74 128
74 129
74 139
74 148
74 224
75 160
75 163
75 187
75 196
75 213
75 230
75 234
75 258
75 261
75 291
75 2
75 4
75 28
75 43
75 48
75 49
75 62
75 63
75 64
75 67
75 84
75 87
75 88
75 89
75 100
75 111
75 112
75 130
75 225
76 164
76 168
76 180
76 191
76 198
76 201
76 227
76 232
76 248
76 259
76 276
76 279
76 281
76 284
76 7
76 27
76 48
76 59
76 66
76 87
76 107
76 112
76 121
76 123
76 124
76 226
77 163
77 178
77 196
77 211
77 213
77 231
77 232
77 244
77 249
77 257
77 266
77 272
77 273
77 275
77 297
77 33
77 34
77 44
77 64
77 74
77 78
77 116
77 130
77 136
77 148
77 227
78 150
78 175
78 186
78 192
78 203
78 206
78 211
78 227
78 233
78 238
78 266
78 279
78 3
78 32
78 34
78 56
78 63
78 70
78 77
78 82
78 85
78 86
78 96
78 126
78 143
78 145
78 147
78 228
79 153
79 157
79 166
79 180
79 188
79 189
79 203
79 222
79 227
79 238
79 257
79 260
79 274
79 277
79 279
79 284
79 286
79 5
79 10
79 14
79 27
79 30
79 32
79 42
79 59
79 60
79 70
79 84
79 93
79 94
79 100
79 106
79 119
79 147
79 229
80 158
80 168
80 187
80 193
80 200
80 209
80 247
80 259
80 266
80 278
80 299
80 9
80 10
80 30
80 32
80 37
80 43
80 44
80 63
80 64
80 71
80 81
80 83
80 116
80 132
80 137
80 144
80 230
81 160
81 166
81 169
81 199
81 200
81 201
81 210
81 227
81 233
81 253
81 264
81 270
81 274
81 284
81 294
81 0
81 19
81 21
81 22
81 30
81 44
81 54
81 64
81 68
81 71
81 80
81 86
81 96
81 97
81 103
81 110
81 115
81 119
81 123
81 125
81 137
81 138
81 139
81 140
81 231
82 152
82 153
82 161
82 166
82 181
82 182
82 203
82 210
82 212
82 213
82 225
82 239
82 262
82 282
82 293
82 296
82 0
82 4
82 13
82 15
82 17
82 22
82 24
82 27
82 46
82 49
82 52
82 58
82 66
82 78
82 84
82 112
82 121
82 127
82 128
82 232
83 163
83 170
83 184
83 190
83 198
83 211
83 214
83 232
83 246
83 253
83 272
83 274
83 3
83 6
83 7
83 10
83 12
83 29
83 33
83 47
83 65
83 69
83 80
83 86
83 90
83 119
83 122
83 125
83 139
83 233
84 173
84 174
84 197
84 198
84 206
84 210
84 213
84 215
84 234
84 237
84 246
84 273
84 285
84 286
84 289
84 293
84 3
84 11
84 14
84 37
84 42
84 45
84 59
84 67
84 75
84 79
84 82
84 88
84 93
84 99
84 103
84 108
84 111
84 120
84 134
84 135
85 180
85 186
85 189
85 201
85 203
85 212
85 221
85 256
85 258
85 261
85 265
85 281
85 293
85 298
85 5
85 21
85 34
85 38
85 47
85 51
85 78
85 99
85 103
85 145
85 235
86 156
86 170
86 177
86 185
86 188
86 196
86 210
86 250
86 297
86 16
86 18
86 44
86 49
86 73
86 78
86 81
86 83
86 116
86 125
86 131
86 141
86 144
86 148
86 236
87 151
87 154
87 165
87 176
87 179
87 199
87 201
87 210
87 230
87 236
87 261
87 276
87 298
87 10
87 39
87 41
87 44
87 75
87 76
87 115
87 122
87 124
87 134
87 142
87 237
88 153
88 175
88 189
88 192
88 204
88 228
88 290
88 299
88 1
88 23
88 34
88 58
88 60
88 70
88 75
88 84
88 90
88 122
88 125
88 141
88 143
88 147
88 238
89 150
89 209
89 230
89 280
89 284
89 3
89 20
89 27
89 33
89 41
89 47
89 72
89 74
89 75
89 101
89 114
89 121
89 133
89 139
89 146
89 239
90 159
90 163
90 217
90 224
90 226
90 247
90 251
90 258
90 265
90 271
90 281
90 7
90 26
90 27
90 35
90 63
90 83
90 88
90 91
90 95
90 104
90 105
90 106
90 109
90 138
90 144
90 240
91 168
91 203
91 211
91 228
91 241
91 242
91 268
91 275
91 1
91 6
91 11
91 26
91 36
91 46
91 48
91 59
91 63
91 67
91 90
91 140
91 142
92 160
92 165
92 188
92 194
92 198
92 204
92 219
92 228
92 231
92 236
92 254
92 1
92 8
92 15
92 23
92 28
92 50
92 96
92 106
92 111
92 120
92 123
92 146
92 242
93 153
93 161
93 174
93 189
93 203
93 204
93 210
93 226
93 229
93 236
93 244
93 249
93 254
93 256
93 0
93 21
93 29
93 49
93 56
93 64
93 79
93 84
93 97
93 99
93 104
93 105
93 112
93 119
93 123
93 128
93 136
93 139
93 143
93 243
94 178
94 189
94 193
94 198
94 205
94 206
94 211
94 212
94 220
94 225
94 228
94 229
94 233
94 234
94 235
94 244
94 246
94 271
94 278
94 293
94 5
94 7
94 12
94 15
94 25
94 45
94 56
94 57
94 69
94 79
94 96
94 99
94 107
94 111
94 115
94 128
95 161
95 163
95 164
95 194
95 213
95 217
95 222
95 224
95 229
95 235
95 241
95 275
95 278
95 10
95 63
95 66
95 68
95 73
95 90
95 97
95 101
95 133
95 245
96 156
96 181
96 199
96 201
96 213
96 214
96 218
96 254
96 262
96 264
96 266
96 282
96 285
96 1
96 9
96 20
96 22
96 28
96 34
96 52
96 55
96 58
96 62
96 65
96 71
96 78
96 81
96 92
96 94
96 98
96 117
96 128
96 129
96 246
97 157
97 178
97 189
97 190
97 227
97 233
97 236
97 254
97 273
97 274
97 287
97 294
97 18
97 28
97 38
97 47
97 58
97 81
97 93
97 95
97 104
97 106
97 122
97 146
97 147
97 247
98 154
98 158
98 168
98 177
98 190
98 193
98 199
98 209
98 212
98 213
98 218
98 221
98 224
98 227
98 228
98 230
98 272
98 279
98 295
98 296
98 0
98 1
98 15
98 28
98 37
98 53
98 61
98 96
98 107
98 113
98 114
98 248
99 158
99 161
99 162
99 163
99 176
99 209
99 213
99 214
99 224
99 252
99 257
99 258
99 264
99 266
99 274
99 275
99 276
99 280
99 286
99 287
99 0
99 1
99 23
99 31
99 36
99 73
99 84
99 85
99 93
99 94
99 115
99 125
99 128
99 144
99 249
100 171
100 179
100 187
100 195
100 203
100 218
100 219
100 235
100 250
100 254
100 283
100 287
100 292
100 0
100 6
100 12
100 18
100 42
100 75
100 79
100 113
100 115
100 116
100 135
100 141
100 144
101 153
101 180
101 185
101 232
101 234
101 235
101 250
101 285
101 5
101 16
101 17
101 28
101 39
101 47
101 58
101 62
101 89
101 95
101 132
101 137
101 149
101 251
102 160
102 178
102 192
102 200
102 201
102 202
102 230
102 236
102 237
102 245
102 247
102 248
102 251
102 253
102 265
102 266
102 277
102 292
102 296
102 5
102 25
102 38
102 40
102 54
102 69
102 73
102 104
102 106
102 128
102 132
102 133
102 137
102 138
102 139
102 142
102 145
102 252
103 151
103 162
103 164
103 170
103 173
103 185
103 194
103 196
103 236
103 242
103 248
103 249
103 256
103 263
103 266
103 273
103 281
103 283
103 291
103 299
103 1
103 4
103 5
103 32
103 46
103 51
103 56
103 62
103 70
103 81
103 84
103 85
103 253
104 185
104 190
104 193
104 217
104 229
104 250
104 267
104 274
104 287
104 295
104 15
104 23
104 46
104 52
104 55
104 60
104 70
104 90
104 93
104 97
104 102
104 117
104 136
104 143
104 144
104 254
105 159
105 167
105 183
105 190
105 191
105 194
105 210
105 227
105 246
105 248
105 249
105 286
105 294
105 5
105 14
105 15
105 42
105 52
105 57
105 60
105 65
105 71
105 73
105 90
105 93
105 106
105 107
105 122
105 124
105 125
105 126
105 134
105 255
106 162
106 169
106 179
106 199
106 206
106 215
106 229
106 245
106 247
106 248
106 249
106 260
106 264
106 272
106 276
106 24
106 46
106 48
106 51
106 55
106 60
106 79
106 90
106 92
106 97
106 102
106 105
106 127
106 131
106 142
106 146
106 256
107 161
107 162
107 163
107 176
107 187
107 220
107 225
107 231
107 233
107 258
107 267
107 273
107 281
107 289
107 291
107 295
107 2
107 17
107 31
107 46
107 47
107 65
107 74
107 76
107 94
107 98
107 105
107 117
107 123
107 141
107 257
108 162
108 177
108 197
108 200
108 239
108 253
108 261
108 267
108 271
108 283
108 286
108 288
108 291
108 14
108 16
108 22
108 84
108 111
108 117
108 126
108 137
108 144
108 147
108 258
109 223
109 230
109 231
109 237
109 244
109 247
109 248
109 253
109 287
109 288
109 292
109 294
109 4
109 33
109 35
109 39
109 70
109 90
109 139
109 141
109 145
109 149
109 259
110 163
110 164
110 175
110 181
110 213
110 219
110 231
110 233
110 269
110 279
110 1
110 3
110 19
110 36
110 40
110 56
110 57
110 69
110 81
110 127
110 132
110 260
111 174
111 189
111 205
111 209
111 222
111 228
111 229
111 245
111 260
111 271
111 277
111 278
111 279
111 292
111 3
111 6
111 7
111 27
111 39
111 40
111 65
111 75
111 84
111 92
111 94
111 108
111 116
111 129
111 132
111 261
112 151
112 159
112 177
112 183
112 188
112 190
112 194
112 197
112 213
112 231
112 240
112 242
112 4
112 17
112 21
112 53
112 55
112 63
112 72
112 75
112 76
112 82
112 93
112 129
112 132
112 138
112 262
113 156
113 158
113 159
113 168
113 172
113 176
113 208
113 212
113 228
113 238
113 250
113 265
113 274
113 276
113 15
113 18
113 31
113 41
113 43
113 49
113 53
113 71
113 98
113 100
113 120
113 125
113 130
113 131
113 263
114 200
114 202
114 218
114 231
114 236
114 256
114 274
114 294
114 298
114 8
114 40
114 50
114 57
114 61
114 66
114 89
114 98
114 123
114 124
114 125
114 126
114 139
114 264
115 150
115 171
115 179
115 190
115 207
115 223
115 242
115 243
115 244
115 246
115 283
115 297
115 11
115 14
115 21
115 38
115 46
115 47
115 81
115 87
115 94
115 99
115 100
115 126
115 127
115 129
115 131
115 133
115 139
115 147
115 265
116 198
116 230
116 239
116 253
116 257
116 267
116 269
116 13
116 16
116 29
116 33
116 52
116 54
116 58
116 72
116 77
116 80
116 86
116 100
116 111
116 125
116 128
116 133
116 139
116 266
117 155
117 160
117 194
117 207
117 223
117 252
117 256
117 274
117 290
117 4
117 11
117 22
117 35
117 36
117 44
117 58
117 64
117 73
117 96
117 104
117 107
117 108
117 119
117 131
117 136
117 140
117 142
117 144
117 267
118 173
118 185
118 193
118 218
118 220
118 225
118 234
118 239
118 258
118 267
118 269
118 270
118 286
118 16
118 35
118 43
118 51
118 58
118 73
118 120
118 121
118 129
118 144
118 268
119 168
119 179
119 221
119 223
119 255
119 261
119 262
119 264
119 271
119 272
119 276
119 278
119 287
119 7
119 17
119 43
119 45
119 50
119 53
119 56
119 69
119 79
119 81
119 83
119 93
119 117
119 136
119 140
119 146
119 269
120 165
120 166
120 167
120 168
120 169
120 193
120 209
120 214
120 242
120 264
120 269
120 274
120 277
120 9
120 10
120 16
120 23
120 51
120 54
120 56
120 73
120 84
120 92
120 113
120 118
120 126
120 146
120 270
121 169
121 171
121 192
121 203
121 209
121 226
121 260
121 268
121 281
121 6
121 8
121 15
121 19
121 23
121 31
121 35
121 38
121 44
121 65
121 71
121 76
121 82
121 89
121 118
121 137
121 141
121 271
122 150
122 168
122 192
122 196
122 205
122 210
122 211
122 219
122 220
122 223
122 228
122 232
122 235
122 247
122 252
122 265
122 266
122 268
122 275
122 2
122 6
122 9
122 16
122 21
122 35
122 36
122 55
122 57
122 60
122 66
122 83
122 87
122 88
122 97
122 105
122 146
122 272
123 150
123 160
123 168
123 196
123 199
123 205
123 248
123 249
123 256
123 266
123 274
123 0
123 7
123 14
123 18
123 21
123 36
123 48
123 55
123 70
123 72
123 73
123 76
123 81
123 92
123 93
123 107
123 114
123 273
124 163
124 172
124 174
124 182
124 197
124 226
124 227
124 262
124 267
124 270
124 278
124 286
124 293
124 298
124 24
124 32
124 40
124 64
124 71
124 76
124 87
124 105
124 114
124 130
124 139
124 147
124 274
125 151
125 161
125 172
125 178
125 191
125 211
125 218
125 229
125 245
125 246
125 249
125 254
125 256
125 258
125 279
125 284
125 286
125 287
125 289
125 292
125 0
125 27
125 28
125 32
125 35
125 40
125 41
125 51
125 59
125 69
125 72
125 81
125 83
125 86
125 88
125 99
125 105
125 113
125 114
125 116
125 127
125 137
125 144
125 146
125 275
126 164
126 165
126 167
126 174
126 190
126 193
126 207
126 224
126 226
126 236
126 237
126 243
126 250
126 252
126 255
126 256
126 4
126 7
126 17
126 22
126 33
126 34
126 47
126 61
126 78
126 105
126 108
126 114
126 115
126 120
126 130
126 141
126 142
126 143
126 276
127 156
127 178
127 226
127 241
127 246
127 256
127 257
127 258
127 260
127 271
127 293
127 298
127 3
127 4
127 9
127 16
127 19
127 21
127 46
127 50
127 55
127 71
127 82
127 106
127 110
127 115
127 125
127 131
127 133
127 137
127 277
128 178
128 185
128 186
128 187
128 196
128 208
128 209
128 230
128 235
128 250
128 252
128 263
128 268
128 284
128 1
128 6
128 15
128 22
128 35
128 36
128 42
128 45
128 74
128 82
128 93
128 94
128 96
128 99
128 102
128 116
128 135
128 278
129 184
129 200
129 215
129 227
129 233
129 264
129 273
129 275
129 278
129 293
129 5
129 28
129 30
129 42
129 45
129 66
129 68
129 70
129 74
129 96
129 111
129 112
129 115
129 118
129 130
129 131
129 134
129 140
129 142
129 147
129 149
129 279
130 170
130 178
130 191
130 192
130 195
130 200
130 215
130 216
130 222
130 223
130 225
130 237
130 260
130 261
130 266
130 284
130 3
130 4
130 9
130 10
130 18
130 20
130 31
130 33
130 65
130 69
130 75
130 77
130 113
130 124
130 126
130 129
130 131
130 138
130 280
131 153
131 193
131 205
131 220
131 228
131 253
131 261
131 262
131 270
131 271
131 299
131 2
131 5
131 14
131 33
131 54
131 55
131 86
131 106
131 113
131 115
131 117
131 127
131 129
131 130
131 143
131 146
131 281
132 150
132 151
132 153
132 163
132 168
132 174
132 176
132 179
132 187
132 202
132 204
132 205
132 206
132 212
132 220
132 227
132 244
132 248
132 265
132 270
132 286
132 288
132 294
132 298
132 54
132 55
132 57
132 60
132 61
132 80
132 101
132 102
132 110
132 111
132 112
132 135
132 138
132 282
133 155
133 163
133 177
133 180
133 186
133 197
133 206
133 213
133 239
133 243
133 253
133 278
133 288
133 23
133 27
133 42
133 45
133 55
133 89
133 95
133 102
133 115
133 116
133 127
133 144
133 283
134 150
134 153
134 165
134 178
134 215
134 223
134 226
134 235
134 263
134 266
134 284
134 287
134 0
134 9
134 14
134 20
134 33
134 46
134 60
134 67
134 84
134 87
134 105
134 129
134 141
134 147
135 168
135 178
135 185
135 190
135 244
135 259
135 282
135 25
135 40
135 44
135 53
135 55
135 57
135 59
135 84
135 100
135 128
135 132
135 139
135 285
136 171
136 186
136 188
136 195
136 198
136 227
136 231
136 235
136 236
136 242
136 250
136 257
136 260
136 273
136 275
136 289
136 15
136 33
136 38
136 44
136 56
136 57
136 73
136 77
136 93
136 104
136 117
136 119
136 149
136 286
137 153
137 156
137 160
137 179
137 193
137 200
137 217
137 218
137 223
137 229
137 240
137 246
137 263
137 276
137 289
137 7
137 13
137 19
137 29
137 30
137 43
137 46
137 47
137 73
137 80
137 81
137 101
137 102
137 108
137 121
137 125
137 127
137 148
137 287
138 150
138 164
138 166
138 178
138 182
138 191
138 196
138 211
138 263
138 264
138 267
138 7
138 42
138 56
138 61
138 81
138 90
138 102
138 112
138 130
138 132
138 288
139 155
139 162
139 184
139 189
139 222
139 233
139 241
139 243
139 256
139 266
139 277
139 284
139 294
139 296
139 8
139 10
139 15
139 18
139 23
139 30
139 42
139 59
139 72
139 74
139 81
139 83
139 89
139 93
139 102
139 109
139 114
139 115
139 116
139 124
139 135
139 147
139 289
140 169
140 185
140 188
140 201
140 213
140 216
140 220
140 235
140 243
140 255
140 265
140 297
140 11
140 14
140 16
140 29
140 39
140 56
140 59
140 69
140 72
140 81
140 91
140 117
140 119
140 129
140 142
140 145
140 290
141 165
141 182
141 184
141 188
141 196
141 228
141 242
141 250
141 260
141 5
141 35
141 71
141 73
141 86
141 88
141 100
141 107
141 109
141 121
141 126
141 134
141 291
142 155
142 157
142 162
142 163
142 174
142 180
142 209
142 214
142 259
142 268
142 273
142 279
142 285
142 292
142 4
142 21
142 30
142 31
142 36
142 44
142 55
142 57
142 69
142 87
142 91
142 102
142 106
142 117
142 126
142 129
142 140
143 163
143 178
143 190
143 212
143 234
143 242
143 251
143 266
143 284
143 288
143 11
143 13
143 19
143 31
143 35
143 39
143 78
143 88
143 93
143 104
143 126
143 131
143 146
143 293
144 160
144 161
144 164
144 170
144 177
144 200
144 202
144 204
144 221
144 224
144 274
144 4
144 22
144 34
144 37
144 71
144 80
144 86
144 90
144 99
144 100
144 104
144 108
144 117
144 118
144 125
144 133
144 148
144 294
145 160
145 161
145 175
145 194
145 216
145 222
145 223
145 225
145 232
145 248
145 262
145 269
145 275
145 293
145 294
145 3
145 23
145 27
145 33
145 35
145 48
145 52
145 78
145 85
145 102
145 109
145 140
145 295
146 163
146 179
146 186
146 238
146 265
146 278
146 1
146 2
146 14
146 18
146 23
146 25
146 55
146 56
146 69
146 89
146 92
146 97
146 106
146 119
146 120
146 122
146 125
146 131
146 143
146 148
146 296
147 164
147 179
147 194
147 206
147 209
147 212
147 214
147 224
147 227
147 231
147 244
147 271
147 279
147 0
147 15
147 40
147 45
147 60
147 78
147 79
147 88
147 97
147 108
147 115
147 124
147 129
147 134
147 139
147 148
147 297
148 150
148 163
148 165
148 167
148 177
148 205
148 211
148 213
148 259
148 271
148 274
148 2
148 7
148 8
148 14
148 18
148 23
148 24
148 26
148 39
148 44
148 74
148 77
148 86
148 137
148 144
148 146
148 147
148 298
149 150
149 165
149 169
149 187
149 196
149 197
149 208
149 217
149 222
149 223
149 236
149 239
149 240
149 245
149 259
149 265
149 266
149 272
149 280
149 287
149 290
149 292
149 297
149 3
149 7
149 8
149 11
149 23
149 49
149 62
149 69
149 101
149 109
149 129
149 136
149 299
150 5
150 11
150 14
150 19
150 23
150 31
150 43
150 47
150 58
150 74
150 78
150 89
150 115
150 122
150 123
150 132
150 134
150 138
150 148
150 149
150 0
151 4
151 6
151 31
151 36
151 43
151 48
151 49
151 66
151 87
151 103
151 112
151 125
151 132
151 1
152 15
152 46
152 48
152 53
152 59
152 68
152 82
152 2
153 9
153 16
153 27
153 36
153 38
153 48
153 49
153 65
153 67
153 74
153 79
153 82
153 88
153 93
153 101
153 131
153 132
153 134
153 137
153 3
154 3
154 10
154 37
154 54
154 87
154 98
154 4
155 13
155 16
155 18
155 20
155 26
155 28
155 36
155 38
155 74
155 117
155 133
155 139
155 142
155 5
156 2
156 12
156 27
156 28
156 37
156 56
156 62
156 65
156 86
156 96
156 113
156 127
156 137
156 6
157 3
157 19
157 23
157 27
157 30
157 35
157 62
157 63
157 71
157 79
157 97
157 142
157 7
158 11
158 22
158 51
158 55
158 65
158 68
158 80
158 98
158 99
158 113
158 8
159 13
159 16
159 22
159 32
159 44
159 90
159 105
159 112
159 113
159 9
160 4
160 20
160 22
160 26
160 29
160 45
160 46
160 53
160 58
160 73
160 75
160 81
160 92
160 102
160 117
160 123
160 137
160 144
160 145
160 10
161 48
161 63
161 66
161 68
161 82
161 93
161 95
161 99
161 107
161 125
161 144
161 145
161 11
162 9
162 30
162 45
162 60
162 62
162 65
162 74
162 99
162 103
162 106
162 107
162 108
162 139
162 142
162 12
163 1
163 6
163 13
163 14
163 32
163 36
163 70
163 72
163 75
163 77
163 83
163 90
163 95
163 99
163 107
163 110
163 124
163 132
163 133
163 142
163 143
163 146
163 148
164 21
164 23
164 34
164 72
164 76
164 95
164 103
164 110
164 126
164 138
164 144
164 147
164 14
165 18
165 22
165 43
165 57
165 67
165 87
165 92
165 120
165 126
165 134
165 141
165 148
165 149
165 15
166 11
166 12
166 15
166 26
166 43
166 53
166 59
166 79
166 81
166 82
166 120
166 138
166 16
167 0
167 43
167 50
167 54
167 60
167 69
167 105
167 120
167 126
167 148
167 17
168 7
168 14
168 18
168 19
168 29
168 51
168 62
168 68
168 71
168 76
168 80
168 91
168 98
168 113
168 119
168 120
168 122
168 123
168 132
168 135
169 12
169 14
169 32
169 58
169 70
169 81
169 106
169 120
169 121
169 140
169 149
169 19
170 3
170 5
170 27
170 45
170 65
170 83
170 86
170 103
170 130
170 144
170 20
171 8
171 22
171 24
171 25
171 41
171 42
171 64
171 74
171 100
171 115
171 121
171 136
171 21
172 1
172 17
172 40
172 41
172 113
172 124
172 125
172 22
173 6
173 10
173 11
173 24
173 26
173 33
173 47
173 52
173 61
173 63
173 65
173 70
173 74
173 84
173 103
173 118
173 23
174 19
174 25
174 26
174 45
174 46
174 84
174 93
174 111
174 124
174 126
174 132
174 142
174 24
175 5
175 23
175 27
175 30
175 40
175 46
175 48
175 57
175 64
175 68
175 78
175 88
175 110
175 145
175 25
176 4
176 5
176 16
176 35
176 46
176 57
176 61
176 66
176 74
176 87
176 99
176 107
176 113
176 132
176 26
177 2
177 12
177 30
177 39
177 48
177 56
177 63
177 86
177 98
177 108
177 112
177 133
177 144
177 148
177 27
178 6
178 14
178 23
178 34
178 41
178 57
178 60
178 65
178 77
178 94
178 97
178 102
178 125
178 127
178 128
178 130
178 134
178 135
178 138
178 143
178 28
179 34
179 44
179 46
179 51
179 52
179 55
179 73
179 87
179 100
179 106
179 115
179 119
179 132
179 137
179 146
179 147
179 29
180 3
180 10
180 26
180 33
180 36
180 42
180 59
180 76
180 79
180 85
180 101
180 133
180 142
180 30
181 4
181 7
181 14
181 23
181 25
181 26
181 27
181 54
181 67
181 82
181 96
181 110
181 31
182 45
182 67
182 68
182 71
182 73
182 82
182 124
182 138
182 141
182 32
183 4
183 46
183 50
183 73
183 105
183 112
183 33
184 9
184 30
184 43
184 53
184 62
184 83
184 129
184 139
184 141
184 34
185 14
185 15
185 30
185 35
185 43
185 50
185 70
185 86
185 101
185 103
185 104
185 118
185 128
185 135
185 140
186 16
186 18
186 21
186 24
186 29
186 36
186 78
186 85
186 128
186 133
186 136
186 146
187 13
187 18
187 29
187 31
187 35
187 37
187 53
187 63
187 64
187 72
187 75
187 80
187 100
187 107
187 128
187 132
187 149
188 2
188 15
188 18
188 25
188 30
188 39
188 52
188 79
188 86
188 92
188 112
188 136
188 140
188 141
188 38
189 5
189 7
189 22
189 43
189 56
189 64
189 79
189 85
189 88
189 93
189 94
189 97
189 111
189 139
189 39
190 19
190 46
190 49
190 52
190 60
190 71
190 73
190 83
190 97
190 98
190 104
190 105
190 112
190 115
190 126
190 135
190 143
190 40
191 2
191 6
191 46
191 47
191 51
191 68
191 70
191 76
191 105
191 125
191 130
191 138
191 41
192 13
192 24
192 29
192 34
192 35
192 50
192 59
192 78
192 88
192 102
192 121
192 122
192 130
192 42
193 4
193 5
193 23
193 27
193 29
193 30
193 31
193 51
193 55
193 58
193 66
193 68
193 80
193 94
193 98
193 104
193 118
193 120
193 126
193 131
193 137
193 43
194 9
194 29
194 37
194 48
194 55
194 92
194 95
194 103
194 105
194 112
194 117
194 145
194 147
194 44
195 0
195 1
195 9
195 28
195 63
195 100
195 130
195 136
195 45
196 0
196 20
196 29
196 32
196 44
196 45
196 51
196 61
196 63
196 69
196 75
196 77
196 86
196 103
196 122
196 123
196 128
196 138
196 141
196 149
196 46
197 5
197 41
197 50
197 64
197 84
197 108
197 112
197 124
197 133
197 149
197 47
198 2
198 17
198 18
198 26
198 41
198 45
198 71
198 76
198 83
198 84
198 92
198 94
198 116
198 136
198 48
199 8
199 29
199 60
199 72
199 81
199 87
199 96
199 98
199 106
199 123
199 49
200 1
200 7
200 8
200 22
200 26
200 41
200 55
200 56
200 63
200 80
200 81
200 102
200 108
200 114
200 129
200 130
200 137
200 144
200 50
201 15
201 17
201 22
201 27
201 28
201 32
201 45
201 46
201 70
201 72
201 76
201 81
201 85
201 87
201 96
201 102
201 140
201 51
202 3
202 36
202 41
202 44
202 54
202 55
202 63
202 102
202 114
202 132
202 144
202 52
203 43
203 68
203 78
203 79
203 82
203 85
203 91
203 93
203 100
203 121
203 53
204 13
204 14
204 21
204 26
204 36
204 38
204 64
204 70
204 88
204 92
204 93
204 132
204 144
204 54
205 55
205 56
205 58
205 94
205 111
205 122
205 123
205 131
205 132
205 148
206 14
206 25
206 46
206 63
206 64
206 68
206 73
206 78
206 84
206 94
206 106
206 132
206 133
206 147
206 56
207 19
207 23
207 31
207 40
207 54
207 71
207 115
207 117
207 126
207 57
208 7
208 8
208 13
208 28
208 56
208 113
208 128
208 149
208 58
209 18
209 19
209 40
209 51
209 56
209 71
209 80
209 89
209 98
209 99
209 111
209 120
209 121
209 128
209 142
209 147
209 59
210 2
210 10
210 11
210 15
210 17
210 18
210 35
210 47
210 53
210 66
210 81
210 82
210 84
210 86
210 87
210 93
210 105
210 122
210 60
211 14
211 32
211 34
211 37
211 38
211 45
211 49
211 53
211 54
211 61
211 62
211 69
211 73
211 77
211 78
211 83
211 91
211 94
211 122
211 125
211 138
211 148
212 21
212 34
212 45
212 82
212 85
212 94
212 98
212 113
212 132
212 143
212 147
212 62
213 17
213 25
213 27
213 34
213 39
213 42
213 45
213 46
213 47
213 57
213 64
213 75
213 77
213 82
213 84
213 95
213 96
213 98
213 99
213 110
213 112
213 133
213 140
213 148
213 63
214 1
214 22
214 25
214 26
214 52
214 67
214 83
214 96
214 99
214 120
214 142
214 147
214 64
215 3
215 26
215 33
215 54
215 65
215 71
215 84
215 106
215 129
215 130
215 134
216 11
216 18
216 22
216 41
216 44
216 56
216 64
216 130
216 140
216 145
216 66
217 8
217 11
217 31
217 39
217 65
217 67
217 74
217 90
217 95
217 104
217 137
217 149
218 10
218 11
218 13
218 45
218 48
218 53
218 55
218 96
218 98
218 100
218 114
218 118
218 125
218 137
218 68
219 18
219 23
219 24
219 28
219 30
219 54
219 55
219 57
219 61
219 71
219 92
219 100
219 110
219 122
219 69
220 20
220 23
220 26
220 64
220 94
220 107
220 118
220 122
220 131
220 132
220 140
220 70
221 15
221 28
221 71
221 85
221 98
221 119
221 144
222 16
222 48
222 72
222 79
222 95
222 111
222 130
222 139
222 145
222 149
223 13
223 31
223 32
223 53
223 57
223 109
223 115
223 117
223 119
223 122
223 130
223 134
223 137
223 145
223 149
223 73
224 2
224 3
224 8
224 16
224 25
224 28
224 36
224 46
224 71
224 90
224 95
224 98
224 99
224 126
224 144
224 147
224 74
225 2
225 8
225 10
225 11
225 15
225 26
225 37
225 44
225 52
225 57
225 62
225 73
225 82
225 94
225 107
225 118
225 130
225 145
225 75
226 32
226 43
226 46
226 59
226 62
226 90
226 93
226 121
226 124
226 126
226 127
226 134
226 76
227 5
227 7
227 11
227 20
227 24
227 26
227 43
227 46
227 51
227 65
227 76
227 78
227 79
227 81
227 97
227 98
227 105
227 124
227 129
227 132
227 136
227 147
227 77
228 18
228 42
228 52
228 53
228 88
228 91
228 92
228 94
228 98
228 111
228 113
228 122
228 131
228 141
228 78
229 5
229 54
229 59
229 66
229 69
229 93
229 94
229 95
229 104
229 106
229 111
229 125
229 137
229 79
230 12
230 50
230 56
230 75
230 87
230 89
230 98
230 102
230 109
230 116
230 128
230 80
231 12
231 17
231 24
231 25
231 29
231 77
231 92
231 107
231 109
231 110
231 112
231 114
231 136
231 147
231 81
232 15
232 24
232 36
232 55
232 62
232 76
232 77
232 83
232 101
232 122
232 145
232 82
233 9
233 10
233 11
233 29
233 39
233 46
233 57
233 74
233 78
233 81
233 94
233 97
233 107
233 110
233 129
233 139
233 83
234 0
234 3
234 35
234 36
234 49
234 67
234 75
234 84
234 94
234 101
234 118
234 143
235 0
235 19
235 28
235 34
235 36
235 41
235 44
235 49
235 50
235 51
235 94
235 95
235 100
235 101
235 122
235 128
235 134
235 136
235 140
235 85
236 19
236 20
236 25
236 28
236 46
236 66
236 87
236 92
236 93
236 97
236 102
236 103
236 114
236 126
236 136
236 149
236 86
237 46
237 49
237 54
237 74
237 84
237 102
237 109
237 126
237 130
237 87
238 5
238 19
238 21
238 49
238 68
238 69
238 78
238 79
238 113
238 146
238 88
239 2
239 16
239 51
239 63
239 64
239 69
239 82
239 108
239 116
239 118
239 133
239 149
239 89
240 3
240 26
240 31
240 57
240 65
240 112
240 137
240 149
240 90
241 12
241 91
241 95
241 127
241 139
242 27
242 44
242 50
242 69
242 70
242 72
242 91
242 103
242 112
242 115
242 120
242 136
242 141
242 143
242 92
243 2
243 21
243 23
243 25
243 30
243 37
243 66
243 69
243 115
243 126
243 133
243 139
243 140
243 93
244 9
244 35
244 67
244 77
244 93
244 94
244 109
244 115
244 132
244 135
244 147
245 9
245 12
245 27
245 39
245 58
245 62
245 68
245 102
245 106
245 111
245 125
245 149
245 95
246 5
246 11
246 25
246 29
246 33
246 40
246 45
246 48
246 66
246 68
246 83
246 84
246 94
246 105
246 115
246 125
246 127
246 137
246 96
247 0
247 4
247 6
247 8
247 18
247 31
247 42
247 45
247 68
247 80
247 90
247 102
247 106
247 109
247 122
247 97
248 0
248 34
248 52
248 61
248 67
248 76
248 102
248 103
248 105
248 106
248 109
248 123
248 132
248 145
248 98
249 4
249 22
249 53
249 60
249 67
249 77
249 93
249 103
249 105
249 106
249 123
249 125
249 99
250 7
250 18
250 46
250 47
250 50
250 70
250 86
250 100
250 101
250 104
250 113
250 126
250 128
250 136
250 141
251 24
251 31
251 57
251 59
251 60
251 65
251 90
251 102
251 143
251 101
252 36
252 99
252 117
252 122
252 126
252 128
252 102
253 7
253 10
253 13
253 14
253 25
253 27
253 35
253 55
253 58
253 63
253 70
253 72
253 81
253 83
253 102
253 108
253 109
253 116
253 131
253 133
253 103
254 1
254 13
254 20
254 24
254 31
254 49
254 56
254 57
254 60
254 63
254 92
254 93
254 96
254 97
254 100
254 125
254 104
255 3
255 6
255 10
255 39
255 52
255 54
255 60
255 119
255 126
255 140
255 105
256 2
256 9
256 10
256 49
256 51
256 69
256 85
256 93
256 103
256 114
256 117
256 123
256 125
256 126
256 127
256 139
256 106
257 0
257 8
257 10
257 16
257 20
257 30
257 47
257 57
257 67
257 77
257 79
257 99
257 116
257 127
257 136
257 107
258 9
258 15
258 30
258 50
258 67
258 70
258 75
258 85
258 90
258 99
258 107
258 118
258 125
258 127
258 108
259 4
259 13
259 28
259 34
259 66
259 68
259 76
259 80
259 135
259 142
259 148
259 149
259 109
260 12
260 25
260 34
260 38
260 39
260 41
260 58
260 64
260 74
260 79
260 106
260 111
260 121
260 127
260 130
260 136
260 141
260 110
261 25
261 46
261 51
261 75
261 85
261 87
261 108
261 119
261 130
261 131
261 111
262 15
262 21
262 22
262 27
262 37
262 45
262 48
262 64
262 82
262 96
262 119
262 124
262 131
262 145
262 112
263 9
263 26
263 42
263 45
263 65
263 66
263 70
263 103
263 128
263 134
263 137
263 138
263 113
264 47
264 60
264 81
264 96
264 99
264 106
264 119
264 120
264 129
264 138
264 114
265 5
265 55
265 63
265 66
265 74
265 85
265 90
265 102
265 113
265 122
265 132
265 140
265 146
265 149
265 115
266 8
266 32
266 35
266 61
266 65
266 77
266 78
266 80
266 96
266 99
266 102
266 103
266 122
266 123
266 130
266 134
266 139
266 143
266 149
266 116
267 1
267 18
267 42
267 104
267 107
267 108
267 116
267 118
267 124
267 138
267 117
268 13
268 15
268 91
268 121
268 122
268 128
268 142
268 118
269 18
269 21
269 48
269 54
269 64
269 110
269 116
269 118
269 120
269 145
269 119
270 16
270 26
270 31
270 70
270 72
270 81
270 118
270 124
270 131
270 132
270 120
271 12
271 22
271 26
271 41
271 42
271 44
271 52
271 66
271 69
271 90
271 94
271 108
271 111
271 119
271 127
271 131
271 147
271 148
271 121
272 10
272 15
272 29
272 45
272 49
272 77
272 83
272 98
272 106
272 119
272 149
272 122
273 13
273 18
273 24
273 27
273 41
273 56
273 57
273 64
273 77
273 84
273 97
273 103
273 107
273 129
273 136
273 142
273 123
274 18
274 48
274 59
274 65
274 74
274 79
274 81
274 83
274 97
274 99
274 104
274 113
274 114
274 117
274 120
274 123
274 144
274 148
274 124
275 13
275 15
275 25
275 29
275 48
275 56
275 64
275 77
275 91
275 95
275 99
275 122
275 129
275 136
275 145
275 125
276 24
276 27
276 43
276 60
276 72
276 76
276 87
276 99
276 106
276 113
276 119
276 137
276 126
277 2
277 9
277 27
277 41
277 55
277 65
277 70
277 79
277 102
277 111
277 120
277 139
277 127
278 6
278 11
278 23
278 29
278 30
278 52
278 80
278 94
278 95
278 111
278 119
278 124
278 129
278 133
278 146
278 128
279 0
279 1
279 7
279 54
279 55
279 59
279 64
279 65
279 76
279 78
279 79
279 98
279 110
279 111
279 125
279 142
279 147
279 129
280 9
280 12
280 14
280 23
280 30
280 43
280 89
280 99
280 149
280 130
281 5
281 26
281 27
281 37
281 39
281 46
281 48
281 50
281 57
281 60
281 68
281 74
281 76
281 85
281 90
281 103
281 107
281 121
281 131
282 38
282 39
282 46
282 47
282 58
282 65
282 66
282 82
282 96
282 135
282 132
283 0
283 2
283 15
283 20
283 25
283 71
283 100
283 103
283 108
283 115
283 133
284 20
284 23
284 24
284 28
284 34
284 46
284 59
284 65
284 66
284 76
284 79
284 81
284 89
284 125
284 128
284 130
284 134
284 139
284 143
285 8
285 23
285 31
285 54
285 59
285 67
285 69
285 84
285 96
285 101
285 142
285 135
286 4
286 7
286 13
286 26
286 36
286 45
286 50
286 51
286 79
286 84
286 99
286 105
286 108
286 118
286 124
286 125
286 132
286 136
287 1
287 5
287 12
287 17
287 28
287 44
287 97
287 99
287 100
287 104
287 109
287 119
287 125
287 134
287 149
287 137
288 5
288 7
288 17
288 51
288 62
288 108
288 109
288 132
288 133
288 143
288 138
289 8
289 9
289 11
289 16
289 17
289 23
289 25
289 26
289 28
289 33
289 38
289 84
289 107
289 125
289 136
289 137
289 139
290 3
290 4
290 29
290 64
290 88
290 117
290 149
290 140
291 8
291 17
291 31
291 48
291 54
291 65
291 75
291 103
291 107
291 108
291 141
292 5
292 13
292 26
292 45
292 52
292 66
292 100
292 102
292 109
292 111
292 125
292 142
292 149
293 0
293 13
293 25
293 36
293 56
293 64
293 66
293 67
293 82
293 84
293 85
293 94
293 124
293 127
293 129
293 145
293 143
294 6
294 7
294 14
294 17
294 22
294 36
294 44
294 56
294 65
294 68
294 81
294 97
294 105
294 109
294 114
294 132
294 139
294 145
294 144
295 27
295 29
295 46
295 67
295 98
295 104
295 107
295 145
296 37
296 40
296 48
296 53
296 59
296 63
296 72
296 82
296 98
296 102
296 139
296 146
297 2
297 8
297 18
297 25
297 35
297 44
297 56
297 59
297 77
297 86
297 115
297 140
297 149
297 147
298 0
298 1
298 5
298 29
298 30
298 35
298 37
298 51
298 74
298 85
298 87
298 114
298 124
298 127
298 132
298 148
299 6
299 19
299 22
299 36
299 44
299 45
299 61
299 66
299 80
299 88
299 103
299 131
299 149
