  300   1424
0 210
0 269
0 278
0 286
0 8
0 30
0 68
0 93
0 142
0 150
1 184
1 189
1 272
1 285
1 18
1 29
1 118
1 123
1 151
2 226
2 265
2 290
2 13
2 46
2 65
2 85
2 105
2 118
2 125
2 147
2 152
3 216
3 224
3 249
3 7
3 17
3 52
3 54
3 71
3 75
3 101
3 117
3 125
3 128
3 139
3 153
4 159
4 171
4 237
4 272
4 12
4 41
4 70
4 73
4 124
4 154
5 196
5 210
5 242
5 243
5 247
5 273
5 293
5 8
5 11
5 49
5 58
5 96
5 120
5 143
5 155
6 165
6 179
6 181
6 279
6 19
6 21
6 47
6 64
6 68
6 103
6 156
7 154
7 167
7 168
7 188
7 201
7 215
7 252
7 255
7 295
7 3
7 17
7 47
7 56
7 89
7 115
7 124
7 134
7 137
7 157
8 155
8 168
8 235
8 259
8 294
8 0
8 5
8 17
8 32
8 102
8 121
8 147
8 158
9 217
9 238
9 240
9 269
9 64
9 86
9 116
9 131
9 140
9 159
10 222
10 227
10 33
10 71
10 72
10 88
10 124
10 125
10 145
10 160
11 174
11 216
11 267
11 293
11 5
11 28
11 98
11 104
11 126
11 161
12 210
12 279
12 4
12 27
12 41
12 62
12 68
12 104
12 140
12 162
13 191
13 197
13 283
13 285
13 2
13 55
13 91
13 97
13 102
13 117
13 163
14 221
14 239
14 248
14 23
14 77
14 88
14 90
14 101
14 104
14 115
14 118
14 124
14 144
14 148
14 164
15 153
15 158
15 163
15 179
15 220
15 234
15 240
15 258
15 291
15 49
15 82
15 145
15 165
16 169
16 195
16 205
16 211
16 265
16 274
16 289
16 295
16 24
16 41
16 93
16 141
16 166
17 152
17 155
17 187
17 284
17 3
17 7
17 8
17 37
17 107
17 111
17 118
17 121
17 138
17 167
18 156
18 226
18 256
18 279
18 299
18 180
18 1
18 19
18 44
18 48
18 63
18 76
18 87
18 116
18 133
18 168
19 194
19 6
19 18
19 39
19 62
19 81
19 83
19 90
19 97
19 98
19 148
19 169
20 265
20 23
20 25
20 36
20 90
20 120
20 127
20 148
20 170
21 157
21 175
21 6
21 23
21 32
21 43
21 57
21 75
21 115
21 144
21 171
22 154
22 161
22 203
22 252
22 267
22 59
22 121
22 137
22 172
23 151
23 177
23 182
23 192
23 201
23 205
23 14
23 20
23 21
23 24
23 32
23 39
23 40
23 41
23 49
23 85
23 99
23 121
23 134
23 173
24 230
24 16
24 23
24 34
24 64
24 67
24 90
24 91
24 112
24 125
24 130
24 142
24 174
25 159
25 174
25 194
25 221
25 237
25 249
25 273
25 20
25 26
25 42
25 54
25 58
25 89
25 98
25 101
25 104
25 175
26 153
26 160
26 165
26 177
26 202
26 252
26 253
26 262
26 268
26 282
26 293
26 25
26 64
26 69
26 78
26 107
26 115
26 144
26 176
27 194
27 233
27 246
27 255
27 12
27 35
27 84
27 92
27 144
27 177
28 179
28 11
28 32
28 65
28 72
28 104
28 137
28 148
28 178
29 160
29 218
29 1
29 31
29 74
29 75
29 97
29 110
29 122
29 123
29 179
30 160
30 202
30 210
30 215
30 235
30 237
30 247
30 0
30 56
30 62
30 78
30 104
30 126
30 137
30 138
30 139
30 180
31 192
31 210
31 223
31 29
31 55
31 65
31 68
31 93
31 116
31 125
31 149
31 181
32 161
32 173
32 190
32 268
32 288
32 290
32 8
32 21
32 23
32 28
32 80
32 101
32 116
32 182
33 252
33 272
33 296
33 10
33 50
33 62
33 80
33 121
33 135
33 183
34 171
34 203
34 204
34 217
34 224
34 240
34 280
34 24
34 40
34 66
34 116
34 184
35 184
35 208
35 220
35 232
35 251
35 280
35 27
35 123
35 129
35 141
35 185
36 153
36 184
36 198
36 233
36 248
36 265
36 20
36 38
36 39
36 41
36 48
36 93
36 94
36 186
37 166
37 170
37 178
37 184
37 245
37 260
37 280
37 17
37 51
37 56
37 68
37 139
37 142
37 187
38 206
38 251
38 293
38 36
38 65
38 68
38 70
38 85
38 188
39 176
39 208
39 236
39 19
39 23
39 36
39 88
39 91
39 93
39 107
39 118
39 129
39 189
40 176
40 284
40 285
40 293
40 294
40 23
40 34
40 50
40 53
40 64
40 86
40 101
40 119
40 127
40 147
40 190
41 169
41 181
41 193
41 244
41 265
41 289
41 4
41 12
41 16
41 23
41 36
41 44
41 59
41 68
41 70
41 91
41 127
41 191
42 163
42 236
42 25
42 57
42 72
42 105
42 113
42 118
42 121
42 123
42 192
43 200
43 246
43 256
43 288
43 293
43 21
43 51
43 77
43 116
43 133
43 193
44 169
44 183
44 210
44 214
44 260
44 18
44 41
44 80
44 100
44 102
44 194
45 220
45 239
45 242
45 248
45 106
45 107
45 117
45 131
45 137
45 195
46 223
46 233
46 299
46 2
46 48
46 51
46 58
46 60
46 79
46 82
46 85
46 87
46 96
46 105
46 117
46 196
47 184
47 203
47 254
47 267
47 6
47 7
47 87
47 127
47 132
47 141
47 197
48 154
48 162
48 165
48 218
48 248
48 267
48 277
48 18
48 36
48 46
48 87
48 115
48 123
48 137
48 145
48 198
49 151
49 272
49 281
49 5
49 15
49 23
49 60
49 63
49 83
49 199
50 187
50 299
50 33
50 40
50 51
50 52
50 60
50 109
50 200
51 164
51 198
51 238
51 37
51 43
51 46
51 50
51 58
51 74
51 83
51 98
51 110
51 135
51 201
52 198
52 3
52 50
52 64
52 84
52 86
52 88
52 109
52 111
52 202
53 173
53 40
53 80
53 100
53 203
54 158
54 178
54 181
54 228
54 239
54 254
54 288
54 293
54 3
54 25
54 107
54 115
54 133
54 141
54 204
55 237
55 289
55 13
55 31
55 56
55 69
55 82
55 118
55 119
55 137
55 140
55 141
55 205
56 211
56 231
56 247
56 273
56 275
56 7
56 30
56 37
56 55
56 60
56 79
56 84
56 120
56 206
57 164
57 165
57 198
57 210
57 229
57 239
57 254
57 285
57 290
57 21
57 42
57 85
57 100
57 110
57 123
57 128
57 207
58 159
58 161
58 162
58 197
58 251
58 264
58 294
58 299
58 5
58 25
58 46
58 51
58 60
58 63
58 65
58 72
58 89
58 101
58 109
58 120
58 208
59 181
59 221
59 232
59 241
59 271
59 273
59 287
59 22
59 41
59 63
59 74
59 78
59 98
59 139
59 209
60 161
60 209
60 238
60 239
60 245
60 246
60 274
60 286
60 296
60 46
60 49
60 50
60 56
60 58
60 78
60 86
60 107
60 133
60 137
60 143
60 145
60 147
60 149
60 210
61 168
61 172
61 178
61 183
61 194
61 202
61 208
61 223
61 281
61 64
61 71
61 83
61 86
61 90
61 211
62 192
62 218
62 261
62 263
62 271
62 12
62 19
62 30
62 33
62 76
62 111
62 133
62 142
62 146
62 147
62 212
63 169
63 177
63 195
63 202
63 204
63 222
63 283
63 18
63 49
63 58
63 59
63 107
63 113
63 122
63 144
63 213
64 151
64 198
64 212
64 230
64 235
64 260
64 264
64 274
64 6
64 9
64 24
64 26
64 40
64 52
64 61
64 125
64 127
64 214
65 151
65 165
65 240
65 267
65 282
65 2
65 28
65 31
65 38
65 58
65 82
65 215
66 163
66 173
66 264
66 34
66 71
66 72
66 83
66 110
66 134
66 136
66 145
66 147
66 216
67 152
67 211
67 229
67 246
67 262
67 24
67 84
67 108
67 131
67 135
67 217
68 183
68 222
68 270
68 279
68 297
68 0
68 6
68 12
68 31
68 37
68 38
68 41
68 98
68 102
68 113
68 218
69 163
69 264
69 275
69 26
69 55
69 105
69 219
70 153
70 186
70 201
70 206
70 4
70 38
70 41
70 91
70 93
70 98
70 142
70 148
70 220
71 156
71 161
71 185
71 190
71 248
71 3
71 10
71 61
71 66
71 80
71 86
71 132
71 138
71 148
71 221
72 166
72 174
72 245
72 258
72 276
72 279
72 292
72 295
72 10
72 28
72 42
72 58
72 66
72 114
72 115
72 222
73 150
73 165
73 206
73 250
73 4
73 91
73 97
73 223
74 212
74 219
74 222
74 233
74 236
74 275
74 281
74 29
74 51
74 59
74 83
74 107
74 120
74 147
74 149
74 224
75 209
75 241
75 3
75 21
75 29
75 83
75 130
75 138
75 225
76 206
76 208
76 226
76 269
76 276
76 295
76 297
76 18
76 62
76 101
77 153
77 175
77 178
77 210
77 239
77 243
77 268
77 273
77 295
77 14
77 43
77 138
77 143
77 227
78 239
78 259
78 263
78 270
78 26
78 30
78 59
78 60
78 86
78 94
78 113
78 119
78 132
78 228
79 166
79 252
79 270
79 46
79 56
79 91
79 229
80 168
80 262
80 32
80 33
80 44
80 53
80 71
80 108
80 114
80 138
80 139
80 147
80 230
81 173
81 185
81 187
81 211
81 259
81 278
81 19
81 231
82 158
82 193
82 199
82 225
82 231
82 265
82 15
82 46
82 55
82 65
82 84
82 107
82 135
82 138
82 232
83 166
83 200
83 220
83 230
83 232
83 236
83 250
83 274
83 19
83 49
83 51
83 61
83 66
83 74
83 75
83 105
83 107
83 111
83 121
83 123
83 146
83 233
84 206
84 212
84 213
84 232
84 27
84 52
84 56
84 67
84 82
84 121
84 234
85 150
85 196
85 200
85 214
85 220
85 232
85 262
85 276
85 291
85 2
85 23
85 38
85 46
85 57
85 88
85 103
85 122
85 145
85 235
86 181
86 191
86 205
86 213
86 268
86 276
86 9
86 40
86 52
86 60
86 61
86 71
86 78
86 87
86 236
87 169
87 178
87 185
87 238
87 243
87 292
87 18
87 46
87 47
87 48
87 86
87 88
87 108
87 113
87 124
87 130
87 133
87 237
88 156
88 195
88 229
88 10
88 14
88 39
88 52
88 85
88 87
88 97
88 100
88 125
88 146
88 148
88 238
89 214
89 232
89 243
89 264
89 282
89 7
89 25
89 58
89 103
89 239
90 153
90 229
90 283
90 14
90 19
90 20
90 24
90 61
90 122
90 149
90 240
91 166
91 207
91 249
91 263
91 13
91 24
91 39
91 41
91 70
91 73
91 79
91 138
91 141
91 241
92 178
92 228
92 248
92 264
92 272
92 274
92 289
92 27
92 120
92 127
92 129
92 242
93 215
93 287
93 0
93 16
93 31
93 36
93 39
93 70
93 120
93 243
94 161
94 166
94 189
94 192
94 194
94 197
94 231
94 36
94 78
94 145
94 244
95 159
95 188
95 198
95 200
95 239
95 249
95 250
95 258
95 287
95 293
95 112
95 123
95 136
95 245
96 151
96 195
96 214
96 235
96 238
96 242
96 245
96 5
96 46
96 116
96 120
96 135
96 146
96 148
96 246
97 217
97 254
97 256
97 273
97 13
97 19
97 29
97 73
97 88
97 99
97 123
97 126
97 147
97 247
98 154
98 280
98 11
98 19
98 25
98 51
98 59
98 68
98 70
98 103
98 104
98 106
98 124
98 127
98 248
99 185
99 206
99 265
99 289
99 291
99 295
99 23
99 97
99 104
99 120
99 123
99 125
99 127
99 132
99 135
99 137
99 146
99 249
100 150
100 248
100 263
100 277
100 44
100 53
100 57
100 88
100 250
101 168
101 174
101 204
101 280
101 3
101 14
101 25
101 32
101 40
101 58
101 76
101 102
101 129
101 251
102 173
102 206
102 218
102 263
102 8
102 13
102 44
102 68
102 101
102 119
102 133
102 146
102 147
102 252
103 152
103 177
103 191
103 273
103 278
103 6
103 85
103 89
103 98
103 126
103 253
104 174
104 188
104 210
104 242
104 268
104 276
104 283
104 11
104 12
104 14
104 25
104 28
104 30
104 98
104 99
104 128
104 129
104 132
104 133
104 147
104 254
105 203
105 236
105 265
105 285
105 298
105 2
105 42
105 46
105 69
105 83
105 118
105 137
105 255
106 177
106 194
106 196
106 200
106 211
106 240
106 45
106 98
106 121
106 130
106 136
106 256
107 260
107 277
107 17
107 26
107 39
107 45
107 54
107 60
107 63
107 74
107 82
107 83
107 114
107 120
107 124
107 257
108 167
108 204
108 213
108 243
108 250
108 260
108 289
108 67
108 80
108 87
108 138
108 258
109 189
109 50
109 52
109 58
109 112
109 120
109 126
109 129
109 132
109 259
110 183
110 208
110 223
110 239
110 285
110 29
110 51
110 57
110 66
110 140
110 260
111 218
111 17
111 52
111 62
111 83
111 113
111 121
111 149
111 261
112 186
112 196
112 245
112 269
112 294
112 24
112 95
112 109
112 118
112 262
113 167
113 42
113 63
113 68
113 78
113 87
113 111
113 263
114 172
114 198
114 200
114 203
114 270
114 272
114 72
114 80
114 107
114 136
114 139
114 264
115 172
115 192
115 248
115 252
115 254
115 7
115 14
115 21
115 26
115 48
115 54
115 72
115 265
116 156
116 248
116 279
116 9
116 18
116 31
116 32
116 34
116 43
116 96
116 129
116 149
116 266
117 170
117 183
117 205
117 262
117 278
117 287
117 3
117 13
117 45
117 46
117 267
118 175
118 187
118 197
118 218
118 268
118 1
118 2
118 14
118 17
118 39
118 42
118 55
118 105
118 112
118 123
118 126
119 150
119 211
119 227
119 238
119 246
119 254
119 40
119 55
119 78
119 102
119 135
119 136
119 145
119 269
120 183
120 291
120 297
120 5
120 20
120 56
120 58
120 74
120 92
120 93
120 96
120 99
120 107
120 109
120 131
120 270
121 164
121 202
121 237
121 240
121 246
121 258
121 281
121 282
121 8
121 17
121 22
121 23
121 33
121 42
121 83
121 84
121 106
121 111
121 148
121 271
122 183
122 29
122 63
122 85
122 90
122 127
122 272
123 185
123 195
123 209
123 275
123 1
123 29
123 35
123 42
123 48
123 57
123 83
123 95
123 97
123 99
123 118
123 139
123 143
123 147
123 273
124 168
124 245
124 250
124 267
124 273
124 280
124 282
124 4
124 7
124 10
124 14
124 87
124 98
124 107
124 132
124 141
124 146
124 274
125 165
125 268
125 289
125 2
125 3
125 10
125 24
125 31
125 64
125 88
125 99
125 275
126 175
126 282
126 11
126 30
126 97
126 103
126 109
126 118
126 133
126 276
127 167
127 197
127 228
127 276
127 291
127 20
127 40
127 41
127 47
127 64
127 92
127 98
127 99
127 122
127 128
127 277
128 182
128 254
128 270
128 291
128 3
128 57
128 104
128 127
128 278
129 169
129 177
129 183
129 240
129 266
129 35
129 39
129 92
129 101
129 104
129 109
129 116
129 142
129 279
130 158
130 218
130 245
130 24
130 75
130 87
130 106
130 280
131 237
131 9
131 45
131 67
131 120
131 141
131 281
132 156
132 164
132 188
132 206
132 228
132 47
132 71
132 78
132 99
132 104
132 109
132 124
132 282
133 162
133 169
133 177
133 197
133 200
133 297
133 18
133 43
133 54
133 60
133 62
133 87
133 102
133 104
133 126
133 149
133 283
134 192
134 218
134 220
134 222
134 243
134 257
134 283
134 295
134 7
134 23
134 66
134 284
135 167
135 198
135 212
135 220
135 294
135 33
135 51
135 67
135 82
135 96
135 99
135 119
135 138
135 143
135 146
135 285
136 189
136 198
136 236
136 250
136 268
136 296
136 66
136 95
136 106
136 114
136 119
136 146
136 286
137 193
137 225
137 256
137 264
137 282
137 7
137 22
137 28
137 30
137 45
137 48
137 55
137 60
137 99
137 105
137 143
137 287
138 158
138 179
138 216
138 242
138 262
138 299
138 17
138 30
138 71
138 75
138 77
138 80
138 82
138 91
138 108
138 135
138 147
138 288
139 150
139 221
139 232
139 275
139 281
139 3
139 30
139 37
139 59
139 80
139 114
139 123
139 149
139 289
140 219
140 9
140 12
140 55
140 110
140 290
141 186
141 195
141 244
141 277
141 278
141 292
141 16
141 35
141 47
141 54
141 55
141 91
141 124
141 131
141 291
142 163
142 198
142 207
142 236
142 255
142 264
142 270
142 296
142 0
142 24
142 37
142 62
142 70
142 129
142 292
143 188
143 207
143 213
143 229
143 236
143 276
143 5
143 60
143 77
143 123
143 135
143 137
143 147
143 293
144 223
144 250
144 14
144 21
144 26
144 27
144 63
144 294
145 150
145 226
145 238
145 279
145 298
145 10
145 15
145 48
145 60
145 66
145 85
145 94
145 119
145 148
145 295
146 157
146 160
146 169
146 173
146 243
146 62
146 83
146 88
146 96
146 99
146 102
146 124
146 135
146 136
146 147
146 296
147 193
147 194
147 195
147 199
147 295
147 2
147 8
147 40
147 60
147 62
147 66
147 74
147 80
147 97
147 102
147 104
147 123
147 138
147 143
147 146
147 297
148 193
148 215
148 240
148 262
148 273
148 14
148 19
148 20
148 28
148 70
148 71
148 88
148 96
148 121
148 145
148 298
149 162
149 169
149 219
149 246
149 255
149 267
149 31
149 60
149 74
149 90
149 111
149 116
149 133
149 139
149 299
150 73
150 85
150 100
150 119
150 139
150 145
150 0
151 23
151 49
151 64
151 65
151 96
151 1
152 17
152 67
152 103
152 2
153 15
153 26
153 36
153 70
153 77
153 90
153 3
154 7
154 22
154 48
154 98
154 4
155 8
155 17
155 5
156 18
156 71
156 88
156 116
156 132
156 6
157 21
157 146
157 7
158 15
158 54
158 82
158 130
158 138
158 8
159 4
159 25
159 58
159 95
159 9
160 26
160 29
160 30
160 146
160 10
161 22
161 32
161 58
161 60
161 71
161 94
161 11
162 48
162 58
162 133
162 149
162 12
163 15
163 42
163 66
163 69
163 142
163 13
164 51
164 57
164 121
164 132
164 14
165 6
165 26
165 48
165 57
165 65
165 73
165 125
165 15
166 37
166 72
166 79
166 83
166 91
166 94
166 16
167 7
167 108
167 113
167 127
167 135
167 17
168 7
168 8
168 61
168 80
168 101
168 124
168 18
169 16
169 41
169 44
169 63
169 87
169 129
169 133
169 146
169 149
169 19
170 37
170 117
170 20
171 4
171 34
171 21
172 61
172 114
172 115
172 22
173 32
173 53
173 66
173 81
173 102
173 146
173 23
174 11
174 25
174 72
174 101
174 104
174 24
175 21
175 77
175 118
175 126
175 25
176 39
176 40
176 26
177 23
177 26
177 63
177 103
177 106
177 129
177 133
177 27
178 37
178 54
178 61
178 77
178 87
178 92
178 28
179 6
179 15
179 28
179 138
179 29
180 18
180 30
181 6
181 41
181 54
181 59
181 86
181 31
182 23
182 128
182 32
183 44
183 61
183 68
183 110
183 117
183 120
183 122
183 129
183 33
184 1
184 35
184 36
184 37
184 47
184 34
185 71
185 81
185 87
185 99
185 123
185 35
186 70
186 112
186 141
186 36
187 17
187 50
187 81
187 118
187 37
188 7
188 95
188 104
188 132
188 143
188 38
189 1
189 94
189 109
189 136
189 39
190 32
190 71
190 40
191 13
191 86
191 103
191 41
192 23
192 31
192 62
192 94
192 115
192 134
192 42
193 41
193 82
193 137
193 147
193 148
193 43
194 19
194 25
194 27
194 61
194 94
194 106
194 147
194 44
195 16
195 63
195 88
195 96
195 123
195 141
195 147
195 45
196 5
196 85
196 106
196 112
196 46
197 13
197 58
197 94
197 118
197 127
197 133
197 47
198 36
198 51
198 52
198 57
198 64
198 95
198 114
198 135
198 136
198 142
198 48
199 82
199 147
199 49
200 43
200 83
200 85
200 95
200 106
200 114
200 133
200 50
201 7
201 23
201 70
201 51
202 26
202 30
202 61
202 63
202 121
202 52
203 22
203 34
203 47
203 105
203 114
203 53
204 34
204 63
204 101
204 108
204 54
205 16
205 23
205 86
205 117
205 55
206 38
206 70
206 73
206 76
206 84
206 99
206 102
206 132
206 56
207 91
207 142
207 143
207 57
208 35
208 39
208 61
208 76
208 110
208 58
209 60
209 75
209 123
209 59
210 0
210 5
210 12
210 30
210 31
210 44
210 57
210 77
210 104
210 60
211 16
211 56
211 67
211 81
211 106
211 119
211 61
212 64
212 74
212 84
212 135
212 62
213 84
213 86
213 108
213 143
213 63
214 44
214 85
214 89
214 96
214 64
215 7
215 30
215 93
215 148
215 65
216 3
216 11
216 138
216 66
217 9
217 34
217 97
217 67
218 29
218 48
218 62
218 102
218 111
218 118
218 130
218 134
218 68
219 74
219 140
219 149
219 69
220 15
220 35
220 45
220 83
220 85
220 134
220 135
220 70
221 14
221 25
221 59
221 139
221 71
222 10
222 63
222 68
222 74
222 134
222 72
223 31
223 46
223 61
223 110
223 144
223 73
224 3
224 34
224 74
225 82
225 137
225 75
226 2
226 18
226 76
226 145
227 10
227 119
227 77
228 54
228 92
228 127
228 132
228 78
229 57
229 67
229 88
229 90
229 143
229 79
230 24
230 64
230 83
230 80
231 56
231 82
231 94
231 81
232 35
232 59
232 83
232 84
232 85
232 89
232 139
232 82
233 27
233 36
233 46
233 74
233 83
234 15
234 84
235 8
235 30
235 64
235 96
235 85
236 39
236 42
236 74
236 83
236 105
236 136
236 142
236 143
236 86
237 4
237 25
237 30
237 55
237 121
237 131
237 87
238 9
238 51
238 60
238 87
238 96
238 119
238 145
238 88
239 14
239 45
239 54
239 57
239 60
239 77
239 78
239 95
239 110
239 89
240 9
240 15
240 34
240 65
240 106
240 121
240 129
240 148
240 90
241 59
241 75
241 91
242 5
242 45
242 96
242 104
242 138
242 92
243 5
243 77
243 87
243 89
243 108
243 134
243 146
243 93
244 41
244 141
244 94
245 37
245 60
245 72
245 96
245 112
245 124
245 130
245 95
246 27
246 43
246 60
246 67
246 119
246 121
246 149
246 96
247 5
247 30
247 56
247 97
248 14
248 36
248 45
248 48
248 71
248 92
248 100
248 115
248 116
248 98
249 3
249 25
249 91
249 95
249 99
250 73
250 83
250 95
250 108
250 124
250 136
250 144
250 100
251 35
251 38
251 58
251 101
252 7
252 22
252 26
252 33
252 79
252 115
252 102
253 26
253 103
254 47
254 54
254 57
254 97
254 115
254 119
254 128
254 104
255 7
255 27
255 142
255 149
255 105
256 18
256 43
256 97
256 137
256 106
257 134
257 107
258 15
258 72
258 95
258 121
258 108
259 8
259 78
259 81
259 109
260 37
260 44
260 64
260 107
260 108
260 110
261 62
261 111
262 26
262 67
262 80
262 85
262 117
262 138
262 148
262 112
263 62
263 78
263 91
263 100
263 102
263 113
264 58
264 64
264 66
264 69
264 89
264 92
264 137
264 142
264 114
265 2
265 16
265 20
265 36
265 41
265 82
265 99
265 105
265 115
266 129
266 116
267 11
267 22
267 47
267 48
267 65
267 124
267 149
267 117
268 26
268 32
268 77
268 86
268 104
268 118
268 125
268 136
269 0
269 9
269 76
269 112
269 119
270 68
270 78
270 79
270 114
270 128
270 142
270 120
271 59
271 62
271 121
272 1
272 4
272 33
272 49
272 92
272 114
272 122
273 5
273 25
273 56
273 59
273 77
273 97
273 103
273 124
273 148
273 123
274 16
274 60
274 64
274 83
274 92
274 124
275 56
275 69
275 74
275 123
275 139
275 125
276 72
276 76
276 85
276 86
276 104
276 127
276 143
276 126
277 48
277 100
277 107
277 141
277 127
278 0
278 81
278 103
278 117
278 141
278 128
279 6
279 12
279 18
279 68
279 72
279 116
279 145
279 129
280 34
280 35
280 37
280 98
280 101
280 124
280 130
281 49
281 61
281 74
281 121
281 139
281 131
282 26
282 65
282 89
282 121
282 124
282 126
282 137
282 132
283 13
283 63
283 90
283 104
283 134
283 133
284 17
284 40
284 134
285 1
285 13
285 40
285 57
285 105
285 110
285 135
286 0
286 60
286 136
287 59
287 93
287 95
287 117
287 137
288 32
288 43
288 54
288 138
289 16
289 41
289 55
289 92
289 99
289 108
289 125
289 139
290 2
290 32
290 57
290 140
291 15
291 85
291 99
291 120
291 127
291 128
291 141
292 72
292 87
292 141
292 142
293 5
293 11
293 26
293 38
293 40
293 43
293 54
293 95
293 143
294 8
294 40
294 58
294 112
294 135
294 144
295 7
295 16
295 72
295 76
295 77
295 99
295 134
295 147
295 145
296 33
296 60
296 136
296 142
296 146
297 68
297 76
297 120
297 133
297 147
298 105
298 145
298 148
299 18
299 46
299 50
299 58
299 138
299 149
