  100   524
0 57
0 2
0 10
0 14
0 15
0 16
0 17
0 20
0 21
0 24
0 26
0 28
0 30
0 32
0 41
0 44
0 47
0 48
0 50
1 82
1 2
1 10
1 16
1 19
1 20
1 22
1 23
1 30
1 33
1 36
1 37
1 39
1 42
1 45
1 47
1 51
2 66
2 65
2 0
2 1
2 4
2 10
2 17
2 18
2 27
2 28
2 33
2 34
2 38
2 52
3 67
3 66
3 7
3 11
3 15
3 17
3 24
3 27
3 29
3 39
3 40
3 53
4 68
4 67
4 2
4 8
4 14
4 16
4 19
4 20
4 21
4 24
4 25
4 29
4 31
4 32
4 33
4 38
4 41
4 42
4 45
4 48
4 49
4 54
5 69
5 68
5 10
5 23
5 25
5 27
5 34
5 35
5 37
5 41
5 45
5 47
5 55
6 70
6 69
6 7
6 8
6 12
6 18
6 26
6 28
6 33
6 38
6 39
6 40
6 41
6 42
6 47
6 56
7 77
7 86
7 3
7 6
7 9
7 10
7 11
7 16
7 19
7 21
7 23
7 26
7 27
7 28
7 30
7 31
7 35
7 36
7 37
7 39
7 41
7 43
7 47
7 57
8 72
8 70
8 4
8 6
8 10
8 29
8 30
8 32
8 33
8 35
8 41
8 46
8 47
8 58
9 59
9 91
9 7
9 13
9 14
9 23
9 24
9 28
9 29
9 37
9 42
9 43
9 47
9 48
10 81
10 86
10 0
10 1
10 2
10 5
10 7
10 8
10 15
10 23
10 24
10 26
10 27
10 30
10 32
10 34
10 43
10 60
11 74
11 72
11 3
11 7
11 15
11 20
11 22
11 24
11 25
11 26
11 27
11 28
11 31
11 34
11 42
11 61
12 71
12 72
12 6
12 13
12 14
12 16
12 23
12 28
12 33
12 41
12 45
12 48
12 62
13 69
13 9
13 12
13 18
13 19
13 22
13 27
13 30
13 31
13 32
13 35
13 36
13 37
13 63
14 79
14 74
14 0
14 4
14 9
14 12
14 24
14 25
14 29
14 31
14 32
14 33
14 34
14 38
14 39
14 46
14 47
14 64
15 59
15 78
15 92
15 0
15 3
15 10
15 11
15 17
15 18
15 19
15 20
15 26
15 28
15 31
15 34
15 35
15 42
15 46
15 47
15 48
15 49
15 65
16 57
16 91
16 97
16 0
16 1
16 4
16 7
16 12
16 18
16 21
16 22
16 23
16 24
16 26
16 27
16 32
16 36
16 39
16 41
16 48
16 66
17 54
17 90
17 0
17 2
17 3
17 15
17 21
17 30
17 31
17 35
17 36
17 37
17 46
17 47
17 49
17 67
18 80
18 79
18 2
18 6
18 13
18 15
18 16
18 24
18 29
18 32
18 33
18 35
18 41
18 48
18 68
19 76
19 92
19 1
19 4
19 7
19 13
19 15
19 22
19 28
19 32
19 34
19 35
19 37
19 42
19 43
19 44
19 45
19 48
19 49
19 69
20 50
20 57
20 62
20 84
20 0
20 1
20 4
20 11
20 15
20 23
20 26
20 30
20 31
20 32
20 33
20 37
20 40
20 44
20 45
20 70
21 82
21 80
21 0
21 4
21 7
21 16
21 17
21 32
21 34
21 39
21 41
21 43
21 71
22 83
22 82
22 1
22 11
22 13
22 16
22 19
22 23
22 24
22 25
22 27
22 31
22 32
22 36
22 37
22 38
22 41
22 42
22 44
22 45
22 49
22 72
23 50
23 57
23 1
23 5
23 7
23 9
23 10
23 12
23 16
23 20
23 22
23 24
23 25
23 28
23 31
23 33
23 38
23 39
23 40
23 48
23 73
24 85
24 83
24 0
24 3
24 4
24 9
24 10
24 11
24 14
24 16
24 18
24 22
24 23
24 27
24 28
24 31
24 37
24 46
24 48
24 74
25 86
25 85
25 4
25 5
25 11
25 14
25 22
25 23
25 26
25 28
25 29
25 30
25 31
25 32
25 36
25 38
25 39
25 47
25 75
26 76
26 0
26 6
26 7
26 10
26 11
26 15
26 16
26 20
26 25
26 27
26 31
26 38
26 41
26 42
26 47
26 49
27 88
27 86
27 2
27 3
27 5
27 7
27 10
27 11
27 13
27 16
27 22
27 24
27 26
27 30
27 36
27 45
27 47
27 49
27 77
28 89
28 88
28 0
28 2
28 6
28 7
28 9
28 11
28 12
28 15
28 19
28 23
28 24
28 25
28 32
28 34
28 44
28 48
28 78
29 53
29 3
29 4
29 8
29 9
29 14
29 18
29 25
29 34
29 35
29 39
29 40
29 41
29 79
30 90
30 89
30 0
30 1
30 7
30 8
30 10
30 13
30 17
30 20
30 25
30 27
30 31
30 45
30 46
30 48
30 49
30 80
31 51
31 85
31 4
31 7
31 11
31 13
31 14
31 15
31 17
31 20
31 22
31 23
31 24
31 25
31 26
31 30
31 32
31 34
31 35
31 36
31 39
31 40
31 42
31 43
31 44
31 45
31 46
31 48
31 81
32 82
32 0
32 4
32 8
32 10
32 13
32 14
32 16
32 18
32 19
32 20
32 21
32 22
32 25
32 28
32 31
32 33
32 38
32 39
32 40
32 41
32 47
32 48
33 90
33 1
33 2
33 4
33 6
33 8
33 12
33 14
33 18
33 20
33 23
33 32
33 35
33 36
33 39
33 47
33 83
34 61
34 2
34 5
34 10
34 11
34 14
34 15
34 19
34 21
34 28
34 29
34 31
34 39
34 42
34 47
34 84
35 73
35 86
35 5
35 7
35 8
35 13
35 15
35 17
35 18
35 19
35 29
35 31
35 33
35 37
35 39
35 45
35 47
35 48
35 49
35 85
36 93
36 90
36 1
36 7
36 13
36 16
36 17
36 22
36 25
36 27
36 31
36 33
36 40
36 45
36 47
36 48
36 86
37 82
37 1
37 5
37 7
37 9
37 13
37 17
37 19
37 20
37 22
37 24
37 35
37 38
37 41
37 42
37 44
37 45
37 87
38 94
38 93
38 53
38 52
38 2
38 4
38 6
38 14
38 22
38 23
38 25
38 26
38 32
38 37
38 39
38 40
38 41
38 45
38 88
39 95
39 94
39 56
39 53
39 1
39 3
39 6
39 7
39 14
39 16
39 21
39 23
39 25
39 29
39 31
39 32
39 33
39 34
39 35
39 38
39 42
39 43
39 48
39 89
40 96
40 95
40 60
40 56
40 3
40 6
40 20
40 23
40 29
40 31
40 32
40 36
40 38
40 45
40 46
40 47
40 49
40 90
41 97
41 96
41 63
41 60
41 0
41 4
41 5
41 6
41 7
41 8
41 12
41 16
41 18
41 21
41 22
41 26
41 29
41 32
41 37
41 38
41 42
41 48
41 91
42 52
42 1
42 4
42 6
42 9
42 11
42 15
42 19
42 22
42 26
42 31
42 34
42 37
42 39
42 41
42 46
42 92
43 50
43 7
43 9
43 10
43 19
43 21
43 31
43 39
43 48
43 49
43 93
44 58
44 0
44 19
44 20
44 22
44 28
44 31
44 37
44 94
45 86
45 1
45 4
45 5
45 12
45 19
45 20
45 22
45 27
45 30
45 31
45 35
45 36
45 37
45 38
45 40
45 47
45 95
46 55
46 61
46 75
46 98
46 8
46 14
46 15
46 17
46 24
46 30
46 31
46 40
46 42
46 96
47 58
47 87
47 96
47 0
47 1
47 5
47 6
47 7
47 8
47 9
47 14
47 15
47 17
47 25
47 26
47 27
47 32
47 33
47 34
47 35
47 36
47 40
47 45
47 49
47 97
48 98
48 97
48 64
48 63
48 0
48 4
48 9
48 12
48 15
48 16
48 18
48 19
48 23
48 24
48 28
48 30
48 31
48 32
48 35
48 36
48 39
48 41
48 43
49 99
49 98
49 65
49 64
49 4
49 15
49 17
49 19
49 22
49 26
49 27
49 30
49 35
49 40
49 43
49 47
50 20
50 23
50 43
50 0
51 31
51 1
52 38
52 42
52 2
53 29
53 38
53 39
53 3
54 17
54 4
55 46
55 5
56 39
56 40
56 6
57 0
57 16
57 20
57 23
57 7
58 44
58 47
58 8
59 9
59 15
60 40
60 41
60 10
61 34
61 46
61 11
62 20
62 12
63 41
63 48
63 13
64 48
64 49
64 14
65 2
65 49
65 15
66 2
66 3
66 16
67 3
67 4
67 17
68 4
68 5
68 18
69 5
69 6
69 13
69 19
70 6
70 8
70 20
71 12
71 21
72 8
72 11
72 12
72 22
73 35
73 23
74 11
74 14
74 24
75 46
75 25
76 19
76 26
77 7
77 27
78 15
78 28
79 14
79 18
79 29
80 18
80 21
80 30
81 10
81 31
82 1
82 21
82 22
82 32
82 37
83 22
83 24
83 33
84 20
84 34
85 24
85 25
85 31
85 35
86 7
86 10
86 25
86 27
86 35
86 45
86 36
87 47
87 37
88 27
88 28
88 38
89 28
89 30
89 39
90 17
90 30
90 33
90 36
90 40
91 9
91 16
91 41
92 15
92 19
92 42
93 36
93 38
93 43
94 38
94 39
94 44
95 39
95 40
95 45
96 40
96 41
96 47
96 46
97 16
97 41
97 48
97 47
98 46
98 48
98 49
99 49
