  400   4954
0 225
0 257
0 267
0 273
0 279
0 289
0 290
0 299
0 317
0 323
0 347
0 354
0 359
0 360
0 362
0 372
0 394
0 15
0 32
0 39
0 48
0 64
0 73
0 76
0 82
0 99
0 104
0 119
0 122
0 124
0 150
0 176
0 183
0 194
0 195
0 199
0 200
1 205
1 227
1 229
1 249
1 273
1 275
1 326
1 335
1 358
1 369
1 387
1 10
1 33
1 41
1 42
1 59
1 61
1 63
1 64
1 65
1 66
1 84
1 95
1 97
1 103
1 114
1 118
1 135
1 152
1 153
1 154
1 158
1 161
1 164
1 169
1 179
1 191
1 201
2 223
2 233
2 263
2 279
2 291
2 294
2 319
2 322
2 332
2 355
2 387
2 4
2 20
2 32
2 35
2 38
2 54
2 60
2 63
2 71
2 81
2 84
2 86
2 93
2 110
2 114
2 133
2 147
2 166
2 182
2 202
3 213
3 218
3 233
3 255
3 262
3 317
3 328
3 339
3 379
3 392
3 13
3 49
3 51
3 101
3 102
3 104
3 117
3 123
3 144
3 148
3 156
3 160
3 179
3 192
3 203
4 264
4 273
4 280
4 282
4 288
4 304
4 308
4 310
4 313
4 342
4 347
4 364
4 380
4 390
4 2
4 8
4 10
4 11
4 39
4 43
4 56
4 62
4 89
4 118
4 119
4 134
4 136
4 144
4 152
4 167
4 170
4 171
4 180
4 183
4 186
4 194
4 204
5 246
5 249
5 257
5 276
5 280
5 292
5 318
5 351
5 376
5 383
5 389
5 19
5 33
5 47
5 54
5 79
5 108
5 123
5 126
5 145
5 147
5 149
5 150
5 151
5 155
5 167
5 168
5 174
5 185
5 189
5 205
6 224
6 231
6 232
6 247
6 248
6 253
6 281
6 293
6 311
6 315
6 347
6 350
6 352
6 369
6 395
6 8
6 10
6 24
6 35
6 51
6 56
6 65
6 74
6 80
6 109
6 110
6 113
6 123
6 126
6 131
6 140
6 188
6 191
6 195
6 196
6 206
7 222
7 224
7 245
7 264
7 304
7 305
7 309
7 317
7 342
7 372
7 387
7 43
7 82
7 84
7 91
7 99
7 100
7 130
7 142
7 144
7 152
7 177
7 189
7 192
7 194
7 197
7 207
8 210
8 232
8 238
8 239
8 264
8 286
8 291
8 294
8 335
8 364
8 399
8 4
8 6
8 10
8 24
8 25
8 37
8 38
8 41
8 51
8 67
8 70
8 82
8 91
8 104
8 106
8 143
8 150
8 154
8 164
8 165
8 173
8 176
8 181
8 208
9 203
9 213
9 230
9 237
9 247
9 248
9 260
9 265
9 267
9 274
9 283
9 297
9 321
9 323
9 345
9 346
9 355
9 366
9 371
9 15
9 20
9 24
9 29
9 37
9 45
9 49
9 55
9 65
9 70
9 80
9 86
9 97
9 103
9 118
9 131
9 133
9 148
9 181
9 191
9 194
9 199
9 209
10 220
10 226
10 235
10 243
10 256
10 268
10 269
10 294
10 301
10 306
10 324
10 327
10 328
10 339
10 344
10 348
10 360
10 390
10 1
10 4
10 6
10 8
10 25
10 29
10 55
10 71
10 73
10 93
10 94
10 99
10 118
10 120
10 133
10 152
10 161
10 164
10 168
10 199
10 210
11 200
11 207
11 235
11 236
11 238
11 253
11 269
11 271
11 275
11 282
11 372
11 386
11 396
11 4
11 28
11 30
11 49
11 54
11 60
11 89
11 111
11 115
11 116
11 118
11 122
11 125
11 134
11 135
11 155
11 161
11 175
11 180
11 184
11 191
11 211
12 222
12 245
12 250
12 306
12 324
12 327
12 337
12 15
12 16
12 44
12 51
12 66
12 74
12 86
12 112
12 116
12 136
12 142
12 153
12 159
12 163
12 193
12 197
12 212
13 217
13 233
13 269
13 287
13 288
13 315
13 322
13 340
13 364
13 365
13 380
13 3
13 43
13 45
13 46
13 51
13 55
13 61
13 65
13 95
13 109
13 119
13 131
13 132
13 137
13 141
13 153
13 192
13 213
14 204
14 225
14 231
14 237
14 251
14 262
14 278
14 294
14 295
14 377
14 388
14 392
14 38
14 40
14 46
14 58
14 107
14 113
14 121
14 127
14 128
14 129
14 132
14 136
14 145
14 148
14 155
14 158
14 167
14 179
14 190
14 192
14 195
14 199
14 214
15 213
15 242
15 266
15 281
15 286
15 302
15 304
15 313
15 314
15 327
15 349
15 368
15 372
15 377
15 388
15 0
15 9
15 12
15 18
15 30
15 31
15 50
15 53
15 68
15 112
15 146
15 154
15 164
15 179
15 180
15 184
15 188
15 192
15 195
15 215
16 202
16 204
16 208
16 212
16 238
16 240
16 253
16 256
16 261
16 276
16 285
16 311
16 316
16 323
16 324
16 329
16 339
16 348
16 351
16 353
16 354
16 12
16 19
16 21
16 33
16 38
16 56
16 64
16 66
16 71
16 90
16 140
16 148
16 157
16 167
16 216
17 200
17 210
17 213
17 219
17 221
17 281
17 285
17 304
17 309
17 312
17 361
17 363
17 379
17 382
17 384
17 389
17 392
17 18
17 41
17 56
17 60
17 67
17 73
17 80
17 81
17 88
17 109
17 114
17 117
17 119
17 127
17 128
17 133
17 134
17 149
17 150
17 152
17 160
17 170
17 175
17 178
17 217
18 208
18 209
18 217
18 218
18 220
18 229
18 236
18 245
18 247
18 274
18 276
18 293
18 304
18 306
18 307
18 344
18 347
18 350
18 361
18 366
18 370
18 376
18 15
18 17
18 35
18 59
18 61
18 63
18 96
18 97
18 107
18 122
18 133
18 137
18 140
18 148
18 160
18 165
18 170
18 183
19 223
19 231
19 243
19 268
19 324
19 348
19 356
19 370
19 380
19 5
19 16
19 26
19 37
19 40
19 65
19 72
19 83
19 99
19 111
19 125
19 128
19 138
19 149
19 151
19 170
19 178
19 180
19 181
19 197
19 219
20 202
20 221
20 247
20 269
20 280
20 284
20 285
20 359
20 360
20 361
20 363
20 395
20 2
20 9
20 21
20 70
20 74
20 76
20 85
20 97
20 108
20 113
20 115
20 116
20 126
20 140
20 149
20 172
20 220
21 212
21 216
21 218
21 232
21 243
21 245
21 285
21 301
21 320
21 322
21 339
21 343
21 353
21 357
21 388
21 16
21 20
21 36
21 48
21 51
21 60
21 63
21 69
21 86
21 130
21 151
21 153
21 162
21 174
21 182
21 191
21 193
21 221
22 200
22 219
22 243
22 265
22 267
22 271
22 280
22 299
22 303
22 355
22 372
22 391
22 29
22 31
22 42
22 51
22 72
22 101
22 102
22 108
22 113
22 116
22 163
22 167
22 172
22 173
22 178
22 188
22 195
22 222
23 211
23 215
23 219
23 235
23 251
23 267
23 276
23 285
23 294
23 325
23 336
23 377
23 379
23 24
23 36
23 76
23 85
23 96
23 100
23 101
23 102
23 131
23 144
23 150
23 171
23 178
23 179
23 223
24 224
24 255
24 299
24 305
24 314
24 317
24 324
24 366
24 376
24 392
24 394
24 396
24 397
24 399
24 6
24 8
24 9
24 23
24 29
24 50
24 68
24 70
24 79
24 99
24 121
24 123
24 139
24 142
24 151
24 161
24 176
25 216
25 224
25 226
25 227
25 230
25 272
25 280
25 291
25 313
25 316
25 327
25 371
25 376
25 388
25 8
25 10
25 31
25 34
25 39
25 40
25 46
25 80
25 86
25 100
25 101
25 107
25 114
25 119
25 136
25 151
25 164
25 169
25 170
25 171
25 172
25 177
25 225
26 205
26 209
26 217
26 231
26 305
26 320
26 326
26 330
26 335
26 341
26 362
26 364
26 394
26 19
26 31
26 41
26 48
26 57
26 66
26 81
26 101
26 104
26 115
26 143
26 145
26 146
26 157
26 159
26 184
26 226
27 220
27 225
27 227
27 245
27 279
27 324
27 326
27 353
27 379
27 380
27 386
27 29
27 31
27 41
27 49
27 52
27 78
27 90
27 114
27 118
27 119
27 128
27 132
27 141
27 143
27 172
27 186
27 187
27 194
27 195
27 196
28 218
28 245
28 257
28 261
28 278
28 279
28 282
28 290
28 302
28 305
28 360
28 381
28 11
28 38
28 43
28 44
28 61
28 77
28 92
28 104
28 106
28 109
28 125
28 135
28 143
28 151
28 153
28 156
28 179
28 189
28 228
29 216
29 221
29 230
29 290
29 299
29 310
29 320
29 357
29 388
29 396
29 9
29 10
29 22
29 24
29 27
29 32
29 39
29 44
29 45
29 50
29 55
29 59
29 73
29 88
29 101
29 105
29 131
29 143
29 145
29 150
29 171
29 173
29 174
29 176
29 187
29 190
29 194
29 196
29 229
30 224
30 241
30 246
30 270
30 298
30 308
30 359
30 384
30 11
30 15
30 33
30 58
30 63
30 66
30 69
30 71
30 74
30 96
30 102
30 105
30 116
30 123
30 151
30 157
30 180
30 186
30 230
31 204
31 207
31 254
31 259
31 299
31 307
31 312
31 321
31 328
31 338
31 344
31 365
31 371
31 15
31 22
31 25
31 26
31 27
31 51
31 65
31 66
31 71
31 75
31 104
31 114
31 133
31 149
31 177
31 180
31 183
31 185
31 195
31 231
32 210
32 234
32 249
32 254
32 286
32 301
32 302
32 324
32 356
32 375
32 379
32 0
32 2
32 29
32 50
32 60
32 114
32 140
32 142
32 148
32 155
32 187
32 195
32 197
32 232
33 210
33 226
33 250
33 260
33 263
33 314
33 325
33 329
33 345
33 347
33 349
33 352
33 358
33 368
33 385
33 399
33 1
33 5
33 16
33 30
33 35
33 39
33 40
33 67
33 70
33 75
33 89
33 104
33 138
33 140
33 151
33 153
33 160
33 180
33 189
33 233
34 212
34 213
34 223
34 225
34 260
34 272
34 277
34 304
34 315
34 316
34 322
34 338
34 352
34 370
34 375
34 398
34 25
34 47
34 48
34 52
34 55
34 59
34 64
34 75
34 89
34 90
34 92
34 94
34 121
34 145
34 151
34 152
34 158
34 164
34 168
34 181
34 188
34 196
34 234
35 221
35 235
35 236
35 237
35 244
35 283
35 304
35 313
35 320
35 326
35 328
35 347
35 353
35 377
35 2
35 6
35 18
35 33
35 50
35 67
35 68
35 79
35 80
35 93
35 105
35 107
35 122
35 149
35 151
35 154
35 158
35 160
35 171
35 172
35 173
35 186
35 191
35 192
35 197
36 209
36 210
36 233
36 250
36 275
36 279
36 280
36 299
36 329
36 335
36 343
36 357
36 360
36 368
36 374
36 386
36 388
36 396
36 21
36 23
36 37
36 42
36 57
36 61
36 71
36 78
36 89
36 92
36 106
36 121
36 127
36 134
36 135
36 147
36 151
36 155
36 193
36 236
37 219
37 229
37 230
37 243
37 245
37 267
37 273
37 303
37 358
37 8
37 9
37 19
37 36
37 46
37 50
37 68
37 72
37 86
37 94
37 110
37 123
37 127
37 128
37 135
37 138
37 141
37 144
37 153
37 167
37 171
37 185
37 191
37 237
38 208
38 228
38 257
38 263
38 278
38 299
38 305
38 323
38 327
38 330
38 339
38 395
38 396
38 2
38 8
38 14
38 16
38 28
38 68
38 85
38 105
38 110
38 137
38 144
38 154
38 159
38 173
38 181
38 183
38 185
38 197
38 238
39 224
39 231
39 244
39 247
39 273
39 274
39 278
39 282
39 293
39 301
39 322
39 324
39 337
39 389
39 0
39 4
39 25
39 29
39 33
39 49
39 52
39 86
39 96
39 107
39 120
39 131
39 154
39 160
39 166
39 175
39 186
39 194
39 239
40 203
40 210
40 290
40 332
40 337
40 347
40 352
40 354
40 361
40 378
40 391
40 396
40 14
40 19
40 25
40 33
40 50
40 58
40 69
40 71
40 74
40 96
40 101
40 120
40 121
40 144
40 148
40 152
40 167
40 168
40 171
40 172
40 178
40 194
40 240
41 212
41 298
41 300
41 309
41 318
41 336
41 337
41 338
41 340
41 356
41 363
41 375
41 380
41 1
41 8
41 17
41 26
41 27
41 43
41 51
41 55
41 72
41 79
41 81
41 87
41 89
41 93
41 94
41 99
41 105
41 107
41 135
41 138
41 143
41 148
41 195
41 197
41 199
41 241
42 205
42 247
42 251
42 252
42 274
42 275
42 279
42 280
42 285
42 304
42 325
42 340
42 342
42 349
42 358
42 359
42 365
42 1
42 22
42 36
42 54
42 62
42 74
42 85
42 87
42 96
42 102
42 120
42 123
42 124
42 127
42 128
42 145
42 148
42 153
42 157
42 172
42 174
42 186
42 187
42 189
42 242
43 210
43 221
43 266
43 294
43 296
43 312
43 338
43 346
43 362
43 382
43 388
43 4
43 7
43 13
43 28
43 41
43 50
43 61
43 65
43 70
43 73
43 74
43 77
43 84
43 127
43 137
43 150
43 159
43 160
43 161
43 181
43 243
44 220
44 253
44 297
44 310
44 324
44 349
44 370
44 377
44 397
44 12
44 28
44 29
44 60
44 70
44 87
44 88
44 92
44 95
44 100
44 104
44 109
44 119
44 131
44 153
44 162
44 183
44 198
44 244
45 220
45 221
45 235
45 255
45 256
45 257
45 264
45 267
45 278
45 279
45 285
45 292
45 300
45 303
45 330
45 335
45 340
45 341
45 359
45 375
45 383
45 385
45 394
45 397
45 9
45 13
45 29
45 53
45 61
45 67
45 68
45 78
45 91
45 93
45 96
45 120
45 136
45 156
45 162
45 171
45 180
45 181
45 186
45 195
45 245
46 211
46 221
46 225
46 259
46 294
46 343
46 359
46 377
46 388
46 394
46 396
46 13
46 14
46 25
46 37
46 50
46 51
46 56
46 59
46 63
46 64
46 66
46 80
46 90
46 92
46 96
46 105
46 119
46 130
46 137
46 147
46 148
46 150
46 164
46 179
46 187
46 246
47 203
47 210
47 230
47 256
47 284
47 295
47 297
47 307
47 309
47 319
47 325
47 327
47 328
47 337
47 346
47 347
47 350
47 362
47 376
47 5
47 34
47 54
47 55
47 58
47 62
47 78
47 82
47 85
47 90
47 94
47 114
47 173
47 247
48 227
48 241
48 243
48 254
48 267
48 275
48 276
48 283
48 295
48 296
48 298
48 344
48 379
48 381
48 0
48 21
48 26
48 34
48 81
48 87
48 88
48 90
48 91
48 92
48 112
48 114
48 132
48 133
48 138
48 146
48 182
48 188
48 192
48 248
49 211
49 231
49 276
49 282
49 284
49 318
49 329
49 349
49 352
49 365
49 372
49 393
49 397
49 3
49 9
49 11
49 27
49 39
49 52
49 58
49 62
49 77
49 86
49 91
49 124
49 125
49 131
49 155
49 196
49 198
49 249
50 200
50 206
50 221
50 224
50 286
50 293
50 306
50 312
50 375
50 391
50 395
50 15
50 24
50 29
50 32
50 35
50 37
50 40
50 43
50 46
50 58
50 80
50 94
50 112
50 136
50 148
50 165
50 183
50 196
50 250
51 209
51 221
51 225
51 231
51 235
51 271
51 274
51 293
51 332
51 344
51 355
51 368
51 383
51 386
51 3
51 6
51 8
51 12
51 13
51 21
51 22
51 31
51 41
51 46
51 61
51 67
51 75
51 88
51 97
51 101
51 104
51 110
51 116
51 136
51 145
51 153
51 179
51 181
51 184
51 251
52 242
52 248
52 271
52 293
52 295
52 303
52 332
52 367
52 393
52 398
52 27
52 34
52 39
52 49
52 53
52 54
52 60
52 151
52 158
52 175
52 252
53 202
53 203
53 209
53 225
53 230
53 258
53 267
53 293
53 304
53 316
53 332
53 335
53 338
53 342
53 344
53 347
53 370
53 374
53 375
53 378
53 379
53 387
53 397
53 15
53 45
53 52
53 56
53 60
53 84
53 95
53 96
53 119
53 125
53 128
53 129
53 132
53 159
53 178
53 181
53 182
53 194
53 199
53 253
54 201
54 232
54 233
54 242
54 270
54 285
54 292
54 305
54 313
54 316
54 334
54 336
54 345
54 354
54 356
54 374
54 393
54 2
54 5
54 11
54 42
54 47
54 52
54 55
54 61
54 69
54 108
54 109
54 111
54 116
54 138
54 143
54 153
54 163
54 176
54 178
54 196
54 254
55 214
55 231
55 233
55 264
55 281
55 308
55 351
55 376
55 383
55 9
55 10
55 13
55 29
55 34
55 41
55 47
55 54
55 61
55 92
55 102
55 104
55 116
55 146
55 168
55 196
55 197
55 199
55 255
56 214
56 241
56 246
56 257
56 279
56 284
56 309
56 310
56 330
56 336
56 343
56 350
56 355
56 387
56 4
56 6
56 16
56 17
56 46
56 53
56 67
56 69
56 78
56 79
56 82
56 87
56 89
56 99
56 123
56 128
56 135
56 136
56 142
56 156
56 163
56 177
56 191
56 256
57 224
57 255
57 263
57 281
57 285
57 320
57 327
57 329
57 341
57 343
57 355
57 356
57 361
57 368
57 375
57 26
57 36
57 58
57 73
57 83
57 101
57 104
57 109
57 110
57 111
57 113
57 115
57 125
57 135
57 148
57 164
57 190
57 257
58 209
58 232
58 234
58 239
58 243
58 250
58 265
58 293
58 301
58 323
58 345
58 352
58 380
58 384
58 393
58 14
58 30
58 40
58 47
58 49
58 50
58 57
58 65
58 77
58 80
58 93
58 96
58 103
58 107
58 109
58 113
58 121
58 124
58 127
58 149
58 152
58 153
58 171
58 172
58 180
58 197
58 258
59 217
59 272
59 282
59 284
59 295
59 304
59 365
59 367
59 372
59 381
59 388
59 389
59 392
59 1
59 18
59 29
59 34
59 46
59 61
59 65
59 68
59 71
59 89
59 105
59 111
59 116
59 134
59 135
59 137
59 138
59 172
59 173
59 174
59 180
59 188
59 199
59 259
60 205
60 230
60 231
60 247
60 288
60 331
60 344
60 356
60 365
60 373
60 376
60 378
60 384
60 2
60 11
60 17
60 21
60 32
60 44
60 52
60 53
60 69
60 76
60 81
60 86
60 89
60 91
60 95
60 96
60 114
60 125
60 164
60 169
60 176
60 181
60 188
60 190
60 197
60 260
61 205
61 215
61 221
61 226
61 270
61 312
61 328
61 334
61 346
61 378
61 389
61 1
61 13
61 18
61 28
61 36
61 43
61 45
61 51
61 54
61 55
61 59
61 65
61 69
61 80
61 95
61 107
61 142
61 148
61 149
61 163
61 167
61 177
61 180
61 187
61 261
62 203
62 204
62 209
62 210
62 213
62 223
62 242
62 284
62 304
62 309
62 315
62 336
62 4
62 42
62 47
62 49
62 65
62 73
62 75
62 80
62 87
62 88
62 105
62 111
62 131
62 132
62 144
62 149
62 162
62 171
62 178
62 184
62 262
63 218
63 232
63 245
63 256
63 261
63 343
63 357
63 359
63 378
63 391
63 1
63 2
63 18
63 21
63 30
63 46
63 73
63 74
63 83
63 98
63 101
63 115
63 121
63 130
63 157
63 181
63 189
63 199
63 263
64 201
64 205
64 220
64 227
64 250
64 264
64 268
64 271
64 275
64 289
64 304
64 371
64 0
64 1
64 16
64 34
64 46
64 83
64 106
64 111
64 113
64 114
64 118
64 140
64 154
64 159
64 163
64 177
65 220
65 221
65 229
65 258
65 282
65 284
65 298
65 317
65 320
65 346
65 350
65 368
65 374
65 377
65 390
65 392
65 1
65 6
65 9
65 13
65 19
65 31
65 43
65 58
65 59
65 61
65 62
65 76
65 78
65 82
65 98
65 101
65 109
65 110
65 117
65 130
65 131
65 154
65 157
65 172
65 184
65 189
65 191
65 197
65 265
66 204
66 229
66 239
66 242
66 255
66 264
66 265
66 291
66 321
66 338
66 342
66 363
66 367
66 368
66 375
66 387
66 1
66 12
66 16
66 26
66 30
66 31
66 46
66 74
66 82
66 84
66 97
66 98
66 100
66 105
66 123
66 134
66 162
66 174
66 176
66 193
66 266
67 216
67 219
67 225
67 238
67 264
67 267
67 276
67 279
67 282
67 286
67 289
67 290
67 340
67 345
67 348
67 373
67 8
67 17
67 33
67 35
67 45
67 51
67 56
67 84
67 87
67 105
67 109
67 114
67 137
67 148
67 164
67 165
67 167
67 169
67 191
68 210
68 223
68 225
68 291
68 308
68 316
68 321
68 327
68 328
68 329
68 353
68 382
68 15
68 24
68 35
68 37
68 38
68 45
68 59
68 76
68 82
68 92
68 102
68 110
68 113
68 122
68 129
68 158
68 159
68 171
68 182
68 268
69 228
69 233
69 257
69 270
69 299
69 333
69 338
69 340
69 344
69 357
69 370
69 381
69 382
69 394
69 21
69 30
69 40
69 54
69 56
69 60
69 61
69 70
69 77
69 95
69 114
69 115
69 125
69 127
69 129
69 136
69 137
69 158
69 175
69 269
70 204
70 205
70 217
70 278
70 291
70 292
70 301
70 315
70 319
70 322
70 325
70 358
70 365
70 366
70 377
70 379
70 8
70 9
70 20
70 24
70 33
70 43
70 44
70 69
70 89
70 90
70 119
70 159
70 166
70 185
70 270
71 205
71 212
71 217
71 243
71 287
71 297
71 300
71 320
71 346
71 351
71 364
71 389
71 2
71 10
71 16
71 30
71 31
71 36
71 40
71 59
71 85
71 88
71 98
71 112
71 118
71 122
71 124
71 171
71 182
71 271
72 221
72 275
72 282
72 327
72 333
72 345
72 351
72 353
72 357
72 361
72 368
72 370
72 374
72 383
72 19
72 22
72 37
72 41
72 73
72 83
72 89
72 102
72 123
72 128
72 129
72 140
72 141
72 146
72 147
72 174
72 180
72 181
72 187
72 272
73 204
73 218
73 285
73 343
73 347
73 350
73 363
73 376
73 378
73 381
73 383
73 391
73 394
73 396
73 0
73 10
73 17
73 29
73 43
73 57
73 62
73 63
73 72
73 83
73 102
73 132
73 137
73 142
73 150
73 152
73 168
73 183
73 193
73 273
74 200
74 217
74 227
74 298
74 331
74 334
74 348
74 365
74 385
74 6
74 12
74 20
74 30
74 40
74 42
74 43
74 63
74 66
74 76
74 77
74 104
74 138
74 146
74 147
74 154
74 155
74 174
74 175
74 177
74 178
74 187
74 194
74 274
75 202
75 210
75 228
75 233
75 295
75 309
75 314
75 322
75 334
75 343
75 344
75 376
75 31
75 33
75 34
75 51
75 62
75 79
75 82
75 104
75 108
75 114
75 157
75 167
75 192
75 275
76 200
76 236
76 251
76 262
76 288
76 294
76 329
76 336
76 338
76 377
76 382
76 0
76 20
76 23
76 60
76 65
76 68
76 74
76 89
76 93
76 105
76 115
76 128
76 138
76 143
76 152
76 159
76 163
76 164
76 170
76 178
76 181
76 186
76 191
76 193
76 194
76 276
77 214
77 241
77 255
77 281
77 303
77 337
77 358
77 364
77 370
77 378
77 381
77 397
77 28
77 43
77 49
77 58
77 69
77 74
77 110
77 121
77 135
77 145
77 147
77 154
77 156
77 158
77 178
77 185
77 277
78 204
78 205
78 210
78 229
78 241
78 257
78 262
78 266
78 340
78 345
78 372
78 378
78 393
78 27
78 36
78 45
78 47
78 56
78 65
78 81
78 86
78 87
78 90
78 107
78 110
78 121
78 130
78 138
78 148
78 152
78 166
78 278
79 208
79 224
79 230
79 231
79 239
79 273
79 274
79 278
79 279
79 286
79 294
79 304
79 344
79 353
79 391
79 396
79 5
79 24
79 35
79 41
79 56
79 75
79 110
79 137
79 142
79 147
79 148
79 153
79 163
79 166
79 169
79 172
79 174
79 185
80 203
80 204
80 213
80 218
80 232
80 236
80 240
80 253
80 282
80 286
80 312
80 324
80 328
80 354
80 357
80 361
80 367
80 387
80 388
80 394
80 6
80 9
80 17
80 25
80 35
80 46
80 50
80 58
80 61
80 62
80 93
80 101
80 118
80 137
80 153
80 157
80 170
80 174
80 175
80 176
80 180
80 197
80 280
81 203
81 205
81 254
81 273
81 325
81 329
81 333
81 355
81 374
81 378
81 387
81 396
81 2
81 17
81 26
81 41
81 48
81 60
81 78
81 90
81 102
81 109
81 115
81 134
81 137
81 140
81 167
81 169
81 178
81 185
81 189
81 195
81 196
81 281
82 222
82 251
82 276
82 287
82 319
82 320
82 384
82 395
82 0
82 7
82 8
82 47
82 56
82 65
82 66
82 68
82 75
82 95
82 100
82 113
82 115
82 117
82 136
82 138
82 141
82 144
82 148
82 152
82 159
82 161
82 170
82 194
82 282
83 279
83 289
83 291
83 301
83 305
83 307
83 319
83 326
83 348
83 356
83 390
83 399
83 19
83 57
83 63
83 64
83 72
83 73
83 91
83 97
83 132
83 140
83 146
83 151
83 155
83 167
83 176
83 177
83 283
84 210
84 218
84 221
84 231
84 235
84 244
84 250
84 259
84 264
84 277
84 305
84 319
84 324
84 359
84 363
84 369
84 384
84 1
84 2
84 7
84 43
84 53
84 66
84 67
84 93
84 98
84 122
84 151
84 162
84 166
84 170
84 176
84 185
84 284
85 203
85 208
85 223
85 249
85 268
85 270
85 273
85 277
85 280
85 282
85 299
85 323
85 385
85 399
85 20
85 23
85 38
85 42
85 47
85 71
85 105
85 106
85 115
85 122
85 138
85 175
85 180
85 196
85 285
86 216
86 217
86 231
86 270
86 276
86 285
86 287
86 289
86 295
86 321
86 354
86 363
86 365
86 367
86 369
86 373
86 389
86 2
86 9
86 12
86 21
86 25
86 37
86 39
86 49
86 60
86 78
86 91
86 93
86 97
86 104
86 107
86 118
86 121
86 124
86 141
86 145
86 157
86 158
86 166
86 286
87 223
87 251
87 262
87 269
87 284
87 308
87 337
87 359
87 365
87 383
87 390
87 399
87 41
87 42
87 44
87 48
87 56
87 62
87 67
87 78
87 88
87 103
87 113
87 119
87 127
87 164
87 175
87 177
87 184
87 191
87 195
87 287
88 206
88 211
88 228
88 245
88 257
88 258
88 259
88 270
88 276
88 304
88 307
88 353
88 354
88 394
88 399
88 17
88 29
88 44
88 48
88 51
88 62
88 71
88 87
88 99
88 100
88 117
88 118
88 141
88 142
88 143
88 190
88 288
89 202
89 211
89 231
89 238
89 282
89 284
89 286
89 295
89 309
89 318
89 351
89 362
89 386
89 398
89 4
89 11
89 33
89 34
89 36
89 41
89 56
89 59
89 60
89 70
89 72
89 76
89 90
89 94
89 102
89 106
89 115
89 137
89 142
89 160
89 164
89 179
89 183
89 193
89 289
90 202
90 223
90 231
90 242
90 258
90 275
90 276
90 284
90 315
90 355
90 370
90 16
90 27
90 34
90 46
90 47
90 48
90 70
90 78
90 81
90 89
90 95
90 121
90 126
90 143
90 153
90 165
90 168
90 176
90 183
90 190
90 290
91 203
91 215
91 219
91 221
91 222
91 230
91 239
91 255
91 262
91 279
91 283
91 288
91 294
91 298
91 313
91 349
91 368
91 374
91 384
91 7
91 8
91 45
91 48
91 49
91 60
91 83
91 86
91 140
91 153
91 161
91 176
91 189
91 194
91 291
92 200
92 226
92 247
92 255
92 315
92 324
92 326
92 330
92 334
92 339
92 363
92 365
92 373
92 376
92 28
92 34
92 36
92 44
92 46
92 48
92 55
92 68
92 98
92 104
92 112
92 117
92 118
92 127
92 131
92 137
92 141
92 144
92 146
92 162
92 163
92 164
92 172
92 176
92 181
92 184
92 292
93 218
93 230
93 239
93 268
93 302
93 310
93 337
93 372
93 379
93 2
93 10
93 35
93 41
93 45
93 58
93 76
93 80
93 84
93 86
93 97
93 115
93 116
93 131
93 135
93 146
93 162
93 170
93 172
93 184
93 185
93 199
93 293
94 205
94 215
94 225
94 244
94 254
94 260
94 289
94 296
94 307
94 334
94 380
94 395
94 10
94 34
94 37
94 41
94 47
94 50
94 89
94 99
94 118
94 124
94 134
94 136
94 161
94 165
94 183
94 294
95 202
95 215
95 224
95 236
95 248
95 290
95 310
95 319
95 338
95 348
95 351
95 355
95 1
95 13
95 44
95 53
95 60
95 61
95 69
95 82
95 90
95 99
95 101
95 118
95 149
95 153
95 165
95 167
95 177
95 179
95 180
95 188
95 190
95 195
95 295
96 203
96 218
96 237
96 252
96 260
96 276
96 283
96 335
96 343
96 364
96 375
96 18
96 23
96 30
96 39
96 40
96 42
96 45
96 46
96 53
96 58
96 60
96 113
96 116
96 121
96 137
96 141
96 144
96 148
96 163
96 170
96 179
96 184
96 191
96 296
97 207
97 211
97 230
97 233
97 237
97 246
97 254
97 259
97 269
97 270
97 332
97 341
97 359
97 365
97 374
97 1
97 9
97 18
97 20
97 51
97 66
97 83
97 86
97 93
97 100
97 107
97 113
97 123
97 133
97 167
97 175
97 189
97 297
98 208
98 228
98 241
98 245
98 250
98 258
98 265
98 309
98 344
98 365
98 369
98 374
98 375
98 387
98 389
98 391
98 397
98 63
98 65
98 66
98 71
98 84
98 92
98 125
98 132
98 141
98 149
98 158
98 159
98 160
98 192
98 298
99 218
99 222
99 226
99 242
99 268
99 273
99 277
99 311
99 324
99 354
99 371
99 378
99 395
99 0
99 7
99 10
99 19
99 24
99 41
99 56
99 88
99 94
99 95
99 102
99 136
99 141
99 146
99 163
99 179
99 190
99 193
99 299
100 220
100 227
100 230
100 232
100 237
100 260
100 262
100 286
100 293
100 297
100 304
100 320
100 321
100 348
100 354
100 366
100 376
100 380
100 7
100 23
100 25
100 44
100 66
100 82
100 88
100 97
100 101
100 105
100 111
100 115
100 130
100 132
100 144
100 151
100 157
100 175
100 177
100 179
100 184
100 188
100 191
100 198
100 300
101 226
101 229
101 234
101 246
101 262
101 263
101 276
101 304
101 328
101 344
101 346
101 347
101 365
101 385
101 398
101 3
101 22
101 23
101 25
101 26
101 29
101 40
101 51
101 57
101 63
101 65
101 80
101 95
101 100
101 103
101 104
101 178
101 186
101 301
102 215
102 219
102 244
102 254
102 255
102 258
102 259
102 264
102 269
102 276
102 316
102 317
102 334
102 344
102 349
102 396
102 3
102 22
102 23
102 30
102 42
102 55
102 68
102 72
102 73
102 81
102 89
102 99
102 108
102 116
102 121
102 129
102 131
102 145
102 146
102 147
102 171
102 173
102 188
102 302
103 220
103 234
103 260
103 265
103 267
103 271
103 304
103 308
103 309
103 329
103 333
103 355
103 362
103 394
103 1
103 9
103 58
103 87
103 101
103 105
103 110
103 114
103 116
103 125
103 126
103 132
103 134
103 140
103 153
103 156
103 190
103 303
104 212
104 256
104 282
104 289
104 294
104 295
104 308
104 324
104 325
104 335
104 394
104 397
104 0
104 3
104 8
104 26
104 28
104 31
104 33
104 44
104 51
104 55
104 57
104 74
104 75
104 86
104 92
104 101
104 109
104 111
104 117
104 119
104 121
104 137
104 145
104 150
104 159
104 162
104 170
104 184
104 185
104 191
104 193
104 304
105 203
105 207
105 212
105 225
105 260
105 281
105 288
105 289
105 290
105 301
105 303
105 305
105 316
105 358
105 362
105 394
105 396
105 397
105 29
105 30
105 35
105 38
105 41
105 46
105 59
105 62
105 66
105 67
105 76
105 85
105 100
105 103
105 107
105 116
105 125
105 128
105 142
105 144
105 146
105 169
105 172
105 175
105 181
105 189
105 190
105 191
105 195
106 223
106 262
106 278
106 290
106 293
106 300
106 342
106 353
106 367
106 374
106 377
106 390
106 8
106 28
106 36
106 64
106 85
106 89
106 107
106 110
106 125
106 132
106 135
106 159
106 168
106 171
106 191
106 193
106 198
106 199
106 306
107 217
107 227
107 239
107 242
107 244
107 269
107 273
107 276
107 279
107 302
107 332
107 355
107 14
107 18
107 25
107 35
107 39
107 41
107 58
107 61
107 78
107 86
107 97
107 105
107 106
107 110
107 126
107 127
107 131
107 135
107 138
107 143
107 155
107 169
107 171
107 188
107 307
108 208
108 223
108 240
108 258
108 263
108 269
108 274
108 282
108 283
108 285
108 292
108 296
108 308
108 315
108 320
108 356
108 370
108 381
108 5
108 20
108 22
108 54
108 75
108 102
108 116
108 123
108 129
108 139
108 155
108 156
108 159
108 168
108 174
108 190
109 260
109 298
109 299
109 308
109 309
109 319
109 329
109 361
109 390
109 6
109 13
109 17
109 28
109 44
109 54
109 57
109 58
109 65
109 67
109 81
109 104
109 118
109 127
109 130
109 146
109 175
109 181
109 184
109 190
109 193
110 200
110 217
110 244
110 337
110 340
110 357
110 360
110 376
110 384
110 2
110 6
110 37
110 38
110 51
110 57
110 65
110 68
110 77
110 78
110 79
110 103
110 106
110 107
110 111
110 115
110 121
110 136
110 147
110 160
110 162
110 177
110 190
110 196
110 310
111 207
111 208
111 222
111 225
111 232
111 235
111 257
111 275
111 279
111 287
111 291
111 293
111 316
111 328
111 344
111 345
111 387
111 394
111 11
111 19
111 54
111 57
111 59
111 62
111 64
111 100
111 104
111 110
111 124
111 131
111 134
111 138
111 151
111 168
111 195
111 198
111 311
112 227
112 245
112 249
112 254
112 268
112 289
112 293
112 331
112 345
112 372
112 12
112 15
112 48
112 50
112 71
112 92
112 113
112 121
112 125
112 128
112 131
112 135
112 142
112 146
112 147
112 148
112 153
112 167
112 170
112 182
112 184
112 194
112 312
113 202
113 240
113 251
113 274
113 283
113 301
113 332
113 341
113 348
113 380
113 6
113 14
113 20
113 22
113 57
113 58
113 64
113 68
113 82
113 87
113 96
113 97
113 112
113 114
113 119
113 133
113 137
113 144
113 168
113 179
113 185
113 189
113 313
114 218
114 243
114 251
114 267
114 318
114 324
114 328
114 334
114 358
114 375
114 379
114 381
114 1
114 2
114 17
114 25
114 27
114 31
114 32
114 47
114 48
114 60
114 64
114 67
114 69
114 75
114 103
114 113
114 118
114 121
114 133
114 136
114 155
114 164
114 188
114 314
115 202
115 219
115 227
115 242
115 257
115 259
115 266
115 304
115 311
115 323
115 334
115 343
115 344
115 345
115 353
115 359
115 379
115 381
115 384
115 392
115 11
115 20
115 26
115 57
115 63
115 69
115 76
115 81
115 82
115 85
115 89
115 93
115 100
115 110
115 125
115 126
115 157
115 158
115 162
115 163
115 167
115 172
115 184
115 198
115 315
116 207
116 211
116 241
116 304
116 311
116 316
116 317
116 336
116 357
116 375
116 380
116 382
116 397
116 11
116 12
116 20
116 22
116 30
116 51
116 54
116 55
116 59
116 93
116 96
116 102
116 103
116 105
116 108
116 124
116 127
116 150
116 151
116 168
116 178
116 195
116 196
117 204
117 207
117 213
117 221
117 222
117 236
117 244
117 264
117 267
117 272
117 284
117 289
117 300
117 303
117 317
117 323
117 328
117 331
117 338
117 345
117 391
117 3
117 17
117 65
117 82
117 88
117 92
117 104
117 120
117 127
117 132
117 136
117 145
117 178
117 180
117 182
117 186
117 192
118 202
118 226
118 233
118 235
118 241
118 260
118 271
118 296
118 303
118 323
118 337
118 348
118 368
118 373
118 390
118 394
118 1
118 4
118 9
118 10
118 11
118 27
118 64
118 71
118 80
118 86
118 88
118 92
118 94
118 95
118 109
118 114
118 121
118 122
118 126
118 134
118 145
118 172
118 186
118 190
118 318
119 211
119 212
119 235
119 237
119 247
119 248
119 257
119 276
119 278
119 279
119 304
119 309
119 347
119 349
119 352
119 359
119 365
119 395
119 0
119 4
119 13
119 17
119 25
119 27
119 44
119 46
119 53
119 70
119 87
119 104
119 113
119 130
119 137
119 154
119 177
119 197
119 199
119 319
120 230
120 238
120 246
120 250
120 351
120 371
120 372
120 383
120 10
120 39
120 40
120 42
120 45
120 117
120 122
120 123
120 144
120 171
120 197
120 198
120 320
121 218
121 220
121 224
121 225
121 295
121 296
121 315
121 317
121 331
121 350
121 367
121 382
121 389
121 393
121 14
121 24
121 34
121 36
121 40
121 58
121 63
121 77
121 78
121 86
121 90
121 96
121 102
121 104
121 110
121 112
121 114
121 118
121 129
121 130
121 131
121 133
121 164
121 174
121 175
121 176
121 185
121 189
121 321
122 229
122 233
122 245
122 255
122 273
122 285
122 314
122 325
122 349
122 354
122 359
122 360
122 0
122 11
122 18
122 35
122 68
122 71
122 84
122 85
122 118
122 120
122 124
122 128
122 132
122 142
122 145
122 150
122 151
122 153
122 154
122 156
122 159
122 164
122 183
122 194
122 322
123 209
123 217
123 231
123 242
123 268
123 269
123 295
123 304
123 332
123 335
123 343
123 348
123 349
123 353
123 360
123 375
123 386
123 399
123 3
123 5
123 6
123 24
123 30
123 37
123 42
123 56
123 66
123 72
123 97
123 108
123 120
123 126
123 127
123 128
123 160
123 162
123 182
123 187
123 195
123 198
123 323
124 222
124 223
124 235
124 237
124 251
124 286
124 298
124 305
124 345
124 357
124 363
124 371
124 374
124 379
124 397
124 398
124 0
124 42
124 49
124 58
124 71
124 86
124 94
124 111
124 116
124 122
124 129
124 133
124 147
124 158
124 164
124 189
124 191
124 195
124 324
125 210
125 223
125 225
125 228
125 233
125 249
125 251
125 254
125 265
125 308
125 312
125 315
125 320
125 323
125 369
125 376
125 395
125 399
125 11
125 19
125 28
125 49
125 53
125 57
125 60
125 69
125 98
125 103
125 105
125 106
125 112
125 115
125 128
125 152
125 175
125 176
125 183
125 198
125 325
126 215
126 216
126 223
126 253
126 262
126 277
126 311
126 344
126 379
126 389
126 390
126 394
126 396
126 5
126 6
126 20
126 90
126 103
126 107
126 115
126 118
126 123
126 141
126 179
126 180
126 192
126 197
126 326
127 207
127 213
127 236
127 252
127 270
127 275
127 299
127 300
127 325
127 347
127 351
127 363
127 379
127 14
127 17
127 36
127 37
127 42
127 43
127 58
127 69
127 87
127 92
127 107
127 109
127 116
127 117
127 123
127 130
127 132
127 135
127 138
127 147
127 162
127 172
127 181
127 183
127 185
127 186
127 188
127 198
127 327
128 208
128 216
128 222
128 224
128 227
128 244
128 247
128 262
128 263
128 296
128 317
128 321
128 325
128 330
128 369
128 14
128 17
128 19
128 27
128 37
128 42
128 53
128 56
128 72
128 76
128 105
128 112
128 122
128 123
128 125
128 131
128 133
128 136
128 163
128 188
128 197
128 328
129 208
129 226
129 235
129 236
129 238
129 239
129 266
129 267
129 269
129 300
129 320
129 326
129 336
129 350
129 362
129 375
129 383
129 14
129 53
129 68
129 69
129 72
129 102
129 108
129 121
129 124
129 131
129 135
129 136
129 139
129 145
129 158
129 161
129 182
129 186
129 188
129 195
129 329
130 202
130 205
130 215
130 216
130 218
130 242
130 248
130 257
130 260
130 314
130 343
130 373
130 392
130 7
130 21
130 46
130 63
130 65
130 78
130 100
130 109
130 119
130 121
130 127
130 133
130 140
130 142
130 187
130 193
130 194
130 195
130 199
130 330
131 203
131 205
131 215
131 220
131 221
131 222
131 241
131 247
131 267
131 330
131 344
131 345
131 359
131 379
131 6
131 9
131 13
131 23
131 29
131 39
131 44
131 49
131 62
131 65
131 92
131 93
131 102
131 107
131 111
131 112
131 121
131 128
131 129
131 148
131 168
131 179
131 191
131 195
131 331
132 206
132 215
132 216
132 228
132 243
132 246
132 262
132 263
132 275
132 295
132 300
132 301
132 307
132 318
132 342
132 359
132 370
132 373
132 378
132 398
132 13
132 14
132 27
132 48
132 53
132 62
132 73
132 83
132 98
132 100
132 103
132 106
132 117
132 122
132 127
132 137
132 140
132 152
132 164
132 186
132 332
133 201
133 206
133 237
133 242
133 280
133 292
133 317
133 354
133 376
133 382
133 385
133 393
133 2
133 9
133 10
133 17
133 18
133 31
133 48
133 97
133 113
133 114
133 121
133 124
133 128
133 130
133 167
133 179
133 187
133 333
134 224
134 245
134 247
134 252
134 255
134 261
134 262
134 273
134 276
134 299
134 308
134 335
134 368
134 4
134 11
134 17
134 36
134 59
134 66
134 81
134 94
134 103
134 111
134 118
134 137
134 156
134 168
134 187
134 195
134 334
135 266
135 279
135 282
135 306
135 316
135 317
135 328
135 334
135 337
135 342
135 349
135 359
135 361
135 366
135 383
135 387
135 390
135 1
135 11
135 28
135 36
135 37
135 41
135 56
135 57
135 59
135 77
135 93
135 106
135 107
135 112
135 127
135 129
135 142
135 160
135 164
135 185
135 193
135 335
136 220
136 255
136 290
136 297
136 312
136 316
136 323
136 327
136 334
136 336
136 343
136 348
136 359
136 373
136 374
136 395
136 4
136 12
136 14
136 25
136 45
136 50
136 51
136 56
136 69
136 82
136 94
136 99
136 110
136 114
136 117
136 128
136 129
136 145
136 146
136 148
136 160
136 196
136 197
137 208
137 226
137 241
137 252
137 260
137 276
137 286
137 303
137 322
137 332
137 338
137 372
137 13
137 18
137 38
137 43
137 46
137 59
137 67
137 69
137 73
137 79
137 80
137 81
137 89
137 92
137 96
137 104
137 113
137 119
137 132
137 134
137 143
137 148
137 162
137 165
137 173
137 195
137 337
138 202
138 221
138 245
138 276
138 294
138 299
138 313
138 317
138 334
138 345
138 348
138 358
138 359
138 365
138 372
138 382
138 384
138 19
138 33
138 37
138 41
138 48
138 54
138 59
138 74
138 76
138 78
138 82
138 85
138 107
138 111
138 127
138 145
138 155
138 160
138 169
138 175
138 177
138 194
138 338
139 219
139 243
139 248
139 276
139 279
139 287
139 297
139 298
139 321
139 337
139 341
139 362
139 364
139 376
139 24
139 108
139 129
139 147
139 156
139 167
139 184
139 189
139 339
140 201
140 212
140 225
140 247
140 251
140 257
140 264
140 268
140 317
140 335
140 336
140 358
140 387
140 389
140 396
140 6
140 16
140 18
140 20
140 32
140 33
140 64
140 72
140 81
140 83
140 91
140 103
140 130
140 132
140 145
140 149
140 151
140 156
140 162
140 168
140 172
140 196
140 198
140 199
140 340
141 219
141 223
141 226
141 230
141 243
141 249
141 266
141 273
141 294
141 365
141 373
141 375
141 398
141 13
141 27
141 37
141 72
141 82
141 86
141 88
141 92
141 96
141 98
141 99
141 126
141 155
141 176
141 180
141 182
141 187
141 194
141 196
141 341
142 201
142 202
142 204
142 210
142 214
142 217
142 226
142 253
142 265
142 273
142 279
142 283
142 313
142 320
142 325
142 330
142 344
142 348
142 359
142 397
142 7
142 12
142 24
142 32
142 56
142 61
142 73
142 79
142 88
142 89
142 105
142 112
142 122
142 130
142 135
142 157
142 169
142 189
142 195
142 342
143 209
143 215
143 234
143 239
143 249
143 256
143 273
143 277
143 280
143 282
143 330
143 337
143 340
143 367
143 380
143 399
143 8
143 26
143 27
143 28
143 29
143 41
143 54
143 76
143 88
143 90
143 107
143 137
143 144
143 191
143 343
144 200
144 204
144 216
144 218
144 223
144 225
144 249
144 264
144 291
144 334
144 353
144 354
144 361
144 3
144 4
144 7
144 23
144 37
144 38
144 40
144 62
144 82
144 92
144 96
144 100
144 105
144 113
144 120
144 143
144 161
144 163
144 183
144 193
144 344
145 255
145 272
145 282
145 311
145 315
145 327
145 340
145 355
145 392
145 5
145 14
145 26
145 29
145 34
145 42
145 51
145 77
145 86
145 102
145 104
145 117
145 118
145 122
145 129
145 136
145 138
145 140
145 154
145 179
145 190
145 196
145 345
146 201
146 204
146 211
146 230
146 251
146 270
146 278
146 296
146 309
146 318
146 334
146 341
146 384
146 15
146 26
146 48
146 55
146 72
146 74
146 83
146 92
146 93
146 99
146 102
146 105
146 109
146 112
146 136
146 162
146 165
146 183
146 346
147 202
147 212
147 243
147 247
147 248
147 283
147 287
147 305
147 311
147 320
147 324
147 361
147 384
147 393
147 399
147 2
147 5
147 36
147 46
147 72
147 74
147 77
147 79
147 102
147 110
147 112
147 124
147 127
147 139
147 158
147 175
147 187
147 192
147 347
148 203
148 207
148 232
148 258
148 283
148 285
148 293
148 295
148 309
148 316
148 340
148 341
148 342
148 345
148 349
148 353
148 366
148 390
148 3
148 9
148 14
148 16
148 18
148 32
148 40
148 41
148 42
148 46
148 50
148 57
148 61
148 67
148 78
148 79
148 82
148 96
148 112
148 131
148 136
148 137
148 150
148 153
148 172
148 348
149 264
149 268
149 305
149 310
149 333
149 349
149 358
149 394
149 398
149 5
149 17
149 19
149 20
149 31
149 35
149 58
149 61
149 62
149 95
149 98
149 140
149 152
149 155
149 161
149 163
149 176
149 196
150 205
150 209
150 215
150 222
150 225
150 233
150 243
150 246
150 252
150 260
150 281
150 324
150 327
150 330
150 343
150 345
150 354
150 358
150 0
150 5
150 8
150 17
150 23
150 29
150 43
150 46
150 73
150 104
150 116
150 122
150 148
150 154
150 161
150 187
150 195
150 350
151 208
151 231
151 253
151 255
151 265
151 268
151 279
151 288
151 289
151 339
151 5
151 19
151 21
151 24
151 25
151 28
151 30
151 33
151 34
151 35
151 36
151 52
151 83
151 84
151 100
151 111
151 116
151 122
151 140
151 158
151 160
151 164
151 183
151 194
151 351
152 221
152 264
152 272
152 293
152 317
152 373
152 378
152 1
152 4
152 7
152 10
152 17
152 34
152 40
152 58
152 73
152 76
152 78
152 82
152 125
152 132
152 149
152 168
152 182
152 199
152 352
153 206
153 207
153 211
153 219
153 232
153 268
153 277
153 289
153 303
153 333
153 338
153 355
153 366
153 1
153 12
153 13
153 21
153 28
153 33
153 37
153 42
153 44
153 51
153 54
153 58
153 79
153 80
153 90
153 91
153 95
153 103
153 112
153 122
153 148
153 167
153 172
153 175
153 353
154 202
154 217
154 239
154 246
154 267
154 289
154 303
154 323
154 340
154 343
154 381
154 389
154 391
154 1
154 8
154 15
154 35
154 38
154 39
154 64
154 65
154 74
154 77
154 119
154 122
154 145
154 150
154 157
154 158
154 160
154 186
154 189
154 354
155 212
155 225
155 235
155 256
155 261
155 293
155 361
155 389
155 390
155 5
155 11
155 14
155 32
155 36
155 49
155 74
155 83
155 107
155 108
155 114
155 138
155 141
155 149
155 168
155 185
155 187
155 355
156 202
156 203
156 238
156 249
156 265
156 293
156 296
156 307
156 308
156 340
156 372
156 399
156 3
156 28
156 45
156 56
156 77
156 103
156 108
156 122
156 134
156 139
156 140
156 161
156 163
156 179
156 356
157 203
157 215
157 245
157 255
157 257
157 267
157 275
157 295
157 298
157 315
157 332
157 346
157 366
157 371
157 374
157 384
157 385
157 399
157 16
157 26
157 30
157 42
157 63
157 65
157 75
157 80
157 86
157 100
157 115
157 142
157 154
157 164
157 189
157 194
157 197
157 357
158 210
158 219
158 253
158 255
158 261
158 262
158 280
158 282
158 305
158 309
158 310
158 318
158 323
158 338
158 341
158 347
158 351
158 359
158 382
158 1
158 14
158 34
158 35
158 52
158 68
158 69
158 77
158 86
158 98
158 115
158 124
158 129
158 147
158 151
158 154
158 162
158 173
158 186
158 197
158 358
159 247
159 282
159 286
159 318
159 321
159 343
159 347
159 360
159 361
159 365
159 370
159 378
159 383
159 391
159 392
159 12
159 26
159 38
159 43
159 53
159 64
159 68
159 70
159 76
159 82
159 98
159 104
159 106
159 108
159 122
159 165
159 180
159 183
159 186
159 194
159 197
159 359
160 219
160 269
160 295
160 296
160 303
160 309
160 318
160 347
160 362
160 379
160 385
160 394
160 399
160 3
160 17
160 18
160 33
160 35
160 39
160 43
160 89
160 98
160 110
160 123
160 135
160 136
160 138
160 151
160 154
160 197
160 198
160 199
160 360
161 206
161 216
161 231
161 238
161 242
161 247
161 281
161 293
161 328
161 329
161 332
161 338
161 344
161 1
161 10
161 11
161 24
161 43
161 82
161 91
161 94
161 129
161 144
161 149
161 150
161 156
161 187
161 192
161 198
161 361
162 208
162 211
162 245
162 246
162 296
162 306
162 319
162 330
162 336
162 355
162 380
162 383
162 384
162 385
162 386
162 387
162 388
162 394
162 21
162 44
162 45
162 62
162 66
162 84
162 92
162 93
162 104
162 110
162 115
162 123
162 127
162 137
162 140
162 146
162 158
162 194
162 362
163 213
163 222
163 225
163 227
163 259
163 268
163 273
163 274
163 276
163 303
163 307
163 316
163 320
163 335
163 365
163 380
163 382
163 392
163 393
163 395
163 396
163 12
163 22
163 54
163 56
163 61
163 64
163 76
163 79
163 92
163 96
163 99
163 115
163 128
163 144
163 149
163 156
163 165
163 173
163 178
163 193
163 196
163 363
164 205
164 233
164 235
164 236
164 237
164 239
164 241
164 242
164 244
164 250
164 270
164 273
164 284
164 286
164 290
164 293
164 313
164 317
164 326
164 331
164 335
164 356
164 362
164 378
164 395
164 1
164 8
164 10
164 15
164 25
164 34
164 46
164 57
164 60
164 67
164 76
164 87
164 89
164 92
164 114
164 121
164 122
164 124
164 132
164 135
164 151
164 157
164 181
164 364
165 222
165 246
165 275
165 278
165 282
165 300
165 337
165 344
165 345
165 349
165 362
165 373
165 394
165 8
165 18
165 50
165 67
165 90
165 94
165 95
165 137
165 146
165 159
165 163
165 171
165 177
165 179
165 182
165 187
165 190
165 365
166 201
166 204
166 205
166 210
166 216
166 224
166 228
166 257
166 274
166 287
166 290
166 306
166 312
166 334
166 362
166 367
166 369
166 381
166 2
166 39
166 70
166 78
166 79
166 84
166 86
166 168
166 174
166 177
166 178
166 179
166 184
166 186
166 366
167 204
167 229
167 245
167 257
167 258
167 276
167 282
167 283
167 299
167 307
167 309
167 322
167 336
167 352
167 358
167 359
167 382
167 391
167 397
167 398
167 399
167 4
167 5
167 14
167 16
167 22
167 37
167 40
167 61
167 67
167 75
167 81
167 83
167 95
167 97
167 112
167 115
167 133
167 139
167 153
167 182
167 194
167 367
168 228
168 242
168 250
168 257
168 273
168 297
168 312
168 313
168 331
168 346
168 351
168 357
168 368
168 385
168 399
168 5
168 10
168 34
168 40
168 55
168 73
168 90
168 106
168 108
168 111
168 113
168 116
168 131
168 134
168 140
168 152
168 155
168 166
168 172
168 175
168 182
168 191
168 193
168 198
169 206
169 224
169 227
169 245
169 249
169 265
169 273
169 276
169 279
169 293
169 297
169 303
169 307
169 321
169 336
169 352
169 353
169 1
169 25
169 60
169 67
169 79
169 81
169 105
169 107
169 138
169 142
169 172
169 173
169 174
169 176
169 190
169 192
169 369
170 211
170 234
170 239
170 240
170 243
170 247
170 309
170 314
170 368
170 387
170 4
170 17
170 18
170 19
170 25
170 76
170 80
170 82
170 84
170 93
170 96
170 104
170 112
170 199
170 370
171 204
171 214
171 281
171 286
171 307
171 329
171 339
171 362
171 4
171 23
171 25
171 29
171 35
171 37
171 40
171 45
171 58
171 62
171 68
171 71
171 102
171 106
171 107
171 120
171 165
171 176
171 187
171 371
172 225
172 245
172 249
172 258
172 267
172 285
172 294
172 301
172 317
172 321
172 354
172 367
172 372
172 373
172 382
172 20
172 22
172 25
172 27
172 35
172 40
172 42
172 58
172 59
172 65
172 79
172 92
172 93
172 105
172 115
172 118
172 127
172 140
172 148
172 153
172 168
172 169
172 174
172 175
172 191
172 196
173 210
173 245
173 251
173 257
173 264
173 287
173 298
173 375
173 376
173 377
173 385
173 390
173 8
173 22
173 29
173 35
173 38
173 47
173 59
173 102
173 137
173 158
173 163
173 169
173 179
173 190
173 373
174 220
174 264
174 304
174 309
174 353
174 365
174 5
174 21
174 29
174 42
174 59
174 66
174 72
174 74
174 79
174 80
174 108
174 121
174 166
174 169
174 172
174 176
174 374
175 226
175 231
175 248
175 253
175 270
175 302
175 314
175 337
175 389
175 11
175 17
175 39
175 52
175 69
175 74
175 80
175 85
175 87
175 97
175 100
175 105
175 109
175 121
175 125
175 138
175 147
175 153
175 168
175 172
175 180
175 375
176 204
176 216
176 219
176 237
176 251
176 259
176 271
176 297
176 299
176 302
176 307
176 318
176 344
176 357
176 362
176 379
176 0
176 8
176 24
176 29
176 54
176 60
176 66
176 80
176 83
176 84
176 90
176 91
176 92
176 121
176 125
176 141
176 149
176 169
176 171
176 174
176 180
176 181
176 186
176 188
176 376
177 210
177 211
177 215
177 234
177 263
177 274
177 282
177 300
177 301
177 305
177 309
177 345
177 354
177 379
177 388
177 393
177 7
177 25
177 31
177 56
177 61
177 64
177 74
177 83
177 87
177 95
177 100
177 110
177 119
177 138
177 165
177 166
177 181
177 377
178 222
178 224
178 227
178 241
178 256
178 278
178 299
178 308
178 309
178 332
178 352
178 357
178 382
178 17
178 19
178 22
178 23
178 40
178 53
178 54
178 62
178 74
178 76
178 77
178 81
178 101
178 116
178 117
178 163
178 166
178 188
178 190
178 192
178 197
178 378
179 239
179 252
179 269
179 281
179 286
179 291
179 296
179 310
179 328
179 329
179 347
179 356
179 374
179 375
179 389
179 396
179 398
179 1
179 3
179 14
179 15
179 23
179 28
179 46
179 51
179 89
179 95
179 96
179 99
179 100
179 113
179 126
179 131
179 133
179 145
179 156
179 165
179 166
179 173
179 182
179 193
179 195
179 379
180 200
180 254
180 255
180 260
180 269
180 274
180 313
180 318
180 330
180 363
180 386
180 388
180 4
180 11
180 15
180 19
180 30
180 31
180 33
180 45
180 58
180 59
180 61
180 72
180 80
180 85
180 95
180 117
180 126
180 141
180 159
180 175
180 176
180 191
180 197
180 380
181 210
181 225
181 245
181 255
181 262
181 295
181 306
181 362
181 364
181 375
181 386
181 388
181 8
181 9
181 19
181 34
181 38
181 43
181 45
181 51
181 53
181 60
181 63
181 72
181 76
181 92
181 105
181 109
181 127
181 164
181 176
181 177
181 193
181 195
181 381
182 249
182 253
182 263
182 264
182 274
182 275
182 282
182 290
182 296
182 301
182 308
182 337
182 351
182 366
182 388
182 2
182 21
182 48
182 53
182 68
182 71
182 112
182 117
182 123
182 129
182 141
182 152
182 165
182 167
182 168
182 179
182 188
182 199
182 382
183 203
183 220
183 227
183 228
183 235
183 236
183 239
183 246
183 265
183 269
183 303
183 316
183 339
183 349
183 358
183 362
183 378
183 386
183 0
183 4
183 18
183 31
183 38
183 44
183 50
183 73
183 89
183 90
183 94
183 122
183 125
183 127
183 144
183 146
183 151
183 159
183 184
183 383
184 233
184 241
184 250
184 306
184 318
184 328
184 344
184 346
184 349
184 385
184 386
184 11
184 15
184 26
184 51
184 62
184 65
184 87
184 92
184 93
184 96
184 100
184 104
184 109
184 112
184 115
184 139
184 166
184 183
184 192
184 384
185 214
185 225
185 265
185 272
185 293
185 315
185 336
185 348
185 349
185 352
185 369
185 398
185 5
185 31
185 37
185 38
185 70
185 77
185 79
185 81
185 84
185 93
185 104
185 113
185 121
185 127
185 135
185 155
185 192
185 385
186 208
186 229
186 232
186 243
186 317
186 357
186 4
186 27
186 30
186 35
186 39
186 42
186 45
186 76
186 101
186 117
186 118
186 127
186 129
186 132
186 154
186 158
186 159
186 166
186 176
186 194
186 386
187 200
187 201
187 216
187 229
187 234
187 243
187 260
187 281
187 289
187 303
187 313
187 318
187 337
187 342
187 356
187 27
187 29
187 32
187 42
187 46
187 61
187 72
187 74
187 123
187 130
187 133
187 134
187 141
187 147
187 150
187 155
187 161
187 165
187 171
187 191
187 387
188 211
188 223
188 225
188 235
188 244
188 252
188 286
188 310
188 324
188 358
188 362
188 382
188 394
188 6
188 15
188 22
188 34
188 48
188 59
188 60
188 95
188 100
188 102
188 107
188 114
188 127
188 128
188 129
188 176
188 178
188 182
188 189
188 196
188 388
189 215
189 222
189 230
189 233
189 238
189 254
189 271
189 293
189 321
189 323
189 330
189 335
189 336
189 353
189 374
189 383
189 387
189 5
189 7
189 28
189 33
189 42
189 63
189 65
189 81
189 91
189 97
189 105
189 113
189 121
189 124
189 139
189 142
189 154
189 157
189 188
189 199
189 389
190 206
190 211
190 214
190 215
190 218
190 237
190 240
190 243
190 246
190 250
190 252
190 264
190 267
190 282
190 287
190 302
190 308
190 316
190 321
190 322
190 339
190 342
190 350
190 353
190 373
190 376
190 393
190 14
190 29
190 57
190 60
190 88
190 90
190 95
190 99
190 103
190 105
190 108
190 109
190 110
190 118
190 145
190 165
190 169
190 173
190 178
190 198
190 390
191 204
191 207
191 231
191 254
191 255
191 260
191 277
191 282
191 283
191 291
191 303
191 328
191 334
191 341
191 379
191 396
191 1
191 6
191 9
191 11
191 21
191 35
191 37
191 56
191 65
191 67
191 76
191 87
191 96
191 100
191 104
191 105
191 106
191 124
191 131
191 143
191 168
191 172
191 180
191 187
191 391
192 245
192 248
192 292
192 293
192 294
192 303
192 309
192 320
192 322
192 326
192 335
192 339
192 371
192 378
192 3
192 7
192 13
192 14
192 15
192 35
192 48
192 75
192 98
192 117
192 126
192 147
192 161
192 169
192 178
192 184
192 185
192 392
193 200
193 205
193 252
193 254
193 275
193 277
193 304
193 342
193 365
193 376
193 12
193 21
193 36
193 66
193 73
193 76
193 89
193 99
193 104
193 106
193 109
193 130
193 135
193 144
193 163
193 168
193 179
193 181
193 393
194 210
194 214
194 224
194 236
194 247
194 248
194 302
194 303
194 312
194 319
194 340
194 341
194 353
194 379
194 0
194 4
194 7
194 9
194 27
194 29
194 39
194 40
194 53
194 74
194 76
194 82
194 91
194 112
194 122
194 130
194 138
194 141
194 151
194 157
194 159
194 162
194 167
194 186
194 198
194 394
195 201
195 202
195 218
195 227
195 240
195 256
195 276
195 304
195 323
195 356
195 374
195 0
195 6
195 14
195 15
195 22
195 27
195 31
195 32
195 41
195 45
195 81
195 87
195 95
195 105
195 111
195 116
195 123
195 124
195 129
195 130
195 131
195 134
195 137
195 142
195 150
195 179
195 181
195 395
196 205
196 212
196 242
196 269
196 270
196 283
196 297
196 300
196 379
196 6
196 27
196 29
196 34
196 49
196 50
196 54
196 55
196 81
196 85
196 110
196 116
196 136
196 140
196 141
196 145
196 149
196 163
196 172
196 188
196 396
197 205
197 214
197 215
197 229
197 237
197 238
197 248
197 252
197 290
197 298
197 300
197 301
197 331
197 338
197 353
197 367
197 7
197 12
197 19
197 32
197 35
197 38
197 41
197 55
197 58
197 60
197 65
197 80
197 119
197 120
197 126
197 128
197 136
197 157
197 158
197 159
197 160
197 178
197 180
197 397
198 201
198 216
198 224
198 227
198 231
198 235
198 236
198 247
198 256
198 299
198 314
198 331
198 365
198 373
198 385
198 389
198 395
198 44
198 49
198 100
198 106
198 111
198 115
198 120
198 123
198 125
198 127
198 140
198 160
198 161
198 168
198 190
198 194
198 398
199 218
199 238
199 242
199 257
199 258
199 268
199 273
199 300
199 317
199 330
199 355
199 375
199 379
199 383
199 392
199 0
199 9
199 10
199 14
199 41
199 53
199 55
199 59
199 63
199 93
199 106
199 119
199 130
199 140
199 152
199 160
199 170
199 182
199 189
199 399
200 11
200 17
200 22
200 50
200 74
200 76
200 92
200 110
200 144
200 180
200 187
200 193
200 0
201 54
201 64
201 133
201 140
201 142
201 146
201 166
201 187
201 195
201 198
201 1
202 16
202 20
202 53
202 75
202 89
202 90
202 95
202 113
202 115
202 118
202 130
202 138
202 142
202 147
202 154
202 156
202 195
202 2
203 9
203 40
203 47
203 53
203 62
203 80
203 81
203 85
203 91
203 96
203 105
203 131
203 148
203 156
203 157
203 183
203 3
204 14
204 16
204 31
204 62
204 66
204 70
204 73
204 78
204 80
204 117
204 142
204 144
204 146
204 166
204 167
204 171
204 176
204 191
204 4
205 1
205 26
205 42
205 60
205 61
205 64
205 70
205 71
205 78
205 81
205 94
205 130
205 131
205 150
205 164
205 166
205 193
205 196
205 197
205 5
206 50
206 88
206 132
206 133
206 153
206 161
206 169
206 190
206 6
207 11
207 31
207 97
207 105
207 111
207 116
207 117
207 127
207 148
207 153
207 191
207 7
208 16
208 18
208 38
208 79
208 85
208 98
208 108
208 111
208 128
208 129
208 137
208 151
208 162
208 186
208 8
209 18
209 26
209 36
209 51
209 53
209 58
209 62
209 123
209 143
209 150
209 9
210 8
210 17
210 32
210 33
210 36
210 40
210 43
210 47
210 62
210 68
210 75
210 78
210 84
210 125
210 142
210 158
210 166
210 173
210 177
210 181
210 194
210 10
211 23
211 46
211 49
211 88
211 89
211 97
211 116
211 119
211 146
211 153
211 162
211 170
211 177
211 188
211 190
211 11
212 16
212 21
212 34
212 41
212 71
212 104
212 105
212 119
212 140
212 147
212 155
212 196
212 12
213 3
213 9
213 15
213 17
213 34
213 62
213 80
213 117
213 127
213 163
213 13
214 55
214 56
214 77
214 142
214 171
214 185
214 190
214 194
214 197
214 14
215 23
215 61
215 91
215 94
215 95
215 102
215 126
215 130
215 131
215 132
215 143
215 150
215 157
215 177
215 189
215 190
215 197
215 15
216 21
216 25
216 29
216 67
216 86
216 126
216 128
216 130
216 132
216 144
216 161
216 166
216 176
216 187
216 198
216 16
217 13
217 18
217 26
217 59
217 70
217 71
217 74
217 86
217 107
217 110
217 123
217 142
217 154
217 17
218 3
218 18
218 21
218 28
218 63
218 73
218 80
218 84
218 93
218 96
218 99
218 114
218 121
218 130
218 144
218 190
218 195
218 199
219 17
219 22
219 23
219 37
219 67
219 91
219 102
219 115
219 139
219 141
219 153
219 158
219 160
219 176
219 19
220 10
220 18
220 27
220 44
220 45
220 64
220 65
220 100
220 103
220 121
220 131
220 136
220 174
220 183
220 20
221 17
221 20
221 29
221 35
221 43
221 45
221 46
221 50
221 51
221 61
221 65
221 72
221 84
221 91
221 117
221 131
221 138
221 152
221 21
222 7
222 12
222 82
222 91
222 99
222 111
222 117
222 124
222 128
222 131
222 150
222 163
222 165
222 178
222 189
222 22
223 2
223 19
223 34
223 62
223 68
223 85
223 87
223 90
223 106
223 108
223 124
223 125
223 126
223 141
223 144
223 188
223 23
224 6
224 7
224 24
224 25
224 30
224 39
224 50
224 57
224 79
224 95
224 121
224 128
224 134
224 166
224 169
224 178
224 194
224 198
225 0
225 14
225 27
225 34
225 46
225 51
225 53
225 67
225 68
225 94
225 105
225 111
225 121
225 125
225 140
225 144
225 150
225 155
225 163
225 172
225 181
225 185
225 188
225 25
226 10
226 25
226 33
226 61
226 92
226 99
226 101
226 118
226 129
226 137
226 141
226 142
226 175
226 26
227 1
227 25
227 27
227 48
227 64
227 74
227 100
227 107
227 112
227 115
227 128
227 163
227 169
227 178
227 183
227 195
227 198
228 38
228 69
228 75
228 88
228 98
228 125
228 132
228 166
228 168
228 183
228 28
229 1
229 18
229 37
229 65
229 66
229 78
229 101
229 122
229 167
229 186
229 187
229 197
229 29
230 9
230 25
230 29
230 37
230 47
230 53
230 60
230 79
230 91
230 93
230 97
230 100
230 120
230 141
230 146
230 189
230 30
231 6
231 14
231 19
231 26
231 39
231 49
231 51
231 55
231 60
231 79
231 84
231 86
231 89
231 90
231 123
231 151
231 161
231 175
231 191
231 198
231 31
232 6
232 8
232 21
232 54
232 58
232 63
232 80
232 100
232 111
232 148
232 153
232 186
232 32
233 2
233 3
233 13
233 36
233 54
233 55
233 69
233 75
233 97
233 118
233 122
233 125
233 150
233 164
233 184
233 189
233 33
234 32
234 58
234 101
234 103
234 143
234 170
234 177
234 187
234 34
235 10
235 11
235 23
235 35
235 45
235 51
235 84
235 111
235 118
235 119
235 124
235 129
235 155
235 164
235 183
235 188
235 198
236 11
236 18
236 35
236 76
236 80
236 95
236 117
236 127
236 129
236 164
236 183
236 194
236 198
236 36
237 9
237 14
237 35
237 96
237 97
237 100
237 119
237 124
237 133
237 164
237 176
237 190
237 197
237 37
238 8
238 11
238 16
238 67
238 89
238 120
238 129
238 156
238 161
238 189
238 197
238 199
238 38
239 8
239 58
239 66
239 79
239 91
239 93
239 107
239 129
239 143
239 154
239 164
239 170
239 179
239 183
239 39
240 16
240 80
240 108
240 113
240 170
240 190
240 195
240 40
241 30
241 48
241 56
241 77
241 78
241 98
241 116
241 118
241 131
241 137
241 164
241 178
241 184
241 41
242 15
242 52
242 54
242 62
242 66
242 90
242 99
242 107
242 115
242 123
242 130
242 133
242 161
242 164
242 168
242 196
242 199
242 42
243 10
243 19
243 21
243 22
243 37
243 48
243 58
243 71
243 114
243 132
243 139
243 141
243 147
243 150
243 170
243 186
243 187
243 190
243 43
244 35
244 39
244 84
244 94
244 102
244 107
244 110
244 117
244 128
244 164
244 188
244 44
245 7
245 12
245 18
245 21
245 27
245 28
245 37
245 63
245 88
245 98
245 112
245 122
245 134
245 138
245 157
245 162
245 167
245 169
245 172
245 173
245 181
245 192
245 45
246 5
246 30
246 56
246 97
246 101
246 120
246 132
246 150
246 154
246 162
246 165
246 183
246 190
246 46
247 6
247 9
247 18
247 20
247 39
247 42
247 60
247 92
247 119
247 128
247 131
247 134
247 140
247 147
247 159
247 161
247 170
247 194
247 198
247 47
248 6
248 9
248 52
248 95
248 119
248 130
248 139
248 147
248 175
248 192
248 194
248 197
248 48
249 1
249 5
249 32
249 85
249 112
249 125
249 141
249 143
249 144
249 156
249 169
249 172
249 182
249 49
250 12
250 33
250 36
250 58
250 64
250 84
250 98
250 120
250 164
250 168
250 184
250 190
250 50
251 14
251 23
251 42
251 76
251 82
251 87
251 113
251 114
251 124
251 125
251 140
251 146
251 173
251 176
251 51
252 42
252 96
252 127
252 134
252 137
252 150
252 179
252 188
252 190
252 193
252 197
252 52
253 6
253 11
253 16
253 44
253 80
253 126
253 142
253 151
253 158
253 175
253 182
253 53
254 31
254 32
254 48
254 81
254 94
254 97
254 102
254 112
254 125
254 180
254 189
254 191
254 193
254 54
255 3
255 24
255 45
255 57
255 66
255 77
255 91
255 92
255 102
255 122
255 134
255 136
255 145
255 151
255 157
255 158
255 180
255 181
255 191
255 55
256 10
256 16
256 45
256 47
256 63
256 104
256 143
256 155
256 178
256 195
256 198
256 56
257 0
257 5
257 28
257 38
257 45
257 56
257 69
257 78
257 88
257 111
257 115
257 119
257 130
257 140
257 157
257 166
257 167
257 168
257 173
257 199
257 57
258 53
258 65
258 88
258 90
258 98
258 102
258 108
258 148
258 167
258 172
258 199
258 58
259 31
259 46
259 84
259 88
259 97
259 102
259 115
259 163
259 176
259 59
260 9
260 33
260 34
260 94
260 96
260 100
260 103
260 105
260 109
260 118
260 130
260 137
260 150
260 180
260 187
260 191
260 60
261 16
261 28
261 63
261 134
261 155
261 158
261 61
262 3
262 14
262 76
262 78
262 87
262 91
262 100
262 101
262 106
262 126
262 128
262 132
262 134
262 158
262 181
262 62
263 2
263 33
263 38
263 57
263 101
263 108
263 128
263 132
263 177
263 182
263 63
264 4
264 7
264 8
264 45
264 55
264 64
264 66
264 67
264 84
264 102
264 117
264 140
264 144
264 149
264 152
264 173
264 174
264 182
264 190
265 9
265 22
265 58
265 66
265 98
265 103
265 125
265 142
265 151
265 156
265 169
265 183
265 185
265 65
266 15
266 43
266 78
266 115
266 129
266 135
266 141
266 66
267 0
267 9
267 22
267 23
267 37
267 45
267 48
267 53
267 67
267 103
267 114
267 117
267 129
267 131
267 154
267 157
267 172
267 190
268 10
268 19
268 64
268 85
268 93
268 99
268 112
268 123
268 140
268 149
268 151
268 153
268 163
268 199
268 68
269 10
269 11
269 13
269 20
269 87
269 97
269 102
269 107
269 108
269 123
269 129
269 160
269 179
269 180
269 183
269 196
269 69
270 30
270 54
270 61
270 69
270 85
270 86
270 88
270 97
270 127
270 146
270 164
270 175
270 196
270 70
271 11
271 22
271 51
271 52
271 64
271 103
271 118
271 176
271 189
271 71
272 25
272 34
272 59
272 117
272 145
272 152
272 185
272 72
273 0
273 1
273 4
273 37
273 39
273 79
273 81
273 85
273 99
273 107
273 122
273 134
273 141
273 142
273 143
273 163
273 164
273 168
273 169
273 199
273 73
274 9
274 18
274 39
274 42
274 51
274 79
274 108
274 113
274 163
274 166
274 177
274 180
274 182
274 74
275 1
275 11
275 36
275 42
275 48
275 64
275 72
275 90
275 111
275 127
275 132
275 157
275 165
275 182
275 193
275 75
276 5
276 16
276 18
276 23
276 48
276 49
276 67
276 82
276 86
276 88
276 90
276 96
276 101
276 102
276 107
276 119
276 134
276 137
276 138
276 139
276 163
276 167
276 169
276 195
276 76
277 34
277 84
277 85
277 99
277 126
277 143
277 153
277 191
277 193
277 77
278 14
278 28
278 38
278 39
278 45
278 70
278 79
278 106
278 119
278 146
278 165
278 178
278 78
279 0
279 2
279 27
279 28
279 36
279 42
279 45
279 56
279 67
279 79
279 83
279 91
279 107
279 111
279 119
279 135
279 139
279 142
279 151
279 169
280 4
280 5
280 20
280 22
280 25
280 36
280 42
280 85
280 133
280 143
280 158
280 80
281 6
281 15
281 17
281 55
281 57
281 77
281 105
281 150
281 161
281 171
281 179
281 187
281 81
282 4
282 11
282 28
282 39
282 49
282 59
282 65
282 67
282 72
282 80
282 85
282 89
282 104
282 108
282 135
282 143
282 145
282 158
282 159
282 165
282 167
282 177
282 182
282 190
282 191
282 82
283 9
283 35
283 48
283 91
283 96
283 108
283 113
283 142
283 147
283 148
283 167
283 191
283 196
283 83
284 20
284 47
284 49
284 56
284 59
284 62
284 65
284 87
284 89
284 90
284 117
284 164
284 84
285 16
285 17
285 20
285 21
285 23
285 42
285 45
285 54
285 57
285 73
285 86
285 108
285 122
285 148
285 172
285 85
286 8
286 15
286 32
286 50
286 67
286 79
286 80
286 89
286 100
286 124
286 137
286 159
286 164
286 171
286 179
286 188
286 86
287 13
287 71
287 82
287 86
287 111
287 139
287 147
287 166
287 173
287 190
287 87
288 4
288 13
288 60
288 76
288 91
288 105
288 151
288 88
289 0
289 64
289 67
289 83
289 86
289 94
289 104
289 105
289 112
289 117
289 151
289 153
289 154
289 187
289 89
290 0
290 28
290 29
290 40
290 67
290 95
290 105
290 106
290 136
290 164
290 166
290 182
290 197
290 90
291 2
291 8
291 25
291 66
291 68
291 70
291 83
291 111
291 144
291 179
291 191
291 91
292 5
292 45
292 54
292 70
292 108
292 133
292 192
292 92
293 6
293 18
293 39
293 50
293 51
293 52
293 53
293 58
293 100
293 106
293 111
293 112
293 148
293 152
293 155
293 156
293 161
293 164
293 169
293 185
293 189
293 192
293 93
294 2
294 8
294 10
294 14
294 23
294 43
294 46
294 76
294 79
294 91
294 104
294 138
294 141
294 172
294 192
294 94
295 14
295 47
295 48
295 52
295 59
295 75
295 86
295 89
295 104
295 121
295 123
295 132
295 148
295 157
295 160
295 181
295 95
296 43
296 48
296 94
296 108
296 118
296 121
296 128
296 146
296 156
296 160
296 162
296 179
296 182
296 96
297 9
297 44
297 47
297 71
297 100
297 136
297 139
297 168
297 169
297 176
297 196
297 97
298 30
298 41
298 48
298 65
298 74
298 91
298 109
298 124
298 139
298 157
298 173
298 197
298 98
299 0
299 22
299 24
299 29
299 31
299 36
299 38
299 69
299 85
299 109
299 127
299 134
299 138
299 167
299 176
299 178
299 198
299 99
300 41
300 45
300 71
300 106
300 117
300 127
300 129
300 132
300 165
300 177
300 196
300 197
300 199
300 100
301 10
301 21
301 32
301 39
301 58
301 70
301 83
301 105
301 113
301 132
301 172
301 177
301 182
301 197
301 101
302 15
302 28
302 32
302 93
302 107
302 175
302 176
302 190
302 194
302 102
303 22
303 37
303 45
303 52
303 77
303 105
303 117
303 118
303 137
303 153
303 154
303 160
303 163
303 169
303 183
303 187
303 191
303 192
303 194
303 103
304 4
304 7
304 15
304 17
304 18
304 34
304 35
304 42
304 53
304 59
304 62
304 64
304 79
304 88
304 100
304 101
304 103
304 115
304 116
304 119
304 123
304 174
304 193
304 195
304 104
305 7
305 24
305 26
305 28
305 38
305 54
305 83
305 84
305 105
305 124
305 147
305 149
305 158
305 177
306 10
306 12
306 18
306 50
306 135
306 162
306 166
306 181
306 184
306 106
307 18
307 31
307 47
307 83
307 88
307 94
307 132
307 156
307 163
307 167
307 169
307 171
307 176
307 107
308 4
308 30
308 55
308 68
308 87
308 103
308 104
308 108
308 109
308 125
308 134
308 156
308 178
308 182
308 190
309 7
309 17
309 41
309 47
309 56
309 62
309 75
309 89
309 98
309 103
309 109
309 119
309 146
309 148
309 158
309 160
309 167
309 170
309 174
309 177
309 178
309 192
310 4
310 29
310 44
310 56
310 93
310 95
310 149
310 158
310 179
310 188
310 110
311 6
311 16
311 99
311 115
311 116
311 126
311 145
311 147
311 111
312 17
312 31
312 43
312 50
312 61
312 80
312 125
312 136
312 166
312 168
312 194
312 112
313 4
313 15
313 25
313 35
313 54
313 91
313 138
313 142
313 164
313 168
313 180
313 187
313 113
314 15
314 24
314 33
314 75
314 122
314 130
314 170
314 175
314 198
314 114
315 6
315 13
315 34
315 62
315 70
315 90
315 92
315 108
315 121
315 125
315 145
315 157
315 185
315 115
316 16
316 25
316 34
316 53
316 54
316 68
316 102
316 105
316 111
316 116
316 135
316 136
316 148
316 163
316 183
316 190
317 0
317 3
317 7
317 24
317 65
317 102
317 116
317 117
317 121
317 128
317 133
317 135
317 138
317 140
317 152
317 164
317 172
317 186
317 199
318 5
318 41
318 49
318 89
318 114
318 132
318 146
318 158
318 159
318 160
318 176
318 180
318 184
318 187
318 118
319 2
319 47
319 70
319 82
319 83
319 84
319 95
319 109
319 162
319 194
319 119
320 21
320 26
320 29
320 35
320 57
320 65
320 71
320 82
320 100
320 108
320 125
320 129
320 142
320 147
320 163
320 192
320 120
321 9
321 31
321 66
321 68
321 86
321 100
321 128
321 139
321 159
321 169
321 172
321 189
321 190
321 121
322 2
322 13
322 21
322 34
322 39
322 70
322 75
322 137
322 167
322 190
322 192
322 122
323 0
323 9
323 16
323 38
323 58
323 85
323 115
323 117
323 118
323 125
323 136
323 154
323 158
323 189
323 195
323 123
324 10
324 12
324 16
324 19
324 24
324 27
324 32
324 39
324 44
324 80
324 84
324 92
324 99
324 104
324 114
324 147
324 150
324 188
324 124
325 23
325 33
325 42
325 47
325 70
325 81
325 104
325 122
325 127
325 128
325 142
325 125
326 1
326 26
326 27
326 35
326 83
326 92
326 129
326 164
326 192
326 126
327 10
327 12
327 15
327 25
327 38
327 47
327 57
327 68
327 72
327 136
327 145
327 150
327 127
328 3
328 10
328 31
328 35
328 47
328 61
328 68
328 80
328 101
328 111
328 114
328 117
328 135
328 161
328 179
328 184
328 191
328 128
329 16
329 33
329 36
329 49
329 57
329 68
329 76
329 81
329 103
329 109
329 161
329 171
329 179
329 129
330 26
330 38
330 45
330 56
330 92
330 128
330 131
330 142
330 143
330 150
330 162
330 180
330 189
330 199
330 130
331 60
331 74
331 112
331 117
331 121
331 164
331 168
331 197
331 198
331 131
332 2
332 40
332 51
332 52
332 53
332 97
332 107
332 113
332 123
332 137
332 157
332 161
332 178
332 132
333 69
333 72
333 81
333 103
333 149
333 153
333 133
334 54
334 61
334 74
334 75
334 92
334 94
334 102
334 114
334 115
334 135
334 136
334 138
334 144
334 146
334 166
334 191
334 134
335 1
335 8
335 26
335 36
335 45
335 53
335 96
335 104
335 123
335 134
335 140
335 163
335 164
335 189
335 192
335 135
336 23
336 41
336 54
336 56
336 62
336 76
336 116
336 129
336 136
336 140
336 162
336 167
336 169
336 185
336 189
337 12
337 39
337 40
337 41
337 47
337 77
337 87
337 93
337 110
337 118
337 135
337 139
337 143
337 165
337 175
337 182
337 187
337 137
338 31
338 34
338 41
338 43
338 53
338 66
338 69
338 76
338 95
338 117
338 137
338 153
338 158
338 161
338 197
338 138
339 3
339 10
339 16
339 21
339 38
339 92
339 151
339 171
339 183
339 190
339 192
339 139
340 13
340 41
340 42
340 45
340 67
340 69
340 78
340 110
340 143
340 145
340 148
340 154
340 156
340 194
340 140
341 26
341 45
341 57
341 97
341 113
341 139
341 146
341 148
341 158
341 191
341 194
341 141
342 4
342 7
342 42
342 53
342 66
342 106
342 132
342 135
342 148
342 187
342 190
342 193
342 142
343 21
343 36
343 46
343 56
343 57
343 63
343 73
343 75
343 96
343 115
343 123
343 130
343 136
343 150
343 154
343 159
343 143
344 10
344 18
344 31
344 48
344 51
344 53
344 60
344 69
344 75
344 79
344 98
344 101
344 102
344 111
344 115
344 126
344 131
344 142
344 161
344 165
344 176
344 184
344 144
345 9
345 33
345 54
345 58
345 67
345 72
345 78
345 111
345 112
345 115
345 117
345 124
345 131
345 138
345 148
345 150
345 165
345 177
345 145
346 9
346 43
346 47
346 61
346 65
346 71
346 101
346 157
346 168
346 184
346 146
347 0
347 4
347 6
347 18
347 33
347 35
347 40
347 47
347 53
347 73
347 101
347 119
347 127
347 158
347 159
347 160
347 179
347 147
348 10
348 16
348 19
348 67
348 74
348 83
348 95
348 100
348 113
348 118
348 123
348 136
348 138
348 142
348 185
348 148
349 15
349 33
349 42
349 44
349 49
349 91
349 102
349 119
349 122
349 123
349 135
349 148
349 149
349 165
349 183
349 184
349 185
350 6
350 18
350 47
350 56
350 65
350 73
350 121
350 129
350 190
350 150
351 5
351 16
351 55
351 71
351 72
351 89
351 95
351 120
351 127
351 158
351 168
351 182
351 151
352 6
352 33
352 34
352 40
352 49
352 58
352 119
352 167
352 169
352 178
352 185
352 152
353 16
353 21
353 27
353 35
353 68
353 72
353 79
353 88
353 106
353 115
353 123
353 144
353 148
353 169
353 174
353 189
353 190
353 194
353 197
353 153
354 0
354 16
354 40
354 54
354 80
354 86
354 88
354 99
354 100
354 122
354 133
354 144
354 150
354 172
354 177
354 154
355 2
355 9
355 22
355 51
355 56
355 57
355 81
355 90
355 95
355 103
355 107
355 145
355 153
355 162
355 199
355 155
356 19
356 32
356 41
356 54
356 57
356 60
356 83
356 108
356 164
356 179
356 187
356 195
356 156
357 21
357 29
357 36
357 63
357 69
357 72
357 80
357 110
357 116
357 124
357 168
357 176
357 178
357 186
357 157
358 1
358 33
358 37
358 42
358 70
358 77
358 105
358 114
358 138
358 140
358 149
358 150
358 167
358 183
358 188
358 158
359 0
359 20
359 30
359 42
359 45
359 46
359 63
359 84
359 87
359 97
359 115
359 119
359 122
359 131
359 132
359 135
359 136
359 138
359 142
359 158
359 167
359 159
360 0
360 10
360 20
360 28
360 36
360 110
360 122
360 123
360 159
360 160
361 17
361 18
361 20
361 40
361 57
361 72
361 80
361 109
361 135
361 144
361 147
361 155
361 159
361 161
362 0
362 26
362 43
362 47
362 89
362 103
362 105
362 129
362 139
362 160
362 164
362 165
362 166
362 171
362 176
362 181
362 183
362 188
362 162
363 17
363 20
363 41
363 66
363 73
363 84
363 86
363 92
363 124
363 127
363 180
363 163
364 4
364 8
364 13
364 26
364 71
364 77
364 96
364 139
364 181
364 164
365 13
365 31
365 42
365 49
365 59
365 60
365 70
365 74
365 86
365 87
365 92
365 97
365 98
365 101
365 119
365 138
365 141
365 159
365 163
365 174
365 193
365 198
365 165
366 9
366 18
366 24
366 70
366 100
366 135
366 148
366 153
366 157
366 182
366 166
367 52
367 59
367 66
367 80
367 86
367 106
367 121
367 143
367 166
367 172
367 197
367 167
368 15
368 33
368 36
368 51
368 57
368 65
368 66
368 72
368 91
368 118
368 134
368 168
368 170
369 1
369 6
369 84
369 86
369 98
369 125
369 128
369 166
369 185
369 169
370 18
370 19
370 34
370 44
370 53
370 69
370 72
370 77
370 90
370 108
370 132
370 159
370 170
371 9
371 25
371 31
371 64
371 99
371 120
371 124
371 157
371 192
371 171
372 0
372 7
372 11
372 15
372 22
372 49
372 59
372 78
372 93
372 112
372 120
372 137
372 138
372 156
372 172
373 60
373 67
373 86
373 92
373 118
373 130
373 132
373 136
373 141
373 152
373 165
373 172
373 190
373 198
373 173
374 36
374 53
374 54
374 65
374 72
374 81
374 91
374 97
374 98
374 106
374 124
374 136
374 157
374 179
374 189
374 195
374 174
375 32
375 34
375 41
375 45
375 50
375 53
375 57
375 66
375 96
375 98
375 114
375 116
375 123
375 129
375 141
375 173
375 179
375 181
375 199
375 175
376 5
376 18
376 24
376 25
376 47
376 55
376 60
376 73
376 75
376 92
376 100
376 110
376 125
376 133
376 139
376 173
376 190
376 193
376 176
377 14
377 15
377 23
377 35
377 44
377 46
377 65
377 70
377 76
377 106
377 173
377 177
378 40
378 53
378 60
378 61
378 63
378 73
378 77
378 78
378 81
378 99
378 132
378 152
378 159
378 164
378 183
378 192
378 178
379 3
379 17
379 23
379 27
379 32
379 48
379 53
379 70
379 93
379 114
379 115
379 124
379 126
379 127
379 131
379 160
379 176
379 177
379 191
379 194
379 196
379 199
379 179
380 4
380 13
380 19
380 27
380 41
380 58
380 94
380 100
380 113
380 116
380 143
380 162
380 163
380 180
381 28
381 48
381 59
381 69
381 73
381 77
381 108
381 114
381 115
381 154
381 166
381 181
382 17
382 43
382 68
382 69
382 76
382 116
382 121
382 133
382 138
382 158
382 163
382 167
382 172
382 178
382 188
382 182
383 5
383 45
383 51
383 55
383 72
383 73
383 87
383 120
383 129
383 135
383 159
383 162
383 189
383 199
383 183
384 17
384 30
384 58
384 60
384 82
384 84
384 91
384 110
384 115
384 138
384 146
384 147
384 157
384 162
384 184
385 33
385 45
385 74
385 85
385 101
385 133
385 157
385 160
385 162
385 168
385 173
385 184
385 198
385 185
386 11
386 27
386 36
386 51
386 89
386 123
386 162
386 180
386 181
386 183
386 184
386 186
387 1
387 2
387 7
387 53
387 56
387 66
387 80
387 81
387 98
387 111
387 135
387 140
387 162
387 170
387 189
387 187
388 14
388 15
388 21
388 25
388 29
388 36
388 43
388 46
388 59
388 80
388 162
388 177
388 180
388 181
388 182
388 188
389 5
389 17
389 39
389 59
389 61
389 71
389 86
389 98
389 121
389 126
389 140
389 154
389 155
389 175
389 179
389 198
389 189
390 4
390 10
390 65
390 83
390 87
390 106
390 109
390 118
390 126
390 135
390 148
390 155
390 173
390 190
391 22
391 40
391 50
391 63
391 73
391 79
391 98
391 117
391 154
391 159
391 167
391 191
392 3
392 14
392 17
392 24
392 59
392 65
392 115
392 130
392 145
392 159
392 163
392 199
392 192
393 49
393 52
393 54
393 58
393 78
393 121
393 133
393 147
393 163
393 177
393 190
393 193
394 0
394 24
394 26
394 45
394 46
394 69
394 73
394 80
394 88
394 103
394 104
394 105
394 111
394 118
394 126
394 149
394 160
394 162
394 165
394 188
394 194
395 6
395 20
395 38
395 50
395 82
395 94
395 99
395 119
395 125
395 136
395 163
395 164
395 198
395 195
396 11
396 24
396 29
396 36
396 38
396 40
396 46
396 73
396 79
396 81
396 102
396 105
396 126
396 140
396 163
396 179
396 191
396 196
397 24
397 44
397 45
397 49
397 53
397 77
397 98
397 104
397 105
397 116
397 124
397 142
397 167
397 197
398 34
398 52
398 89
398 101
398 124
398 132
398 141
398 149
398 167
398 179
398 185
398 198
399 8
399 24
399 33
399 83
399 85
399 87
399 88
399 123
399 125
399 143
399 147
399 156
399 157
399 160
399 167
399 168
399 199
