  400   4387
0 202
0 224
0 231
0 259
0 272
0 297
0 323
0 326
0 365
0 398
0 1
0 17
0 25
0 36
0 60
0 68
0 97
0 108
0 109
0 110
0 114
0 116
0 158
0 166
0 175
0 179
0 181
0 187
0 189
0 199
0 200
1 203
1 238
1 282
1 283
1 312
1 314
1 345
1 346
1 350
1 360
1 398
1 0
1 5
1 27
1 33
1 34
1 36
1 45
1 50
1 67
1 74
1 82
1 84
1 94
1 118
1 120
1 144
1 149
1 156
1 157
1 185
1 190
1 201
2 207
2 232
2 234
2 257
2 265
2 306
2 308
2 315
2 321
2 346
2 362
2 373
2 3
2 23
2 28
2 29
2 46
2 53
2 62
2 63
2 68
2 78
2 80
2 89
2 119
2 130
2 160
2 178
2 181
2 187
2 202
3 203
3 235
3 241
3 243
3 252
3 267
3 301
3 322
3 335
3 362
3 2
3 24
3 37
3 38
3 48
3 65
3 75
3 76
3 79
3 84
3 96
3 115
3 132
3 150
3 158
3 159
3 170
4 271
4 301
4 303
4 317
4 375
4 381
4 8
4 12
4 25
4 26
4 65
4 67
4 78
4 98
4 122
4 124
4 131
4 145
4 160
4 164
4 181
4 186
4 193
4 198
4 204
5 208
5 243
5 245
5 264
5 281
5 298
5 351
5 357
5 368
5 386
5 1
5 20
5 28
5 46
5 60
5 62
5 66
5 77
5 81
5 92
5 126
5 149
5 151
5 153
5 156
5 179
5 181
5 195
5 205
6 200
6 212
6 213
6 245
6 262
6 264
6 282
6 341
6 345
6 346
6 385
6 386
6 8
6 10
6 16
6 27
6 32
6 36
6 41
6 45
6 60
6 64
6 75
6 81
6 84
6 89
6 93
6 95
6 112
6 138
6 178
6 206
7 200
7 202
7 216
7 220
7 259
7 302
7 341
7 380
7 386
7 10
7 42
7 55
7 72
7 82
7 92
7 97
7 101
7 118
7 148
7 161
7 165
7 168
7 191
7 207
8 213
8 215
8 259
8 267
8 272
8 286
8 295
8 298
8 309
8 314
8 316
8 343
8 345
8 377
8 397
8 399
8 4
8 6
8 17
8 20
8 28
8 34
8 45
8 56
8 58
8 76
8 100
8 111
8 113
8 131
8 135
8 139
8 143
8 145
8 165
8 168
8 177
8 182
8 191
8 194
8 208
9 218
9 269
9 283
9 320
9 322
9 326
9 336
9 371
9 381
9 385
9 16
9 17
9 22
9 28
9 40
9 45
9 46
9 47
9 75
9 83
9 88
9 93
9 103
9 106
9 111
9 118
9 143
9 144
9 152
9 153
9 155
9 160
9 161
9 178
9 192
9 209
10 210
10 224
10 242
10 249
10 283
10 291
10 301
10 302
10 320
10 342
10 347
10 383
10 6
10 7
10 14
10 25
10 28
10 31
10 34
10 39
10 53
10 68
10 78
10 81
10 101
10 107
10 109
10 110
10 149
11 208
11 228
11 235
11 241
11 245
11 247
11 259
11 263
11 266
11 271
11 275
11 277
11 288
11 340
11 354
11 361
11 13
11 38
11 50
11 71
11 74
11 75
11 94
11 107
11 159
11 170
11 178
11 195
11 211
12 214
12 239
12 241
12 245
12 342
12 344
12 347
12 358
12 360
12 371
12 379
12 4
12 25
12 27
12 46
12 49
12 69
12 74
12 82
12 84
12 105
12 106
12 123
12 142
12 159
12 192
12 196
12 197
12 198
12 212
13 201
13 234
13 259
13 264
13 278
13 297
13 298
13 319
13 324
13 346
13 364
13 373
13 377
13 382
13 384
13 389
13 391
13 11
13 25
13 30
13 33
13 39
13 87
13 95
13 122
13 142
13 188
13 199
13 213
14 209
14 290
14 299
14 302
14 312
14 321
14 337
14 341
14 353
14 359
14 365
14 375
14 391
14 10
14 15
14 29
14 33
14 34
14 38
14 42
14 48
14 57
14 58
14 75
14 88
14 113
14 142
14 214
15 237
15 251
15 312
15 354
15 387
15 390
15 396
15 14
15 19
15 55
15 70
15 74
15 78
15 79
15 98
15 104
15 118
15 139
15 141
15 176
15 177
15 182
15 186
15 187
15 197
15 198
15 215
16 213
16 240
16 251
16 263
16 289
16 290
16 291
16 342
16 363
16 390
16 6
16 9
16 31
16 36
16 42
16 51
16 71
16 76
16 83
16 99
16 111
16 114
16 160
16 162
16 164
16 176
16 216
17 207
17 213
17 218
17 224
17 326
17 380
17 0
17 8
17 9
17 27
17 39
17 115
17 131
17 141
17 145
17 152
17 158
17 168
17 169
17 175
17 185
17 199
17 217
18 278
18 288
18 290
18 315
18 344
18 369
18 388
18 398
18 39
18 61
18 63
18 74
18 82
18 88
18 103
18 113
18 133
18 138
18 141
18 144
18 155
18 159
18 196
18 197
18 218
19 202
19 213
19 232
19 240
19 241
19 266
19 272
19 276
19 322
19 334
19 341
19 343
19 348
19 352
19 369
19 372
19 373
19 381
19 389
19 394
19 396
19 15
19 25
19 32
19 33
19 70
19 73
19 75
19 115
19 132
19 136
19 138
19 139
19 191
19 196
19 197
19 198
19 199
19 219
20 254
20 278
20 286
20 315
20 319
20 328
20 368
20 5
20 8
20 22
20 48
20 60
20 65
20 70
20 95
20 108
20 112
20 153
20 166
20 168
20 172
20 173
20 186
20 220
21 261
21 271
21 325
21 332
21 360
21 363
21 24
21 33
21 35
21 41
21 62
21 64
21 83
21 88
21 91
21 94
21 95
21 97
21 109
21 119
21 133
21 176
21 182
21 183
21 190
21 191
21 221
22 212
22 223
22 234
22 237
22 253
22 258
22 259
22 308
22 319
22 323
22 329
22 362
22 372
22 391
22 396
22 9
22 20
22 47
22 61
22 65
22 79
22 102
22 107
22 110
22 134
22 156
22 157
22 172
22 177
22 181
22 184
22 222
23 207
23 208
23 213
23 245
23 262
23 264
23 293
23 300
23 304
23 309
23 321
23 327
23 332
23 353
23 397
23 399
23 2
23 24
23 30
23 101
23 135
23 158
23 178
23 195
23 223
24 204
24 220
24 235
24 251
24 259
24 260
24 263
24 265
24 267
24 280
24 319
24 344
24 372
24 375
24 398
24 3
24 21
24 23
24 31
24 32
24 63
24 68
24 100
24 102
24 114
24 129
24 134
24 139
24 147
24 158
24 160
24 163
24 164
24 165
24 172
24 175
24 224
25 224
25 232
25 248
25 258
25 259
25 265
25 270
25 281
25 288
25 289
25 290
25 308
25 324
25 329
25 335
25 354
25 384
25 385
25 0
25 4
25 10
25 12
25 13
25 19
25 48
25 49
25 59
25 62
25 69
25 79
25 93
25 96
25 97
25 100
25 104
25 105
25 107
25 125
25 128
25 129
25 141
25 162
25 167
25 171
25 175
25 184
25 196
25 225
26 204
26 209
26 213
26 214
26 216
26 264
26 270
26 289
26 296
26 298
26 315
26 332
26 368
26 379
26 4
26 31
26 41
26 64
26 70
26 72
26 79
26 83
26 95
26 101
26 119
26 154
26 159
26 160
26 177
26 178
26 183
26 226
27 200
27 204
27 236
27 256
27 272
27 277
27 292
27 299
27 303
27 397
27 1
27 6
27 12
27 17
27 31
27 42
27 57
27 66
27 87
27 117
27 119
27 137
27 138
27 158
27 165
27 199
27 227
28 221
28 237
28 252
28 262
28 296
28 310
28 314
28 394
28 2
28 5
28 8
28 9
28 10
28 38
28 40
28 65
28 75
28 79
28 85
28 92
28 93
28 96
28 98
28 111
28 121
28 142
28 155
28 156
28 160
28 228
29 213
29 242
29 243
29 267
29 337
29 352
29 371
29 376
29 382
29 387
29 2
29 14
29 47
29 53
29 83
29 90
29 96
29 103
29 115
29 116
29 119
29 127
29 129
29 147
29 150
29 156
29 165
29 186
29 195
29 199
29 229
30 205
30 230
30 286
30 299
30 312
30 320
30 350
30 371
30 377
30 13
30 23
30 54
30 63
30 76
30 95
30 141
30 143
30 158
30 160
30 162
30 164
30 182
30 185
30 198
31 203
31 242
31 243
31 245
31 251
31 263
31 287
31 327
31 356
31 359
31 10
31 16
31 24
31 26
31 27
31 34
31 45
31 48
31 53
31 55
31 88
31 90
31 101
31 102
31 110
31 126
31 141
31 149
31 155
31 185
31 190
31 231
32 252
32 291
32 300
32 305
32 312
32 326
32 381
32 6
32 19
32 24
32 36
32 43
32 108
32 114
32 118
32 127
32 129
32 146
32 175
32 176
32 180
32 182
32 190
32 195
32 232
33 245
33 267
33 278
33 298
33 334
33 342
33 358
33 375
33 381
33 382
33 389
33 1
33 13
33 14
33 19
33 21
33 35
33 42
33 59
33 77
33 90
33 92
33 103
33 109
33 125
33 129
33 132
33 146
33 174
33 175
33 177
33 183
33 233
34 200
34 207
34 215
34 243
34 269
34 277
34 317
34 339
34 372
34 384
34 1
34 8
34 10
34 14
34 31
34 41
34 53
34 61
34 62
34 82
34 91
34 102
34 161
34 162
34 164
34 188
34 190
34 199
34 234
35 202
35 207
35 216
35 243
35 251
35 265
35 278
35 304
35 310
35 364
35 377
35 21
35 33
35 37
35 41
35 70
35 75
35 80
35 87
35 90
35 102
35 121
35 131
35 139
35 147
35 156
35 159
35 168
35 181
35 185
35 189
35 198
35 235
36 242
36 269
36 292
36 296
36 297
36 310
36 316
36 343
36 359
36 364
36 371
36 374
36 382
36 384
36 395
36 397
36 0
36 1
36 6
36 16
36 32
36 39
36 49
36 60
36 63
36 70
36 75
36 87
36 92
36 93
36 105
36 116
36 131
36 147
36 155
36 167
36 195
36 198
36 199
36 236
37 205
37 226
37 228
37 251
37 254
37 275
37 284
37 300
37 318
37 343
37 354
37 394
37 3
37 35
37 56
37 63
37 71
37 77
37 91
37 98
37 103
37 113
37 133
37 157
37 169
37 187
37 193
37 194
37 237
38 202
38 213
38 217
38 223
38 239
38 242
38 244
38 249
38 286
38 295
38 363
38 380
38 3
38 11
38 14
38 28
38 50
38 62
38 75
38 112
38 116
38 132
38 143
38 148
38 156
38 158
38 167
38 175
38 179
38 193
38 238
39 202
39 210
39 229
39 246
39 250
39 257
39 273
39 290
39 324
39 327
39 331
39 397
39 10
39 13
39 17
39 18
39 36
39 40
39 48
39 59
39 72
39 88
39 100
39 103
39 125
39 150
39 178
39 239
40 200
40 211
40 224
40 244
40 245
40 248
40 259
40 285
40 301
40 302
40 329
40 330
40 332
40 333
40 352
40 372
40 382
40 387
40 389
40 9
40 28
40 39
40 43
40 78
40 81
40 85
40 96
40 138
40 166
40 176
40 178
40 186
40 193
40 196
40 240
41 210
41 238
41 254
41 265
41 270
41 294
41 308
41 331
41 349
41 350
41 364
41 368
41 6
41 21
41 26
41 34
41 35
41 55
41 78
41 83
41 89
41 102
41 105
41 133
41 137
41 140
41 149
41 241
42 207
42 217
42 218
42 219
42 230
42 269
42 292
42 313
42 314
42 317
42 320
42 323
42 326
42 339
42 349
42 351
42 377
42 380
42 383
42 399
42 7
42 14
42 16
42 27
42 33
42 63
42 87
42 92
42 93
42 94
42 95
42 106
42 107
42 123
42 134
42 145
42 170
42 179
42 198
42 242
43 204
43 216
43 241
43 248
43 255
43 275
43 278
43 279
43 282
43 304
43 306
43 309
43 328
43 346
43 349
43 364
43 373
43 393
43 398
43 32
43 40
43 45
43 58
43 59
43 70
43 73
43 82
43 83
43 96
43 108
43 117
43 120
43 153
43 157
43 163
43 171
43 183
43 243
44 220
44 255
44 277
44 308
44 316
44 332
44 345
44 359
44 368
44 382
44 383
44 396
44 46
44 48
44 50
44 54
44 74
44 77
44 79
44 91
44 92
44 98
44 105
44 111
44 118
44 130
44 133
44 138
44 152
44 167
44 244
45 209
45 236
45 240
45 243
45 262
45 264
45 266
45 269
45 278
45 290
45 293
45 338
45 343
45 371
45 374
45 385
45 1
45 6
45 8
45 9
45 31
45 43
45 47
45 53
45 57
45 60
45 63
45 65
45 67
45 70
45 77
45 80
45 106
45 109
45 121
45 127
45 141
45 142
45 145
45 148
45 160
45 161
45 162
45 166
45 170
45 174
45 175
45 187
45 189
45 192
45 193
45 199
45 245
46 257
46 267
46 283
46 293
46 320
46 331
46 332
46 340
46 341
46 342
46 351
46 354
46 2
46 5
46 9
46 12
46 44
46 48
46 79
46 87
46 108
46 134
46 144
46 185
46 186
46 187
46 188
46 194
46 199
46 246
47 220
47 228
47 235
47 310
47 315
47 326
47 9
47 22
47 29
47 45
47 48
47 53
47 59
47 61
47 68
47 76
47 79
47 106
47 110
47 113
47 163
47 170
47 175
47 194
47 195
47 247
48 202
48 210
48 234
48 255
48 256
48 261
48 272
48 276
48 355
48 398
48 3
48 14
48 20
48 25
48 31
48 39
48 44
48 46
48 47
48 67
48 106
48 110
48 114
48 122
48 127
48 132
48 136
48 141
48 146
48 150
48 168
48 182
48 185
48 248
49 210
49 220
49 247
49 316
49 318
49 354
49 370
49 388
49 12
49 25
49 36
49 87
49 88
49 92
49 98
49 102
49 104
49 116
49 122
49 133
49 139
49 145
49 159
49 189
49 194
49 249
50 215
50 235
50 238
50 276
50 303
50 308
50 335
50 340
50 346
50 359
50 378
50 392
50 1
50 11
50 38
50 44
50 51
50 55
50 70
50 97
50 147
50 149
50 194
50 250
51 255
51 268
51 282
51 301
51 317
51 342
51 369
51 399
51 16
51 50
51 55
51 61
51 75
51 78
51 81
51 84
51 101
51 103
51 105
51 131
51 156
51 160
51 176
51 177
51 185
51 192
51 251
52 232
52 253
52 260
52 263
52 278
52 308
52 340
52 350
52 379
52 387
52 391
52 396
52 398
52 77
52 86
52 149
52 150
52 157
52 161
52 165
52 169
52 187
52 191
52 195
52 252
53 202
53 209
53 210
53 216
53 236
53 249
53 269
53 291
53 306
53 341
53 354
53 377
53 2
53 10
53 29
53 31
53 34
53 45
53 47
53 54
53 55
53 74
53 97
53 107
53 131
53 135
53 140
53 168
53 179
53 187
53 190
53 253
54 219
54 220
54 228
54 249
54 278
54 287
54 294
54 301
54 340
54 359
54 364
54 367
54 384
54 30
54 44
54 53
54 60
54 62
54 70
54 74
54 83
54 115
54 131
54 138
54 148
54 188
54 254
55 240
55 263
55 282
55 304
55 331
55 345
55 377
55 7
55 15
55 31
55 41
55 50
55 51
55 53
55 56
55 63
55 70
55 84
55 89
55 90
55 99
55 109
55 110
55 124
55 131
55 132
55 172
55 179
55 255
56 203
56 222
56 246
56 251
56 260
56 264
56 274
56 277
56 286
56 292
56 296
56 309
56 310
56 331
56 361
56 391
56 8
56 37
56 55
56 59
56 64
56 66
56 79
56 86
56 87
56 89
56 93
56 105
56 111
56 136
56 144
56 153
56 166
56 195
56 198
56 256
57 213
57 228
57 242
57 257
57 263
57 266
57 272
57 274
57 278
57 297
57 313
57 339
57 356
57 357
57 367
57 370
57 383
57 389
57 14
57 27
57 45
57 64
57 81
57 86
57 90
57 94
57 103
57 146
57 147
57 171
57 177
58 201
58 263
58 275
58 286
58 294
58 302
58 303
58 363
58 379
58 382
58 395
58 8
58 14
58 43
58 73
58 95
58 121
58 124
58 125
58 136
58 152
58 159
58 199
58 258
59 203
59 214
59 221
59 234
59 241
59 260
59 267
59 284
59 322
59 331
59 346
59 355
59 361
59 394
59 397
59 25
59 33
59 39
59 43
59 47
59 56
59 83
59 103
59 108
59 112
59 125
59 136
59 141
59 155
59 172
59 178
59 184
59 185
59 197
59 199
59 259
60 228
60 255
60 261
60 265
60 271
60 289
60 299
60 304
60 305
60 328
60 345
60 354
60 357
60 377
60 387
60 0
60 5
60 6
60 20
60 36
60 45
60 54
60 61
60 71
60 77
60 84
60 88
60 98
60 147
60 149
60 165
60 183
60 260
61 215
61 246
61 251
61 271
61 287
61 315
61 321
61 337
61 339
61 345
61 363
61 374
61 378
61 380
61 394
61 18
61 22
61 34
61 47
61 51
61 60
61 62
61 72
61 78
61 90
61 96
61 122
61 127
61 138
61 147
61 177
61 261
62 210
62 217
62 245
62 256
62 264
62 273
62 274
62 276
62 283
62 370
62 376
62 380
62 391
62 2
62 5
62 21
62 25
62 34
62 38
62 54
62 61
62 64
62 74
62 84
62 88
62 103
62 108
62 120
62 134
62 143
62 150
62 152
62 184
62 187
62 262
63 205
63 214
63 252
63 261
63 271
63 307
63 308
63 310
63 319
63 335
63 342
63 358
63 370
63 376
63 2
63 18
63 24
63 30
63 36
63 37
63 42
63 45
63 55
63 77
63 96
63 104
63 118
63 164
63 166
63 179
63 189
63 194
63 199
63 263
64 200
64 218
64 223
64 234
64 244
64 245
64 269
64 270
64 284
64 326
64 334
64 359
64 373
64 377
64 387
64 390
64 394
64 6
64 21
64 26
64 56
64 57
64 62
64 87
64 92
64 95
64 112
64 168
64 173
64 178
64 180
64 190
64 264
65 220
65 226
65 281
65 292
65 298
65 308
65 310
65 331
65 342
65 375
65 394
65 3
65 4
65 20
65 22
65 28
65 45
65 71
65 79
65 87
65 90
65 106
65 121
65 130
65 139
65 150
65 165
65 177
65 265
66 205
66 283
66 288
66 343
66 359
66 383
66 5
66 27
66 56
66 76
66 81
66 119
66 123
66 127
66 134
66 136
66 152
66 156
66 161
66 176
66 190
66 266
67 240
67 247
67 248
67 250
67 258
67 264
67 311
67 312
67 320
67 334
67 361
67 372
67 375
67 1
67 4
67 45
67 48
67 80
67 91
67 99
67 103
67 117
67 121
67 196
67 198
67 267
68 216
68 249
68 259
68 277
68 280
68 286
68 292
68 326
68 327
68 339
68 344
68 354
68 360
68 383
68 386
68 0
68 2
68 10
68 24
68 47
68 78
68 81
68 89
68 94
68 100
68 102
68 109
68 122
68 133
68 144
68 148
68 157
68 173
68 180
68 181
68 189
68 196
68 268
69 229
69 254
69 255
69 279
69 286
69 291
69 293
69 304
69 327
69 352
69 386
69 397
69 398
69 12
69 25
69 95
69 98
69 107
69 118
69 120
69 129
69 155
69 184
69 188
69 193
69 195
69 269
70 203
70 239
70 244
70 255
70 262
70 271
70 278
70 315
70 325
70 327
70 348
70 370
70 374
70 381
70 395
70 15
70 19
70 20
70 26
70 35
70 36
70 43
70 45
70 50
70 54
70 55
70 81
70 96
70 100
70 102
70 120
70 130
70 132
70 133
70 135
70 165
70 178
70 270
71 204
71 213
71 255
71 390
71 11
71 16
71 37
71 60
71 65
71 85
71 98
71 100
71 122
71 143
71 159
71 162
71 164
71 166
71 167
71 169
71 271
72 211
72 224
72 225
72 238
72 259
72 261
72 269
72 271
72 273
72 278
72 301
72 344
72 346
72 355
72 387
72 398
72 7
72 26
72 39
72 61
72 82
72 84
72 89
72 122
72 123
72 140
72 146
72 147
72 150
72 159
72 168
72 169
72 171
72 176
72 181
72 186
72 272
73 211
73 223
73 236
73 245
73 258
73 279
73 294
73 306
73 323
73 377
73 394
73 19
73 43
73 58
73 93
73 99
73 100
73 118
73 130
73 133
73 151
73 152
73 182
73 196
73 273
74 209
74 219
74 222
74 225
74 237
74 246
74 252
74 282
74 293
74 321
74 324
74 337
74 338
74 358
74 372
74 1
74 11
74 12
74 15
74 18
74 44
74 53
74 54
74 62
74 100
74 121
74 156
74 171
74 172
74 188
74 274
75 200
75 203
75 206
75 211
75 216
75 244
75 250
75 271
75 275
75 287
75 306
75 310
75 326
75 335
75 363
75 366
75 377
75 378
75 392
75 3
75 6
75 9
75 11
75 14
75 19
75 28
75 35
75 36
75 38
75 51
75 98
75 112
75 115
75 119
75 136
75 148
75 150
75 159
75 166
75 172
75 178
75 186
75 191
76 224
76 228
76 244
76 256
76 258
76 259
76 264
76 265
76 306
76 326
76 349
76 353
76 387
76 3
76 8
76 16
76 30
76 47
76 66
76 80
76 88
76 90
76 113
76 114
76 171
76 172
76 173
76 188
76 198
76 276
77 236
77 275
77 305
77 320
77 367
77 373
77 398
77 5
77 33
77 37
77 44
77 45
77 52
77 60
77 63
77 88
77 91
77 121
77 124
77 152
77 157
77 158
77 161
77 165
77 167
77 179
77 277
78 216
78 219
78 230
78 253
78 267
78 277
78 290
78 294
78 316
78 331
78 334
78 343
78 390
78 2
78 4
78 10
78 15
78 40
78 41
78 51
78 61
78 68
78 89
78 102
78 103
78 112
78 118
78 125
78 159
78 164
78 170
78 179
78 187
78 278
79 234
79 240
79 248
79 256
79 260
79 265
79 283
79 291
79 350
79 399
79 3
79 15
79 22
79 25
79 26
79 28
79 44
79 46
79 47
79 56
79 65
79 82
79 91
79 105
79 110
79 126
79 134
79 135
79 137
79 153
79 159
79 173
79 192
79 199
79 279
80 214
80 215
80 220
80 248
80 265
80 289
80 322
80 331
80 332
80 343
80 378
80 388
80 2
80 35
80 45
80 67
80 76
80 84
80 108
80 112
80 121
80 126
80 144
80 145
80 149
80 151
80 159
80 163
80 182
80 184
80 196
80 280
81 205
81 218
81 234
81 243
81 255
81 282
81 306
81 317
81 337
81 340
81 361
81 362
81 365
81 368
81 383
81 399
81 5
81 6
81 10
81 40
81 51
81 57
81 66
81 68
81 70
81 87
81 103
81 108
81 109
81 119
81 133
81 141
81 153
81 178
81 281
82 253
82 291
82 314
82 325
82 346
82 359
82 386
82 1
82 7
82 12
82 18
82 34
82 43
82 72
82 79
82 90
82 112
82 118
82 121
82 136
82 138
82 146
82 170
82 174
82 181
82 186
82 190
82 192
82 282
83 202
83 220
83 225
83 279
83 306
83 311
83 314
83 319
83 320
83 324
83 326
83 341
83 347
83 358
83 361
83 366
83 379
83 9
83 16
83 21
83 26
83 29
83 41
83 43
83 54
83 59
83 90
83 99
83 100
83 108
83 109
83 119
83 123
83 124
83 132
83 134
83 139
83 156
83 158
83 173
83 181
83 190
83 192
83 199
83 283
84 208
84 212
84 218
84 223
84 288
84 359
84 373
84 375
84 381
84 395
84 1
84 3
84 6
84 12
84 51
84 55
84 60
84 62
84 72
84 80
84 85
84 91
84 102
84 121
84 125
84 130
84 143
84 152
84 166
84 176
84 178
84 284
85 208
85 226
85 246
85 258
85 262
85 267
85 274
85 277
85 285
85 288
85 299
85 305
85 336
85 337
85 380
85 28
85 40
85 71
85 84
85 112
85 136
85 149
85 152
85 159
85 173
85 185
85 192
85 193
86 211
86 221
86 247
86 250
86 260
86 264
86 295
86 312
86 332
86 353
86 360
86 372
86 376
86 396
86 52
86 56
86 57
86 93
86 113
86 116
86 124
86 138
86 146
86 148
86 166
86 172
86 175
86 189
86 192
86 197
86 286
87 210
87 217
87 227
87 250
87 254
87 265
87 312
87 332
87 365
87 13
87 27
87 35
87 36
87 42
87 46
87 49
87 56
87 64
87 65
87 81
87 95
87 112
87 126
87 132
87 137
87 143
87 150
87 194
87 287
88 224
88 249
88 285
88 292
88 301
88 329
88 332
88 340
88 358
88 388
88 393
88 9
88 14
88 18
88 21
88 31
88 39
88 49
88 60
88 62
88 76
88 77
88 92
88 100
88 109
88 116
88 122
88 126
88 127
88 130
88 152
88 156
88 179
88 198
88 288
89 200
89 201
89 208
89 212
89 230
89 244
89 245
89 248
89 252
89 264
89 271
89 290
89 294
89 312
89 315
89 320
89 325
89 342
89 367
89 369
89 380
89 382
89 394
89 2
89 6
89 41
89 55
89 56
89 68
89 72
89 78
89 123
89 141
89 153
89 157
89 172
89 175
89 289
90 214
90 222
90 275
90 279
90 335
90 344
90 358
90 359
90 385
90 388
90 396
90 29
90 31
90 33
90 35
90 55
90 57
90 61
90 65
90 76
90 82
90 83
90 110
90 159
90 171
90 175
90 182
90 183
90 290
91 200
91 204
91 223
91 247
91 255
91 260
91 275
91 290
91 292
91 294
91 327
91 339
91 360
91 370
91 21
91 34
91 37
91 44
91 67
91 77
91 79
91 84
91 108
91 111
91 114
91 121
91 128
91 133
91 145
91 152
91 174
91 184
91 291
92 232
92 249
92 251
92 263
92 285
92 311
92 318
92 325
92 385
92 5
92 7
92 28
92 33
92 36
92 42
92 44
92 49
92 64
92 88
92 129
92 136
92 148
92 150
92 152
92 157
92 192
92 197
92 292
93 207
93 217
93 219
93 312
93 321
93 322
93 371
93 386
93 6
93 9
93 25
93 28
93 36
93 42
93 56
93 73
93 86
93 111
93 113
93 114
93 115
93 120
93 121
93 123
93 131
93 139
93 144
93 157
93 199
93 293
94 204
94 229
94 249
94 251
94 282
94 340
94 341
94 1
94 11
94 21
94 42
94 57
94 68
94 104
94 140
94 147
94 170
94 171
94 191
94 198
94 294
95 210
95 227
95 236
95 251
95 270
95 279
95 339
95 348
95 353
95 366
95 370
95 6
95 13
95 20
95 21
95 26
95 30
95 42
95 58
95 64
95 69
95 87
95 105
95 109
95 112
95 124
95 125
95 135
95 145
95 149
95 168
95 182
95 295
96 204
96 208
96 212
96 222
96 224
96 239
96 243
96 253
96 255
96 262
96 264
96 280
96 283
96 290
96 303
96 310
96 312
96 320
96 336
96 375
96 380
96 3
96 25
96 28
96 29
96 40
96 43
96 61
96 63
96 70
96 98
96 102
96 108
96 114
96 127
96 142
96 143
96 152
96 172
96 176
96 192
96 193
96 296
97 215
97 217
97 257
97 258
97 287
97 295
97 319
97 329
97 332
97 355
97 379
97 398
97 0
97 7
97 21
97 25
97 50
97 53
97 109
97 116
97 131
97 135
97 147
97 149
97 157
97 165
97 169
97 176
97 182
97 199
97 297
98 211
98 220
98 238
98 241
98 250
98 254
98 286
98 289
98 299
98 329
98 350
98 385
98 4
98 15
98 28
98 37
98 44
98 49
98 60
98 69
98 71
98 75
98 96
98 116
98 118
98 128
98 137
98 150
98 163
98 173
98 174
98 184
98 298
99 213
99 231
99 240
99 249
99 287
99 299
99 320
99 328
99 340
99 16
99 55
99 67
99 73
99 83
99 109
99 122
99 125
99 134
99 192
99 197
99 198
100 207
100 210
100 218
100 270
100 279
100 281
100 305
100 361
100 385
100 394
100 8
100 24
100 25
100 39
100 68
100 70
100 71
100 73
100 74
100 83
100 88
100 106
100 114
100 115
100 152
100 183
100 190
100 300
101 212
101 215
101 249
101 255
101 259
101 277
101 280
101 293
101 295
101 300
101 358
101 360
101 364
101 375
101 379
101 391
101 7
101 10
101 23
101 26
101 31
101 51
101 107
101 119
101 140
101 153
101 160
101 175
101 301
102 235
102 288
102 302
102 306
102 310
102 318
102 333
102 338
102 340
102 341
102 352
102 358
102 361
102 364
102 384
102 22
102 24
102 31
102 34
102 35
102 41
102 49
102 68
102 70
102 78
102 84
102 96
102 105
102 117
102 122
102 138
102 140
102 147
103 201
103 212
103 218
103 233
103 285
103 318
103 322
103 326
103 354
103 357
103 363
103 373
103 387
103 395
103 9
103 18
103 29
103 33
103 37
103 39
103 51
103 57
103 59
103 62
103 67
103 78
103 81
103 119
103 125
103 149
103 164
103 170
103 180
103 186
103 303
104 214
104 220
104 291
104 295
104 301
104 311
104 327
104 334
104 339
104 348
104 352
104 368
104 394
104 399
104 15
104 25
104 49
104 63
104 94
104 109
104 111
104 120
104 128
104 163
104 168
104 191
104 304
105 218
105 236
105 252
105 254
105 285
105 286
105 298
105 333
105 336
105 338
105 353
105 363
105 12
105 25
105 36
105 41
105 44
105 51
105 56
105 79
105 95
105 102
105 112
105 122
105 131
105 139
105 145
105 149
105 153
105 173
105 179
105 193
105 305
106 232
106 243
106 247
106 258
106 327
106 344
106 357
106 382
106 392
106 9
106 12
106 42
106 45
106 47
106 48
106 65
106 100
106 107
106 108
106 115
106 135
106 142
106 152
106 159
106 179
106 190
106 306
107 210
107 211
107 243
107 253
107 264
107 268
107 282
107 284
107 313
107 325
107 326
107 351
107 352
107 380
107 10
107 11
107 22
107 25
107 42
107 53
107 69
107 101
107 106
107 117
107 131
107 140
107 151
107 170
107 174
107 176
107 180
107 191
107 194
107 307
108 219
108 228
108 251
108 252
108 255
108 257
108 258
108 259
108 274
108 315
108 342
108 350
108 389
108 394
108 0
108 20
108 32
108 43
108 46
108 59
108 62
108 80
108 81
108 83
108 91
108 96
108 106
108 112
108 123
108 142
108 161
108 165
108 172
108 175
108 308
109 222
109 236
109 238
109 265
109 276
109 281
109 294
109 308
109 323
109 354
109 362
109 391
109 0
109 10
109 21
109 33
109 45
109 55
109 68
109 81
109 83
109 88
109 95
109 97
109 99
109 104
109 116
109 126
109 134
109 140
109 146
109 174
109 182
109 309
110 205
110 214
110 221
110 239
110 240
110 263
110 334
110 338
110 371
110 372
110 399
110 0
110 10
110 22
110 31
110 47
110 48
110 55
110 79
110 90
110 111
110 113
110 114
110 124
110 150
110 166
110 169
110 177
110 178
110 181
110 184
110 310
111 210
111 217
111 232
111 247
111 256
111 264
111 284
111 286
111 303
111 312
111 329
111 343
111 365
111 366
111 370
111 371
111 379
111 8
111 9
111 16
111 28
111 44
111 56
111 91
111 93
111 104
111 110
111 115
111 117
111 127
111 139
111 148
111 152
111 177
111 182
111 311
112 220
112 277
112 282
112 294
112 305
112 6
112 20
112 38
112 59
112 64
112 75
112 78
112 80
112 82
112 85
112 87
112 95
112 105
112 108
112 124
112 149
112 150
112 181
112 188
112 312
113 205
113 225
113 232
113 266
113 284
113 294
113 304
113 307
113 320
113 341
113 342
113 347
113 355
113 363
113 373
113 8
113 14
113 18
113 37
113 47
113 76
113 86
113 93
113 110
113 114
113 188
113 191
113 313
114 218
114 231
114 253
114 259
114 277
114 283
114 297
114 307
114 372
114 0
114 16
114 24
114 32
114 48
114 76
114 91
114 93
114 96
114 100
114 110
114 113
114 128
114 130
114 163
114 169
114 314
115 206
115 208
115 214
115 325
115 339
115 386
115 3
115 17
115 19
115 29
115 54
115 75
115 93
115 100
115 106
115 111
115 124
115 133
115 144
115 154
115 164
115 172
115 175
115 176
115 182
115 187
115 189
115 192
115 315
116 212
116 225
116 252
116 261
116 264
116 276
116 337
116 391
116 396
116 0
116 29
116 36
116 38
116 49
116 86
116 88
116 97
116 98
116 109
116 123
116 125
116 129
116 133
116 134
116 172
116 176
116 197
116 316
117 207
117 213
117 236
117 273
117 276
117 298
117 326
117 328
117 331
117 337
117 338
117 386
117 390
117 391
117 395
117 27
117 43
117 67
117 102
117 107
117 111
117 127
117 145
117 166
117 173
117 176
117 181
117 189
117 196
117 317
118 211
118 212
118 261
118 291
118 306
118 311
118 331
118 339
118 362
118 364
118 367
118 396
118 1
118 7
118 9
118 15
118 32
118 44
118 63
118 69
118 73
118 78
118 82
118 98
118 149
118 150
118 158
118 169
118 189
118 318
119 204
119 212
119 263
119 277
119 322
119 350
119 352
119 353
119 396
119 2
119 21
119 26
119 27
119 29
119 66
119 75
119 81
119 83
119 101
119 103
119 126
119 146
119 158
119 171
119 186
119 189
119 192
119 195
119 319
120 214
120 222
120 273
120 292
120 309
120 315
120 324
120 325
120 346
120 347
120 370
120 371
120 374
120 1
120 43
120 62
120 69
120 70
120 93
120 104
120 142
120 157
120 163
120 177
120 181
120 182
120 185
120 192
120 195
120 320
121 209
121 212
121 219
121 256
121 264
121 281
121 295
121 316
121 338
121 341
121 356
121 389
121 28
121 35
121 45
121 58
121 65
121 67
121 74
121 77
121 80
121 82
121 84
121 91
121 93
121 148
121 163
121 164
121 190
121 321
122 212
122 223
122 228
122 238
122 278
122 295
122 302
122 330
122 333
122 335
122 354
122 385
122 396
122 4
122 13
122 48
122 49
122 61
122 68
122 71
122 72
122 88
122 99
122 102
122 105
122 124
122 142
122 145
122 146
122 150
122 196
122 198
122 322
123 207
123 209
123 213
123 222
123 231
123 291
123 295
123 303
123 319
123 384
123 390
123 12
123 42
123 66
123 72
123 83
123 89
123 93
123 108
123 116
123 127
123 150
123 151
123 160
123 183
123 323
124 262
124 309
124 327
124 373
124 388
124 397
124 4
124 55
124 58
124 77
124 83
124 86
124 95
124 110
124 112
124 115
124 122
124 133
124 141
124 142
124 173
124 174
124 183
124 188
124 194
124 324
125 221
125 230
125 250
125 257
125 267
125 273
125 285
125 307
125 309
125 311
125 327
125 334
125 372
125 380
125 25
125 33
125 39
125 58
125 59
125 78
125 84
125 95
125 99
125 103
125 116
125 161
125 171
125 197
125 325
126 204
126 224
126 225
126 226
126 237
126 259
126 302
126 312
126 317
126 335
126 347
126 354
126 394
126 5
126 31
126 79
126 80
126 87
126 88
126 109
126 119
126 159
126 178
126 182
126 184
126 326
127 201
127 210
127 257
127 261
127 272
127 279
127 319
127 389
127 29
127 32
127 45
127 48
127 61
127 66
127 88
127 96
127 111
127 117
127 123
127 144
127 147
127 166
127 170
127 184
127 189
127 327
128 219
128 226
128 231
128 236
128 246
128 328
128 331
128 334
128 335
128 351
128 396
128 397
128 25
128 91
128 98
128 104
128 114
128 136
128 150
128 153
128 166
128 167
128 189
128 196
129 231
129 241
129 294
129 324
129 326
129 348
129 362
129 369
129 376
129 377
129 378
129 392
129 24
129 25
129 29
129 32
129 33
129 69
129 92
129 116
129 136
129 137
129 149
129 169
129 178
129 184
129 192
129 193
129 329
130 218
130 220
130 236
130 244
130 263
130 280
130 305
130 330
130 336
130 381
130 2
130 44
130 65
130 70
130 73
130 84
130 88
130 114
130 153
130 160
130 165
130 167
130 169
130 171
130 174
130 176
130 191
130 199
131 283
131 296
131 304
131 318
131 341
131 368
131 389
131 392
131 4
131 8
131 17
131 35
131 36
131 51
131 53
131 54
131 55
131 93
131 97
131 105
131 107
131 145
131 146
131 150
131 159
131 186
131 196
131 198
131 331
132 202
132 222
132 230
132 242
132 265
132 304
132 329
132 352
132 363
132 370
132 382
132 394
132 3
132 19
132 33
132 38
132 48
132 55
132 70
132 83
132 87
132 139
132 152
132 155
132 176
132 192
132 332
133 201
133 217
133 230
133 235
133 244
133 251
133 258
133 261
133 262
133 266
133 279
133 305
133 306
133 320
133 365
133 375
133 385
133 394
133 18
133 21
133 37
133 41
133 44
133 49
133 68
133 70
133 73
133 81
133 91
133 115
133 116
133 124
133 136
133 144
133 157
133 194
133 199
133 333
134 261
134 267
134 272
134 291
134 320
134 361
134 375
134 388
134 22
134 24
134 42
134 46
134 62
134 66
134 79
134 83
134 99
134 109
134 116
134 149
134 160
134 163
134 172
134 334
135 208
135 209
135 236
135 249
135 255
135 265
135 291
135 299
135 307
135 308
135 344
135 353
135 392
135 8
135 23
135 53
135 70
135 79
135 95
135 97
135 106
135 139
135 154
135 160
135 163
135 182
135 189
135 194
135 335
136 223
136 228
136 250
136 266
136 334
136 359
136 19
136 48
136 56
136 58
136 59
136 66
136 75
136 82
136 85
136 92
136 128
136 129
136 133
136 138
136 140
136 144
136 180
136 193
136 336
137 200
137 225
137 261
137 268
137 283
137 290
137 299
137 315
137 362
137 368
137 398
137 27
137 41
137 79
137 87
137 98
137 129
137 141
137 165
137 171
137 184
137 198
137 337
138 265
138 267
138 281
138 295
138 298
138 302
138 317
138 347
138 367
138 392
138 6
138 18
138 19
138 27
138 40
138 44
138 54
138 61
138 82
138 86
138 102
138 136
138 139
138 147
138 149
138 161
138 166
138 174
138 177
138 184
138 186
138 193
138 338
139 215
139 226
139 235
139 255
139 292
139 325
139 326
139 347
139 356
139 363
139 365
139 366
139 393
139 8
139 15
139 19
139 24
139 35
139 49
139 65
139 83
139 93
139 105
139 111
139 132
139 135
139 138
139 149
139 172
139 176
139 183
139 184
139 339
140 215
140 225
140 232
140 245
140 318
140 336
140 340
140 380
140 41
140 53
140 72
140 94
140 101
140 102
140 107
140 109
140 136
140 146
140 161
140 163
140 172
140 184
140 186
141 203
141 210
141 218
141 274
141 297
141 306
141 307
141 365
141 379
141 390
141 15
141 17
141 18
141 25
141 30
141 31
141 45
141 48
141 59
141 81
141 89
141 124
141 137
141 148
141 175
141 341
142 205
142 217
142 260
142 267
142 281
142 283
142 306
142 325
142 355
142 12
142 13
142 14
142 28
142 45
142 96
142 106
142 108
142 120
142 122
142 124
142 143
142 150
142 167
142 187
142 192
142 199
142 342
143 205
143 219
143 221
143 253
143 267
143 313
143 333
143 337
143 349
143 365
143 385
143 395
143 8
143 9
143 30
143 38
143 62
143 71
143 84
143 87
143 96
143 142
143 144
143 150
143 170
143 179
143 183
143 188
143 199
143 343
144 204
144 207
144 209
144 211
144 218
144 274
144 280
144 314
144 370
144 371
144 373
144 374
144 376
144 389
144 390
144 1
144 9
144 18
144 46
144 56
144 68
144 80
144 93
144 115
144 127
144 133
144 136
144 143
144 157
144 158
144 159
144 162
144 171
144 174
144 180
144 196
144 344
145 208
145 217
145 269
145 301
145 339
145 371
145 375
145 380
145 384
145 4
145 8
145 17
145 42
145 45
145 49
145 80
145 91
145 95
145 105
145 117
145 122
145 131
145 146
145 151
145 161
145 167
145 171
145 182
145 183
145 194
145 345
146 212
146 217
146 240
146 241
146 256
146 289
146 331
146 362
146 377
146 381
146 398
146 32
146 33
146 48
146 57
146 72
146 82
146 86
146 109
146 119
146 122
146 131
146 140
146 145
146 151
146 156
146 157
146 158
146 165
146 166
146 346
147 236
147 276
147 280
147 288
147 307
147 316
147 339
147 351
147 363
147 389
147 396
147 24
147 29
147 35
147 36
147 50
147 57
147 60
147 61
147 72
147 94
147 97
147 102
147 127
147 138
147 162
147 167
147 189
147 191
147 194
147 347
148 211
148 215
148 243
148 258
148 285
148 338
148 355
148 360
148 7
148 38
148 45
148 54
148 68
148 75
148 86
148 92
148 111
148 121
148 141
148 164
148 170
148 186
148 197
148 348
149 205
149 207
149 239
149 254
149 294
149 310
149 323
149 334
149 351
149 354
149 375
149 391
149 393
149 1
149 5
149 10
149 31
149 41
149 50
149 52
149 60
149 80
149 85
149 95
149 97
149 103
149 105
149 112
149 118
149 129
149 134
149 138
149 139
149 155
149 169
149 197
149 349
150 211
150 223
150 242
150 256
150 276
150 281
150 314
150 381
150 386
150 395
150 3
150 29
150 39
150 48
150 52
150 62
150 65
150 72
150 75
150 87
150 92
150 98
150 110
150 112
150 118
150 122
150 123
150 128
150 131
150 142
150 143
150 157
150 160
150 173
150 180
150 350
151 212
151 241
151 247
151 282
151 312
151 316
151 324
151 348
151 390
151 5
151 73
151 80
151 107
151 123
151 145
151 146
151 160
151 184
151 187
151 194
151 198
151 199
151 351
152 214
152 227
152 264
152 282
152 298
152 304
152 309
152 310
152 375
152 393
152 397
152 9
152 17
152 44
152 58
152 62
152 66
152 73
152 77
152 84
152 85
152 88
152 91
152 92
152 96
152 100
152 106
152 111
152 132
152 165
152 178
152 180
152 183
152 352
153 203
153 225
153 227
153 228
153 262
153 281
153 323
153 341
153 392
153 394
153 5
153 9
153 20
153 43
153 56
153 79
153 81
153 89
153 101
153 105
153 128
153 130
153 166
153 171
153 186
153 192
153 353
154 218
154 219
154 235
154 253
154 258
154 269
154 305
154 307
154 338
154 339
154 371
154 396
154 26
154 115
154 135
154 155
154 163
154 172
154 185
154 354
155 200
155 209
155 221
155 237
155 289
155 293
155 309
155 327
155 344
155 351
155 362
155 364
155 388
155 9
155 18
155 28
155 31
155 36
155 59
155 69
155 132
155 149
155 154
155 174
155 355
156 211
156 223
156 226
156 243
156 293
156 325
156 364
156 376
156 383
156 384
156 396
156 1
156 5
156 22
156 28
156 29
156 35
156 38
156 51
156 66
156 74
156 83
156 88
156 146
156 160
156 176
156 356
157 252
157 267
157 344
157 348
157 352
157 363
157 382
157 388
157 396
157 1
157 22
157 37
157 43
157 52
157 68
157 77
157 89
157 92
157 93
157 97
157 120
157 133
157 144
157 146
157 150
157 159
157 169
157 184
157 191
157 357
158 207
158 208
158 212
158 223
158 250
158 258
158 265
158 280
158 294
158 315
158 358
158 369
158 373
158 375
158 387
158 0
158 3
158 17
158 23
158 24
158 27
158 30
158 38
158 77
158 83
158 118
158 119
158 144
158 146
158 161
158 177
158 193
158 196
159 216
159 221
159 232
159 233
159 236
159 248
159 269
159 291
159 292
159 296
159 315
159 316
159 334
159 339
159 352
159 366
159 367
159 370
159 372
159 387
159 3
159 11
159 12
159 18
159 26
159 35
159 49
159 58
159 71
159 72
159 75
159 78
159 79
159 80
159 85
159 90
159 106
159 126
159 131
159 144
159 157
159 162
159 164
159 188
159 191
159 359
160 213
160 221
160 256
160 271
160 290
160 341
160 344
160 345
160 360
160 2
160 4
160 9
160 16
160 24
160 26
160 28
160 30
160 45
160 51
160 101
160 123
160 130
160 134
160 135
160 150
160 151
160 156
160 162
160 163
160 169
160 180
160 185
160 186
160 191
161 206
161 209
161 211
161 236
161 241
161 251
161 279
161 282
161 306
161 319
161 321
161 358
161 379
161 380
161 7
161 9
161 34
161 45
161 52
161 66
161 77
161 108
161 125
161 138
161 140
161 145
161 158
161 167
161 170
161 173
161 361
162 207
162 225
162 228
162 233
162 244
162 255
162 292
162 298
162 299
162 305
162 306
162 309
162 312
162 327
162 330
162 346
162 353
162 376
162 383
162 391
162 16
162 25
162 30
162 34
162 45
162 71
162 144
162 147
162 159
162 160
162 171
162 177
162 191
162 192
162 362
163 201
163 215
163 236
163 262
163 279
163 292
163 300
163 325
163 328
163 330
163 331
163 352
163 357
163 372
163 390
163 24
163 43
163 47
163 80
163 98
163 104
163 114
163 120
163 121
163 134
163 135
163 140
163 154
163 160
163 188
163 190
163 191
163 363
164 216
164 222
164 226
164 232
164 240
164 249
164 266
164 280
164 301
164 314
164 320
164 321
164 355
164 363
164 4
164 16
164 24
164 30
164 34
164 63
164 71
164 78
164 103
164 115
164 121
164 148
164 159
164 171
164 179
164 186
164 364
165 252
165 258
165 285
165 326
165 333
165 353
165 356
165 365
165 7
165 8
165 24
165 27
165 29
165 52
165 60
165 65
165 70
165 77
165 97
165 108
165 130
165 137
165 146
165 152
165 176
165 185
165 187
165 197
166 210
166 215
166 257
166 259
166 278
166 284
166 312
166 340
166 349
166 399
166 0
166 20
166 40
166 45
166 56
166 63
166 71
166 75
166 84
166 86
166 110
166 117
166 127
166 128
166 138
166 146
166 153
166 171
166 172
166 183
166 366
167 232
167 239
167 252
167 253
167 261
167 269
167 296
167 319
167 325
167 341
167 25
167 36
167 38
167 44
167 71
167 77
167 128
167 130
167 142
167 145
167 147
167 161
167 179
167 180
167 182
167 367
168 223
168 246
168 257
168 261
168 268
168 277
168 280
168 289
168 292
168 315
168 316
168 328
168 335
168 357
168 399
168 7
168 8
168 17
168 20
168 35
168 48
168 53
168 64
168 72
168 95
168 104
168 174
168 176
168 368
169 222
169 238
169 248
169 259
169 264
169 276
169 277
169 279
169 282
169 307
169 324
169 330
169 332
169 334
169 338
169 343
169 347
169 367
169 381
169 388
169 17
169 37
169 52
169 71
169 72
169 97
169 110
169 114
169 118
169 129
169 130
169 149
169 157
169 160
169 182
169 190
169 193
169 369
170 212
170 221
170 227
170 238
170 243
170 247
170 256
170 267
170 314
170 328
170 332
170 380
170 393
170 394
170 3
170 11
170 42
170 45
170 47
170 78
170 82
170 94
170 103
170 107
170 127
170 143
170 148
170 161
170 177
170 182
170 370
171 212
171 218
171 231
171 250
171 257
171 274
171 278
171 291
171 298
171 327
171 329
171 341
171 345
171 350
171 384
171 25
171 43
171 57
171 72
171 74
171 76
171 90
171 94
171 119
171 125
171 130
171 137
171 144
171 145
171 153
171 162
171 164
171 166
171 177
171 180
171 190
171 371
172 239
172 269
172 287
172 307
172 333
172 343
172 359
172 20
172 22
172 24
172 55
172 59
172 74
172 75
172 76
172 86
172 89
172 96
172 108
172 115
172 116
172 134
172 139
172 140
172 154
172 166
172 184
172 190
172 193
172 198
172 372
173 200
173 216
173 220
173 224
173 230
173 249
173 254
173 265
173 274
173 289
173 290
173 291
173 303
173 334
173 335
173 344
173 356
173 375
173 381
173 390
173 20
173 64
173 68
173 76
173 79
173 83
173 85
173 98
173 105
173 117
173 124
173 150
173 161
173 196
173 373
174 207
174 230
174 252
174 264
174 273
174 281
174 286
174 309
174 326
174 332
174 351
174 358
174 33
174 45
174 82
174 91
174 98
174 107
174 109
174 124
174 130
174 138
174 144
174 155
174 168
174 185
174 193
174 194
174 374
175 200
175 220
175 229
175 248
175 250
175 272
175 298
175 299
175 315
175 322
175 0
175 17
175 24
175 25
175 32
175 33
175 38
175 45
175 47
175 86
175 89
175 90
175 101
175 108
175 115
175 141
175 180
175 375
176 208
176 222
176 223
176 236
176 254
176 285
176 293
176 342
176 367
176 371
176 385
176 392
176 15
176 16
176 21
176 32
176 40
176 51
176 66
176 72
176 84
176 96
176 97
176 107
176 115
176 116
176 117
176 130
176 132
176 139
176 156
176 165
176 168
176 182
176 187
176 197
176 199
176 376
177 204
177 210
177 211
177 227
177 231
177 253
177 276
177 290
177 307
177 308
177 325
177 359
177 376
177 383
177 391
177 8
177 15
177 22
177 26
177 33
177 51
177 57
177 61
177 65
177 110
177 111
177 120
177 138
177 158
177 162
177 170
177 171
177 193
177 194
177 196
177 377
178 218
178 230
178 231
178 254
178 317
178 373
178 394
178 2
178 6
178 9
178 11
178 23
178 26
178 39
178 40
178 59
178 64
178 70
178 75
178 81
178 84
178 110
178 126
178 129
178 152
178 193
178 194
178 199
178 378
179 203
179 228
179 254
179 268
179 280
179 313
179 318
179 330
179 343
179 364
179 378
179 384
179 390
179 0
179 5
179 38
179 42
179 53
179 55
179 63
179 77
179 78
179 88
179 105
179 106
179 143
179 164
179 167
179 182
179 379
180 292
180 295
180 315
180 323
180 355
180 364
180 32
180 64
180 68
180 103
180 107
180 136
180 144
180 150
180 152
180 160
180 167
180 171
180 175
180 380
181 229
181 235
181 239
181 254
181 286
181 293
181 342
181 367
181 0
181 2
181 4
181 5
181 22
181 35
181 68
181 72
181 82
181 83
181 110
181 112
181 117
181 120
181 186
181 187
181 188
181 189
181 381
182 208
182 216
182 230
182 232
182 272
182 295
182 304
182 319
182 323
182 326
182 347
182 364
182 373
182 389
182 8
182 15
182 21
182 30
182 32
182 48
182 73
182 80
182 90
182 95
182 97
182 109
182 111
182 115
182 120
182 126
182 135
182 145
182 167
182 169
182 170
182 176
182 179
182 189
182 382
183 213
183 226
183 246
183 256
183 284
183 299
183 305
183 326
183 331
183 365
183 378
183 397
183 399
183 21
183 26
183 33
183 43
183 60
183 90
183 100
183 123
183 124
183 139
183 143
183 145
183 152
183 166
183 185
183 383
184 218
184 225
184 228
184 229
184 230
184 237
184 246
184 249
184 273
184 295
184 317
184 320
184 321
184 376
184 397
184 22
184 25
184 59
184 62
184 69
184 80
184 91
184 98
184 110
184 126
184 127
184 129
184 137
184 138
184 139
184 140
184 151
184 157
184 172
184 195
184 196
184 198
184 384
185 223
185 229
185 240
185 257
185 277
185 293
185 321
185 324
185 331
185 354
185 361
185 362
185 365
185 379
185 384
185 1
185 17
185 30
185 31
185 35
185 46
185 48
185 51
185 59
185 85
185 120
185 154
185 160
185 165
185 174
185 183
185 187
185 385
186 223
186 227
186 250
186 253
186 259
186 275
186 291
186 293
186 299
186 303
186 320
186 323
186 356
186 379
186 385
186 393
186 4
186 15
186 20
186 29
186 40
186 46
186 72
186 75
186 82
186 103
186 119
186 131
186 138
186 140
186 148
186 153
186 160
186 164
186 181
186 386
187 219
187 224
187 248
187 261
187 268
187 271
187 278
187 311
187 331
187 338
187 349
187 0
187 2
187 15
187 37
187 45
187 46
187 52
187 53
187 62
187 78
187 115
187 142
187 151
187 165
187 176
187 181
187 185
187 387
188 230
188 275
188 294
188 298
188 303
188 306
188 308
188 335
188 343
188 345
188 369
188 372
188 378
188 397
188 13
188 34
188 46
188 54
188 69
188 74
188 76
188 112
188 113
188 124
188 143
188 159
188 163
188 181
188 192
188 388
189 209
189 245
189 263
189 286
189 297
189 309
189 314
189 317
189 354
189 356
189 367
189 0
189 35
189 45
189 49
189 63
189 68
189 86
189 115
189 117
189 118
189 119
189 127
189 128
189 135
189 147
189 181
189 182
189 192
189 389
190 207
190 220
190 260
190 278
190 283
190 284
190 286
190 291
190 293
190 304
190 323
190 347
190 351
190 361
190 367
190 1
190 21
190 31
190 32
190 34
190 53
190 64
190 66
190 82
190 83
190 100
190 106
190 121
190 163
190 169
190 171
190 172
190 198
190 390
191 207
191 222
191 232
191 244
191 251
191 263
191 292
191 323
191 324
191 337
191 349
191 350
191 352
191 355
191 369
191 7
191 8
191 19
191 21
191 52
191 75
191 94
191 104
191 107
191 113
191 130
191 147
191 157
191 159
191 160
191 162
191 163
191 199
191 391
192 215
192 223
192 233
192 241
192 249
192 282
192 285
192 293
192 301
192 303
192 312
192 329
192 332
192 335
192 347
192 352
192 354
192 358
192 366
192 9
192 12
192 45
192 51
192 79
192 82
192 83
192 85
192 86
192 92
192 96
192 99
192 115
192 119
192 120
192 129
192 132
192 142
192 153
192 162
192 188
192 189
192 195
192 392
193 265
193 273
193 287
193 315
193 340
193 353
193 369
193 372
193 387
193 388
193 389
193 399
193 4
193 37
193 38
193 40
193 45
193 69
193 85
193 96
193 105
193 129
193 136
193 138
193 158
193 169
193 172
193 174
193 177
193 178
193 197
193 393
194 207
194 209
194 243
194 254
194 264
194 274
194 290
194 297
194 306
194 313
194 325
194 353
194 356
194 362
194 374
194 8
194 37
194 46
194 47
194 49
194 50
194 63
194 87
194 107
194 124
194 133
194 135
194 145
194 147
194 151
194 174
194 177
194 178
194 196
194 394
195 201
195 227
195 236
195 269
195 274
195 284
195 288
195 299
195 303
195 325
195 367
195 378
195 396
195 5
195 11
195 23
195 29
195 32
195 36
195 47
195 52
195 56
195 69
195 119
195 120
195 184
195 192
195 395
196 238
196 306
196 321
196 325
196 341
196 398
196 12
196 18
196 19
196 25
196 40
196 67
196 68
196 73
196 80
196 117
196 122
196 128
196 131
196 144
196 158
196 173
196 177
196 184
196 194
196 396
197 200
197 227
197 250
197 255
197 258
197 259
197 290
197 292
197 303
197 308
197 310
197 342
197 353
197 376
197 12
197 15
197 18
197 19
197 59
197 86
197 92
197 99
197 116
197 125
197 148
197 149
197 165
197 176
197 193
197 397
198 202
198 205
198 211
198 213
198 243
198 252
198 263
198 277
198 284
198 287
198 307
198 318
198 335
198 341
198 342
198 351
198 4
198 12
198 15
198 19
198 30
198 35
198 36
198 42
198 56
198 67
198 76
198 88
198 94
198 99
198 122
198 131
198 137
198 151
198 172
198 184
198 190
198 398
199 225
199 281
199 319
199 358
199 363
199 393
199 396
199 0
199 13
199 17
199 19
199 27
199 29
199 34
199 36
199 45
199 46
199 58
199 59
199 63
199 79
199 83
199 93
199 97
199 130
199 133
199 142
199 143
199 151
199 176
199 178
199 191
199 399
200 6
200 7
200 27
200 34
200 40
200 64
200 75
200 89
200 91
200 137
200 155
200 173
200 175
200 197
200 0
201 13
201 58
201 89
201 103
201 127
201 133
201 163
201 195
201 1
202 0
202 7
202 19
202 35
202 38
202 39
202 48
202 53
202 83
202 132
202 198
202 2
203 1
203 3
203 31
203 56
203 59
203 70
203 75
203 141
203 153
203 179
204 24
204 26
204 27
204 43
204 71
204 91
204 94
204 96
204 119
204 126
204 144
204 177
204 4
205 30
205 37
205 63
205 66
205 81
205 110
205 113
205 142
205 143
205 149
205 198
205 5
206 75
206 115
206 161
206 6
207 2
207 17
207 23
207 34
207 35
207 42
207 93
207 100
207 117
207 123
207 144
207 149
207 158
207 162
207 174
207 190
207 191
207 194
207 7
208 5
208 11
208 23
208 84
208 85
208 89
208 96
208 115
208 135
208 145
208 158
208 176
208 182
208 8
209 14
209 26
209 45
209 53
209 74
209 121
209 123
209 135
209 144
209 155
209 161
209 189
209 194
209 9
210 10
210 39
210 41
210 48
210 49
210 53
210 62
210 87
210 95
210 100
210 107
210 111
210 127
210 141
210 166
210 177
211 40
211 72
211 73
211 75
211 86
211 98
211 107
211 118
211 144
211 148
211 150
211 156
211 161
211 177
211 198
211 11
212 6
212 22
212 84
212 89
212 96
212 101
212 103
212 116
212 118
212 119
212 121
212 122
212 146
212 151
212 158
212 170
212 171
212 12
213 6
213 8
213 16
213 17
213 19
213 23
213 26
213 29
213 38
213 57
213 71
213 99
213 117
213 123
213 160
213 183
213 198
213 13
214 12
214 26
214 59
214 63
214 80
214 90
214 104
214 110
214 115
214 120
214 152
214 14
215 8
215 34
215 50
215 61
215 80
215 97
215 101
215 139
215 140
215 148
215 163
215 166
215 192
215 15
216 7
216 26
216 35
216 43
216 53
216 68
216 75
216 78
216 159
216 164
216 173
216 182
216 16
217 38
217 42
217 62
217 87
217 93
217 97
217 111
217 133
217 142
217 145
217 146
217 17
218 9
218 17
218 42
218 64
218 81
218 84
218 100
218 103
218 105
218 114
218 130
218 141
218 144
218 154
218 171
218 178
218 184
218 18
219 42
219 54
219 74
219 78
219 93
219 108
219 121
219 128
219 143
219 154
219 187
219 19
220 7
220 24
220 44
220 47
220 49
220 54
220 65
220 80
220 83
220 98
220 104
220 112
220 130
220 173
220 175
220 190
220 20
221 28
221 59
221 86
221 110
221 125
221 143
221 155
221 159
221 160
221 170
221 21
222 56
222 74
222 90
222 96
222 109
222 120
222 123
222 132
222 164
222 169
222 176
222 191
222 22
223 22
223 38
223 64
223 73
223 84
223 91
223 122
223 136
223 150
223 156
223 158
223 168
223 176
223 185
223 186
223 192
223 23
224 0
224 10
224 17
224 25
224 40
224 72
224 76
224 88
224 96
224 126
224 173
224 187
224 24
225 72
225 74
225 83
225 113
225 116
225 126
225 137
225 140
225 153
225 162
225 184
225 199
225 25
226 37
226 65
226 85
226 126
226 128
226 139
226 156
226 164
226 183
226 26
227 87
227 95
227 152
227 153
227 170
227 177
227 186
227 195
227 197
227 27
228 11
228 37
228 47
228 54
228 57
228 60
228 76
228 108
228 122
228 136
228 153
228 162
228 179
228 184
228 28
229 39
229 69
229 94
229 175
229 181
229 184
229 185
229 29
230 30
230 42
230 78
230 89
230 125
230 132
230 133
230 173
230 174
230 178
230 182
230 184
230 188
231 0
231 99
231 114
231 123
231 128
231 129
231 171
231 177
231 178
231 31
232 2
232 19
232 25
232 52
232 92
232 106
232 111
232 113
232 140
232 159
232 164
232 167
232 182
232 191
232 32
233 103
233 159
233 162
233 192
233 33
234 2
234 13
234 22
234 48
234 59
234 64
234 79
234 81
234 34
235 3
235 11
235 24
235 47
235 50
235 102
235 133
235 139
235 154
235 181
235 35
236 27
236 45
236 53
236 73
236 77
236 95
236 105
236 109
236 117
236 128
236 130
236 135
236 147
236 159
236 161
236 163
236 176
236 195
236 36
237 15
237 22
237 28
237 74
237 126
237 155
237 184
237 37
238 1
238 41
238 50
238 72
238 98
238 109
238 122
238 169
238 170
238 196
238 38
239 12
239 38
239 70
239 96
239 110
239 149
239 167
239 172
239 181
239 39
240 16
240 19
240 45
240 55
240 67
240 79
240 99
240 110
240 146
240 164
240 185
240 40
241 3
241 11
241 12
241 19
241 43
241 59
241 98
241 129
241 146
241 151
241 161
241 192
241 41
242 10
242 29
242 31
242 36
242 38
242 57
242 132
242 150
242 42
243 3
243 5
243 29
243 31
243 34
243 35
243 45
243 81
243 96
243 106
243 107
243 148
243 156
243 170
243 194
243 198
243 43
244 38
244 40
244 64
244 70
244 75
244 76
244 89
244 130
244 133
244 162
244 191
244 44
245 5
245 6
245 11
245 12
245 23
245 31
245 33
245 40
245 62
245 64
245 73
245 89
245 140
245 189
245 45
246 39
246 56
246 61
246 74
246 85
246 128
246 168
246 183
246 184
246 46
247 11
247 49
247 67
247 86
247 91
247 106
247 111
247 151
247 170
247 47
248 25
248 40
248 43
248 67
248 79
248 80
248 89
248 159
248 169
248 175
248 187
248 48
249 10
249 38
249 53
249 54
249 68
249 88
249 92
249 94
249 99
249 101
249 135
249 164
249 173
249 184
249 192
249 49
250 39
250 67
250 75
250 86
250 87
250 98
250 125
250 136
250 158
250 171
250 175
250 186
250 197
250 50
251 15
251 16
251 24
251 31
251 35
251 37
251 56
251 61
251 92
251 94
251 95
251 108
251 133
251 161
251 191
251 51
252 3
252 28
252 32
252 63
252 74
252 89
252 105
252 108
252 116
252 157
252 165
252 167
252 174
252 198
252 52
253 22
253 52
253 78
253 82
253 96
253 107
253 114
253 143
253 154
253 167
253 177
253 186
253 53
254 20
254 37
254 41
254 69
254 87
254 98
254 105
254 149
254 173
254 176
254 178
254 179
254 181
254 194
254 54
255 43
255 44
255 48
255 51
255 60
255 69
255 70
255 71
255 81
255 91
255 96
255 101
255 108
255 135
255 139
255 162
255 197
255 55
256 27
256 48
256 62
256 76
256 79
256 111
256 121
256 146
256 150
256 160
256 170
256 183
256 56
257 2
257 39
257 46
257 57
257 97
257 108
257 125
257 127
257 166
257 168
257 171
257 185
258 22
258 25
258 67
258 73
258 76
258 85
258 97
258 106
258 108
258 133
258 148
258 154
258 158
258 165
258 197
258 58
259 0
259 7
259 8
259 11
259 13
259 22
259 24
259 25
259 40
259 68
259 72
259 76
259 101
259 108
259 114
259 126
259 166
259 169
259 186
259 197
259 59
260 24
260 52
260 56
260 59
260 79
260 86
260 91
260 142
260 190
260 60
261 21
261 48
261 60
261 63
261 72
261 116
261 118
261 127
261 133
261 134
261 137
261 167
261 168
261 187
261 61
262 6
262 23
262 28
262 45
262 70
262 85
262 96
262 124
262 133
262 153
262 163
262 62
263 11
263 16
263 24
263 31
263 52
263 55
263 57
263 58
263 92
263 110
263 119
263 130
263 189
263 191
263 198
263 63
264 5
264 6
264 13
264 23
264 26
264 45
264 56
264 62
264 67
264 76
264 86
264 89
264 96
264 107
264 111
264 116
264 121
264 152
264 169
264 174
264 194
264 64
265 2
265 24
265 25
265 35
265 41
265 60
265 76
265 79
265 80
265 87
265 109
265 132
265 135
265 138
265 158
265 173
265 193
265 65
266 11
266 19
266 45
266 57
266 113
266 133
266 136
266 164
266 66
267 3
267 8
267 24
267 29
267 33
267 46
267 59
267 78
267 85
267 125
267 134
267 138
267 142
267 143
267 157
267 170
267 67
268 51
268 107
268 137
268 168
268 179
268 187
268 68
269 9
269 34
269 36
269 42
269 45
269 53
269 64
269 72
269 145
269 154
269 159
269 167
269 172
269 195
269 69
270 25
270 26
270 41
270 64
270 95
270 100
270 70
271 4
271 11
271 21
271 60
271 61
271 63
271 70
271 72
271 75
271 89
271 160
271 187
271 71
272 0
272 8
272 19
272 27
272 48
272 57
272 127
272 134
272 175
272 182
272 72
273 39
273 62
273 72
273 117
273 120
273 125
273 174
273 184
273 193
273 73
274 56
274 57
274 62
274 85
274 108
274 141
274 144
274 171
274 173
274 194
274 195
274 74
275 11
275 37
275 43
275 58
275 75
275 77
275 90
275 91
275 186
275 188
276 19
276 48
276 50
276 62
276 109
276 116
276 117
276 147
276 150
276 169
276 177
276 76
277 11
277 27
277 34
277 44
277 56
277 68
277 78
277 85
277 101
277 112
277 114
277 119
277 168
277 169
277 185
277 198
277 77
278 13
278 18
278 20
278 33
278 35
278 43
278 45
278 52
278 54
278 57
278 70
278 72
278 122
278 166
278 171
278 187
278 190
278 78
279 43
279 69
279 73
279 83
279 90
279 95
279 100
279 127
279 133
279 161
279 163
279 169
279 79
280 24
280 68
280 96
280 101
280 130
280 144
280 147
280 158
280 164
280 168
280 179
280 80
281 5
281 25
281 65
281 100
281 109
281 121
281 138
281 142
281 150
281 153
281 174
281 199
281 81
282 1
282 6
282 43
282 51
282 55
282 74
282 81
282 94
282 107
282 112
282 151
282 152
282 161
282 169
282 192
282 82
283 1
283 9
283 10
283 46
283 62
283 66
283 79
283 96
283 114
283 131
283 137
283 142
283 190
283 83
284 37
284 59
284 64
284 107
284 111
284 113
284 166
284 183
284 190
284 195
284 198
284 84
285 40
285 85
285 88
285 92
285 103
285 105
285 125
285 148
285 165
285 176
285 192
286 8
286 20
286 30
286 38
286 56
286 58
286 68
286 69
286 98
286 105
286 111
286 174
286 181
286 189
286 190
286 86
287 31
287 54
287 61
287 75
287 97
287 99
287 172
287 193
287 198
287 87
288 11
288 18
288 25
288 66
288 84
288 85
288 102
288 147
288 195
288 88
289 16
289 25
289 26
289 60
289 80
289 98
289 146
289 155
289 168
289 173
289 89
290 14
290 16
290 18
290 25
290 39
290 45
290 78
290 89
290 91
290 96
290 137
290 160
290 173
290 177
290 194
290 197
290 90
291 10
291 16
291 32
291 53
291 69
291 79
291 82
291 104
291 118
291 123
291 134
291 135
291 159
291 171
291 173
291 186
291 190
291 91
292 27
292 36
292 42
292 56
292 65
292 68
292 88
292 91
292 120
292 139
292 159
292 162
292 163
292 168
292 180
292 191
292 197
292 92
293 23
293 45
293 46
293 69
293 74
293 101
293 155
293 156
293 176
293 181
293 185
293 186
293 190
293 192
293 93
294 41
294 54
294 58
294 73
294 78
294 89
294 91
294 109
294 112
294 113
294 129
294 149
294 158
294 188
294 94
295 8
295 38
295 86
295 97
295 101
295 104
295 121
295 122
295 123
295 138
295 180
295 182
295 184
295 95
296 26
296 28
296 36
296 56
296 131
296 159
296 167
296 96
297 0
297 13
297 36
297 57
297 114
297 141
297 189
297 194
297 97
298 5
298 8
298 13
298 26
298 33
298 65
298 105
298 117
298 138
298 152
298 162
298 171
298 175
298 188
298 98
299 14
299 27
299 30
299 60
299 85
299 98
299 99
299 135
299 137
299 162
299 175
299 183
299 186
299 195
300 23
300 32
300 37
300 101
300 163
300 100
301 3
301 4
301 10
301 40
301 51
301 54
301 72
301 88
301 104
301 145
301 164
301 192
301 101
302 7
302 10
302 14
302 40
302 58
302 102
302 122
302 126
302 138
303 4
303 27
303 50
303 58
303 96
303 111
303 123
303 173
303 186
303 188
303 192
303 195
303 197
303 103
304 23
304 35
304 43
304 55
304 60
304 69
304 113
304 131
304 132
304 152
304 182
304 190
304 104
305 32
305 60
305 77
305 85
305 100
305 112
305 130
305 133
305 154
305 162
305 183
305 105
306 2
306 43
306 53
306 73
306 75
306 76
306 81
306 83
306 102
306 118
306 133
306 141
306 142
306 161
306 162
306 188
306 194
306 196
306 106
307 63
307 113
307 114
307 125
307 135
307 141
307 147
307 154
307 169
307 172
307 177
307 198
307 107
308 2
308 22
308 25
308 41
308 44
308 50
308 52
308 63
308 65
308 109
308 135
308 177
308 188
308 197
308 108
309 8
309 23
309 43
309 56
309 120
309 124
309 125
309 152
309 155
309 162
309 174
309 189
309 109
310 28
310 35
310 36
310 47
310 56
310 63
310 65
310 75
310 96
310 102
310 149
310 152
310 197
310 110
311 67
311 83
311 92
311 104
311 118
311 125
311 187
311 111
312 1
312 14
312 15
312 30
312 32
312 67
312 86
312 87
312 89
312 93
312 96
312 111
312 126
312 151
312 162
312 166
312 192
312 112
313 42
313 57
313 107
313 143
313 179
313 194
313 113
314 1
314 8
314 28
314 42
314 82
314 83
314 144
314 150
314 164
314 170
314 189
314 114
315 2
315 18
315 20
315 26
315 47
315 61
315 70
315 89
315 108
315 120
315 137
315 158
315 159
315 168
315 175
315 180
315 193
315 115
316 8
316 36
316 44
316 49
316 78
316 121
316 147
316 151
316 159
316 168
316 116
317 4
317 34
317 42
317 51
317 81
317 126
317 138
317 178
317 184
317 189
317 117
318 37
318 49
318 92
318 102
318 103
318 131
318 140
318 179
318 198
318 118
319 13
319 20
319 22
319 24
319 63
319 83
319 97
319 123
319 127
319 161
319 167
319 182
319 199
319 119
320 9
320 10
320 30
320 42
320 46
320 67
320 77
320 83
320 89
320 96
320 99
320 113
320 133
320 134
320 164
320 184
320 186
320 120
321 2
321 14
321 23
321 61
321 74
321 93
321 161
321 164
321 184
321 185
321 196
321 121
322 3
322 9
322 19
322 59
322 80
322 93
322 103
322 119
322 175
322 122
323 0
323 22
323 42
323 73
323 109
323 149
323 153
323 180
323 182
323 186
323 190
323 191
323 123
324 13
324 25
324 39
324 74
324 83
324 120
324 129
324 151
324 169
324 185
324 191
324 124
325 21
325 70
325 82
325 89
325 92
325 107
325 115
325 120
325 139
325 142
325 156
325 163
325 167
325 177
325 194
325 195
325 196
325 125
326 0
326 9
326 17
326 32
326 42
326 47
326 64
326 68
326 75
326 76
326 83
326 103
326 107
326 117
326 129
326 139
326 165
326 174
326 182
326 183
326 126
327 23
327 31
327 39
327 68
327 69
327 70
327 91
327 104
327 106
327 124
327 125
327 155
327 162
327 171
327 127
328 20
328 43
328 60
328 99
328 117
328 128
328 163
328 168
328 170
329 22
329 25
329 40
329 88
329 97
329 98
329 111
329 132
329 171
329 192
329 129
330 40
330 122
330 130
330 162
330 163
330 169
330 179
331 39
331 41
331 46
331 55
331 56
331 59
331 65
331 78
331 80
331 117
331 118
331 128
331 146
331 163
331 183
331 185
331 187
331 131
332 21
332 23
332 26
332 40
332 44
332 46
332 80
332 86
332 87
332 88
332 97
332 169
332 170
332 174
332 192
332 132
333 40
333 102
333 105
333 122
333 143
333 165
333 172
333 133
334 19
334 33
334 64
334 67
334 78
334 104
334 110
334 125
334 128
334 136
334 149
334 159
334 169
334 173
334 134
335 3
335 25
335 50
335 63
335 75
335 90
335 122
335 126
335 128
335 168
335 173
335 188
335 192
335 198
335 135
336 9
336 85
336 96
336 105
336 130
336 140
336 136
337 14
337 29
337 61
337 74
337 81
337 85
337 116
337 117
337 143
337 191
337 137
338 45
338 74
338 102
338 105
338 110
338 117
338 121
338 148
338 154
338 169
338 187
338 138
339 34
339 42
339 57
339 61
339 68
339 91
339 95
339 104
339 115
339 118
339 145
339 147
339 154
339 159
339 139
340 11
340 46
340 50
340 52
340 54
340 81
340 88
340 94
340 99
340 102
340 140
340 166
340 193
341 6
341 7
341 14
341 19
341 46
341 53
341 83
341 94
341 102
341 113
341 121
341 131
341 153
341 160
341 167
341 171
341 196
341 198
341 141
342 10
342 12
342 16
342 33
342 46
342 51
342 63
342 65
342 89
342 108
342 113
342 176
342 181
342 197
342 198
342 142
343 8
343 19
343 36
343 37
343 45
343 66
343 78
343 80
343 111
343 169
343 172
343 179
343 188
343 143
344 12
344 18
344 24
344 68
344 72
344 90
344 106
344 135
344 155
344 157
344 160
344 173
344 144
345 1
345 6
345 8
345 44
345 55
345 60
345 61
345 160
345 171
345 188
345 145
346 1
346 2
346 6
346 13
346 43
346 50
346 59
346 72
346 82
346 120
346 162
346 146
347 10
347 12
347 83
347 113
347 120
347 126
347 138
347 139
347 169
347 182
347 190
347 192
347 147
348 19
348 70
348 95
348 104
348 129
348 151
348 157
348 148
349 41
349 42
349 43
349 76
349 143
349 166
349 187
349 191
349 149
350 1
350 30
350 41
350 52
350 79
350 98
350 108
350 119
350 171
350 191
350 150
351 5
351 42
351 46
351 107
351 128
351 147
351 149
351 155
351 174
351 190
351 198
351 151
352 19
352 29
352 40
352 69
352 102
352 104
352 107
352 119
352 132
352 157
352 159
352 163
352 191
352 192
352 152
353 14
353 23
353 76
353 86
353 95
353 105
353 119
353 135
353 162
353 165
353 193
353 194
353 197
353 153
354 11
354 15
354 25
354 37
354 46
354 49
354 53
354 60
354 68
354 103
354 109
354 122
354 126
354 149
354 185
354 189
354 192
354 154
355 48
355 59
355 72
355 97
355 113
355 142
355 148
355 164
355 180
355 191
355 155
356 31
356 57
356 121
356 139
356 165
356 173
356 186
356 189
356 194
356 156
357 5
357 57
357 60
357 103
357 106
357 163
357 168
357 157
358 12
358 33
358 63
358 74
358 83
358 88
358 90
358 101
358 102
358 158
358 161
358 174
358 192
358 199
359 14
359 31
359 36
359 44
359 50
359 54
359 64
359 66
359 82
359 84
359 90
359 136
359 172
359 177
359 159
360 1
360 12
360 21
360 68
360 86
360 91
360 101
360 148
360 160
361 11
361 56
361 59
361 67
361 81
361 83
361 100
361 102
361 134
361 185
361 190
361 161
362 2
362 3
362 22
362 81
362 109
362 118
362 129
362 137
362 146
362 155
362 185
362 194
362 162
363 16
363 21
363 38
363 58
363 61
363 75
363 103
363 105
363 113
363 132
363 139
363 147
363 157
363 164
363 199
363 163
364 13
364 35
364 36
364 41
364 43
364 54
364 101
364 102
364 118
364 155
364 156
364 179
364 180
364 182
364 164
365 0
365 14
365 81
365 87
365 111
365 133
365 139
365 141
365 143
365 165
365 183
365 185
366 75
366 83
366 95
366 111
366 139
366 159
366 192
366 166
367 54
367 57
367 77
367 89
367 118
367 138
367 159
367 169
367 176
367 181
367 189
367 190
367 195
367 167
368 5
368 20
368 26
368 41
368 44
368 81
368 104
368 131
368 137
368 168
369 18
369 19
369 51
369 89
369 129
369 158
369 188
369 191
369 193
369 169
370 49
370 57
370 62
370 63
370 70
370 91
370 95
370 111
370 120
370 132
370 144
370 159
370 170
371 9
371 12
371 29
371 30
371 36
371 45
371 93
371 110
371 111
371 120
371 144
371 145
371 154
371 176
371 171
372 19
372 22
372 24
372 34
372 40
372 67
372 74
372 86
372 110
372 114
372 125
372 159
372 163
372 188
372 193
372 172
373 2
373 13
373 19
373 43
373 64
373 77
373 84
373 103
373 113
373 124
373 144
373 158
373 178
373 182
373 173
374 36
374 45
374 61
374 70
374 120
374 144
374 194
374 174
375 4
375 14
375 24
375 33
375 65
375 67
375 84
375 96
375 101
375 133
375 134
375 145
375 149
375 152
375 158
375 173
375 175
376 29
376 62
376 63
376 86
376 129
376 144
376 156
376 162
376 177
376 184
376 197
376 176
377 8
377 13
377 30
377 35
377 42
377 53
377 55
377 60
377 64
377 73
377 75
377 129
377 146
377 177
378 50
378 61
378 75
378 80
378 129
378 179
378 183
378 188
378 195
378 178
379 12
379 26
379 52
379 58
379 83
379 97
379 101
379 111
379 141
379 161
379 185
379 186
379 179
380 7
380 17
380 38
380 42
380 61
380 62
380 85
380 89
380 96
380 107
380 125
380 140
380 145
380 161
380 170
380 180
381 4
381 9
381 19
381 32
381 33
381 70
381 84
381 130
381 146
381 150
381 169
381 173
381 181
382 13
382 29
382 33
382 36
382 40
382 44
382 58
382 89
382 106
382 132
382 157
382 182
383 10
383 42
383 44
383 57
383 66
383 68
383 81
383 156
383 162
383 177
383 183
384 13
384 25
384 34
384 36
384 54
384 102
384 123
384 145
384 156
384 171
384 179
384 185
384 184
385 6
385 9
385 25
385 45
385 90
385 92
385 98
385 100
385 122
385 133
385 143
385 176
385 186
385 185
386 5
386 6
386 7
386 68
386 69
386 82
386 93
386 115
386 117
386 150
386 186
387 15
387 29
387 40
387 52
387 60
387 64
387 72
387 76
387 103
387 158
387 159
387 193
387 187
388 18
388 49
388 80
388 88
388 90
388 124
388 134
388 155
388 157
388 169
388 193
388 188
389 13
389 19
389 33
389 40
389 57
389 108
389 121
389 127
389 131
389 144
389 147
389 182
389 193
389 189
390 15
390 16
390 64
390 71
390 78
390 117
390 123
390 141
390 144
390 151
390 163
390 173
390 179
390 190
391 13
391 14
391 22
391 52
391 56
391 62
391 101
391 109
391 116
391 117
391 149
391 162
391 177
391 191
392 50
392 75
392 106
392 129
392 131
392 135
392 138
392 153
392 176
392 192
393 43
393 88
393 139
393 149
393 152
393 170
393 186
393 199
393 193
394 19
394 28
394 37
394 59
394 61
394 64
394 65
394 73
394 89
394 100
394 104
394 108
394 126
394 132
394 133
394 153
394 170
394 178
394 194
395 36
395 58
395 70
395 84
395 103
395 117
395 143
395 150
395 195
396 15
396 19
396 22
396 44
396 52
396 86
396 90
396 116
396 118
396 119
396 122
396 128
396 147
396 154
396 156
396 157
396 195
396 199
396 196
397 8
397 23
397 27
397 36
397 39
397 59
397 69
397 124
397 128
397 152
397 183
397 184
397 188
397 197
398 0
398 1
398 18
398 24
398 43
398 48
398 52
398 69
398 72
398 77
398 97
398 137
398 146
398 196
398 198
399 8
399 23
399 42
399 51
399 79
399 81
399 104
399 110
399 166
399 168
399 183
399 193
399 199
