  200   1281
0 117
0 132
0 172
0 177
0 187
0 192
0 199
0 5
0 19
0 22
0 41
0 44
0 53
0 54
0 55
0 82
0 89
0 100
1 100
1 125
1 133
1 134
1 143
1 155
1 173
1 179
1 180
1 190
1 8
1 47
1 57
1 66
1 77
1 101
2 109
2 184
2 3
2 5
2 9
2 10
2 27
2 34
2 45
2 66
2 75
2 87
2 93
2 102
3 101
3 121
3 132
3 156
3 159
3 185
3 195
3 196
3 2
3 9
3 55
3 60
3 72
3 77
3 80
3 103
4 113
4 126
4 143
4 151
4 152
4 154
4 163
4 167
4 179
4 182
4 22
4 24
4 30
4 36
4 62
4 68
4 76
4 83
4 98
4 104
5 146
5 156
5 169
5 181
5 185
5 0
5 2
5 13
5 24
5 25
5 51
5 64
5 72
5 76
5 105
6 102
6 136
6 168
6 189
6 32
6 37
6 45
6 73
6 74
6 80
6 89
6 106
7 113
7 123
7 138
7 139
7 157
7 19
7 27
7 30
7 64
7 65
7 70
7 74
7 90
7 107
8 118
8 123
8 127
8 132
8 141
8 142
8 160
8 174
8 175
8 180
8 194
8 1
8 43
8 60
8 95
8 98
8 108
9 110
9 113
9 121
9 173
9 180
9 2
9 3
9 10
9 14
9 18
9 37
9 49
9 53
9 74
9 77
9 87
9 91
9 109
10 100
10 101
10 104
10 105
10 111
10 129
10 153
10 160
10 170
10 2
10 9
10 30
10 33
10 43
10 44
10 57
10 58
10 61
10 72
10 77
10 89
10 110
11 103
11 153
11 160
11 174
11 196
11 25
11 35
11 55
11 63
11 71
11 82
11 84
11 111
12 106
12 118
12 119
12 123
12 138
12 147
12 150
12 154
12 181
12 37
12 50
12 80
12 91
12 112
13 129
13 138
13 144
13 146
13 148
13 157
13 158
13 163
13 164
13 166
13 168
13 174
13 176
13 177
13 182
13 5
13 27
13 49
13 58
13 88
13 99
13 113
14 111
14 120
14 121
14 130
14 136
14 138
14 157
14 158
14 163
14 165
14 189
14 190
14 197
14 9
14 21
14 55
14 88
14 114
15 101
15 149
15 156
15 164
15 165
15 172
15 173
15 187
15 199
15 26
15 69
15 75
15 89
15 115
16 103
16 108
16 114
16 127
16 128
16 130
16 131
16 144
16 146
16 153
16 163
16 175
16 178
16 183
16 197
16 74
16 87
16 116
17 112
17 120
17 126
17 129
17 154
17 157
17 186
17 187
17 188
17 193
17 198
17 51
17 84
17 87
17 117
18 109
18 112
18 119
18 133
18 153
18 171
18 198
18 9
18 19
18 45
18 62
18 118
19 109
19 111
19 147
19 165
19 169
19 184
19 194
19 0
19 7
19 18
19 24
19 30
19 42
19 51
19 55
19 68
19 81
19 95
19 97
19 119
20 104
20 107
20 123
20 132
20 134
20 136
20 164
20 174
20 182
20 37
20 62
20 83
20 120
21 109
21 117
21 131
21 139
21 150
21 159
21 166
21 168
21 183
21 14
21 25
21 55
21 91
21 93
21 95
21 121
22 101
22 111
22 114
22 120
22 123
22 125
22 127
22 140
22 156
22 162
22 196
22 0
22 4
22 37
22 57
22 66
22 73
22 83
22 122
23 107
23 135
23 170
23 195
23 199
23 30
23 38
23 78
23 97
23 123
24 104
24 143
24 152
24 160
24 164
24 169
24 175
24 183
24 190
24 4
24 5
24 19
24 124
25 106
25 113
25 118
25 119
25 133
25 155
25 172
25 175
25 177
25 5
25 11
25 21
25 35
25 43
25 56
25 69
25 86
25 125
26 101
26 118
26 123
26 144
26 146
26 148
26 149
26 170
26 172
26 175
26 188
26 15
26 79
26 81
26 86
26 89
26 91
26 97
26 126
27 100
27 103
27 122
27 123
27 144
27 150
27 155
27 160
27 167
27 180
27 190
27 2
27 7
27 13
27 34
27 48
27 81
27 96
27 97
27 127
28 108
28 109
28 111
28 120
28 150
28 154
28 166
28 171
28 37
28 39
28 47
28 128
29 112
29 120
29 134
29 153
29 167
29 184
29 192
29 39
29 46
29 52
29 57
29 87
29 129
30 105
30 109
30 112
30 115
30 125
30 128
30 140
30 164
30 191
30 197
30 4
30 7
30 10
30 19
30 23
30 130
31 103
31 137
31 171
31 34
31 42
31 70
31 90
31 131
32 112
32 117
32 125
32 134
32 141
32 167
32 168
32 180
32 183
32 191
32 192
32 6
32 39
32 60
32 84
32 89
32 132
33 105
33 139
33 149
33 150
33 181
33 10
33 40
33 86
33 133
34 102
34 104
34 107
34 124
34 146
34 148
34 149
34 150
34 165
34 172
34 179
34 187
34 189
34 196
34 197
34 199
34 2
34 27
34 31
34 60
34 89
34 95
34 96
34 134
35 101
35 126
35 131
35 153
35 169
35 182
35 188
35 198
35 11
35 25
35 40
35 85
35 88
35 135
36 108
36 110
36 133
36 142
36 147
36 163
36 165
36 169
36 172
36 180
36 182
36 186
36 197
36 4
36 71
36 89
36 92
36 136
37 109
37 111
37 116
37 136
37 137
37 151
37 157
37 158
37 174
37 177
37 189
37 191
37 199
37 6
37 9
37 12
37 20
37 22
37 28
37 55
37 80
38 127
38 148
38 166
38 189
38 23
38 57
38 86
38 93
38 97
38 138
39 110
39 120
39 126
39 129
39 138
39 153
39 196
39 197
39 28
39 29
39 32
39 52
39 53
39 60
39 96
39 139
40 108
40 115
40 116
40 119
40 125
40 128
40 131
40 137
40 143
40 154
40 186
40 33
40 35
40 46
40 66
40 93
40 97
40 140
41 109
41 117
41 122
41 141
41 147
41 150
41 153
41 159
41 163
41 164
41 167
41 182
41 185
41 191
41 194
41 197
41 199
41 0
41 49
41 51
41 55
41 75
41 82
41 85
41 87
41 91
41 95
41 96
42 112
42 124
42 125
42 146
42 177
42 189
42 192
42 19
42 31
42 48
42 62
42 65
42 77
42 98
42 142
43 106
43 118
43 122
43 139
43 153
43 173
43 174
43 178
43 179
43 8
43 10
43 25
43 51
43 61
43 65
43 67
43 97
43 143
44 126
44 129
44 134
44 140
44 151
44 153
44 159
44 175
44 190
44 193
44 0
44 10
44 62
44 77
44 144
45 115
45 116
45 121
45 137
45 139
45 141
45 159
45 160
45 167
45 170
45 177
45 181
45 191
45 193
45 195
45 2
45 6
45 18
45 57
45 78
45 81
45 145
46 132
46 138
46 139
46 150
46 171
46 175
46 198
46 29
46 40
46 79
46 91
46 146
47 109
47 116
47 122
47 125
47 129
47 170
47 186
47 195
47 1
47 28
47 53
47 54
47 61
47 96
47 147
48 115
48 124
48 126
48 127
48 138
48 187
48 27
48 42
48 67
48 78
48 148
49 105
49 108
49 116
49 126
49 140
49 141
49 155
49 178
49 9
49 13
49 41
49 51
49 72
49 86
49 149
50 108
50 115
50 117
50 118
50 123
50 130
50 132
50 145
50 157
50 177
50 178
50 12
50 58
50 60
50 66
50 78
50 150
51 100
51 111
51 134
51 141
51 148
51 150
51 155
51 164
51 167
51 171
51 181
51 184
51 195
51 198
51 5
51 17
51 19
51 41
51 43
51 49
51 64
51 84
51 151
52 130
52 147
52 148
52 158
52 161
52 162
52 172
52 179
52 197
52 29
52 39
52 63
52 68
52 76
52 81
52 152
53 111
53 118
53 134
53 135
53 141
53 147
53 154
53 155
53 0
53 9
53 39
53 47
53 98
53 153
54 101
54 115
54 132
54 168
54 180
54 181
54 187
54 190
54 0
54 47
54 58
54 63
54 69
54 83
54 85
54 154
55 105
55 113
55 120
55 123
55 161
55 0
55 3
55 11
55 14
55 19
55 21
55 37
55 41
55 67
55 74
55 79
55 155
56 105
56 129
56 166
56 172
56 178
56 187
56 197
56 25
56 95
56 98
56 156
57 102
57 119
57 131
57 142
57 164
57 191
57 1
57 10
57 22
57 29
57 38
57 45
57 74
57 89
57 157
58 102
58 107
58 111
58 112
58 119
58 127
58 160
58 161
58 181
58 190
58 191
58 194
58 10
58 13
58 50
58 54
58 60
58 158
59 150
59 153
59 174
59 192
59 193
59 99
59 159
60 107
60 121
60 142
60 152
60 156
60 173
60 187
60 190
60 197
60 3
60 8
60 32
60 34
60 39
60 50
60 58
60 160
61 127
61 132
61 133
61 146
61 150
61 194
61 195
61 196
61 10
61 43
61 47
61 81
61 83
61 86
61 161
62 117
62 133
62 170
62 196
62 4
62 18
62 20
62 42
62 44
62 71
62 99
62 162
63 102
63 121
63 145
63 161
63 186
63 187
63 188
63 11
63 52
63 54
63 163
64 108
64 110
64 132
64 137
64 138
64 149
64 159
64 167
64 171
64 187
64 197
64 5
64 7
64 51
64 65
64 69
64 71
64 83
64 98
64 164
65 147
65 174
65 183
65 191
65 195
65 7
65 42
65 43
65 64
65 68
65 78
65 79
65 92
65 95
65 165
66 127
66 132
66 141
66 147
66 155
66 158
66 161
66 165
66 171
66 176
66 178
66 1
66 2
66 22
66 40
66 50
66 73
66 76
66 79
66 84
66 96
66 97
66 166
67 101
67 115
67 118
67 127
67 136
67 142
67 147
67 152
67 153
67 160
67 187
67 193
67 43
67 48
67 55
67 81
67 83
67 167
68 127
68 149
68 159
68 183
68 192
68 4
68 19
68 52
68 65
68 72
68 168
69 116
69 118
69 124
69 140
69 145
69 153
69 158
69 160
69 165
69 15
69 25
69 54
69 64
69 85
69 99
69 169
70 134
70 136
70 140
70 176
70 180
70 181
70 194
70 195
70 7
70 31
70 170
71 103
71 109
71 118
71 128
71 141
71 158
71 169
71 172
71 176
71 197
71 199
71 11
71 36
71 62
71 64
71 76
71 78
71 98
71 171
72 100
72 124
72 139
72 152
72 153
72 161
72 169
72 182
72 188
72 3
72 5
72 10
72 49
72 68
72 172
73 102
73 113
73 123
73 131
73 142
73 151
73 153
73 162
73 166
73 194
73 6
73 22
73 66
73 76
73 77
73 173
74 107
74 113
74 135
74 138
74 156
74 162
74 165
74 172
74 179
74 186
74 187
74 195
74 6
74 7
74 9
74 16
74 55
74 57
74 80
74 83
74 84
74 174
75 104
75 108
75 117
75 124
75 129
75 134
75 143
75 170
75 178
75 185
75 190
75 2
75 15
75 41
75 90
75 96
75 98
75 175
76 106
76 118
76 120
76 127
76 139
76 162
76 164
76 170
76 174
76 178
76 193
76 4
76 5
76 52
76 66
76 71
76 73
76 80
76 81
76 176
77 113
77 165
77 182
77 185
77 192
77 1
77 3
77 9
77 10
77 42
77 44
77 73
77 87
77 90
77 177
78 107
78 125
78 160
78 162
78 166
78 23
78 45
78 48
78 50
78 65
78 71
78 178
79 107
79 119
79 142
79 147
79 163
79 173
79 176
79 179
79 190
79 26
79 46
79 55
79 65
79 66
79 85
80 102
80 112
80 130
80 139
80 152
80 160
80 179
80 194
80 199
80 3
80 6
80 12
80 37
80 74
80 76
80 85
80 98
80 180
81 119
81 128
81 132
81 149
81 150
81 163
81 166
81 167
81 171
81 192
81 19
81 26
81 27
81 45
81 52
81 61
81 67
81 76
81 85
81 99
81 181
82 111
82 117
82 119
82 130
82 154
82 190
82 198
82 199
82 0
82 11
82 41
82 84
82 96
82 182
83 103
83 116
83 136
83 138
83 161
83 163
83 171
83 176
83 188
83 4
83 20
83 22
83 54
83 61
83 64
83 67
83 74
83 96
83 97
83 183
84 115
84 118
84 120
84 127
84 150
84 152
84 164
84 184
84 192
84 11
84 17
84 32
84 51
84 66
84 74
84 82
84 85
84 91
85 110
85 112
85 127
85 182
85 188
85 35
85 41
85 54
85 69
85 79
85 80
85 81
85 84
85 95
85 185
86 119
86 127
86 161
86 169
86 184
86 190
86 196
86 197
86 25
86 26
86 33
86 38
86 49
86 61
86 186
87 100
87 128
87 131
87 132
87 137
87 149
87 153
87 156
87 174
87 178
87 189
87 190
87 2
87 9
87 16
87 17
87 29
87 41
87 77
87 187
88 106
88 151
88 166
88 169
88 179
88 186
88 13
88 14
88 35
88 89
88 188
89 123
89 142
89 156
89 174
89 183
89 195
89 0
89 6
89 10
89 15
89 26
89 32
89 34
89 36
89 57
89 88
89 189
90 118
90 137
90 146
90 162
90 180
90 193
90 7
90 31
90 75
90 77
90 96
90 190
91 104
91 138
91 157
91 169
91 179
91 9
91 12
91 21
91 26
91 41
91 46
91 84
91 95
91 191
92 119
92 122
92 126
92 137
92 149
92 172
92 177
92 179
92 185
92 196
92 36
92 65
92 192
93 103
93 110
93 124
93 126
93 133
93 158
93 162
93 182
93 188
93 2
93 21
93 38
93 40
93 193
94 110
94 117
94 119
94 123
94 124
94 135
94 156
94 165
94 175
94 195
94 97
94 194
95 119
95 149
95 153
95 156
95 157
95 178
95 186
95 187
95 188
95 8
95 19
95 21
95 34
95 41
95 56
95 65
95 85
95 91
95 195
96 119
96 125
96 138
96 27
96 34
96 39
96 41
96 47
96 66
96 75
96 82
96 83
96 90
96 196
97 115
97 128
97 134
97 150
97 154
97 162
97 167
97 169
97 179
97 193
97 197
97 19
97 23
97 26
97 27
97 38
97 40
97 43
97 66
97 83
97 94
98 100
98 108
98 115
98 147
98 149
98 177
98 180
98 194
98 4
98 8
98 42
98 53
98 56
98 64
98 71
98 75
98 80
98 99
98 198
99 121
99 122
99 128
99 136
99 156
99 159
99 169
99 175
99 182
99 184
99 13
99 59
99 62
99 69
99 81
99 98
99 199
100 1
100 10
100 27
100 51
100 72
100 87
100 98
100 0
101 3
101 10
101 15
101 22
101 26
101 35
101 54
101 67
101 1
102 6
102 34
102 57
102 58
102 63
102 73
102 80
102 2
103 11
103 16
103 27
103 31
103 71
103 83
103 93
103 3
104 10
104 20
104 24
104 34
104 75
104 91
104 4
105 10
105 30
105 33
105 49
105 55
105 56
105 5
106 12
106 25
106 43
106 76
106 88
106 6
107 20
107 23
107 34
107 58
107 60
107 74
107 78
107 79
107 7
108 16
108 28
108 36
108 40
108 49
108 50
108 64
108 75
108 98
108 8
109 2
109 18
109 19
109 21
109 28
109 30
109 37
109 41
109 47
109 71
109 9
110 9
110 36
110 39
110 64
110 85
110 93
110 94
110 10
111 10
111 14
111 19
111 22
111 28
111 37
111 51
111 53
111 58
111 82
111 11
112 17
112 18
112 29
112 30
112 32
112 42
112 58
112 80
112 85
112 12
113 4
113 7
113 9
113 25
113 55
113 73
113 74
113 77
113 13
114 16
114 22
114 14
115 30
115 40
115 45
115 48
115 50
115 54
115 67
115 84
115 97
115 98
115 15
116 37
116 40
116 45
116 47
116 49
116 69
116 83
116 16
117 0
117 21
117 32
117 41
117 50
117 62
117 75
117 82
117 94
117 17
118 8
118 12
118 25
118 26
118 43
118 50
118 53
118 67
118 69
118 71
118 76
118 84
118 90
118 18
119 12
119 18
119 25
119 40
119 57
119 58
119 79
119 81
119 82
119 86
119 92
119 94
119 95
119 96
119 19
120 14
120 17
120 22
120 28
120 29
120 39
120 55
120 76
120 84
120 20
121 3
121 9
121 14
121 45
121 60
121 63
121 99
121 21
122 27
122 41
122 43
122 47
122 92
122 99
122 22
123 7
123 8
123 12
123 20
123 22
123 26
123 27
123 50
123 55
123 73
123 89
123 94
123 23
124 34
124 42
124 48
124 69
124 72
124 75
124 93
124 94
124 24
125 1
125 22
125 30
125 32
125 40
125 42
125 47
125 78
125 96
125 25
126 4
126 17
126 35
126 39
126 44
126 48
126 49
126 92
126 93
126 26
127 8
127 16
127 22
127 38
127 48
127 58
127 61
127 66
127 67
127 68
127 76
127 84
127 85
127 86
127 27
128 16
128 30
128 40
128 71
128 81
128 87
128 97
128 99
128 28
129 10
129 13
129 17
129 39
129 44
129 47
129 56
129 75
129 29
130 14
130 16
130 50
130 52
130 80
130 82
130 30
131 16
131 21
131 35
131 40
131 57
131 73
131 87
131 31
132 0
132 3
132 8
132 20
132 46
132 50
132 54
132 61
132 64
132 66
132 81
132 87
132 32
133 1
133 18
133 25
133 36
133 61
133 62
133 93
133 33
134 1
134 20
134 29
134 32
134 44
134 51
134 53
134 70
134 75
134 97
134 34
135 23
135 53
135 74
135 94
135 35
136 6
136 14
136 20
136 37
136 67
136 70
136 83
136 99
136 36
137 31
137 37
137 40
137 45
137 64
137 87
137 90
137 92
138 7
138 12
138 13
138 14
138 39
138 46
138 48
138 64
138 74
138 83
138 91
138 96
138 38
139 7
139 21
139 33
139 43
139 45
139 46
139 72
139 76
139 80
139 39
140 22
140 30
140 44
140 49
140 69
140 70
140 40
141 8
141 32
141 41
141 45
141 49
141 51
141 53
141 66
141 71
142 8
142 36
142 57
142 60
142 67
142 73
142 79
142 89
142 42
143 1
143 4
143 24
143 40
143 75
143 43
144 13
144 16
144 26
144 27
144 44
145 50
145 63
145 69
145 45
146 5
146 13
146 16
146 26
146 34
146 42
146 61
146 90
146 46
147 12
147 19
147 36
147 41
147 52
147 53
147 65
147 66
147 67
147 79
147 98
147 47
148 13
148 26
148 34
148 38
148 51
148 52
148 48
149 15
149 26
149 33
149 34
149 64
149 68
149 81
149 87
149 92
149 95
149 98
149 49
150 12
150 21
150 27
150 28
150 33
150 34
150 41
150 46
150 51
150 59
150 61
150 81
150 84
150 97
150 50
151 4
151 37
151 44
151 73
151 88
151 51
152 4
152 24
152 60
152 67
152 72
152 80
152 84
152 52
153 10
153 11
153 16
153 18
153 29
153 35
153 39
153 41
153 43
153 44
153 59
153 67
153 69
153 72
153 73
153 87
153 95
153 53
154 4
154 12
154 17
154 28
154 40
154 53
154 82
154 97
154 54
155 1
155 25
155 27
155 49
155 51
155 53
155 66
155 55
156 3
156 5
156 15
156 22
156 60
156 74
156 87
156 89
156 94
156 95
156 99
156 56
157 7
157 13
157 14
157 17
157 37
157 50
157 91
157 95
157 57
158 13
158 14
158 37
158 52
158 66
158 69
158 71
158 93
158 58
159 3
159 21
159 41
159 44
159 45
159 64
159 68
159 99
159 59
160 8
160 10
160 11
160 24
160 27
160 45
160 58
160 67
160 69
160 78
160 80
160 60
161 52
161 55
161 58
161 63
161 66
161 72
161 83
161 86
161 61
162 22
162 52
162 73
162 74
162 76
162 78
162 90
162 93
162 97
162 62
163 4
163 13
163 14
163 16
163 36
163 41
163 79
163 81
163 83
163 63
164 13
164 15
164 20
164 24
164 30
164 41
164 51
164 57
164 76
164 84
164 64
165 14
165 15
165 19
165 34
165 36
165 66
165 69
165 74
165 77
165 94
165 65
166 13
166 21
166 28
166 38
166 56
166 73
166 78
166 81
166 88
166 66
167 4
167 27
167 29
167 32
167 41
167 45
167 51
167 64
167 81
167 97
167 67
168 6
168 13
168 21
168 32
168 54
168 68
169 5
169 19
169 24
169 35
169 36
169 71
169 72
169 86
169 88
169 91
169 97
169 99
169 69
170 10
170 23
170 26
170 45
170 47
170 62
170 75
170 76
170 70
171 18
171 28
171 31
171 46
171 51
171 64
171 66
171 81
171 83
171 71
172 0
172 15
172 25
172 26
172 34
172 36
172 52
172 56
172 71
172 74
172 92
172 72
173 1
173 9
173 15
173 43
173 60
173 79
173 73
174 8
174 11
174 13
174 20
174 37
174 43
174 59
174 65
174 76
174 87
174 89
174 74
175 8
175 16
175 24
175 25
175 26
175 44
175 46
175 94
175 99
175 75
176 13
176 66
176 70
176 71
176 79
176 83
176 76
177 0
177 13
177 25
177 37
177 42
177 45
177 50
177 92
177 98
177 77
178 16
178 43
178 49
178 50
178 56
178 66
178 75
178 76
178 87
178 95
178 78
179 1
179 4
179 34
179 43
179 52
179 74
179 79
179 80
179 88
179 91
179 92
179 97
180 1
180 8
180 9
180 27
180 32
180 36
180 54
180 70
180 90
180 98
180 80
181 5
181 12
181 33
181 45
181 51
181 54
181 58
181 70
181 81
182 4
182 13
182 20
182 35
182 36
182 41
182 72
182 77
182 85
182 93
182 99
182 82
183 16
183 21
183 24
183 32
183 65
183 68
183 89
183 83
184 2
184 19
184 29
184 51
184 84
184 86
184 99
185 3
185 5
185 41
185 75
185 77
185 92
185 85
186 17
186 36
186 40
186 47
186 63
186 74
186 88
186 95
186 86
187 0
187 15
187 17
187 34
187 48
187 54
187 56
187 60
187 63
187 64
187 67
187 74
187 95
187 87
188 17
188 26
188 35
188 63
188 72
188 83
188 85
188 93
188 95
188 88
189 6
189 14
189 34
189 37
189 38
189 42
189 87
189 89
190 1
190 14
190 24
190 27
190 44
190 54
190 58
190 60
190 75
190 79
190 82
190 86
190 87
190 90
191 30
191 32
191 37
191 41
191 45
191 57
191 58
191 65
191 91
192 0
192 29
192 32
192 42
192 59
192 68
192 77
192 81
192 84
192 92
193 17
193 44
193 45
193 59
193 67
193 76
193 90
193 97
193 93
194 8
194 19
194 41
194 58
194 61
194 70
194 73
194 80
194 98
194 94
195 3
195 23
195 45
195 47
195 51
195 61
195 65
195 70
195 74
195 89
195 94
195 95
196 3
196 11
196 22
196 34
196 39
196 61
196 62
196 86
196 92
196 96
197 14
197 16
197 30
197 34
197 36
197 39
197 41
197 52
197 56
197 60
197 64
197 71
197 86
197 97
198 17
198 18
198 35
198 46
198 51
198 82
198 98
199 0
199 15
199 23
199 34
199 37
199 41
199 71
199 80
199 82
199 99
